1
3
1
15
8
1
6
1
5
2
1
4
1
3
3
64
1
14
2
8
1
1
7
5
69
138
3
2
2
8
3
1
2
2
1
1
1
1
1
2
2
4
5
2
10
1
1
3
3
2
2
1
2
1
3
2
1
162
2
1
3
1
43
1
6
1
7
14
1
699
1
2
2
1
248
2
2
3
2
1
4
1
9
1
1
38
7
6
1
4
1
4
2
20
85
2
1
1
56
1
2
1
2
1
3
9
1
3
28
1
5
1
1
3
2
4
1
3
1987
1
4
1
18
4
22
4
3
1
20
2
8
19
2
9
1
15
745
2
7
1
6
207
191
1
27
1
1
3
1
1
2
10
1
3
7
1
3
2
175
27
4
167
1
1
5
2
2
2
1
62
3
2
2
1
60
2
4
1
17
2
6
10
62
2
3
1
1
1
14
1
4
3
1
12
1
4
15
1
1
1
4
3
2
3
2
1
1
176
41
2
2
43
25
1
11
2
3
2
1
1
14
2
7
1
2
3
1
1
1
7
2
1
13
440
6
2
3
34
4
1
115
1
1
10
3
5
2
1
8
1
67
4
17
24
255
31
4
1
1
1
2
114
145
42
22
307
1
1
2
4
5
1
1
5
2
1
1
4
254
1
32
1
1
30
1
32
10
16
3
1825
2
1
1
1
1
2
11
6
6
3
15
1
1
114
1
2
1
2
2
3
1
209
1
1
4
1
1
1
1
1
2
1
1
5
3
4
1
4
1
3
1
1763
32
3
1
3
1
2
1
1
2
1
44
2
1
14
38
971
10
7
4
1
21
1
7
1
3
1
2
1415
1
7
4
1
11
114
1
1
2
1
1
1
5
3
1
1
262
1
24
9
2
4
11
7
1
4
1
2
3
27
8
1
1
3
210
63
2
54
1
3
1
31
4
1
1
2
1
19
1
1
7
4
2467
1
1
22
1
4
78
7
34
23
3
177
1
1
1
18
1
1
1
4
2
3
1
1
1
1
1
37
1
22
20
1
1
1590
334
12
1
2
3
1
1
70
15
4
1
7
2
1
3
3
1836
1
1
1
514
1
2
32
1
3
1
2
36
2
1
1
7
2
1
2
1
3
7
2
7
1
1
1
1
1
2
1049
241
542
2
6
2
26
2
2
3
28
3
1
23
1188
7
5
1
16
2
4
215
1
40
4
5
1
13
1
1
51
1
1
11
3
6
3
4
1
1
43
1
3
49
1
1
3
9
8
1
5
1
3
1
1
96
10
1
41
4
1
56
6
3
1
1
2
1
24
1
4
1
8
238
2
2
2
1
9
6
2
1
71
1
1
27
308
2
11
1
5
73
103
15
1341
1
17
19
7
1
1
2
2
2
25
2
2
11
7
1
1
23
4
1
1
522
3
36
7
14
1
2
17
1
27
45
1
7
2
36
1
1
2
1
2
1
2
53
1
6
1
1
22
2
1475
9
1
61
1
1
9
6
2
5
246
9
5
3
1
1
3
1
15
1
1
23
2
7
2
2
1
1
1
14
9
7
12
29
45
1
1
1
1
1
2
16
1
49
21
2
2
9
1
3
1
1
1
4
1
5
1
1
1
1
1
2
2
1
1
7
992
1
22
4
1
136
6
1
1
1
3
3
1226
14
2
4
1
1510
3
2
1
2
807
1
1
3
4
7
4
1
5
1
1
2
1
33
11
1
2
4
190
3
1
1
2
3
4
38
58
1
1
1
1
2
2
5
2
1
6
4
2
1
13
2
1
2
6
7
3
8
1
5
6
8
5
2
35
29
1
1
8
1
2
3
4
1
1
1
4
2
2
2
31
1
2
2
2
3
6
1
6
3
1
3
1
1
2
1
5
120
411
1
12
372
28
3
1
1
34
3
1
8
2
41
51
23
17
2
1
1147
8
1
10
2
1
1
4
14
212
1
2
5
13
9
3
4
14
8
31
1
247
1
4
6
5
4
92
92
1
92
7
8
1
19
2
1
9
1
1
9
1
3
1
1
95
2
6
2
343
1
28
5
1
17
1
2
1
1
1
1
2
2
1
3
1
93
81
4
1
2
5
304
3
1
1
1
9
2
2
16
1
4
3
6
37
1
1
6
1
1
2
14
196
2
2
3
1
1
5
1
1
17
68
1
2
2
1
1
2
1
12
100
9
3
3
1
1
1
3
298
1
1
509
1
2
4
1
11
2
14
2
3
33
2
1
84
92
5
17
3
40
2
5
2
2314
4
3
2
1
3
1
1
3
1
228
2
2
11
1
1
3
1
1
1
1
1258
2
1
3
28
60
1
1
1
9
1
1
1
1
36
52
1
1
1
19
4
3
9
6
1
1
1
1
95
1
2
10
1
3
1
81
1
14
6
5
2
1
15
1
1
23
9
3
3
16
1
15
4
384
4
1
1
116
5
15
2
82
1
1
2
1
2
3
1
12
5
1
1
7
11
3
2
7
1
17
31
2
393
1
2
1
1
5
1
2
3
1
10
1
4
1
12
70
17
2
11
3
8
1
1
102
1
1
2
1
2
15
2
4
47
1
29
2436
12
1
86
477
1
1
1
3
28
1
2
18
13
7
1
58
1
1
1
22
21
1
30
1
6
1
5
263
5
104
6
2
3
14
1
1
358
34
1
57
1
1
2
3
9
63
1
7
1
33
2
1
1
1466
14
1
1
3
3
20
2
5
1
2
1
1
1
4
1
1
1309
3
1
12
10
5
1
1
2
1
2
1
1
1
1
7
3
18
3
5
226
12
44
2
17
7
1
13
78
2
2
2
393
1
9
6
52
2
20
1
15
2
1
184
1
1
1
2
1
59
3
3
1
2
4
2
1
4
1
1
1
2
2
10
1
1
1
1
1
1
1
1759
1
1
20
1
1
6
2
28
1
319
26
2
6
3
5
2
8
1
1
109
7
5
1
13
1405
7
2
5
1
4
6
70
1
24
1
1
1
1
1
1
1
1
3
1
12
1
6
1
1
9
194
1
35
1
11
1
334
11
8
1
1
1
1
1
1
2
1
2
1
1
1
115
1
1
1
1
51
2
1
5
46
1
1
1
4
26
1
2
1
2
1
1
1
1
3
8
6
441
1382
1
2
1
18
2
4
1
1
49
1
1
1
4
3
1
1
1
2
212
13
1
1
1
1
5
3
2
5
1
3
11
1
74
1
1
46
3
18
1
28
67
3
2
1
8
2
1
1
19
11
2
8
1
1
12
9
1
1
1
1
1
1
1
1
1
1
12
1
41
3
436
1
3
15
1
56
1
1
1
134
1
157
17
180
670
2
13
1
3
2
1
7
20
2
1
6
29
1264
6
21
1
2
4
1
1
2
225
1
22
2
3
2
373
2
1
11
1
15
69
1
1
2
43
1
6
1
1
1
4
1
2
12
20
2
170
1
2
9
124
1
137
1
76
6
1
317
1
1
1
49
1
22
10
5
322
1
226
1
1
8
24
2
2
1
297
2
1
1
8
9
8
2
1
2
2
100
1
1
1
137
34
4
3
59
2
10
4
1
1
13
5
6
2
5
1
1
2
74
6
12
1
1
6
61
1
2
2
1
11
1
1
1
1
3
1
12
24
5
1581
1
11
85
1
1
2
2
1
1
3
1
80
1
1
4
1
1
1
2
3
14
112
1
3
2
8
1
1
4
1
10
3
2
1
1
1
17
1
17
1
1
8
1
2
1
1
516
34
48
5
46
18
4
958
1
1
1
133
2
38
10
1
39
1
1
21
2
6
4
6
64
201
43
11
12
1
1
286
12
1
54
947
58
1
2
9
3
10
9
1
8
13
1
1
1
1
8
1
59
1
8
7
1293
38
1
11
1
39
3
1
2
29
1
17
1
1
1
105
1
1
1
5
2
27
1
1
14
34
1
2
1
1
11
1
1
19
1
1
1
1
1
5
2
5
1
2
7
50
2
249
1
2
37
4
4
1
6
238
12
2
1
1
1
2
1
2
1
1
1
17
18
2
380
2
1227
4
32
1
1
2
2
49
1
1
8
1
1
14
1
2
32
2
2
16
249
3
2
580
1
1
17
10
28
2
2
7
2
8
5
1
2
2
51
71
2
4
1
1
3
3
2
6
3
442
4
3
6
6
22
3
1
5
1
2
12
82
14
1
5
1
40
3
1
3
1
1
1
3
1
4
82
1
1
4
29
1
2
1
1
3
1
9
34
4
536
1
2
1
1
4
330
2
1
61
335
1
1
1
4
1
1
1
1
1056
9
210
8
92
1
13
87
5
2
2
2
2
3
1
3
1
6
6
3
8
1
1
37
34
11
3
9
2
9
3
1
1
1
4
4
2
4
1
93
1
4
1
1
7
1
1
4
1
60
118
2
1
1
3
2
1
3
1
10
3
1
1
149
6
1
1
62
1
1
2
1
3
1
1
1
2
1
1
2
2
4
4
1
2
1
11
3
3
2
316
1
4
313
5
11
35
1
11
2
1
3
12
1
1
39
5
4
1
1
2
2
4
1
4
2
2
1
1
2
3
2
2
11
1
5
6
1
26
5
2
659
1
6
8
3
12
182
1
1
1
1
2
1
7
1
2
3
2
4
286
439
9
1
7
4
2
1
1
79
1
9
117
1
28
30
3
5
1
2
22
32
1
1
1
62
48
5
1
3
2
1
23
3
2
1
144
5
2
1
2
1
1
3
1
2
2
239
113
106
1
24
2
1
1
1
123
2
2
7
6
1
192
1
1
25
1
19
2
9
4
4
1
1
18
8
85
75
3
2
1
2
1
1
50
3
2
2
1
1
2
8
1
5
1
2
1
12
1
4
3
10
3
35
2
17
1
4
4
1
1
3
23
73
1
1
3
10
13
139
1
4
2
13
1
11
2
1
2
1
1
3
4
1
1
1
58
1
1
1
73
2
1
1
4
4
15
1
1
1
5
1
101
16
104
1392
1
4
20
1
297
1
1
3
26
1
3
2
1
2
2
256
1
2
1
1
76
2
1
1
1
1
1
1
3
1
14
6
17
1
1
4
89
2
8
1
13
2
1
3
6
62
1
3
1
1
1
3
6
1
44
8
3
19
2
1
1
7
1
2
13
6
2
27
1
1
4
36
1
41
1
1
2
1
1
2
4
1
3
13
41
2
15
2
3
3
1
2
1
2
34
2
12
1
1
1
5
1
95
1
6
2
832
1
5
3
1
1
3
6
2
2
34
2059
1
40
2
4
2
2
1
16
6
90
4
4
2
1
1
1
3
2
4
5
8
1
4
34
1
56
1
1
2
1
6
2
10
6
1
1
8
1
19
4
4
11
3
3
9
2
1
81
2
2
5
5
1
553
1
1
1
1
1
14
11
2
2
4
4
1
1
2
2
36
2
1880
1
1
1
9
2
1
149
70
1443
1
1
13
21
5
1
1
3
8
3
1
2
8
4
2
58
1
64
29
4
1
2291
1
4
3
27
14
23
1
1
16
1
1
3
1
1
1
3
24
1
1
1
12
1
1
3
1
1
85
2
7
3
15
42
1
1
4
1
4
1
2
2
2
3
23
1
1
2
1
1
1
7
2
1
4
1
1
8
5
16
2
1
1
1
3
24
2
3
3
3
4
1
2
365
358
1
1
44
3
21
2
1
1
1
13
12
1
24
11
9
36
1
1
1
30
30
8
7
1
1
2
1
47
31
22
7
82
1
4
1
2
3
2
1
1
9
1
2
3
8
2475
1
2
1
4
1
4
3
136
2
1
1
2
1
1
1
1
10
95
1
54
2
1
2
1
4
1
3
1
1
5
1
94
1
35
3
1
9
1
2
6
27
1
36
3
1
6
1
1
155
1
12
1
1
6
3
4
8
1
10
2
1
1
4
1
1
1
147
2
2
2
2
5
2
1358
8
1
2
1
7
18
2
4
15
1
1
39
36
482
1
1
7
2
1
1
140
28
1
2
218
2
2
4
1
6
1
1
2
4
1
15
44
1
1
4
1
1
1
28
1
1
4
1
37
1
1
13
1
1
1
1
5
1
1
1
5
2
1
3
2
1
2
2
228
11
5
1
20
6
173
6
5
2
30
4
3
1
1
1
462
32
38
2
14
382
2
4
10
2
8
31
1
1
70
1
1
1
2
3
4
1
4
1
1
2
1
19
1
1
4
78
4
1
1
1886
19
132
289
1
11
2
1
2
3
6
4
2
1
9
2
93
1
319
11
125
7
3
1
246
16
1
2
4
13
1
11
1
1
9
1
2
22
125
29
1
1
180
1
1
1
2
1
3
77
1
3
2
1
1
116
1
1
8
1
2
1
2
5
1
1
7
1
3
5
10
1
609
38
4
2
1
42
9
1
1
5
5
3
1
74
944
9
6
1
2
8
2
2
7
1
1
4
3
1
2
114
328
1
11
1
6
1
125
1
2
1
2
1
2
10
1
16
2
1
1
1
14
1
1
2
7
2
2
1
3
1
2
1
33
34
12
1
1
8
5
1882
3
2
3
1
2
4
2
2
10
1
2
3
4
1
1
78
1
1
2
1
8
271
4
1
18
1
1
2
113
159
1
6
14
3
1
1
2
1
1
1
1
14
1
1
90
6
48
1
9
11
1
101
1
43
1
1
1
1
6
1
65
1
7
3
14
55
2
25
11
1
36
1
17
23
2
1
1
19
1
6
3
1
14
25
5
3
1
1
4
1
1
1
1
1
8
1
8
22
8
2
1
1
1
1
334
1
1
1
2
7
1
1
39
21
7
1
4
1
1
5
53
1
1
13
4
1
1
2
1
275
1
3
61
24
4
31
2
1613
1
2
9
5
1
3
2
3
9
1
2
2
2
39
1
1
1
1
16
2
110
5
895
17
11
1
9
1
1
1
2
1
1
1
7
3
2
43
1
6
1
1
1
6
1
399
4
11
1
1
2
3
3
2
2
1
75
1
266
2
1
5
1
2
1
2
11
2
1
3
2
13
1
1
1
1
38
2
2
1
2
1
1
2
1
3
13
5
1
26
1
62
2
1
15
1
3
17
5
1
1
1
2
1
90
4
766
6
40
1
4
4
6
3
2
90
2
3
33
31
3
4
1
4
1
1
27
1
4
317
1
1
2
31
2
1
9
6
1
19
1
5
1
1
1
1
1
2
2
7
1
1
1
7
1
2
1
4
1
1
2
1138
1
1
1
1
17
265
5
2
2
1
1
10
11
5
1
6
519
17
1
3
2
2
1
3
1
4
1
1
1
20
69
1
1
1
1
1
1
1
19
3
2
3
1
1
1
1878
3
4
1
11
3
2
2
2
16
13
1
18
16
1
1
65
5
2
3
21
1
24
3
1
3
4
10
3
1
1
27
46
1
2
2
2
1
1
10
1
1
117
1
2
1
1
1
38
1
31
189
1
1
1
1
1
2
3
1
6
1
20
1
1
7
1
35
2
1
4
8
1
11
1
2
21
1
2
1
1
1
1
544
10
1
1
1
1
1
2
2
1
2
1
1
1
298
17
36
3
31
1
1
1
9
3
2
2
1
1
11
3
3
1
1253
3
4
4
1
4
3
2
2
4
9
1
3
1
2
1
1
1
3
1
22
89
1
1
5
2
47
4
1
1
1
2
61
2
8
6
619
1
1
6
1
1
3
164
3
3
1
2
2
2
1
2
27
306
1
4
1
10
7
1
1
27
1
1
4
1
1
2
2
1
3
213
1
123
6
1
1
387
2
18
10
1
1
2
1
1
27
4
1
1
20
13
152
58
1
1
1
3
1
1
1
2
1
138
3
1
22
2
42
1
1
3
9
2
1
106
1
9
16
168
13
1
2
9
1
4
83
6
1
44
5
1
6
1
1
1
1
8
158
6
5
4
35
1
1
5
2
189
13
3
10
15
1
1
4
14
1
3
2
12
1
1
4
35
2
2
4
1
1
4
347
1
2
3
1
2
65
1
1
1
1
1
1
3
1
1
86
2
4
2
12
1580
4
12
12
1
7
1
1
1
20
7
2
2
1
1
1
10
82
9
2
1
1
3
1
12
3
1
8
2
7
1
1
3
1
19
4
1
1
1
1
17
14
3
7
2
3
3
2
2
1
2
2443
81
1
5
812
2
3
2
1
4
7
5
5
1
3
1
3
1
44
2
11
13
12
1
11
2
1
3
2
1
394
2
1
1
1
75
5
34
1
1
1
1
1
9
1
85
30
4
1
1
1
108
1
1
1
26
1
1
2
1
121
23
4
2
5
1
1
7
1
4
1
1
1
2
86
1
42
1
2
47
1
13
1
5
1
1
1
1
1
1
19
20
1
1
3
24
1
1
2
1
1
2
10
30
1
2
1
3
142
1
1
2
26
1
1
1
8
1
8
1
571
1
4
4
2
1
1
2
2
4
12
2
13
1601
9
2
1
1
1
11
1
7
2
83
2
8
7
1
1
1
12
3
10
1
5
2
1
6
8
1
3
2
1
4
1
2
1
118
6
1
4
7
21
1
5
5
1
93
8
3
1
1
412
195
11
2
1070
1
3
1
1
2
1
4
8
1
8
1
11
1
1
2
3
1
2
1
2
1
19
8
1
1
20
1
1
1
16
1
2
2
1
5
1
40
1
37
1
275
3
3
36
1
2
40
8
1
1
2
30
1
1
4
1
176
1
3
2
2
15
1
33
2
55
1
1
1
1
1
2
1
689
1
1
3
1
1
8
3
1
1
22
1
27
1
2
1
1
1
8
586
1
9
1
1
3
1989
3
2
4
2
1
56
4
1
2
1
2
1
1
2
2
6
1
1
2
6
5
4
1
1
19
3
1
342
43
2
1
15
1
13
1
2
9
2
2
5
30
1
1
66
8
6
9
1
1
9
19
1
1
4
85
12
3
1
1
1
4
3
1
3
24
1
2
12
1
4
1
1
2
1
1
1
2
4
291
11
8
1
6
219
6
1
8
17
1
8
1
1
1
3
3
2
23
1
1
32
1
6
3
1
3
1
1
1
1
1
1
1
10
1
1
2
1
1
2
1
72
1
1
3
2
20
1
2
1
4
4
3
1
1
9
1
179
4
1
2
515
4
3
1
1
5
1359
8
1
1
1
51
2
3
2
1
1
1
1
1
215
5
1
1
3
4
1
1
1
109
1
1
11
1
4
1
1
1
1
147
1
17
2
1
1
1
5
8
1
7
15
4
2
2
1
4
1
42
12
156
2
67
50
2
8
1
3
1
1
1
100
1
4
2
3
3
6
1
1
1
21
3
8
3
2
27
78
1
1
19
1
1
1
1
78
2
1
1
2
1
9
1
2
1
2
8
4
454
372
23
2
1
29
2
3
19
1
3
274
359
6
6
1
4
1
114
83
1
5
10
4
6
6
1
1
16
2
217
115
11
1
5
1
1
10
2
4
1
19
1
45
2
125
4
1
5
10
1
5
2
19
1
6
1
3
1
522
1
1
41
1
7
1
1
2
2
1
6
1
1
1
1
1
1
2
524
3
1112
3
36
2
1
1
1300
1
1
1
6
1
5
2
247
37
4
9
2
6
1
19
1
1
2
1
11
1
18
3
1
1
65
1
1
3
13
2
1
2
5
37
4
4
1
23
43
1
1
6
1
3
1
2078
1
7
1
45
1
1
2
12
16
2
9
1
1
2
4
1
1
1
11
3
7
2
3
1
1
2
5
1
1
2
1
33
1
1
1
356
2
1
1
13
13
6
2
1
57
15
3
7
25
3
52
4
33
2
1
2
47
2
1
146
1
1054
5
8
1
82
1
239
6
1
4
38
7
1
1
3
13
5
2
1
1
1
2
4
10
7
246
2
40
1
698
1
12
34
1
188
1
1
3
1
2
7
3
1
51
1
9
2
3
1
4
62
1
33
18
1
1
5
1
1
2
9
3
5
1
1
6
27
16
1
2
125
1
1
9
1
56
2
1
1
12
1
1
1
3
1
20
1
1
2
5
2447
1
1
1
135
30
309
5
3
5
1
14
1
2
6
3
10
1
13
2
3
6
1
1
29
2
5
2
1
1
2
1
1
1
20
1
7
1
1
2
2
8
1
1
1
2
2
467
1
2
1
1
1
1
28
1
5
22
1
16
1
28
2
1
175
7
1
3
1
3
1
1
1
8
3
1
1
8
4
2
3
2
34
1
2
1
2
1
1
33
24
9
2
4
1
11
150
1
5
6
22
1
2
11
5
37
1
1
1
1
2
1093
2
8
1
1
1
7
17
1
8
1034
3
17
2
1
1
5
1
3
1
1
643
1
1
1
875
2
13
6
1
5
3
1
18
2
46
569
11
1
2
1
604
1
251
9
1
1
4
1
1
53
4
2
22
9
3
1
239
1
2
1
3
1
1
1
9
1
2
8
2
12
742
1
188
3
1
1
1
1
27
2
56
1
1
15
46
18
3
75
1
804
3
6
1
4
1
34
1
1
1
4
2
1
9
1241
1
47
1
1
3
4
1
1
2
1
130
2
6
1
1
1
620
1
36
8
2
1
1
2
12
104
1434
1
2
1
219
2
310
12
2
7
23
1
1
1
5
161
1
1
11
1
1
1
20
2
1
2
7
1
1
1
136
4
9
20
176
4
7
1
1
81
10
1
1
2
3
201
25
4
1
20
2
50
2
4
1
4
21
1
3
2
1
1
56
1
5
63
1
1
6
1
38
37
1
6
55
22
1
3
780
2
2
7
1
3
2
9
2
4
1
1
2
1
1
1
2
2
74
9
1
4
1
1
2
6
9
1
7
1
1
1
1133
5
3
24
11
3
3
11
38
2
43
1
1
1
18
3
1
1
1
5
2
746
9
46
1
1
11
61
2
1
2
1
2
1
44
2
1
1
59
1
3
233
15
206
90
83
1
3
1
5
1
6
2
1
1
13
1
1
1
1
1
2
5
64
23
2
1
1
2
6
3
2
6
4
9
1
1
1
1
2
5
1
13
1
29
19
47
2
1
1
1
1
23
1
1
1
1
2
1
1
34
2
26
1
9
119
7
40
1
6
1
1
1
1
20
2
3
31
3
12
1
26
1
3
1
27
1
1
1
1
1
8
3
1
188
1
1
5
1
1
4
1
1
3
3
4
1
1
1
1
14
43
1
1
36
7
144
1
4
1
1
36
328
2
436
3
22
3
2
1
1474
3
3
1
7
1
2
2
2
1
2
18
1
15
376
1
16
2
1
28
1
2
2
2
6
3
5
1
3
1
4
35
1
1
1
2
2
2
10
1
5
11
1
837
3
1
2
1
12
1
4
3
2
1
1
1
2
1
1
3
1
1
1
3
1
5
1
1
3
3
1
1
1
3
1
1
1716
1
1
357
1
7
1
217
29
1051
1
2
1
27
1
8
10
1
4
1
2
1
3
1
28
2
8
7
1
53
1
4
2
1
11
1
200
1790
2
1
8
797
1
2
127
1
1
1
6
5
1
6
1
11
1
1
2
1
32
7
1
26
1
7
1
1
5
12
1
2
3
6
103
1
2
2
5
19
7
1
3
1
12
1
1
605
2
1
1
4
14
283
1
49
2
59
2
10
264
11
15
2
89
50
2
6
105
3
2
8
3
2
28
30
90
14
1
5
2
31
12
1
8
1
2
94
1
1
5
1
504
1
5
7
1
1
26
263
2
1
6
1
1
4
14
8
11
1
6
1
2275
16
2
1442
13
23
30
73
1
53
1
1
6
1
6
129
1
8
474
4
2
1
53
3
1
57
1
327
1
6
4
2
1
25
1
201
4
36
491
8
1
4
5
1
656
5
2
14
2
210
4
2
1
4
9
1
12
12
25
4
2
1
1
10
3
28
4
2
2
5
2
1
1
2
113
3
2
12
5
37
3
4
475
2
10
23
7
1
1
10
1
3
8
1
1
2
2
10
1
6
1
1
8
1
1
3
1
3
5
4
4
1
1
93
2
642
3
3
6
1
1
9
3
1
1
1114
12
1
1
1
1
12
1
13
2
4
10
2
3
1
5
18
1
1
7
1
6
4
2
4
120
1
1
4
3
2
2
1
1
1
1
1
80
1
1
2
1
4
1
1
41
63
1
4
1
1
1
137
17
1
1
470
1
12
2
9
8
1
4
4
30
4
3
1
98
1
1
1
46
2129
1
18
2
1
1
2
8
1
3
4
2
1972
1
10
1
1
1
1
6
4
1
13
55
3
2
1
1
2
6
1
3
1
1
1
24
3
2
4
2073
9
122
2
1
1
1
1
1
1
1
1
1
2
4
14
1
19
3
2
1
1
1
3
6
1
5
1
9
1
1
1
2
5
1
4
1
4
70
53
2
2
99
1
2
1
16
21
592
1
30
2
4
23
2
1
39
9
25
59
1
7
1
1
2
2
1
1
3
11
1
2
1
1
1
10
7
1
1
1
3
1
1
1
4
3
4
1
38
2
1
12
4
2
1
1
1
1
1
15
1
25
2
61
1
1
15
7
1457
1
18
2
1
1
19
13
1
1
5
2
2
1
5
2
1
11
1
1
11
335
4
1
27
1
3
1
1
1
13
1
2
3
2
1
2
1
2
18
3
1
4
9
1
1
2
1
3
15
2
1
1
1
2
65
1
89
2
1
4
1
25
307
3
11
2
1
2
1
1
2
16
1
40
14
1
2
2284
2
2
6
1
1
1
11
153
1
230
1
56
56
3
2
5
9
1
70
2
1
2
1
1
4
1
104
5
2
3
1
1
1
28
2
1
2
1
1
6
1
1
5
2
31
324
3
158
33
2
1
2
2
1
1
261
7
2
3
2
2
1
28
6
1
4
450
2
4
1
25
2
397
1
1
1
1
1
1
9
9
2
2
4
1
26
2
13
3
2
26
5
15
1
123
1
4
1
1
1
8
1
1
1
8
1
1
2
1
2
1
3
1
29
1
1
1
31
1
1
83
118
85
2
8
133
7
1
5
2
1
5
6
1
1
8
2
1
107
1
6
11
12
1
1
2
30
20
4
2
6
12
1
97
2
20
2
2
1
1
1
6
3
2
1
71
3
1
1
8
1
18
6
51
2
4
1
2
1
5
2
2
2
1
805
2
1
35
3
3
1
2
1
2
5
11
7
1
4
3
1
208
241
2
52
1
2
4
1
1
36
17
1
1
1780
1
1
1
2
1
4
8
2
13
1
69
1
1
26
2
1
1
1
141
1
4
3
1
1
8
2
1
24
1
2
15
19
3
1
3
1
2
6
1
1
6
2
1
1
2
6
3
3
1
2
1
3
47
3
1
1
3
28
2
3
1
40
1
17
1
5
1
1
2
2
1
1
1
1
2
1
7
1
2
1
3
73
1
2
7
2
1
1
38
10
20
6
244
1
1
1
4
46
224
3
1
3
46
31
6
5
1
1
93
1
34
29
1
45
2
2
1
1
10
2
8
1
2
1
436
1
13
1
1
4
3
1
4
8
49
4
40
7
1
1
7
3
6
1
16
2
3
1
16
1
5
55
5
3
3
1
1698
4
2
17
7
1
1
1
1
8
42
1
1
2
1
1
1
2
1
1
5
1
1
1120
1
1
1
17
141
3
5
1
1
8
2
30
10
4
224
1
1
2
1
1
1
20
1
1
1
2
1
2
2
118
2
4
1
2
1
1
1
1
2
2
49
1
1
2
1
7
1
53
19
8
3
1
76
6
1
2
8
1
1
51
17
14
3
1
450
1
2
7
1
4
1
157
1
1
15
10
1
11
5
1
1
8
5
1
1
2
1
2
8
14
1
36
1
15
4
4
23
1
5
3
1
2
110
3
1
2
1
7
278
9
1
1
2
1
1
1
3
1
640
1
1
1
8
5
6
1
3
15
3
1
3
3
536
8
642
22
29
1802
1
3
1
10
308
1
1
9
1
1
2
1
23
1
7
2
1
1
1
1
4
1
4
1
8
3
2
4
3
106
2
15
1
1
2
5
1
3
1
4
2
2
3
3
1
3
2
2
1
1
2
67
2
3
1
14
1
1
291
1
46
1
19
1
1
14
1
35
1
53
4
4
1
7
1
15
2
15
5
1
3
1
4
1
1
30
4
1
9
6
1
3
1
1
25
3
3
1
1
83
2
1
2
1
30
11
90
1
24
26
5
110
3
1
1
1
87
10
1
2
29
1
1
2
3
2
6
1
119
1
1
1
1
96
2
2
65
1
69
6
584
1
1
1
1
1
1
1
3
1
2
26
1
13
7
1
2
141
1
1
1
55
2
2
1
1
281
1
7
33
9
2
1
1
1
4
3
6
3
2
1
1
1151
110
2
1
1
1
1
15
541
7
3
183
3
8
1
6
1
3
1
4
1
2
1
5
1
194
7
1
1
1
2
6
1
36
2
20
3
3
1
1
42
16
1791
1
3
13
1
2
2
1
19
24
1
6
9
1
1
1
1
1
11
22
3
19
1052
122
5
1
336
1
35
1
2
1
28
1
1
3
2
1
25
1
1
1
2
1
1
2
589
1
1
1
1
9
3
7
1
1
1
12
1
1
6
3
3
1
135
1
1
8
28
1
7
1
12
1
1
3
7
40
1
5
1
1
1
15
1
1
1
3
9
2
2
1
2
75
3
155
5
1
235
34
1
7
6
1
1
26
5
1
1
1
3
2
15
5
167
16
5
5
1
4
3
5
4
48
4
1
1
344
1
1
1
7
1
5
1
3
1
79
11
3
11
1
1
4
3
54
3
3
1
2
2
1
1
1
1
20
4
29
1
28
1
1
1
1
6
1
1
3
1
23
8
102
31
1
5
309
8
128
1
1
2
2
4
4
1
4
1
2
2
3
6
2
17
1
2
1
54
6
1
21
2
6
1
1
1
1
1
1
1
16
1
24
1
6
3
1
6
1
1
1
1
7
9
1
5
2
1
64
17
1
1
1
1
16
1027
11
2
2
258
3
1
67
3
1
2
1951
1
2
6
1
1
32
1
1
5
2
2
61
3
1
4
1
2007
2
27
6
1
19
1
1
1
4
1
1
6
1
1
35
7
32
129
15
1
1
62
1
2077
9
1
51
1
1
1
44
2
2
2
3
1
1
74
3
5
48
200
3
369
1
1
204
1
2051
75
235
7
2
1
13
1
1
1
4
13
8
1
1
2
31
725
1
3
1
1
1
1
2
1
10
1
2
2
9
4
78
1
6
1
2
2
2
2
21
5
15
1
1
1
492
577
1
13
1
4
23
12
1
30
1
1
14
4
1
1
8
15
2
1
1
1
2
2
7
11
5
92
1
1
7
3
2
1
1
2
2
3
1
46
1
4
2
1
2
1
8
49
3
1
2
2
2
1
1
1
1
17
2
1
10
52
81
1
31
1
13
6
1
1
1
2
2
2
7
10
3
11
13
45
4
2
10
2
2
4
1
4
1
1
130
41
1
4
45
3
13
1
2
2
87
2
3
61
1
4
15
122
25
2
1
131
36
3
1
1
50
1
1
1
1
1
2
1
2
23
11
191
1
2
325
1
2
2327
1
1
2
1
5
22
18
2
2
4
1
262
1
7
254
1
2
1
6
1
276
1
5
2
3
8
9
3
1
63
1
2
1
17
124
15
3
2
11
2
29
4
2
5
31
8
8
37
1
242
16
1
1
2
1
20
26
10
1
1
322
5
1
7
1
2
2
1
6
1
1
4
1
2
1
1
27
115
283
1
1
14
3
1
1
855
50
1
1
3
76
2
1
1
197
3
48
2
1
3
4
1
2
1
1
4
1
1
56
2
3
1
110
1
3
1
1
41
2
117
12
12
2
1
1
2
1
248
1
29
2
17
1
4
1
1
38
1
3
1
2
1
8
1
7
3
598
4
4
2
1056
1
1
1
1
23
11
59
1
3
1
6
2
1
8
5
4
4
5
1
3
1
1
4
1
1
3
1
5
1
1
7
1
4
1
5
7
95
1
6
38
1
1
1
1
13
1
1
1480
3
25
1
6
3
1
1
1
1
10
125
2
1
1
2
17
1
5
1
73
2
4
1
11
12
6
10
6
73
3
1
1
4
23
3
11
8
1
1
1
138
1
1
2
1
23
2
5
8
5
17
1
1
92
3
2
1
32
9
2
1365
1
1
3
1
4
46
2
1
6
4
1042
78
1
301
4
3
2
1
318
3
5
1
6
2
17
2
11
1
1
1
31
151
2
1
1
1
7
11
2
31
1
2
1
2
1
13
1
1
238
1
14
2
11
12
886
1
1
2
1
1
7
1
1
1
2
218
1
3
1
8
2
10
1
2
37
1
1
2
32
1
5
4
24
4
1
1
1
22
1110
20
1
1718
1
1
3
9
39
5
9
13
2
6
1
1
1
2
27
2
10
1
1
1
8
252
2
1
2
1
12
28
399
9
22
1
3
2
1
1
3
3
1
1
1
1
2
1
1
2
1
9
1
1
284
1
1
1
1
1
2
2
4
1
8
1
15
2
69
1
2
3
2
20
14
1
2
1
1
13
7
28
1
2
1
24
20
1
2
1
4
1
2
55
5
1
1795
23
2
3
5
1
2
2
4
1
2
9
1
2
18
1
1
13
66
97
1
249
3
1
2
2
2
1
6
468
2
12
3
2
3
2
12
4
1
1
2
1
116
3
4
3
1
1
175
101
7
1
61
1
1
4
1
3
3
16
1
1
9
70
1
1
5
2
1
1
7
1
6
25
4
1
1
13
5
3
3
1
3
9
2
1
40
9
76
9
1
23
3
2
1
24
6
4
3
3
26
1
6
2
1
1
178
1
3
1682
1
96
11
1
2
5
1
1
14
420
1
2
1
2
292
1
5
2
2
4
2
69
9
2
7
12
30
6
1
2
2
82
2
1
1
2
1
63
88
149
1
22
2
5
1
224
1
40
376
10
3
2
10
1
2
1
1
1
2
1
1
1
2
2
6
1
7
2
78
13
5
3
3
2
4
1
1
133
340
1
1
1
1
1
1
2
8
571
4
15
4
10
7
4
14
1
61
1
1
8
3
1
1
1
1
9
2
5
4
2
12
1
1091
3
2
1
1
1
3
33
1
1
1
6
1
5
9
427
2
29
3
2
57
1
1
1
1294
1066
7
48
6
3
2
1
8
1
1
1
794
3
8
68
1
228
63
1
1
35
14
1
14
1
2
102
5
1461
4
1
2
14
23
4
2
2
1
1
1
8
2
1
4
96
1
1
1
2
22
2
2
1
4
2
2
1
3
2
11
16
1
5
3
1
1574
25
13
1
1
1
1
11
6
38
2
1
1
5
1
4
3
1
3
1
2
1
10
575
3
12
1
5
2
22
2
1162
9
98
1
1
2
1
8
24
4
1
2
2
54
1
2
16
52
1
1
3
1
18
15
28
1
7
1
15
5
129
1
2
1
1
1
40
1
1
5
4
2
432
7
5
6
3
230
1
2
1
1
3
25
1
2
1
1
1
4
2
5
3
44
9
1
1
2
1
24
2264
1
7
1
1
44
1
1007
2
7
1
1
1
2
1
1
7
1
18
1
4
1
3
2
6
1
1
1535
1
1
1
3
35
12
33
1115
3
2
2
10
1
1
1
1
2
1
1
21
1
6
1
4
1
1
2
1
16
1
6
1
1
1
32
2
2
1
12
16
1
5
5
3
1
1
1
1
1
3
202
37
1
47
3
13
1
9
2
2
1
61
15
1
1
182
93
100
10
1
15
29
1
3
1
1
1
2
1
5
1
2
1
1
15
2
9
15
7
9
11
78
1
4
6
1
2
3
1
18
1
1
3
1
1
9
1
110
1
1
278
2
1
3
1
26
583
1
1
2
1
1
2
2
3
152
31
1
151
2
10
3
1
3
10
47
19
1
4
2
1
1
2
1
6
1
38
5
8
4
1
3
2
1
7
17
1
11
6
5
1
1
7
1
149
1
2
1
1
1
27
3
1
7
2
7
15
6
1
1
1
38
127
273
4
33
1
3
1
1
2
49
12
2
7
1
1
1
9
308
19
1
1
14
41
26
1
1
2
1
3
1
1
1
3
5
2
1
4
1
131
1
1
17
2
1
1
10
1
1
1
7
2
1
1
1
99
1
1
1
2
2
4
3
12
2
1
2
279
8
1
1
27
1
654
1
14
2
10
2
1
1
76
9
13
2
1
7
2
39
1
102
6
2
1
3
5
63
5
5
17
11
2
202
3
8
5
3
8
3
1
1
1
1533
2
5
2
1
340
37
2
2
1
3
475
1
2
2
369
2
31
1
1
1
2
1018
2077
22
103
1
2
1
11
3
2
4
37
8
1
21
1556
1
26
7
1
30
1
1
1
1
11
1
62
1
1
12
2
5
12
1
1
1
1
183
2
2
1
1
66
527
1
2
2
2
1
38
1
66
11
2
2
1
1
3
1
1
11
1
12
22
5
10
2
195
2
6
46
1
126
468
1
1
1
8
4
3
16
1
6
2
1
9
5
1135
1
1
1
2
1
3
10
1
1
21
1
2
54
1
1
34
3
1
2
9
1
1
67
1
2
1
2
22
2
5
1
1
5
92
1
1
1
1
1028
2
2
3
17
4
42
1
2
17
668
2
4
1
2
3
34
4
601
1
1
26
566
1
38
6
38
1
65
5
126
7
14
12
1
1
2
2
69
1
1
4
23
4
2
6
866
1
1
4
1
1
4
14
2
1
351
17
24
2
4
7
54
1
5
2
37
4
8
2
1
1
6
10
2
3
1
7
8
3
2
2
1
3
4
2
90
26
3
1
1
6
5
3
2
2
1
4
3
1
1
7
1
3
3
2
9
1
1
1
1931
2
2
3
23
2
2
2
1
1
1
5
12
2
15
3
1
260
2
2
1
2
1
1
1
1
12
1
4
1
1
2
4
1
1
97
13
1
1
1
8
3
1
1
36
1
1
2
4
43
1
1
2
1
19
2
10
64
31
5
2
18
1
1
2
1
8
104
5
1
9
2
9
1
1
1
3
3
4
3
2
1
1
1
61
1
224
1
1
8
2
222
1
10
4
1
29
1
1
3
7
7
5
28
4
2
5
2
2
35
1
11
275
19
392
2
19
13
1
31
10
3
313
1
113
6
1
1
56
1
20
2
4
1
27
4
1
1
6
36
3
3
6
1
1
1
1
13
1
11
1
234
4
5
4
13
3
2
1
1
3
1
12
2
31
5
1616
1
4
1
1
8
1
2
10
2
2
30
1
3
226
2
1
13
1
2
3
6
1
1
11
6
1
1
1
98
37
4
2
7
65
1
1
1
5
1
2
1
1
1
2
1
1
35
1
5
5
4
1
1
4
1
1
16
4
2
2
4
24
1
16
1
2
478
1
2
62
1
3
1
10
1
2
4
65
1
8
1
1
13
1
26
1
1
1
5
955
10
382
1
536
20
40
20
1
8
12
1
4
1
1
1
467
1
1
415
4
11
1
1101
92
2
4
7
5
1
4
15
1
10
682
1
7
3
258
2
3
2
2
4
2
1
2
4
1
1
30
5
3
10
2
102
17
3
2
1
1
1
1
1
268
22
1
1
172
1
6
2
1
1
1
1
5
114
1
66
1
1
17
1
1
3
111
1
3
3
25
2
5
1
35
17
1
39
1
1
4
24
1
6
578
1
1
19
1
9
1
1
3
2
1
1
1
2
6
1
1
4
1
1
1
1
2
1
147
60
2
15
1
1
1
3
1
1
1
1
8
3
1
1
4
1
21
1
3
5
4
2
1
3
1
1
6
1
4
4
1
14
2
17
53
13
10
12
1
1
1
1
123
5
1
1
1
1
2
1
4
9
1
1
30
75
1
4
22
54
2
149
1
1
1
1
13
1
19
3
2
1
5
1
23
2
1
3
12
1
1
1
4
1
1
1
3
1
2
1
31
140
1
645
1
1
2
4
8
1
3
4
7
1
1829
1
1
1
1
1
4
1
16
1
2
4
4
5
19
17
1
73
19
1
3
1
2
8
14
2
1
2
3
2
1
6
1
129
2
1
1
140
1
12
1
2
1
2
3
146
1
17
15
132
2490
94
3
1
7
37
7
3
174
32
69
12
1
7
1
2
1
2
10
1
8
1
7
1
2
1
2
1
1
2
6
132
3
11
1
1
1
1
1
6
1
1
1
26
14
1
7
6
1839
4
35
1
12
1
1
3
305
8
1
1
3
1
211
1
1
9
1
3
1
3
6
1
16
2
4
1
1
1
1
1
1
3
1
2
1
1
82
127
389
4
34
77
2
38
1
13
1
1
3
1
11
35
36
3
2
1
1
2
28
4
2
2
1
1
1
1
1
1
1
1
1
1
1
2
9
6
1
36
15
4
1
1
8
5
1
9
76
1193
1
1
60
2
1
1
1
1
2
34
4
2
1
1
1
92
1
287
255
112
1
2
117
7
6
2
2
1
557
4
78
1
1
1
1
1
28
1
1
12
1
4
1
1
1
7
1
22
9
1
2
1
2
1
1
2
2
2
1
1
1
3
45
1
1
1
4
1
1
29
4
1
10
1
1
11
8
62
1
1
1
3
3
1
15
12
44
1
2
42
2
10
18
3
61
1
1
1
2
1
2
9
15
41
1
23
220
1
10
1
1
2
26
2
2
32
1
1
1
15
1
67
12
235
218
1
1
1
12
2
12
235
1
1
5
8
1
2
84
2
1
1
4
1
2
1
2
1
1
12
44
6
1
1
11
2
1
3
1
2
1
7
1
1962
29
59
2
3
1
1
5
3
1
1
1
33
2027
2
11
1
1
1
1
1
1
1
3
5
1
1
1
44
50
4
7
486
333
1
58
7
1
1
2
2
1
1
7
1
33
45
7
1
21
1
40
8
1
238
19
2
1
46
9
1
11
9
1
1
97
3
85
3
1
11
3
1
1
14
2
1
1005
4
6
1
1
2
1
1
1
1
1778
5
1
505
4
150
3
819
1
2
2
204
1
25
2
101
1
1
12
1
1
3
5
538
6
3
12
2
1
2
1
7
29
1
1
2
6
38
3
15
1
3
2
10
32
2
272
3
1
333
4
2
6
2
8
7
1
17
4
1
1
3
1
3
7
1
1
1
1
2
1
2
1
4
2
1
8
121
22
5
2
1
11
1
1
1
3
1
1
1
2
13
1
1
1
551
169
1
5
1
2
63
4
1
5
1
1
1
26
7
4
6
1
14
14
5
2
1
24
1
4
1
6
2179
2
2
2
15
9
2
392
1
2
1
10
1
81
4
15
21
1
16
1
1
3
1
2
2
83
5
1
14
2
1
26
2
1
7
1
906
54
10
5
1
1
15
16
1
2
8
1
5
767
129
3
21
1
26
1
7
1
1
1
3
1
1
1
1
1
1
2
2
1
3
5
3
1
4
1
1
1
2
41
1
67
1
32
1
5
16
172
30
2
2
1
2
1
39
54
2
1
2
1
2
3
1
1
2
2
8
2
2
2
25
2
1
4
1
217
1
20
1
1
17
1
1
5
1
2
1
1
1
2
1
1
122
2
1
1
1
1
1
1
1
3
8
2
1
3
3
4
3
1
1
1
1
16
5
12
12
1
8
15
15
5
4
3
48
614
5
1
1
1
3
12
7
2
19
537
1
17
1
1
11
5
3
4
5
23
31
1
1
3
2
112
242
8
85
1
3
76
21
1
16
10
21
1
1
2
1
1
2
1
2
14
707
1
1
7
8
1
15
35
3
4
2
1
1
5
1
1
2
1
14
1
1
9
2
1
30
8
5
8
25
1
10
1722
1
2
1
1
1
1
6
1
7
93
3
1
1
2
3
1
1
1
4
15
1
88
3
1
5
73
2
8
3
16
1
99
8
4
2
6
2
2
1
1
142
4
22
3
2
2
1
1666
6
62
164
5
4
1
6
1
1
1
1
1
1
60
4
2
3
3
2
16
1
1
3
15
50
1
5
2
1
129
6
1
15
714
6
1
25
2
1
2
4
5
41
1
3
1
1
1
2
48
1
24
1
1
2
1
4
1
2
3
1
15
87
1
1
107
1
1
3
1
2
1
1
38
3
2
1
2
1
1
2
1
1
3
6
1
158
3
1
3
2
2
1
2
1
508
8
5
1
1
1
3
9
2
2
7
3
1
1
18
6
2
33
2
18
2
1
1
7
68
3
1
4
1
10
12
1
1
49
1
1
1
1
1
15
42
22
1
1
105
1
3
18
1
1
1
4
2
13
1
2
33
1
1
1
1
7
22
1
231
1
8
1
1448
9
1
9
530
22
1
1
1048
1
38
5
6
2
19
2
4
93
82
1
4
10
4
1
5
68
1
1
5
1
1
915
91
2
2
18
1
6
5
2
10
1
3
1
5
2
5
6
15
1
5
3
3
1
96
53
1
1
13
1
1
1
3
2
1
1
39
1
28
2
1
1
16
2
1077
1
1
38
4
766
2
1
71
2
18
19
1
5
1
4
1
9
1
2
2
2
1
5
4
45
7
1
4
1
8
14
3
2
92
4
1
1
1
1
5
56
6
4
9
1
1
7
1
1
2
6
9
1
67
1
1
1
8
2
1
129
9
7
1
2
2
1
2
284
89
29
214
1
12
2
311
1
3
1
1
4
3
1
40
1
3
1
5
1
15
1
19
29
1
1
2
2
2
3
8
39
8
1
10
1
2
2
1
30
2
1
1
5
1
14
7
1
1
2
2
1
10
1
4
1
19
54
9
1
1
9
8
1
5
1
1
2
41
1
1
1
2
9
4
3
3
17
20
3
1
7
1
3
4
3
1
2
3
1
1
3
12
91
6
1
2
1
2
1
14
142
2
1
1
97
133
219
4
1
1
16
1
1
132
1
114
122
6
3
1
5
1
2
2
13
147
2
4
1
7
2
25
2
1
2
1
5
7
1
6
1
3
164
5
1
160
4
5
4
1
1
27
2
2361
1
8
1
2
8
1
1
2
7
1
3
4
120
2
15
134
5
1
1
2
1
38
1
52
1
2
1
2
5
30
11
4
2
2
5
3
8
1
1
5
2
8
1
384
2
171
6
2
22
2
15
2
2
1
10
8
3
9
455
4
5
8
5
71
46
2
1
1
8
1
13
7
1
98
3
3
1
1
3
2
1
2
1
1
1
1
1
104
2
1
1
1
4
7
1
1
1
1
345
323
1
13
2
1
1
3
2
2
1
3
3
2
1
8
4
2
2
2
15
1
3
9
2
42
1
1
1
8
1507
1
3
1
1
1
2
5
8
1
3
1
1
1
3
13
44
15
2
1
214
46
22
1
2
5
1
2
60
1
2
19
27
9
1
1
22
6
1
20
1
1
364
1
38
2
3
1
21
4
1
1
1
2
2
1
1
4
1
2
1
938
14
1
1
1
9
4
3
13
1
12
1
1
9
3
1
14
25
1
1
4
5
1
2
1
5
20
3
15
1
316
3
2
1
10
1
1
1
1
1
6
1
1
8
2
27
1
1
2
7
1
1
1
2
155
2
1
1
1
2
7
4
1
4
673
1
3
6
1
1
2
1
1
112
1
1
143
2
1
1
1
1
13
3
1
5
2
579
5
9
93
129
4
1
2
6
1
1
3
1
3
51
1
1
4
2
23
10
7
2
1
1
1
1
1
1
3
2
1
1
1
1
11
1
10
1
3
7
21
7
1
4
1
23
1
1
10
22
43
1
1
10
1
6
1
8
3
1
1
1
10
1
83
6
4
3
1
2
2
4
4
2
1
1
1
3
1
153
6
1
2
1
1
4
7
1
381
1
1
15
1
1
3
1
1
2
1
1
28
1
1
1
12
1
9
1
3
5
5
15
3
2
29
2
1
1
1
22
1
1
3
16
3
4
1
1
13
1142
1
4
1
1
1
80
1
8
24
4
4
2
1
104
380
1
1
1
5
6
1
1
13
2
1
27
1
13
4
23
1
5
1
14
1
1
1
1
1
1
19
383
47
1
15
20
161
1
5
1
1
1
3
5
4
1
1
3
2
3
44
7
17
3
18
25
1
2
1
2
2
861
9
2
15
2
5
1
2
26
2
12
10
226
6
1
4
6
2
2
115
8
4
30
6
149
2
13
3
1
2
1
10
479
6
6
28
2
54
1
2
2
1
3
3
4
6
1
17
1
3
13
1
11
2
3
3
1
2
1
58
186
3
1
105
4
26
1
57
3
9
331
1
10
11
1
1
32
1
5
1
1
1
5
2
1
53
1
1
3
1
59
1
1
1
1
1
36
10
4
2
1
3
2
18
1
1
1
1
72
1
2
1
1
1
156
5
42
1
98
1
1
1
5
8
1
1
1
1
1
1
1
8
41
2
1
5
2
8
1
3
4
53
1
15
11
124
2
1
7
1
2
1
1
61
1
3
1
1
2
1
23
2
1
7
1
2
5
1
1
1
1
1
28
3
1
1
1
1
5
5
1
1
1
1
15
1
4
1
5
1
1
3
2
1583
10
96
1
3
3
6
1
15
2
30
9
2
1
7
1
5
27
1
1
5
1
1
1
2
2
54
4
2
496
4
3
1
156
4
115
10
2
3
2
8
1
18
14
1
65
2
1
1
109
50
2
30
2
1
2
5
1
10
1
3
1
4
2
3
2
1
11
9
1
6
7
1
2
34
7
1
9
4
143
1
2
1
6
10
28
1
1
1
1
1
5
1
1
7
1
39
27
1
1
38
2
88
3
1
2
1
1
1
479
8
3
11
30
1
1
421
1
2
1
10
2
1
46
3
8
2
1
35
18
1
126
2
1
1
3
7
2
2
3
2
1
3
1
2
1
28
5
4
8
1
69
1
145
1
9
6
1
1
6
3
1
40
188
1
28
1
1
4
2
3
1
1
7
3
1
5
6
2
1
3
1
25
9
1
1
2
14
1
1
3
1
1
835
6
4
4
1
1
14
1
2
96
6
2
5
12
2
143
2
1
1
1
1
7
1
1
2
3
1
35
354
1
11
7
53
8
1
17
7
4
2
1
1
7
1
26
48
5
1
23
1
5
1
32
1
1
1
9
1
1
3
14
2
1
1
32
1
1
562
1
3
1
1
1
4
1
7
4
7
1
81
1
124
9
1
26
3
1
4
2
14
1
5
7
116
1
8
8
1
6
1
6
3
1
2
3
1
53
5
19
29
3
1
214
31
9
1
7
2
3
1
3
1
1
3
2
1
5
10
4
3
2
5
95
22
2
9
389
2
37
10
1
11
10
1
7
2
1
1
1
6
1
1
5
4
3
1
2
7
3
26
2
11
2
4
1
1
18
12
3
1
247
3
20
1
1
1
1
10
1
3
1
2
1
3
119
2
2
1
3
53
1
1
3
10
1
3
3
3
3
1
1
29
11
2
1
1
1
2
3
1
100
5
1
4
3
39
2
3
5
8
198
1
84
6
1
1029
9
4
1
1
1
1
13
46
3
84
9
2
9
67
6
3
1
47
208
52
3
1
1
4
1
1
2
21
3
1
5
54
2
10
3
1
4
1
1
2470
4
1
4
1
1
1
31
2
43
1
1
1
2
1
3
1
1
1
3
1
126
77
2
3
3
5
2
6
2
1
7
1
60
28
1
9
2
2
14
1
1
1
18
1
5
1
11
8
1
3
9
1
1
2
4
1
4
12
6
1
3
3
1
13
2
2
429
3
2
1
3
1
1
2
1
1
1
4
8
23
1
181
90
6
1
79
1
7
1
2
2
1
1
1
2
1
43
1
9
2
4
1
1
296
15
1
2
1
9
1
1
1
1
9
3
402
1
1
3
3
14
1
37
1
19
5
1
1
1
1
1
1
1
3
2
3
1
1
1
4
37
1
4
1
5
1
3
1
1
1
1
1
32
1
2
8
1
136
2
1
3
6
4
1
2
1
2
1
7
32
2
1
1
65
1
2
2
1
1
1
1
2
10
3
1
2
1
5
1
91
1
334
4
2
24
1
2
17
3
22
1
8
5
1
2
3
2333
1
1
663
2
49
5
1
1
2
47
1
387
22
2
7
2
1
1
2
2
7
1
1
2
1
1
18
6
3
26
2
3
43
10
1
1
4
6
10
27
1
2
1
1
3
1
5
3
3
1
5
4
11
6
2
9
3
25
1
1
196
1
2
4
2
77
38
1
1
1
1
1
27
2
4
2
1
1
1
6
70
6
5
3
1
4
2
27
8
30
1
3
1
1
1
3
3
1
3
1
3
1
1
1
2
1
184
1
6
4
1
1
1
1
2
1
1
1
1
13
2
1
30
2
21
1
18
1
1892
2
330
1
257
1
640
1
2
8
4
1
1
25
4
153
15
1
18
4
6
2
708
17
7
5
1
2
2
1
7
3
75
1
1
2
1
1
1
71
18
29
3
16
1
42
1
1
75
1
1
8
2
5
1
8
1
180
3
2
2
1
1
1
1
1
2
2
38
2
1
2
3
40
179
7
1
5
2
1
1
2
1
1
68
1
228
29
8
3
1
2
3
59
1
2
1
10
1
1
1
35
4
50
8
368
8
5
2
7
1
21
1
1
2
1
1
1
2
2
2
1
1
1
6
4
2
36
1
1
1
119
7
1166
1
2
3
2
1
16
3
1
4
2
1
1
1
1
1
1
1
6
24
13
3
1
33
1
1
6
2
2
1
436
4
1
3
1
1
11
1
1
143
2
2
2
5
2
1
29
1
2
39
49
1
42
2
5
5
2372
2
1
1
28
1
28
1
1
1
2
3
1
1
1
10
1
4
1
1
14
4
563
1
311
2
1
7
61
10
4
2
77
2
1
1
1
6
12
14
7
2
1
10
7
3
6
362
4
2
339
3
244
1
17
1
2
3
1
3
1
59
2
1
1
6
1
994
1
1
6
2
1
1
15
10
87
1
8
1
1
9
2
237
9
12
2
1
1
1
1
2
4
2
998
7
260
3
6
1
1
2
2
2
1
3
4
3
11
1
96
3
1
1
10
18
3
11
1
1
138
716
4
2
1
54
2
7
50
1
1
3
1324
1
1
177
2
6
17
3
5
20
1
1
2
2
2
3
5
1
1
1
3
3
1
4
6
2
1
3
1
1
99
2
1
17
19
3
1
3
40
2
9
1
1
28
1
6
1
4
1
8
52
2
1
2
1
3
2
1
291
27
1
7
1
1865
11
3
45
4
1
4
1
7
1
1
8
46
2
4
22
4
4
1
68
744
10
1
3
13
1
3
1
1
1
1
7
1
35
2
2
2
3
3
2
2
1
1
7
2
1
3
3
177
2
2
2
336
4
1
48
1
2
3
1
1
1
225
38
1
2
2
22
4
3
25
1
1
1
4
1
2
3
1
1
10
1
2
4
1
8
1
2
1
2
1
1
1
1
1
1
7
12
24
2
1
1
1
3
1
1
2
2
32
19
14
10
1
13
1
1
2
12
1
13
2
1
1
10
4
5
2
1
3
1
1
210
2
6
1
1
1
1
1
4
3
1
1
4
1
2
5
1
67
1
2
1
1
1
25
1
3
5
297
1
1
4
2
1
1
1
1
1
2
4
7
1
1
3
7
9
4
95
2
1
5
1
4
2
2
64
2
1
1
1
1
1
2
1
3
3
3
1
17
1
5
1
2
6
1
1
3
625
6
1
1
15
7
1
1
21
54
1
1
2
3
363
8
11
3
1
1
2
6
3
208
2126
1
32
2
3
2
1
1
2
11
7
65
5
1
7
1
4
5
1
19
1
5
1
1
2
2
2
2
1
6
370
3
1
4
1
259
1
1
4
1
120
1
2
1
1
1
1
14
1
2
3
52
2
25
1
1
2
1
8
5
8
1
1
2
11
2
8
2
1
3
1
6
2
1
1
1
2
7
2
1
1
2
3
1
1
1
4
187
1
44
19
2
9
1
1
26
6
7
1
1
2
13
11
4
8
1
2
1
1
3
1
5
1
82
2
1
2
1
8
10
2204
8
2
1
18
3
80
4
1
1
1
15
21
52
7
36
3
2
1
34
5
8
2
2
1
1
1
4
23
505
8
645
64
8
4
42
5
2
3
4
3
6
1
58
1
21
3
39
1
3
14
4
1
26
75
4
5
1
22
4
17
1
1
4
2
42
1
40
1
1
73
1
2
6
1
1
1
2
1
1
2
1
3
12
1
1
4
1
1
1
1
49
6
2
2
2
26
5
158
2
1
1
1
10
2
1
3
1
2
1
11
2
6
15
13
1
22
1
1
21
1
1
1
8
24
1
90
15
1
1
562
2
2
6
1
1
1
5
1
2
1
1
1
2
2
24
75
2
1
2
2
1
10
5
4
1
12
1
15
4
3
1
1
4
9
1
25
3
1
6
84
1
164
7
1012
1
1
1
9
3
1
1
3
1
2
1
1
3
5
2
2
2
1
1
6
1
3
1
1
2
2
9
2
5
1
37
110
1
1
3
137
12
3
6
1
122
138
1
1
5
71
2
9
1
10
1
7
51
329
4
8
1
2
85
1
9
3
1187
2
4
1
1
2
1
2
47
1
1
2
1
1
1
1
1
65
1
4
1
1
39
4
1
91
513
1546
42
1
1
3
5
3
1
1
14
4
1
2
2394
2
16
5
1
12
1
1
2
1
18
2
2
1171
56
5
4
2
8
1
2
1
11
1
2
31
2
1
2
32
1
1
246
2
4
2
3
3
38
32
3
4
1
13
73
1837
2
1
7
1
2
1
1
12
40
1
9
2
5
5
5
1
4
1
2
17
2
57
1
4
2
1
1
3
1
2
6
113
1
15
1
1
1
1
1
43
3
1
14
1
13
1
2
2
17
4
3
1427
5
39
2
2
2
8
101
88
1
1
2
4
1068
1
4
1
4
2
65
18
5
3
6
78
1
1
2
2
4
1
1
1
5
17
1
1
17
1
1
1
1
2
1
34
2
1
2
1
2
1
2
99
1
129
2
2
1
2
2
1
10
1
1
898
2
6
2
1
5
2
1
52
1
2
3
2
14
46
1
2
4
3
5
17
1
34
1
1
9
7
1
3
1
2
2
1
14
1
3
1
13
1
1
1
1
3
1
3
22
6
2
64
3
1
4
1
1
2
1
17
1
3
1
10
2
4
400
5
1
1
23
3
1
12
3
5
1
2
56
1
3
16
7
1
1
5
1
829
1
11
1
16
200
1
81
3
6
3
4
151
77
3
1
10
252
1
1
316
1
1
2
4
1
1
1
2
4
1
4
17
9
1
155
1
3
1
4
2
3
1
1
33
1
2
1
1
8
1
3
1
1
1
13
4
3
11
7
12
27
1312
12
30
3
1
2
4
1
1
2
1
210
1
3
1149
7
1
23
1
1
11
24
4
2
4
1
4
2
2
10
27
1
17
1
1
1
2
2
4
2
1
2
1
2
19
298
1
24
5
2
10
2
5
1
10
6
1
5
5
2
2
38
1
1
2
2
1
356
5
1
5
2
11
1
2
2
1
1
2
7
1
5
1
1
1
2
37
474
3
1
1
1418
1
1
1
12
1022
1
1
1
1
2
1
1
79
1
3
2
6
11
5
1
1
1
2
5
10
96
123
2
1
430
1
2
4
1
15
2
92
151
1
2
3
2
1
32
1
37
1
84
17
4
4
6
1
1
7
1
5
2
1
3
2
21
4
31
1
1
519
10
250
1
1
13
1
1
1
2
2
4
2
1
273
37
14
2
1
2
1
2
3
2
2
1
5
3
1
56
1
8
1
11
1
10
1
8
1
1820
1
12
2
2
35
1
1
1
1
1
1
63
3
1
4
1
20
1
3
2
37
1
2
1
1
2
3
62
50
97
1086
2
5
1
1
12
1
1
1
1
3
5
3
48
2
10
2
1
1
5
5
1
1
2
379
21
30
4
1
1
220
27
6
1
1
5
2
14
2
1
1
1
7
708
1
97
20
8
2
2
1
2
1
7
133
4
1
6
1
5
4
1
4
6
1
2
7
1
4
2
1
11
6
2
1
1
6
1
1
1
3
2
2
1
1
2
10
2
1
1
181
1
6
3
10
21
49
1
1
1
1
1
2
4
1
1
3
2
14
2
3
2
125
2
1729
6
21
1
9
37
3
14
10
687
3
371
273
5
6
3
3
14
1
1
12
1
41
1
65
58
1
1
6
6
1
2
4
5
1
89
28
3
1
2
2
1
6
1
2
1
1
22
5
3
1
1
1
1
2
8
1
4
2
1
1
4
323
49
5
1
1
2
809
3
1
1
2
17
1
1
19
28
2
1
1
8
1
12
5
1
2
4
3
2
132
95
2
1
31
19
2
6
5
1
272
1
1
1
10
2
6
2
2
1
9
1
1
67
42
5
2
50
296
3
2
10
1
1
1
1
10
158
1
8
1
285
1
1
2
8
1
15
6
1
1
1
1
1
1
2
1
11
13
1
3
5
1
5
2
5
16
1
5
1
13
2
3
1
110
2
58
32
3
9
1
4
1
3
4
2
1
2
24
2
1
84
43
1
1
1
1
2
1
29
1
1
7
32
2
1
5
1
5
1
90
1
5
1
6
1
1
3
1
94
1
1
454
2
155
228
292
2
1
2
7
1
12
1
2
1
1
2
1
1
33
7
1
10
7
95
27
10
2
47
3
1
4
2
3
11
1
1
130
3
19
47
1
118
67
7
1
9
1
18
2
11
13
16
2
3
1
10
1
1
2
373
9
1
2
4
6
25
3
1
1
19
1
1
1
1
1
1
22
236
39
3
11
1
1
6
2
4
1
3
1
3
1
1
2
2
12
3
1
9
2
1
1
30
1
20
3
1
1
13
1
2
25
1
222
5
1
1
9
3
1
1
187
1
4
1
40
16
7
4
1
4
749
5
1
16
26
1
1
4
1
1
9
1
25
1
5
1
2
1
14
1
2
1
1
14
2
1
1
162
2
2
1
4
11
3
4
18
6
204
1
1
5
2
3
2
33
8
9
4
66
1
43
1
3
2
5
1
1
3
1
7
1
2
5
4
26
1
1
3
1
27
1
4
37
2
2
1
2
3
1
3
1
326
5
1
68
8
1
1
5
1
1497
3
17
2
2
1
130
1
1
393
1
37
49
49
1
8
54
37
5
2
2
101
24
1
5
1579
1
869
1
1
1
1
1
2
5
183
28
10
1
5
1
2
1
7
1
1
3
1
1
10
11
25
1
230
1
22
1
5
6
1
9
8
1
1
1
2
12
1
11
3
3
278
202
4
6
2
2
4
3
4
5
3
1
5
1
1
429
1
62
8
1
1
2
1
3
1
1
1
1
61
1
12
2
1
2
47
9
1
16
2
1
167
4
3
71
1
1
1
2
1
4
4
2
59
7
6
1
8
1
4
1
1
1
23
3
2015
2
3
1
1
289
1
33
1
1
1
1
2
1
8
1
2
1
5
94
1
1
2
2
1
1
1
1
5
3
1
4
1
2
3
1
1
1
1
2
2
1
16
1
2
1
2
1
1
7
1
6
12
25
33
27
25
1
1
2
18
1
3
1
2
98
21
14
2
1
888
39
1
3
8
4
3
1
1
6
22
141
53
1
2
1
1
1
1
955
1
4
1
4
1
5
1
8
2
2
1
1
2
4
1
1
27
5
1
16
5
19
1
1241
54
1
1
28
1
6
34
1
1
11
74
20
376
1
2
1
3
3
7
2
3
1
1
2
1
1
5
1
11
1
6
1
253
1
2
5
1
5
1
30
1
3
20
1
1
118
1
1
2
1
6
1
104
1
34
738
30
1
5
1
6
29
1
1
1
6
21
430
16
1
1
8
1
1
1
3
1
1
2
38
2
2
3
1
3
1
1
23
3
4
3
38
14
1
8
66
27
3
3
14
4
26
9
6
2
101
1
1
156
4
1
2
1
3
1
26
1
8
68
2
1
12
3
1
1
4
1
2
1
2
2
42
4
1
1
1
1
3
1132
26
7
2
25
9
163
1
7
6
3
1
2
15
1
25
1
2
2
3
1
4
2
1
1
3
1
2
4
3
2
72
10
35
2
5
2
1
168
1
1
1
55
1
8
3
1
7
1
5
1
6
22
12
11
33
1
1
11
1
1
1
15
24
1
1
33
10
1
31
104
1
5
2
1
1
1803
1
12
1
8
2
3
1
1
1
22
16
3
2
7
1
2
1
4
3
1
32
57
5
1
100
3
311
1
2
172
11
2
1
1
99
2
4
2
2
1
5
1
8
2
266
8
4
1
1
3
1
13
44
58
3
2
3
1
35
1
5
2
1
178
2
1
7
2
1
3
2
1
1
46
319
1
1
1
1
19
14
2072
196
1
53
15
18
549
1
40
2
4
1
1
280
35
1
927
1
1
1
2
18
5
1
7
3
5
1
1
1
2
16
2
2
6
2
422
3
1
88
6
12
1
1
3
1
19
1
2
1425
1
1
1
38
3
1
1
4
1
1
3
8
28
2
3
1087
2
123
4
6
1
1
1
1426
79
4
1
24
2
2
1
2
1
1
25
1
1
80
260
606
1
1
5
1
2
1
812
1
1
6
1
1
1
3
1
3
3
5
1
3
11
2
1
1
1
8
1
2
3
36
1
3
1
1
56
16
5
2
6
6
2
4
1
1
4
1
2
11
109
1
59
1
1
2
1
1
1
1
528
6
20
6
1
2
1
3
2
3
10
2
5
1
15
1
37
2
1
11
1
12
56
1
1
688
1
1
269
10
737
356
1
45
1
18
1
5
36
7
1
1
2
1
2
1
3
8
1
2
1
1
10
1
3
34
18
1
1
1
10
8
35
1
6
2
1
1
2
7
5
268
1
2
8
10
391
562
2
1
3
1
1
11
7
1
22
9
110
1
1
2
1
6
1
497
12
1
1
34
1
8
5
10
1
5
1
2
1
8
1
10
2
1
5
13
8
1
5
1
10
3
2
1
1
1
1
7
1
3
10
120
1
1
22
43
798
14
3
18
1
26
5
4
2
1
1889
1
35
3
2
1
109
6
1
10
1
3
1
1
1
173
30
11
1
5
2
129
30
371
3
2
1
4
201
1
2
2085
11
7
2267
1
2
1
1
1
4
1
1
12
3
2
1
2
4
6
4
6
7
4
1
2
20
218
1
1
2
1
3
1
32
2
1
1
1
2
11
2
2
53
3
3
1
3
8
2
1174
5
4
22
2
2
1
1
305
4
34
1
2
8
2
1
45
3
9
77
1
5
3
11
64
1
1
1
3
1
1
1
11
1
3
1
1
2
37
2
1
2
34
1
1
1
1
1
2
1
3
1
2
6
1
2
1
1
16
1
20
9
1
2
1
1
5
1
348
1
1
21
1
1
820
10
1
1
2
2
1
5
1
3
1
1
8
129
1
1
1460
3
844
1
2
8
1
1
4
146
4
419
4
6
2
11
9
2
2
1
2
71
1
1
1
1
3
1
1
4
12
3
17
1
17
1
27
8
3
30
18
1
44
14
6
10
22
2
11
2
8
1
1195
2
83
28
1
1
1
1
1
115
1
5
1
56
1
2
1
12
1
1
4
1
2
2
1
1
1
1
2
3
11
1
1
4
2
1
1
28
2
17
9
3
1
1
1
1
3
2
1
13
1
1
7
1
5
1
1
2
1
1
11
2
4
18
16
1
8
6
33
19
1
15
3
2
172
4
10
3
22
1
1419
4
1
32
1
8
1
4
3
4
24
1
1
6
4
1
3
3
13
1
1
6
252
1
3
1
1
25
2
11
1
884
1
2
2
117
1
4
5
10
1
1
3
3
554
2
333
43
19
29
11
5
1
1
1
2
8
171
84
1
2
1
1
99
1138
932
25
12
10
1
40
11
5
3
4
1
6
2
1
4
5
792
1
4
13
138
22
1744
1
2
1
2
403
4
7
2
4
1133
13
1
1
1
1
1
1
1
2
1
2
2
1
5
2
1
2
2
909
1
1
1
2
2
8
94
5
1
5
5
26
901
1
1
1
243
1
47
1
1
1
1
9
38
255
17
2
166
3
3
3
6
1
1
1
5
1
5
2
1
13
1
1
2
20
7
1
2
1
2
1
57
6
16
85
1
1
1
1
1
4
3
1
1
2
1
9
1
1
1
62
1
1
1
1
7
1
5
3
3
11
3
9
1
744
1
1
6
4
62
13
2
1
6
1
1
1
4
1
1
1
81
1
2
3
20
1
129
2
3
1
1
1
1
1
36
208
7
2
6
231
11
1
7
4
2
2
1
2
13
1
246
1
10
1
2
2
1
1
2
1
22
2
3
3
5
2
14
126
5
10
5
1
2
6
1
5
1
1
1
1
2
1
58
1
1
14
3
5
1
1
1
4
1
1
1
1
4
11
8
1
3
1
10
1
12
1
1
1
2
911
3
172
2
7
116
14
2
1
5
6
1
1
1
1
3
1
1
1
7
1
1
1
1
1
1
1
1
1
1
1
1
2
2
14
62
5
1
7
2
17
3
3
1
3
1
694
1
1
19
2
1
1
4
2
13
28
6
10
1
9
1
3
3
25
4
55
4
37
10
12
4
81
1
1
35
1
1
1
1
4
1
70
3
2
2
4
1
1
4
1
3
3
340
2
5
1
31
1
1
11
1
1550
98
2
1
2
4
1
4
1
2
1
37
1
6
9
17
12
1
17
4
1
5
1
1
1
1
1
2
1
1
4
3
6
3
8
1
2
1
2
3
396
1
9
17
12
3
3
4
1
1
7
2
3
1
2
11
2
1
2
2
4
2
1
14
16
5
1
1
2
165
1
1
1
3
10
17
2
3
1
1
7
1
3
1
2
14
2
2
1
3
1
2
1
1
1
1
1
1
3
1
135
3
2
2
1
1
8
2
43
1
1
1
1
1
2
3
324
3
1
4
1
802
1
2
1
1
1
2
81
7
2
1
1
11
4
5
3
1
1
73
1
5
7
2
29
8
18
1
12
1
1
599
2
4
1
37
1
3
14
1
1
1
1
1
16
2
1945
1
225
5
1
1
102
2
3
4
1
33
3
580
1
1
4
79
1
22
40
6
8
1
34
108
2
2
1
1
3
2
2
1
14
1
2
2
4
1
17
3
2
1
6
26
1
14
1
168
33
3
918
1
21
11
12
1
5
15
3
10
1
1
1
1
2
1
1
2
2
1
6
1
1
3
1
1
3
2
21
4
2
1
4
1
2
7
1840
35
100
7
1
35
1
2
2
94
17
1
12
4
7
4
1
154
5
1
235
1
1
11
1
203
26
16
9
50
1
19
1
2
1
2
5
56
1
1
259
1
1
10
50
2
3
1
1
1
1
12
7
24
25
2
1
1
1
6
2
263
1
1
23
1
6
8
1
23
1
1
1
1
1
4
32
2
111
1
3
35
542
1
4
1
1
3
1
2
1
10
10
1
4
4
8
28
1
1
3
2
2
3
15
2
1
1
44
131
2
5
4
5
1
1
1
1
1
2
2
1
288
2
2
11
1
1
1
6
38
5
4
1
4
24
6
2
1
1
2
19
6
3
1
1
1
6
50
3
17
1
10
6
1
3
2
1
6
1
7
361
1
2
3
1
1
15
1
3
1
1
1
2
21
1
1
6
2
1
294
2
458
22
1
62
1
12
4
1
2
1
2
297
1
3
1
1
11
472
1
71
1
2
3
1
2
7
1
2
1
17
45
45
1
17
2
1
1
1
2
52
1
10
1
1
2
2
2
3
1
26
25
7
11
1
5
2
3
21
1
1
1
1
3
2
1
1
2
124
1
4
5
1
1
1
9
1
1
1
6
1
1
1
1
7
113
2
15
1
36
3
3
1
12
1
9
1
44
3
1
5
9
1
1
1
1
1
19
1
1
1
2
5
36
3
5
1
1
2
1
2
10
10
25
5
1
1
8
1
101
2
2
3
103
1
2
4
12
1
2494
233
4
6
2
2
3
1
1
5
1
1
4
1
1
2
6
1
2
3
1
228
2
7
1
1
1
4
1
2
1
2
3
1
531
1
8
285
8
4
1
1
1
1
730
1
1
8
40
10
5
11
2
63
34
1
15
1
109
77
1
3
1
3
1
2
1
1
1
17
1
7
90
2
8
57
1
2
1
1
2
1
1945
237
7
1
162
1
2
3
12
2
62
1
14
10
4
19
2
1
3
2
2
1
76
62
1
2
73
2
3
470
1
1
2
53
7
1
10
4
1
1
1
1
12
4
2
5
1
1
1
7
12
6
1
34
1
1
1
8
1
2
1
1
3
26
1
3
13
1
249
2
1
1
1
1790
1
2
2
1
4
3
4
5
1
1
1
7
4
7
1
7
1
1
25
1
1
1
129
3
3
1411
1
27
9
109
1
5
1
9
2
13
1
5
3
4
33
1
1
1
3
1
5
22
23
3
1
8
1
2
1
12
1
5
14
21
3
4
6
59
83
2
3
3
1
27
25
1
2
1
3
1
4
1
1
2
6
1
5
12
2
1
1
1
8
1
2
1
1
3
3
72
1
1
1
2
1
1
2
4
2
12
1
3
5
7
4
18
1
12
57
1
1
1
3
266
7
1
3
1
24
1
21
1
4
1
1
7
13
30
7
4
8
1
1
3
1
13
3
5
1
1
62
2
24
1
6
4
1
6
2
25
1
10
183
1
1
1374
3
2
24
3
9
1
1
1
379
7
2
6
1
1
1
25
17
1
5
3
93
8
1
1
1
6
1
2
1
1
8
3
2
10
95
50
1
1
7
2
82
3
36
1
369
1
3
1
4
1
14
1
1
18
2
747
729
6
1
50
5
2
5
2
2
1
1
1
64
5
7
4
18
190
48
3
2
2
1
9
1
7
7
3
2
1
2
1
2
18
1
1
7
2
75
1
1
2
2
2
5
1
13
1
6
1
1
61
2
1
741
148
1
1
1
4
8
1
1
3
86
25
1
1
1
2
26
4
1
57
1
1
4
24
2
28
1
1
4
4
15
1
11
1
1
44
2
1
1
1
1
28
124
1
35
1
2
1
1
4
3
1
3
8
10
1
13
2
11
3
2
4
6
5
92
680
2
2
3
1
55
1
2
2
1
15
17
156
4
1
2
5
1
1
395
54
17
5
2
2
12
1
1
1
27
2
1
5
4
2
2
1
3
13
2
1
2
1
3
1
34
1
3
8
1
14
4
221
1
12
2
2463
1
1
3
8
1
177
10
37
1
1
4
1
1
1
2
7
1
1
23
3
18
1
4
15
4
5
1
2
40
3
9
4
6
6
28
3
5
2
4
1
2
1
6
1
18
2
1
45
106
4
39
1
4
137
10
4
3
133
6
1
1
4
156
12
1
2
1
1
2
1
3
3
14
1
1
1
2
1
2
1
1
1
1
1
1
57
1
3
1
1
1
2
18
10
4
18
69
1
1
4
16
1
1
1
1
2
2
1
2
77
1
23
118
69
1
4
1
1
15
1
3
1
1
13
4
1
1
282
1
15
12
1
24
2
1248
9
27
5
2
1
1
3
8
2
1
1
1
3
5
1
1
3
5
53
2
20
2
1
3
1
1
53
4
2
1
4
1
2
2
1
7
264
6
1
2
1
19
5
1
6
10
4
1
3
17
3
1
3
8
1
4
15
1
1
1
1
59
2
1
1
101
2
1
1
44
812
2
2
5
6
1
5
456
6
1
14
1
1
28
28
22
2
6
36
3
1
1
1
9
3
1
102
1
2
3
3
9
1
1
1
9
3
10
3
19
2
1
17
1
1
2
9
1
1
2
9
1
7
5
11
1
1
7
32
1
12
4
1807
15
8
5
1
24
1
157
1
2
1
1
2
1
27
2
2
1
3
8
1
4
58
3
114
3
2
6
1
3
1
1
66
1
4
54
1
4
1
1
1
2
2
2
1
1
2
23
1
1
3
1
1
1
1
916
1
5
3
2
2
1
1
1
2
1
3
1
1
4
11
4
18
4
20
1
64
1
3
1
336
1
75
1
1
1
11
7
30
5
9
1
148
1
1
1
3
1
24
943
11
5
3
2
1
2
1
2
8
2
145
35
147
1
32
1
1
8
1
1
8
3
7
2
8
1
2
3
3
1
2
2
1
1
75
1
1
308
1
7
1
15
1
1
3
618
3
48
1
38
1
2
8
3
1
8
1
1
2
1
1
1
179
1
1
6
1
1
101
2
10
2
1
1
7
1
1
1
45
23
5
1
1
2
3
1
1
11
2
40
989
84
3
1
1
7
21
1
1
29
14
1
1
1
1
1
1
407
5
4
10
1
1
23
1
9
5
2
2
19
7
4
7
1919
117
1
2
1
2
1
41
2
1
194
1
2
138
1
12
13
2
1
1
4
1
20
10
1
6
7
1
3
1
1
4
1
1
7
1
111
5
1
2
1
4
175
1
1
1
5
10
1
2
2
29
1
48
4
8
3
2
1
2
16
2
1
1
993
114
2
11
2
3
6
1
12
1
1
1
1
2
1
3
4
2
6
336
1
1
11
1
1
3
3
1
12
10
2
1
5
20
1
1
1
1
8
6
7
34
1
9
23
3
1
1
1
5
106
1
2
1
19
4
1
1
4
1
1
1
3
12
3
1
2
1
2
2
2
25
123
1
1
2
1
1
1
3
1
2
15
4
1
1
5
4
2
1
2
2
1
1
1
34
5
15
1
22
1
2
14
3
1
1
14
1
13
1
1
1
12
3
1
1
3
1
90
1
2
1
1
5
1
45
6
1
34
1
2
1
7
2
10
1
1
77
1
23
1
3
1
1
4
10
1
9
78
1
21
1
4
14
3
33
278
1
1
40
2
40
1
3
46
20
1
11
2
1
6
1
2
12
1
27
2176
1
4
1
1
2
2
1
7
1
5
3
1
2
1
1
5
1
1
160
1
3
11
10
178
2
1
1
1
1
1
9
1
29
1
1
6
20
12
20
2
3
16
1
1
2
1
11
62
11
16
1
2
1
69
9
1
1
40
3
1
14
2
1
5
9
6
21
3
3
2
4
20
1
75
2
1
1
1
16
2
2
1
10
1
1
100
1
4
5
18
1
1
1
4
845
11
13
3
10
1
1
14
1429
1
1
1
2
30
2
3
5
432
5
1
2
1
1
1
29
1
1
9
2
10
1
3
1
2
1
27
1
1
4
8
1
3
1
1
413
3
1
1
2
1
1
4
2
1
1
1
8
1
1
44
2
3
4
12
2
8
1
1
1
11
1
4
1
3
2
575
3
7
1
1
4
1
1
6
2
1
2
35
1
13
54
8
1
1
15
1
193
1
5
14
2
1
1
1
155
7
1
11
1
1
1
21
1
4
7
1
1
5
3
2
1
1
3
1
7
6
2
1
6
1
1
1
1
1
1
3
33
17
366
1
1
2
4
1
5
4
2
2
1
1
1
1
1
1
1
1792
1
1160
3
55
2
5
11
1
8
1
22
2217
3
1
71
11
1
31
1
64
17
5
1
22
770
1
599
55
1
18
11
2
1
1
19
3
2
1
159
2
2
106
1
1
1
1
9
2
1
15
328
1
1
1
131
59
2
10
1
8
1
1
3
1
26
4
3
3
1
1
111
1
141
2
8
2
32
103
1
245
1
3
6
2
1
1
2
5
43
7
1
2
3
1
1
3
3
5
2
1
6
7
61
365
4
1
2
1
531
2
1
1
1
11
1
10
1
1
2
1
14
1
1
1
1
1
20
74
2
4
6
7
12
1
3
1
1
2
1
1
1481
1
25
1
2
2
4
68
54
1
1
1
2
1
2
2
4
217
1
1
1
45
5
72
3
7
1
9
1
5
31
10
8
3
3
2
1
1
26
1
6
1
2
3
1
1
1
5
1
2
1
1
8
9
4
4
2
1
12
3
1
1
1
13
1
1
2
34
155
22
2
4
1
420
1
501
10
1
3
1
56
1
3
34
92
7
1
1
1
1
1
1
1
6
1
1
2
3
8
1
3
7
4
2
9
9
1
5
1
138
2
3
3
1
6
186
2
2330
4
1
2
5
1
2
13
7
91
5
2
10
7
12
4
171
3
1
1
1
1
1
2
1
4
2
4
1
2
14
3
1
81
39
30
1
1
1
17
1
3
9
23
7
15
212
7
3
5
1936
2124
1
77
3
1
7
2
6
7
1
1
2
1
4
1
3
2
799
3
1
4
2
20
11
2
8
1
1
1
3
2
18
1
6
8
4
4
1
4
29
1
1
1
1
7
3
38
7
5
33
3
8
84
7
3
1
1
6
4
9
1
22
10
5
1
4
1
5
1
10
3
1
1
1
2
3
1
4
25
3
5
14
8
1
289
3
1
2
3
43
1
2
2
1
3
1
4
9
1
1
10
1
2
21
6
2
1
1
1
3
2
2
239
3
2
1
1
1
8
1
11
1
50
2
1
1
1
9
2
2
6
1
1
1
2
6
7
1
1
1
1
1
3
2
4
1566
1
2
48
82
43
1
4
9
1571
47
5
1
8
1
13
89
50
1
2
1
1
2436
1
23
1
1
9
4
18
28
1
29
13
1
3
4
3
9
1
6
434
4
4
3
9
20
4
483
26
1
88
21
1
18
5
2
30
9
2
1
2
1
17
1
2
7
24
76
2
1
246
3
11
3
1
1
2
3
12
1
1
2
2
1
2
1
82
1
1
1141
23
1
2
93
2
122
1
1
1
1
598
2
5
4
2
505
35
1
2
1
3
1
2
4
2
8
1
3
1
72
1077
1
4
1
19
1
3
25
1
1
3
1
6
1
18
2
4
2
71
5
2
1
33
3
1
1
1
1
1
1
1
1
1
1
1
1
1
11
12
2
9
1
3
209
1
2
1
170
3
14
1
35
1
2
2
7
1
2
2
2
2
3
1
1
1
57
12
2
1
1
170
6
2
2
1
27
4
1
2
56
3
1
3
1
1
99
1
10
225
1
2
1463
1
2
1
1
5
1
1
48
1
1
1
1
5
21
3
5
2
61
1
1
2
4
19
3
3
3
42
1
119
1
49
2
2
1
5
9
46
496
1
5
1167
73
1
198
3
1
1
6
4
8
1
1
2
1
26
48
145
1
3
1
4
1
380
4
482
7
1
1
2
1
1
15
3
51
2
6
1
4
13
5
1
5
1
1
17
1690
10
5
4
17
3
3
183
1
1
54
39
1
1
55
37
1
9
1
4
42
1
5
22
11
5
15
1
1
1
2
11
1
3
1
6
1
43
15
3
52
2
2
6
3
9
4
17
2
3
1
1
7
1
1
1
1
1
9
136
1
7
2446
1
1
1
1
19
4
4
1
2
1
1
1
1
2
3
1
1
1
1
4
1
2
1
17
3
1
2
5
1
91
3
5
1
1
1
1
1
6
1
1
1
1
152
9
1
1
92
34
2
18
1
194
21
4
1
1
3
4
7
1
659
2
11
1
1
4
43
15
2
443
6
1
29
4
1
1
1
21
2
25
3
2
1
2
2
1
138
7
6
1
2
187
1
2
267
3
4
2
792
11
1
1
1047
2
1
1
2464
286
1
1
482
16
83
1
4
1
44
61
6
397
96
7
23
1
157
3
3
2
5
1
33
1
2
1
1
1
3
6
1
3
1
1
2
1
1
1
3
3
3
15
2
21
22
2
19
1
131
30
8
1
1
44
1
1
38
1
72
19
1
2
1
11
1
1
9
1
1
2
1
1
3
31
4
9
3
4
1
1
5
2
1
1
2
3
13
35
2
29
2
56
2
1
1
2
1
1
2
3
6
4
2
3
1
1
1
2
5
1
1
1
1
1
10
38
1
1
9
3
7
21
3
16
2
1
5
79
30
10
6
2
130
1
2
2
62
3
4
2
2
1
8
3
1
30
3
2
1
260
15
1
1
3
1
11
5
1
59
3
4
1
12
1
16
7
14
4
4
3
7
16
3
20
1
3
1
1
3
39
3
1366
1099
38
3
8
2
1
2
16
10
1
143
2
3
2
2
1025
4
3
1
1
1
6
5
52
12
9
1
5
2
20
1
1
9
2
1
1
4
2
2
438
3
3
50
16
3
4
14
9
1
2
1
1
1
1
1
4
1
1
1
1
1
3
24
1
11
1
2
2
1
8
1
1
4
1
1
1
14
7
9
1
1
208
6
2
15
3
1
3
2
40
10
2
1
1
2
1
2
1
1
1
48
1
1
1
8
1
2
8
468
1
4
87
22
1
1
1
3
1
12
7
1
1
2
11
1
1
1
1
11
68
1
2
1
1
3
1
18
1
1
294
1
5
3
2
1
12
1
1
1
7
1
1
28
1
5
12
1128
6
1
1
3
1
1
210
2
1
13
2
1
3
5
1
1
13
14
101
4
1
1
4
1
2
52
12
2
4
50
11
19
3
1
47
25
2
2
9
1
30
2
3
3
1
1
15
1
3
58
3
2
87
1
1
1
1
10
1
1
2
5
1
1
1
1
14
4
2
1
2
1
21
9
14
1
1
60
18
6
2
1
362
1
8
1
1
395
156
6
2
9
1
17
12
5
15
1
2
1
1
1
2
9
4
1
3
3
147
9
4
3
1
68
784
2
147
1
649
1
3
8
24
1
2
65
7
2
1
1
1
19
4
14
1
1
21
1
10
2
14
3
9
1
2
1
1
1
9
2
1
1
1
6
1
1
1
26
1
18
326
1
40
2
1
1
1
1
1
2
1
1
1
1
97
1
1075
1
1
1
1
1
46
19
1
1
7
15
36
1
1
1
33
2
1
5
1
5
7
1
1
6
1
2
8
2
1
1864
2
45
70
1
1
71
4
1
4
3
8
4
172
1
9
1
21
1
1
12
3
3
2
14
1
11
15
6
1
3
5
5
39
1
1
1
123
1
6
1
1
20
1
1
75
7
2
1
1
2
1
2
4
1
11
1
1
1
1
1
6
3
2
1
3
2
3
371
1
1
9
106
2
1
1
95
2
16
5
19
4
1
1
3
3
1
2
90
1
10
1
2
2
3
7
1
1
7
1
3
7
570
4
2
1
1
2
1
1
74
1
8
10
2
5
8
1
1
2
1
4
14
5
3
1
7
145
1
1
1
156
2
1
103
1
4
10
21
2
4
11
2
2
1
1
3
10
2
2
2
152
32
1
1
1
2
2
1
1
1
1
9
124
43
1
1
194
1
6
12
2
1
1
1
3
1
2
1
1
12
1
4
28
1
1
1
1
4
50
1
36
4
5
6
1
1
3
1
4
4
1
1
1
1
8
96
1
9
5
2
2
1
6
20
1
5
1
1
2
83
1
2
1
1
2
3
1
5
5
1
1
78
1
13
1
1
292
5
1
912
2
1
1
139
3
2
1
1
2
1
120
1
1
1
1
1
14
1
3
1
1
489
2
2
2
1
1
1
1
14
1
2
1
5
1
19
3
9
1
2
11
1
4
1
1580
1501
126
3
1
5
1
6
5
1
12
1
1
2
150
2186
1
1
1
2
1
1
6
3
232
1
8
1
9
17
1
1
2
3
1
2
25
1
28
21
9
2
2
885
1
6
3
300
2
185
1
398
169
1
1
2
1
4
1
2
1
610
2410
18
6
11
1
68
2
1
15
1
1
1
1
5
1
5
1519
6
1
2
4
1
74
120
27
3
104
113
1
2
1
1
1
107
1
1
1
1
7
1061
1
3
1
2
6
2
102
1
2
1
1
1
2
3
2
1
1
1
9
4
1
1
798
9
1
2
2
139
3
1088
115
1
4
3
4
2
1
124
15
2
7
2
1
1
6
9
1
3
8
4
135
32
5
65
105
3
8
1
1
2
80
2
126
1
1
18
1
6
1
734
1568
10
24
6
1
3
1
156
4
3
2
49
3
4
1
1
4
7
7
4
1
1
5
1
2
4
27
127
2
101
4
85
2
1
1
4
1
9
2
276
3
1845
1
40
1
1
3
1
2
12
4
1957
1
8
2
7
1
2
1
3
2
1
1
1
1
2
3
29
50
3
1
9
1
1
4
1
1
1
3
1
22
4
146
115
1
22
1
3
14
1
11
1
1
33
1
1
43
1
449
589
7
9
1
8
1
1
1364
1418
1
1
1
24
3
77
2
2
1
14
7
1
6
2
1
6
2
5
156
2
4
16
450
7
4
2
329
1
2
1
16
5
1
123
1
2
16
1
1
2
1
2
1663
1
2
2
1
3
1
23
1
4
4
3
1
10
1
2
1
4
1
6
20
14
1
1
1
4
3
2
2
1
1
18
6
1
3
1
5
1
1
1
30
16
2
3
1
2
2
1
144
14
3
1
1
2
7
12
8
1
1
474
6
5
2
2
2
1
1
562
3
1
4
2
1
11
17
4
6
483
4
1
1
122
1648
5
12
2
1
22
12
12
8
1
103
42
1
1
1
3
2
121
1
11
1
9
41
6
14
3
2
7
66
1
1
10
2
1
1
1
3
3
1
9
1
1
2
2
1
1
2
1
1
3
40
53
1
2
6
364
4
6
6
1
2
1
1
75
1
2
8
1
5
1
91
1
22
4
1
1
2
2
31
1
1
1
2
2
1
1
36
1
1
3
48
2
1
1
6
1
103
1
2
1
2
3
1
2
3
268
69
11
7
47
2
1
1
3
196
16
5
47
2
4
4
1
411
3
1
6
10
1
1
1
1
589
4
1
1
475
3
2
2
14
3
6
1
1
11
1
2
1
3
1
3
79
1
25
3
48
1
1
13
148
5
1
1
1
1
30
1
150
7
1
4
1
1
7
1
2
1
5
5
1
1
6
1
10
3
2
1
10
5
1
2
1
4
10
6
1
3
29
1
1
1
80
9
1
1
1
7
135
7
2
3
8
1
1
1
7
1
3
1
1
3
1
3
1
1
7
1
2
40
2
1
2
4
3
10
22
1
1
497
608
63
5
11
6
1
2
3
1
83
3
1
1
2
23
1
4
1
5
2
1081
7
58
37
1
4
35
1
4
1
119
1
1
1
1
1
3
4
2
2
20
358
1
59
1
6
7
25
2
1
30
1
1
1
64
41
3
25
30
9
1
11
1
2
3
1
2
13
29
2
1
1
7
1
1
14
1
3
1
186
3
1
1
1
1
11
6
1
11
1
2
45
13
9
20
1
4
1
1
930
2
2
1
196
210
2
6
2
14
1
1
2
3
85
8
1
1
3
1
3
1
1
3
51
2
1
4
1
131
2
1
6
2
11
3
48
6
2
3
1
2
1
1
11
2
23
1
10
384
2
1
2
1
1
1
4
49
1
14
1
177
1
1
1
247
56
32
8
20
1
4
1767
26
1
5
3
1
10
1
17
2
470
24
2
5
1
1484
62
1
1
49
1
26
1
8
1
2
1
25
1
246
1
3
2
15
1
1
112
23
1
1
30
18
1
3
5
2
5
1
123
1009
4
1
13
2
2
6
1
75
2
782
1
1
2
1
1
2
1
16
1
1
11
2
3
12
24
1
81
2
1
1
17
1
1
1
571
5
1
1
11
1
1
1
1
3
71
182
1
1
1
1
2
4
11
19
1
3
3
1
1
1
58
955
28
2
1
420
1
2
1
210
2
7
1
2
1
13
9
13
27
4
1
18
14
1
52
5
1
1
1313
1
1
3
12
1
3
13
22
3
4
2
1
11
1
2
1
2
4
1
4
1
4
7
3
2
2
7
3
1
6
2
1
13
3
5
65
23
7
27
6
189
1
2
1
1
1
1
33
1
9
1
22
1
35
1
55
1
9
