32
430
1453
92
750
2027
121
2434
100
273
1118
150
305
1207
1571
98
1790
955
2014
513
52
489
784
601
388
1777
122
2060
246
82
515
24
1001
1911
986
130
526
241
2000
389
899
747
2219
337
1101
1327
47
181
717
429
4
588
1636
39
468
10
86
1722
749
41
785
36
1533
2105
2371
638
1487
360
483
948
2160
874
504
25
3
1443
85
555
208
1782
2273
496
1219
2383
319
2446
144
22
636
220
246
10
328
357
1066
93
361
44
65
1944
366
828
1845
1261
1045
1433
288
341
41
1708
106
1409
41
77
320
439
1603
2243
1363
665
276
45
2031
11
1723
73
583
582
282
1947
1067
17
1957
35
53
829
929
1246
367
382
141
663
211
1302
1007
53
1863
150
15
1695
2417
209
1953
1666
1791
145
2391
2291
78
742
1118
864
1596
31
326
78
4
667
591
1471
5
382
2342
12
99
4
41
973
233
1210
1506
969
1038
202
483
1537
350
73
2091
1460
1137
676
132
458
2471
1162
2053
29
112
460
107
89
1
1391
80
54
1696
1682
1417
745
427
315
1246
1039
110
4
1654
527
1093
121
295
1958
1774
241
129
97
1726
701
185
45
995
29
257
592
7
43
882
2300
177
423
768
64
1151
694
21
48
75
195
308
1189
1950
113
2113
655
2152
1587
911
290
655
23
118
1977
60
223
873
116
1175
2234
270
1843
2423
732
901
1258
1914
743
181
652
156
1844
38
966
112
1530
36
119
804
320
174
213
2170
2424
872
1995
2218
727
1215
1668
2298
739
116
2034
10
1128
131
182
1252
1087
576
70
5
1777
4
184
998
157
645
1137
341
690
57
612
581
172
8
60
783
371
14
2248
454
893
295
355
2096
1077
2254
447
66
379
1627
421
100
1751
399
1847
270
67
7
142
390
247
2167
87
59
17
1735
784
356
869
593
1238
394
344
509
1965
1658
180
311
1751
661
12
482
2279
1043
353
261
236
419
4
43
637
9
1
823
1847
1219
2087
1239
37
1954
1003
65
1388
85
835
980
2065
1589
978
83
1602
43
904
44
25
84
2043
816
1550
1768
2245
211
156
133
2119
790
92
1456
1380
20
656
403
205
153
1726
39
394
1693
1275
10
998
2023
1
189
1355
750
211
24
66
2396
2350
1688
374
1723
35
1211
849
1852
925
421
1215
1488
187
189
1258
1320
2462
1252
1716
40
1723
1296
192
1320
2140
2
324
580
2033
1926
195
978
2375
2231
1752
730
62
597
337
702
2024
2365
503
798
14
1548
1439
1320
414
169
35
200
1112
19
1291
168
188
2454
155
1549
1695
216
523
239
518
222
1248
2343
5
2102
317
47
1389
1831
1678
1566
318
1691
2399
57
1273
70
1394
238
690
131
242
65
149
1445
917
221
375
1515
25
67
651
130
1852
17
44
377
1982
82
1873
1313
694
1554
908
1120
78
338
268
215
1443
116
1597
495
1205
30
1987
1655
2460
1290
708
17
268
1507
189
846
348
189
196
6
1313
23
98
104
221
148
362
60
6
1498
1373
712
25
66
1872
945
28
475
2075
140
443
1372
688
663
761
365
1840
520
38
938
297
1509
1880
268
497
1543
1029
19
661
1374
43
672
2391
2399
1328
249
166
7
1682
540
516
114
657
758
133
1012
408
2094
2358
2096
101
39
1764
26
370
425
1284
916
219
312
1458
38
41
626
2179
29
146
1150
533
4
1434
63
544
110
666
1712
147
2175
755
16
953
811
2086
233
1186
26
175
1353
308
1470
525
2006
338
1869
660
1562
746
2
54
2460
933
24
835
992
230
2419
136
926
1608
28
1252
1005
1514
384
938
676
722
3
315
773
540
898
6
577
1463
68
1094
2021
1342
49
313
7
894
383
403
1782
790
1847
1004
2337
196
1537
531
161
43
2239
1063
485
1196
349
1911
301
788
706
6
1769
512
2409
1966
59
394
6
1807
983
1367
257
981
1078
561
598
1673
835
1294
2361
178
379
996
128
1360
85
1889
176
366
31
1146
1881
2299
33
150
1840
60
1643
1675
1377
205
8
337
1339
2457
383
191
872
285
2281
347
1652
1947
79
1
400
729
352
29
18
252
584
12
71
12
193
1651
6
874
347
1098
2379
1885
1555
61
862
392
2332
793
250
1487
224
573
8
585
43
35
654
1528
32
155
1229
402
557
34
1686
1680
1218
28
1689
1182
1003
148
710
331
128
2
1011
506
1418
101
1272
1518
1521
115
354
187
877
51
1432
607
1524
1863
1407
95
313
1335
428
217
1507
512
1528
1
1816
295
1015
2109
1880
2182
564
1404
1161
2168
2399
207
327
713
1003
1298
87
88
299
2207
685
671
13
225
1486
1059
95
848
830
749
146
1461
398
157
2134
2151
504
1850
786
1741
861
3
1089
10
256
384
398
140
42
16
1109
218
819
246
291
2
386
527
118
2108
1408
962
547
105
28
1791
167
467
838
941
90
751
92
373
140
1019
780
466
685
216
2095
1614
684
180
52
378
52
704
2103
1702
2426
2116
1195
486
811
40
5
346
178
1370
216
2028
1668
1675
148
956
187
1195
1372
975
1955
1495
910
933
2129
344
1294
686
363
41
2280
1308
135
288
29
607
750
296
42
447
2
64
5
2029
7
2471
454
163
724
950
2190
922
1976
2393
196
1462
160
2345
579
403
199
137
204
503
26
4
89
336
292
520
1726
674
21
385
151
1241
1
369
1281
1236
5
2147
2429
396
179
55
1006
955
1003
1685
14
1245
180
1668
949
328
1939
1398
440
1366
1911
1955
1015
1200
2319
621
295
1533
211
925
1797
139
1348
11
426
13
1404
2021
1203
209
834
1652
194
288
1620
1701
1240
591
534
1888
315
193
228
2237
2124
68
1513
56
300
7
223
62
947
373
359
1656
2443
960
750
378
1342
681
853
2204
111
293
56
1948
80
30
2069
385
830
789
147
1079
2
523
838
26
22
2055
455
1114
2
482
19
1770
78
2108
163
788
2054
1061
2380
946
265
1217
510
1679
858
286
914
49
4
32
2322
42
2019
73
991
1121
142
630
1765
393
130
2411
2227
988
4
1400
1600
2131
1488
97
1398
49
2444
1666
1815
1699
1051
1561
501
30
2
992
455
1495
1598
345
1482
994
382
1039
1735
559
49
1188
446
2410
187
52
17
921
1113
1100
251
1012
22
592
384
1346
1917
2331
11
1080
2231
213
293
1122
55
1156
1355
360
2221
1323
580
1986
1
4
319
650
60
2
769
695
1467
86
495
2437
2197
72
37
1905
52
1319
1162
829
976
9
1578
992
1819
797
2041
39
1564
2149
1582
1755
369
572
3
38
475
1038
81
1041
2250
52
17
1192
422
82
16
2082
1456
1987
331
28
1026
185
1949
469
912
81
1874
8
265
332
41
362
502
1271
2187
235
490
197
12
1612
48
633
235
522
656
835
89
125
790
302
369
230
1748
9
727
1100
2006
1135
255
703
1028
596
502
953
1
841
1387
1
1032
61
660
143
189
159
1455
1453
704
1222
1658
985
804
756
2368
6
1591
56
66
64
2349
26
2124
3
299
536
210
1
712
238
505
73
202
609
716
1910
1158
22
1683
1549
418
1160
102
2284
26
1082
10
864
14
154
907
421
523
1241
299
28
148
779
30
2197
107
384
380
1151
2043
440
425
327
1196
707
387
656
261
685
1168
1210
1163
162
690
648
1400
83
1578
2454
457
25
43
2060
221
267
1859
88
6
9
1384
53
542
1284
9
106
440
382
234
1504
2
915
262
409
1378
924
475
618
2
2174
1348
1914
1587
170
396
1048
39
108
895
408
2247
1804
571
577
983
13
928
1325
13
229
55
683
436
15
197
1854
1742
589
290
1224
139
206
13
40
2086
498
1474
345
245
1497
424
1637
430
4
98
218
293
1208
337
3
148
2319
2080
648
1510
1734
233
1797
1
1286
122
1752
2095
567
336
210
926
189
371
63
1301
420
59
759
2418
376
9
39
18
2440
166
103
1002
797
614
636
69
2444
831
794
1827
190
2064
239
2015
1381
1221
2285
300
86
285
546
21
291
2394
401
1314
235
2127
481
1482
2111
1396
2036
2277
227
881
1050
1721
9
271
1105
100
303
1784
6
146
136
313
2174
1805
230
162
2197
1961
1840
120
131
845
964
1285
130
88
823
1621
47
241
2155
2
1506
1257
1741
5
2483
18
1266
1245
1845
1888
214
1450
1
1286
7
61
673
893
169
2478
194
941
306
751
1166
573
98
820
1422
94
1587
425
1147
3
179
1685
1738
1958
215
962
2142
8
645
237
381
71
25
2067
1926
31
1816
596
1373
1801
50
100
14
498
173
27
1460
2320
9
2267
2166
77
137
1932
2466
286
844
1151
731
2284
950
1057
1398
889
1753
165
13
1396
1999
1283
2235
292
520
8
37
10
2144
162
1
1707
91
66
397
476
1465
1538
537
477
1990
1344
330
2
732
987
1446
1032
996
119
195
78
4
410
1657
1156
137
84
606
863
2182
1689
1256
2251
1726
50
511
1599
238
519
2415
2435
110
272
831
1841
48
1086
1458
2297
46
42
784
2075
2391
296
63
1703
1146
1572
95
393
540
152
1455
1478
1605
1141
961
5
1367
416
1691
35
272
317
1598
2234
2187
1
2
1950
119
100
951
354
174
705
2203
2
1408
107
440
95
477
1802
1222
1112
697
2384
37
2
893
2317
616
483
1325
55
189
842
19
462
1142
786
633
1913
1060
148
809
2079
787
909
651
15
2229
1144
1191
45
5
1091
1832
10
560
1186
306
2308
2436
1546
1447
388
79
104
2170
1881
1008
1004
557
1621
1238
1043
108
7
755
1317
1395
513
1307
151
1411
1751
733
883
409
2440
242
944
1022
112
581
490
1110
102
3
651
14
2215
1257
44
1432
702
1071
193
333
1162
2246
549
1955
54
1973
1257
299
376
793
50
161
870
88
2045
2325
242
687
31
2
1976
278
1558
2468
13
2499
820
42
107
2079
923
28
257
356
1875
2298
1200
1586
219
948
189
463
1394
7
2330
2319
5
794
973
5
2231
51
1042
12
1220
75
136
2083
387
174
2251
168
37
2428
1545
679
24
909
16
1252
10
635
328
211
2092
48
2066
1313
860
1347
2449
801
673
2341
1875
484
24
488
849
430
360
274
60
368
128
2261
202
241
140
859
361
22
1811
169
738
136
601
4
1789
816
193
583
696
416
1177
649
380
240
1355
26
303
845
21
285
27
1495
358
2436
1571
267
1595
1375
1220
1551
464
2488
995
135
2089
31
2202
1689
2305
1836
233
157
166
1
979
1163
2224
413
442
388
601
996
6
1630
698
109
979
355
83
404
381
21
138
225
4
114
2316
1025
144
2283
478
331
161
207
2393
1253
79
1615
262
1610
1840
527
484
526
43
314
1123
9
1161
341
1290
2497
104
972
1575
60
1232
1428
2224
554
1184
2282
864
1153
84
55
452
126
2367
1633
1202
2132
876
132
6
269
1
2076
31
244
51
1357
2026
40
267
539
251
983
2323
1113
1416
388
648
271
164
383
1266
478
815
2200
1831
101
618
3
25
1023
1778
1861
357
2266
2037
22
1128
2338
181
1866
93
527
296
358
389
264
1393
1193
28
845
2320
1179
1
1133
347
2
155
2359
1804
2091
71
188
1620
3
2413
563
730
997
2299
65
119
631
2369
279
48
75
45
428
2329
1456
458
411
2010
1
810
62
1964
45
61
2430
1149
245
1832
7
2178
263
1907
73
75
2416
729
289
558
202
25
1696
959
497
169
105
50
1
34
1856
371
687
2491
11
1484
752
1330
1148
3
1136
432
1235
2448
429
6
2238
1400
1305
21
233
2464
1050
1347
1018
968
215
1111
401
595
1664
470
349
1980
115
79
1490
1486
277
809
368
2378
248
489
1803
1439
1076
14
32
777
484
273
172
15
513
1413
1543
1103
631
1976
1569
155
33
40
907
699
1246
1989
1120
154
2410
571
117
1600
1742
171
1438
409
954
226
297
110
2397
457
64
2087
1288
725
13
1013
1018
1693
6
2027
1935
2275
56
263
827
371
2285
980
661
151
307
1645
246
1556
1
1917
1529
832
2302
2257
1450
2131
760
2057
183
1818
1789
97
722
2232
881
2038
2081
1009
222
367
737
497
233
343
1396
7
586
1893
30
1122
929
1230
11
1411
296
77
1590
1125
1029
259
2161
276
1349
1245
874
1578
535
762
1004
229
977
216
332
128
22
2117
18
1740
140
2289
28
374
126
323
1805
38
1423
1541
2464
882
55
285
1693
1965
315
28
347
796
145
2245
676
753
40
189
331
1383
1714
1111
243
601
728
1246
720
38
1127
2
49
576
239
82
36
596
2467
2345
204
778
91
1816
63
1852
362
1543
1221
260
1722
303
565
1379
858
4
472
273
111
36
2415
291
2
1834
850
650
6
1709
1169
1
24
728
232
1274
2208
554
313
135
2346
78
1220
169
1306
1809
83
30
33
244
651
50
493
286
6
563
36
36
828
1207
989
827
111
765
1136
1554
162
165
981
284
17
1371
739
411
698
17
96
273
107
144
384
122
1729
1266
539
253
621
1799
2119
17
92
183
671
44
2467
146
1799
1611
70
647
1318
1492
1318
27
1
1573
957
1356
95
31
1099
124
75
1929
1203
52
12
599
1
5
416
2091
1853
471
1038
1064
828
49
1152
1759
1540
168
2242
1120
53
1467
1446
1
1831
337
133
547
615
1633
33
82
15
1178
18
4
1978
1862
2149
1467
51
353
31
783
1012
509
1840
1150
35
2324
1812
538
486
74
428
1957
38
283
2419
1370
296
69
251
595
765
2113
20
9
448
18
130
26
1344
1713
271
1047
443
1636
1119
187
2199
2367
2181
256
110
258
736
456
617
21
1864
770
1173
4
1065
1859
806
2
2290
365
761
2001
2461
1729
33
49
48
108
1574
1599
1699
1791
431
80
29
1754
1899
157
212
932
20
54
716
1538
871
332
2027
908
629
639
7
8
198
877
596
1884
254
2464
342
1078
590
377
267
59
839
36
9
162
110
645
492
1286
160
1703
12
1373
544
1844
1545
1090
127
8
237
1201
239
75
2031
250
2410
1917
257
422
1573
42
311
240
15
1039
697
971
2287
28
1417
753
76
53
989
113
42
804
530
126
979
124
631
825
1109
501
622
1414
1112
1062
111
75
234
55
252
22
40
246
482
577
127
115
1091
2280
2313
1110
715
421
18
235
397
1760
56
232
745
35
39
1126
1534
13
1471
197
1365
587
24
2205
247
1229
1618
913
39
2
356
1998
2438
1296
350
2373
411
1616
792
702
795
2136
2391
2018
1888
10
20
1005
626
1687
45
2038
813
1234
43
497
986
653
1956
3
2268
1440
122
2203
39
656
1368
2325
280
13
60
1001
1230
1265
2225
179
2060
746
2207
1803
234
1473
1792
508
73
24
437
769
2184
1043
1175
2131
10
1337
1689
786
640
2158
631
286
428
298
1389
282
11
16
1647
2080
627
32
1416
52
2181
2469
351
581
4
381
175
135
53
1489
2423
1984
186
11
2180
1708
1090
1063
202
800
906
1329
82
2413
11
1685
375
278
66
1000
68
716
421
324
2
155
1101
60
539
236
831
2180
1120
88
1612
100
1749
2444
884
226
90
9
1875
2178
1372
2482
1487
1841
781
157
1571
196
488
567
389
549
627
1576
1781
3
7
376
18
148
25
533
2162
130
175
1675
977
2386
69
1764
90
1542
1042
1034
41
2319
75
15
1231
315
668
2499
316
26
46
1045
217
1457
2022
1812
778
818
126
130
1087
137
2006
1015
48
566
315
290
212
1430
1599
133
86
836
208
11
1986
51
411
27
264
359
227
514
838
131
419
134
764
157
1122
5
1617
508
1639
753
4
27
206
106
904
1491
1848
621
930
957
1268
2324
431
48
442
223
1546
969
39
13
522
189
1685
1412
1140
363
1103
2309
1983
1977
273
1401
2010
1041
461
320
80
24
1075
1433
669
668
216
496
1233
668
671
454
2055
128
1580
293
1356
72
266
2491
2219
1658
2085
1938
1668
2326
269
283
10
755
47
1483
1097
177
334
129
350
14
641
226
2004
1380
2158
1208
826
258
375
135
86
67
1925
705
1415
646
1277
275
1476
1544
487
26
2455
1567
2436
246
529
1932
127
11
2
1905
67
2394
849
1031
601
1667
33
50
1867
2188
105
678
26
1312
2048
61
1398
624
94
92
2065
2050
203
538
908
711
1080
1077
953
157
764
21
2275
2317
974
649
1847
241
537
1072
1500
1695
347
2271
179
618
283
2100
378
202
131
550
934
15
74
1112
227
3
500
615
269
353
831
695
641
473
474
2012
1674
1767
355
1572
2003
750
279
266
633
1895
314
2375
792
1871
267
272
104
909
1742
12
856
591
1146
100
291
304
57
1607
42
107
41
1855
34
2418
1690
391
1156
914
73
15
1122
1059
170
365
2382
1959
33
2238
187
740
873
225
1064
3
1582
1547
318
731
2373
1281
860
276
974
847
1718
906
2012
1
1162
131
91
9
1953
233
1455
978
528
1358
350
502
1587
14
546
31
1903
199
902
1896
473
2304
1816
998
1506
564
33
672
1177
980
207
262
1096
1489
586
1867
547
283
32
1100
2278
886
1063
1005
484
1560
71
966
153
2136
992
417
760
660
87
368
895
123
1383
668
960
1056
1437
2
925
1178
1231
39
2009
905
88
365
1457
72
588
1
1921
1657
524
2225
594
1381
1437
1
1920
203
21
959
1905
1
61
46
1916
1784
260
1544
82
1922
2399
25
624
936
35
995
535
816
22
31
49
416
272
1537
936
2295
556
685
24
1610
554
365
20
97
760
849
86
2413
1538
666
1
65
172
971
991
915
1044
925
2407
343
1307
90
35
2
98
1354
1480
1053
783
10
352
85
1659
849
1381
198
579
308
3
16
243
181
2460
1390
164
1510
96
532
2180
2465
404
400
712
1114
552
399
977
7
1111
547
129
1025
812
79
990
301
1410
5
1905
98
2473
1339
2116
1476
217
420
1996
426
593
8
2209
470
42
1145
2189
1664
125
819
60
486
219
49
832
26
47
445
46
2450
679
1983
186
18
115
2057
1060
429
88
194
698
729
23
2191
898
1428
350
87
568
82
117
2318
189
63
105
989
759
2072
1863
1525
289
346
732
220
1475
1694
159
1292
1008
1859
308
961
1076
1600
1364
1499
1676
9
1
80
23
520
2229
220
1411
195
982
27
334
380
1003
1598
1943
2
2028
1543
1188
351
3
2344
47
1086
2346
2
1817
2
221
1871
9
476
2138
416
1921
1192
16
221
905
1
597
2071
144
69
525
1810
1769
1764
177
128
2404
8
99
35
348
436
1061
794
464
106
156
1015
1196
5
1282
596
141
1153
1413
31
2172
1088
1741
804
703
2028
2127
384
1082
1774
918
390
518
1644
1840
63
240
11
1863
94
180
114
1282
37
153
2316
710
1097
344
2332
1925
199
1885
1758
61
520
12
155
2358
2011
65
73
628
765
438
498
2026
6
1290
489
27
2381
148
115
1237
297
211
1219
1248
1266
4
30
86
148
1362
154
316
2406
60
2065
16
1402
703
62
1369
11
480
44
737
464
728
36
1822
110
233
670
148
1722
391
678
853
11
158
959
583
1052
207
1656
898
1101
719
745
1776
219
2297
479
1734
235
206
445
932
216
189
396
842
25
942
1607
184
50
6
2208
62
18
150
1651
7
15
2039
702
1934
76
47
56
774
205
3
643
1525
853
1975
2191
1863
2443
13
62
1129
1233
2250
285
1761
1066
351
1809
1324
67
1910
1507
1681
814
613
7
1707
336
2064
1203
2001
32
31
828
731
1196
455
157
2423
198
2266
263
286
857
1573
629
1126
396
816
19
83
69
343
238
1638
110
2453
3
1716
739
1503
1941
1079
26
1863
321
782
44
1167
364
269
842
7
789
290
1309
2283
1481
2200
560
656
999
2250
125
1932
1260
556
1
892
60
81
1053
1458
1791
291
37
725
914
600
19
2340
1009
1463
2402
6
998
328
667
45
799
660
1891
1
168
325
406
1236
49
1914
1506
1118
697
967
26
345
122
257
1169
901
33
1198
653
1840
2193
929
218
109
948
880
80
1367
1910
1327
374
1447
172
1008
9
87
79
1812
252
2362
362
289
56
1103
108
390
7
243
1237
420
7
45
1367
27
1608
152
263
307
360
497
308
332
1444
77
133
690
701
1345
700
920
147
95
805
1426
948
1391
7
959
633
1028
2415
1296
114
456
45
305
2
1
35
1260
1613
1407
570
1346
154
1626
149
44
8
53
333
2332
856
71
2491
1387
637
1035
303
887
202
430
652
120
269
202
76
20
1039
1186
1990
515
154
79
385
235
1065
575
633
2233
397
60
319
1541
178
1811
1686
1203
567
1191
1431
182
6
117
2437
740
913
525
1036
192
143
25
37
473
356
617
356
76
721
253
1577
11
304
487
442
1085
244
370
2052
639
574
1441
954
295
128
6
341
1294
17
399
17
1576
364
171
617
1655
686
2
1983
1264
131
1870
953
323
2273
1203
2039
906
139
482
2411
553
716
522
1561
3
1378
581
2019
1353
34
360
136
2090
1961
1096
1425
2085
320
913
549
1093
264
1
1039
40
2422
258
206
1745
1360
730
839
1704
1160
222
2
1458
1343
1709
1460
122
1739
1315
32
705
806
87
478
122
452
501
1953
1041
1110
2449
77
177
2146
254
1784
1011
2356
1148
510
1914
910
2029
344
217
1180
75
1475
47
433
1425
1977
607
14
994
882
588
28
52
2378
1704
1508
30
765
204
1044
427
885
220
132
1742
2300
260
2477
1242
102
1158
951
493
1660
2157
1413
24
482
12
451
2184
5
813
274
1204
708
267
1497
354
226
337
1446
1241
87
1997
3
264
903
2
421
228
511
362
622
666
6
577
1128
654
560
403
1482
1773
199
925
2335
2259
2374
11
385
1115
192
2072
193
154
2287
1453
185
213
261
1749
1437
142
1270
446
189
318
1178
752
210
138
1311
1
137
1
943
1461
847
2
1687
408
498
492
118
265
477
80
208
1181
269
1292
490
1855
236
265
1784
1818
169
1589
37
917
525
784
1421
1
35
1331
2358
1829
1066
1124
913
1601
21
2084
2055
5
1377
2055
101
52
1389
593
180
975
816
310
922
990
7
2482
427
256
163
869
856
2421
303
12
1220
266
542
1953
739
1143
313
39
1400
267
92
9
1490
151
326
689
2459
78
219
1315
749
1284
603
125
331
1369
1659
81
1948
7
534
2031
277
1463
850
1255
1204
111
434
107
859
33
1179
622
374
987
1187
19
622
112
253
438
1204
1842
46
1469
2015
2008
1258
714
1409
884
155
362
297
107
1281
278
6
944
137
1446
300
1338
68
206
242
1654
562
1197
1
562
35
1739
131
154
51
1999
1631
337
757
33
774
1357
150
2052
1752
993
90
1891
63
629
71
200
517
20
362
14
141
1930
1940
88
410
256
1043
830
101
1874
2251
767
2234
2405
253
978
1823
1615
1445
778
476
204
2224
721
16
1042
164
229
82
1
958
38
1885
451
1090
398
1302
714
1754
107
1
11
15
311
221
136
202
419
289
877
452
4
29
2073
52
33
205
143
58
514
1798
15
1452
2359
51
930
13
123
1895
329
2
814
775
2245
1619
2208
1055
1255
78
203
1929
385
1288
4
1613
6
2402
469
449
23
1409
52
2494
11
1608
220
147
364
282
2160
2493
165
1252
76
260
2224
1062
21
2440
769
1489
2
129
20
2208
1477
1504
1494
1539
91
1865
1178
430
747
848
236
1105
590
1557
20
89
283
35
453
1179
57
2111
2049
18
1682
2155
417
2382
462
992
142
12
2276
2
56
1895
1036
534
1009
605
759
1288
43
92
1631
1116
142
2321
2310
49
1166
2174
2276
814
280
761
363
25
1464
587
659
418
418
1686
2366
81
1342
386
7
345
12
1733
48
1223
1004
264
918
15
703
7
113
700
1388
23
1124
83
2054
1696
1956
1451
2
22
46
555
1581
1123
255
30
1143
694
145
1038
2190
193
768
1979
80
2
7
128
284
109
949
924
929
2447
87
11
384
1138
1281
1
809
72
409
895
775
994
25
54
1004
866
1455
365
1008
1202
275
2121
1151
233
552
2276
40
1202
1258
508
104
1281
1182
2492
420
1213
2392
2313
85
2078
2259
664
2356
189
1052
1449
1379
2416
2331
395
57
2426
52
944
511
1792
295
1
2366
550
6
67
240
565
232
1636
444
1207
417
780
288
511
809
400
1142
1359
133
440
949
120
1929
1
306
387
1178
1083
816
30
116
552
10
154
39
2021
272
311
2265
2253
458
1857
96
134
285
1835
1732
7
5
2480
1139
58
231
193
2
200
154
1311
964
18
1894
7
1257
1403
71
36
920
1150
52
3
511
2
722
975
795
728
845
95
1720
1710
745
155
111
43
35
2245
321
2
118
453
883
274
18
453
116
22
74
877
125
2365
37
75
1295
1329
1
546
16
51
25
1178
386
1273
2282
2159
164
55
1083
174
1756
867
478
1102
250
835
1474
158
804
1782
1256
293
979
943
1
8
184
55
64
153
1441
2467
1013
1164
6
359
43
38
654
1777
17
550
568
1105
595
2363
1096
455
1696
2083
1588
200
321
10
1582
42
1671
1767
973
945
27
1204
362
1073
579
985
1673
2249
1915
2398
1108
49
1089
578
197
1077
1193
243
710
644
1566
1329
1816
236
667
34
2165
71
36
1192
2121
674
1872
1649
226
2338
1111
2478
525
907
77
17
1651
23
155
219
228
1440
1235
732
993
2037
1
875
552
1
1138
2239
93
683
2034
313
35
1682
435
80
1079
1530
1115
1356
961
94
1497
906
100
2358
2298
1039
1057
711
2279
494
1978
5
8
903
326
1313
2169
395
144
777
2455
2055
2295
1019
163
2217
2306
192
317
391
631
747
524
572
1882
445
1963
2033
272
1763
148
94
436
200
547
588
386
495
1226
301
463
2074
2334
99
366
253
185
761
1050
438
1900
575
1409
180
2223
113
1287
1765
1683
1104
1
46
39
164
794
72
22
77
1204
49
530
1130
180
861
1
2012
278
190
2315
1274
1775
2237
66
1536
128
510
304
1203
147
334
634
2450
191
436
1056
28
181
1168
523
1073
2111
307
262
477
1449
250
2109
673
2390
19
643
18
20
1171
130
557
456
995
1177
6
1098
2002
1679
1782
1410
1078
2
1382
923
223
148
1194
2443
127
65
1731
1198
1227
1168
2375
2051
150
1073
798
2171
1635
2
16
262
805
199
997
536
3
151
248
2186
1441
207
1018
2463
695
2203
127
163
1369
2
2019
13
446
29
114
759
1156
675
303
384
203
1
625
1624
81
2006
1281
2414
1570
2190
2017
1008
720
49
870
1846
2257
2267
1875
271
1783
825
1175
714
1028
6
36
656
124
22
2032
15
361
932
250
279
1770
652
255
873
1299
1749
935
623
2451
354
114
2320
129
1508
165
2064
58
146
79
400
649
2163
103
296
110
1895
1687
163
1667
1383
2003
633
2331
898
1390
1634
1120
1980
1131
163
1213
1029
124
2463
2191
1404
54
1554
69
97
1939
2319
1337
1
817
369
1333
453
925
25
429
1323
47
328
1014
1687
1475
544
543
630
1758
1081
4
1168
1032
1554
137
126
2224
1408
1088
1548
1493
229
429
2310
99
763
1
1721
1465
277
60
647
2160
88
2144
9
32
2459
2312
325
1230
246
1359
893
1065
1193
1158
66
1589
1853
703
1051
178
2200
57
761
2135
141
2451
1
562
121
2222
311
24
618
40
1679
6
341
1920
1065
41
124
413
500
814
1170
520
539
755
802
32
1002
1523
261
527
783
920
13
2446
1975
1135
217
241
789
151
786
49
536
1480
344
46
1680
1369
1150
46
12
1998
133
1692
497
1829
754
107
1938
123
1656
469
2348
647
1482
1347
2099
1963
1270
447
533
2198
1913
1
162
38
1356
12
341
120
1648
16
434
1652
1371
1391
1537
1204
2132
2091
1640
324
138
1282
1430
123
1549
2120
5
1418
216
151
1182
1558
143
248
2259
66
81
1970
136
1174
106
494
65
770
1214
25
1208
726
70
2078
151
524
1021
1720
1237
2280
225
144
1148
996
267
187
1120
1385
1239
58
1648
976
342
458
423
727
702
429
1
267
1227
1887
1495
461
640
127
2000
1727
895
654
1317
967
1897
260
120
2378
74
257
3
369
669
1280
454
1029
429
2470
67
272
1652
2210
2098
166
545
23
228
1690
1380
346
2213
1414
1312
2154
566
627
156
170
2265
154
28
9
241
14
661
552
449
162
1232
270
978
271
1878
6
519
104
126
107
107
62
1685
1079
526
1865
1559
1116
1503
113
157
931
1751
381
222
1180
647
400
57
48
213
359
1099
200
2472
1
311
316
2273
2052
1579
412
1488
1621
991
114
2220
2041
659
2182
1931
251
119
2056
755
12
108
7
662
985
10
2234
292
1192
644
2061
1222
85
272
336
1215
1420
462
2101
87
1666
807
892
1
2244
11
2336
814
1904
638
859
947
640
1706
1258
1122
815
24
561
602
1352
5
834
452
1841
1178
734
2
1178
822
28
592
353
1891
27
731
8
2021
2082
1478
289
1199
1301
2425
1284
40
1350
1404
1319
2070
936
23
1811
196
2385
924
889
103
993
1220
174
905
210
66
196
424
691
971
354
1351
1233
26
1689
1601
1520
14
1174
1508
871
1769
2075
2007
264
420
1155
1472
14
44
95
175
1241
2296
1452
701
6
113
13
53
1504
1591
2155
5
2003
361
1789
846
540
875
66
1022
1508
1807
42
42
172
2144
1087
314
250
1455
2015
1408
358
1993
155
792
558
1001
1047
455
2361
218
416
1138
1650
384
1
12
379
298
526
301
1620
208
469
42
1091
827
18
380
343
5
1247
25
1386
594
757
1972
494
2
685
111
679
323
829
1815
6
1056
383
1476
819
59
754
1976
363
192
693
332
2
1411
926
2151
969
2454
1192
638
23
1497
213
557
1966
1890
2467
978
489
738
536
636
477
32
2430
2098
1386
346
175
1900
2192
1273
1166
641
1173
143
2078
1520
255
837
93
808
472
1343
382
85
871
1203
426
1945
1432
667
2237
596
1
2221
2115
261
1637
1537
1092
1770
1193
12
385
128
396
1916
514
125
1573
1585
1967
531
284
244
1
1320
257
744
1607
1887
31
163
251
1037
1094
167
81
832
286
1238
1657
1942
708
315
58
1640
18
6
61
218
1097
334
450
19
8
23
22
748
2055
461
387
51
85
157
105
15
9
1453
252
937
808
1274
218
155
2268
1860
1782
11
1979
593
1469
765
832
1544
379
1319
970
2330
446
674
220
2
18
1991
9
2307
948
742
441
137
370
423
258
63
1253
1817
226
378
1448
332
324
1371
956
349
1949
28
892
630
2105
945
25
18
571
1254
113
2022
1178
1218
383
10
131
7
317
671
314
122
94
1187
322
49
528
330
414
826
280
69
1
1574
454
668
1939
640
770
987
2488
23
240
592
1598
1438
2457
637
1148
29
1223
2107
951
1115
172
2461
1314
117
766
35
1791
31
337
1493
1232
1153
366
223
177
329
1193
1130
88
9
15
901
1136
1811
28
5
339
1284
2052
259
164
2174
1061
1148
17
1917
816
148
2380
1061
2075
695
1368
331
1562
1854
591
1577
161
845
800
676
1070
1248
40
884
838
807
528
2322
420
371
129
1091
1489
421
453
553
97
30
431
1646
2010
2289
276
272
2086
305
904
792
720
910
266
2295
2252
1
21
255
818
420
420
446
911
48
335
261
1
1643
2389
258
317
895
183
1602
652
63
161
241
794
169
1626
252
4
1008
1384
205
759
1965
58
232
747
569
1237
1197
1557
2315
1391
363
850
3
2418
691
1665
92
2
1937
203
858
717
1518
4
2295
19
514
1531
2143
176
280
80
236
1720
420
752
1031
1172
1746
2500
371
2038
289
136
2
23
1
1550
1801
876
373
221
1714
683
382
1550
1841
2478
1279
1047
1870
1404
494
2144
78
208
1241
1023
268
7
26
46
123
1376
204
1895
54
2118
1676
2108
1701
948
1526
173
3
1677
8
1282
2052
1502
66
2296
1671
1862
73
1840
50
320
480
1963
1544
5
2425
1807
657
1709
132
1148
1013
271
651
1965
1479
146
1594
1647
38
295
1737
4
1990
191
227
1680
291
221
72
1778
359
1956
742
960
674
1806
2
71
437
2
1821
872
2316
884
87
2390
2341
1156
97
25
634
426
216
138
365
609
1537
1049
174
766
1226
147
841
2315
159
2257
327
549
933
859
16
547
2094
188
576
447
10
34
587
307
671
187
632
70
954
1351
987
14
1424
567
1296
69
550
1245
2383
298
427
188
89
866
3
741
2
95
1512
466
102
534
1181
1059
315
2335
264
1482
3
3
76
758
641
1241
60
2343
2
1820
10
1346
1214
703
172
143
1019
72
8
128
1155
113
1324
981
1261
1781
216
1011
445
531
213
80
273
640
1817
183
2173
579
1985
6
7
2110
45
1210
1890
2135
1117
1122
537
1205
1072
176
1947
2116
874
75
129
984
504
525
1042
2193
1103
38
98
1140
1389
325
2170
50
700
225
493
970
1063
2092
213
1
1340
466
323
608
1418
1419
461
584
196
1682
2344
2172
6
916
182
76
1975
401
1052
298
702
1361
52
2257
1036
1880
187
1607
2315
229
1982
451
1764
224
945
1910
706
700
675
2079
811
270
56
42
3
32
2480
275
714
1565
397
2450
218
1697
17
649
1508
162
1437
172
263
3
1439
701
39
2324
504
125
2448
1607
994
2308
732
94
34
1741
2311
629
8
549
1263
1756
946
41
252
332
1153
1144
1644
144
134
691
2105
1209
644
755
17
422
2013
1585
1291
717
19
19
2486
143
1190
1677
949
1172
1789
10
1295
23
1332
546
1380
1841
210
691
1653
1568
1087
2007
1571
472
1373
214
2154
451
62
613
409
778
18
695
132
255
1545
917
231
218
842
1534
2171
343
331
2106
1519
2355
565
2080
549
1780
460
941
4
1
2194
6
350
962
888
1012
136
242
144
918
129
2042
1
1409
1893
2270
155
1143
635
1322
1396
5
613
6
834
698
28
43
286
10
12
232
2172
1756
751
1152
329
3
25
1816
5
1
298
1939
11
2457
800
1401
194
1677
983
224
239
715
1943
392
849
1
330
1073
254
8
2066
18
1248
2387
200
2069
2300
38
167
620
204
10
6
1198
16
1771
1101
711
1
2461
526
1517
1762
336
800
70
332
495
287
70
1357
1873
1923
64
1204
2273
1835
2392
337
1760
1932
609
1448
11
2148
1990
1073
1927
561
208
1824
226
1743
1819
362
1
2332
43
1314
667
502
698
239
295
756
1255
562
1013
36
939
954
2434
1755
1416
301
188
2481
830
122
822
1813
1552
406
386
88
1925
1411
1875
2166
146
1029
1721
2374
1620
157
40
505
817
8
2
1852
2111
972
2147
2139
307
23
1519
145
20
1
1373
686
1363
1320
1349
266
1
816
541
2049
160
1643
1621
744
2154
237
859
47
96
54
1272
573
813
745
1640
543
336
520
595
829
12
1185
2207
20
1862
289
30
346
1715
1087
244
1842
156
441
1056
985
719
611
1676
1726
258
65
468
1124
298
2179
345
1616
234
1346
1602
706
2347
119
1121
1
1136
223
183
1600
55
1275
308
463
989
1064
456
240
834
2349
64
2415
935
936
1235
696
2000
1505
64
2340
58
1
326
225
362
105
1737
807
1520
1797
1312
1327
2486
700
19
9
2136
934
1776
1872
1829
548
37
1067
393
165
858
533
49
426
2161
1171
547
47
1494
379
464
2464
836
39
1461
218
34
2027
2249
477
2201
613
1129
375
71
732
2012
1131
432
327
1877
1133
26
216
361
1332
2
5
2438
59
566
333
1443
1355
2287
594
3
332
269
1443
778
1843
1508
1090
9
1129
36
3
117
195
6
628
934
2058
19
402
78
948
913
24
610
133
1319
11
88
121
140
334
146
288
137
1099
413
1983
890
10
613
168
1388
935
349
258
2430
2220
874
79
1332
1068
787
2095
224
306
39
157
1882
2383
26
295
1
1242
1392
17
295
127
565
677
2440
201
23
1306
182
1160
1557
2061
207
2408
2245
797
4
494
92
1366
118
890
7
5
1461
862
563
2076
1221
1019
1703
648
200
1520
1220
3
1386
201
2463
844
1986
1341
391
572
227
190
873
1495
76
256
412
2322
1128
81
438
574
1877
205
416
58
42
456
150
220
13
1519
2407
1000
416
2440
2317
2022
625
738
131
7
164
68
281
7
272
171
4
37
929
1761
909
2013
893
6
2223
1442
818
202
503
520
1727
1236
814
20
261
629
323
26
190
58
84
58
628
722
623
2075
1933
749
1042
1591
345
296
1167
2218
1178
1365
230
1636
2278
29
200
121
929
139
769
1321
968
344
19
887
84
400
390
753
18
111
1936
113
217
964
164
436
189
1621
1083
2395
379
33
45
768
18
636
12
6
928
459
1164
616
1321
1064
118
1092
1407
124
1023
175
195
462
24
107
537
1284
472
769
433
1391
529
23
2429
1427
1887
17
622
1359
784
543
82
2
786
132
316
696
216
25
615
333
565
503
645
1326
1589
765
34
2395
1965
581
451
499
435
93
1606
1719
645
6
1801
499
579
1215
424
13
1895
64
491
2295
41
149
1252
458
1282
1900
117
1799
84
699
2362
444
1360
2056
3
797
1824
11
275
94
6
2312
967
369
2252
745
185
35
2
20
999
1247
535
545
1128
1172
2321
1
116
536
1940
254
1010
502
556
1875
18
2068
790
1667
176
655
2207
2392
2229
1214
2
1726
890
1257
1
470
105
713
41
264
732
1317
1758
1335
398
358
1745
772
1536
635
861
2128
110
171
224
1816
2436
222
275
83
113
1181
1906
43
66
2164
267
475
87
990
38
130
2139
250
2079
334
898
1607
66
413
2334
570
1747
2165
1790
995
1746
2436
144
1675
244
941
149
1489
54
2217
1
963
14
1616
623
627
3
145
1706
1514
1819
181
706
2442
648
1
1684
1070
459
1553
2002
1
425
2230
776
1936
1121
163
976
790
771
1788
11
1
707
589
909
1264
21
237
21
1599
377
112
674
1
1379
1698
372
21
864
2105
48
395
251
137
140
1045
1550
983
42
375
977
495
61
6
1805
43
243
1342
1244
446
1676
15
1967
2229
1288
1517
209
369
1086
1150
429
1414
474
989
1
276
164
12
635
260
1605
761
2311
37
19
385
380
62
68
640
326
493
7
397
545
439
1239
1359
100
1951
1668
701
1289
296
1325
2
50
2349
741
20
1754
1596
504
520
302
2362
1634
503
2166
495
1348
2010
765
33
1634
278
160
67
1860
350
8
1973
1790
465
1962
1296
82
1503
78
144
2090
1352
101
1242
49
793
304
337
27
2349
749
1014
620
552
2355
1150
15
154
627
78
780
13
1473
1363
2099
36
2094
333
70
215
1597
155
2058
41
1397
1893
2298
407
2324
31
668
887
297
1
949
476
2230
779
828
502
498
2337
273
1387
1415
2292
29
2082
2102
34
36
1
162
614
128
18
48
1090
946
2086
1601
1701
118
1987
1932
1629
1036
348
1247
512
412
1570
52
412
281
2202
2172
1783
1063
1803
739
2139
16
13
126
1713
139
757
1091
1325
193
1802
6
66
285
1812
270
1292
1151
1321
1575
1131
394
2
1317
83
1977
2320
436
342
1716
2468
1601
30
988
41
1890
1084
1146
270
2
2289
45
440
845
784
1047
1708
159
4
1907
1639
78
949
51
10
473
795
1411
1537
2241
252
669
219
2473
884
715
18
461
318
1182
410
1600
47
1541
1973
953
841
267
984
326
2467
2
1756
1236
310
1653
1548
343
38
4
503
614
4
90
662
265
11
46
1553
839
2133
712
1264
83
1343
2348
1752
1673
1791
502
398
76
4
128
493
1050
2
1849
201
155
84
821
2302
1130
712
11
3
33
2238
239
1544
469
4
1103
270
5
1833
127
1671
66
60
875
435
2337
1666
143
2179
86
1311
1179
471
194
1246
29
1326
1088
57
154
147
818
1353
41
1290
1925
933
267
1696
1500
460
1496
19
9
86
1588
120
1050
194
204
603
127
1048
1390
690
891
97
2340
1279
507
51
484
269
313
2048
942
155
46
828
977
269
389
484
218
1389
264
1709
451
32
1031
56
520
428
437
670
5
412
2114
1027
331
1129
651
2414
1426
756
1953
1383
186
13
152
124
400
2093
1049
6
2
955
44
911
821
276
825
901
114
1405
448
110
2138
1893
187
50
164
154
644
1125
22
2375
1474
1710
1012
31
609
2473
1311
1444
14
1320
846
159
727
702
812
345
84
67
1472
161
204
1326
130
503
1341
1841
3
401
68
2
892
1655
1130
223
75
3
1766
61
1120
39
1153
454
525
1320
365
53
31
68
97
2491
2349
25
1240
1769
39
906
53
905
1120
1688
1723
602
113
382
351
277
1788
525
145
1342
1077
1890
436
663
1330
307
90
1370
748
1916
422
195
1502
2195
95
83
144
1907
2000
96
406
1859
233
1
2414
300
297
1252
178
1307
405
60
227
2456
2468
83
1240
90
1732
69
1074
143
2
19
1730
2217
219
1818
1530
1241
259
246
515
594
1144
2152
325
626
1631
2181
28
436
1825
1318
31
902
2158
476
74
195
762
73
451
2407
876
254
974
1805
47
542
1662
704
223
127
428
101
312
630
1114
117
1026
1214
13
277
1836
1355
1933
9
678
1959
1465
2314
373
2453
17
396
471
167
598
1370
516
67
521
30
480
254
1988
120
1011
2299
2
594
2264
1830
15
342
989
1096
851
2
21
633
908
481
2482
546
424
1153
24
1488
1115
2342
949
2016
852
123
155
1940
1161
796
621
903
27
429
67
1406
120
55
2074
40
1910
1797
311
857
859
1586
2098
37
684
1408
83
555
42
247
778
83
1163
780
1160
1217
6
753
470
611
99
31
1802
2195
1115
1726
360
2110
670
66
503
436
2141
1697
35
1549
284
9
396
406
156
1135
1557
1338
60
2089
2429
439
976
41
25
2287
71
1681
1332
1561
7
1460
1548
170
1026
1410
7
2051
1892
9
2411
1992
2325
768
173
9
304
349
2049
37
2293
419
43
1555
248
1997
870
44
1569
1882
19
130
2038
274
227
9
1432
323
1942
1366
1468
122
415
368
448
1188
2171
325
106
1894
94
12
616
36
449
10
20
1742
1618
1198
1834
1773
2092
79
405
2030
52
33
365
1407
1190
8
263
700
1450
1
489
1856
1145
141
173
1252
93
619
436
2299
8
983
339
1
102
249
491
2485
133
665
1371
16
72
532
26
566
252
1322
943
533
1104
199
5
4
393
45
1474
1685
1159
752
384
885
2233
910
2020
1803
991
1112
121
188
1038
2149
545
326
2157
1746
371
1427
1453
2
1050
33
1725
595
616
531
364
9
5
1757
45
22
2334
1439
1026
560
1761
2457
1156
66
83
2052
33
552
62
269
146
680
93
1491
1423
666
211
1202
642
929
1909
1325
313
658
177
552
1017
244
2333
55
2406
631
1510
1
1235
2090
1459
29
43
30
230
1336
56
1436
61
2446
699
1602
2372
8
1093
107
453
1236
182
347
1315
6
410
682
1895
1572
1976
1051
2472
863
1758
532
1
1619
508
949
1770
146
2403
351
2064
4
209
76
851
1103
886
66
1495
282
369
369
742
1981
1753
2036
2475
132
1878
847
2463
540
26
1
30
928
1677
1512
188
71
44
1069
1118
172
711
264
872
2233
699
1673
579
540
215
790
48
1729
2070
1239
751
65
155
1623
50
1015
1634
354
453
618
342
1335
83
1129
715
419
115
2284
2079
1640
7
399
1041
1258
974
262
1414
925
165
2154
2241
4
19
544
412
1691
1668
377
253
3
2122
310
802
1
55
2159
1895
26
369
407
2
1079
1739
216
1103
1252
516
76
1031
786
236
9
91
264
1315
866
4
2186
589
1866
1090
7
886
770
127
1522
231
564
1922
123
147
638
270
190
2491
20
1761
998
771
2088
1292
26
714
47
1702
66
2025
90
1551
423
765
655
1502
199
1436
1230
1622
457
2060
2207
1027
300
829
382
32
3
1
25
7
337
843
640
29
687
2103
1128
471
2205
90
1385
230
23
1878
67
40
55
1008
923
2462
2075
2037
2472
160
1087
412
537
451
760
74
178
1217
674
93
448
105
1921
1678
1302
2345
261
1337
715
266
882
955
44
979
812
1308
958
1861
455
99
1829
307
1570
1544
795
424
141
865
807
886
34
96
3
239
1263
30
8
758
29
560
1254
195
1126
67
2012
1013
141
1839
530
1224
17
1526
197
3
2178
2054
581
795
418
594
217
740
657
19
1221
1067
2327
2021
841
2414
414
700
2385
1668
43
35
1594
710
1329
102
1677
11
94
1074
255
851
138
1129
2135
1110
1441
38
363
120
106
523
1393
1495
315
3
74
1699
604
2010
407
72
1222
1709
731
813
648
726
107
1
1274
569
1566
119
1774
44
425
40
1080
13
21
2036
349
1314
1598
100
137
1846
933
212
64
772
297
1836
1778
1856
864
1190
792
653
249
1279
443
245
1043
258
453
10
1854
133
5
926
2272
1794
745
2168
2494
1588
9
19
309
296
203
1803
298
2
1383
2159
2060
24
1862
1722
2226
2089
1971
1636
1358
26
2062
954
356
1279
13
1702
2500
464
61
470
1825
50
651
284
1113
761
1783
1362
22
682
1493
598
286
1750
131
185
1286
1405
141
193
1890
79
324
1345
36
50
140
1487
502
788
970
270
392
2464
948
210
225
1675
89
242
49
1228
2060
174
108
1361
2069
222
1832
1433
103
1338
201
91
824
2066
1239
194
397
300
403
898
42
463
390
2
1856
19
733
264
875
1879
160
1037
714
2292
1863
1145
14
35
283
946
1319
371
334
102
831
5
261
168
1227
513
598
4
536
1122
1234
285
799
32
1659
450
1603
1570
430
2285
1274
1685
1962
216
263
1869
926
2415
2428
33
877
10
212
1628
5
985
3
270
480
245
417
494
510
791
971
1590
1196
589
1129
5
36
288
2063
2463
2372
703
309
594
1341
1115
253
599
2133
61
1634
10
1451
13
2328
311
97
2169
120
2336
1298
68
21
2456
607
2362
1913
225
391
1200
963
1058
433
1327
1986
1621
7
516
921
14
68
740
94
637
1816
31
1717
849
1224
158
413
2276
47
1773
2
1140
1376
1323
1351
2040
302
2054
60
1256
535
1432
2270
1826
1354
551
885
25
117
741
531
895
1688
455
606
589
45
1197
2495
15
180
976
542
2150
1585
29
24
1435
343
696
56
1962
559
1416
333
1123
70
657
261
227
865
1516
74
1451
595
195
1
1381
50
2144
913
2435
465
1819
499
1288
1101
544
306
712
83
25
36
60
1671
793
20
2371
324
1899
246
3
600
1218
1994
1041
1487
1341
224
163
757
1847
168
324
252
701
946
101
839
1414
2237
368
1109
141
5
186
2413
1979
614
786
99
1957
2065
48
2218
2254
1398
1466
560
1118
913
1609
2359
277
70
33
648
165
239
457
2222
2065
754
1793
1256
895
468
10
1142
929
48
1764
320
1505
1289
1732
2457
1702
1016
1307
963
20
899
955
111
195
456
2127
1295
413
869
361
61
246
1493
1945
132
884
1955
1480
784
938
237
957
427
9
182
559
55
1101
1661
1421
1812
1599
304
140
228
20
161
696
2360
904
177
1379
640
2393
1970
1090
1232
456
476
894
1925
16
200
1723
841
470
740
104
1207
221
614
1674
1606
108
1428
359
1192
2149
1211
2104
734
1584
113
353
1949
1244
81
245
2134
1986
142
198
12
1936
506
687
58
2
457
918
268
159
587
1770
255
2032
410
540
1537
990
184
954
1401
1807
17
544
1364
557
455
330
2073
128
14
1663
965
1015
1820
10
1286
125
254
2212
1450
1267
9
1702
318
54
617
580
1264
290
451
1277
1260
152
1442
687
1339
76
217
1235
1540
770
1939
1157
283
2023
849
1
1976
77
270
6
395
1809
398
58
747
14
833
428
2
371
833
511
1255
384
69
882
715
1978
1097
758
786
17
347
10
285
380
1604
37
6
2039
665
2458
619
281
1316
1077
235
1457
602
120
263
681
625
1016
390
541
1643
876
1397
1648
963
60
1007
114
4
939
1978
984
28
643
2256
1689
1040
243
2381
3
963
461
2248
587
629
328
1411
89
927
963
365
73
1954
2302
650
170
346
599
1824
969
2243
1852
389
22
102
22
1136
1461
291
2326
847
382
1754
636
620
13
11
624
84
2319
144
1068
1734
216
913
54
2277
481
598
880
518
2
995
1372
135
1223
1401
669
76
2262
44
472
316
1844
1144
912
721
1895
283
232
1064
1919
976
20
414
898
28
1325
13
502
1240
1706
961
985
1235
435
2022
74
41
1518
18
676
1100
435
470
49
869
1316
1532
653
2163
164
1937
110
1559
666
390
834
107
22
1614
933
354
295
2227
1357
768
49
44
33
388
521
57
1866
2
844
227
621
2001
674
410
376
64
1778
9
239
937
295
1115
2207
292
44
1602
2107
2272
1101
4
2195
1190
610
97
2371
176
1797
578
1171
6
1532
330
956
1025
92
729
1773
268
61
1730
552
2179
685
18
1439
1656
1281
81
2175
115
2415
989
122
2217
839
867
66
765
1309
715
674
1441
320
102
10
411
2066
106
893
861
1986
2263
2235
99
516
2498
1596
2320
110
2495
385
1832
1
2010
6
1913
1959
28
2327
19
516
1029
911
87
73
484
1884
2210
745
1251
922
269
622
14
2433
283
75
1077
1187
1986
23
418
1232
1950
558
1210
111
28
560
2230
1529
2369
4
518
752
20
2272
1004
540
6
456
166
2245
1217
520
720
1
93
71
777
854
1797
316
1728
1018
844
1225
49
381
1164
863
218
388
324
19
102
1742
8
44
1305
180
200
523
2009
576
2350
393
96
12
547
1814
168
721
21
631
1239
2356
751
24
866
132
1841
1667
27
175
1849
538
1073
160
658
34
121
3
33
2499
347
528
318
21
50
481
940
764
703
23
2404
1055
565
1062
916
579
1576
17
523
810
133
2305
4
61
2404
1456
101
595
879
616
1131
11
1186
143
955
791
829
2331
2216
681
739
1188
2026
303
59
1860
1354
304
86
312
117
94
51
764
196
369
1036
1714
457
57
2018
78
167
585
612
77
41
905
608
114
1474
1257
494
687
183
1976
203
124
1147
175
407
605
1257
149
876
704
238
1948
891
2082
587
89
99
874
2288
12
721
1796
1308
2
1986
386
1654
286
1753
731
180
579
2489
1429
276
1030
2401
236
1062
2052
1473
2297
2411
15
1900
219
2145
115
1237
155
442
2122
209
1855
1033
9
1041
702
100
684
705
597
1637
991
447
564
2054
767
10
1738
1
689
2374
9
745
240
1109
158
1916
3
1617
1762
1099
40
610
45
2461
268
114
199
687
1558
832
328
35
185
38
56
825
1127
918
176
91
50
384
432
955
493
996
1015
52
1093
4
734
1318
195
60
2213
1352
1889
207
421
753
1524
503
2127
671
1238
1801
31
2307
227
743
1624
669
2055
1292
788
1905
1892
1554
2132
1135
231
277
1781
405
1388
126
55
1649
402
4
1574
2194
1309
18
1127
162
9
1
1
135
440
833
2495
2477
1398
865
152
20
165
542
1277
182
659
286
324
1427
43
1320
1127
23
363
435
98
1985
260
1775
50
1234
25
29
1844
333
1747
1180
2108
1587
1631
134
19
248
507
426
1891
661
4
1991
3
492
5
215
729
517
497
125
1954
1420
1896
1316
17
325
35
294
3
30
1883
1269
27
948
1520
2320
2326
50
2151
1192
1824
1949
1614
10
463
522
864
1206
1252
302
111
1428
958
1747
710
243
849
265
44
1
298
1524
280
74
183
1602
375
290
192
587
2000
6
681
4
1716
120
1679
273
6
821
687
33
870
707
158
24
149
553
2169
1812
1949
622
909
929
1133
1958
16
8
576
1276
2181
842
238
1026
94
479
1378
181
19
1473
484
927
1237
116
33
1325
152
1
1718
333
1
48
2418
343
702
5
151
2254
41
1080
2298
39
572
1953
355
67
860
1365
875
2295
1799
602
9
8
1248
1514
321
43
191
798
2210
27
225
1729
939
46
159
60
87
266
762
246
1862
1510
1541
1157
1419
1077
221
727
365
80
279
25
1624
707
1107
1882
106
1233
384
869
3
4
44
1606
355
1386
475
192
1112
303
1547
597
1537
873
179
83
22
1631
49
2473
15
14
672
2117
749
105
628
1049
41
1911
824
2469
531
2349
878
8
650
152
2384
1602
1322
795
30
196
1664
662
1715
414
1132
1487
98
1277
151
171
1029
160
1004
85
870
1651
364
11
585
1322
391
2456
2016
1243
2441
1450
265
14
800
225
1386
1505
37
1445
661
2059
4
744
623
1029
103
269
1555
1173
29
610
1496
11
524
2422
51
3
25
1093
1874
588
213
1008
44
1722
46
81
173
1399
7
1399
267
901
73
1142
371
2057
107
650
362
1775
2238
2212
155
1789
936
1066
1233
1096
2185
4
2087
646
1261
1166
2074
3
2250
572
695
2032
18
1474
622
1322
48
830
780
13
65
2286
347
694
90
514
47
27
652
42
62
2413
435
16
22
80
969
510
719
819
7
34
902
1336
2066
128
262
309
284
2177
62
1774
2082
27
45
36
633
1404
8
1514
361
36
745
576
960
1800
2373
1821
2000
2155
986
908
1236
2307
612
1
265
69
1295
2398
1075
315
413
2180
1511
156
2049
138
136
778
398
2415
2177
1970
1913
1473
2224
12
2124
1619
320
1045
212
1
1532
90
15
596
354
109
143
2318
126
358
1776
446
1311
1
747
6
165
1808
633
199
1409
505
381
2065
302
15
119
1973
1517
1758
1591
236
13
565
264
245
399
494
1415
2181
1817
938
234
470
1051
931
1551
15
2431
181
887
2038
251
128
153
733
96
280
1745
1058
706
884
488
1883
298
1258
657
239
54
2120
684
519
297
743
1244
94
2172
1142
309
722
360
2
1353
30
2262
869
498
184
2106
298
833
1875
1503
2412
1978
459
2341
114
1875
118
1574
49
373
800
399
312
199
1497
598
246
133
2104
1588
1824
2123
15
8
1350
673
2367
73
5
498
814
1122
1039
15
222
2190
1701
13
662
1924
813
50
699
1167
714
6
2027
416
882
21
210
2314
34
24
1072
183
12
1152
332
130
686
875
1457
1347
4
702
18
2245
70
1607
167
827
208
183
798
270
1696
1120
666
281
1852
831
494
136
402
1666
1218
673
1374
12
1443
141
1799
460
2340
1253
14
619
326
810
61
10
988
1182
2062
1655
2407
266
1825
96
1754
704
307
87
1070
73
2483
188
532
106
119
13
7
2020
373
149
149
2101
2157
15
120
154
1119
50
119
600
609
2359
2189
170
43
1352
1426
244
37
750
4
2273
8
830
71
534
1664
868
1
14
873
1618
721
155
360
1059
287
338
1630
1867
182
42
2155
1457
776
820
223
288
1817
1251
1518
1288
769
137
1
2421
3
680
511
1493
125
1267
267
140
100
1443
196
709
308
837
80
656
359
1328
374
2061
913
439
865
207
180
600
458
645
260
509
273
960
1282
2
114
54
647
1717
1068
1404
1201
2294
560
189
82
980
1057
1508
338
127
228
528
184
1799
50
1062
2270
2234
10
1554
965
22
2048
1282
966
400
732
575
21
1598
594
74
112
302
26
330
284
1944
2061
79
1589
123
773
2136
352
388
1572
1237
124
650
595
1765
498
2219
1860
314
786
1693
715
240
594
503
1175
1609
3
28
1346
2205
213
71
79
30
42
355
1247
37
1417
72
6
1147
498
295
154
859
79
1960
1787
86
359
280
1067
1583
394
511
99
1243
1242
239
47
427
217
618
54
176
185
1968
855
1633
2458
564
58
1918
311
1242
953
2
511
467
1049
610
686
226
281
268
11
175
683
578
1957
1636
17
15
942
1683
2240
227
60
20
501
142
264
867
519
2079
2196
1834
469
765
2121
242
418
1266
120
941
875
707
420
1795
136
516
1859
583
780
963
513
2405
2347
1370
219
90
1143
2448
1274
512
685
325
673
341
57
1476
1120
501
2227
445
2102
584
6
636
192
900
424
19
11
137
18
2164
1120
23
310
448
935
8
66
441
520
1438
2
1559
114
494
421
126
126
1957
2393
1144
558
2400
659
2475
2321
2040
2014
243
42
26
191
382
2158
92
343
2043
2167
253
684
2202
797
52
2255
43
1989
46
2344
2393
2462
2012
1765
740
21
144
1691
2312
5
660
757
443
59
535
324
67
7
1350
25
876
1517
603
1096
2218
1335
300
1727
2243
4
107
744
2415
427
572
2317
955
204
8
144
276
49
1822
101
71
1517
23
177
633
1062
24
83
1348
64
585
2412
1676
405
2062
2167
1608
373
1891
1566
332
259
2267
157
28
1771
1246
1985
156
1242
1644
1032
385
910
1294
530
2439
623
966
231
828
1566
1681
1754
1
1213
1045
22
773
589
185
29
150
16
465
553
972
43
49
1193
62
306
319
18
989
859
703
184
81
31
653
1421
2019
1443
17
2001
2264
2120
1344
234
29
519
858
2240
2475
664
1978
1636
27
1587
53
2119
38
547
409
1536
1538
685
14
250
92
1108
141
772
1578
77
687
2492
677
1791
204
13
1976
2245
105
134
134
1847
974
1641
34
593
428
856
16
1654
288
1668
1449
362
1341
932
1430
41
83
876
1220
130
1458
9
2496
1991
720
1011
1468
115
192
704
693
2485
95
172
2032
16
1515
706
320
2361
2340
1149
2335
1432
1414
935
23
16
49
2296
394
364
1427
465
306
5
1618
2107
336
2227
704
1838
1162
1683
607
428
153
124
984
1547
85
1141
287
1440
1399
909
1198
1835
96
1164
1380
2280
1514
163
764
9
862
1553
474
17
629
551
441
1
862
810
18
1473
1446
2049
1371
2160
799
1302
364
157
381
407
1
61
1036
533
229
1658
1404
730
309
1582
973
120
191
2475
1393
34
1571
2222
38
2111
940
1362
26
509
2246
26
1907
1148
14
1733
772
1154
66
1656
696
133
82
40
1449
129
6
158
292
409
2179
1954
896
1482
1306
28
26
140
894
1033
514
1268
1714
37
765
440
89
256
331
449
111
688
197
349
1862
461
1
149
1
2
1
1781
371
375
41
1025
252
280
1210
589
980
182
782
1913
351
839
1818
740
1338
315
139
68
2278
2259
2110
715
101
490
549
419
467
961
2132
328
934
165
527
147
4
2088
456
558
355
183
423
1011
1975
255
330
2099
1067
1963
181
997
359
51
1
371
177
590
53
1122
6
2406
798
726
44
1
97
218
2015
1136
497
459
140
22
656
617
1078
59
885
37
1780
1862
2326
49
378
1030
470
114
8
545
240
893
1542
263
1479
847
831
1982
255
192
537
1174
2435
434
446
142
107
2465
49
236
377
445
154
254
80
17
43
2106
427
178
949
1686
1441
479
2035
891
825
685
2406
625
608
820
678
1241
145
2301
2282
756
1356
38
91
75
917
1621
2449
347
82
61
204
120
740
2
2119
1452
2208
111
596
230
76
164
821
1877
1969
240
1521
427
1005
305
570
359
1305
9
462
26
179
1489
191
1070
2309
270
2390
164
1675
219
586
208
550
5
2
773
90
17
2397
1
612
5
56
508
1296
11
521
138
493
1391
141
141
378
212
25
6
71
2290
230
341
165
48
730
1592
119
363
252
450
380
278
1491
1483
2361
2393
1170
482
1248
28
128
86
480
1628
1240
137
1674
588
807
99
2170
5
46
1046
403
350
2367
1133
558
20
1318
781
154
1539
157
1421
906
546
326
142
267
214
571
1078
2021
1031
1696
130
144
1768
1637
20
1695
1078
404
72
1616
425
1107
335
263
1196
2346
115
667
929
848
777
636
15
502
1159
635
25
1603
985
30
437
434
101
1734
81
1560
1240
2364
20
817
2288
907
1769
2122
303
182
1378
2
261
1021
88
626
127
508
2287
1164
287
41
862
1224
584
357
1437
1072
1566
2032
964
1505
791
1220
100
1918
96
2
745
516
906
1259
695
305
248
917
893
70
1789
2285
1271
130
9
55
1551
2184
779
868
3
1644
691
485
1281
137
171
19
1940
1413
1275
2416
1940
29
345
1432
1490
1635
512
2428
1749
2047
2010
822
1437
312
594
3
2084
779
2172
177
944
738
1733
527
11
359
620
214
70
737
1227
2326
1342
2250
3
274
78
1120
845
275
71
1541
438
119
2229
89
219
81
1309
291
1744
1791
7
785
1628
739
413
1717
1009
108
2
105
1992
18
86
302
276
1510
118
1353
1452
1656
81
1263
235
50
1688
326
1779
1133
2367
36
2445
1242
1786
56
1323
55
965
1323
658
502
2139
725
9
128
1951
111
234
3
164
56
1172
1042
94
729
1172
1215
2279
2054
2130
1754
861
2409
393
24
6
418
1320
2428
290
185
286
98
760
1222
1216
2062
2085
169
1608
28
344
13
303
141
1604
3
1767
4
149
2142
27
950
67
29
427
296
978
17
2109
2128
931
399
1144
383
6
663
113
15
1604
816
57
2303
964
115
790
1454
223
279
36
1374
714
792
691
2067
332
18
1533
1853
81
5
1222
404
122
154
1727
343
321
2
320
963
54
79
196
1748
380
2158
2153
215
92
152
212
38
558
11
801
827
945
1026
6
11
71
298
1684
115
169
284
294
906
1595
1704
1
201
6
15
1864
1732
2005
1787
2372
1367
739
13
1954
1138
131
4
1923
552
547
295
929
8
791
107
659
912
19
462
1955
139
18
872
2499
1378
51
566
1244
104
1294
1211
84
337
2323
197
475
2
1808
57
49
144
588
127
14
1749
834
2376
672
1061
5
24
33
2321
2
447
120
55
26
157
2438
148
530
310
2300
170
444
39
2442
1176
571
450
1013
667
37
1
2104
21
1379
576
251
1125
17
440
167
2403
1273
1999
440
210
1357
968
1379
1249
17
207
1594
187
48
12
803
59
9
2290
2229
234
334
187
5
43
4
154
477
279
1840
2245
1313
1739
47
257
1565
1391
1805
4
375
773
50
135
2
2471
1220
2193
972
333
32
2188
1991
65
2244
393
2243
109
1615
122
61
492
16
20
724
1066
1082
2102
330
419
1072
1389
1858
600
448
1511
65
46
699
2278
64
291
1355
4
2010
2126
1075
936
2362
2
828
211
1836
24
473
2231
1833
452
1840
494
261
18
1089
2010
998
849
9
337
1678
174
180
1461
1405
1819
1203
394
164
216
2
1806
755
1352
4
29
941
1349
343
274
210
39
341
2479
1490
2
2
257
18
262
1821
1889
239
53
2316
493
614
1718
983
271
846
781
60
56
718
405
1804
1066
1145
254
9
81
343
2188
383
548
1370
224
755
1011
916
430
894
2274
1935
45
1592
674
2496
184
594
562
810
1722
3
882
239
19
12
303
1083
392
58
36
1039
166
169
173
1754
1060
120
42
370
582
107
569
537
751
2082
1037
790
1309
931
290
862
517
1712
1236
108
1727
572
555
159
19
660
2190
1980
1528
944
2072
7
2038
7
1699
884
2129
1447
115
9
1994
1439
5
670
294
18
2183
791
2
48
306
1285
2145
2146
12
2087
1507
1924
34
243
227
972
755
285
899
89
108
141
2262
1091
868
18
67
74
1421
2283
277
1169
155
107
2046
673
1427
1029
1125
65
1876
1162
50
2413
57
52
500
936
403
641
1009
1786
293
645
684
295
1883
1169
334
268
24
15
389
1941
223
54
101
1013
1608
1997
1900
1178
1930
1472
29
1440
551
1078
111
1900
924
1943
1850
153
66
1588
40
94
2074
1536
605
489
1499
802
645
505
2176
1953
253
926
1420
1186
1848
720
486
914
505
2264
1
1963
598
605
303
181
867
547
19
17
2155
426
2248
2
1853
1470
1962
2015
70
302
1
766
582
104
17
498
1720
2140
11
1304
1324
1239
2222
1769
1402
458
887
1175
277
359
1920
1426
91
136
221
1268
846
1039
1163
402
148
1395
383
866
2497
668
1430
68
82
706
14
168
1926
683
1846
1311
96
2039
1105
993
2250
595
886
755
1436
1683
2000
8
1073
307
1484
1971
2364
1153
2144
927
337
5
907
1389
148
376
967
70
501
177
4
2156
263
2189
1395
1650
1614
913
1011
911
1860
1932
83
2283
3
984
578
27
2001
1989
1478
282
135
73
67
508
487
371
223
1790
142
1076
2039
309
18
132
1900
300
959
2068
826
764
2116
75
905
38
64
65
695
2357
2089
2369
1215
2443
1950
1250
2238
2397
1343
2317
6
18
586
395
9
1348
14
3
240
224
1096
1
121
707
2263
89
646
1075
1834
1750
14
1304
76
345
77
89
1487
1443
1234
958
46
529
169
98
1932
1047
386
706
4
39
715
128
1338
1667
1024
1789
750
43
1379
95
2371
74
561
350
1637
2258
1169
1462
2251
2382
197
1
2356
110
12
1645
884
46
207
148
98
296
2010
419
2186
796
887
137
120
263
1086
388
24
443
64
363
1159
1062
1871
210
2
2342
918
501
60
1085
2006
1509
1810
1657
27
922
1109
263
2061
229
1162
2380
1976
1271
79
1768
2491
519
1723
28
1714
155
231
1758
55
258
2475
1511
104
333
503
5
32
1
2013
300
1513
58
438
1009
982
319
131
22
709
1007
264
37
311
1348
17
87
23
186
322
1842
730
331
959
284
1807
349
1306
13
2215
1937
1011
444
436
52
68
331
39
827
1758
15
86
111
1386
1848
566
2095
1119
1713
234
35
271
1000
1122
1064
193
1116
2051
853
745
1815
2425
312
2437
463
1929
1347
944
1040
142
947
1954
1873
1459
2445
1726
2431
1051
1094
686
1307
967
1987
47
911
627
517
635
2374
751
7
1309
63
19
579
21
547
2105
22
230
212
424
2412
1878
460
1
466
590
683
1105
96
8
1747
300
1905
71
44
2425
697
300
355
868
237
299
451
61
42
40
400
2229
376
1331
161
189
112
1310
21
178
188
1490
446
554
44
663
423
1600
1075
13
1
1356
1566
19
1634
143
1047
212
457
180
770
361
73
593
2303
1207
894
134
1
34
551
1656
70
85
71
2450
74
1835
1951
2404
1452
60
368
124
2252
246
1894
1720
932
1675
1001
69
1301
1084
2240
226
65
982
2004
54
261
741
2155
2488
90
18
12
767
1365
803
1575
750
858
1254
165
1168
242
19
13
2445
50
144
1700
910
2
1363
130
607
1157
417
381
297
6
410
3
442
2011
2468
839
15
15
348
816
922
492
45
122
1408
610
97
1009
1279
533
100
1463
1647
146
600
1440
506
188
6
727
24
9
1500
1405
918
16
41
1618
952
235
2353
167
1471
1463
137
1858
480
539
1076
558
314
27
591
195
1192
83
451
442
400
1651
1074
1991
723
649
4
573
344
2117
524
907
1198
1457
97
157
194
2131
1972
1082
48
55
1636
667
50
1608
2261
6
197
1505
638
385
154
1909
487
2044
235
2
561
1096
59
569
878
447
236
1
2
307
1287
65
22
1899
208
95
2216
1908
298
241
122
2325
513
634
456
2000
213
1
1377
16
1956
925
925
281
1981
1862
89
208
1089
2412
169
1532
117
461
274
1612
2403
2332
1125
2405
93
173
336
2164
10
1901
229
589
2432
1348
89
1013
2309
160
575
1526
1503
41
62
2262
845
139
10
58
803
146
79
97
711
9
543
1669
1731
438
1
1989
1974
3
640
1724
1855
2147
418
889
12
1
229
39
478
623
498
588
44
1986
17
1104
487
9
1281
1139
1567
9
1937
1589
49
620
300
70
713
201
8
1579
1175
705
1273
94
816
957
600
119
38
963
755
2233
137
1057
535
285
822
879
576
2452
910
10
209
2044
1683
1747
2143
783
2031
5
1890
2096
2267
144
83
1053
539
1867
723
2178
1903
1667
8
740
279
593
545
477
1063
26
44
1829
765
363
785
283
995
35
221
669
2085
1
28
66
1031
652
1190
549
91
1976
721
1656
2113
165
129
360
391
871
1043
634
1609
1955
677
2343
2299
60
105
1182
475
1382
1883
1396
2332
519
1259
1902
580
940
863
2313
2384
8
1062
253
1777
42
307
94
624
1958
1484
313
811
143
516
2032
1269
103
33
1208
776
901
314
1569
1292
585
1923
2194
12
894
1602
2384
19
2430
1887
496
1049
392
1366
18
33
22
753
1891
260
92
47
883
2064
2482
2044
132
1907
175
2399
36
842
621
195
933
353
1192
1549
432
1959
1168
35
306
247
48
1816
136
1301
1774
1
47
1332
46
238
186
2209
229
268
560
495
1421
234
797
420
422
1
1869
172
1769
1193
421
2091
333
917
133
292
683
348
387
2365
1071
774
25
452
37
447
2263
252
1688
2171
702
2376
1756
432
1180
1701
1670
381
1074
170
129
442
1474
462
77
19
1121
1802
1848
1583
84
1918
680
250
642
335
675
88
5
3
29
1023
569
296
2086
514
2075
135
986
30
315
49
1430
998
734
79
22
22
2044
387
202
329
1171
632
189
1305
1022
1233
978
88
182
373
589
49
1723
2463
805
882
1151
1922
2309
935
617
38
1934
474
2494
759
133
571
253
1233
6
1053
1224
1272
329
539
778
8
646
404
29
319
1158
1461
294
2320
631
310
521
1148
931
970
517
482
360
103
33
1998
996
311
8
2091
141
2011
938
396
1402
1955
1725
27
1139
265
1
1278
1641
1389
379
484
1510
1565
1921
348
105
524
1773
954
944
23
548
2478
2361
2483
740
1041
22
81
1310
643
578
1205
671
867
646
2475
444
1153
285
192
927
196
1204
1678
1500
77
79
20
67
37
2464
2165
2234
2409
1582
2287
14
309
972
1059
2343
1688
2042
2270
807
53
1779
2280
2240
407
2339
1753
28
656
1033
1658
76
565
114
1554
872
874
1982
2429
2397
555
2
456
199
627
547
1051
1930
708
1118
581
1631
869
1021
1529
89
779
23
130
135
2395
1751
1952
97
1532
1053
799
110
1317
651
777
26
1773
1692
1192
44
1858
400
648
285
1833
83
347
56
132
1917
128
2485
1460
2460
18
124
622
364
317
294
12
622
1434
1057
453
2289
939
613
999
1931
732
656
591
148
38
207
1191
491
2149
1126
77
74
713
462
57
1220
1924
418
126
124
487
189
1832
200
175
1467
37
622
769
34
356
1761
1367
1865
114
1426
887
48
484
1379
25
1730
1267
1739
2410
560
218
1075
2462
19
201
2
4
84
1599
1336
22
981
966
257
1
1163
1443
287
6
39
868
1120
4
1269
2030
240
142
471
1224
439
1686
443
1055
1979
18
26
47
664
513
35
661
2189
13
2391
68
2459
271
1163
923
2320
1474
2196
809
233
776
695
481
749
770
2353
1
1660
1752
392
257
2042
298
2108
59
984
159
1069
580
1033
2142
176
418
1
1369
695
104
1191
2212
1621
76
1331
997
2393
1328
244
1003
1740
379
121
1056
13
253
2126
710
56
524
18
1096
720
1460
617
295
1053
300
802
488
232
116
1616
59
1684
4
710
1535
1522
1685
1340
288
18
1328
310
1011
1724
1006
218
933
292
1508
2491
230
661
2398
13
672
1097
1121
2386
96
4
2243
1060
119
696
1682
617
263
12
2481
1380
2333
29
28
104
116
1
1352
992
1912
1909
261
1477
1869
1548
13
107
304
2054
1984
1796
1677
9
1907
1641
333
979
861
592
1394
2007
522
1507
136
388
560
1153
215
2
1335
707
83
1625
690
2380
588
530
2233
678
858
750
2356
1006
1416
1755
1059
815
2125
73
7
214
904
176
605
304
195
1033
417
1256
1150
54
601
210
200
1292
90
457
1021
162
2231
1388
60
74
1271
270
19
2253
89
1380
781
69
1023
1233
808
1966
1786
1723
184
4
1923
733
1213
2310
463
59
216
141
1647
73
154
1297
2242
411
3
221
752
1852
1513
45
259
64
738
1184
295
1062
1538
1406
964
442
639
241
691
476
1734
24
687
473
1010
239
707
960
427
321
2150
713
2139
193
307
194
386
414
2076
1318
1190
249
43
281
262
304
1264
352
649
45
1430
193
1381
423
1857
879
306
849
1594
4
1248
1801
149
1959
2401
718
1780
855
831
1689
126
399
4
715
940
84
1807
1235
479
45
2471
1847
35
1457
1220
1580
27
615
602
717
522
47
1413
1264
1621
4
381
1998
85
2205
692
34
83
257
53
1691
33
1301
906
926
774
5
2410
481
1934
200
1715
791
2114
673
144
1767
294
530
1817
2047
240
437
375
561
841
974
25
387
497
89
1081
333
474
1638
40
400
1955
37
1906
397
450
189
1508
1291
1694
275
1286
366
936
2222
471
234
1116
617
2320
982
248
450
1250
2252
200
207
2369
767
3
1
14
418
38
605
1599
1
1587
2248
2083
977
12
31
252
525
538
216
47
1603
1028
70
1126
807
497
175
117
1786
52
1021
225
1070
303
49
194
1336
472
1667
2494
5
862
1382
6
1
441
16
126
13
1
2112
673
288
1028
255
1366
2468
4
245
586
2020
1
1141
1631
1776
516
470
747
1368
683
380
244
346
911
770
854
489
1000
1649
41
1594
2347
2
883
1456
2065
1175
946
1305
19
602
55
51
1310
587
47
251
2089
1402
436
637
385
56
2343
14
4
432
664
1073
1490
392
22
1470
564
424
597
1523
1032
595
1439
149
72
364
25
1684
2053
1298
1509
283
94
498
35
1240
1968
1862
248
1140
23
996
35
1853
478
152
2493
1997
78
27
1006
7
2170
708
10
790
837
821
868
402
294
207
1213
272
3
16
7
85
520
594
368
2367
3
1399
1729
1983
790
336
1025
1071
890
1131
2092
756
643
11
1083
682
1636
1199
2006
2202
1377
283
324
2232
2208
42
538
1857
4
2127
563
1447
1992
448
637
515
8
106
136
1756
874
7
2070
272
36
452
2015
1
2205
825
870
39
23
2462
1582
142
2472
949
15
2211
60
141
34
683
797
609
504
2098
1823
82
213
7
333
547
105
5
546
1
152
1957
1000
761
90
555
714
8
740
692
765
727
1283
338
2400
2092
235
426
1351
102
2147
14
389
600
149
2326
1658
499
1464
82
2
86
110
1588
22
2480
1033
657
656
919
695
121
108
2260
1503
132
526
122
1661
2268
951
310
1839
1172
113
263
528
178
166
877
131
1837
299
694
13
1927
146
5
2428
889
151
514
1957
1792
6
41
387
2212
32
1066
20
553
1062
19
141
2437
128
1741
225
43
30
63
11
162
129
93
638
1683
1325
720
307
1480
2254
5
2445
286
55
160
489
1317
1304
325
81
5
39
2266
4
675
468
2482
794
130
4
7
5
178
2491
688
811
452
330
123
331
1476
363
5
859
1554
1775
235
927
1814
33
945
182
52
813
783
307
1454
250
1
250
413
232
914
123
266
1
2
795
749
1928
2351
788
45
1249
112
324
735
219
2377
77
1869
305
178
211
2047
1371
846
6
924
1380
442
212
661
2300
4
86
1
1201
1017
613
563
1498
1071
29
14
701
2
293
2158
32
952
1
2234
47
92
352
1689
1367
1592
1113
1075
1566
232
21
1707
1417
230
107
1883
2222
1237
1
9
2039
74
512
2425
1415
2328
704
404
595
1971
1087
2
2176
2347
574
1606
17
499
1628
2174
132
719
2462
49
24
1173
43
194
2052
1309
1191
458
87
10
44
99
1289
1204
6
821
1043
404
2329
23
1484
327
171
120
1783
9
897
2077
163
1
136
2309
67
447
1646
1885
9
2047
1
277
16
531
1705
94
5
107
779
1997
50
7
781
37
740
458
1990
964
291
2130
976
1004
1369
292
19
98
39
2026
64
246
2239
1462
15
167
689
89
1611
1618
1057
772
1943
101
1267
766
1336
2043
324
1964
294
102
1458
759
2156
1
23
1925
524
916
1057
415
1248
817
2192
228
535
9
1003
1215
184
232
41
311
1160
273
1850
1542
1071
295
431
650
2407
843
1247
1756
259
669
586
1745
1244
1906
1040
165
2459
1147
296
342
1626
1897
2286
228
2270
2209
204
33
1357
1222
1088
1153
1728
2295
709
63
909
2161
737
931
948
1312
14
1908
2433
315
433
15
586
825
2052
714
1
13
24
716
21
252
2404
1422
154
589
470
874
98
237
1301
1157
119
1166
389
2279
10
669
2
1465
157
1626
160
480
1417
144
672
1678
13
466
1831
416
34
2339
329
326
213
29
937
581
1336
73
761
809
781
1290
218
1003
153
324
1447
691
123
2081
1359
1003
2202
1871
2195
2012
2489
11
327
698
1664
1679
1756
175
300
813
4
222
328
969
87
16
2207
2157
35
2058
750
1059
786
1129
2197
285
256
433
1591
2323
2412
191
46
1504
306
1723
625
40
733
851
2400
299
140
9
1
431
431
21
68
1917
381
62
1824
1265
94
149
1717
981
1366
845
2198
909
45
145
243
2002
553
874
972
153
1027
421
40
68
182
493
350
170
394
422
1649
745
968
263
1147
2161
576
1719
718
2384
200
1742
1462
907
2281
2315
26
885
235
20
289
1236
544
2089
434
370
684
39
1588
116
2
169
809
1
97
861
284
1353
303
814
1388
2464
2316
1274
79
2310
676
1144
1310
958
274
2007
162
1093
37
2443
1627
74
484
699
293
73
1282
310
99
364
558
2258
2277
615
3
2218
2237
209
2158
113
586
2402
577
533
398
1242
224
707
881
1934
11
584
2070
1449
1540
2137
1113
297
516
1803
125
129
529
970
838
180
378
1517
700
1126
512
298
250
722
156
75
2009
1
1942
17
313
11
13
312
2135
2315
452
361
477
572
130
1122
35
70
54
62
21
1700
703
2285
2473
96
364
528
459
91
416
4
582
108
2154
5
411
436
199
11
3
386
420
2027
148
101
1
47
842
434
149
225
1859
83
158
1842
1053
162
1053
1012
549
1394
1520
1333
2450
1873
483
999
35
303
1182
390
1718
64
101
37
1696
2414
1397
36
2328
2055
1909
256
1439
2189
95
1031
20
502
468
346
2263
1668
59
594
130
2080
1389
12
1692
2264
410
639
154
2151
428
1079
134
187
746
31
629
290
1
497
142
654
87
780
6
1501
513
258
628
2193
398
744
1189
403
1574
1960
17
156
18
4
19
392
444
1143
704
18
739
1933
198
1429
52
41
2124
456
1624
760
100
1673
1480
28
906
283
313
1818
557
2269
2466
1018
41
28
1081
880
123
719
828
287
190
553
1918
305
1362
1435
1290
2171
580
1538
314
59
136
28
7
228
667
75
345
5
2244
1991
64
2318
233
883
151
105
2262
19
2119
1256
1827
293
22
1028
132
1440
1392
26
1617
1643
173
482
416
299
533
405
1859
450
75
1564
555
64
1601
321
2375
1116
2146
1210
458
740
1908
16
1048
93
2014
775
530
297
1697
2155
10
623
1815
135
1193
658
92
53
175
1216
2286
133
1795
1059
466
672
1350
193
287
471
1682
1799
25
81
1153
58
1605
98
673
399
505
167
2170
1390
37
41
155
2362
90
21
2235
2177
1666
391
3
2179
168
476
28
741
90
2092
1484
60
32
821
2372
1735
1
2279
1103
1218
165
2
1624
1238
616
2391
342
8
1916
699
1864
337
2226
1650
847
195
1287
1
1152
152
590
535
79
1024
16
613
30
2407
63
1801
44
1265
274
812
1271
5
452
2355
16
2
2284
89
135
1239
248
574
29
197
1074
1099
7
16
1330
742
2326
432
74
946
1762
2094
1886
166
52
2335
16
1895
1519
1709
1361
122
3
649
607
168
1429
1708
1350
815
2428
1937
1310
237
224
1176
1623
477
97
35
662
1368
27
116
10
149
822
2338
15
51
828
317
2293
29
17
1628
1158
1633
343
1759
1636
12
537
2129
1748
1538
1450
973
161
1364
24
1867
890
9
30
18
737
178
274
156
353
5
715
115
2491
909
1233
1453
354
246
957
66
76
869
179
2025
448
980
2370
1
704
436
255
454
584
234
512
670
1184
75
975
2393
74
165
1418
824
1150
1572
12
1194
29
328
2004
1465
220
1445
356
1
4
8
4
2390
1408
1
1181
286
8
7
14
87
5
2129
1170
1199
1751
790
765
595
2457
310
1182
1245
1047
9
1992
1261
2
1706
1714
81
618
1514
255
680
855
2399
35
277
9
210
2470
935
772
298
506
1658
2055
1453
752
725
56
176
1444
85
1894
1038
929
1389
414
1425
1126
573
151
373
378
1460
2271
70
1353
516
227
153
387
121
23
456
141
369
570
1
3
991
2288
1927
14
529
301
33
2115
1872
459
18
342
33
1301
992
717
2237
6
454
45
228
2030
14
2224
2170
663
297
50
798
933
588
2363
184
1371
3
1782
847
2098
691
70
151
349
2048
157
349
1491
1766
785
2107
372
65
29
2355
2369
2351
709
1758
788
2305
575
2356
413
1430
1843
346
1222
2148
1811
651
96
946
1751
1726
37
1994
7
1999
148
1919
1242
701
1174
17
155
57
559
1595
946
187
296
723
2025
2047
1772
624
6
519
1143
2343
802
835
176
1553
1987
20
28
280
419
454
756
29
1423
2089
98
1836
706
2108
71
2090
297
82
596
1977
12
111
9
2181
109
51
752
17
926
451
26
495
1175
505
168
159
986
264
149
1078
209
587
588
1328
751
1113
205
628
1490
576
183
1632
251
1
650
23
352
45
906
1527
1822
46
628
222
1194
1355
12
1855
1
1421
1253
1383
36
271
1266
2095
882
1913
2423
133
123
2
99
1136
1577
1452
343
358
60
2493
62
8
5
340
2008
106
45
244
1722
1524
956
1189
1248
259
1339
6
1903
1059
884
2165
283
1539
2000
1636
607
760
732
598
739
2119
3
1758
2114
1433
1966
942
225
974
1
1070
1464
260
3
3
1886
435
1343
286
37
302
72
144
920
1288
7
504
724
1882
725
495
86
134
881
1642
564
34
489
235
2234
2351
112
1149
692
115
15
2379
7
2160
143
471
2129
1620
33
164
808
140
162
383
263
1539
875
172
969
349
678
1431
438
20
1104
457
1648
13
1431
8
409
37
979
1479
197
794
665
1397
1386
1960
1895
159
220
724
1155
51
862
119
37
2
1706
1428
938
1247
1167
1965
1062
198
1910
1275
35
314
371
458
62
715
614
98
987
202
217
272
89
5
3
747
88
40
923
681
1477
1212
1899
2051
131
1156
33
335
113
899
1045
2158
688
2392
2138
2481
133
1145
228
2324
1522
834
729
1617
236
553
1
1892
1310
2042
112
41
1110
107
2241
1679
1602
19
2431
232
1256
709
808
1158
509
1952
1653
43
341
44
2123
1676
101
563
468
981
407
1343
12
2009
1364
1865
1613
1460
232
15
2491
27
313
1
499
2056
1718
1110
244
1937
2240
13
1914
391
142
1670
1553
464
44
290
190
213
139
401
1464
25
350
275
338
662
112
72
2470
1018
35
1373
1486
366
545
1791
24
533
1217
380
1824
32
1399
553
271
1506
530
241
355
1104
1914
145
1640
426
308
27
1
15
1186
140
20
1590
268
745
2087
212
1576
1994
164
2271
1063
1629
96
153
2377
629
629
1886
1841
867
2309
252
430
2335
270
812
400
1861
189
916
12
667
1574
43
190
366
250
2465
1374
980
441
473
1023
1
499
837
644
1051
1488
815
1549
77
1025
458
369
1062
293
91
917
24
793
695
25
318
221
296
1276
232
1309
485
2388
475
241
169
1606
1356
1224
1422
797
71
164
141
1405
2384
1035
1373
1463
402
127
1233
838
134
105
46
1247
1506
620
17
2361
74
176
2454
130
146
2244
449
10
49
55
456
940
355
1041
1070
214
477
523
270
1199
97
2402
1204
919
228
680
282
4
1790
1040
390
101
1468
597
1
45
756
1478
64
1195
565
796
498
19
145
206
2391
3
1971
83
195
9
174
1477
2339
1845
896
94
2046
2296
1847
211
580
1068
346
973
666
502
14
427
1333
170
29
1674
2070
357
1378
293
75
97
2249
2050
138
6
205
3
1574
1041
1002
153
2366
2
1564
221
980
2420
386
486
6
42
326
697
1719
41
1309
1234
2418
1627
955
717
2256
16
3
987
2198
92
1390
2216
1
1354
128
383
137
403
106
240
382
284
1883
1783
123
2476
147
1055
79
2343
11
363
512
347
924
27
53
1441
1158
969
37
619
1258
2397
273
1157
478
1
900
70
31
235
1234
344
21
675
893
5
36
1544
3
23
1285
1440
1036
1020
250
812
2212
325
1681
1841
73
187
558
109
1390
25
2416
872
1745
1992
501
244
63
2228
1617
417
415
550
558
2355
361
1208
326
1328
647
1167
19
124
215
1299
27
1021
584
585
375
650
77
780
266
2431
1823
688
2375
1455
2483
96
1712
1728
834
1794
1285
73
26
646
402
388
995
134
1656
114
1133
285
2084
1138
2
177
951
109
209
3
2446
1974
1429
378
633
1895
12
755
561
24
1503
1228
2481
14
64
2144
688
281
321
431
1499
65
643
1333
623
606
510
257
294
273
716
27
1192
1785
59
35
11
1978
2342
354
2455
1830
2027
61
1762
345
361
1573
2173
438
533
1296
157
962
1084
23
1551
417
1575
793
173
1850
535
1596
214
29
1395
2221
1
1907
642
2
221
1779
8
394
1728
960
194
196
1153
9
746
9
1619
48
25
211
16
1033
1770
1958
1576
163
2425
1262
119
2005
162
46
1899
53
4
2030
11
345
1890
72
2293
1997
1336
626
652
21
455
2391
1508
2280
2363
2014
1138
160
17
1
10
348
2228
1
1399
995
1293
1353
273
1472
639
480
723
629
1400
197
675
1545
810
794
379
12
2283
271
973
1432
1273
93
25
1845
1507
1987
255
407
71
2240
1710
2317
685
103
690
182
994
2296
273
1005
344
1818
591
293
318
1851
150
1411
1360
279
1183
666
1904
21
15
645
353
105
422
2139
247
75
2042
9
243
53
118
189
1045
1177
157
56
2107
6
30
1929
2018
1466
13
1710
2229
731
2214
1554
257
213
1
1450
1113
406
1325
1451
531
1664
1225
95
84
1930
365
149
1995
1281
38
1534
618
265
827
606
2139
157
511
175
2441
738
457
393
1134
1338
344
1671
926
1921
2479
2111
2
99
1045
41
624
138
85
1553
1315
245
2333
2017
29
502
2089
2035
1320
612
11
8
2390
661
24
836
1918
727
2471
635
550
1640
231
1151
1985
2024
1267
1303
1242
2
1538
694
807
1513
1190
1005
1783
590
1567
1677
1141
819
82
1023
1499
767
103
288
1786
1129
5
1153
915
355
429
911
414
107
23
231
6
79
873
915
211
1041
118
1572
2440
1907
16
28
1138
1048
206
855
1814
143
2408
269
1870
166
315
1156
2473
1841
623
211
733
2141
184
165
409
34
95
2062
15
52
1804
39
243
423
1499
75
41
1667
1692
2246
1129
2372
85
1999
13
127
179
837
2427
2027
1123
2202
1833
195
1002
3
967
2207
776
353
1512
2425
7
2006
598
798
59
255
472
1050
733
1176
12
156
15
1293
719
10
631
247
768
314
1997
1414
1551
1382
690
2448
220
481
110
15
898
429
671
1200
97
434
1
2445
867
225
656
16
1
2413
1207
2328
120
1091
167
2360
1725
2464
86
1873
113
1598
14
12
58
280
3
1493
2209
164
922
515
730
76
92
1619
739
2364
1694
659
578
1027
2198
878
7
13
380
1408
2294
879
103
642
1670
2430
119
857
1920
6
1907
1666
342
808
2292
510
18
2167
102
2208
171
730
248
2053
2314
965
911
12
99
17
1056
2492
2
20
2030
13
9
382
19
467
493
562
72
195
227
1013
664
2182
895
1010
76
703
1124
1192
990
503
220
108
199
881
1334
572
2403
1267
803
1767
2237
2500
2355
334
8
1848
896
972
420
1353
532
58
50
149
2069
26
105
1971
131
177
139
29
631
1505
162
1
2276
2236
320
1493
1068
906
39
1331
341
1222
1952
1552
232
1
215
488
243
1742
523
715
268
384
1425
165
1
1650
1
814
208
119
1065
16
1306
471
112
1540
2466
490
1471
2346
1203
863
557
1249
2245
20
564
1102
2088
737
477
1299
1135
873
1333
1427
586
1012
1708
2099
1413
2489
1809
66
249
63
2381
239
18
1417
27
1475
153
909
1877
118
941
373
443
2120
199
1836
775
56
215
271
30
76
1979
132
26
1111
959
1831
284
2366
250
737
1014
762
9
490
116
1764
25
1274
1383
984
1347
503
209
459
1148
409
1605
1022
2470
1161
1943
4
744
909
418
1326
280
1273
1725
1774
2078
1850
702
145
1775
2317
44
1612
1437
2137
1821
1494
314
33
60
380
615
430
320
191
21
9
133
772
1727
1861
953
1849
434
2464
258
232
1872
1121
2258
2282
1540
93
525
658
29
210
63
457
7
2128
93
1148
184
669
52
70
45
983
1149
733
1418
1672
1500
209
36
22
1963
811
849
1546
295
1625
2249
505
130
1850
462
174
612
632
20
1023
349
406
118
198
528
1264
58
840
873
725
1197
730
153
1068
171
1079
290
403
52
218
826
2211
1809
258
339
1679
64
961
519
745
422
387
486
26
1954
2424
1573
4
1107
532
1969
19
180
1486
2144
226
23
1684
1385
294
2175
814
129
520
1391
670
2183
988
36
594
344
146
785
903
348
111
619
2000
1850
9
2272
886
46
1522
1
307
938
1111
1038
52
2076
61
44
1408
394
2379
1634
733
224
1577
413
89
435
485
113
662
806
1281
67
470
2091
67
755
2004
2352
49
623
1601
279
1922
44
609
66
1
25
393
84
570
39
116
188
123
351
161
5
418
2010
27
17
863
1369
341
98
1088
889
731
110
948
583
965
884
606
383
332
1663
92
1725
472
11
2058
1404
189
1050
1498
2245
465
2297
2317
58
119
78
472
1268
2141
2044
22
2352
346
1321
20
38
29
1
1245
380
1068
42
304
687
1229
1373
494
277
566
416
501
84
923
655
2241
74
696
794
617
2191
2500
894
532
1231
1737
647
239
1419
727
838
1765
129
852
2217
215
336
1086
1409
47
1817
6
2423
535
529
5
833
11
1946
2136
1570
1767
1518
212
379
553
1974
181
200
1662
623
1207
1078
35
367
106
235
439
29
374
43
1334
1082
511
1709
1017
411
170
318
1909
902
11
1774
1202
374
1920
12
1957
1882
1719
1130
1026
2195
884
1643
907
988
565
462
949
1190
306
678
315
1218
157
1549
373
1809
2348
141
2118
843
174
312
1922
408
1766
1267
776
13
2060
371
360
778
1187
337
767
19
1548
737
667
22
1068
242
143
952
517
615
1072
1374
60
443
695
1610
1
2340
905
19
636
1699
888
212
156
1209
1481
244
2413
1670
742
582
175
192
220
305
963
259
1
200
376
2019
31
145
8
97
296
793
1191
1495
230
128
179
1324
2432
598
111
2396
1383
249
57
21
17
1369
1672
134
1121
71
8
2205
48
4
1954
832
1256
2303
15
402
2118
75
1963
1043
1521
2290
115
1132
475
220
386
1209
1251
1139
2243
6
60
2326
365
2010
766
1939
256
804
1651
95
139
459
786
100
40
1425
33
915
210
1366
1953
166
859
658
1657
14
4
378
366
318
237
32
973
92
1501
2484
322
1939
289
1363
1412
622
759
2223
374
1333
1755
8
13
83
29
4
2
254
2
114
2489
198
314
2320
1814
748
618
109
29
349
1282
140
147
2165
2080
924
1613
117
11
16
1131
2214
1797
639
68
2222
2221
235
682
1302
918
110
739
98
1804
1853
938
9
720
152
478
1856
113
1859
622
426
1182
89
365
173
40
2092
1981
1461
1211
36
1145
2201
961
1466
1064
2395
508
3
1604
1432
1532
170
1325
1205
1812
65
649
1898
3
272
1083
2341
1490
385
529
275
474
1878
1927
254
1719
278
147
475
1233
146
307
2134
1
2016
1599
644
436
645
34
727
618
34
147
1383
46
1136
1378
800
2296
57
1462
939
424
793
2067
455
1247
913
2331
18
1
391
169
1012
33
321
151
807
268
8
1519
1987
1949
1940
1600
1722
2398
249
540
1913
1106
2188
16
8
1245
300
528
97
287
2337
2367
132
1540
223
675
1335
1181
2433
2258
2336
1203
127
981
908
396
76
87
86
1301
248
399
2203
600
430
506
739
630
376
590
1621
33
28
2
178
1801
248
1943
288
344
348
8
253
171
662
1603
27
27
661
3
2237
355
271
483
1470
1428
270
498
112
1662
335
65
2
2231
195
414
791
99
2386
1797
1107
896
99
1825
426
1650
1374
22
402
2334
1232
914
631
121
702
1276
114
1326
1201
47
2247
965
698
928
407
1653
13
1
496
2456
367
26
942
847
115
875
1370
189
1609
38
1871
983
1816
208
2495
2274
639
1421
29
19
452
1885
1891
845
355
2194
342
1295
91
910
596
906
649
1243
1266
2184
1534
860
21
65
384
47
266
1228
582
8
1843
685
421
572
1893
2190
1002
363
433
2177
276
365
85
2303
60
14
1
1285
9
1282
840
2008
1460
2055
409
27
1345
788
88
8
2480
1418
1550
701
876
1501
27
2465
1533
1122
268
572
2316
1273
982
828
1364
1457
1
7
1070
1897
1511
1218
6
2434
272
2077
2440
1008
1193
1505
2197
51
2380
57
2232
2158
1482
1063
447
1555
1876
22
1088
14
978
740
27
445
19
2
75
178
770
164
186
828
2321
6
1653
2188
330
34
422
938
188
538
2290
1070
232
1892
1901
337
2221
1800
46
92
1185
399
213
1376
1287
976
206
645
78
722
39
1162
1346
2115
120
1825
434
353
80
1871
271
910
2050
2206
57
253
3
1059
268
165
243
739
1725
691
107
1350
30
463
219
2173
3
980
1005
251
1923
1135
1711
752
413
377
440
214
351
1820
269
1631
1008
2482
2303
2150
1250
713
825
772
10
152
126
50
746
78
533
326
889
1208
1685
913
969
509
1390
985
1527
504
127
1203
67
1388
11
384
1359
927
700
398
907
82
1301
454
289
234
365
1119
439
81
33
1332
1363
2049
921
48
428
158
2356
752
1566
143
5
2428
1538
2391
1282
284
2238
28
1186
861
37
1337
642
64
2416
1798
2304
1420
428
254
1997
2341
2366
2189
2247
389
1546
191
9
172
119
38
258
1
1244
115
2138
720
1700
101
58
2405
364
576
1757
92
2157
760
6
599
2312
869
444
455
549
20
929
2478
144
2143
365
2194
1465
1658
78
1375
1844
1394
1505
306
699
1901
480
204
1317
7
1420
1914
1555
327
206
986
133
799
1724
175
2
733
568
201
214
464
658
349
30
1547
439
1294
87
289
1173
402
1956
71
15
1007
698
41
1116
27
1202
2479
62
2087
645
499
670
865
1440
63
127
65
1678
2214
630
675
1145
342
1568
68
608
18
1543
793
1530
202
2437
651
1508
2
1964
21
323
1694
2217
814
2154
2475
3
32
2411
595
1186
425
2266
397
258
443
115
35
648
2243
306
27
307
820
335
186
2334
2373
855
180
14
1312
2331
330
723
53
133
616
217
877
1066
1634
2458
774
21
2
217
722
804
125
221
1512
933
143
2
738
246
1666
2101
840
1276
114
6
2008
408
1113
1845
1881
24
2308
802
434
402
458
882
84
62
327
4
2233
903
184
159
182
200
499
466
1011
53
1281
2220
593
48
1846
1665
1222
77
179
2238
1405
221
1182
54
768
2063
545
1220
879
18
432
41
973
67
447
775
1283
10
1
22
1651
2348
1447
14
981
223
1
1610
951
1021
7
778
1685
72
336
384
1844
70
424
490
1087
217
1058
2388
1175
163
1168
236
78
2444
293
642
273
404
1448
23
1774
1861
940
1740
2377
877
368
236
2162
145
1153
503
54
1319
937
1511
2171
92
369
2018
933
1164
1130
243
504
296
1060
13
1140
290
626
1783
797
2134
1563
122
2000
8
421
497
505
1266
1751
911
13
700
491
210
488
531
23
2025
45
839
1086
962
1362
28
2230
7
16
2
1084
196
98
2427
1394
1218
13
23
248
2466
2340
623
542
53
8
209
2
2
3
7
297
150
480
325
549
123
1340
1115
2162
1979
10
129
145
13
150
278
319
146
171
193
719
1282
1487
208
194
1040
31
1032
112
18
20
1499
116
1955
2376
864
316
361
1088
1
1248
495
392
897
1244
84
1907
157
2387
2434
50
115
1222
167
1448
846
887
964
456
1234
126
583
149
245
92
2484
1682
268
1704
246
1814
1407
1721
1500
907
735
1703
1002
66
577
19
1497
126
2500
1450
248
2169
1137
1160
10
2451
1033
1702
317
1367
865
2233
880
4
495
1519
810
1301
127
643
466
195
934
390
73
1753
56
2493
215
1254
2264
953
64
164
1001
1052
40
112
1688
2102
513
2167
391
946
959
591
2245
1661
349
71
23
89
733
2
702
2011
38
889
2198
874
212
1733
1913
207
658
1034
208
2048
1194
1938
2350
312
624
1
127
1907
86
1800
361
1360
260
1182
10
1888
1983
358
2448
1549
1238
463
1299
2038
2276
2427
1419
297
1716
534
611
506
14
2122
1162
344
73
50
1492
803
474
722
1135
596
453
200
83
7
2119
2121
2166
708
217
568
465
61
426
2240
263
474
1706
58
2149
1670
1521
289
577
611
545
52
442
6
8
445
1887
2336
336
198
32
515
1233
2475
1758
340
1972
2270
1789
2363
2204
1489
1071
431
371
269
1971
362
62
616
1742
21
5
859
1234
2264
2498
81
661
719
2204
1328
100
1666
2247
260
30
1533
11
53
763
1681
1231
812
69
389
49
117
1150
188
1050
529
1302
1332
150
415
1137
589
228
2
1386
1683
1135
702
1696
1729
1942
140
87
96
1758
68
1933
1596
2175
32
933
300
2094
681
1103
110
462
1888
1668
2424
1975
1315
1248
110
1497
628
1035
631
2186
1156
2430
31
2370
5
368
50
909
2194
48
239
1292
687
1632
248
1153
1446
608
2323
1
226
775
640
825
813
1516
271
1874
439
1319
1040
2460
42
35
478
1016
353
2341
213
882
263
390
231
379
337
655
292
431
1061
421
600
1598
1678
1833
84
158
53
787
2225
910
1196
550
1227
869
155
933
1357
788
1714
1983
2073
314
4
1460
49
351
1801
637
56
1076
2115
11
287
216
2433
3
39
1472
125
535
1366
43
2234
45
1881
186
1397
35
259
198
2435
1840
2118
81
99
466
582
1062
1249
72
820
40
1397
166
2105
1132
689
90
1636
687
337
1759
1152
2362
1237
784
49
68
2006
305
578
126
62
861
26
333
186
1799
435
1327
2119
242
538
95
132
267
1141
127
38
1283
1781
137
2473
100
61
229
718
579
1371
385
291
42
999
1789
155
21
1670
286
2174
1511
143
312
1787
208
1338
712
1275
1897
522
94
2489
1189
389
493
656
56
300
761
550
2175
61
449
128
2279
641
1586
531
987
284
29
870
934
109
710
529
718
2152
214
958
863
1912
214
46
495
2162
434
378
1076
49
1339
1389
286
263
326
22
216
2178
846
181
1640
743
1065
247
622
4
1102
2268
755
1577
1570
1227
1768
633
1343
147
165
1238
495
30
254
2
1477
2354
51
284
12
508
611
1572
19
465
1564
645
28
2023
638
265
651
1960
80
1437
964
443
401
2205
21
804
431
1597
2295
588
2292
134
448
261
1304
1837
210
1722
2315
455
47
590
1841
443
856
1099
2473
2241
2031
2033
570
830
39
381
1831
2185
2311
385
70
1019
1954
29
78
1652
1141
281
2138
4
1882
2
2217
1400
712
507
1046
85
1096
2178
897
407
139
908
1062
136
663
1193
1
201
450
47
1928
1332
1301
380
166
168
14
184
2193
1618
19
853
598
12
2163
492
775
2113
1258
388
464
1697
41
1292
34
35
691
2185
1101
627
1280
986
698
1334
1313
767
10
630
1695
54
2405
22
1042
1543
955
773
13
2045
700
1317
1915
2489
402
2288
2322
2229
795
533
377
121
69
647
2
99
2028
1588
498
1641
101
1035
489
307
1846
336
37
101
580
40
842
980
126
982
1333
55
1775
275
105
465
804
1661
1880
722
723
287
179
161
911
2474
218
280
134
1207
1023
274
178
5
1435
429
373
1743
597
14
132
48
2472
1963
289
637
63
35
68
103
2041
2327
118
665
1750
1251
7
1618
277
966
754
57
274
692
25
69
1485
30
1817
56
957
1177
862
382
58
877
342
2496
1927
2042
84
342
2100
169
11
15
2229
1984
44
906
500
2401
17
1286
340
687
377
1628
1936
26
1496
893
720
2077
722
3
242
2189
7
4
16
410
579
8
28
117
1534
38
130
1635
1718
90
117
1387
5
66
616
502
995
254
198
376
1373
122
1158
1121
2202
2144
44
1407
109
65
192
399
224
81
1233
238
59
835
971
1062
655
275
325
685
299
2450
1720
138
2126
416
355
2123
2235
680
1326
1292
375
59
16
1226
99
50
482
1562
187
1104
2106
8
2440
311
1480
2383
708
595
1074
511
285
16
93
125
12
820
256
178
62
58
1765
162
1845
701
1637
9
6
9
1545
655
1645
256
673
1534
1814
505
40
797
1414
1921
1372
2036
41
324
12
97
1998
697
187
2306
1057
1038
74
134
2112
580
652
766
5
2228
69
3
12
666
729
949
1275
1
1435
221
36
18
1346
561
248
2
1940
60
1027
1938
15
24
1239
221
796
1
26
2493
17
709
565
173
360
1510
932
315
2125
1199
1516
734
726
894
2440
1530
857
681
171
76
2164
2332
1428
409
93
384
1737
2252
1215
555
1348
60
220
1182
1797
1780
1264
1004
142
871
817
603
687
1619
1288
64
1149
1175
375
632
732
361
619
719
179
2105
9
1018
341
618
1137
6
667
571
218
6
2148
1502
119
976
243
191
462
91
955
1590
794
1441
2107
52
31
109
781
1886
2473
2053
1365
887
481
1409
31
17
2486
77
1159
2163
66
46
175
1
1415
60
1694
502
2340
485
1704
31
60
2033
2293
1745
1451
662
2467
13
911
6
262
780
1027
14
174
222
48
306
632
1813
2037
1140
90
593
1561
29
41
19
144
51
876
1188
102
423
89
1018
1670
1307
2077
1
242
2062
501
1534
1347
844
75
89
1158
2097
321
503
538
17
201
788
21
31
256
1363
2267
832
9
115
1830
418
2115
390
1962
184
166
130
1011
1259
192
1779
302
171
39
1493
1823
327
918
444
2353
841
1873
1132
244
751
106
111
111
1770
1
1601
828
401
1
37
2348
1702
984
55
277
662
1687
1623
128
990
196
160
83
104
1301
372
561
690
98
1176
53
771
1078
1208
121
7
2475
553
2161
48
61
1655
169
602
2378
2282
36
651
1784
581
1599
805
615
1792
2468
498
2086
195
1044
310
6
810
608
35
286
99
654
83
2001
871
1010
8
586
1991
138
241
2115
1561
328
779
28
38
2301
710
794
1145
592
99
586
136
663
204
1892
1
7
151
2204
216
146
128
359
1626
6
624
286
999
621
1667
827
18
249
982
90
1694
1223
239
248
364
671
102
1471
1574
235
63
87
300
167
45
85
1108
83
2383
2189
5
1036
235
11
16
708
1228
1598
2335
383
61
20
575
485
13
156
79
47
354
1389
2077
1470
384
1605
513
94
906
211
1496
12
363
1045
1520
2167
2377
652
6
159
2114
1328
907
300
453
829
71
589
1335
2
350
1
145
879
1650
134
2
1074
1877
1614
1062
1476
1258
970
1722
1233
787
102
412
31
1134
287
195
133
1599
2136
2124
154
1434
219
483
3
1504
2147
928
1522
105
1816
1801
1102
1607
1555
43
508
156
73
1205
51
1984
627
876
2135
1358
145
1753
599
2392
95
2390
2041
1158
314
1246
1550
690
1770
26
61
2279
956
14
77
929
186
1882
1208
202
1350
150
8
40
1250
94
2391
168
107
12
404
683
2023
2310
1136
1277
809
2020
92
689
2209
10
106
747
2087
923
2030
994
1729
2151
346
70
2221
896
68
821
1146
55
182
226
1062
1873
190
416
4
202
998
608
831
860
23
961
6
561
987
9
11
86
367
1452
1657
6
2446
1594
1153
2255
80
659
18
763
6
16
1947
375
1104
103
70
700
1242
109
352
887
768
1657
45
379
238
51
1035
380
89
2425
174
26
1096
711
484
1058
68
2326
2465
1318
878
1104
16
1510
378
1312
1845
1942
1435
1673
381
2402
1796
1128
1005
2408
6
144
431
18
2125
706
1030
130
969
665
2480
631
148
596
192
1383
846
1378
1300
1831
43
2143
2445
2061
1067
1220
654
1816
921
2381
1456
1
9
2073
654
1145
197
225
2218
650
1832
217
952
1229
260
539
242
683
696
1331
2126
374
317
2315
62
16
1400
685
846
143
1232
212
2463
95
49
838
213
397
127
281
960
9
1558
510
2
1481
36
103
12
697
2488
66
19
30
1006
633
430
1005
770
887
1753
562
2085
2396
1712
1924
1
1900
2359
506
78
853
680
1196
2347
676
987
2403
1134
1969
661
3
156
1092
420
1234
1285
694
2439
1670
13
757
2465
