108
1
2
407
314
3
110
53
9
153
9
19
96
496
230
412
5
87
189
3
4
4
37
36
9
27
17
22
1
1
19
15
5
1
22
1
1
178
1
17
7
38
93
36
1
3
4
1
4
1
500
147
19
5
9
4
8
11
76
7
40
193
3
113
9
1
11
3
249
21
12
1
51
2
55
2
462
3
9
288
174
143
3
165
216
8
58
6
1
181
12
2
21
6
198
441
2
1
24
1
15
51
225
9
62
1
1
3
1
3
384
1
3
48
13
39
140
429
1
4
23
6
177
197
33
177
64
33
23
4
364
1
57
10
1
177
56
5
3
1
20
87
244
3
163
3
74
1
109
5
1
8
24
248
4
2
1
10
119
16
9
25
62
3
43
17
1
49
31
68
4
360
20
1
126
227
8
3
2
18
3
2
42
138
260
76
13
194
5
89
1
350
1
1
50
291
10
45
3
2
113
1
105
6
95
57
268
4
2
315
59
2
131
178
479
213
32
1
312
287
209
10
192
3
1
7
1
2
177
9
2
2
58
266
424
463
96
8
26
77
2
334
3
100
483
42
31
30
1
19
7
146
9
189
81
2
17
48
234
7
13
304
1
1
45
12
4
85
4
63
145
87
4
246
11
20
41
20
238
3
28
19
1
450
1
25
1
9
412
7
2
4
97
7
2
8
342
2
8
1
2
14
1
181
412
384
3
437
71
283
72
52
194
167
1
135
6
35
14
3
1
41
88
59
16
70
144
1
87
72
36
9
231
2
2
11
448
1
2
58
2
2
31
2
28
1
90
38
3
11
8
11
2
4
52
104
1
124
353
13
175
55
204
45
4
35
1
1
81
16
328
7
3
173
1
68
9
399
1
323
120
30
2
369
4
50
1
7
2
296
1
1
386
36
1
5
27
360
23
119
2
49
77
54
65
2
240
86
97
37
7
173
1
2
334
249
11
190
113
1
6
361
240
172
3
1
1
55
4
27
184
10
16
8
1
1
68
157
237
4
21
1
1
415
3
11
2
354
8
1
208
17
65
18
6
1
21
37
4
374
5
150
26
1
1
1
1
64
1
65
26
42
76
6
5
12
40
1
2
24
117
16
1
24
4
249
94
1
55
286
452
10
27
2
1
1
255
322
16
158
163
26
48
94
94
1
3
62
213
109
86
5
14
161
75
318
14
181
268
22
1
16
8
40
1
140
74
1
7
15
1
37
1
453
1
8
10
314
5
25
1
31
19
1
30
267
76
47
30
1
91
1
175
1
5
5
162
13
1
7
2
1
2
27
7
113
3
7
31
14
2
7
8
16
4
13
1
1
375
2
121
20
204
2
11
19
323
58
134
27
35
64
1
11
92
4
16
349
51
1
212
17
297
7
8
17
370
2
4
43
186
9
1
152
5
3
3
9
9
11
59
49
4
4
22
478
48
4
126
168
2
4
287
53
1
2
3
24
10
77
1
79
109
31
18
89
316
68
3
1
192
159
87
285
28
110
72
17
43
447
1
152
9
360
286
18
277
12
105
1
77
1
208
8
339
1
56
320
1
3
34
11
54
39
10
485
1
185
18
30
436
300
60
166
52
28
472
1
250
62
58
17
139
5
314
11
1
8
13
432
5
1
15
1
6
31
1
29
22
18
58
27
2
50
42
2
2
16
1
13
6
2
3
60
8
358
325
2
112
20
2
300
244
1
2
362
456
22
4
73
9
135
23
61
3
30
20
137
494
1
162
192
34
35
5
1
171
53
11
33
16
16
1
4
416
52
24
165
358
485
1
39
7
224
279
1
63
64
21
9
2
64
2
23
14
2
263
1
3
17
5
405
37
1
1
40
3
125
341
76
76
46
121
2
7
7
106
27
5
1
2
46
4
412
10
2
24
38
17
18
397
1
106
1
44
1
38
1
50
12
24
47
355
2
38
1
24
3
491
168
76
132
6
466
56
1
1
8
33
6
10
1
24
2
158
89
21
32
11
1
1
6
242
7
64
421
99
331
2
64
84
17
58
14
2
4
40
203
1
2
1
76
77
9
240
125
38
1
5
6
1
1
12
136
9
16
5
1
3
1
11
99
421
498
1
4
36
122
257
34
79
82
3
2
86
16
33
26
114
1
6
66
3
181
172
32
3
8
6
2
1
331
230
4
5
214
346
2
2
18
6
254
87
451
2
2
169
158
12
10
2
46
2
1
43
22
7
15
194
28
4
474
44
2
11
234
417
140
5
355
2
13
3
3
63
12
32
136
1
411
11
1
75
307
217
2
2
7
14
347
2
66
8
4
4
81
341
230
65
2
84
2
166
108
431
216
2
1
102
5
128
1
7
2
1
103
149
348
3
1
6
1
146
418
165
4
3
55
18
422
258
2
12
18
94
136
361
58
90
203
6
235
52
15
6
14
4
390
86
1
80
156
10
1
17
111
111
2
2
366
1
6
7
8
67
4
1
1
3
107
202
1
103
26
18
303
5
78
116
1
322
13
10
10
16
9
339
5
81
13
439
33
149
40
1
66
5
5
84
1
3
109
3
327
81
1
9
18
2
2
59
8
10
5
177
111
182
14
5
1
3
211
1
28
98
32
7
8
55
245
3
1
13
1
181
98
4
28
76
2
19
387
21
20
47
63
13
5
210
36
65
48
51
1
1
59
1
7
417
2
275
43
5
1
21
49
36
1
468
1
4
27
6
2
82
47
472
24
54
14
62
79
24
1
5
1
18
6
1
2
20
399
1
416
1
64
15
22
5
41
117
366
1
194
2
6
2
10
319
251
50
415
4
75
34
48
1
411
273
24
296
1
419
1
249
1
9
15
39
6
4
30
3
3
2
2
1
12
1
29
1
66
199
10
2
3
5
173
41
1
54
148
61
3
128
112
428
5
29
198
5
2
12
1
220
55
1
293
1
1
2
7
123
8
91
18
425
6
43
56
6
3
54
8
6
4
1
31
338
3
1
94
2
97
5
3
253
1
62
207
23
2
1
17
84
6
2
12
1
18
491
248
1
1
205
17
6
1
233
33
32
37
2
26
23
1
34
2
1
121
89
135
398
1
89
67
3
18
1
4
1
228
30
1
6
376
60
2
24
11
29
53
267
1
145
43
151
17
1
9
2
8
63
37
178
1
2
4
237
4
1
226
1
2
69
75
14
1
19
7
7
417
2
197
2
31
2
268
2
343
40
4
14
4
1
39
202
271
10
15
34
8
7
4
121
1
38
2
1
74
325
3
162
9
3
3
1
12
1
6
45
81
9
1
9
3
4
4
1
2
16
3
34
15
35
143
72
187
19
37
10
1
274
4
97
88
435
52
6
36
1
3
48
14
101
277
299
12
2
54
112
68
1
247
35
283
19
1
285
1
1
1
1
22
1
2
4
21
41
51
65
7
4
27
264
1
41
3
1
16
26
2
17
93
2
462
16
128
10
9
22
87
43
1
1
1
1
410
64
1
8
94
263
3
3
1
39
86
306
154
355
121
9
28
3
36
254
431
3
1
114
71
18
1
119
318
17
17
183
8
13
11
11
1
5
1
450
26
1
21
273
6
112
35
23
4
86
2
3
1
1
65
117
358
1
109
77
8
186
6
1
5
8
5
25
406
2
4
35
5
11
382
30
2
51
1
39
39
326
146
1
2
6
263
1
1
114
4
4
2
2
15
4
1
50
3
23
1
10
8
1
5
9
167
2
6
190
2
6
1
151
21
112
103
439
71
88
96
3
21
1
139
23
3
382
91
3
5
41
56
27
31
265
348
4
17
24
14
271
72
448
1
264
120
4
101
1
1
5
1
26
208
1
43
37
214
1
133
7
24
27
6
12
44
52
1
316
223
2
54
463
24
2
45
183
2
1
5
489
77
24
36
6
7
12
49
1
248
4
268
2
1
8
2
199
5
1
9
58
85
166
3
216
2
237
2
298
9
1
74
3
4
5
420
14
27
2
70
1
123
1
2
265
3
1
407
2
6
3
1
22
29
20
2
30
29
1
249
110
1
1
3
1
3
7
70
15
44
45
1
1
36
7
6
247
311
2
1
22
1
2
8
2
1
309
3
5
4
2
2
71
1
77
1
326
269
15
176
13
2
31
1
15
46
7
44
2
4
2
42
4
2
17
31
9
6
1
12
12
33
32
1
1
5
267
2
6
5
1
32
358
5
6
10
1
5
2
2
136
70
1
2
5
261
10
408
65
436
8
116
4
1
431
64
3
164
1
3
21
128
32
1
8
2
15
2
2
4
4
1
407
243
53
135
17
13
225
177
198
10
2
1
178
151
2
300
68
8
32
6
115
29
14
6
125
34
5
198
4
3
54
2
1
6
130
13
4
1
1
10
9
1
2
2
1
47
16
75
4
470
389
105
17
14
1
8
2
25
2
37
23
10
6
5
21
321
1
2
382
8
8
2
15
385
90
14
17
40
5
31
238
1
53
6
2
36
25
95
304
11
75
4
5
6
2
5
57
102
154
420
134
202
5
363
11
315
1
55
1
4
1
6
142
1
16
30
2
18
122
16
6
51
3
3
3
27
64
328
8
51
79
1
82
2
484
94
11
9
229
41
1
5
2
27
4
1
180
5
41
27
1
31
208
2
50
1
3
7
133
6
337
2
284
27
48
30
4
107
6
1
155
1
98
4
120
4
3
77
39
1
1
3
6
206
2
11
295
115
1
1
1
3
428
1
406
10
6
2
2
15
190
320
6
22
5
6
74
2
15
9
6
4
112
183
2
2
2
28
13
1
233
1
3
7
4
18
22
33
6
149
483
2
5
14
1
29
8
24
50
179
95
15
14
2
1
336
5
379
1
44
3
163
1
11
215
355
487
3
157
31
3
41
44
4
1
1
389
22
8
43
1
300
195
1
105
29
1
136
95
5
231
2
14
1
34
4
19
6
32
39
2
396
68
102
9
60
39
200
6
3
267
171
82
24
5
91
1
29
1
1
70
4
1
96
6
4
166
72
36
92
35
12
47
3
8
1
28
70
8
372
2
74
38
19
245
2
366
5
17
204
1
24
117
1
10
3
1
2
13
10
172
1
360
51
2
3
8
6
122
4
24
13
37
454
5
85
2
142
3
2
2
65
86
122
258
10
12
12
128
43
2
10
38
29
17
34
2
2
3
13
479
7
1
4
278
8
5
36
80
56
28
116
410
464
103
476
18
127
193
2
1
35
279
46
28
259
30
6
122
5
82
129
1
22
47
13
1
1
37
135
75
119
1
4
7
373
8
4
5
1
401
6
3
119
18
103
2
2
247
60
2
15
12
134
182
7
3
18
38
413
2
5
1
103
4
39
18
6
4
283
131
1
1
22
1
109
357
4
50
1
4
9
11
3
16
67
1
2
1
331
413
439
49
59
31
4
174
1
29
1
76
1
2
1
16
369
21
11
3
72
1
1
1
1
284
410
265
166
22
1
6
394
1
5
86
50
309
41
13
1
3
1
1
162
50
17
302
284
7
21
4
4
1
68
16
7
9
34
16
449
63
222
14
56
2
78
59
105
18
1
2
1
1
1
13
1
3
3
22
84
1
17
4
18
69
27
27
1
130
2
1
1
183
2
13
435
2
18
49
8
90
68
6
417
2
5
4
290
10
2
4
3
115
5
171
1
3
349
237
146
6
1
103
5
1
1
1
1
100
61
1
50
84
79
84
17
64
12
71
19
36
12
265
1
4
19
6
50
29
3
3
1
1
10
7
1
6
1
2
4
27
15
2
114
18
1
74
130
3
9
9
28
168
18
20
65
1
1
1
120
1
17
3
32
48
1
119
24
267
4
9
23
40
61
339
164
1
213
41
10
9
1
1
315
116
189
1
107
20
16
293
1
4
5
5
60
133
6
157
18
1
5
1
1
3
105
179
60
281
3
229
21
34
1
1
3
2
5
16
26
102
13
392
3
1
28
233
3
4
3
1
66
156
464
5
173
1
6
4
1
233
13
1
2
5
21
4
189
38
3
6
124
1
4
1
1
34
8
5
42
366
142
2
2
3
14
7
3
30
2
1
13
207
1
15
26
9
362
4
38
17
4
16
5
151
165
8
10
9
8
14
48
10
337
2
10
8
5
164
10
84
2
3
4
14
87
358
1
2
185
4
2
3
307
10
1
13
10
4
405
58
1
177
33
84
381
373
34
60
277
7
1
39
3
250
37
74
10
4
1
32
12
15
11
16
344
3
1
19
1
255
1
217
1
3
195
1
1
37
315
83
4
1
46
1
48
1
6
234
35
45
319
26
26
92
47
81
15
138
63
3
141
63
363
1
2
7
21
1
418
16
39
16
277
3
124
1
137
44
27
3
2
2
14
23
23
5
447
16
3
30
2
19
29
112
20
25
1
1
3
6
11
4
254
22
233
3
11
355
1
11
27
116
39
1
3
4
20
2
1
308
1
2
194
156
17
1
1
126
93
5
7
3
467
2
314
1
1
120
308
1
6
3
11
49
26
225
6
18
24
31
2
2
8
8
48
1
2
22
1
1
1
2
62
78
2
54
1
2
2
186
40
69
1
4
355
14
25
1
83
447
143
2
8
5
62
416
2
475
2
3
2
146
9
336
1
10
1
22
61
26
53
20
56
6
15
3
2
252
51
231
60
3
38
13
258
269
1
62
2
1
1
78
2
14
15
80
318
65
199
1
1
490
3
3
28
20
234
3
404
8
84
26
29
51
11
2
456
1
2
3
2
170
6
200
2
2
1
76
108
12
59
8
86
2
200
63
143
4
165
3
21
2
79
4
37
130
6
200
55
7
326
4
13
457
1
105
2
398
1
2
2
1
1
36
1
1
235
96
10
4
144
260
20
81
99
328
4
2
1
218
60
36
1
6
1
141
188
3
26
3
316
8
38
478
56
360
4
16
58
3
7
1
25
402
4
78
6
426
445
33
9
5
42
155
3
332
9
49
221
22
11
179
217
30
147
91
336
3
19
54
4
29
248
26
9
2
8
1
27
25
1
2
4
1
56
192
10
2
241
376
110
301
66
1
2
59
78
10
46
2
29
2
16
2
7
3
7
308
39
22
29
214
346
11
15
42
218
146
138
378
31
7
2
13
57
3
60
353
139
331
24
4
6
2
2
26
1
5
9
250
1
57
12
5
6
1
1
2
17
11
52
118
2
1
15
416
35
13
2
1
50
9
1
271
2
360
33
114
4
333
6
2
4
3
1
33
2
16
280
3
4
63
1
8
8
488
20
1
8
3
1
37
30
18
12
134
6
107
112
2
8
12
21
1
131
289
38
4
33
18
1
1
8
3
441
2
405
19
288
6
1
50
5
39
174
1
103
16
2
6
1
105
40
93
184
1
430
321
25
79
70
195
70
96
2
164
385
246
207
15
5
26
6
4
190
272
39
3
8
45
11
1
24
44
22
34
228
462
93
9
288
186
21
10
1
1
18
356
41
139
42
8
1
7
3
4
10
320
28
3
201
78
1
2
162
1
1
15
6
5
233
32
2
1
15
13
238
125
30
325
2
1
12
30
5
4
4
1
47
12
300
96
326
1
103
107
1
144
101
119
10
6
8
288
1
378
55
145
297
31
3
1
15
104
53
14
339
1
326
14
22
23
6
1
12
118
1
1
2
2
184
21
295
98
8
76
10
1
2
378
68
366
109
2
2
23
93
2
4
4
398
24
310
1
173
6
494
118
4
114
135
94
3
91
3
5
4
3
94
122
242
100
21
102
2
363
30
78
11
3
193
424
12
17
194
165
52
53
71
4
6
279
2
22
277
18
40
246
1
20
1
1
26
1
3
23
5
27
68
2
16
1
11
40
4
2
140
1
14
1
5
2
29
43
5
1
19
465
1
38
96
13
21
104
28
2
452
4
327
404
6
1
65
3
1
1
82
238
170
2
3
133
2
3
1
23
1
42
148
182
40
4
26
13
2
100
7
156
131
1
48
100
209
57
115
167
2
12
5
7
6
13
6
75
45
10
12
52
11
215
1
5
5
3
5
7
1
15
139
99
23
1
137
5
323
60
48
288
6
1
3
29
226
14
90
96
5
1
1
2
30
8
33
152
1
1
87
1
2
3
1
1
7
19
466
243
23
261
2
2
50
1
15
1
7
36
398
72
58
32
70
55
1
1
7
51
3
42
1
141
3
11
16
42
201
67
243
4
261
1
6
75
81
6
1
187
22
146
7
456
183
243
1
2
65
35
115
1
1
293
2
2
219
208
6
1
1
216
53
4
1
20
2
1
2
105
22
1
25
81
207
133
10
1
5
60
26
184
5
4
57
64
1
1
500
1
43
1
6
25
59
2
151
2
46
8
27
37
34
1
32
83
312
73
311
57
30
2
4
45
330
198
223
299
17
1
1
282
2
31
42
181
9
16
288
10
2
39
114
110
95
23
17
440
23
2
1
61
223
2
5
7
409
90
11
9
83
24
8
1
50
75
79
4
39
2
1
12
23
258
6
61
1
21
48
340
80
3
452
14
29
51
2
20
71
56
188
28
5
2
1
11
51
77
5
196
194
3
293
135
1
41
2
8
4
83
77
1
209
167
305
2
1
31
160
90
100
3
1
426
89
61
102
264
30
298
22
14
31
256
4
1
1
109
3
176
17
32
9
15
4
3
14
121
1
1
4
1
9
4
1
7
6
1
6
58
81
1
105
10
1
88
13
186
5
147
37
6
4
3
1
482
156
105
375
33
3
98
25
81
2
371
4
1
4
2
10
238
1
9
359
1
1
10
1
273
1
7
4
3
12
13
89
3
2
2
3
23
28
34
8
1
281
2
4
165
14
2
1
8
4
1
167
3
107
19
65
2
4
2
212
97
3
7
1
1
141
23
1
231
151
35
6
2
216
51
211
18
401
14
122
43
2
1
53
1
4
242
419
341
3
120
261
5
208
1
2
1
37
106
4
14
151
146
2
1
25
16
467
8
1
490
23
21
4
260
10
1
7
143
22
57
1
223
16
342
357
5
353
10
11
1
85
3
1
26
104
12
14
3
341
1
103
11
177
3
2
75
2
248
29
2
5
31
56
45
6
110
12
11
1
20
23
175
23
18
2
3
148
79
9
13
325
241
114
3
1
21
98
141
1
20
11
133
11
237
3
2
1
396
15
74
4
3
1
115
122
3
255
14
76
53
5
1
262
171
204
4
195
26
90
177
355
230
40
16
1
1
120
7
6
270
5
1
1
11
6
8
28
28
2
36
11
29
300
213
3
3
193
39
9
1
18
1
7
1
15
2
1
408
61
1
23
2
363
1
84
27
166
22
9
17
5
11
117
12
2
450
180
1
159
4
202
243
97
81
1
1
35
28
207
24
242
8
30
54
1
6
56
36
2
20
1
1
173
1
4
392
166
158
150
195
5
32
18
2
46
2
129
16
3
2
2
23
195
262
26
11
36
2
83
9
25
286
2
1
1
2
10
12
138
1
21
4
239
414
22
30
311
6
35
10
21
46
10
7
1
21
1
4
1
401
54
75
204
489
21
43
2
7
2
488
42
1
187
6
99
4
1
302
16
1
132
4
1
25
267
2
38
86
1
1
14
194
24
1
80
139
204
212
69
26
5
125
1
267
149
3
10
8
14
66
5
2
348
1
342
1
379
3
47
367
49
334
1
77
1
1
4
232
14
370
1
2
1
1
4
165
8
28
22
1
126
394
1
13
112
246
1
3
99
3
302
11
276
77
3
1
3
3
2
81
31
88
421
17
138
18
6
56
111
29
246
240
86
86
26
1
5
4
6
2
83
4
123
89
1
4
8
436
124
52
61
5
4
62
178
1
28
22
1
36
70
8
5
107
355
24
193
103
23
1
216
30
371
356
12
4
1
67
34
20
2
3
2
16
1
65
35
196
65
10
473
51
200
152
13
374
2
1
8
77
30
26
2
3
21
5
236
12
2
6
315
10
1
399
54
1
301
165
321
4
1
78
16
3
2
109
164
11
17
22
10
1
4
146
3
237
6
23
26
3
4
2
1
430
3
53
88
1
28
461
5
9
4
30
2
22
37
50
3
114
50
67
230
2
2
20
1
146
4
41
6
1
1
16
14
1
228
2
1
130
465
1
1
139
130
41
419
4
1
32
211
1
1
14
16
33
10
40
350
5
1
3
329
1
64
18
1
289
26
117
6
6
2
8
132
3
97
8
50
1
186
154
157
1
76
4
119
473
2
109
205
50
10
486
7
356
12
6
1
16
108
1
47
201
28
18
1
2
2
7
4
19
1
2
3
100
140
1
47
2
25
189
82
39
18
2
99
2
257
137
74
13
58
1
2
7
8
7
77
12
1
22
34
261
1
2
4
45
2
28
24
43
1
13
13
1
361
7
3
201
1
2
5
5
346
146
5
19
13
11
151
36
1
7
1
5
3
3
1
1
3
50
118
13
12
6
56
276
89
3
19
93
137
318
244
321
3
30
1
35
390
394
9
13
5
72
235
20
1
220
38
5
55
136
25
135
78
2
452
11
344
216
1
43
1
1
6
231
1
1
29
116
147
1
1
57
70
6
3
125
12
16
4
1
1
1
3
12
11
103
84
262
53
175
1
1
13
10
9
371
1
13
31
156
40
157
18
10
39
132
15
2
2
11
3
2
267
158
9
2
37
274
112
422
9
2
138
36
46
3
31
120
178
273
190
4
182
5
6
2
8
2
1
1
1
14
79
22
10
1
284
10
2
5
1
3
254
14
23
4
14
2
392
78
2
108
96
169
19
78
11
3
183
19
41
2
109
15
2
31
208
7
4
43
1
198
6
27
51
1
17
7
16
13
1
1
274
1
13
148
2
32
1
6
2
6
141
63
18
9
1
78
208
366
12
11
1
10
1
5
139
118
4
3
11
367
64
84
2
12
1
1
22
147
137
350
8
1
246
22
12
17
424
7
58
90
4
423
1
1
6
34
35
75
1
5
7
51
13
1
24
1
311
264
265
7
420
1
1
2
158
300
1
18
8
364
135
2
1
29
58
424
23
282
1
4
7
204
90
1
154
54
214
226
2
1
2
1
140
122
106
54
1
218
1
1
4
1
259
221
487
13
6
392
55
268
1
1
1
1
6
1
119
12
5
1
1
1
24
318
365
2
68
2
59
1
1
38
127
458
6
143
66
1
1
381
3
30
2
1
5
7
58
193
76
25
2
54
5
1
2
24
127
135
79
30
44
1
4
9
3
216
6
27
3
36
3
59
1
67
4
4
38
94
213
4
43
5
3
12
1
359
2
231
2
15
196
8
120
70
157
6
7
4
2
49
35
346
4
57
1
2
60
17
1
125
9
8
2
35
7
37
23
4
12
9
4
8
4
59
154
3
154
2
277
86
4
1
382
39
440
1
17
12
8
6
362
