545
208
23
197
161
640
1
343
244
896
5
27
726
489
399
837
10
586
567
131
48
2
421
1
435
179
622
538
19
541
57
840
312
400
629
669
990
256
26
181
2
188
43
594
510
642
623
975
735
218
562
631
549
230
188
103
564
20
1
63
237
17
903
85
12
716
887
44
565
943
37
843
55
97
7
80
207
925
3
2
858
135
330
9
930
683
868
296
571
99
900
143
36
118
28
55
374
164
916
111
464
120
738
596
953
212
612
8
561
446
897
55
120
642
17
549
239
464
714
252
229
407
97
665
11
525
376
13
598
923
621
59
4
781
799
588
203
768
850
533
226
162
69
50
167
73
127
7
88
621
589
467
499
81
8
41
871
88
797
19
968
23
8
484
145
638
394
1
2
74
12
598
339
77
185
1
254
516
370
61
2
197
427
501
949
29
494
407
120
332
124
220
181
161
128
132
789
529
515
997
93
117
233
170
608
4
733
2
261
373
428
11
38
19
387
632
156
137
124
131
3
106
127
151
501
84
1
5
14
968
14
729
200
656
162
763
285
513
111
553
89
527
464
64
2
851
967
324
167
367
375
83
150
301
288
387
20
453
432
76
347
203
204
15
244
344
7
320
228
11
690
192
80
586
816
153
671
402
237
158
961
36
481
473
621
410
170
522
14
35
851
977
102
115
16
272
707
966
112
779
424
218
216
539
14
28
133
243
921
522
126
305
829
130
190
12
821
4
8
114
792
68
461
570
40
601
310
817
166
55
94
204
262
807
61
482
10
601
30
27
25
115
110
335
648
212
18
534
854
251
534
472
960
23
241
234
596
187
1
753
303
970
342
113
517
949
650
32
105
813
83
312
464
52
8
334
138
620
370
411
458
721
730
88
47
628
46
447
150
10
572
275
664
449
197
137
15
874
443
493
339
332
533
358
78
542
867
176
345
144
463
112
3
66
180
417
156
885
463
1
15
81
4
2
733
510
103
7
271
270
71
126
840
112
512
26
543
909
148
346
674
780
694
666
831
224
290
774
372
18
893
10
72
457
1
712
292
965
159
364
358
445
310
9
87
4
16
486
512
557
506
23
433
5
192
31
85
189
12
289
667
526
2
97
115
144
272
481
607
64
20
494
752
258
465
721
95
563
195
955
255
513
493
115
223
926
995
596
906
917
41
546
185
148
32
22
479
751
240
891
612
4
611
314
874
956
171
253
487
635
929
63
13
88
368
16
17
814
237
135
960
815
763
501
977
863
290
225
57
25
178
127
381
500
85
200
77
469
55
189
20
589
823
212
524
770
94
593
29
632
945
725
17
361
590
663
453
78
362
232
614
764
260
322
415
466
107
61
467
5
27
733
15
3
165
368
733
398
954
101
24
353
675
234
854
186
184
9
303
12
882
444
88
558
443
48
225
165
313
884
45
417
22
377
396
695
477
216
574
5
245
142
392
4
1
642
325
317
27
915
307
8
511
559
52
29
57
17
363
624
248
424
93
182
982
12
649
360
312
152
142
5
141
983
66
388
717
202
97
974
704
163
774
49
1
478
224
699
602
176
582
750
45
9
297
373
5
121
89
676
839
344
148
122
186
36
541
1
89
24
939
13
166
3
801
603
846
147
209
319
38
7
132
35
34
22
592
12
741
24
497
1
729
52
407
179
170
32
802
482
435
401
673
74
151
94
14
196
968
845
92
3
183
49
159
372
62
326
61
357
600
227
492
907
17
175
423
30
68
167
18
257
905
631
12
856
3
454
298
2
55
549
249
156
493
857
900
12
961
1
753
18
317
123
1
4
580
776
365
806
334
23
472
220
370
731
3
295
44
217
12
646
193
323
756
290
375
861
585
934
730
637
138
693
276
36
416
323
11
21
364
509
255
597
468
163
66
19
40
56
570
439
16
55
591
897
671
97
79
297
181
932
75
85
802
135
454
676
960
21
39
772
50
260
868
913
948
458
34
86
275
841
36
142
131
259
87
32
381
821
319
731
747
663
977
860
876
179
758
476
426
727
303
82
2
231
957
239
909
2
395
372
2
173
180
189
932
916
260
312
35
170
70
904
132
636
80
751
192
453
151
17
767
338
490
451
527
29
56
966
172
732
4
808
131
559
270
121
128
215
311
920
264
807
462
429
78
3
377
441
2
854
459
22
182
500
105
221
732
240
76
461
337
242
711
672
28
5
468
153
639
24
490
401
227
32
206
1
40
130
911
40
150
53
20
140
114
306
119
200
52
5
23
558
817
3
408
334
353
711
881
27
916
517
29
160
516
4
119
233
491
821
283
770
8
238
612
663
509
256
671
71
394
380
360
862
5
493
437
366
477
495
7
76
36
708
548
172
7
37
491
372
509
186
187
411
960
39
1
154
70
130
876
72
241
585
532
157
158
977
86
255
604
960
903
733
264
999
1
483
208
920
649
826
616
119
163
397
559
201
235
114
159
48
862
29
612
64
269
300
7
329
834
744
169
447
713
21
273
315
829
1000
1
126
527
906
601
1
313
39
176
9
274
778
218
153
614
820
730
534
6
621
57
160
530
442
794
772
13
521
6
91
84
4
64
885
105
923
27
5
339
10
108
380
856
90
489
707
314
844
165
182
991
44
16
583
943
4
75
717
240
553
517
710
519
66
116
454
75
805
668
455
860
672
798
832
20
24
755
268
113
858
70
121
149
2
248
108
68
937
362
657
660
127
324
159
399
242
177
248
709
138
530
205
181
65
5
2
606
9
102
589
121
629
287
313
154
75
269
843
801
213
16
936
5
410
242
349
643
951
750
431
124
603
101
355
110
802
920
959
46
686
307
96
588
590
21
721
532
8
105
541
178
90
142
9
669
994
342
261
21
106
603
75
28
265
510
7
26
22
25
398
34
266
874
821
71
229
141
196
638
165
218
735
313
645
396
21
224
993
840
41
53
163
190
32
85
192
397
853
68
383
2
700
56
14
748
9
500
332
291
86
2
954
121
121
244
514
35
30
36
468
500
43
21
209
280
506
23
91
755
11
152
562
370
58
294
947
235
7
54
711
264
446
301
27
141
160
67
105
224
984
711
398
737
559
486
57
348
15
200
1
170
756
39
451
714
571
284
965
212
163
289
936
232
120
620
34
61
800
154
159
762
904
89
55
820
150
28
112
73
221
904
119
399
996
188
435
20
268
154
18
90
55
596
621
124
356
232
44
100
830
823
192
7
3
264
69
356
201
47
768
2
332
3
273
50
438
259
956
5
587
334
769
194
356
10
235
432
869
181
674
1
38
314
342
67
119
5
111
691
89
340
881
389
87
28
327
652
183
27
275
758
141
88
83
301
39
198
811
587
864
162
19
2
980
324
154
140
437
12
13
508
711
565
477
125
627
292
539
37
90
650
22
231
122
217
48
294
268
480
234
280
176
30
141
365
99
65
182
1
8
489
755
791
259
255
8
219
592
808
147
892
17
679
142
345
53
581
191
201
456
626
82
827
734
182
126
333
215
546
202
299
367
523
123
20
78
92
288
783
12
278
679
167
57
310
876
895
381
215
34
356
427
269
166
15
902
563
919
831
15
402
321
409
505
153
259
81
326
391
610
987
777
541
33
96
190
79
586
3
319
204
507
652
103
299
600
522
272
212
480
17
243
433
569
2
513
9
207
18
927
375
237
25
477
283
17
586
509
236
223
112
372
513
17
308
547
280
195
110
190
291
140
109
1
137
553
291
329
197
2
279
464
996
364
447
374
165
765
599
733
199
27
144
60
2
55
130
24
198
287
52
330
293
180
2
187
760
2
476
2
851
519
351
4
811
14
523
3
24
272
305
1
876
465
567
31
237
182
58
798
159
73
37
7
48
123
423
736
53
503
127
53
494
267
603
504
376
187
880
337
274
816
502
46
559
41
13
75
2
12
224
34
132
799
483
584
447
269
47
338
544
1
801
314
72
434
296
404
54
139
239
876
577
170
304
656
10
94
626
696
892
493
66
291
96
380
907
829
39
215
201
426
907
361
1
672
44
74
485
188
135
152
530
51
329
97
386
615
39
182
24
176
477
242
148
19
640
129
293
294
6
289
876
72
670
403
511
193
263
259
772
920
141
81
2
2
575
660
19
213
202
376
776
1
25
662
627
994
859
822
39
265
545
27
9
524
58
988
3
740
83
1
234
144
101
67
910
54
457
268
23
5
33
959
244
77
154
803
267
128
136
270
6
1
523
7
544
789
733
243
215
73
47
745
897
340
27
28
8
794
9
846
596
1
755
777
450
756
79
834
650
143
17
440
349
848
24
306
23
748
315
63
88
3
3
684
33
95
834
122
388
1000
331
257
945
856
11
605
197
288
949
103
4
3
174
643
942
376
357
2
26
443
921
81
689
233
201
19
220
828
32
55
790
66
440
158
19
8
716
10
829
261
328
428
28
151
103
529
357
670
267
23
211
143
605
142
93
291
258
109
4
30
393
2
33
47
379
576
409
528
28
469
3
2
850
267
272
607
5
8
5
292
17
375
923
165
88
476
29
157
306
473
1
46
16
537
928
85
77
762
8
64
616
314
594
655
196
151
368
508
40
246
944
88
212
37
30
572
211
418
559
645
461
752
629
22
944
215
629
544
154
547
287
509
13
266
85
942
978
335
234
839
999
3
4
743
108
946
32
323
897
175
178
31
452
978
5
121
367
117
213
20
867
22
9
990
45
200
87
699
404
1
17
29
749
737
401
133
50
17
6
60
38
418
570
423
218
88
869
112
695
18
121
103
3
654
149
495
49
6
323
1
649
80
761
741
737
146
91
550
927
456
789
35
384
854
73
677
537
535
298
238
336
971
522
88
500
195
203
530
563
874
426
508
192
843
971
732
943
814
180
150
14
9
264
118
265
90
549
838
365
220
394
959
760
4
88
358
773
871
612
595
214
937
856
97
55
50
163
531
129
692
881
517
16
136
730
23
434
389
700
316
2
98
124
95
153
285
708
3
1
2
821
336
1
86
880
843
387
930
943
42
28
243
26
918
4
168
59
368
853
19
120
25
86
44
313
585
45
26
330
704
981
9
229
7
20
4
33
795
609
937
16
517
130
315
907
675
583
122
335
986
595
941
86
231
805
693
30
396
275
810
262
146
16
3
96
2
846
465
514
28
696
232
100
445
3
581
922
402
806
366
198
466
204
37
771
16
98
871
746
45
361
396
793
7
566
308
1
4
482
861
2
886
2
666
386
8
51
742
280
490
185
945
691
237
104
425
961
968
520
106
612
528
379
829
13
523
711
77
696
389
199
58
199
139
995
118
373
565
4
542
58
45
43
820
776
44
159
30
342
13
241
235
971
7
24
812
101
490
292
551
187
464
862
13
467
562
200
73
94
267
573
458
725
184
3
491
448
22
28
53
2
426
730
18
485
172
839
12
817
43
236
476
498
363
41
803
10
52
871
706
917
784
600
582
917
74
671
309
27
249
814
166
393
412
470
406
201
972
109
332
93
919
297
44
107
149
120
347
95
49
784
7
995
449
3
1
697
2
797
256
580
113
465
243
392
132
519
138
100
1
935
178
24
80
980
247
349
674
1
713
145
653
590
107
724
16
424
591
93
129
954
26
539
142
468
51
345
48
408
85
364
603
65
931
18
1
254
816
112
19
63
471
194
131
621
426
499
23
132
261
968
213
640
136
125
285
581
148
484
592
229
297
290
560
48
939
1
609
785
888
232
73
14
209
690
246
13
566
194
19
11
913
174
612
408
12
309
226
668
229
807
115
113
149
629
722
213
146
32
974
254
268
34
318
993
463
924
785
609
290
191
642
125
652
907
236
240
1
76
131
676
645
116
9
759
283
840
12
251
47
46
72
111
132
494
659
54
906
907
863
979
620
35
36
540
514
627
612
8
10
55
39
210
190
562
680
15
245
862
933
665
540
114
1
20
249
54
27
5
79
53
228
586
816
248
624
8
116
543
7
270
1
840
683
485
57
16
240
304
39
355
83
60
41
274
733
201
18
223
4
823
368
276
357
10
928
962
319
671
77
130
684
881
640
23
991
525
368
48
639
282
204
661
76
858
322
125
459
200
979
26
5
210
4
481
560
361
23
329
11
778
32
273
642
20
734
45
443
515
342
973
10
237
834
100
13
741
4
476
326
135
676
447
157
790
759
124
994
2
337
16
150
361
650
23
699
950
114
786
164
205
607
13
684
802
816
291
678
376
392
274
36
258
513
538
453
39
549
8
2
453
806
1
61
194
413
21
14
486
748
231
34
288
63
722
63
222
233
314
171
503
910
20
525
828
971
657
594
475
270
1
1000
87
709
269
1
248
219
842
78
351
560
116
496
412
194
947
536
262
339
487
662
21
806
49
865
43
5
9
38
13
169
47
345
420
119
209
247
209
156
208
978
808
130
139
999
141
600
786
108
74
148
46
935
403
321
728
406
125
174
459
15
785
327
811
465
19
12
146
362
753
361
4
571
631
11
381
227
140
10
28
7
1
160
282
933
176
45
777
9
884
387
912
991
32
339
622
1
127
410
107
143
298
1
326
737
150
497
357
140
664
51
200
379
63
361
614
850
219
17
222
24
58
189
393
23
813
828
91
716
744
3
1
45
404
155
220
25
1
657
432
126
59
74
88
349
381
215
86
961
703
244
252
80
518
18
11
646
563
378
700
47
163
167
90
592
74
456
440
640
16
245
539
11
505
291
151
40
10
177
642
385
54
254
6
108
701
320
84
80
185
775
609
5
549
203
1
537
158
31
204
16
729
101
25
103
200
400
57
733
99
324
979
167
860
517
867
128
227
778
235
596
528
200
474
199
125
148
14
74
497
41
97
922
40
511
663
394
7
191
465
929
213
298
90
675
720
3
19
61
673
30
254
323
64
322
298
78
918
9
268
2
11
71
398
20
5
402
160
899
587
163
887
1
63
466
612
191
56
71
32
897
94
422
231
31
325
1
281
233
151
914
480
522
20
6
616
440
375
183
162
5
239
8
276
11
53
490
843
111
980
15
408
173
516
101
770
440
498
127
37
123
160
84
482
208
944
47
271
627
138
588
559
62
403
704
218
608
522
732
20
71
430
247
761
866
2
245
178
102
33
699
102
520
162
201
182
949
221
116
274
469
152
697
207
26
9
115
98
6
325
180
6
6
375
285
940
62
54
10
524
866
162
785
2
31
960
105
139
353
566
777
372
355
333
251
412
605
70
35
209
143
346
12
443
1
834
24
260
2
117
755
4
520
749
2
614
601
83
570
719
37
164
94
275
246
45
896
54
885
963
62
243
956
719
637
15
104
410
61
358
566
419
151
23
849
281
81
89
76
531
284
511
103
117
115
116
109
3
578
927
468
472
7
550
14
548
51
89
323
922
236
2
632
664
163
580
10
63
405
156
117
119
378
728
31
34
287
239
105
229
882
527
190
742
235
857
114
637
13
165
10
403
270
3
147
467
63
63
30
8
453
177
831
537
309
82
356
19
341
607
149
436
493
302
93
901
1
516
108
3
359
538
588
333
136
382
346
635
477
785
152
49
685
13
14
679
737
281
853
15
1
396
139
852
168
325
12
136
414
14
12
271
27
110
3
554
801
636
608
289
34
83
956
20
158
828
251
2
64
169
70
457
32
932
414
612
160
389
514
857
234
806
65
659
190
111
115
257
604
280
359
204
478
710
138
134
121
784
365
53
15
274
4
30
822
159
146
3
569
547
529
854
571
43
7
905
260
3
225
703
50
1
77
511
31
342
143
612
2
14
733
121
462
137
779
188
797
4
267
76
180
89
35
277
8
15
533
144
153
56
4
42
356
1
487
932
208
123
832
21
123
23
94
809
436
81
620
912
85
154
780
632
33
812
113
805
391
436
58
250
858
28
171
625
9
315
303
584
191
119
219
330
680
7
142
362
138
771
205
518
80
70
11
966
27
19
178
23
496
186
52
984
245
154
130
546
302
130
912
8
50
526
2
872
171
395
335
151
426
374
5
76
769
280
468
6
59
351
604
26
530
49
772
9
246
8
114
3
71
153
376
14
28
155
167
643
507
5
22
137
598
5
681
182
24
414
559
868
938
397
140
3
125
674
40
849
623
94
112
131
153
195
903
285
36
167
47
534
10
754
968
1000
36
29
2
123
14
761
457
331
585
13
215
849
626
892
43
962
841
820
10
382
89
2
451
335
33
112
24
646
155
22
318
449
246
70
97
1
929
728
472
794
280
336
306
806
693
71
304
361
120
602
902
895
660
500
72
951
827
270
824
28
647
709
362
848
668
13
453
484
684
549
580
62
343
881
309
24
915
397
536
398
468
621
81
20
51
136
111
368
707
50
93
11
251
9
38
56
45
567
166
202
97
85
34
148
886
699
787
196
221
15
70
650
33
638
930
961
822
5
830
11
643
12
19
182
670
693
543
228
226
73
545
866
408
145
71
186
120
906
772
582
396
66
220
901
459
220
74
605
778
496
105
76
690
195
51
266
509
36
68
695
260
632
700
6
711
44
266
176
348
208
337
11
361
153
51
80
57
255
849
264
10
774
880
97
370
604
671
465
12
785
710
99
652
763
53
161
915
702
294
133
406
15
319
412
351
945
259
297
183
201
408
464
480
531
31
28
397
1
89
479
6
259
304
103
626
50
762
208
15
321
983
639
987
12
59
946
582
816
556
5
396
273
567
176
266
24
150
52
415
781
785
5
525
478
386
167
228
61
214
49
62
221
670
154
350
942
86
181
138
3
89
36
426
88
780
706
98
867
472
15
548
377
188
1
236
952
316
490
449
570
125
113
139
415
10
5
537
143
233
65
77
1
208
111
819
72
9
875
406
96
600
14
297
8
768
439
267
698
416
180
979
346
3
1
26
994
285
638
493
571
168
206
507
588
62
482
470
101
552
267
3
114
691
990
532
61
834
286
75
79
98
391
999
2
166
66
2
168
657
30
685
836
47
461
107
125
461
168
673
682
38
4
690
61
206
25
46
85
916
217
712
712
196
543
647
1
21
63
64
69
202
210
906
59
835
980
13
163
35
674
881
512
143
140
46
508
208
141
119
191
693
184
91
135
774
332
940
215
618
853
765
21
64
2
116
280
256
999
191
320
836
200
103
5
253
175
74
72
385
694
377
61
13
432
33
108
284
55
811
116
842
97
123
50
482
5
215
831
792
358
373
14
206
894
384
65
19
3
224
78
346
128
10
239
337
858
422
1
306
400
133
12
822
815
25
78
649
405
952
805
10
888
160
471
5
625
357
149
316
416
230
878
851
454
854
246
80
434
85
64
375
251
162
680
701
442
194
82
31
93
1
10
508
117
828
348
849
318
102
950
281
17
529
600
51
533
417
454
11
348
786
94
259
539
27
968
185
589
731
222
208
39
181
85
103
92
963
547
765
426
922
139
251
16
661
2
121
698
750
619
241
7
122
163
95
731
526
837
660
544
31
191
520
553
581
45
151
184
182
124
148
716
756
787
233
259
7
508
348
171
611
193
3
686
287
489
283
592
980
554
854
201
378
10
21
47
495
699
231
386
2
117
486
18
810
714
37
1
96
820
8
251
425
118
187
221
410
126
37
272
173
332
144
29
324
727
36
811
292
807
138
143
785
361
16
782
420
3
531
126
113
81
72
42
369
806
921
328
213
3
42
40
111
978
228
386
968
2
3
43
716
28
105
39
185
886
29
153
866
97
916
420
985
464
330
584
155
611
38
134
367
230
43
61
17
155
1
81
958
816
106
115
56
144
828
5
176
505
386
83
9
309
433
14
3
985
36
660
801
235
57
818
137
382
120
61
59
387
4
65
80
455
64
340
268
767
738
453
57
545
4
8
207
349
51
396
378
631
410
504
34
341
37
594
646
2
77
51
561
574
3
786
45
786
855
492
612
286
379
194
141
825
34
99
42
521
566
56
498
743
625
57
134
313
528
363
119
4
543
443
648
972
838
14
799
594
740
966
627
223
84
513
65
276
719
898
331
389
627
411
829
908
762
343
35
6
674
21
51
155
506
369
891
403
833
198
209
519
174
38
293
251
245
223
698
89
972
48
486
913
418
120
922
357
21
626
56
41
987
3
48
146
393
626
270
171
447
356
49
69
803
40
156
421
365
117
668
395
39
353
294
57
82
807
37
163
5
29
1
106
2
661
856
187
51
895
1
371
466
589
121
20
659
113
45
835
34
199
96
314
646
1
380
286
807
946
575
613
68
678
837
2
14
896
86
23
17
29
149
741
11
651
512
779
2
806
248
1
258
51
280
369
683
192
68
898
556
8
414
209
238
53
14
48
5
74
640
278
993
350
935
275
459
10
114
298
33
835
30
54
620
817
295
459
98
358
507
908
49
193
222
590
710
942
7
156
761
887
23
687
121
623
49
25
311
22
17
328
441
787
392
51
3
592
211
362
10
19
177
435
456
961
634
60
224
7
506
92
929
47
417
206
1
45
3
27
668
16
5
862
477
384
4
90
584
107
802
272
533
411
390
331
218
544
587
178
3
4
529
89
412
165
436
728
32
57
59
435
798
526
512
170
67
24
805
43
763
609
671
32
82
402
785
556
701
804
55
347
178
132
307
3
252
46
304
638
2
279
800
94
4
50
2
117
644
95
395
169
79
90
609
959
982
344
919
561
594
20
1
753
73
12
576
501
252
69
152
505
136
67
713
66
253
964
81
86
712
320
834
342
377
1
238
573
36
683
3
981
993
72
1
834
187
124
661
8
41
128
233
111
299
11
707
519
105
897
43
89
111
180
598
857
39
834
84
26
243
61
886
197
902
187
201
241
725
121
929
96
357
162
78
222
234
176
240
556
37
513
92
531
781
28
374
3
430
1
472
213
6
384
365
684
561
315
63
597
347
262
854
115
811
158
126
4
26
782
628
215
249
127
19
52
2
321
44
209
21
355
25
128
1
59
48
960
134
247
65
677
430
116
613
106
564
54
3
3
197
163
713
234
446
63
453
527
67
330
936
1
557
436
242
348
339
670
236
205
9
152
888
824
193
84
390
738
288
133
611
101
6
22
4
686
831
13
72
30
266
291
39
135
15
239
4
693
218
842
236
520
875
473
898
594
226
99
75
736
391
184
8
18
16
53
829
338
1
664
212
57
454
692
363
328
139
50
246
597
8
86
43
347
664
35
284
67
118
23
365
55
350
24
201
76
490
393
125
25
578
567
782
996
498
882
161
653
212
373
266
13
527
320
944
340
196
70
940
477
216
286
362
145
410
7
33
147
58
794
27
141
929
267
391
61
470
170
386
52
21
525
311
2
45
405
31
558
745
280
685
301
446
40
270
409
1
4
619
611
57
102
5
13
963
878
170
265
563
280
390
604
678
594
49
723
465
214
257
572
835
196
769
98
185
15
587
872
176
351
74
72
759
278
184
15
7
77
300
301
117
90
46
276
368
391
463
3
561
776
73
32
302
199
651
521
402
614
2
125
703
275
144
5
231
10
888
129
60
749
647
560
309
506
626
494
569
90
10
284
129
1
143
605
16
873
6
5
2
157
62
35
132
72
192
203
45
385
1
187
439
324
15
208
492
201
12
31
2
94
8
102
727
298
835
282
299
759
364
367
282
851
77
135
476
18
41
420
489
408
30
242
276
873
67
421
136
182
84
270
35
33
614
93
616
73
114
847
633
322
205
4
257
428
259
183
132
188
134
107
553
851
432
450
65
170
732
874
25
629
287
471
390
248
7
478
1
982
207
677
839
544
953
275
148
234
238
494
799
106
467
137
596
22
935
61
150
430
364
141
5
59
646
141
385
532
40
25
427
409
4
26
42
74
966
720
920
727
751
752
116
778
149
321
863
779
81
172
337
283
593
205
16
829
13
25
467
531
793
556
746
543
597
376
102
27
604
291
34
122
244
979
2
242
738
2
381
736
427
269
180
33
179
490
339
54
711
180
487
3
3
993
12
672
230
454
60
648
48
4
90
93
257
812
34
366
506
575
22
166
1
991
636
33
189
68
51
885
15
47
367
84
54
166
489
428
185
855
67
921
152
443
247
828
931
54
93
279
212
624
4
133
750
21
529
118
1
10
25
67
19
63
882
562
16
586
685
108
940
26
501
886
7
1
5
9
754
352
84
60
68
246
1
444
398
626
496
250
823
211
355
31
308
765
306
326
603
46
986
709
70
752
373
87
496
612
55
207
765
3
32
454
435
7
164
9
502
665
215
485
405
251
715
9
36
223
26
85
379
56
610
902
472
266
224
342
166
596
32
961
3
35
91
21
50
33
381
220
13
689
450
156
980
252
182
654
6
605
273
741
200
391
263
9
85
120
12
90
922
24
757
523
419
179
655
160
398
248
268
828
58
6
713
611
206
494
59
198
496
212
91
886
789
439
126
2
95
88
28
531
214
75
692
87
724
979
139
7
215
21
439
56
235
130
272
76
62
64
213
787
71
469
888
598
371
12
365
109
35
802
5
951
86
169
142
205
968
44
639
255
175
117
27
816
128
204
281
374
360
58
737
951
691
333
423
433
436
41
471
235
610
42
526
389
334
396
383
158
773
174
14
48
195
454
403
754
996
780
59
615
27
9
286
299
844
672
362
28
174
58
665
835
57
73
42
288
368
58
268
581
442
198
45
410
9
34
426
998
817
880
3
747
828
780
328
205
602
183
671
99
982
66
983
8
125
4
71
847
31
458
3
564
585
336
14
33
808
180
77
237
211
482
12
888
515
190
281
526
222
96
53
90
115
709
343
495
728
253
95
996
3
833
226
23
82
4
888
152
680
186
40
326
598
2
13
106
534
121
65
361
87
809
61
987
118
266
16
26
40
93
391
1
264
944
217
975
759
727
116
869
790
323
769
528
436
940
79
38
37
38
965
506
797
697
589
172
2
842
122
28
444
928
957
1
319
826
412
706
140
196
768
251
16
425
196
20
771
441
46
398
126
76
928
347
168
78
742
18
675
346
99
712
566
760
53
141
489
30
50
91
74
187
4
315
32
721
547
11
295
750
33
671
22
321
565
143
683
345
740
114
612
410
899
697
74
12
109
228
1
977
12
25
87
8
630
17
208
313
261
702
506
154
18
3
552
336
174
711
279
612
206
181
69
352
890
835
449
488
13
866
15
238
294
215
241
289
92
293
41
199
10
719
125
993
96
711
95
838
172
177
12
863
749
576
123
113
248
773
504
18
41
170
671
173
26
172
7
946
14
1
449
578
541
439
294
461
568
6
35
730
982
3
681
862
883
716
112
800
387
545
865
235
65
794
70
6
299
514
1
165
937
589
51
328
621
861
521
171
330
122
348
737
504
54
638
47
662
618
780
174
214
953
4
71
182
428
286
511
191
115
239
728
50
176
714
72
101
35
5
20
714
93
122
178
398
839
286
36
131
185
61
3
353
17
12
28
528
531
868
267
135
488
56
145
714
271
57
26
679
306
58
49
600
750
902
541
14
13
132
995
389
861
153
78
38
66
704
671
163
415
193
36
93
506
903
335
806
286
542
572
393
989
77
30
3
736
655
972
320
425
940
908
395
354
439
631
89
656
654
973
85
105
605
145
279
664
318
453
754
408
559
233
622
677
148
203
418
348
23
3
53
219
422
1
725
58
92
196
123
797
621
861
64
597
979
564
591
240
400
6
49
864
150
166
41
101
629
660
39
470
1
226
447
32
72
542
897
402
152
479
368
157
545
255
488
726
699
373
77
304
726
185
121
97
20
185
593
697
247
361
128
130
830
835
157
675
553
1
421
71
792
217
837
618
280
778
794
647
143
717
16
316
874
65
608
21
34
289
714
233
40
160
600
2
852
149
568
980
21
77
421
18
4
597
397
722
663
893
654
209
52
165
709
791
689
141
618
3
286
957
65
407
16
548
485
917
542
444
915
58
2
63
949
499
1
359
355
151
990
317
867
339
847
107
818
228
100
852
380
849
12
568
156
507
109
416
8
152
88
169
240
24
69
965
29
724
9
702
718
714
508
218
28
49
58
548
146
256
886
11
440
351
28
384
648
149
976
435
102
134
51
915
3
3
390
56
428
59
2
806
517
224
114
55
63
442
866
360
248
7
344
412
179
267
665
478
517
750
27
46
78
305
355
43
162
405
20
969
897
774
159
240
170
26
568
804
51
880
24
763
69
246
431
19
19
846
947
22
599
647
539
38
51
525
595
129
423
67
145
79
205
815
256
370
310
705
263
729
132
320
236
126
253
41
17
777
84
406
488
3
358
782
23
165
497
73
26
226
914
768
609
329
471
290
260
129
6
8
499
675
357
11
324
289
776
796
68
5
149
53
42
72
139
396
243
57
886
201
1
230
526
696
735
29
90
13
116
680
6
916
23
938
6
127
367
70
45
497
245
923
481
410
91
3
771
543
32
80
75
512
918
841
517
209
13
166
613
54
37
945
935
511
313
922
278
118
381
28
610
66
266
429
13
63
831
203
558
220
124
155
99
3
621
219
784
333
17
460
791
409
53
40
22
732
595
24
800
19
182
143
390
708
541
19
137
662
31
264
35
670
249
14
61
697
15
1
347
511
231
863
947
496
124
58
535
120
28
378
58
810
35
4
475
602
968
695
481
605
214
45
485
283
27
5
178
497
610
749
68
167
613
11
910
131
37
266
604
907
169
98
95
782
132
534
1
100
404
715
229
440
439
16
395
57
235
32
147
10
6
1
352
147
995
127
54
816
205
380
95
991
532
313
105
884
105
222
941
830
568
987
542
14
817
1
93
612
381
392
478
353
709
14
162
880
590
246
390
908
23
717
170
901
618
630
594
91
166
792
881
62
180
7
32
26
179
867
167
19
11
2
659
260
636
876
310
37
165
791
336
13
136
813
200
119
601
87
800
218
510
3
202
195
67
427
149
312
191
17
539
315
19
34
249
627
11
718
193
556
811
4
11
250
191
715
2
997
267
28
653
221
811
621
161
100
588
148
281
151
96
1
147
2
430
399
712
963
11
58
155
325
183
745
566
26
289
875
535
10
61
882
26
170
95
437
45
625
13
29
594
159
6
406
517
652
8
1
115
530
27
417
23
677
16
547
481
464
172
125
250
586
953
718
700
647
397
579
925
308
373
233
4
435
32
729
924
549
344
273
560
126
492
230
131
415
6
569
567
384
15
729
43
2
29
713
268
47
791
5
256
224
2
49
566
634
475
1
8
245
231
52
117
627
588
927
41
35
46
951
614
539
674
30
17
6
243
4
644
582
169
885
659
158
812
874
695
65
867
9
735
2
246
48
15
259
177
961
873
37
65
119
382
763
79
791
167
24
9
994
678
285
236
216
672
83
846
34
469
41
54
785
590
531
866
22
1
98
5
424
763
28
295
518
5
215
4
179
933
111
229
663
181
667
9
638
989
76
702
1
722
2
92
552
1
262
10
442
289
614
25
294
9
49
478
60
605
907
378
91
188
28
327
132
118
3
785
25
748
445
42
117
140
227
975
47
96
367
923
118
166
87
785
283
517
46
115
258
830
215
492
1
198
299
405
1
111
236
105
17
748
113
65
631
27
701
884
572
15
166
268
697
146
384
618
555
411
731
342
63
229
42
182
148
341
188
904
722
48
921
417
669
270
104
924
8
475
1
572
457
958
351
251
109
3
789
944
307
141
419
51
306
955
222
5
719
108
237
64
449
349
399
825
41
257
384
104
922
161
22
52
656
91
106
11
158
12
674
7
147
946
691
441
1
131
379
109
261
24
296
60
9
492
879
908
113
90
58
5
3
290
146
110
1
1
8
13
335
164
303
305
960
139
11
244
169
63
176
87
618
4
508
37
435
96
294
249
509
8
4
37
244
783
709
407
297
604
694
39
261
392
3
11
604
794
139
34
171
239
30
358
171
443
141
87
196
531
221
227
328
497
20
394
327
153
664
20
517
204
77
301
582
77
439
320
339
46
1
110
634
473
832
283
801
7
45
554
795
746
34
60
269
264
301
18
411
8
4
924
23
66
339
663
182
616
522
961
220
68
104
209
910
825
597
262
2
30
777
497
226
37
317
354
2
417
3
112
568
648
9
9
804
248
404
43
54
124
841
491
22
40
8
18
809
45
459
363
243
70
65
698
41
151
981
154
468
52
212
275
4
526
169
7
96
1
305
161
116
678
575
232
49
48
249
75
708
322
383
611
78
11
858
62
558
999
339
811
257
312
96
247
881
997
261
941
5
356
948
48
206
491
824
802
277
8
248
903
284
655
498
398
522
969
121
468
244
60
960
8
7
258
154
345
285
479
4
728
315
13
295
469
161
12
427
191
938
327
8
3
928
366
295
654
958
338
548
304
37
689
13
146
968
82
224
110
814
991
558
3
830
245
119
458
192
6
279
316
615
945
281
865
305
589
962
506
550
264
165
27
5
366
468
5
505
737
165
4
185
173
46
170
45
189
10
913
678
902
451
859
191
21
710
49
522
62
359
58
25
3
229
582
950
420
170
226
359
863
143
165
482
475
2
110
310
28
94
363
869
536
194
262
539
129
248
512
983
784
138
725
27
685
973
817
88
385
79
358
905
206
832
257
883
12
149
390
2
953
466
516
348
967
654
757
14
510
159
129
246
109
631
60
28
30
211
93
577
749
295
924
637
207
77
217
185
624
867
34
41
2
771
460
20
164
26
540
301
98
709
107
91
897
862
113
279
471
982
190
31
338
10
6
514
3
134
731
318
386
499
8
511
557
757
62
618
502
7
16
103
148
2
3
211
236
783
406
879
863
161
2
598
38
365
337
945
142
791
281
18
655
170
255
725
992
157
30
20
14
620
480
122
546
540
503
3
10
470
15
191
235
152
176
950
949
872
29
378
346
267
425
625
843
371
365
324
517
956
4
227
596
107
8
51
52
199
614
445
39
156
536
453
145
547
25
606
748
30
174
483
155
36
364
767
10
66
145
26
668
644
44
738
787
869
985
619
995
288
267
915
619
135
48
75
258
429
84
142
28
221
274
216
977
974
50
258
2
610
1
785
222
673
127
135
137
158
11
113
77
294
410
245
749
639
642
627
48
6
576
892
88
173
25
291
408
471
272
478
180
366
515
49
704
671
644
56
34
224
357
333
983
132
633
340
114
24
147
499
938
131
291
344
588
97
195
564
39
5
399
306
868
96
260
736
277
391
127
436
14
174
18
112
106
361
172
91
67
491
53
145
852
905
926
950
107
245
22
663
554
206
413
578
79
238
525
47
291
329
8
364
497
469
16
16
9
12
231
164
3
104
3
788
1
35
2
659
28
488
443
530
24
45
242
31
153
4
2
1
105
989
646
447
40
140
42
11
325
840
102
221
654
20
48
717
1
14
687
894
631
356
174
257
4
153
483
14
585
183
256
985
194
188
194
10
44
4
730
310
882
77
16
90
476
3
216
802
70
234
16
200
968
729
381
589
378
583
309
82
540
584
45
32
299
824
21
450
553
818
363
204
576
287
266
714
138
4
229
112
228
96
48
972
71
255
239
19
87
915
48
7
680
71
34
927
16
463
293
472
148
779
805
114
136
612
39
839
66
170
62
8
29
641
37
35
8
5
17
740
982
481
210
97
494
465
391
912
860
500
453
85
417
168
20
486
444
115
8
165
149
442
20
346
839
854
633
23
667
20
76
85
97
572
521
100
806
46
751
358
23
852
212
844
79
418
122
851
136
222
112
291
401
796
26
463
57
653
72
7
327
337
952
109
997
73
988
126
178
910
297
209
722
383
842
661
159
1
76
67
34
50
645
369
432
107
680
661
49
955
493
242
251
3
669
730
1
696
142
166
728
157
54
19
35
58
298
299
740
1
92
154
624
104
946
195
12
654
185
120
317
14
776
323
15
194
20
119
10
733
870
168
568
789
13
27
677
623
947
140
70
75
7
293
30
610
317
279
450
20
127
52
62
259
919
210
126
136
579
588
670
322
141
974
21
358
468
12
509
751
287
515
552
111
448
626
181
432
950
241
6
371
376
169
129
46
843
156
265
284
20
333
843
636
387
70
774
4
884
534
311
63
409
325
194
145
411
224
80
97
915
474
278
137
868
19
547
809
475
478
375
378
606
632
286
52
804
313
462
400
140
716
884
19
136
745
312
157
383
94
464
16
86
765
4
223
395
207
997
138
349
140
232
294
564
126
153
89
80
69
79
944
199
20
537
928
620
74
714
82
572
716
340
429
504
174
600
121
26
470
877
34
14
187
61
638
544
271
8
191
36
202
505
855
326
179
463
85
2
42
54
1
501
75
985
562
6
913
401
776
687
623
41
716
127
649
60
118
70
471
49
12
40
514
54
92
655
594
763
237
443
182
75
485
173
106
940
55
394
178
216
177
95
264
35
373
473
102
23
298
917
472
433
279
493
415
71
661
814
125
954
618
8
510
960
965
930
536
24
33
663
114
549
694
795
204
21
56
152
1
390
177
172
186
222
437
2
990
999
26
2
902
52
689
1
767
487
621
273
96
178
17
256
325
25
78
50
2
118
185
1
122
484
4
623
356
121
901
158
772
15
137
316
365
113
162
92
828
162
388
839
18
855
1
88
37
95
105
527
494
854
953
836
211
176
215
778
2
138
226
60
340
38
32
481
223
875
508
628
365
418
36
1
707
841
167
250
128
465
6
818
392
95
25
24
133
51
435
576
619
195
109
725
213
153
323
100
338
484
748
411
644
325
375
637
68
120
201
1
631
148
142
286
923
288
47
318
287
63
26
275
800
461
661
569
457
209
597
235
451
10
14
98
68
19
429
359
248
13
435
66
824
755
148
94
451
392
3
490
994
869
40
347
839
193
113
8
200
326
558
556
25
60
481
713
703
711
355
346
410
173
549
710
213
829
699
149
53
584
465
438
384
2
705
766
883
51
416
78
47
103
497
220
84
42
879
117
244
87
100
41
113
1
103
138
12
414
315
659
486
195
195
170
476
16
1
982
2
21
464
789
40
32
184
7
954
312
455
66
456
39
106
182
90
538
166
273
209
85
12
204
65
559
23
26
899
333
30
403
162
349
795
841
757
968
118
97
384
575
29
430
1
856
241
47
59
731
177
32
26
516
8
804
354
335
660
72
132
17
232
376
475
826
285
3
647
318
243
37
225
432
980
921
204
605
505
925
138
73
545
587
239
1
519
26
985
2
40
112
186
936
660
810
244
3
2
523
969
912
300
978
630
199
9
726
170
107
78
929
203
14
259
2
7
242
51
84
234
48
40
21
35
117
107
319
13
134
34
245
476
788
779
62
53
579
744
597
707
23
221
627
965
532
529
4
60
639
568
942
230
104
182
62
92
908
6
896
4
741
134
99
23
193
773
271
22
22
872
947
782
751
105
85
851
80
421
43
264
957
965
732
577
852
84
605
102
306
12
943
672
20
299
66
325
765
230
231
756
204
634
178
2
282
69
109
723
837
220
109
55
4
357
312
82
530
349
262
163
2
341
136
46
533
671
37
850
275
411
79
347
685
3
2
157
505
49
54
146
872
450
59
595
82
34
135
285
352
898
61
65
464
558
55
146
826
546
177
1
302
963
331
388
50
830
13
83
163
13
79
797
614
36
27
1
89
317
271
142
217
427
852
317
601
333
415
408
506
1
488
382
402
69
57
2
170
3
5
102
893
424
315
399
876
623
949
250
384
455
201
717
185
292
61
852
350
125
456
69
148
142
398
111
574
223
611
4
122
232
930
279
162
68
156
824
361
347
817
248
422
368
357
22
252
994
575
672
828
282
14
301
976
556
532
1
304
104
914
888
82
4
924
100
357
18
382
14
242
528
542
416
270
142
8
245
428
114
902
667
53
384
970
556
11
266
553
5
185
462
472
896
16
659
6
127
33
472
249
886
88
46
414
68
459
185
103
64
299
80
374
14
967
29
869
884
864
588
626
13
203
669
723
60
10
2
36
89
384
176
787
279
397
21
167
158
807
37
1
75
257
311
969
2
274
52
99
495
158
346
438
32
166
1
817
297
111
80
986
159
217
991
15
696
1
154
319
237
3
292
705
953
772
230
4
62
574
385
766
96
401
78
625
1
187
7
520
636
873
881
500
920
53
159
137
228
245
234
4
8
332
783
2
4
659
943
317
604
61
89
303
326
668
222
215
75
130
939
570
818
247
8
430
548
84
957
265
41
299
28
76
905
21
54
38
1
441
436
153
263
230
199
67
536
128
81
906
83
480
55
759
99
883
661
218
995
21
251
77
24
585
478
849
995
266
154
26
1
75
984
657
32
23
617
782
256
397
454
570
287
80
210
37
579
346
434
303
1
75
233
928
18
127
154
510
157
247
80
5
846
167
18
1
4
1
546
448
50
525
492
56
900
20
426
676
178
193
224
486
21
108
527
158
14
945
342
532
1
378
395
983
586
35
328
48
730
143
6
150
810
290
7
274
200
191
152
59
123
336
245
805
152
318
73
589
42
350
666
638
11
544
997
328
3
88
680
211
104
401
73
627
30
234
37
616
62
326
185
51
506
45
697
88
1
99
392
778
231
157
7
882
808
572
468
528
703
178
89
15
847
401
664
170
32
689
95
627
575
886
267
111
1
321
2
114
742
155
973
74
184
445
37
168
5
115
134
603
548
152
942
986
329
479
384
476
64
6
538
462
529
925
752
647
654
387
667
198
865
469
207
588
700
7
63
7
632
30
179
957
133
876
363
968
104
130
229
298
340
238
42
60
360
4
634
180
20
864
60
700
258
72
960
183
31
413
778
19
400
215
893
485
391
811
300
764
703
556
872
389
49
246
573
347
739
455
977
20
444
585
12
111
754
193
254
47
583
29
3
28
468
323
6
590
425
694
62
467
704
324
166
51
453
525
76
92
46
869
24
45
787
497
67
113
102
320
533
11
5
906
109
601
468
130
126
3
14
478
287
14
8
344
928
702
85
470
913
90
647
590
51
16
10
76
9
15
376
214
422
22
353
890
405
3
77
829
785
24
169
348
399
795
626
488
275
31
3
15
650
131
604
737
307
377
356
183
115
20
127
3
371
78
21
71
3
149
629
452
789
139
8
18
4
629
132
89
262
918
310
21
887
861
64
487
94
704
127
982
343
414
110
702
889
639
297
5
826
199
27
369
222
2
337
184
23
30
512
933
66
14
768
535
311
4
797
709
765
24
22
1
745
124
771
214
10
336
65
118
32
609
204
416
369
12
517
295
96
342
401
488
273
598
45
112
178
69
3
985
667
2
34
627
331
22
198
451
965
676
535
782
61
198
891
155
946
547
525
469
333
588
31
505
97
817
133
946
334
858
216
120
94
24
25
583
125
34
22
7
930
262
981
30
17
733
945
594
501
111
509
251
70
253
5
803
910
47
73
144
686
110
242
973
20
112
88
293
894
320
823
722
977
43
29
64
618
582
2
572
148
415
449
662
580
245
695
182
41
70
578
640
461
29
374
85
513
117
20
450
364
758
838
275
490
610
619
707
121
248
282
462
459
467
5
9
17
63
68
75
402
84
334
188
623
3
83
161
763
338
642
338
184
465
839
910
558
513
1
6
495
43
737
378
129
765
769
245
556
250
88
774
532
839
252
150
226
308
512
309
806
852
881
156
37
915
232
434
83
52
52
3
105
21
541
499
115
341
278
835
781
201
213
230
176
333
466
70
30
476
723
330
772
39
313
105
98
158
320
766
856
639
3
551
202
173
23
6
251
69
213
210
878
104
9
749
586
266
972
41
166
662
588
527
14
337
145
237
111
815
627
358
556
731
65
213
8
786
435
56
93
66
318
607
22
428
44
997
85
838
76
210
56
535
907
2
844
701
407
6
152
984
70
366
965
96
79
573
58
122
283
895
507
364
907
728
347
489
523
760
399
638
3
503
244
474
75
24
3
1
932
831
653
80
504
129
234
144
625
415
322
22
139
306
12
232
854
550
617
277
641
306
10
6
204
397
774
652
307
316
263
13
2
643
804
751
955
245
51
955
179
258
708
69
212
734
899
361
573
62
4
775
842
83
40
4
898
16
301
71
97
168
513
584
19
3
277
944
22
113
811
36
141
315
854
722
699
225
40
31
270
306
1
916
20
462
383
473
127
295
119
33
71
851
11
354
792
495
164
435
317
525
787
245
85
936
593
866
502
407
29
131
231
257
4
164
57
4
68
27
157
122
214
277
393
45
14
460
222
52
724
128
329
323
312
189
700
213
17
129
32
230
831
367
608
90
22
313
573
1
119
181
516
11
211
378
159
23
114
11
470
74
86
182
30
26
1
867
333
629
78
93
31
28
4
665
44
89
124
586
113
76
1000
682
868
750
642
433
254
100
710
273
1
30
565
713
691
320
930
705
285
1
67
687
359
312
623
660
68
8
207
816
927
289
455
464
34
6
315
142
9
407
613
184
435
449
21
433
957
626
831
980
325
736
663
21
103
664
174
45
82
526
2
590
861
274
622
94
84
7
91
174
124
61
128
677
264
54
836
42
175
1
1
8
264
492
21
413
485
240
2
103
699
822
209
60
113
331
76
251
49
40
183
796
109
117
63
192
667
518
134
662
210
264
161
190
294
209
1
350
16
727
412
491
882
11
810
60
140
432
1
367
12
328
744
158
351
767
325
383
879
376
23
2
463
285
912
199
202
142
4
199
190
279
100
416
192
24
675
589
260
451
74
21
224
284
750
11
166
494
199
3
497
354
156
391
125
209
4
531
357
3
596
435
499
763
905
642
137
630
727
442
125
289
436
547
106
299
396
862
17
35
646
234
2
115
872
4
354
13
2
475
19
350
69
671
446
582
811
31
449
330
436
532
228
865
793
17
662
953
333
867
69
859
162
362
652
677
153
706
699
481
219
35
617
36
6
620
204
201
595
28
735
858
519
91
214
643
139
474
774
428
45
776
438
282
474
863
935
998
871
84
826
10
4
3
241
771
47
628
273
90
298
351
55
23
108
100
262
16
941
717
528
608
795
60
797
559
38
15
128
354
264
770
447
16
23
731
394
15
352
181
3
388
710
667
146
827
592
466
540
964
14
862
759
599
514
615
603
11
878
2
676
453
11
994
485
89
20
898
20
454
941
10
324
19
633
501
12
630
325
44
3
222
139
921
17
307
209
692
172
114
325
228
372
889
25
701
649
26
382
265
580
563
25
651
483
105
2
492
231
296
17
192
614
146
343
212
411
229
142
554
168
471
342
48
368
506
343
8
73
4
276
485
282
837
13
88
269
82
715
77
158
847
829
90
35
503
553
87
801
8
114
625
114
20
394
9
160
38
83
46
953
12
104
371
985
186
112
117
6
1
938
5
279
1
665
77
715
153
31
59
265
16
16
240
48
972
602
364
192
38
463
29
3
662
118
148
514
5
112
149
435
104
181
933
21
344
60
209
197
202
916
8
351
125
684
407
632
600
341
801
73
734
656
31
5
2
674
156
856
94
842
15
208
88
484
443
702
864
520
905
705
6
161
842
1
267
248
716
343
14
222
676
158
966
245
57
43
876
165
907
63
162
462
22
9
456
580
703
12
133
652
50
33
181
486
360
195
334
777
365
165
3
18
120
632
445
663
211
620
83
2
4
149
873
264
394
58
92
498
752
159
63
828
953
795
923
645
466
147
584
944
28
34
171
479
913
5
248
13
4
224
977
911
5
721
104
438
5
848
6
435
34
575
1
593
52
24
649
2
1
65
11
73
396
580
430
233
61
160
31
18
30
954
475
107
41
71
94
467
43
474
9
38
484
75
281
956
837
999
714
829
380
543
274
791
46
6
580
11
856
450
290
330
117
762
146
41
958
38
20
1
713
1
493
21
855
13
59
91
18
957
867
635
502
124
608
206
206
825
900
14
860
988
535
471
911
87
228
365
4
770
377
599
504
104
61
166
526
428
163
338
38
151
195
65
55
587
764
96
89
44
701
406
860
194
359
198
547
588
16
11
2
544
56
764
52
801
368
17
380
346
410
2
2
401
513
463
450
31
210
594
359
720
266
929
792
268
31
88
909
1
504
111
807
18
13
553
493
587
967
122
481
896
342
672
3
21
2
327
65
376
288
2
995
685
17
375
389
44
530
339
18
681
470
996
152
135
440
947
116
457
8
115
947
609
301
39
295
612
17
979
79
81
642
113
14
683
148
361
378
226
66
427
371
283
150
568
568
149
96
995
371
143
11
852
526
434
435
193
63
149
449
965
11
545
19
5
609
660
5
2
94
46
468
5
440
90
525
582
568
449
96
734
322
434
65
498
82
478
762
777
109
95
381
310
194
265
27
2
305
157
402
251
646
613
254
586
102
349
8
70
687
636
835
893
282
613
11
875
278
233
814
45
82
6
24
505
951
734
29
7
65
12
793
184
470
774
13
48
659
11
946
3
330
31
169
150
878
626
793
594
4
511
94
138
68
455
472
260
155
340
589
441
312
974
196
631
273
829
29
737
200
161
342
250
914
6
549
560
98
559
24
59
192
13
339
5
343
24
780
44
787
35
2
111
16
571
516
923
537
51
675
10
529
664
177
14
25
910
167
276
78
415
81
59
16
10
23
217
732
40
21
212
143
395
798
340
305
105
261
142
227
11
881
266
33
820
436
40
335
761
9
488
506
801
216
155
13
284
311
663
529
17
41
7
385
558
33
406
230
193
801
167
28
371
477
227
665
563
6
287
187
354
66
303
878
5
154
608
273
676
2
443
318
593
350
484
15
456
905
1
237
323
249
61
613
70
22
25
50
908
254
136
341
255
1
965
48
28
514
31
334
231
177
7
945
966
133
223
370
164
490
190
383
3
808
89
115
471
591
31
404
254
83
266
703
8
94
107
16
85
6
868
108
368
913
29
50
260
12
242
116
186
739
464
130
174
1
122
798
295
8
465
720
446
311
105
146
21
291
11
6
415
460
157
629
8
11
187
19
80
85
91
574
654
754
652
609
520
597
425
358
885
77
338
783
44
934
285
235
710
28
906
2
235
381
279
117
5
991
25
501
312
138
6
8
54
360
822
24
412
212
298
512
541
693
407
494
596
708
185
604
114
961
597
9
10
134
242
11
590
420
994
64
277
993
968
14
172
450
801
17
32
36
2
121
122
53
953
140
295
115
2
31
214
536
9
67
45
2
461
534
1
417
785
587
28
90
81
117
209
195
221
571
117
97
43
900
277
1
596
44
84
11
330
637
391
16
11
93
162
280
17
966
41
337
960
44
616
109
758
544
421
78
917
31
907
418
30
59
329
143
2
40
48
720
763
88
160
208
81
60
863
516
375
728
434
80
809
31
809
2
16
203
433
725
4
145
18
235
230
15
21
240
522
734
437
412
325
282
191
550
175
806
691
887
61
85
358
349
311
741
693
335
15
681
127
16
340
951
276
911
228
841
301
941
85
242
809
500
4
18
1
973
745
124
1
4
247
10
864
107
1
994
155
287
224
674
220
691
98
38
339
21
220
75
179
136
966
96
458
259
720
3
476
24
4
321
458
355
124
282
596
116
163
791
397
28
914
30
295
116
21
13
720
34
324
177
610
80
850
63
128
58
330
967
3
30
555
2
790
535
7
149
356
88
192
174
4
591
555
3
687
633
843
157
37
211
300
346
980
227
593
33
4
731
36
457
473
641
5
1
421
105
265
279
4
253
634
30
176
86
544
183
70
260
55
76
2
320
975
826
972
136
214
469
385
190
660
8
1
283
236
973
699
580
474
521
806
290
877
132
438
100
318
177
646
2
554
161
423
496
996
499
41
517
310
305
13
290
38
214
698
804
176
135
6
469
898
269
100
137
328
875
31
367
377
139
216
142
490
47
696
13
205
75
996
411
687
15
279
149
406
895
392
453
58
6
87
606
268
323
696
82
59
533
2
996
669
319
565
202
108
311
133
479
399
242
79
349
210
494
367
43
1
476
421
396
608
947
142
2
85
155
471
131
227
971
3
124
897
414
556
829
871
222
965
466
903
541
46
19
20
90
319
28
13
550
74
395
186
1
599
67
29
37
14
737
177
309
417
345
265
1
6
12
9
361
880
120
935
336
153
1
119
3
70
790
195
68
468
408
956
221
3
895
96
188
400
953
227
218
744
182
587
1
71
126
525
643
946
605
106
948
363
1
971
898
490
78
541
52
34
345
964
117
116
462
907
103
110
217
598
2
400
620
638
927
179
4
973
312
11
7
905
51
147
261
664
94
621
59
220
265
583
820
569
19
74
43
210
130
404
112
707
37
128
327
737
995
621
89
775
126
74
58
105
849
21
100
170
646
778
34
802
34
621
49
12
499
555
51
330
697
195
5
942
239
16
30
561
352
108
56
31
873
205
532
20
158
292
39
13
508
360
2
570
602
824
519
524
27
890
226
573
44
405
370
323
127
528
13
139
845
79
667
947
29
124
175
215
36
61
647
480
207
266
650
636
275
62
111
26
146
16
221
43
344
100
23
215
1
769
659
464
93
34
52
247
128
349
32
18
924
454
964
881
344
11
122
801
295
128
136
40
73
99
3
698
367
165
972
37
422
179
535
3
454
81
626
892
43
16
15
326
11
166
920
725
403
13
353
350
891
109
453
264
375
389
503
89
17
701
690
119
654
246
107
679
50
196
766
180
225
486
868
26
487
529
878
431
274
24
11
207
158
125
3
8
401
2
479
271
398
81
32
29
121
762
768
9
616
925
782
869
39
313
51
398
58
105
93
82
353
653
185
38
2
124
4
67
215
581
114
232
408
664
86
468
31
21
12
388
493
82
431
419
741
186
39
45
272
223
147
44
83
843
258
955
923
57
26
67
878
40
413
730
51
689
956
9
262
20
191
602
336
103
61
1
328
9
12
492
663
9
3
634
99
854
5
774
481
19
94
153
710
936
54
198
97
866
900
533
720
516
408
311
567
92
216
407
181
86
886
328
346
535
331
214
241
173
156
562
198
67
813
202
279
685
792
276
980
170
75
853
102
627
400
328
104
172
703
19
223
39
559
111
9
222
223
186
245
184
100
377
506
204
137
868
336
704
423
64
493
921
918
39
2
746
664
183
88
803
989
26
61
996
550
166
8
110
359
28
211
34
60
809
67
821
5
128
243
905
42
503
9
20
371
396
152
846
285
258
423
84
401
181
128
412
57
443
331
104
534
11
6
118
6
268
291
956
268
102
435
978
529
262
219
607
113
180
449
222
60
12
192
828
400
434
79
824
254
25
302
48
993
209
669
947
276
107
16
196
2
169
733
175
203
59
657
608
817
787
223
570
162
958
660
477
707
28
793
76
6
174
455
373
638
363
69
188
117
342
54
127
19
88
412
725
29
160
292
146
12
143
217
453
115
341
197
460
717
34
75
14
318
1000
63
496
589
614
306
395
68
111
122
172
278
339
439
527
6
824
91
8
687
546
764
911
690
937
72
53
635
180
44
115
51
938
336
846
493
17
158
168
431
2
274
677
240
563
11
130
408
178
985
767
40
93
174
192
481
432
770
78
106
27
938
81
114
72
500
550
35
474
3
572
120
533
22
311
211
352
508
201
572
155
524
134
935
23
12
9
228
30
763
2
414
1
149
176
281
226
28
59
228
56
817
13
778
200
5
598
783
2
858
869
125
13
122
143
108
363
23
252
862
156
544
284
192
412
791
70
800
649
180
385
5
824
603
8
680
362
126
69
935
419
241
3
78
452
78
905
53
752
936
680
343
378
768
150
497
104
80
178
616
604
334
557
607
774
394
16
3
132
438
52
26
751
21
904
193
762
32
210
434
354
560
747
848
409
599
548
18
861
317
95
40
844
249
369
1
224
162
714
160
1
374
686
57
87
122
35
845
679
372
79
708
516
111
918
131
356
131
272
171
57
254
395
582
39
190
39
319
694
39
469
757
871
919
706
56
656
91
202
25
965
476
47
462
205
19
683
210
495
204
129
163
3
770
22
476
312
114
38
145
2
139
394
23
387
468
215
533
1
984
149
14
20
717
259
389
1
807
30
264
1
828
711
122
102
13
989
169
177
135
141
601
760
909
6
559
862
78
51
4
4
241
970
148
80
16
12
11
784
343
77
41
285
926
56
188
641
75
120
469
868
844
814
944
6
218
75
551
14
28
214
12
315
526
908
16
346
601
11
165
856
524
154
3
626
109
27
767
337
941
166
545
212
638
156
762
89
392
291
136
670
771
415
78
334
3
996
115
197
80
322
37
382
531
2
147
666
636
195
276
799
902
20
295
5
142
2
608
727
414
136
282
457
131
1
126
12
367
689
157
331
761
447
253
374
508
253
3
670
529
388
239
818
387
681
14
54
269
597
64
686
441
374
141
38
829
266
607
21
29
696
39
617
42
2
54
176
23
831
5
11
229
183
603
336
376
557
590
105
374
128
247
947
230
32
502
644
540
528
291
8
878
18
152
82
310
101
31
165
883
16
928
1
633
223
100
536
504
140
105
782
512
2
390
311
158
506
256
128
762
374
436
110
57
470
45
429
183
504
47
645
893
381
541
56
6
528
477
12
455
1
44
304
109
511
275
659
118
17
38
301
758
719
18
360
401
410
642
228
58
813
558
767
6
558
34
135
91
492
28
186
1
75
36
236
781
693
19
253
510
73
645
173
30
184
400
57
473
983
640
110
8
80
66
162
1
40
992
264
764
126
981
340
119
172
548
1
699
157
3
87
36
306
435
663
190
15
547
620
529
820
34
795
4
82
350
652
174
268
792
183
303
238
481
159
77
103
1
375
465
27
29
855
604
217
185
825
326
945
496
857
11
62
679
826
304
5
65
666
125
407
197
484
562
296
1
239
799
220
484
441
234
533
515
242
327
261
381
415
17
209
47
794
7
900
582
359
110
5
191
508
36
42
642
345
265
371
57
27
419
20
735
501
536
559
520
513
18
274
124
68
997
25
548
43
869
17
213
478
363
875
443
800
96
985
603
958
226
21
88
311
13
100
851
21
850
228
760
82
135
773
183
5
2
786
559
184
523
90
342
234
224
678
36
258
676
936
230
369
123
139
44
227
387
412
33
41
147
654
55
29
121
210
10
61
84
97
553
4
539
121
192
7
9
50
860
28
123
968
374
534
345
5
612
776
9
25
904
28
300
232
851
40
469
33
38
193
682
109
5
708
55
708
402
43
463
707
72
481
309
942
418
87
262
4
88
101
775
170
335
44
877
5
152
660
54
29
441
15
850
188
3
29
200
118
100
1
784
432
11
21
322
46
813
462
877
732
663
522
63
144
511
21
155
381
334
574
62
8
226
334
387
136
312
483
911
178
615
722
696
34
266
732
485
74
149
548
626
468
1
492
257
322
153
628
24
74
621
485
929
993
925
290
449
704
768
284
227
410
399
123
868
833
840
8
38
235
931
150
982
497
169
962
236
632
562
203
844
47
916
438
948
203
285
142
83
142
151
701
101
495
838
759
244
407
161
492
285
804
31
81
148
170
208
966
134
130
984
236
481
787
1
820
666
40
561
821
608
19
19
942
222
909
103
303
385
851
277
297
125
72
259
96
678
159
58
331
26
127
169
464
90
892
77
3
712
614
74
748
109
42
300
5
523
531
1
2
562
532
741
232
632
157
25
424
136
270
820
821
249
816
94
39
413
769
323
513
890
957
5
882
489
628
354
872
298
842
95
1
130
895
619
309
385
20
539
161
798
223
7
6
261
20
128
47
19
21
908
955
138
32
235
19
877
635
36
80
346
574
26
710
1
422
612
243
322
156
1
413
797
493
919
372
482
645
6
64
514
13
583
814
49
14
674
204
539
493
122
472
926
43
778
109
335
93
860
9
264
34
105
158
118
412
537
54
630
433
172
909
93
546
77
791
557
441
117
51
524
428
648
381
265
861
31
452
1
621
325
634
213
859
368
349
964
611
116
23
861
12
198
691
31
496
388
680
907
143
688
370
190
792
539
130
987
5
727
218
27
857
288
604
11
402
797
373
30
3
527
558
144
671
176
373
90
367
347
319
453
567
512
667
18
196
742
37
224
108
311
1
20
202
39
100
764
174
123
160
466
558
6
429
546
177
944
18
60
8
831
91
253
8
33
504
173
280
785
405
418
3
26
305
789
188
599
967
234
540
631
475
67
31
811
13
312
998
115
24
774
276
836
65
561
3
638
689
836
218
369
294
43
587
102
6
12
67
146
974
51
22
872
428
606
365
827
81
794
56
944
2
301
67
29
3
281
366
929
187
10
620
313
592
575
964
175
923
2
312
40
338
172
12
125
210
531
383
412
1
379
348
536
589
476
20
706
477
182
642
410
94
800
538
170
205
513
14
666
366
368
3
843
299
157
749
154
1
550
69
1
218
741
541
739
580
47
258
180
837
609
432
35
300
506
784
51
884
173
238
403
846
366
401
9
997
53
232
39
90
7
207
470
16
183
9
347
947
262
10
245
54
304
70
719
97
642
184
342
198
609
112
163
407
396
549
706
16
343
813
51
127
827
159
471
851
371
124
606
592
6
556
2
715
241
198
278
9
154
179
338
917
185
968
84
66
275
508
818
79
356
648
533
369
177
88
306
851
528
7
1
40
16
579
118
281
364
664
331
440
561
23
684
179
33
204
69
257
403
240
941
455
206
433
33
561
111
322
713
98
175
170
741
350
3
236
649
877
1
6
8
185
920
879
82
160
60
120
905
127
158
153
243
212
172
845
947
774
239
499
130
966
390
14
171
21
363
2
340
581
735
206
101
614
79
688
761
262
538
589
200
905
21
616
174
40
142
483
257
38
162
410
5
600
327
68
100
119
269
65
403
560
919
99
72
696
9
268
777
86
183
12
97
203
1
501
181
15
665
950
117
15
686
863
991
230
60
180
937
239
19
122
234
431
88
653
419
513
947
97
57
346
21
486
428
460
7
650
32
257
228
278
54
897
17
316
321
1
32
266
8
308
705
333
162
470
23
857
459
10
29
944
392
52
35
22
100
603
197
548
175
21
638
668
392
628
354
110
672
158
915
963
98
14
354
39
136
213
12
544
29
202
671
490
274
83
241
88
85
955
76
1
399
46
22
98
117
286
246
107
64
844
572
984
317
9
6
16
403
7
276
136
53
255
231
878
192
16
727
696
442
8
1
188
6
512
639
539
164
327
903
13
110
56
763
50
936
1
728
13
670
649
64
49
5
194
10
326
455
4
265
364
233
200
996
7
52
790
116
148
3
184
12
5
1
949
154
477
12
18
412
817
69
94
887
615
833
247
369
6
60
43
5
44
154
446
22
248
993
35
98
67
371
193
590
6
225
829
781
322
236
232
15
637
230
956
490
1
116
2
118
5
637
30
612
576
664
329
141
466
352
11
24
501
40
111
177
25
195
1
445
645
833
104
186
674
454
193
989
118
40
87
71
24
534
153
8
4
926
342
789
593
503
32
122
174
427
876
7
742
4
410
667
356
83
353
354
927
1000
436
360
421
187
180
101
502
82
291
91
93
237
171
36
86
567
200
926
336
2
48
856
473
3
1
430
760
242
232
297
25
977
731
388
1
308
60
411
389
49
650
9
425
738
230
431
518
15
899
640
125
884
470
740
605
525
44
58
522
1
343
160
12
417
9
25
3
17
152
916
628
92
73
56
106
819
160
156
61
42
10
861
11
53
78
36
123
879
13
19
484
65
675
189
96
61
250
10
10
118
622
192
229
304
187
41
792
969
443
82
66
187
678
4
478
577
555
770
51
57
2
3
267
5
211
959
115
219
122
514
13
464
16
18
18
72
190
415
415
1
39
931
601
785
54
329
11
529
899
108
739
137
750
29
73
307
148
75
218
99
115
729
12
32
534
434
946
343
517
35
82
166
361
12
718
959
9
756
472
66
972
193
4
416
490
438
1
13
946
343
744
900
1
173
295
694
250
964
105
12
3
15
207
7
82
6
84
387
191
552
704
463
15
20
336
929
525
5
785
372
777
595
79
823
433
31
113
172
21
2
2
878
806
178
200
264
144
131
624
360
22
444
547
17
177
85
897
55
961
682
363
9
133
846
4
370
33
226
781
31
401
158
177
151
625
260
704
623
233
75
4
201
124
336
181
600
109
223
745
19
69
362
23
698
986
83
69
98
743
1
285
121
7
439
40
525
260
195
458
921
82
238
752
852
193
29
249
220
307
257
845
832
282
707
25
132
525
792
996
552
425
561
368
17
38
7
260
108
902
534
513
122
106
128
550
294
688
833
40
552
674
131
19
2
181
86
240
571
152
142
606
226
510
489
58
413
801
517
738
4
458
500
191
13
846
186
100
856
837
191
292
168
203
692
507
325
226
667
121
461
41
6
343
844
743
48
998
279
4
349
602
834
215
545
902
11
6
821
683
535
34
92
830
575
184
110
5
371
134
771
520
115
32
88
194
121
535
731
535
430
2
27
617
514
749
363
61
1
316
592
496
103
931
961
6
59
41
194
448
200
159
17
765
3
132
263
491
58
670
747
174
292
163
474
372
806
434
7
626
5
76
829
45
4
536
964
284
12
376
426
120
999
79
36
45
4
447
418
1
539
240
946
294
109
526
450
221
3
468
388
3
85
32
69
5
475
185
462
81
742
289
256
213
302
6
1
721
9
2
493
32
298
909
336
70
478
852
23
153
626
593
714
840
175
922
940
292
194
282
89
745
910
343
324
38
414
377
193
231
46
15
535
8
280
7
552
11
978
274
240
590
36
801
507
375
398
102
383
428
319
13
323
12
86
579
302
1
51
147
484
760
124
470
439
525
86
89
743
1
16
149
785
136
768
62
45
383
1
2
11
17
64
125
191
109
940
308
57
773
452
183
403
164
851
118
665
526
249
166
61
866
140
66
533
36
481
24
509
93
325
280
8
889
81
476
41
797
135
9
167
197
591
566
235
378
77
171
734
620
52
542
272
166
456
711
941
74
353
44
649
546
356
123
393
395
201
177
28
375
202
623
218
287
63
2
312
354
628
166
4
361
430
43
120
999
422
503
96
11
186
478
655
86
345
591
166
928
830
36
512
172
961
24
8
584
81
782
254
881
25
761
859
219
541
963
677
792
650
333
205
391
392
161
131
434
632
446
713
108
377
673
912
636
427
41
907
10
57
1
257
298
403
872
892
763
38
354
41
89
776
594
210
123
491
21
865
240
725
44
195
322
57
561
297
90
31
167
701
161
158
78
686
680
145
553
267
876
325
15
629
128
54
353
990
64
570
18
2
319
851
280
684
12
2
995
152
114
846
813
423
41
360
194
595
4
645
173
54
182
408
153
59
255
23
849
743
720
2
757
58
31
393
979
255
106
176
543
324
103
15
793
281
16
864
80
127
3
678
246
14
99
63
883
41
862
248
188
690
125
954
5
103
286
548
124
137
199
640
275
589
16
414
243
904
176
314
380
355
724
5
302
125
40
421
295
11
787
579
118
655
268
24
27
81
454
978
764
21
53
7
180
283
8
825
405
1
20
558
347
46
10
22
100
264
445
565
446
395
676
185
34
369
61
658
123
14
347
427
352
2
42
1
788
2
106
52
136
23
112
88
44
11
122
28
477
340
212
278
896
312
244
214
335
585
261
289
224
29
677
219
189
4
14
21
547
109
18
156
751
965
134
9
11
140
270
367
90
92
392
42
857
751
408
269
925
724
241
15
861
7
252
761
376
282
113
295
27
32
2
126
40
54
961
93
476
331
146
38
24
6
106
846
148
636
278
344
243
149
17
353
55
574
13
118
790
66
14
579
635
489
293
119
23
985
851
1000
279
93
49
587
29
39
198
483
23
130
312
2
94
414
280
763
193
226
321
426
2
257
432
17
74
85
314
477
15
889
203
103
284
798
416
191
46
14
9
580
659
376
161
675
510
325
520
16
648
986
93
519
114
994
257
744
628
72
252
279
1
338
141
45
425
635
103
867
178
403
222
475
826
728
157
127
214
355
157
36
270
868
170
52
768
5
440
71
312
82
2
261
279
887
42
2
37
88
1
391
24
261
405
779
10
1
912
558
302
200
2
323
228
213
336
781
318
18
272
7
356
378
227
18
695
283
560
93
628
250
1
60
155
715
17
10
668
47
625
61
646
7
42
10
664
342
84
921
177
909
532
984
499
11
435
772
626
870
10
587
106
335
384
39
124
610
1
64
973
41
780
783
180
696
103
57
990
163
