662
691
571
364
530
948
799
772
227
619
455
128
51
709
25
694
72
465
912
267
4
834
928
225
950
873
791
48
351
160
232
410
18
240
119
504
914
746
196
831
521
26
163
690
156
906
258
329
959
553
807
874
505
368
202
958
666
903
463
962
44
415
923
683
50
497
647
319
782
368
749
323
884
702
785
721
899
33
104
216
83
584
87
223
413
457
568
892
253
175
472
236
356
139
155
374
331
619
193
641
770
55
352
804
305
118
309
273
277
628
758
269
671
561
979
204
45
815
863
405
563
1000
270
440
19
923
138
960
964
907
310
815
429
279
225
977
750
768
864
120
251
150
28
922
704
852
698
939
474
215
26
963
952
861
952
699
893
390
285
386
117
781
645
598
717
810
117
656
119
295
748
805
972
673
903
604
508
989
931
608
739
175
950
6
172
785
990
971
233
182
744
690
955
579
820
159
341
649
861
195
325
979
923
850
295
557
730
550
748
849
253
113
628
2
205
425
680
435
962
281
896
306
701
657
776
871
386
503
390
707
622
758
531
369
900
218
950
23
726
89
754
182
177
736
111
344
364
392
50
568
313
508
667
907
278
11
486
941
983
754
77
101
782
150
900
197
861
718
75
461
746
563
895
979
368
875
119
290
754
418
669
15
513
312
97
870
407
958
497
934
115
916
963
681
362
928
682
601
823
832
372
776
58
609
904
237
92
129
169
916
834
95
556
187
747
478
715
10
483
554
436
285
129
471
358
262
946
494
87
424
321
168
760
877
831
304
874
998
251
195
165
135
70
718
484
307
793
994
296
443
923
739
270
515
792
482
410
502
104
367
454
411
211
815
499
594
232
14
248
576
525
666
799
538
701
863
942
772
134
872
188
267
582
113
365
532
426
753
718
363
659
801
504
525
564
664
938
88
586
672
513
923
247
845
660
799
706
549
147
292
225
109
174
224
686
217
901
759
628
936
822
882
102
32
370
800
706
357
489
935
468
722
452
689
288
522
810
31
140
156
398
756
558
823
654
448
395
787
919
447
612
411
728
272
236
364
684
594
664
848
495
520
922
608
428
757
62
250
583
875
29
187
600
346
240
441
314
613
869
923
50
234
907
851
463
97
83
387
946
566
394
646
492
993
850
915
982
118
795
655
960
624
264
663
258
711
614
404
98
691
259
969
99
831
85
994
709
769
737
964
551
930
816
182
581
994
285
15
256
841
459
282
686
667
64
453
99
494
6
982
826
414
879
858
516
322
477
611
410
477
726
363
179
338
277
854
838
829
257
61
973
410
751
257
768
743
261
172
623
770
590
398
959
642
395
486
970
577
33
633
279
99
606
679
683
499
151
856
9
63
304
954
854
457
306
897
251
419
105
177
37
557
381
393
931
604
852
378
540
79
149
770
756
402
984
327
393
711
474
206
600
318
355
872
969
661
388
245
967
907
333
821
80
22
338
865
684
629
572
16
219
311
979
503
853
457
882
427
249
318
541
460
963
276
302
514
856
990
896
746
243
205
216
873
998
531
726
74
633
310
872
954
459
316
991
844
923
799
657
964
907
257
422
791
135
784
385
988
419
544
507
314
273
623
266
737
485
632
525
110
416
572
434
624
637
274
331
837
634
587
570
271
431
819
557
126
966
345
455
460
225
249
538
731
236
648
672
176
453
859
94
414
991
687
963
805
977
786
494
128
340
587
759
233
336
5
746
572
391
270
760
956
557
528
12
422
992
918
10
371
546
699
156
294
429
53
248
934
616
406
379
483
228
417
849
689
85
48
919
946
896
215
236
44
143
178
182
32
556
986
101
652
435
955
502
161
355
254
325
808
210
890
256
21
658
917
51
857
615
591
445
84
798
830
269
706
339
830
948
190
914
154
321
768
905
948
691
95
29
519
232
599
123
991
124
59
497
683
255
110
662
651
764
720
817
130
754
717
283
956
344
688
6
616
199
179
332
88
635
686
612
748
154
149
22
975
492
212
117
965
41
671
150
240
579
4
360
547
911
225
917
648
266
593
801
45
534
583
52
898
701
5
822
144
291
40
752
827
281
154
976
66
999
433
996
80
212
954
674
287
709
964
359
162
186
41
842
284
596
121
829
232
302
796
474
401
972
116
18
420
90
934
538
695
261
595
404
655
378
572
211
808
139
660
167
485
357
11
839
763
229
573
957
45
719
584
586
431
378
653
401
494
902
947
897
375
748
887
272
203
558
54
256
579
202
50
773
527
530
189
404
302
967
118
101
215
814
790
726
727
475
575
887
945
234
437
536
281
678
842
392
544
10
349
244
713
785
6
585
685
790
452
316
571
586
512
903
951
716
903
120
558
808
709
726
762
520
119
499
478
289
588
719
788
473
557
909
286
904
737
647
59
622
951
361
418
81
390
844
886
408
558
527
214
571
863
690
955
14
362
924
891
829
381
366
512
559
121
704
963
670
844
134
931
466
609
705
132
201
572
523
918
408
910
526
409
617
84
199
914
453
280
593
80
514
394
955
382
230
395
410
430
972
528
46
445
822
618
280
429
357
371
589
751
494
192
95
753
958
937
138
269
566
410
105
888
897
193
211
700
820
75
188
793
207
279
804
463
703
209
869
663
434
155
127
233
587
213
942
275
644
228
972
781
130
680
494
612
5
618
946
542
899
987
381
440
584
24
115
129
293
178
647
970
888
18
459
299
357
724
438
271
994
766
286
681
984
663
965
269
860
791
138
762
523
923
739
706
694
63
232
753
474
160
229
95
870
640
584
663
617
976
932
999
761
120
72
3
675
289
365
643
171
70
399
17
941
897
163
819
633
503
980
757
689
503
415
703
531
145
96
834
535
829
504
466
78
396
415
80
724
186
501
928
599
277
338
632
445
69
981
348
375
264
198
636
765
372
690
689
435
63
945
604
775
568
571
160
94
82
888
632
730
158
884
160
643
948
673
405
830
468
699
963
752
942
687
244
548
265
504
167
712
33
197
264
870
451
84
674
946
461
882
748
540
318
601
653
650
835
833
859
631
869
758
502
511
53
10
961
604
734
262
17
289
793
313
1
1
758
881
19
304
702
955
482
505
425
128
440
204
117
628
136
977
462
398
495
583
515
23
60
707
333
336
876
886
661
234
445
805
478
711
283
630
200
600
836
78
946
271
980
569
881
196
610
193
471
836
879
466
329
886
978
621
382
935
231
778
162
174
481
291
867
501
219
531
326
333
580
88
569
894
236
660
51
950
46
790
520
610
890
582
703
599
328
63
357
681
652
537
806
273
460
36
550
65
483
840
194
300
972
751
253
826
557
946
152
914
244
681
647
328
491
905
421
51
576
17
85
247
798
509
603
91
678
693
368
479
226
637
473
54
775
982
78
330
41
68
561
883
129
948
647
720
689
531
814
244
886
689
1
137
273
483
690
896
781
166
616
237
347
204
720
424
217
815
386
93
1
890
732
872
441
314
174
750
906
129
127
695
177
509
858
744
30
379
960
135
546
86
231
505
138
373
1
977
567
84
622
790
447
36
869
684
42
34
273
178
233
870
446
422
563
744
126
264
262
397
978
965
980
949
677
436
549
617
409
424
225
628
439
248
404
274
885
138
618
319
997
473
650
988
342
740
123
79
271
588
406
8
608
14
154
433
454
36
860
364
32
732
314
830
974
436
140
942
291
158
894
792
731
688
133
979
347
828
163
733
402
506
350
825
86
404
797
485
514
396
872
405
861
861
238
389
38
222
998
53
384
149
597
222
797
979
972
15
217
589
868
363
153
215
184
730
915
627
930
618
824
530
627
8
474
357
281
613
346
941
547
23
383
742
449
757
993
396
482
526
842
776
845
566
648
69
390
30
844
439
212
788
625
419
410
470
206
261
987
985
494
634
417
748
428
854
605
963
548
378
93
369
26
706
655
339
379
227
393
823
895
879
7
248
722
600
182
543
932
191
610
887
691
954
149
219
155
86
817
796
895
968
870
674
736
805
904
796
722
757
58
194
162
367
48
552
957
109
724
695
610
874
439
169
254
189
955
454
347
559
293
729
678
6
427
529
964
898
883
953
214
449
355
481
142
531
85
76
29
166
502
986
453
314
606
410
304
248
75
528
345
21
986
451
734
137
458
191
868
539
149
617
236
87
567
44
519
826
615
155
737
11
122
571
605
614
495
188
303
616
793
25
193
579
716
699
502
311
964
376
13
129
393
776
134
535
165
435
980
936
66
234
392
783
209
984
294
534
64
68
758
56
228
816
523
610
159
768
375
290
6
599
991
760
808
579
27
783
66
668
112
594
202
644
486
932
792
580
862
148
277
13
226
420
43
132
167
903
406
725
15
147
655
35
658
130
905
467
777
84
420
245
287
373
269
639
388
596
712
669
457
615
324
377
553
46
174
975
614
588
540
586
248
963
778
336
655
97
972
783
457
229
598
369
200
700
325
880
39
939
866
616
883
513
393
427
686
86
343
735
178
142
296
196
560
68
357
313
452
789
592
170
476
412
242
854
271
641
977
50
513
149
686
680
718
189
179
395
904
988
162
541
468
864
528
340
793
672
53
306
990
374
131
348
548
125
331
463
610
618
622
323
299
843
492
317
298
2
792
420
686
170
840
637
619
134
537
561
211
540
725
785
667
690
676
462
188
517
665
24
771
291
942
175
185
444
819
244
577
892
716
743
426
198
898
193
215
399
858
33
876
111
4
213
265
571
928
44
156
140
569
711
530
801
948
774
392
542
123
145
663
415
938
888
20
869
470
557
390
276
749
163
430
701
914
792
59
82
177
468
430
503
57
332
153
818
243
72
534
723
536
298
27
370
397
344
570
257
980
699
292
824
36
930
664
562
693
960
957
347
925
842
781
789
107
481
922
997
769
409
959
537
357
72
313
333
876
547
821
306
503
955
27
892
367
473
952
660
862
42
616
454
421
684
689
482
621
61
62
903
168
468
610
304
667
539
530
664
858
860
259
778
464
538
464
302
424
72
976
40
6
845
75
798
908
747
372
617
347
557
723
481
393
633
933
869
289
226
261
865
642
589
581
654
361
797
718
218
377
951
202
523
6
417
272
35
321
237
171
836
330
991
471
999
25
605
375
317
259
633
734
799
257
181
157
222
219
779
459
281
722
367
380
672
660
543
350
149
416
985
24
882
944
200
360
787
494
915
482
879
397
152
981
799
71
417
141
196
555
44
840
785
14
792
817
625
459
108
655
982
991
345
314
560
991
235
305
54
555
81
657
300
668
818
847
377
485
564
438
45
979
306
712
809
795
873
165
832
723
856
947
395
3
729
526
503
760
188
318
122
151
4
915
725
190
982
684
81
39
941
931
402
510
923
512
374
697
410
42
426
571
565
585
354
726
858
266
739
893
953
58
53
82
783
393
948
69
499
95
246
328
941
646
845
676
102
506
726
470
59
88
254
848
845
46
428
754
990
471
262
630
329
496
787
116
298
235
715
905
37
28
922
257
36
739
91
807
870
584
77
351
610
129
280
323
145
275
121
835
702
257
908
570
969
602
295
72
809
475
753
749
32
260
153
26
716
676
499
947
194
422
617
782
834
7
172
331
875
302
630
378
779
634
11
377
13
427
334
746
653
67
999
580
404
324
735
294
309
129
386
341
691
243
601
172
481
714
274
718
886
468
649
495
848
509
132
442
488
310
284
62
985
281
431
772
587
118
587
5
87
801
370
139
931
388
249
918
395
125
20
883
235
947
974
818
873
233
823
174
511
542
943
605
18
271
313
410
59
876
571
748
784
325
827
959
152
341
32
380
665
249
713
524
767
117
186
418
121
619
807
263
557
561
197
331
977
893
127
324
931
767
899
619
766
713
506
969
925
813
112
481
158
443
616
22
585
821
289
242
798
175
120
944
329
923
257
355
354
163
923
963
561
662
907
138
312
444
975
388
672
340
435
657
104
92
653
578
619
806
407
338
185
43
533
390
689
854
787
542
999
37
937
578
706
611
783
217
579
882
652
234
816
347
681
115
822
265
668
662
291
325
232
307
501
83
542
792
920
366
319
341
859
994
154
39
672
62
192
165
719
538
932
219
915
15
686
28
71
539
866
195
833
1
250
579
415
418
196
720
210
856
742
327
574
295
403
670
429
411
167
71
180
67
612
47
133
829
148
930
823
606
294
586
729
416
864
763
190
941
976
612
866
337
108
229
136
345
54
673
743
367
568
171
54
717
815
293
218
363
69
707
438
358
6
592
343
256
891
592
849
813
293
889
586
515
256
276
345
217
419
510
532
761
511
946
726
316
120
317
415
400
932
550
363
192
498
357
122
939
713
276
925
50
499
515
162
838
502
74
312
407
482
931
248
916
61
187
751
989
783
938
871
878
65
303
592
72
959
304
988
286
779
482
498
282
930
113
290
707
305
452
110
186
563
947
827
701
136
45
750
369
221
55
548
108
159
977
846
845
492
618
880
727
521
269
358
892
173
834
563
522
292
5
473
565
536
916
93
212
552
606
616
898
255
366
5
389
638
285
660
64
738
579
563
102
160
572
321
937
296
84
881
577
203
117
2
591
807
637
136
286
246
420
512
447
416
608
747
524
913
411
775
561
622
601
241
406
189
65
814
82
556
363
136
776
109
283
860
399
366
531
542
74
180
226
43
115
507
565
965
434
310
961
208
329
620
266
366
289
122
794
374
999
603
580
308
243
870
27
31
370
101
352
127
534
85
630
140
593
970
346
748
834
841
943
659
699
726
590
598
822
845
393
430
970
715
379
266
894
904
369
104
748
877
462
464
648
67
251
723
663
456
315
332
95
323
451
542
105
434
276
553
421
11
985
364
999
1000
634
888
426
930
569
158
215
834
309
710
493
729
229
356
781
728
214
432
753
549
687
487
72
591
239
623
212
152
164
283
819
451
512
194
258
754
782
771
260
367
297
203
422
650
488
239
742
271
582
59
967
571
878
407
298
281
472
121
923
33
117
69
659
871
459
741
350
597
543
589
676
205
839
604
731
610
933
174
8
542
851
703
480
754
246
913
241
408
447
672
879
518
315
482
823
503
636
341
184
306
687
431
618
869
5
121
152
941
610
454
861
46
771
983
455
281
910
656
404
881
53
268
830
880
670
579
964
221
163
726
555
255
577
730
601
796
829
931
726
405
809
397
549
582
980
736
777
527
576
181
616
840
310
440
121
74
51
609
847
906
885
235
51
491
895
492
395
682
83
301
904
706
5
375
588
342
726
886
622
346
263
679
964
711
203
205
593
296
544
576
911
451
940
41
118
106
597
302
933
895
304
418
445
645
656
734
254
737
823
259
355
255
911
464
421
715
372
52
68
331
460
260
210
340
955
988
375
657
771
117
955
4
740
405
463
614
300
92
46
733
588
755
430
787
166
909
932
815
826
794
745
560
770
637
805
110
353
348
283
166
161
197
101
311
683
73
162
789
61
14
68
897
223
290
252
210
477
127
311
496
723
845
539
536
927
554
787
208
926
750
142
385
112
67
618
822
284
459
836
799
72
606
614
630
894
592
964
533
168
923
505
969
234
999
711
785
634
336
712
717
283
927
33
825
870
138
196
739
20
36
434
601
492
380
162
474
141
115
762
790
84
288
146
479
396
383
901
371
423
432
719
90
353
149
747
17
299
302
363
350
273
496
26
174
768
138
446
879
649
904
737
415
196
164
137
901
578
970
654
286
577
902
528
262
371
677
465
108
836
172
713
989
51
234
696
402
152
314
117
876
555
575
972
469
711
213
996
350
669
328
31
373
725
208
364
325
438
629
543
640
23
662
388
48
156
544
408
441
394
170
14
857
882
575
44
878
632
280
985
829
28
181
330
501
896
517
54
566
695
664
730
437
65
571
349
403
346
612
496
490
49
129
668
683
702
507
633
35
873
446
523
528
912
827
511
923
834
829
431
503
159
27
44
49
255
78
391
419
214
792
690
739
14
28
424
412
196
118
972
646
130
733
235
309
68
290
795
728
682
208
638
198
902
250
245
792
391
135
770
829
128
256
532
224
109
480
139
115
672
728
732
556
361
558
409
856
542
972
776
672
211
484
643
794
903
734
615
946
412
854
547
517
809
58
924
888
359
662
452
724
713
893
59
734
158
782
680
313
515
43
557
355
833
55
52
557
964
267
550
211
70
3
543
471
913
749
341
203
931
661
812
31
239
137
911
495
38
930
387
952
911
719
724
335
831
292
945
675
244
975
132
979
329
299
979
957
863
952
161
746
207
304
851
46
818
939
130
791
630
307
928
954
271
326
594
116
498
315
207
563
123
318
97
114
410
46
726
728
628
22
122
650
960
880
872
71
921
436
314
818
258
624
200
746
437
701
388
479
865
743
547
518
850
477
464
469
511
744
81
987
256
921
88
222
314
874
165
596
664
967
865
77
269
117
203
869
862
389
955
513
46
543
540
102
148
838
117
470
179
254
217
444
470
649
240
247
699
221
84
571
316
833
802
623
645
182
403
472
487
635
120
892
159
201
689
578
278
950
947
327
716
84
93
23
872
24
643
824
528
65
495
519
709
367
481
550
562
662
93
532
684
691
605
384
479
656
832
887
84
565
821
826
376
888
111
536
857
707
969
104
851
356
432
900
844
833
781
632
101
873
811
121
586
74
40
422
633
349
844
877
406
509
572
523
208
615
759
61
834
887
485
935
691
990
225
782
954
643
266
931
241
551
259
734
625
210
181
925
294
967
783
850
415
522
957
838
426
661
678
609
617
42
874
7
680
255
10
872
952
226
225
269
730
913
581
17
137
712
374
478
610
845
281
129
436
40
134
12
888
20
601
849
687
972
461
134
858
240
782
999
495
69
956
912
12
495
862
691
965
853
359
23
924
195
992
565
511
657
241
100
62
458
165
319
449
658
46
824
947
783
399
510
55
803
483
323
264
23
204
149
738
485
358
292
185
495
903
558
156
472
582
294
269
479
583
121
665
701
118
434
49
428
686
478
417
780
839
440
699
291
566
525
530
424
630
469
340
467
678
322
499
709
383
150
112
497
686
799
696
65
950
512
101
202
260
670
393
568
993
555
768
708
471
269
768
899
551
227
790
802
771
87
798
729
236
748
532
111
878
931
160
667
947
477
930
161
762
849
824
563
670
14
484
439
895
743
767
338
312
672
696
150
244
866
904
200
418
488
144
694
462
684
183
389
481
425
276
95
433
273
436
35
191
76
801
52
97
967
5
602
607
131
286
500
287
92
171
664
201
380
347
734
690
888
228
639
336
239
936
574
184
942
161
752
580
793
439
164
451
455
749
168
635
36
286
428
999
669
770
236
119
444
265
213
272
953
140
766
978
967
395
986
560
695
720
46
337
744
751
828
423
794
153
865
432
993
434
658
509
263
642
909
881
687
724
471
531
468
210
101
252
107
910
838
527
469
691
420
373
942
88
486
128
889
84
347
77
808
917
502
922
712
586
964
345
731
985
739
431
544
883
878
818
848
924
617
177
975
753
118
994
316
377
462
347
545
932
432
76
545
76
401
600
185
612
314
183
433
76
255
231
265
560
591
370
132
125
234
269
456
645
989
634
236
532
526
490
847
402
215
948
595
108
22
574
728
783
73
670
143
262
179
736
82
673
8
515
87
877
293
683
845
944
305
758
691
54
447
868
66
381
667
65
431
242
358
426
644
795
95
410
264
209
704
779
413
13
296
48
479
7
559
965
787
425
464
218
395
261
567
521
833
198
642
450
651
705
22
365
440
992
353
494
111
916
750
677
979
2
701
861
49
229
761
475
937
84
433
731
713
225
921
342
103
22
648
903
845
416
538
956
22
547
629
473
497
650
997
445
505
527
921
894
302
170
354
105
956
304
285
829
562
683
16
735
556
960
126
828
759
171
584
860
588
425
993
273
814
603
465
445
350
724
41
148
954
940
803
295
901
139
200
4
509
711
315
314
326
958
813
502
29
951
255
624
757
438
582
340
128
376
512
508
623
376
537
32
790
93
915
495
886
460
965
335
609
390
736
569
288
138
783
738
837
495
968
6
799
389
719
142
222
258
893
665
751
987
740
556
45
920
916
298
143
302
236
89
26
284
752
65
182
353
478
761
166
19
23
675
212
399
486
133
608
105
321
953
383
995
50
107
23
826
669
352
740
464
111
152
233
71
364
979
609
558
182
735
657
452
385
315
266
233
662
793
60
653
161
863
12
383
364
779
477
888
966
732
461
306
308
248
337
795
679
216
252
325
434
48
29
287
1
607
993
447
352
556
686
234
496
673
998
860
959
282
64
907
176
70
26
772
686
31
549
282
190
815
632
46
113
216
24
171
979
857
913
608
21
441
180
304
385
463
204
685
247
947
557
398
791
786
254
92
579
758
306
532
848
154
206
754
195
946
960
808
995
800
414
402
306
136
156
970
269
88
487
291
27
517
276
504
917
414
103
834
58
403
39
724
400
184
84
413
569
828
401
214
875
328
85
171
964
866
32
833
916
251
596
517
594
560
703
382
998
856
911
301
810
639
848
894
400
340
887
83
373
665
239
925
537
774
6
449
635
762
946
973
729
137
575
335
945
865
918
699
912
74
866
605
169
928
523
218
837
878
218
411
496
591
486
386
382
296
702
168
944
162
749
675
272
403
39
623
367
135
34
955
145
344
991
101
684
744
656
331
663
475
264
944
313
323
552
432
140
89
529
296
397
49
589
99
542
576
267
819
143
784
231
906
359
345
954
284
411
365
355
558
485
245
835
121
113
699
19
228
469
892
199
758
857
94
766
354
272
789
480
646
1
309
402
548
153
535
97
936
164
69
571
889
13
588
419
529
367
768
543
831
717
612
216
651
867
871
682
201
216
563
921
308
574
267
440
432
366
654
580
250
971
660
628
399
299
998
189
901
995
955
900
815
903
581
670
773
692
547
928
16
208
71
647
511
824
170
65
132
956
845
553
178
297
10
157
78
158
411
385
968
24
188
379
125
253
178
983
47
137
914
994
639
999
411
672
598
123
191
892
87
639
459
654
347
32
75
60
415
224
828
163
724
800
18
809
810
733
234
364
432
342
449
710
174
426
435
977
419
683
773
770
283
433
241
137
831
843
347
368
908
713
936
505
119
188
235
766
598
647
968
476
687
474
665
73
31
958
400
554
473
605
210
851
527
820
191
457
710
90
61
715
681
398
383
339
488
405
592
390
657
589
598
382
520
454
98
336
106
349
781
409
189
373
936
939
786
552
255
953
804
501
199
73
879
730
773
661
592
526
963
883
341
94
568
432
180
873
941
25
222
730
402
37
664
407
479
752
123
811
308
870
954
483
35
629
778
967
292
719
698
175
518
32
996
17
735
847
401
484
432
36
482
379
678
233
316
564
692
858
251
5
720
925
329
667
650
969
544
82
879
907
183
520
321
403
882
171
802
148
730
8
155
102
556
342
246
922
838
278
100
538
345
133
385
231
674
470
663
112
115
54
678
307
447
965
274
239
385
1
819
358
2
602
659
956
827
257
584
650
10
79
118
182
534
245
659
650
456
410
259
740
9
946
929
42
391
532
250
859
50
320
849
25
371
198
528
397
535
235
910
122
829
691
907
928
374
144
702
317
950
773
372
557
966
489
975
620
508
157
380
721
974
759
300
123
450
925
138
723
253
613
464
634
798
6
745
416
990
932
244
566
387
960
763
6
515
877
35
848
422
304
626
967
217
903
255
704
205
544
694
38
242
515
985
437
80
244
445
579
315
593
357
775
911
748
111
346
807
308
801
71
77
301
236
796
866
509
635
369
714
118
933
213
679
884
156
625
389
904
428
892
519
654
816
727
342
212
8
179
910
399
279
254
374
682
399
309
361
193
584
269
292
264
525
449
349
129
597
722
614
150
643
395
377
356
880
607
955
106
732
165
255
208
961
1000
560
768
721
45
192
336
759
455
431
843
169
402
511
222
475
497
237
16
68
21
590
402
987
622
532
466
894
487
363
772
404
320
677
399
181
485
90
712
933
200
162
72
116
938
846
557
107
744
617
543
574
695
368
311
219
363
429
349
346
416
169
162
956
335
459
733
166
624
495
203
392
420
912
72
481
382
626
900
127
748
754
115
823
718
959
739
918
655
162
245
693
93
863
598
336
208
609
839
335
844
151
369
751
670
309
928
556
782
960
335
751
499
30
578
98
460
61
472
840
481
5
380
618
755
269
549
546
544
373
195
179
673
727
368
504
924
796
234
32
50
913
343
885
250
471
665
945
139
615
597
95
854
503
117
106
756
909
844
153
171
193
794
641
253
575
617
257
106
791
357
650
810
658
436
59
895
993
844
526
821
805
643
801
270
228
148
340
401
122
162
879
295
925
670
853
714
454
374
562
117
16
443
395
899
675
187
768
612
187
267
980
817
367
664
511
850
551
60
174
939
33
667
157
987
448
175
371
216
108
30
913
633
823
156
676
100
938
803
811
798
904
780
729
492
389
718
142
578
427
425
22
55
700
429
651
924
340
925
28
148
380
501
133
22
758
232
469
572
486
664
493
849
82
27
292
518
226
206
685
192
150
567
138
91
321
199
720
654
362
242
947
119
384
832
798
857
165
204
462
396
893
369
348
96
902
862
254
350
369
679
911
731
898
785
161
388
253
984
620
675
776
269
876
798
963
367
978
706
780
472
448
205
928
354
454
10
500
477
236
711
723
389
794
439
11
434
727
327
382
685
387
418
428
759
2
864
340
280
595
178
734
583
987
350
174
323
65
74
30
870
439
85
937
533
915
595
288
924
86
350
972
657
234
716
678
710
845
708
117
676
113
568
433
266
938
474
716
234
730
522
47
563
928
489
984
357
152
41
919
478
319
517
177
190
694
586
852
358
39
626
738
587
738
437
96
75
334
631
476
119
318
103
869
459
595
534
42
250
11
45
592
562
585
912
207
850
647
880
562
118
983
509
317
640
422
218
47
998
603
395
901
91
956
519
95
236
962
310
871
520
739
436
398
831
124
79
817
1
77
566
739
60
268
327
723
612
842
425
737
333
851
751
204
732
611
632
608
645
177
987
667
267
975
863
399
117
295
378
40
844
614
641
476
189
412
744
538
545
200
234
211
767
121
227
976
871
468
743
648
923
158
486
554
879
947
32
957
284
316
967
46
223
587
951
36
954
520
75
128
122
1
368
292
484
355
317
698
950
763
335
866
561
229
433
786
800
807
979
32
82
76
446
192
917
455
474
992
253
627
278
957
588
566
628
389
82
734
909
187
723
379
780
349
26
340
402
247
597
949
791
622
304
535
354
206
333
684
198
87
27
187
197
47
850
96
836
620
917
434
521
252
873
437
815
515
855
344
937
248
420
515
835
713
895
510
945
111
676
716
363
42
806
43
775
581
320
797
716
410
172
355
135
557
525
68
837
43
366
265
906
934
83
612
840
133
744
155
653
526
330
384
571
708
504
255
276
219
321
495
828
483
116
369
407
53
971
19
509
668
752
747
796
435
574
459
350
652
505
561
841
251
505
920
652
326
3
191
48
815
284
141
699
196
427
309
905
880
443
916
451
643
476
796
863
973
775
902
464
426
173
478
195
175
2
746
377
895
956
140
418
802
754
969
680
938
545
108
955
491
984
162
803
624
168
623
290
129
377
340
377
155
705
165
785
557
256
498
339
416
965
522
49
496
501
520
26
920
577
782
86
424
464
732
350
230
111
832
521
300
721
384
911
754
390
346
991
2
985
497
125
159
458
779
25
150
450
870
954
424
944
819
103
393
335
433
124
302
288
51
935
36
136
265
696
40
330
258
202
852
273
713
783
144
162
589
64
827
513
19
873
720
38
332
606
199
884
155
132
451
841
155
398
428
135
486
386
38
637
323
369
255
495
61
929
36
988
785
440
684
222
535
175
488
366
771
211
529
310
591
945
324
700
149
816
634
395
772
537
179
192
267
955
84
837
150
953
702
946
62
529
564
564
414
96
821
172
414
689
437
822
355
947
725
791
916
63
862
542
947
861
107
304
87
322
964
510
280
906
973
492
192
570
767
28
277
583
211
842
677
360
648
107
170
2
85
635
266
287
695
467
485
320
671
824
772
894
594
141
140
990
523
353
733
572
6
261
794
137
26
137
331
379
934
252
618
921
158
601
660
982
242
838
582
540
988
256
668
680
355
211
993
964
240
80
146
165
640
627
712
123
199
745
380
238
728
920
91
167
310
407
510
126
443
454
14
643
390
608
694
563
28
675
516
395
374
356
179
187
52
982
712
282
112
858
633
907
332
399
689
112
359
494
163
238
305
543
751
354
639
761
861
169
557
123
417
467
700
606
752
905
283
738
497
42
784
904
386
934
885
481
903
116
221
718
960
119
620
949
220
923
39
145
678
173
858
463
546
346
592
54
556
227
612
850
629
200
495
84
286
671
974
782
52
495
257
363
332
8
485
570
236
98
533
259
980
484
460
834
146
211
298
698
805
723
46
44
922
714
718
85
945
954
817
267
180
131
568
269
234
702
671
369
841
525
416
606
801
750
453
878
228
629
130
137
990
543
877
46
985
649
788
30
263
897
833
320
601
258
337
261
661
170
398
495
13
653
760
298
870
489
68
525
765
452
363
13
327
171
328
360
775
988
662
195
889
627
691
646
580
873
284
429
695
117
654
319
192
31
698
794
865
884
212
872
897
309
425
813
392
352
426
828
619
818
900
943
67
408
485
715
105
142
390
477
885
740
228
370
862
98
666
246
680
640
37
523
183
609
20
812
796
875
932
142
632
723
561
106
62
453
849
427
822
325
3
775
692
600
821
754
735
226
765
206
236
917
443
716
854
132
206
515
789
952
789
19
666
634
688
911
26
946
436
365
403
461
855
830
456
231
538
322
905
127
321
295
500
986
595
715
520
284
932
16
971
949
951
474
426
266
89
444
993
893
480
257
674
44
900
474
649
550
211
103
572
723
398
963
44
963
262
471
682
870
448
561
533
133
479
438
131
713
519
351
192
748
221
290
344
234
984
31
382
496
738
78
151
502
674
269
756
59
907
141
535
446
262
301
508
404
37
249
511
283
705
692
100
70
557
655
81
860
141
462
815
664
929
476
738
556
174
767
660
461
120
538
72
935
672
788
617
287
166
872
668
494
66
389
54
208
136
158
697
662
790
386
519
515
177
663
763
480
972
924
592
570
380
506
221
859
591
931
707
720
143
447
13
818
732
781
332
407
226
828
372
612
975
300
341
40
789
163
773
228
503
900
750
840
799
146
677
691
904
852
877
3
858
644
653
959
108
108
463
192
737
601
976
130
279
390
405
300
560
144
96
471
616
647
94
401
338
683
559
428
831
969
472
765
272
335
400
89
367
312
739
575
588
702
173
696
829
522
496
411
425
709
163
97
763
65
898
9
915
789
423
304
48
367
17
386
217
996
302
315
223
932
958
806
491
526
405
338
644
278
14
877
268
842
122
215
399
783
576
578
438
875
335
159
731
596
671
924
605
113
533
78
497
112
128
475
246
655
535
948
329
582
133
338
771
300
113
53
758
559
243
715
825
607
542
269
475
487
570
33
559
493
511
820
291
684
131
82
934
125
795
899
723
495
169
606
893
420
669
846
6
901
372
668
246
251
980
710
30
722
907
14
155
209
24
544
860
365
279
691
931
894
623
539
740
832
882
801
407
380
78
554
959
944
318
796
470
675
163
396
592
850
816
498
600
382
542
59
559
321
515
451
10
695
308
1
511
330
343
170
977
870
696
192
478
748
684
426
763
25
42
528
914
129
706
471
511
768
511
484
433
954
111
209
512
450
484
326
16
328
89
322
312
939
450
64
125
31
871
94
384
16
376
68
706
118
530
82
724
982
915
144
721
319
205
440
385
383
492
979
391
203
510
682
507
335
40
86
963
207
338
82
671
556
24
235
346
899
133
402
772
320
112
522
571
822
293
519
926
270
899
615
337
744
209
612
675
756
927
601
675
164
329
456
472
651
310
833
261
356
498
448
686
201
461
820
792
116
808
818
765
579
202
263
554
616
259
339
639
344
379
303
523
910
999
733
360
670
697
65
128
594
640
448
518
376
820
82
33
599
468
143
701
744
955
413
774
244
283
330
173
279
601
218
161
405
428
13
895
633
355
148
710
644
384
55
731
290
334
408
774
956
819
646
900
811
586
135
190
677
599
250
949
820
811
938
732
838
118
940
905
462
390
265
628
826
675
76
172
339
638
859
946
603
471
245
691
381
284
913
634
298
226
4
622
213
327
439
221
310
28
138
534
899
24
192
601
759
147
742
18
867
831
6
560
934
888
503
287
835
426
123
595
910
565
202
838
749
413
717
254
9
599
740
814
304
475
183
525
640
758
686
734
634
523
168
812
454
968
656
230
233
920
309
300
792
206
642
80
293
394
983
337
451
153
884
281
639
665
204
267
908
252
605
78
15
216
632
242
453
916
286
211
889
900
503
276
660
645
369
86
773
295
780
552
887
900
964
570
163
583
217
785
754
187
902
492
539
59
606
168
6
249
236
749
179
319
416
630
801
387
363
714
159
948
728
988
852
379
520
842
212
868
816
585
684
516
121
1000
23
648
842
445
90
45
299
947
217
130
782
418
505
481
933
926
664
720
672
333
913
6
866
696
82
162
945
53
569
917
630
823
238
768
737
723
611
357
967
344
292
537
106
836
134
55
583
653
897
53
831
863
861
902
348
51
631
370
502
649
780
526
461
223
269
155
779
973
7
628
26
744
418
494
90
90
237
419
763
665
539
494
464
2
150
628
818
765
92
973
175
460
984
694
298
585
270
26
386
560
913
581
456
862
269
939
448
251
141
543
481
456
621
413
767
200
310
242
550
608
152
241
933
127
924
327
389
183
407
886
919
471
82
132
464
434
861
851
429
62
238
468
136
679
99
793
635
818
655
213
692
34
767
647
391
672
154
520
729
504
169
563
637
145
637
618
787
938
850
975
424
73
983
189
985
357
155
595
847
163
268
425
218
81
767
548
173
132
438
374
50
844
218
151
194
887
807
45
398
979
888
87
251
476
54
678
291
118
807
989
446
645
933
205
950
889
994
168
929
241
45
681
630
23
297
987
37
73
557
150
161
408
656
701
335
85
339
899
45
419
422
919
653
937
634
131
506
647
120
244
878
972
534
555
145
445
258
994
570
459
274
381
978
675
633
706
469
823
279
54
643
942
41
507
327
445
713
989
732
168
705
608
857
338
345
593
619
65
996
140
594
949
6
97
213
335
542
872
464
568
477
609
713
952
686
664
524
604
715
22
293
110
325
319
438
372
133
276
647
448
270
493
830
311
579
678
888
511
688
388
286
261
285
230
184
197
798
68
679
519
69
495
533
532
342
897
434
437
928
222
819
378
311
726
208
793
327
754
961
774
912
700
36
771
517
584
274
809
305
750
709
453
89
181
567
800
115
954
695
565
971
547
389
242
486
832
61
44
553
662
380
804
450
139
409
511
539
255
730
115
330
623
211
835
7
205
906
314
481
225
375
847
269
641
353
45
162
154
187
579
603
1
708
416
871
404
443
537
896
323
151
585
221
609
776
488
109
486
160
335
855
930
630
821
443
692
517
696
442
285
439
62
844
236
599
488
550
471
412
450
351
412
876
162
666
233
797
227
645
710
161
241
394
578
879
121
766
997
627
541
113
483
848
181
285
548
164
379
884
622
644
129
793
628
770
882
246
718
978
448
382
551
540
193
861
409
305
659
961
592
338
366
342
928
193
517
91
49
711
2
894
62
846
898
400
990
275
952
885
561
225
639
689
185
352
861
547
107
285
646
886
970
422
446
641
188
248
834
995
299
336
85
834
169
497
405
513
701
182
779
258
850
617
728
281
769
814
940
802
238
319
899
904
463
33
570
607
687
429
649
476
433
731
965
925
158
659
865
140
523
427
457
851
100
850
52
397
966
525
155
280
298
862
193
863
159
833
189
35
722
136
39
569
85
986
199
44
690
675
231
482
294
13
4
499
435
394
948
50
46
867
610
599
664
580
454
792
833
986
222
796
348
395
253
482
630
576
111
545
743
213
793
138
649
998
621
501
89
671
398
90
892
835
696
190
986
181
94
678
550
793
15
538
896
895
784
792
459
704
31
951
938
122
239
590
249
547
744
193
651
956
578
855
998
772
855
695
970
427
439
797
124
743
760
357
93
858
72
306
412
569
514
126
191
899
359
715
42
924
642
714
381
322
329
703
489
275
232
137
437
868
220
31
626
13
902
685
305
624
20
357
187
580
750
999
136
352
727
527
899
951
358
240
804
674
468
775
414
445
949
778
845
460
659
763
761
858
702
661
120
133
673
151
57
117
669
23
809
190
285
610
914
295
399
563
637
415
334
809
764
880
241
196
458
489
2
396
959
497
77
190
160
90
477
165
227
839
640
812
659
916
780
264
418
145
688
782
174
984
328
984
610
642
32
290
14
940
952
954
412
359
179
355
999
689
488
920
631
876
214
619
768
244
202
323
521
696
752
278
694
41
690
667
350
868
68
974
108
654
525
769
995
492
525
990
980
98
52
77
346
218
599
412
899
178
535
34
283
703
453
70
718
415
186
437
886
571
644
38
932
724
538
818
360
309
109
303
426
30
300
181
267
387
360
651
943
944
748
118
886
106
551
915
738
877
623
189
774
202
72
968
365
93
829
448
240
437
155
300
473
293
900
76
5
914
409
786
20
136
486
154
910
645
663
978
611
938
373
778
552
357
122
409
222
604
699
446
912
386
667
98
547
991
781
205
352
548
318
142
42
763
193
623
252
159
302
339
344
680
85
509
139
462
938
429
991
492
97
680
29
434
478
181
346
337
682
402
197
42
355
845
384
270
292
277
96
722
310
821
320
133
911
761
317
334
424
384
123
37
468
822
704
725
401
38
88
755
857
684
645
932
187
427
335
707
226
840
592
20
358
307
250
278
932
455
739
909
679
329
580
496
702
887
95
180
486
153
97
45
358
626
868
530
52
267
444
100
847
691
17
278
636
275
775
180
389
466
238
590
350
375
213
68
386
450
658
208
982
539
268
257
939
809
199
749
402
523
384
570
826
213
23
127
496
643
334
410
278
4
762
727
593
346
127
325
255
87
891
654
158
434
78
771
571
201
870
550
280
416
420
41
603
156
943
77
26
798
542
650
586
97
769
378
349
312
603
342
57
87
113
469
873
929
814
839
898
454
53
571
390
878
862
808
415
504
968
151
303
977
587
439
56
513
18
461
869
335
536
498
714
410
301
516
365
172
54
426
819
305
439
50
227
837
934
428
159
54
704
949
413
502
684
935
511
466
550
971
762
761
527
96
484
290
327
919
889
704
160
609
498
261
473
595
790
232
972
285
440
570
196
586
874
699
408
681
417
24
589
525
137
246
461
322
895
212
697
520
864
896
583
838
687
567
313
579
627
181
597
270
172
528
941
772
548
822
724
213
214
268
121
548
453
72
891
841
67
913
702
661
959
642
298
498
630
425
676
632
74
866
295
284
420
38
462
541
916
632
912
68
690
587
559
481
622
971
584
70
146
754
469
916
951
154
410
285
98
135
898
390
750
723
49
654
453
144
381
73
936
789
686
170
636
836
291
900
562
668
814
217
924
245
895
400
50
114
98
242
961
823
957
743
110
405
192
182
917
968
561
174
314
484
840
625
912
900
700
108
214
51
356
789
83
132
798
529
823
802
140
649
490
40
911
799
564
288
433
187
838
772
141
115
120
378
931
457
352
57
511
842
905
518
927
600
369
241
200
374
780
342
119
898
857
749
270
872
885
387
632
34
307
582
635
238
758
287
164
90
77
49
264
387
683
231
495
668
448
897
725
511
63
225
690
138
323
831
164
397
882
624
862
871
3
840
741
23
151
171
702
420
608
798
208
47
961
52
252
148
970
541
314
608
911
622
277
420
473
217
707
425
955
858
45
411
633
115
198
868
825
857
80
123
334
975
114
607
563
246
821
553
771
862
428
149
940
56
994
825
810
674
932
770
683
204
314
766
418
468
63
946
614
214
56
606
76
598
559
740
267
516
846
270
650
3
622
806
206
718
538
6
924
774
201
512
339
698
739
971
480
702
13
188
212
285
98
744
582
515
743
886
318
103
664
859
789
151
445
584
77
231
168
443
332
470
889
2
978
919
908
825
419
591
667
8
568
815
287
298
534
84
915
743
590
173
985
232
747
105
444
349
229
446
853
39
961
355
797
946
230
443
34
92
375
101
423
265
877
192
353
412
218
431
760
279
789
627
837
428
597
886
84
849
300
815
419
53
597
976
372
49
846
976
764
387
215
451
810
735
7
356
854
794
551
363
213
297
516
514
798
274
950
126
144
102
512
474
863
636
29
854
8
230
798
216
967
814
973
997
727
562
65
632
679
495
503
163
18
238
543
909
406
84
842
181
636
28
941
803
518
963
673
158
364
937
42
56
425
796
856
832
470
444
889
133
892
561
897
435
893
154
658
372
563
246
603
873
471
811
511
992
460
848
806
662
214
95
911
1000
196
983
772
675
96
191
873
346
975
691
859
329
287
760
911
184
253
26
580
715
582
382
504
867
380
256
221
116
867
981
390
400
125
49
374
978
835
96
223
630
374
774
528
795
5
787
946
754
88
541
610
629
273
209
429
8
432
445
275
836
884
195
358
308
145
571
181
78
159
504
782
811
472
937
331
868
464
648
247
637
185
487
753
290
609
780
637
856
199
237
420
756
720
144
425
889
818
674
994
612
653
11
178
774
924
504
930
14
103
850
609
855
186
794
411
254
160
561
777
702
97
195
115
76
98
957
573
559
677
883
949
296
267
579
516
360
135
665
627
18
406
493
964
750
962
134
479
295
184
117
212
942
766
760
320
306
464
498
458
387
140
728
40
622
675
777
166
383
491
977
732
399
685
404
367
933
932
758
266
787
873
390
592
899
924
449
11
557
864
685
335
268
359
729
417
371
769
295
857
440
231
438
810
207
221
977
147
93
423
999
97
268
827
421
128
81
3
649
758
36
680
381
53
362
625
232
484
670
30
540
193
785
545
583
762
986
531
19
588
556
881
843
288
474
240
888
245
318
261
615
574
808
230
65
880
815
725
651
658
969
456
744
272
837
155
449
724
365
504
537
800
816
922
391
653
206
797
694
675
567
239
42
213
592
965
136
839
520
893
84
233
148
886
600
360
457
286
175
845
68
422
199
762
162
677
575
286
3
532
374
92
580
897
453
70
611
142
107
862
26
182
703
388
61
765
124
597
702
99
855
228
796
549
454
636
41
231
320
691
20
460
807
108
205
856
729
685
728
978
832
636
831
925
285
807
226
511
805
935
656
394
377
10
383
263
929
540
144
930
278
922
790
410
424
715
568
583
260
79
10
492
83
965
391
395
120
379
541
40
275
867
175
506
677
208
225
18
258
893
248
311
882
48
327
814
804
762
792
179
848
610
786
344
206
120
549
806
384
262
764
186
232
318
820
538
593
58
737
842
743
259
742
887
784
425
519
124
153
789
34
683
699
565
593
146
265
691
713
640
792
39
131
238
365
784
492
453
638
479
14
111
109
382
183
182
242
449
13
138
424
233
184
984
158
495
555
682
936
428
111
349
677
922
722
144
561
884
820
891
530
778
72
716
275
405
83
657
729
474
722
522
304
353
502
454
162
419
970
293
800
557
165
941
766
606
612
475
799
833
670
665
864
40
172
115
440
770
741
715
354
398
734
844
675
500
885
406
759
761
80
560
891
209
324
773
25
560
62
109
997
945
431
631
598
665
363
159
17
189
420
14
17
653
379
73
638
268
55
39
823
315
177
200
36
821
330
223
406
334
437
464
41
505
507
86
18
156
365
967
259
198
338
640
382
584
644
897
382
248
146
615
417
365
88
557
455
136
786
942
475
71
327
608
777
702
735
228
74
974
540
776
977
420
126
387
938
410
110
885
152
699
93
179
120
865
501
915
993
376
580
298
254
516
624
807
881
796
345
560
21
86
265
443
378
406
161
335
718
31
116
929
629
210
348
121
807
805
595
588
722
619
372
723
928
671
805
742
926
26
875
522
863
480
335
708
410
736
893
207
160
43
66
381
148
764
229
755
305
722
466
950
386
532
805
605
96
585
587
167
385
10
461
906
827
64
1000
911
767
384
432
752
293
821
164
169
853
892
559
60
448
684
619
299
293
119
418
493
131
162
274
9
955
297
628
486
164
636
95
932
210
149
489
589
680
768
511
90
625
533
709
475
226
59
732
961
236
405
297
248
169
417
22
188
640
190
960
295
110
807
782
139
208
87
873
672
760
159
970
333
497
216
252
960
77
170
796
134
597
465
23
571
779
467
208
612
789
371
380
441
86
561
461
640
781
487
728
977
150
84
874
507
310
634
3
339
447
210
27
629
330
856
828
191
641
52
665
536
554
658
431
70
92
875
20
559
164
654
911
380
407
759
613
716
675
120
424
682
940
633
897
414
57
501
190
770
932
733
283
993
51
760
470
674
44
897
366
337
961
42
440
782
984
256
661
282
96
495
314
903
352
810
904
874
578
589
75
497
906
310
794
741
178
137
404
493
817
402
393
325
730
580
383
230
157
846
940
676
537
52
718
116
783
661
337
813
337
849
323
925
367
18
263
460
114
689
284
984
556
99
487
123
411
552
481
998
517
659
661
599
863
288
598
63
258
529
5
114
260
886
319
565
374
818
416
478
761
750
734
563
834
611
588
360
562
670
332
259
699
423
643
764
84
850
331
690
125
144
200
721
73
582
810
176
668
333
290
66
340
861
259
171
897
411
131
120
855
672
820
155
767
925
916
740
702
397
660
996
250
484
854
345
305
64
891
704
787
73
212
219
726
947
993
31
628
780
668
206
314
868
62
665
116
950
788
403
525
284
407
275
127
421
351
167
937
609
605
156
824
417
512
588
626
333
457
379
939
420
351
943
61
434
854
561
725
146
126
709
118
639
418
583
356
203
291
13
589
842
367
550
176
838
712
18
6
629
39
477
634
333
937
763
355
632
854
207
775
829
982
402
794
687
917
108
708
865
121
423
610
823
726
44
458
957
789
532
545
740
957
244
38
801
831
81
674
904
648
461
140
158
683
424
887
786
889
521
922
497
462
529
89
506
269
202
244
561
376
79
439
962
726
918
308
592
898
938
805
407
593
649
381
761
297
736
458
225
897
324
223
250
381
771
400
240
426
953
313
626
317
658
61
373
819
940
890
424
865
301
757
377
284
915
554
535
33
448
285
926
5
982
736
822
762
302
845
433
299
468
988
676
685
836
478
486
342
417
750
687
549
198
124
492
394
500
701
6
624
935
643
637
574
995
520
477
479
533
886
890
516
917
613
56
664
815
388
742
576
952
617
369
111
847
625
351
41
921
12
283
924
208
704
115
895
753
239
821
247
658
996
277
242
724
973
113
258
69
15
550
500
861
1
399
971
569
844
637
735
441
703
916
581
777
646
367
40
760
220
34
788
972
795
202
633
570
816
17
869
461
171
475
387
232
247
768
817
790
432
667
7
526
414
953
372
393
149
469
22
942
92
417
775
189
806
604
180
181
300
386
314
181
11
517
221
653
327
934
271
454
595
328
147
92
377
239
98
173
65
56
488
492
748
586
770
185
197
720
280
531
48
339
970
312
449
461
519
201
325
700
445
551
879
895
257
450
976
591
237
711
772
724
623
199
237
849
70
70
873
38
696
131
581
388
503
513
479
879
545
267
390
227
91
984
803
966
951
323
753
350
967
455
52
648
569
194
657
797
269
926
620
245
47
202
311
582
401
992
834
898
632
657
623
731
649
912
633
146
954
668
460
41
797
436
882
549
547
617
230
798
609
682
493
634
22
55
256
744
105
906
598
410
678
624
392
213
537
830
59
54
826
201
193
430
953
319
180
556
161
967
773
193
576
275
476
244
941
549
715
865
698
293
926
351
377
789
983
203
612
659
437
206
463
29
637
812
226
504
89
502
372
340
991
213
607
608
926
273
584
70
21
126
788
469
768
583
365
405
815
951
928
655
874
473
352
813
752
755
262
617
624
924
317
683
628
733
872
157
467
659
348
468
786
847
119
675
350
18
635
382
518
156
969
813
166
753
156
573
66
582
578
869
218
825
180
481
146
427
335
146
773
151
498
273
615
265
426
109
636
709
246
544
684
778
70
246
155
646
948
984
104
713
110
238
483
863
675
972
416
749
334
798
701
544
11
582
18
850
222
950
402
727
947
846
957
245
531
27
894
409
835
452
339
39
979
545
753
75
184
865
828
152
250
174
471
950
709
791
247
539
555
995
12
306
939
49
670
478
65
33
701
88
986
763
217
995
692
252
599
382
794
253
588
965
59
838
623
473
599
455
811
353
676
594
226
778
88
536
563
358
729
495
551
863
307
112
498
430
592
714
844
784
329
816
94
208
498
177
688
778
673
433
974
2
873
121
888
452
985
400
780
32
90
174
938
887
883
501
661
971
28
553
604
358
983
337
604
38
12
420
966
32
467
840
515
614
760
431
567
444
980
574
893
636
470
479
158
409
345
866
393
671
490
942
964
590
966
401
123
312
373
815
424
816
334
299
881
552
155
858
663
817
505
543
728
123
344
638
784
885
421
555
309
519
46
578
44
1
991
683
126
597
151
970
762
272
979
258
94
789
874
72
736
681
689
265
520
889
215
845
589
252
795
845
693
675
263
385
130
293
167
771
418
159
963
129
144
44
611
848
343
384
421
354
927
29
741
968
734
555
325
612
518
726
479
53
419
227
350
538
896
969
805
202
372
713
468
498
318
926
300
202
579
175
709
386
32
610
769
300
661
667
560
995
542
891
962
133
285
989
109
680
62
997
778
569
269
590
345
471
598
831
684
639
55
288
878
819
554
443
185
461
163
718
127
291
984
122
848
678
285
526
958
418
766
143
784
784
975
635
159
523
367
232
501
130
17
133
531
252
456
354
15
699
511
399
356
570
594
684
752
743
562
481
26
222
974
792
675
147
509
821
454
1
286
880
918
905
707
198
891
118
782
860
122
665
755
288
310
131
82
660
114
630
57
936
656
559
939
21
338
962
863
346
167
486
783
122
494
997
839
53
74
113
710
188
781
394
463
842
143
566
750
760
722
299
97
93
195
511
700
549
891
557
134
859
280
653
283
982
81
785
989
926
862
562
149
380
502
22
862
358
674
603
356
3
208
91
186
986
413
523
659
329
335
621
547
733
282
682
160
819
358
475
547
616
916
576
964
581
592
609
581
358
270
802
484
679
659
761
867
884
323
363
514
223
591
616
720
22
219
667
605
414
422
721
426
920
259
613
489
260
145
291
846
124
551
265
751
14
64
106
892
902
621
415
727
697
765
67
577
944
60
687
753
540
229
121
293
849
974
491
230
431
37
268
381
321
910
291
186
59
854
771
582
743
785
534
1
73
847
717
242
403
20
905
942
927
806
266
136
806
916
486
399
636
199
756
57
765
451
727
399
316
452
124
958
782
726
110
706
914
462
330
319
767
820
11
369
544
330
199
153
477
278
551
88
807
701
702
810
875
125
36
990
326
9
104
193
257
318
194
594
711
308
913
974
494
998
246
70
124
738
370
573
305
128
873
623
672
711
190
31
870
191
424
244
961
274
356
521
426
528
717
272
134
479
851
419
727
183
179
686
925
433
601
514
307
470
662
881
444
223
106
413
136
811
998
522
56
993
86
78
230
56
554
379
733
6
102
729
259
62
67
877
856
720
741
993
624
62
611
447
113
957
613
407
210
709
993
822
963
125
89
897
995
404
378
966
829
540
381
444
921
821
819
664
142
349
728
780
851
713
68
58
190
916
963
737
952
193
447
279
338
179
76
442
425
811
874
686
907
681
908
406
432
567
18
262
362
769
81
414
588
769
731
187
696
877
467
293
758
235
486
816
481
292
849
163
504
532
338
605
571
692
124
460
228
52
707
12
879
301
585
262
689
891
476
131
227
979
2
400
300
13
702
439
406
565
124
91
583
411
173
727
173
168
635
969
644
625
437
880
585
359
20
641
971
417
283
166
110
533
456
971
549
206
944
779
251
979
194
804
740
35
854
734
569
991
527
181
572
475
568
860
861
136
218
306
329
980
955
895
214
632
607
532
651
71
918
930
413
114
456
529
868
742
928
834
232
719
718
861
151
851
95
448
501
500
362
423
97
271
949
265
921
435
860
301
220
529
282
701
886
119
466
935
17
290
24
896
916
424
462
847
643
957
854
944
676
804
319
307
48
829
315
413
539
664
848
115
969
683
82
600
227
468
275
551
458
525
301
922
428
433
734
542
574
515
333
969
304
943
493
637
707
270
300
535
247
532
402
804
892
466
899
557
691
914
271
619
50
904
638
447
480
622
771
542
797
637
998
413
602
826
174
187
938
239
989
704
637
990
232
518
171
838
506
508
347
228
540
268
193
901
245
425
299
619
759
216
788
352
599
153
70
756
711
22
970
481
712
846
472
332
925
383
500
298
529
431
789
795
177
762
768
30
520
238
259
768
281
583
368
209
318
532
65
810
905
646
799
839
476
67
107
604
602
185
364
441
344
415
495
85
87
45
405
443
84
566
600
355
213
467
275
309
607
483
722
802
368
749
820
965
752
285
795
761
88
222
67
372
515
67
251
190
275
375
232
263
917
670
487
335
5
653
798
287
237
370
871
61
440
873
896
253
939
926
154
53
323
375
201
872
878
6
784
853
688
179
369
556
45
912
747
99
806
311
200
420
548
732
258
47
70
29
320
349
93
766
475
471
178
506
926
848
646
438
561
164
24
333
880
162
924
987
873
343
444
457
833
200
398
673
922
458
626
773
584
568
286
260
733
331
768
430
673
821
626
797
242
318
723
876
446
343
267
886
159
832
232
69
240
68
632
130
804
217
837
419
292
977
37
866
131
497
956
586
802
341
163
164
15
515
40
254
618
10
193
381
356
97
573
147
355
213
470
677
74
565
894
596
396
54
187
500
286
540
703
976
176
306
613
237
635
574
249
890
342
77
230
909
7
56
498
490
998
750
512
908
895
959
550
295
431
284
965
579
775
776
663
749
565
720
702
896
700
733
536
713
585
193
345
390
130
849
268
36
759
593
579
156
334
506
93
187
635
316
975
679
764
998
198
880
901
18
791
537
446
829
491
365
195
5
794
347
201
445
967
676
415
13
706
499
179
724
372
977
950
543
670
712
935
123
691
219
453
488
120
69
772
294
368
837
149
910
358
757
936
632
153
44
810
746
20
424
236
526
748
783
867
715
985
473
787
859
902
179
175
390
116
965
838
887
330
206
117
911
379
755
696
510
892
782
1000
262
67
488
189
896
747
782
527
857
830
753
957
144
799
788
125
802
813
941
810
948
297
499
46
27
385
587
499
944
925
521
782
245
690
10
743
934
887
751
916
512
318
298
820
656
121
293
713
466
774
486
947
891
71
826
528
329
406
35
814
67
216
959
814
144
641
604
242
9
19
571
851
901
289
866
409
234
282
534
47
275
920
520
945
809
632
265
717
521
824
504
952
286
890
746
580
165
101
887
142
847
160
962
954
277
328
272
374
376
811
318
16
225
788
141
329
359
303
820
122
613
99
361
622
816
786
176
254
178
608
216
61
746
211
597
427
553
356
563
531
434
946
142
374
466
330
598
212
812
651
267
606
201
993
609
369
191
100
286
35
465
674
748
517
914
163
108
560
221
250
85
998
818
921
318
413
731
550
196
513
940
59
698
140
259
363
662
616
638
75
447
865
473
392
654
75
686
9
230
710
395
853
46
839
703
394
516
265
814
386
21
455
844
261
646
247
891
384
720
815
151
953
418
903
5
462
246
151
219
940
292
547
233
678
607
304
554
441
196
276
778
268
692
567
141
385
999
485
3
400
456
643
120
372
408
139
414
502
820
264
976
702
722
194
778
971
75
495
370
411
564
121
952
539
126
413
166
674
813
799
216
447
151
828
542
101
439
425
713
779
84
279
74
438
114
21
801
447
312
505
598
153
202
14
182
70
878
811
980
862
224
59
237
274
434
695
86
849
950
77
464
271
545
741
398
110
477
283
32
476
26
437
114
33
196
538
168
518
184
831
741
164
773
548
498
939
820
840
613
785
640
402
670
833
681
363
398
245
445
310
10
963
963
507
991
539
477
719
25
495
199
751
964
686
809
8
829
738
735
536
715
981
653
338
912
967
739
741
680
410
960
446
60
467
7
763
725
936
968
805
379
908
333
120
909
987
285
396
475
916
941
190
143
600
943
722
228
698
62
435
579
658
513
666
772
905
625
911
456
395
235
978
83
838
252
621
563
83
986
86
881
508
902
368
96
712
416
87
902
828
406
698
897
398
621
598
639
255
669
567
103
300
453
312
974
56
404
809
872
971
831
621
616
666
717
804
297
704
545
83
710
396
666
474
239
382
196
752
999
127
618
494
242
413
218
35
323
456
153
746
852
95
791
142
130
11
932
609
804
495
514
991
28
445
836
578
973
615
798
47
433
408
828
314
433
315
971
399
239
169
101
666
703
524
875
184
187
703
693
756
150
713
58
216
71
443
56
546
752
246
538
542
602
660
410
443
86
557
945
343
345
48
208
228
925
649
449
807
722
768
777
558
12
14
793
685
852
925
553
577
501
284
323
255
473
243
785
499
915
794
797
623
396
114
340
874
656
632
651
358
523
280
807
601
110
826
786
570
274
565
962
662
488
902
497
186
149
245
265
477
301
60
192
317
645
422
481
288
923
136
946
262
44
456
941
284
600
372
950
506
65
652
54
839
658
824
134
528
136
243
609
287
597
509
217
104
41
945
15
667
475
910
237
127
479
324
736
213
440
380
664
893
399
705
255
497
236
948
968
170
87
769
173
980
783
802
209
901
622
262
708
183
757
384
395
722
855
882
779
348
491
616
293
711
210
409
168
654
719
790
942
863
760
130
914
991
131
338
53
89
642
54
666
119
757
909
780
942
213
13
929
254
687
891
603
629
20
596
254
174
827
213
538
266
465
817
401
84
238
318
684
879
133
802
693
758
357
818
653
135
788
450
539
693
751
474
38
925
728
369
233
450
243
183
59
300
96
564
640
362
768
189
97
771
692
599
317
357
547
45
195
990
373
957
648
100
357
813
352
143
30
763
791
961
455
372
90
887
926
589
641
854
723
574
887
171
680
946
66
360
20
136
994
875
200
234
453
50
799
155
172
893
944
685
187
208
820
149
792
881
88
275
765
252
71
117
451
603
439
362
877
215
24
375
464
409
399
731
579
479
661
450
246
893
485
266
568
415
487
619
656
71
63
862
166
37
832
451
828
836
585
516
179
37
610
677
663
967
243
260
589
945
347
233
238
699
784
359
593
39
266
177
605
470
461
98
222
972
79
972
547
297
796
64
177
436
201
173
273
572
319
637
492
896
35
382
238
814
788
384
201
784
516
77
194
755
305
257
856
590
880
64
814
857
815
935
988
44
813
441
381
784
129
341
459
9
102
642
289
913
622
854
987
675
362
426
862
812
300
48
654
695
401
753
38
61
896
363
301
301
130
201
706
520
656
844
947
531
426
380
926
547
435
649
326
466
975
618
130
194
983
556
822
239
517
98
300
469
361
336
84
846
152
355
151
431
632
732
227
598
456
138
458
766
684
536
52
513
97
768
430
360
357
22
206
980
704
505
364
755
881
754
953
319
876
140
264
902
614
11
278
336
221
435
783
247
98
250
450
993
21
101
806
299
497
143
915
637
44
577
699
197
190
719
23
264
132
96
738
249
550
504
78
581
774
240
845
170
32
843
670
704
404
38
575
926
795
990
750
82
157
701
822
342
374
790
966
794
53
368
845
277
368
553
420
143
646
817
426
634
297
966
465
6
387
184
500
905
441
696
645
641
738
966
508
909
239
967
31
607
727
818
783
787
871
977
814
358
634
303
170
461
908
571
490
231
780
765
772
251
100
420
856
528
456
537
287
290
568
415
92
996
628
794
7
865
784
841
489
320
462
30
477
976
556
873
127
136
476
715
251
954
404
446
740
923
446
297
283
682
887
787
968
45
804
299
887
475
217
438
112
978
511
464
723
677
158
718
937
344
630
63
238
636
491
274
726
441
624
304
94
865
837
921
736
506
40
366
855
289
962
459
145
977
695
695
991
352
642
233
870
158
296
897
740
251
591
972
580
947
852
911
786
424
510
261
233
589
696
65
709
931
960
118
128
830
39
47
128
387
40
332
638
142
487
985
887
665
746
136
893
957
210
417
827
868
524
516
158
866
722
989
737
150
116
390
973
430
527
929
558
284
442
780
2
733
740
302
889
765
687
460
158
522
731
76
101
207
28
629
354
437
235
938
861
514
346
495
732
121
584
334
167
11
739
865
129
384
46
175
654
136
658
439
144
366
768
272
556
613
352
218
721
292
762
184
122
490
124
103
63
665
477
873
533
763
501
729
578
905
649
32
102
953
250
59
829
891
151
327
565
400
249
930
104
898
704
986
308
533
920
250
975
500
671
824
323
48
705
103
360
744
523
197
587
823
754
161
135
305
454
877
408
988
704
214
897
517
538
233
830
954
438
690
243
370
890
193
4
404
421
213
957
943
240
453
980
130
934
44
894
631
221
126
281
30
203
90
310
943
423
153
70
956
407
211
756
557
63
917
729
398
669
861
587
592
372
995
435
355
423
10
565
802
498
999
553
260
388
538
316
767
282
875
303
560
812
933
923
931
312
411
840
189
646
897
738
261
367
51
942
686
86
395
192
604
131
365
632
798
863
990
951
994
936
112
440
624
659
513
5
791
328
418
963
942
441
330
135
744
912
937
737
918
272
343
360
601
292
278
481
479
198
172
287
531
165
194
881
751
245
335
163
171
17
634
666
895
333
370
959
991
777
758
600
357
661
833
721
267
321
779
235
291
200
356
59
208
283
306
449
335
587
562
791
432
801
858
916
265
596
739
337
569
777
634
471
742
849
1
310
171
616
11
213
58
4
113
723
567
957
488
864
228
908
930
192
200
100
253
218
308
229
82
189
934
674
727
662
199
38
8
900
493
664
804
789
803
97
205
387
750
837
999
175
412
161
155
154
588
617
808
989
642
155
418
385
369
569
997
732
484
977
723
111
612
243
747
145
935
369
521
998
666
275
996
304
754
101
431
374
568
884
865
195
459
471
672
227
492
912
45
256
10
654
840
237
274
721
95
315
104
192
912
213
118
312
107
512
482
110
456
415
322
795
441
656
523
339
783
973
320
195
962
397
681
752
477
877
778
830
660
414
660
945
181
521
155
716
498
658
236
605
246
747
147
60
975
526
759
700
45
105
796
6
317
117
790
185
830
771
594
125
84
616
407
782
921
126
301
11
135
489
800
881
205
392
777
958
949
641
995
52
51
256
776
987
337
918
902
928
721
999
247
853
86
533
963
616
842
882
611
776
381
3
145
552
216
699
580
140
73
839
993
301
124
578
690
475
113
700
303
986
901
946
718
146
623
236
458
84
920
884
405
532
100
427
469
341
370
711
287
418
918
598
643
71
498
53
794
718
860
415
661
875
494
98
827
842
232
9
728
293
822
110
28
888
955
181
19
180
53
596
182
68
550
521
538
6
565
243
875
411
589
685
591
565
817
946
605
33
449
395
355
225
941
654
689
744
300
630
614
937
356
631
498
837
101
525
531
172
433
346
569
44
778
581
208
854
244
321
728
593
471
566
531
215
894
411
996
628
119
90
420
957
613
773
984
882
513
124
76
890
506
345
591
9
989
779
732
770
251
213
472
126
551
560
665
786
40
567
335
904
581
369
953
774
616
339
504
943
475
995
785
527
492
329
959
48
799
946
536
35
291
71
587
654
901
861
651
905
467
995
114
167
774
555
988
601
476
440
600
87
510
666
424
57
470
447
342
12
750
134
220
773
666
911
835
697
966
138
176
92
671
899
897
302
200
316
762
476
981
856
506
895
477
139
691
595
454
6
386
817
950
362
176
226
713
263
954
194
819
751
660
185
831
610
291
649
717
482
256
731
277
412
443
414
714
75
917
569
638
221
274
245
35
96
103
164
898
365
883
193
410
653
634
606
615
698
333
421
378
897
183
662
767
729
528
694
323
166
187
559
99
30
724
583
90
527
308
646
399
512
251
535
530
876
757
331
941
824
32
176
187
940
636
371
821
172
462
856
913
555
607
845
25
676
205
639
862
323
615
91
574
766
135
454
997
947
163
608
984
755
779
727
483
445
305
177
375
118
356
585
70
845
6
61
54
468
603
781
485
816
288
833
254
309
134
750
90
738
790
400
238
616
772
52
318
368
53
154
535
904
76
676
68
16
651
594
871
833
812
380
740
203
869
469
746
668
989
999
655
24
521
220
631
964
691
542
337
952
883
151
681
498
703
771
611
129
572
278
75
275
395
812
309
169
198
223
298
45
671
389
352
251
730
300
988
92
231
739
578
701
989
794
326
414
475
759
414
275
114
91
744
51
227
463
342
689
522
561
645
147
15
297
277
773
640
451
743
968
674
864
837
691
344
771
623
419
984
953
152
165
552
788
246
966
513
390
626
982
6
845
679
211
223
660
869
679
978
918
255
543
796
713
367
769
648
580
584
490
73
971
195
709
425
131
138
888
159
182
993
988
555
427
771
713
316
894
183
928
239
902
578
147
370
903
632
637
993
693
308
984
479
817
872
397
288
173
709
942
296
788
325
1
981
914
706
581
146
867
551
54
671
291
400
712
837
795
737
957
511
856
478
972
493
28
971
284
871
560
201
156
562
472
847
834
20
801
537
111
754
875
191
246
889
855
517
260
824
456
96
263
242
474
571
470
652
986
788
344
480
325
991
844
22
346
705
386
347
258
127
971
189
460
659
954
930
214
525
845
17
67
997
354
175
881
774
477
469
898
505
110
969
646
484
346
590
972
786
403
496
1
122
809
36
986
185
630
864
338
292
527
950
520
161
999
100
493
126
148
622
175
567
999
567
713
956
475
220
646
194
941
299
492
584
126
35
764
702
302
833
774
643
419
494
418
471
491
90
631
533
568
233
600
597
769
619
835
475
462
472
191
908
410
612
614
437
282
699
305
837
310
327
979
92
822
353
627
212
783
507
328
684
658
244
571
850
847
962
189
905
248
675
816
282
960
173
787
922
597
734
470
126
23
669
655
755
296
833
366
988
959
80
953
573
506
821
139
699
859
140
611
860
750
560
183
425
854
640
894
600
169
382
511
362
559
803
164
643
849
396
511
98
527
421
554
397
954
263
833
520
392
702
689
382
140
276
581
847
810
302
112
498
712
834
964
224
989
562
899
547
43
193
235
628
391
803
17
948
797
994
932
841
531
316
835
77
486
544
553
17
752
974
516
849
465
620
57
138
868
170
418
779
798
387
671
873
888
282
317
721
132
513
432
9
925
539
953
154
261
659
386
131
337
387
219
302
920
435
639
246
541
496
820
102
990
658
615
869
582
341
864
677
109
2
912
66
757
1
802
705
718
560
875
168
141
460
438
943
602
618
471
971
417
938
112
542
582
194
503
360
726
395
21
226
912
23
822
799
103
453
982
870
371
784
173
236
925
493
455
521
733
575
86
682
674
989
108
785
211
313
998
60
991
443
269
196
659
909
955
849
294
824
179
266
212
887
434
333
54
143
240
59
545
22
300
797
471
305
693
920
43
480
232
153
96
655
1
784
726
949
854
377
327
275
909
623
320
255
599
237
558
351
191
601
940
982
229
654
649
450
395
440
932
128
533
745
249
302
670
736
423
459
883
644
252
64
244
417
947
433
162
101
555
19
88
570
947
106
105
991
634
311
682
584
187
768
587
485
496
790
351
395
714
56
66
971
11
677
954
719
985
988
373
292
752
359
34
672
139
514
240
256
892
853
537
713
802
300
764
596
242
502
807
782
908
505
405
49
471
977
807
496
462
108
435
558
246
25
266
780
765
874
516
549
225
878
838
703
411
620
994
704
549
675
730
109
636
102
234
653
238
83
646
312
784
693
784
584
253
408
55
608
803
828
343
227
329
315
590
566
936
704
797
244
815
477
724
998
715
863
947
305
700
2
188
897
