24
11
1
52
42
191
157
2
19
45
5
398
272
317
113
56
248
52
46
12
12
137
13
3
2
9
157
18
4
51
19
60
19
76
24
2
35
1
1
26
186
324
95
374
5
27
62
4
32
39
168
28
54
3
78
1
2
31
1
85
305
168
3
157
27
267
8
164
7
3
13
18
266
7
4
23
6
347
18
2
1
3
268
1
8
119
20
4
15
12
2
4
53
109
40
1
290
3
249
1
54
22
348
3
11
2
13
305
7
164
3
2
349
7
332
216
21
313
27
7
24
1
1
32
80
413
11
95
86
1
33
1
231
2
56
3
1
2
79
7
1
11
46
4
243
23
3
51
5
224
21
63
1
3
1
130
184
2
4
7
173
446
1
17
1
26
265
22
83
1
25
7
1
34
131
4
198
1
26
369
10
233
22
19
40
4
166
8
8
53
95
101
2
2
113
1
20
414
1
36
131
203
7
111
1
1
11
130
72
9
17
4
4
132
120
2
15
1
1
1
16
428
25
36
103
26
35
2
3
3
17
56
1
2
1
1
138
8
5
449
21
124
45
14
11
136
9
432
11
2
3
6
14
5
1
8
7
309
2
22
33
5
4
78
384
7
1
18
3
3
450
187
6
1
2
10
22
107
224
11
43
1
11
6
2
67
7
8
7
142
2
4
1
103
272
18
13
30
1
9
151
88
1
32
2
461
55
3
57
1
202
43
1
2
193
3
1
8
210
65
2
280
4
1
299
34
22
2
7
12
1
68
314
18
17
4
15
19
9
47
23
147
2
195
2
213
19
338
1
379
4
269
41
22
1
52
10
3
5
262
1
4
125
19
11
51
85
7
48
1
426
1
183
55
1
47
60
1
3
15
18
84
3
1
3
13
2
35
2
10
131
18
2
168
1
34
164
4
279
14
31
228
32
27
157
10
2
6
1
118
4
363
24
6
4
9
20
1
13
29
393
36
78
5
7
28
4
2
22
122
5
1
1
1
36
10
277
3
6
7
36
81
1
168
273
208
129
2
15
131
2
94
4
25
102
8
3
1
15
9
7
1
25
7
345
1
41
3
1
8
92
1
21
6
3
2
2
1
10
1
24
4
307
86
60
1
33
98
13
1
264
4
1
1
120
1
1
1
219
1
17
20
37
32
2
149
237
66
4
47
4
4
35
462
53
2
8
16
1
136
1
361
8
45
109
296
9
120
1
2
21
1
2
9
157
206
6
23
4
4
67
65
4
33
14
1
1
92
37
1
29
443
69
21
5
4
136
62
179
69
2
3
66
25
1
1
4
189
259
8
102
232
53
402
75
131
104
2
4
89
25
10
30
29
3
7
21
159
9
83
3
248
494
5
5
89
190
375
23
17
6
151
310
49
1
276
42
54
231
37
1
14
6
42
111
163
43
5
43
373
2
326
1
14
75
98
60
63
25
90
113
5
214
1
60
41
2
3
20
1
23
1
16
1
7
1
267
472
26
8
13
83
2
412
41
270
15
193
32
1
4
330
188
1
2
29
420
4
405
31
25
38
5
3
467
1
78
2
1
4
23
14
7
40
193
78
1
5
11
183
1
1
3
389
1
1
1
408
79
103
12
44
1
11
14
7
9
5
6
132
34
16
7
11
402
9
397
3
1
357
75
39
217
42
10
4
5
346
98
1
10
3
33
31
50
2
3
1
71
2
2
412
4
1
240
1
3
22
2
90
10
1
2
12
5
364
3
6
253
145
24
5
4
22
4
320
19
12
247
243
3
119
9
3
14
1
48
25
13
104
54
67
229
13
57
193
1
224
150
2
16
6
3
192
18
3
12
5
35
299
1
95
307
38
43
4
142
15
1
12
16
51
191
32
12
175
3
1
370
16
251
1
11
4
14
2
2
287
4
142
13
2
17
13
3
1
12
8
33
8
6
3
18
1
263
127
13
231
14
1
6
65
12
113
44
477
9
28
101
56
8
12
57
18
5
1
138
70
2
115
125
249
70
126
292
12
2
23
336
10
498
164
152
9
42
61
24
33
70
264
5
21
33
340
18
34
8
11
6
59
14
1
1
1
11
29
73
216
3
16
3
146
1
1
455
3
1
2
27
126
269
1
181
3
3
17
130
10
23
48
1
78
1
21
238
295
66
7
7
5
95
4
122
57
1
6
24
9
3
2
3
7
113
14
481
1
1
17
46
13
15
448
1
1
161
256
1
1
110
3
4
3
3
3
10
74
117
6
1
472
180
1
31
43
6
37
1
131
220
157
3
1
6
10
8
64
175
197
15
135
2
304
38
19
2
41
7
1
1
69
62
1
2
397
4
21
3
2
314
11
246
493
3
14
40
187
74
27
32
243
3
82
60
4
6
87
46
9
132
208
1
25
44
4
59
5
55
34
37
58
4
75
6
169
18
3
1
3
25
1
41
104
465
2
1
290
10
14
1
4
3
143
1
3
5
348
9
1
1
14
93
13
213
192
166
5
34
9
1
2
7
49
1
158
1
21
1
1
9
26
1
41
1
4
1
99
1
262
3
55
11
9
17
16
33
70
171
79
46
8
2
1
6
3
6
4
71
6
10
1
2
20
10
202
46
1
66
1
166
4
2
124
418
4
8
411
15
3
202
1
2
17
2
2
28
40
10
1
11
112
1
114
3
118
1
280
1
54
2
1
1
61
10
174
102
15
102
9
10
1
1
4
1
69
1
8
102
186
24
5
1
166
5
106
104
33
1
25
120
14
11
1
1
44
65
8
1
32
285
19
11
2
5
1
3
24
433
3
11
2
1
2
2
408
101
24
216
379
2
159
293
133
1
116
17
2
1
46
2
35
138
20
3
3
279
6
3
17
1
6
370
2
10
1
3
161
11
231
53
67
5
167
2
356
4
220
90
160
1
38
205
18
1
21
3
100
28
72
2
401
172
397
3
168
1
302
2
334
492
2
188
144
108
288
2
14
1
1
73
6
1
7
55
285
12
2
1
395
11
359
1
423
58
13
1
38
148
441
303
1
9
5
1
2
54
4
26
7
1
19
1
6
11
18
162
30
48
114
3
29
2
1
193
7
11
32
142
344
31
11
6
11
16
113
78
83
96
317
43
43
31
15
239
13
12
70
4
4
4
67
7
376
442
9
195
255
12
1
1
84
2
80
29
32
170
1
85
1
5
4
80
26
7
443
349
118
1
29
12
2
26
272
1
10
96
4
228
29
1
4
74
3
1
94
16
112
23
4
84
2
10
2
45
26
18
17
5
17
13
4
14
48
19
8
339
46
8
89
44
194
46
1
186
173
1
1
24
465
161
1
237
13
1
322
26
258
112
10
201
188
3
2
1
191
2
4
12
5
46
93
48
31
1
55
86
95
1
35
44
91
2
258
8
212
8
100
136
94
1
4
193
63
1
173
454
4
10
179
46
111
4
53
32
5
1
54
4
10
51
27
4
9
34
1
19
3
1
1
12
67
45
3
14
43
397
5
1
1
26
7
5
149
3
6
328
283
217
5
1
21
372
1
10
5
127
3
349
477
1
61
11
6
3
40
14
470
51
108
3
61
34
5
1
20
251
1
1
236
29
62
222
109
453
7
3
1
251
1
15
50
31
3
3
1
443
279
4
51
494
1
272
33
3
89
499
23
3
14
173
5
2
23
33
347
11
12
60
44
1
47
217
7
1
54
394
1
4
19
92
120
15
24
1
3
7
247
7
7
49
6
7
1
50
21
69
6
95
2
432
21
68
28
33
97
2
3
45
1
163
129
90
37
59
1
16
5
266
4
8
6
19
458
185
4
7
1
145
72
38
1
7
281
8
15
5
235
1
21
226
432
33
3
5
10
3
6
1
66
9
7
8
2
1
65
2
172
17
3
2
42
18
1
2
15
5
4
9
1
109
4
26
32
210
9
28
5
7
249
384
20
25
8
12
12
1
3
2
255
136
1
61
27
4
79
85
4
16
18
2
8
61
7
2
1
10
96
12
6
29
112
4
385
468
72
96
16
4
88
104
3
6
256
158
18
1
19
48
31
200
102
31
43
1
243
11
206
5
3
280
154
1
2
45
237
444
136
10
47
192
49
421
100
32
1
1
216
3
1
1
1
8
1
451
93
273
66
305
4
26
8
25
4
1
4
3
169
46
109
4
322
12
2
21
7
1
5
8
413
1
1
11
12
2
1
1
1
67
2
18
78
10
1
32
2
40
49
1
1
5
18
76
2
1
6
7
53
14
42
2
401
1
15
5
7
2
21
85
4
224
87
17
2
2
74
307
126
400
15
19
37
6
457
5
119
5
1
78
5
5
16
3
240
11
146
284
119
2
321
317
1
24
165
439
2
2
1
1
16
18
38
280
94
13
137
8
30
1
5
387
1
1
379
490
16
1
3
2
162
1
2
135
1
1
87
123
131
1
215
2
5
1
21
3
9
30
3
108
68
151
3
51
1
97
2
18
90
4
30
1
11
31
8
26
1
11
3
49
49
3
414
28
11
128
3
9
23
4
42
83
17
114
455
1
294
10
282
105
180
23
2
411
17
419
7
1
3
39
39
78
2
211
3
1
29
29
17
4
11
175
161
7
266
11
110
94
72
194
8
1
447
49
5
3
2
129
57
88
465
236
42
100
169
8
5
104
1
8
101
79
8
1
1
18
1
19
343
1
66
18
72
1
6
3
26
5
2
187
433
5
53
78
96
5
4
476
118
1
124
107
439
1
4
12
2
194
1
21
122
1
63
201
332
5
3
476
349
70
1
56
1
467
15
1
2
14
32
20
3
1
1
43
232
16
135
8
29
305
1
1
22
89
5
1
4
2
1
86
8
1
106
2
1
468
33
25
97
10
279
23
25
9
11
15
39
38
88
11
21
132
75
5
467
9
39
11
19
7
287
26
1
17
63
13
4
6
86
269
369
23
366
12
219
321
11
421
6
2
10
15
19
3
1
490
30
221
13
81
3
16
13
2
1
13
21
213
207
2
1
102
2
72
1
2
1
39
31
1
56
1
55
1
5
1
2
4
3
1
26
6
148
8
236
153
373
1
159
5
3
24
287
1
270
5
49
33
3
7
4
16
212
2
35
17
22
14
389
7
1
5
1
73
23
198
39
6
1
2
369
151
2
7
118
1
68
36
18
186
1
15
5
13
22
134
1
47
330
15
9
43
2
1
41
2
263
146
1
43
83
1
5
120
2
7
2
6
11
124
478
3
4
1
74
33
496
2
38
16
2
5
2
3
2
26
2
18
317
1
10
79
1
198
1
31
1
148
121
36
3
1
59
20
94
4
87
1
257
4
30
124
499
1
8
1
100
5
2
8
9
41
3
11
18
172
309
1
364
69
138
4
1
6
2
98
1
191
1
18
171
33
88
12
15
3
20
126
4
124
1
1
6
22
433
259
2
1
39
7
14
4
1
12
2
98
27
4
266
9
8
5
208
42
27
7
6
427
5
35
25
59
12
97
2
3
2
1
392
9
1
7
2
1
31
1
10
1
2
32
481
69
2
1
86
38
1
167
49
2
2
22
39
4
1
1
4
1
346
216
40
8
3
5
83
86
394
7
8
3
12
273
6
170
1
488
91
1
234
102
114
246
2
17
3
472
5
2
3
17
1
1
467
77
18
58
134
104
109
2
259
41
69
88
1
3
263
52
62
13
3
6
439
6
11
16
13
17
68
6
7
12
11
1
47
87
12
410
26
2
1
4
9
1
20
14
7
84
1
3
2
204
47
35
9
5
3
4
181
411
40
29
5
30
90
4
2
336
2
1
160
1
35
4
35
4
4
2
4
62
10
98
5
9
77
272
11
71
250
56
16
3
2
3
120
1
124
41
12
41
14
1
120
1
4
1
25
4
180
7
2
90
16
21
2
39
2
38
10
198
80
193
1
487
1
78
109
8
1
23
6
53
25
47
3
1
215
15
4
2
1
2
1
98
1
92
89
29
417
158
35
116
11
2
234
69
1
46
1
7
2
109
6
33
91
359
87
255
6
26
32
361
10
325
2
140
49
87
30
112
147
1
52
303
30
18
1
16
1
246
298
18
435
5
13
25
346
30
148
72
1
2
5
2
122
1
7
1
140
6
22
1
1
2
31
1
16
68
46
1
166
4
24
5
1
459
5
4
6
44
8
4
443
17
3
14
114
32
220
167
190
69
4
35
1
3
3
48
2
231
14
158
5
3
1
1
7
1
15
95
126
19
14
5
4
350
1
1
4
5
1
72
1
5
19
1
217
27
2
162
260
7
1
13
1
2
202
1
36
5
120
37
16
320
19
372
482
6
445
101
339
235
1
314
160
56
2
210
61
96
2
5
149
2
347
2
6
3
16
8
20
38
78
1
145
4
31
11
456
114
41
40
59
29
2
1
17
22
73
414
65
6
1
275
1
2
244
4
104
56
32
83
2
70
29
4
10
367
22
1
1
1
1
10
170
20
8
1
65
1
86
216
13
4
171
3
235
85
263
1
186
445
4
2
206
297
39
4
2
5
355
2
2
10
1
140
102
41
6
3
47
6
354
50
435
295
36
14
33
83
18
29
8
3
1
5
1
8
252
8
271
373
19
1
177
495
106
66
2
70
19
1
16
9
443
3
390
22
1
8
19
1
389
6
77
145
145
13
4
23
37
8
1
12
50
189
32
16
1
38
7
17
6
3
460
124
294
1
4
4
1
1
1
132
42
38
1
27
1
19
150
139
45
266
42
52
43
118
18
164
21
2
1
1
222
295
2
2
68
2
9
2
11
1
212
5
3
2
6
2
286
243
1
1
3
9
1
9
1
119
3
1
2
7
187
59
268
186
73
6
1
27
63
398
21
153
10
18
34
1
1
28
4
3
39
37
7
3
30
7
41
10
32
1
21
1
17
2
95
146
156
15
23
7
1
28
19
1
3
1
5
6
1
3
98
233
1
3
10
60
28
201
5
1
492
145
14
51
141
95
75
1
3
18
3
9
337
38
7
112
4
323
26
17
50
412
8
18
131
478
213
3
2
260
11
7
1
58
3
15
103
1
167
16
8
1
1
1
3
2
40
181
31
324
11
260
161
409
1
3
2
261
2
1
1
26
1
1
5
26
1
125
9
1
9
9
9
10
4
1
185
103
5
36
2
1
8
24
429
3
332
105
3
6
2
97
50
60
4
6
12
8
3
144
24
5
2
215
159
2
2
2
1
34
4
174
474
5
5
84
7
9
417
25
7
7
112
89
6
33
20
8
488
423
5
12
338
259
3
3
2
1
3
5
401
435
2
5
6
448
27
7
77
6
2
15
1
1
288
3
398
109
5
104
44
486
165
2
98
1
8
3
248
1
1
24
278
53
5
144
3
4
53
276
35
3
94
12
200
1
12
58
32
3
29
1
72
5
7
60
272
138
160
1
10
24
96
443
24
1
15
118
141
101
2
1
58
449
75
78
32
1
5
6
1
474
3
250
2
2
1
1
3
75
3
140
5
10
3
2
70
79
9
198
2
80
15
37
31
4
1
7
2
2
4
4
11
4
5
3
70
3
12
36
15
131
32
143
2
2
496
4
12
178
3
57
5
2
2
6
30
74
5
4
3
139
10
280
398
35
36
177
1
6
477
1
3
302
2
260
3
22
2
76
1
169
1
4
5
402
1
368
21
50
68
4
154
45
20
1
2
1
61
1
8
68
3
10
15
1
1
27
54
141
295
14
138
3
29
11
54
233
119
132
71
10
420
2
8
4
17
98
199
44
286
68
173
75
141
4
149
6
10
3
1
23
6
3
1
1
5
28
2
53
1
1
7
217
92
41
27
51
2
3
14
12
3
72
2
103
13
19
1
5
108
6
105
282
5
7
8
16
6
44
5
1
103
15
152
13
183
39
1
2
1
2
6
22
6
67
16
3
3
109
43
2
1
74
31
9
3
416
20
118
1
83
23
10
481
309
4
2
193
347
1
408
1
37
149
24
11
26
4
1
15
195
404
6
293
102
66
251
304
13
114
216
6
3
1
23
18
7
1
14
2
3
1
18
53
116
49
267
96
8
7
1
12
143
4
8
7
83
11
1
1
31
268
20
3
102
3
496
168
16
34
15
1
10
105
180
167
12
10
1
413
122
8
73
84
306
12
253
22
34
6
8
2
450
150
18
38
3
14
37
2
330
29
79
26
100
106
1
443
5
5
420
3
248
8
6
3
283
25
214
4
4
1
333
5
14
5
179
1
6
3
1
3
16
1
21
7
62
2
232
383
69
3
2
396
93
12
82
1
38
2
11
336
11
3
46
1
35
8
1
2
302
24
19
1
2
9
17
27
3
427
46
239
178
101
17
5
327
132
34
82
1
9
203
3
13
25
34
86
191
52
96
14
91
1
10
25
21
419
13
72
7
20
79
408
3
101
16
16
35
7
2
1
11
20
351
3
11
23
24
28
421
262
153
389
4
18
4
353
11
182
10
24
165
80
22
72
2
15
39
376
67
6
232
372
2
28
5
1
1
1
32
7
33
62
1
10
4
325
1
7
384
59
3
2
15
26
146
25
29
136
37
30
1
23
1
5
5
5
2
7
443
2
33
77
395
2
1
4
96
135
1
11
287
1
1
150
84
36
333
40
5
278
10
14
53
244
98
14
57
1
214
39
67
5
1
1
41
1
127
30
1
1
1
3
6
4
3
20
402
2
2
233
5
3
194
1
34
4
4
44
1
162
1
54
4
343
3
11
98
1
11
60
257
26
367
1
51
200
2
374
58
3
321
5
6
6
5
4
7
13
27
399
4
67
7
157
39
2
54
263
70
12
34
2
10
17
3
326
38
14
5
1
56
1
4
20
271
335
11
1
18
183
58
65
1
17
3
14
21
9
115
5
8
5
8
1
2
141
47
105
3
1
3
1
1
1
24
1
110
26
50
10
2
2
14
1
15
5
10
18
9
412
2
1
73
278
17
328
28
54
1
47
437
2
149
2
25
91
12
23
8
26
254
65
4
348
227
1
115
6
148
4
3
5
4
3
13
14
39
1
1
4
64
185
75
4
167
20
40
1
2
4
3
2
1
2
27
2
101
13
7
52
89
101
8
38
2
39
9
8
8
236
6
216
126
1
52
3
90
1
19
2
28
76
93
53
4
5
74
174
6
2
431
106
52
462
487
20
350
4
46
3
68
4
2
2
54
99
1
218
2
47
209
32
172
2
1
8
427
2
9
96
108
9
2
6
87
332
36
344
3
4
8
474
24
1
8
1
4
151
19
6
80
22
2
12
5
26
66
3
213
2
2
1
9
3
5
338
27
2
11
386
2
2
7
1
15
98
204
1
6
14
446
1
1
2
6
1
15
7
1
13
8
152
1
272
2
12
59
5
77
5
37
1
4
172
301
27
13
15
120
3
71
10
96
5
8
7
4
1
1
18
54
6
2
440
48
2
6
8
12
25
1
155
2
138
26
48
7
74
123
1
1
12
424
145
4
119
172
90
2
22
10
4
42
3
11
96
156
31
3
176
11
5
92
14
7
71
55
333
17
7
33
1
312
13
4
278
3
2
73
118
2
342
482
35
20
15
1
4
3
107
1
2
8
211
137
144
1
2
6
1
90
207
4
15
127
104
15
29
24
3
58
3
441
88
13
4
2
452
414
4
107
3
2
203
5
18
1
16
50
100
5
14
263
50
227
69
223
37
49
11
132
14
387
185
72
4
55
164
24
152
246
404
253
13
54
3
369
428
225
148
59
6
75
3
1
109
1
91
1
129
1
3
1
14
195
5
340
66
217
262
177
152
3
33
153
2
11
11
9
29
36
333
28
209
29
5
56
51
16
1
11
227
6
1
1
1
1
171
370
376
63
9
54
71
1
17
2
78
39
1
6
95
20
6
59
106
440
166
30
1
9
2
30
12
1
1
1
374
56
467
166
5
1
14
231
2
4
58
31
7
2
187
57
1
110
103
405
133
100
4
1
20
20
11
9
8
1
3
87
129
130
7
29
12
44
18
1
26
4
4
55
5
174
266
1
32
1
9
39
2
20
10
1
37
1
4
1
141
14
19
28
2
1
1
93
134
2
23
5
56
2
3
4
1
7
2
200
20
188
12
271
229
1
127
3
5
3
36
138
4
10
53
12
29
41
1
18
298
32
23
6
7
5
1
213
5
3
4
29
115
176
2
24
5
4
16
3
92
142
4
15
6
62
8
3
36
178
1
1
8
8
6
3
11
1
21
55
1
81
1
5
3
96
397
52
1
18
3
104
1
16
6
99
1
4
88
56
261
36
1
175
24
6
3
155
1
39
51
1
1
3
70
61
3
2
1
185
1
2
41
1
43
3
1
86
6
1
1
396
11
35
342
51
3
1
3
63
4
11
9
9
19
330
1
15
1
79
398
9
153
6
1
94
65
124
135
45
40
481
22
2
7
16
7
19
8
87
484
278
111
18
1
73
12
24
28
2
3
1
16
28
19
121
7
61
1
36
21
4
4
10
6
13
19
1
19
62
41
3
4
7
351
30
12
1
77
1
319
22
1
110
4
1
142
22
8
8
373
187
155
425
7
1
58
174
5
234
21
5
170
3
23
69
483
53
65
214
5
30
10
287
2
20
5
2
18
84
296
2
147
19
22
1
6
11
5
25
1
4
110
5
1
18
2
79
73
388
1
85
1
3
44
7
39
2
403
47
50
65
1
4
12
168
3
74
50
1
10
12
18
2
18
78
1
21
20
168
43
22
5
2
80
49
11
5
158
2
4
2
4
1
1
145
1
60
295
176
22
12
326
63
8
131
46
2
230
127
330
7
1
20
62
70
41
24
37
4
2
1
3
1
5
453
1
26
11
157
3
2
17
113
105
1
1
216
24
145
2
16
2
494
27
25
1
6
304
7
40
1
23
100
423
89
66
13
2
3
31
8
3
3
116
12
2
1
1
1
1
2
1
8
155
13
1
51
60
6
7
1
3
7
170
12
2
8
101
1
1
1
1
17
42
69
2
18
23
4
10
1
1
1
162
10
3
20
177
1
51
301
4
126
145
48
14
35
4
40
19
124
2
255
8
73
1
2
7
1
2
45
6
79
1
1
27
1
114
29
3
92
1
1
48
13
449
3
14
1
216
218
14
3
40
218
23
5
186
87
22
17
41
3
2
5
3
20
46
182
301
18
3
24
20
66
1
1
1
314
201
142
36
1
93
84
214
17
10
31
1
6
27
80
1
3
120
75
2
1
5
1
1
1
7
254
3
5
305
128
1
193
116
114
2
484
85
26
25
65
231
22
3
1
82
42
7
1
459
72
25
96
1
142
5
8
48
21
116
11
59
3
32
9
9
4
2
1
1
29
40
356
1
477
1
7
14
47
1
1
23
302
2
2
37
276
104
31
279
53
1
9
5
1
18
5
379
12
67
15
286
2
441
82
252
39
15
42
88
6
182
167
5
38
124
30
2
16
2
17
3
1
154
77
1
47
14
12
172
2
36
1
138
38
5
13
8
290
250
276
2
11
23
7
40
31
50
472
2
26
4
444
64
89
2
272
1
370
10
228
1
8
327
19
38
3
10
76
209
31
284
2
181
2
3
12
10
1
7
2
67
7
5
19
3
305
3
55
2
99
5
360
1
28
2
2
97
2
12
10
11
31
39
404
190
121
74
1
64
11
2
92
184
2
4
2
55
11
34
2
122
66
2
40
1
1
7
3
275
1
26
3
3
125
198
1
15
29
141
246
173
205
15
36
81
20
50
357
2
22
219
87
7
67
234
7
6
4
329
245
19
27
95
282
66
2
8
70
25
124
1
91
7
179
1
112
24
85
49
328
54
18
11
112
52
87
24
22
210
42
2
2
363
294
176
130
410
14
33
8
31
2
2
37
494
436
2
7
20
49
385
21
3
5
80
13
45
1
1
122
63
113
272
1
425
262
9
1
1
1
156
44
4
1
184
5
7
1
244
68
1
156
4
15
48
136
1
256
13
39
1
169
11
119
22
113
11
11
1
71
17
78
1
29
424
233
12
21
5
130
14
291
4
3
2
28
1
152
8
76
2
150
159
16
2
52
7
199
48
243
47
17
12
2
147
6
2
4
2
25
40
1
26
152
2
2
401
2
3
98
1
5
6
4
1
119
5
1
39
7
46
252
8
2
5
1
84
2
2
34
52
5
467
14
3
18
394
1
93
6
18
446
257
6
145
151
80
259
69
62
377
12
2
13
469
23
364
1
221
119
1
3
314
101
13
189
133
1
18
17
8
234
13
133
264
4
134
401
8
7
6
295
25
10
4
1
2
41
9
11
236
342
292
1
6
4
3
4
57
247
255
49
104
139
153
55
3
3
400
422
449
7
22
17
8
365
33
1
1
202
262
49
1
1
87
224
279
2
16
232
16
2
31
78
7
2
221
25
216
148
26
3
461
3
74
2
1
8
2
9
2
39
14
5
81
346
46
6
2
92
39
1
22
44
41
54
15
13
64
357
153
2
1
1
7
1
5
366
3
444
65
11
9
136
3
12
65
1
153
5
3
3
64
3
31
4
379
1
2
78
3
225
5
307
1
36
117
1
98
321
32
34
8
1
20
228
38
481
353
3
5
42
41
13
301
5
25
2
37
3
497
1
4
1
2
1
1
25
212
4
1
55
478
4
292
149
441
8
1
70
33
160
20
25
8
23
186
1
375
131
255
70
281
112
289
1
321
125
6
3
6
23
4
10
1
2
3
1
226
58
240
3
308
5
53
2
65
96
10
281
2
1
358
19
20
2
1
2
15
316
3
2
131
42
196
7
3
3
60
58
9
23
4
149
109
41
340
62
10
76
3
236
4
3
10
290
45
56
11
18
1
42
2
1
1
4
21
23
101
1
2
41
162
61
38
21
275
10
65
113
1
10
1
21
313
23
264
138
2
266
141
2
341
1
6
339
418
5
35
5
1
12
181
29
181
87
3
90
2
2
5
312
114
20
10
2
146
296
259
2
16
1
3
7
1
2
1
294
76
355
36
1
367
59
3
2
499
1
2
70
347
181
5
20
55
60
1
226
1
2
279
6
1
104
12
6
2
1
1
429
9
3
68
21
346
10
1
19
1
11
9
40
62
47
83
47
15
29
22
8
58
3
91
27
5
4
24
174
1
51
419
446
176
107
9
5
1
159
1
424
51
169
1
159
307
236
35
11
291
3
16
122
1
497
1
2
395
483
4
16
7
18
151
10
19
1
4
16
114
5
60
6
5
1
383
2
217
79
1
7
1
295
46
290
27
4
155
6
2
3
4
8
41
17
5
189
255
52
145
20
187
28
15
427
54
9
2
181
59
133
31
256
54
1
232
184
2
2
2
3
1
2
3
420
1
4
274
259
43
1
18
106
97
2
2
2
2
43
1
9
3
19
145
1
474
28
268
1
4
112
362
5
57
2
27
1
2
275
13
9
16
32
123
183
18
4
57
26
399
148
2
26
1
136
4
67
375
4
2
185
10
7
17
56
101
2
419
344
244
5
20
209
1
131
95
289
6
11
25
241
97
16
66
17
38
226
1
21
4
470
84
41
21
1
62
303
11
16
1
23
75
2
8
264
100
36
79
123
1
5
2
9
179
3
343
1
61
21
370
206
2
4
5
1
1
92
2
23
2
18
39
21
2
3
19
1
2
4
398
134
2
4
378
42
1
31
1
374
2
59
1
25
3
444
2
51
477
5
2
12
1
5
40
47
12
81
5
8
116
1
38
7
30
24
4
5
19
72
1
2
2
132
48
31
59
92
51
24
52
150
2
1
3
64
9
443
9
478
234
7
1
2
310
1
401
8
26
195
60
70
2
1
1
9
3
100
16
63
6
21
79
1
8
52
480
27
61
22
1
48
6
387
9
12
1
226
131
1
17
8
11
34
3
4
1
101
403
2
7
259
286
10
18
4
203
2
373
16
6
5
227
72
5
2
24
284
60
1
52
4
18
140
16
448
66
1
8
3
21
379
425
1
18
12
1
77
13
40
21
20
134
14
9
1
320
28
192
1
147
1
7
1
358
26
224
1
12
3
5
485
311
54
15
137
2
407
21
6
349
2
7
423
27
35
13
4
1
70
1
322
11
57
2
1
20
83
2
34
30
22
449
8
30
214
150
185
1
1
6
4
5
8
18
18
383
212
99
258
273
165
110
2
20
45
2
353
76
2
4
45
108
14
39
77
1
51
5
302
84
47
2
23
35
2
255
476
27
73
5
320
47
1
2
59
2
43
1
25
253
10
11
41
3
7
362
193
33
2
5
60
24
4
12
199
26
272
57
6
185
1
110
5
21
13
34
79
5
12
24
11
244
2
3
1
2
3
23
168
308
58
331
1
3
17
1
52
1
9
48
156
5
365
4
75
3
80
267
1
30
126
8
38
233
2
63
1
366
3
10
1
15
30
32
3
73
137
2
1
474
2
2
4
38
1
32
34
133
223
109
2
323
27
23
103
1
2
172
8
17
4
43
143
314
5
2
1
12
46
1
2
48
7
2
111
49
5
57
4
13
7
1
8
122
1
488
438
11
75
266
1
3
6
9
154
20
121
171
126
4
203
207
70
2
256
441
1
253
354
463
4
448
3
1
114
3
97
26
32
2
15
1
1
1
388
53
1
397
17
3
1
28
152
214
285
378
99
1
3
21
3
230
5
1
331
6
3
1
8
13
261
25
4
63
2
14
12
1
1
68
156
9
1
317
5
41
11
1
27
16
105
43
42
6
55
2
42
410
6
67
7
39
112
111
7
2
1
3
1
2
19
84
7
128
2
1
1
207
231
1
45
32
14
4
9
13
2
7
1
23
235
11
8
176
46
2
3
25
1
292
1
4
3
3
113
1
46
9
141
159
53
42
2
13
111
161
4
3
3
29
1
309
7
14
110
2
29
10
17
395
98
5
15
447
2
36
442
288
1
4
1
51
271
26
15
44
96
3
98
1
39
9
1
92
347
3
218
16
14
30
11
4
3
82
419
4
65
2
24
32
23
11
77
96
115
27
14
2
7
56
1
4
143
72
3
8
434
3
92
337
10
286
6
2
17
182
390
2
407
98
24
1
93
350
19
29
43
234
1
6
127
1
61
205
28
53
1
1
90
2
105
100
202
1
91
2
20
260
10
2
18
1
92
4
4
2
5
7
156
1
9
35
256
2
6
2
332
4
12
18
28
3
5
5
1
7
55
51
122
2
381
2
9
3
1
376
281
2
293
114
435
2
32
2
11
128
3
1
124
1
1
34
76
2
1
77
26
5
157
25
304
387
7
43
1
15
25
32
277
2
3
3
23
1
51
9
42
7
2
4
151
98
2
2
59
11
19
2
72
357
294
1
30
81
4
21
5
6
5
1
191
159
1
493
2
2
1
1
26
80
9
1
13
65
96
2
265
3
6
5
182
283
8
3
26
296
3
47
3
1
13
5
1
20
14
71
1
4
196
6
278
1
1
47
136
28
183
417
6
97
2
5
4
1
4
33
56
1
1
8
20
38
267
6
109
1
37
20
1
252
54
112
7
1
152
43
2
3
270
10
4
39
4
96
3
32
57
2
2
99
125
30
1
267
25
3
476
263
204
1
47
491
2
110
266
1
174
2
39
1
34
3
151
1
411
7
141
1
248
1
5
164
20
2
40
1
16
33
21
13
1
1
21
1
2
26
48
1
1
467
196
442
208
53
9
37
38
1
53
4
4
1
99
1
357
2
8
1
1
7
224
364
151
4
16
1
206
3
211
1
44
6
71
14
22
3
23
30
421
1
108
2
1
7
2
9
72
5
1
173
188
112
3
1
38
4
7
21
19
6
311
1
10
4
14
314
50
86
2
55
7
293
48
29
66
2
11
162
3
2
39
55
14
15
1
22
4
189
1
20
38
2
480
6
10
386
38
14
2
64
81
1
1
91
8
1
346
128
11
1
42
16
17
184
1
461
42
12
63
1
99
46
1
3
22
51
45
1
9
44
1
377
3
1
22
164
1
96
65
86
96
2
21
365
491
6
1
4
4
118
276
48
2
4
128
7
7
11
3
6
1
35
89
53
2
3
132
82
57
4
87
8
3
1
56
5
40
37
1
284
5
54
21
3
28
6
14
11
441
8
113
1
1
105
1
9
1
342
17
442
276
6
62
55
13
2
2
250
103
427
81
406
2
10
6
138
1
13
2
365
94
168
113
1
2
1
477
23
33
448
33
48
150
403
489
131
122
17
117
47
188
23
5
450
2
206
19
8
14
1
3
2
6
6
156
18
1
15
1
125
63
41
39
67
47
38
1
1
1
5
1
108
104
16
78
41
1
56
1
3
6
11
1
315
1
34
47
377
29
18
1
24
1
1
2
70
1
3
54
67
1
1
1
7
39
1
1
482
16
365
13
4
2
5
24
4
142
1
5
5
1
26
39
26
187
1
4
3
4
4
43
1
7
2
50
404
9
109
39
4
15
4
15
376
26
1
50
16
3
26
108
205
249
28
4
248
64
4
5
52
1
4
6
7
118
16
34
50
473
12
58
374
51
21
6
464
226
1
2
205
219
428
41
175
21
267
1
159
1
172
298
10
37
62
29
1
1
171
10
2
5
13
19
6
153
55
2
28
100
280
3
89
4
5
38
77
121
2
1
1
100
3
4
1
2
211
72
84
5
31
67
3
9
25
13
3
67
84
7
41
3
117
76
8
1
28
1
23
1
11
39
7
1
206
111
1
95
81
1
208
21
75
14
276
54
368
60
159
37
5
60
21
6
30
5
4
2
1
9
134
1
4
1
3
74
38
2
215
3
54
180
2
34
56
61
28
36
23
497
484
20
62
28
8
3
301
10
31
83
1
14
2
215
144
4
4
52
11
147
202
89
379
34
4
2
55
9
12
2
79
20
4
158
4
27
1
288
1
183
1
69
341
23
1
22
10
114
409
242
185
50
2
16
20
6
8
12
8
138
1
1
7
3
1
65
2
4
152
13
12
21
104
16
1
2
4
424
1
16
43
23
227
48
4
3
23
299
43
19
1
1
2
4
5
45
101
18
291
94
88
5
96
182
33
3
3
2
181
104
305
9
4
127
6
337
135
30
2
101
2
6
10
55
4
42
17
8
11
1
12
140
113
35
44
1
3
13
2
5
2
3
203
17
1
1
68
2
307
74
52
65
19
18
48
119
4
10
260
3
2
1
42
369
1
1
130
475
79
485
1
1
2
404
11
248
7
106
5
1
2
21
357
1
306
10
2
26
1
5
128
44
9
1
26
1
8
24
1
12
15
110
88
2
3
12
141
2
11
169
418
1
12
375
12
358
2
1
30
22
1
312
36
34
56
27
23
3
1
1
101
2
56
60
200
7
20
4
1
9
15
1
124
4
27
480
4
2
3
383
1
300
28
12
434
27
65
2
8
161
13
1
437
6
6
68
63
1
2
221
17
10
170
45
8
4
4
20
53
20
40
447
282
17
88
2
85
245
136
4
3
267
61
3
26
12
1
1
5
109
77
3
31
2
131
32
8
112
1
55
11
28
18
14
1
4
104
1
65
5
202
11
24
285
32
1
3
101
7
211
7
395
8
2
14
1
22
330
104
6
192
188
133
1
23
1
1
1
72
10
6
92
153
2
21
66
68
24
173
14
5
1
179
113
23
187
1
1
18
6
118
225
375
375
154
228
54
225
7
5
15
88
180
351
1
216
3
27
1
186
3
212
4
33
9
4
270
1
121
247
10
1
1
476
5
26
8
301
11
12
9
82
2
19
1
2
1
68
80
1
58
25
5
130
5
1
108
6
21
338
463
3
2
3
1
1
1
4
18
6
1
11
146
6
3
3
370
1
47
1
35
2
414
220
26
4
1
2
24
33
2
2
331
57
2
395
43
9
15
5
108
1
454
49
15
66
14
8
35
2
15
8
2
1
314
11
92
56
16
2
5
431
136
5
1
14
1
1
21
45
327
94
463
5
15
183
10
1
32
2
9
15
3
10
14
3
1
2
68
60
3
1
4
29
107
6
3
75
20
63
7
83
7
206
26
124
41
289
4
1
1
416
1
1
56
2
7
70
1
1
7
21
1
292
1
23
250
9
4
14
66
11
167
162
24
3
1
1
144
3
1
27
25
317
14
49
1
277
4
1
1
90
230
6
367
55
464
171
1
121
116
36
1
17
21
61
311
1
5
27
300
139
210
22
151
3
339
282
3
4
13
4
340
8
111
37
5
64
16
291
1
20
8
1
2
79
1
8
138
2
24
28
91
1
1
96
83
13
26
393
12
5
7
20
34
200
4
7
18
2
214
8
62
8
29
27
135
58
1
484
23
12
292
15
2
2
29
439
15
28
303
92
86
22
477
2
1
150
5
8
241
8
2
1
186
1
133
10
3
9
6
162
4
110
247
456
2
2
397
26
111
4
121
13
125
2
118
1
2
25
121
1
134
63
117
1
262
87
61
399
4
216
3
467
4
3
33
21
22
5
20
15
151
55
1
7
2
1
292
1
1
1
9
1
29
3
2
328
56
1
7
4
1
1
1
2
53
1
112
2
1
41
2
38
16
2
4
6
405
2
6
15
132
24
323
2
1
334
168
3
14
243
6
20
113
4
10
16
41
1
122
5
28
385
2
330
1
1
11
20
11
1
1
3
1
10
179
42
156
7
21
3
116
106
175
1
86
50
4
1
2
1
66
29
25
2
151
1
21
2
9
7
11
3
157
3
203
5
7
2
282
4
6
483
4
151
9
67
5
289
93
87
39
69
274
353
3
4
25
71
18
4
1
152
5
1
360
25
11
1
324
41
24
292
44
3
193
86
1
128
13
174
5
60
30
14
16
77
271
63
22
3
2
80
3
6
9
6
4
36
128
29
1
2
41
5
56
3
24
5
35
8
33
32
17
258
1
1
4
3
39
3
17
4
35
1
34
34
417
1
7
1
17
25
26
95
1
2
7
3
126
4
108
9
1
9
4
18
471
430
1
3
14
8
23
5
10
4
24
23
5
1
175
76
37
211
3
23
4
2
242
123
162
3
3
1
6
1
38
26
10
42
1
210
2
1
1
393
11
6
15
19
25
107
288
1
1
13
243
381
5
9
2
1
15
1
89
163
209
26
255
6
1
22
1
186
1
26
139
255
5
1
66
275
23
113
160
1
50
5
139
88
1
64
24
1
246
257
8
328
1
450
15
112
8
8
263
88
5
9
66
16
6
66
3
44
1
45
227
114
22
44
206
5
1
66
74
157
24
156
1
1
228
273
82
41
65
4
15
4
103
20
1
2
60
1
4
490
2
152
135
105
3
1
222
2
1
20
5
5
30
18
1
174
377
7
2
312
143
46
458
2
10
13
167
379
1
9
84
1
16
94
18
2
1
1
1
72
16
249
3
1
3
101
6
7
2
1
360
87
400
180
7
3
88
4
1
488
390
1
16
8
117
15
6
40
1
462
258
2
34
26
1
204
493
351
1
11
10
32
1
341
2
150
9
48
147
54
2
153
27
63
24
9
198
44
21
6
488
2
2
1
13
38
5
5
8
19
3
227
88
86
120
92
7
1
39
4
36
4
8
1
3
19
2
2
22
2
1
78
1
496
39
26
243
4
1
1
136
81
8
132
1
4
102
66
344
116
2
88
14
253
68
12
104
2
2
1
6
51
44
102
125
2
5
30
1
34
43
11
442
418
128
3
44
16
5
453
14
45
57
4
339
6
1
21
11
47
35
105
17
3
5
8
205
7
5
7
24
1
57
3
43
136
3
19
1
82
8
1
3
119
203
5
170
8
285
153
34
11
3
22
25
155
95
18
86
156
3
167
99
453
285
65
1
274
36
94
63
4
20
423
29
1
267
229
191
124
2
4
5
54
117
63
32
66
40
3
63
28
1
3
9
1
7
6
45
2
43
214
1
359
57
1
9
8
7
2
1
1
107
1
377
4
154
74
84
12
275
147
69
1
41
54
13
3
20
242
93
28
2
1
1
4
369
91
1
3
265
15
127
8
2
3
10
20
48
56
318
7
1
97
400
35
431
30
65
7
33
82
21
11
1
346
473
3
19
2
417
2
148
3
7
4
1
215
3
57
2
74
11
32
65
8
195
395
15
115
1
6
6
390
387
446
1
278
266
391
1
1
101
25
1
1
2
139
35
3
110
43
68
4
30
8
6
6
38
8
83
3
3
1
216
35
16
4
6
13
54
3
400
24
28
15
360
1
3
54
1
154
40
9
5
11
244
2
1
288
4
41
9
64
191
19
1
1
13
22
19
3
195
4
1
9
248
6
39
19
2
7
7
321
22
8
85
23
7
19
278
2
30
5
11
1
7
122
294
95
486
2
396
186
2
4
16
49
370
1
5
357
2
1
1
6
31
1
3
1
19
10
6
2
473
107
29
124
20
1
11
3
18
5
128
308
2
4
1
16
1
225
248
54
19
35
1
88
101
105
75
136
124
1
59
9
7
307
19
1
9
1
20
54
18
414
354
45
13
7
21
46
259
118
24
237
338
1
1
279
68
32
222
211
6
393
1
33
385
15
292
1
88
357
15
5
103
23
54
339
211
39
2
2
2
3
8
2
42
65
5
1
62
47
1
13
47
6
87
19
108
215
2
426
127
7
10
421
23
109
172
6
13
145
13
40
38
242
55
486
487
132
304
32
39
144
43
66
16
113
1
185
176
14
168
5
2
3
1
160
2
22
102
179
12
1
29
17
5
1
251
4
380
117
8
184
10
18
233
21
63
12
49
104
2
2
51
19
5
357
8
3
97
127
187
1
407
23
8
113
11
18
355
2
11
1
71
331
28
362
289
54
92
3
1
135
4
3
7
22
57
2
191
391
366
9
2
74
11
147
2
386
1
9
1
84
74
21
32
79
76
2
239
175
438
4
30
10
2
3
1
10
29
23
85
19
168
486
81
48
7
85
40
24
18
80
44
1
35
1
1
226
20
152
24
27
5
111
23
3
453
467
239
40
36
258
103
4
41
15
211
244
12
40
4
3
1
4
50
64
4
141
5
139
4
75
2
87
49
9
277
1
53
4
49
6
44
5
4
1
162
5
79
6
1
264
4
9
3
252
2
8
8
1
261
2
454
253
14
79
1
7
5
1
1
21
304
5
3
1
51
5
34
10
45
1
7
125
3
20
7
168
3
1
2
2
390
5
186
1
2
71
124
28
35
5
4
134
1
4
320
33
217
153
228
6
46
3
2
454
172
1
50
3
16
196
1
47
59
222
13
1
15
32
273
23
165
6
52
422
208
23
20
3
6
14
1
14
4
3
1
1
3
38
408
72
91
431
63
1
123
4
322
7
9
183
13
9
1
176
420
1
42
213
30
2
1
13
16
1
1
5
2
8
20
49
12
7
2
6
240
3
1
126
56
48
4
2
58
1
129
15
52
214
478
1
2
5
2
44
445
70
136
7
289
7
24
52
1
3
1
118
2
107
61
163
3
226
1
2
1
15
4
335
50
15
400
1
3
339
53
21
236
25
111
442
2
7
189
17
332
2
1
2
1
47
399
5
4
25
51
464
2
1
3
1
2
29
1
5
1
179
23
49
18
32
9
120
1
1
459
1
19
7
26
19
3
365
2
455
301
1
2
11
3
2
23
179
50
12
27
6
297
2
141
359
7
1
20
23
33
51
105
171
1
26
140
139
65
61
5
286
91
217
41
180
13
6
1
20
37
2
3
19
24
11
1
103
63
1
4
2
6
60
3
453
59
148
1
89
1
236
97
2
4
72
1
4
135
1
76
2
6
67
83
11
61
333
13
67
1
3
255
1
77
25
164
34
4
12
244
101
380
12
23
10
192
101
38
1
210
3
109
7
22
2
3
33
35
1
2
221
117
6
24
1
37
1
71
2
39
13
8
1
2
37
32
1
23
21
74
6
50
54
51
14
1
4
122
37
2
135
19
352
53
1
326
2
419
351
250
12
82
1
2
34
90
2
195
43
2
6
41
290
148
101
1
18
66
7
13
398
52
123
325
72
29
29
148
1
37
23
1
387
156
1
70
245
13
7
16
246
6
70
7
12
44
40
57
1
7
1
1
35
1
5
11
26
12
29
223
13
1
17
56
2
68
106
6
5
9
5
2
67
5
14
2
358
1
3
258
16
1
418
3
336
258
14
2
5
1
2
228
43
40
167
103
23
6
34
10
4
27
179
2
1
155
1
26
69
1
2
2
107
8
98
1
2
216
58
100
2
137
29
14
7
293
237
347
55
5
2
8
8
150
14
64
7
3
195
1
57
82
2
327
8
10
80
1
180
295
236
12
2
149
240
4
39
358
128
2
349
78
14
1
1
123
3
76
5
14
442
52
419
106
123
2
1
17
156
133
1
6
43
2
24
5
1
1
138
70
2
42
3
311
40
50
7
11
333
6
2
238
12
12
2
132
13
305
6
33
8
3
1
73
43
7
285
2
1
262
1
52
19
89
35
24
1
120
31
5
10
2
79
2
494
114
362
242
491
29
2
9
13
276
1
25
199
91
131
3
2
23
386
9
12
2
78
68
139
52
142
32
5
1
444
92
10
71
352
1
4
5
471
176
35
2
3
496
6
283
227
287
247
192
43
2
48
91
1
53
15
18
10
34
73
4
5
112
129
1
1
59
178
132
1
119
183
170
24
76
338
20
23
116
31
5
182
44
28
248
4
4
6
51
10
257
10
1
127
1
183
105
11
1
1
18
6
2
6
1
27
57
124
1
1
1
29
1
13
35
257
104
24
7
398
35
5
252
43
417
36
1
40
243
148
1
2
1
78
4
2
17
3
12
267
5
281
65
83
4
5
17
5
40
2
17
254
15
129
122
483
22
8
10
340
1
4
5
131
1
5
308
246
2
14
14
358
252
51
42
6
7
457
283
1
2
253
417
158
391
473
2
96
51
26
11
7
8
29
129
2
57
10
469
3
3
85
350
1
22
80
480
1
32
3
87
409
6
14
24
125
451
80
22
258
38
9
76
160
108
8
1
1
3
10
19
9
9
1
16
23
61
65
18
1
196
1
18
19
433
203
70
1
250
5
2
1
204
106
1
25
53
99
59
1
2
67
254
408
7
4
60
319
117
238
1
216
1
143
1
176
1
6
60
98
8
405
2
5
3
2
2
30
229
1
38
283
208
2
4
171
238
8
257
4
1
46
211
74
2
44
3
25
1
36
21
2
324
8
300
7
2
146
1
89
2
1
19
2
3
8
20
2
3
2
1
453
6
5
134
4
126
8
365
35
16
98
31
250
84
1
354
1
35
3
2
366
19
1
167
10
64
7
11
210
55
1
341
2
419
208
246
427
3
18
128
1
1
218
3
3
86
15
83
2
184
80
5
458
2
84
144
1
9
4
5
21
195
48
53
263
307
28
1
17
39
31
16
2
57
150
126
1
321
16
10
56
336
495
1
59
113
75
1
387
1
225
192
2
109
18
59
125
4
219
15
86
5
51
387
68
1
39
2
1
162
18
15
45
1
15
17
91
168
2
13
63
1
5
17
175
495
56
2
19
39
29
2
16
97
96
43
2
3
3
27
12
3
22
62
6
154
17
16
9
28
18
109
113
59
30
5
6
1
44
1
161
40
54
5
123
78
46
86
17
1
31
1
1
41
1
134
365
98
1
2
314
21
333
169
7
12
2
336
185
1
15
21
1
26
57
171
15
1
108
1
19
33
3
37
73
5
106
127
1
342
1
1
98
368
106
21
300
125
7
179
9
3
48
417
35
2
2
80
4
25
191
3
63
6
120
229
197
3
3
2
346
30
27
50
9
2
12
6
1
102
120
386
14
141
167
11
47
1
1
124
21
390
371
6
336
3
6
2
1
6
8
1
4
23
120
152
1
1
1
9
82
1
15
11
144
97
4
68
148
1
3
11
2
3
2
2
46
2
3
1
257
2
321
18
87
2
5
7
16
18
2
52
1
338
7
1
13
1
7
168
332
3
27
25
235
11
125
118
7
1
1
2
118
8
1
13
75
3
1
54
331
186
1
24
3
3
7
1
101
268
1
11
1
2
35
6
2
1
101
22
120
41
289
21
2
31
1
1
15
121
1
6
219
2
3
12
14
43
1
1
151
2
9
187
15
379
11
6
1
65
476
10
29
4
317
393
1
71
2
1
16
7
55
19
16
122
27
298
36
35
1
4
1
3
4
281
4
158
20
71
1
62
1
1
9
34
224
2
65
2
22
202
2
9
22
9
46
499
261
62
3
119
3
9
2
53
13
2
169
6
187
4
1
3
5
2
2
4
1
161
15
1
11
117
53
24
52
1
9
2
97
13
7
7
50
1
72
2
6
2
1
1
2
1
286
6
4
40
1
58
13
5
2
19
88
1
1
496
3
4
47
1
3
1
2
220
2
164
50
2
10
323
14
302
5
32
85
33
210
52
2
6
46
116
3
31
96
53
439
220
1
15
76
33
1
3
44
212
84
71
20
3
17
330
1
26
70
218
3
1
3
19
2
1
205
1
2
3
23
35
1
126
189
4
2
54
36
195
55
196
1
6
63
6
107
113
349
2
43
16
1
412
366
1
47
30
1
7
2
2
25
11
3
15
147
417
2
106
1
439
5
2
1
78
1
44
1
186
1
4
1
5
2
2
253
9
122
3
335
6
5
6
16
81
1
99
37
52
210
1
28
1
11
1
3
18
43
1
26
13
20
10
42
1
3
1
8
13
12
3
1
15
32
8
26
42
30
62
151
2
9
1
104
1
1
1
40
127
432
1
244
2
60
14
2
30
10
44
105
111
32
110
2
1
3
326
5
46
9
106
3
1
11
104
3
161
55
181
214
1
263
40
491
1
221
1
2
14
87
3
1
3
70
19
11
10
3
2
11
61
4
2
56
1
214
216
9
194
35
64
1
2
1
17
46
1
285
3
388
2
83
132
353
39
3
66
8
31
15
161
112
17
437
23
1
7
8
456
1
3
6
81
6
18
497
6
3
121
364
34
1
3
7
279
9
61
7
1
118
10
129
48
6
7
85
179
126
3
60
136
152
1
33
202
239
55
222
3
44
1
1
110
6
2
392
47
21
3
2
1
59
3
3
10
2
1
6
1
27
408
4
119
1
12
34
53
166
16
1
2
7
201
429
63
5
4
1
69
2
27
3
40
45
53
6
9
41
9
77
88
1
447
53
11
116
31
37
165
19
121
9
361
37
17
75
75
196
72
240
2
21
119
134
469
29
4
29
129
28
11
48
1
414
101
30
1
159
40
50
1
160
1
1
167
128
103
13
31
1
149
41
6
5
216
3
92
393
55
216
1
136
301
280
396
4
5
290
1
4
72
272
287
11
51
80
24
13
328
7
132
339
82
2
82
2
321
18
337
8
9
4
8
154
16
13
29
1
37
5
4
1
2
152
138
9
15
211
220
84
2
154
45
35
12
1
172
9
29
1
4
8
7
145
1
107
267
1
39
2
61
167
1
42
10
7
45
75
1
15
240
32
27
4
5
78
1
286
9
1
5
56
1
4
6
140
16
1
20
68
11
100
3
33
42
81
479
6
1
207
234
1
49
7
19
2
1
3
38
4
244
6
10
159
55
1
394
1
132
2
2
116
1
9
11
396
88
7
4
1
34
84
2
1
8
366
300
212
2
175
3
26
488
89
12
3
2
258
342
2
10
9
314
1
85
6
44
43
13
3
1
2
4
154
1
458
41
4
18
374
5
399
1
62
137
29
27
2
123
6
296
2
420
5
43
1
58
15
407
4
386
490
37
2
380
1
146
10
36
186
53
11
5
24
217
112
104
5
134
22
39
1
104
5
294
1
92
18
55
188
6
335
356
31
352
95
443
418
219
22
67
7
30
11
15
64
84
1
227
425
135
30
67
2
284
14
7
3
4
435
1
20
44
55
23
4
26
1
169
37
2
1
4
15
10
2
1
19
16
20
283
17
2
9
159
44
5
216
3
40
206
1
39
1
13
79
2
14
328
171
2
3
5
1
39
4
48
32
1
96
13
4
43
7
4
1
407
1
127
6
219
2
3
1
12
189
1
219
1
1
7
7
2
1
1
208
1
23
45
18
3
61
473
16
10
3
7
279
47
46
325
399
274
3
4
2
1
2
23
7
1
12
2
44
1
5
5
86
108
258
26
12
1
312
23
14
124
2
2
17
75
7
147
9
9
1
7
287
9
1
33
1
4
390
39
9
1
5
55
1
31
238
16
3
1
2
133
2
5
33
1
353
13
41
9
203
135
206
14
7
186
1
2
2
1
1
11
1
22
2
7
2
461
19
1
289
425
48
1
6
20
120
3
34
13
45
87
40
419
137
1
5
113
1
33
9
57
150
4
1
2
4
1
6
1
82
231
407
299
42
326
4
2
14
36
7
415
355
94
2
143
3
94
73
34
15
4
4
8
29
21
1
93
1
80
13
19
4
84
1
14
78
7
16
4
8
37
36
209
5
46
7
1
2
2
55
1
423
281
6
8
8
3
37
48
2
4
3
19
10
1
116
35
81
2
1
18
1
138
335
203
8
12
1
2
5
1
1
1
250
6
42
29
9
46
12
1
396
404
17
3
12
82
40
8
43
7
122
1
260
1
23
3
293
15
1
9
21
192
2
9
123
3
249
367
40
3
1
305
6
1
471
192
4
5
469
220
5
79
1
2
236
15
64
22
145
5
10
10
225
68
9
237
2
429
3
195
1
253
2
20
11
129
80
34
1
131
4
17
4
13
427
6
2
12
18
167
74
3
108
12
135
2
185
447
3
428
7
6
98
43
77
11
14
183
13
2
165
1
13
7
137
17
19
44
6
14
28
320
8
96
6
13
248
33
2
37
37
1
296
1
7
19
1
143
1
15
4
200
15
25
18
28
140
152
231
33
2
19
127
8
1
131
12
282
96
7
1
4
47
37
6
5
74
54
4
1
5
32
6
10
93
1
1
36
25
404
12
1
59
5
56
379
203
5
2
1
187
124
1
350
431
200
42
5
16
47
8
5
313
1
2
24
8
2
164
2
26
345
1
423
5
270
5
14
1
9
157
115
413
6
397
278
7
3
441
4
11
264
1
100
1
29
4
9
463
248
6
159
48
17
3
3
28
98
1
28
23
46
30
7
477
4
2
76
83
5
1
23
169
8
188
350
409
16
124
2
357
367
4
73
2
22
19
1
21
4
53
27
178
1
15
21
5
1
1
147
5
1
1
129
8
256
157
1
61
1
1
43
5
48
12
5
83
70
5
1
488
91
2
276
10
443
1
225
111
77
4
15
212
2
49
3
16
17
1
394
15
6
1
20
195
253
323
13
3
6
60
1
2
2
1
1
319
6
10
5
16
141
5
8
1
3
2
110
175
6
1
25
3
12
25
115
467
400
7
2
9
292
10
270
333
19
14
19
3
1
387
300
205
382
1
44
1
1
9
242
13
30
54
369
6
4
456
132
3
202
14
8
15
121
5
72
1
1
80
243
94
81
1
2
5
1
1
29
186
68
70
1
3
444
103
16
485
2
13
19
3
193
198
3
494
14
18
30
282
2
482
8
238
21
238
180
75
1
355
3
15
6
1
1
2
9
2
307
161
30
56
353
119
207
324
14
2
2
395
10
221
4
32
14
23
2
1
12
223
4
87
1
12
13
204
1
1
26
1
2
140
60
76
63
2
12
58
1
17
3
304
22
20
17
65
10
199
368
108
2
2
8
4
2
21
65
10
5
3
1
5
1
1
242
211
29
1
27
1
2
8
14
1
1
135
14
200
122
3
8
62
5
226
61
70
3
9
112
2
19
112
23
2
9
22
54
312
160
20
226
17
197
88
1
1
1
8
3
8
31
1
28
70
104
76
3
447
13
2
40
123
1
1
33
1
34
128
5
53
276
230
392
1
35
450
115
166
31
5
42
81
159
118
1
1
243
1
415
2
10
6
3
11
6
77
294
2
17
7
1
30
128
3
13
207
32
2
4
381
4
40
201
59
395
225
17
2
138
18
19
10
28
5
131
273
13
4
26
6
1
1
74
1
339
274
3
1
9
9
386
5
1
159
35
1
2
2
207
1
3
2
6
12
1
95
1
12
3
2
82
1
2
20
1
11
290
21
6
1
5
9
16
45
431
15
43
6
24
37
251
38
18
2
1
51
377
26
58
1
6
2
25
3
23
12
146
19
1
2
87
30
2
17
3
1
5
54
63
384
1
14
33
10
1
8
13
125
184
3
4
28
291
24
1
46
35
156
20
5
22
14
1
34
1
497
312
59
1
249
76
1
47
22
111
74
2
5
20
182
76
414
6
24
10
1
3
18
7
1
54
64
79
2
195
3
6
4
108
347
414
218
16
1
57
56
84
13
153
472
3
1
3
2
464
368
1
10
1
4
18
464
30
67
9
463
29
497
4
39
39
280
90
23
1
58
70
1
32
395
7
79
1
9
35
56
2
16
16
2
421
12
75
99
46
1
163
181
39
80
11
8
42
34
8
8
192
430
4
283
6
203
2
27
1
1
12
377
7
1
4
10
434
23
3
360
227
1
112
1
51
3
1
59
1
163
2
169
27
5
23
142
3
1
22
288
53
183
23
8
2
4
12
1
3
10
4
25
423
91
4
9
313
438
291
1
2
6
87
189
33
228
1
309
74
238
2
98
470
52
1
1
5
2
9
47
1
1
11
257
3
1
17
2
37
1
97
1
12
73
17
4
13
464
12
3
3
11
1
159
8
66
1
5
2
124
5
16
3
51
25
1
1
35
10
33
278
40
103
4
21
217
1
6
118
7
7
32
4
3
326
11
11
2
1
3
5
55
99
151
52
77
6
83
8
40
2
21
10
36
1
84
8
41
3
25
112
90
63
1
16
10
85
23
302
40
65
62
181
3
221
258
4
134
425
86
19
2
34
116
21
270
1
118
38
12
10
24
3
201
1
235
2
14
1
37
9
1
489
288
232
10
3
120
1
4
21
109
1
1
20
42
214
7
104
46
14
5
64
1
88
33
4
70
21
2
35
18
282
1
1
50
212
1
1
4
18
3
5
139
2
240
37
6
32
70
1
1
3
5
4
5
5
1
158
29
129
3
25
7
84
283
215
392
162
50
64
433
35
205
3
4
1
128
1
7
2
39
261
405
57
127
23
478
47
33
8
10
184
443
228
1
469
2
8
334
2
19
1
5
102
26
436
309
122
4
42
91
41
111
128
109
1
46
2
2
16
2
223
1
111
166
49
1
6
13
45
22
131
1
452
1
1
243
381
4
9
22
28
1
379
22
15
20
1
61
16
38
171
3
1
8
22
119
21
347
15
24
45
470
402
12
338
138
2
1
290
6
21
7
10
2
2
10
5
116
1
77
102
247
1
2
318
3
180
9
47
5
5
1
10
471
1
4
412
7
11
4
83
379
10
16
1
24
69
23
59
2
7
3
20
149
7
3
497
28
149
1
481
1
4
22
2
100
377
65
2
1
205
1
9
50
31
21
5
483
4
24
292
1
1
51
393
92
16
1
304
20
3
9
7
196
5
112
2
30
83
30
42
2
13
3
35
2
49
1
10
176
334
296
57
6
298
10
115
3
136
265
6
4
2
4
12
14
7
275
224
27
1
124
2
77
22
1
8
118
43
7
13
1
241
275
204
146
2
41
97
1
11
57
13
2
229
5
53
100
3
2
58
1
339
73
5
140
1
26
7
21
74
1
70
73
90
35
6
4
29
9
196
479
34
154
20
79
12
4
3
18
27
195
18
59
4
242
18
39
16
4
210
33
159
2
253
1
1
38
76
1
2
44
15
1
2
18
15
1
98
1
3
74
2
2
5
18
7
3
252
1
32
26
2
1
6
9
2
1
2
286
3
496
7
441
21
3
19
8
43
359
333
1
139
11
3
21
20
29
2
36
154
3
59
10
3
16
6
1
1
99
1
192
7
29
46
459
1
33
4
358
485
3
33
14
1
29
45
2
8
41
163
106
1
17
4
398
47
12
7
223
352
18
1
173
70
307
3
2
3
1
41
148
1
2
2
2
14
181
167
1
237
4
11
49
1
10
12
80
2
61
48
5
1
1
2
2
1
376
1
52
49
35
34
9
69
1
2
10
187
2
18
37
5
403
23
98
3
67
271
1
340
222
155
3
1
76
3
4
49
1
9
62
2
6
40
125
2
1
14
3
2
3
21
45
2
7
35
65
139
2
2
3
347
6
117
270
55
1
27
99
2
13
65
15
64
344
1
6
78
1
2
2
16
215
309
2
113
176
44
18
14
32
9
227
11
2
35
27
1
473
59
1
132
67
11
87
47
22
6
60
4
90
5
4
6
30
142
312
3
1
4
2
2
6
3
1
20
290
1
3
142
419
36
2
5
129
182
138
253
1
31
13
1
2
1
241
1
21
4
5
451
1
334
1
31
7
37
2
448
270
81
85
14
6
26
3
3
35
11
1
25
4
2
15
5
1
143
3
21
77
409
16
45
6
154
3
103
12
71
33
2
39
8
1
19
5
133
21
10
5
4
103
11
1
5
82
89
21
99
145
39
96
9
1
1
57
5
101
2
44
46
112
154
375
2
383
32
79
1
343
164
17
15
12
120
1
106
2
7
1
30
5
1
143
4
82
54
1
8
15
187
197
479
10
2
20
1
1
86
2
1
5
39
14
228
1
42
51
65
70
36
11
29
1
1
4
10
2
19
30
7
351
4
38
111
4
1
12
3
5
2
138
20
6
485
102
98
43
9
26
1
3
1
34
418
1
1
24
1
47
1
4
6
31
36
4
47
22
2
5
1
156
9
2
2
2
50
166
124
13
144
4
5
141
37
1
29
27
1
2
7
121
4
343
443
1
57
11
8
1
170
233
5
80
18
22
55
3
56
104
18
9
6
458
8
7
1
113
2
347
60
56
347
6
11
2
7
1
283
183
1
5
1
50
457
1
8
1
24
29
297
168
12
8
3
2
11
1
3
130
10
20
5
7
30
160
2
54
108
30
2
1
2
1
364
5
1
37
377
452
6
7
14
381
319
3
7
3
1
3
92
445
473
5
24
2
4
66
1
35
41
48
1
7
11
10
37
17
78
13
2
1
135
60
12
135
184
1
6
18
3
3
332
42
28
33
1
132
15
31
2
4
1
3
30
60
1
197
5
35
1
74
5
2
18
9
4
375
18
10
11
20
19
19
10
205
20
8
3
1
29
1
3
3
69
20
437
133
3
8
1
2
387
402
1
13
64
45
154
109
8
108
37
179
4
200
259
6
95
392
271
72
23
482
1
67
47
236
67
366
47
260
33
2
26
1
315
215
1
16
6
16
2
45
60
2
38
3
9
5
2
9
5
26
12
4
8
1
271
61
9
7
18
23
12
1
1
15
1
14
5
1
2
3
25
36
9
7
370
351
47
2
19
33
419
145
384
1
9
2
5
30
6
152
152
36
1
351
109
271
18
33
12
2
1
19
4
5
9
29
2
145
3
13
6
1
54
40
1
238
231
401
1
265
103
2
82
459
60
89
66
13
47
484
2
1
9
33
32
5
1
2
93
149
8
1
152
9
496
22
6
55
82
1
166
12
50
29
424
352
159
138
401
13
444
75
197
50
255
45
386
2
48
3
1
156
29
34
256
118
33
8
16
2
9
1
32
16
1
15
2
20
1
175
351
4
500
5
1
4
7
32
2
20
88
220
59
127
316
8
9
11
198
84
2
203
9
153
9
168
1
376
162
4
4
1
347
301
1
9
44
2
187
39
10
449
2
87
5
25
93
3
1
290
98
322
449
1
1
1
41
3
4
10
88
429
9
389
4
5
145
238
2
6
1
7
1
70
259
3
64
239
8
1
1
11
13
8
19
131
65
3
261
77
442
1
78
457
45
1
11
17
24
16
20
74
1
306
32
143
250
21
23
51
262
498
195
26
54
4
2
141
22
28
95
52
154
89
1
124
11
7
1
126
28
1
310
22
147
8
55
66
203
59
6
2
1
5
1
205
12
274
288
19
2
498
31
1
2
4
34
77
1
6
1
1
94
383
139
90
460
57
32
156
41
2
37
340
483
412
57
8
37
2
2
86
1
1
9
282
1
262
26
4
334
65
2
340
1
248
1
261
1
12
5
1
28
22
20
1
108
103
4
2
14
1
12
2
41
127
2
29
47
20
342
11
89
1
1
219
1
1
125
1
2
138
31
1
1
6
151
4
116
172
115
220
16
2
107
5
321
232
5
20
2
308
33
6
443
1
27
1
34
22
50
78
13
217
40
7
44
25
1
15
1
1
2
78
16
2
485
8
44
8
3
1
53
9
77
23
1
311
95
17
94
10
225
149
49
1
35
56
170
420
7
111
15
4
189
210
10
8
66
16
7
159
288
167
2
10
1
270
424
3
4
1
481
115
2
2
27
37
217
1
360
12
3
111
2
4
27
21
10
281
181
126
441
39
2
432
2
6
60
57
1
1
1
310
1
16
85
34
2
1
295
1
98
10
17
3
1
1
64
135
1
6
86
487
105
3
188
1
3
35
21
27
3
2
3
102
1
126
8
7
293
9
97
215
7
149
44
5
11
149
149
39
2
2
2
431
116
38
28
52
13
223
2
3
1
1
2
76
1
66
121
18
33
4
69
6
405
54
7
75
6
1
1
22
1
20
1
1
17
87
12
5
3
41
151
12
1
40
94
6
283
1
228
5
48
267
32
1
173
50
4
3
302
1
59
399
22
5
37
3
1
79
306
32
34
1
149
36
246
110
1
6
2
84
12
1
259
63
484
59
2
327
161
2
2
43
41
238
419
5
4
14
2
1
236
3
34
266
1
3
1
80
319
9
17
4
79
19
3
1
1
9
164
1
260
4
66
1
118
178
43
1
1
8
6
319
6
1
17
2
176
36
164
330
2
4
9
201
52
1
133
15
6
6
22
313
4
187
1
3
91
54
2
367
158
1
1
1
300
25
1
9
260
11
54
23
379
261
112
4
120
7
52
3
102
57
221
75
5
3
29
38
126
317
2
14
88
1
42
7
2
173
20
225
2
13
1
172
88
38
7
1
92
8
455
1
1
98
253
346
15
1
1
42
16
155
2
17
27
4
11
154
304
26
1
1
3
363
4
1
135
61
165
3
1
27
1
1
1
39
91
9
1
222
287
1
3
2
108
1
4
20
10
105
23
67
15
4
19
97
4
2
1
230
5
214
7
1
2
9
21
314
4
1
4
12
11
1
69
287
128
6
26
283
7
67
1
10
59
25
15
146
1
1
1
303
17
312
4
1
5
3
6
2
3
77
359
4
12
8
101
4
116
111
3
1
5
149
24
16
118
204
237
1
26
2
90
1
2
50
3
52
5
184
15
1
1
381
6
153
1
1
175
138
1
12
124
41
1
53
4
86
33
53
39
12
349
51
1
5
14
1
15
1
6
2
37
1
70
1
274
13
1
1
68
22
311
10
198
5
302
354
32
13
4
2
90
27
98
2
5
2
1
73
77
1
13
2
1
50
2
30
76
24
1
244
4
20
1
70
20
4
369
1
7
85
1
5
3
1
25
86
2
6
193
44
5
91
325
223
4
1
9
209
25
2
7
7
53
272
248
1
4
24
40
2
61
67
13
6
88
20
65
1
2
284
32
1
254
135
6
7
15
8
1
35
438
4
1
1
1
281
81
45
131
386
56
99
32
3
62
8
1
10
11
68
122
1
16
2
327
2
35
60
105
30
97
10
3
5
1
2
199
26
261
300
2
5
9
159
7
11
2
31
7
461
73
61
149
220
22
5
5
3
229
1
2
15
117
1
121
1
7
3
2
2
121
1
3
3
10
68
35
2
12
1
13
449
1
13
236
21
14
105
121
52
219
91
89
1
427
487
293
1
4
90
15
1
461
322
7
65
2
161
461
3
135
4
17
164
1
4
42
26
8
13
2
54
40
1
107
1
2
26
147
83
17
23
66
131
179
43
201
1
283
25
30
48
327
398
62
63
1
106
35
32
240
357
2
5
193
264
45
4
35
2
2
1
49
9
27
1
2
62
156
178
419
38
7
128
1
2
93
1
5
16
1
1
463
40
9
8
9
306
15
15
337
14
92
1
46
34
37
2
50
7
8
5
2
