2184
1790
2012
1389
1860
71
2357
407
446
1017
186
1012
211
589
2804
1562
1831
83
197
1
221
106
773
529
63
29
2216
246
1976
24
303
592
642
1145
2686
1268
90
351
1198
244
761
58
81
861
1881
2181
45
1322
8
812
204
59
96
194
2572
1101
33
1735
75
145
3
107
56
117
971
1134
12
21
2
153
1655
227
482
1802
1607
113
74
1081
154
73
147
2924
2
409
4
31
6
46
25
545
1300
1619
147
1473
1
197
4
444
84
1670
21
1671
1
363
8
2932
904
1
321
30
27
1791
1400
103
203
128
32
88
355
704
667
2816
26
4
158
712
2676
1181
2386
2674
108
533
2585
326
1806
9
335
1828
1361
2106
11
260
2619
14
4
63
37
8
137
188
820
418
79
2162
1
2
1
184
225
2056
141
18
152
29
15
183
438
1349
1694
2642
673
334
7
5
876
1324
2129
1
1154
415
105
716
5
1285
2597
2329
17
1755
516
98
5
1
143
2810
43
11
15
747
1516
1487
868
38
162
2209
150
33
81
2519
1443
1424
702
532
991
3
82
415
5
1759
66
16
341
2712
1426
2836
1369
246
722
11
74
71
24
51
1438
28
8
488
68
1999
1876
241
1789
966
245
844
2601
1032
34
66
2413
2349
747
3
376
285
251
786
1702
328
28
1197
24
106
1535
1814
11
10
564
1
147
988
171
207
59
1353
5
13
1951
2296
302
899
28
2
20
320
58
1065
169
1383
7
904
68
1207
129
1011
253
45
1
1
12
578
73
382
17
1
241
133
11
1194
330
1655
1144
23
2351
13
2821
482
1351
233
65
1184
1718
148
569
182
770
31
1295
96
108
597
112
838
2264
727
553
872
2200
1847
5
512
901
6
358
183
2
553
62
1222
73
3
257
882
1215
613
4
4
2084
140
205
16
144
844
782
2771
16
1
858
821
15
748
1
801
69
146
625
2264
1426
2988
202
2
900
297
1277
777
7
183
4
1
573
1
33
7
58
720
141
2349
128
2592
55
336
3
1817
1774
4
591
85
4
90
170
185
58
429
256
1305
37
2449
103
31
1
214
967
11
639
1496
95
1281
1681
2679
639
1042
50
4
5
393
508
239
91
1
504
2030
225
617
8
52
1489
183
356
3
217
111
100
14
897
2
2203
3
99
402
1848
614
1365
151
12
1939
958
2617
9
1518
275
122
40
1688
345
217
129
104
1917
1681
1707
2218
11
41
686
194
40
31
27
49
356
295
1695
196
65
3
417
100
2090
1
2865
33
981
26
285
1762
734
1915
247
943
1740
422
1
124
184
1826
1799
1917
337
728
1482
129
2397
1145
38
64
40
202
417
1601
173
29
38
2283
2375
1241
1
268
2338
1915
1956
500
1579
2
84
119
280
272
50
16
3
1130
283
2612
26
463
2243
216
2417
67
34
54
2197
2
2017
551
52
2483
196
234
2924
1
306
6
320
1
1024
1274
121
2827
33
1382
11
75
348
227
408
1494
2293
6
1202
1282
1336
479
798
6
201
2370
3
534
5
6
918
392
829
12
927
2213
1636
1312
2767
18
820
1468
121
71
1434
4
1121
9
15
26
18
2802
13
1239
139
1607
271
22
13
761
339
199
1596
90
26
188
61
1294
1052
33
5
1
100
138
2444
2117
15
39
2084
2146
41
617
1
55
1
1200
35
2
251
1452
126
33
2722
72
39
1
44
2435
62
790
2304
151
1035
129
392
725
1139
1054
1205
1018
226
1328
119
194
326
8
15
1246
38
279
93
465
499
989
73
1933
1117
2462
76
95
1
30
226
19
2912
4
10
1715
200
32
88
788
329
6
44
830
137
3
10
35
800
49
1764
2745
368
2835
2
6
2543
8
91
293
5
110
50
1998
4
811
105
839
8
11
584
4
1634
2106
10
158
134
96
5
312
1072
1818
1
174
660
222
1387
142
1
315
2402
1596
1385
283
495
45
31
40
2900
6
766
22
703
190
1351
1093
1
1
1
2552
196
759
379
153
5
54
302
428
2328
36
1995
2637
3
2086
18
1047
8
506
295
235
329
1536
1063
3000
1108
1235
869
1604
10
20
26
558
4
4
1809
558
1
1944
505
2725
837
2474
31
11
2116
2753
466
7
1925
2385
4
538
265
1947
61
18
1234
612
2
392
338
1686
1
147
1596
892
210
17
148
470
2654
463
1185
110
375
105
4
1174
14
4
580
104
108
300
407
259
958
2439
2021
432
5
1452
685
1295
9
4
932
67
647
23
674
1305
211
2
1671
16
29
2940
21
220
27
2948
1949
16
1046
24
1007
585
1
420
2968
39
23
1
370
1729
43
1070
16
7
18
1281
4
1
7
1348
37
18
1
252
509
64
52
429
266
2813
3
482
2229
1391
24
119
638
72
2167
4
1993
45
1665
2866
92
1194
902
2217
936
648
944
476
361
1602
210
1788
51
1
282
424
2563
263
1013
264
243
1860
436
260
77
689
2377
1
18
23
3
12
121
23
172
85
1366
1
1813
33
2418
10
1298
1151
38
252
181
118
89
505
6
1673
2455
536
82
584
5
59
357
46
189
52
83
1871
115
2
2357
611
256
2905
358
491
679
31
76
254
2649
117
3
1237
147
8
1207
2937
4
38
354
6
761
8
77
138
439
48
1036
1
23
2793
756
6
2
1548
1731
194
374
194
1044
974
198
416
294
4
3
174
659
2305
2156
1615
2006
94
1733
655
29
187
81
2852
1008
149
699
168
16
9
11
239
1527
2324
44
34
629
208
527
812
768
2
88
1324
785
124
2190
421
1
32
27
117
864
42
511
47
32
666
40
895
1139
373
2557
385
39
321
1748
1638
404
209
163
6
32
61
2596
118
3
400
1842
300
502
141
1246
2910
7
167
99
2
601
1549
32
809
88
23
165
399
2438
40
18
2
549
482
61
1784
1067
21
1062
13
1292
14
2583
99
1397
547
225
78
2828
53
22
2025
1449
19
17
382
463
9
141
15
97
1346
1192
185
2984
184
5
52
392
1570
81
208
2864
137
1544
2
2081
87
6
591
236
2902
10
5
2646
305
910
48
141
1836
239
469
1511
791
7
33
3
32
556
34
7
54
13
6
318
2910
79
47
2663
1
2027
292
79
60
552
1
2445
6
45
159
15
78
7
384
182
42
256
654
749
1
9
968
13
112
582
15
48
2481
1087
2800
28
860
4
287
278
29
1
283
43
2445
1155
2479
17
10
701
2919
2306
10
6
1226
4
333
126
134
457
81
26
2011
62
103
711
2466
680
1
8
3
146
66
281
2231
11
114
2310
2615
905
28
329
113
1485
371
92
4
70
581
1977
183
57
1
220
1200
896
163
660
32
134
1781
913
358
111
156
1032
5
816
1559
19
1199
1894
187
1426
224
1296
3
9
671
111
986
319
83
69
513
6
2159
1257
128
517
1017
268
600
206
321
3
1019
7
40
2238
70
125
195
1950
839
6
141
168
1443
256
23
191
26
372
1671
309
862
1711
748
1499
14
172
1451
2179
2635
546
2768
129
470
49
119
2985
333
15
32
30
845
3
1867
1291
213
1447
33
2435
28
5
1705
40
1145
1589
208
1439
171
183
51
2559
69
2426
2
492
1341
9
202
343
178
1553
423
27
32
4
1618
1374
2262
869
13
523
78
732
228
102
37
166
2372
435
1941
131
251
120
2180
5
34
73
199
184
309
84
311
57
1988
602
158
348
434
1596
1800
571
47
27
795
712
5
158
189
46
429
893
2
1
420
1693
335
793
82
183
2
1988
73
1969
4
1302
1
46
27
491
421
531
10
1
1193
1520
1131
2856
248
2109
2570
1
7
86
317
429
14
2931
2169
131
2
680
920
908
935
328
106
110
80
942
1003
16
2928
6
1755
1332
34
823
23
223
1405
14
2476
265
113
4
55
5
4
1059
2229
168
1379
196
2597
1991
573
842
2572
236
2352
213
89
239
336
4
723
48
2817
35
43
8
958
2299
68
105
522
660
39
17
1576
5
129
88
60
27
53
196
1869
1917
347
139
582
1669
11
98
875
1
711
4
1829
1646
86
393
21
4
105
95
803
50
424
809
256
10
1861
209
7
15
1163
61
2599
611
434
11
109
2031
430
474
1
950
614
1710
206
39
1843
1
55
1080
482
50
4
838
1
696
323
1060
3
50
243
11
904
1077
2533
507
46
26
53
1544
483
17
1
2046
259
795
2678
449
196
1
398
19
1
2016
6
490
955
458
726
2372
122
106
29
1
923
940
2003
14
580
1773
1853
223
87
2461
1409
36
231
590
436
495
1649
2205
14
160
679
2066
1609
22
2148
695
66
2040
290
1310
3
222
564
1284
5
85
175
549
47
52
63
2907
396
1177
2609
135
315
1
1872
2708
1106
31
2049
62
142
2413
4
885
13
13
859
66
366
1106
622
562
1880
1
2607
39
317
278
68
926
15
446
1383
782
2100
929
2238
129
1507
65
90
2185
50
16
406
90
244
424
89
1219
807
2249
2104
15
361
104
283
612
2802
102
1
1571
61
2891
238
386
223
2712
83
32
185
51
330
442
2321
282
1220
10
237
198
117
66
323
906
2232
4
2696
2622
1033
176
1981
2267
831
922
222
37
882
447
2880
25
171
14
467
1475
153
4
1614
1148
449
51
194
1391
412
57
2783
1006
1722
2
812
409
140
551
2735
90
35
1246
160
948
69
898
2698
1229
1073
1270
7
911
1
2601
1390
6
953
12
1
34
68
3
783
1
2234
278
2
297
2172
566
10
319
98
16
12
330
1245
9
269
226
1456
1321
247
134
1662
1402
911
2
674
60
8
649
852
155
867
89
435
1294
2414
1053
546
5
595
1477
895
107
1
963
13
262
74
791
490
214
322
33
2567
2402
1265
730
2314
5
25
2221
54
197
345
2769
9
3
14
2624
2683
2113
148
92
2
11
1213
185
2438
59
961
555
166
12
10
1480
1207
3000
42
1050
14
1
2664
29
269
2264
1416
7
539
43
1108
79
772
1225
1191
15
118
12
838
1694
139
6
303
989
327
100
124
678
792
2307
30
1546
189
781
26
265
43
288
450
1401
867
2449
742
230
47
2208
113
6
1263
2631
92
1378
1167
597
179
16
52
157
30
2643
75
12
419
1007
267
42
3
227
549
2610
890
2
6
364
1426
67
13
2
1
161
124
1147
76
378
218
588
324
1
187
671
1
2
1633
24
3
1723
793
808
711
2183
183
2049
59
120
110
2464
187
2681
797
99
9
1952
271
2662
1
4
183
103
172
1618
2553
65
1044
51
745
58
34
180
44
939
454
324
250
60
18
508
2833
1105
65
1921
49
153
2
1307
1
20
1029
32
1352
1267
60
65
18
737
175
2880
9
446
423
27
57
1002
329
1070
7
196
36
715
2727
181
22
264
1874
456
60
2781
117
2665
1581
837
148
935
801
81
1295
6
1504
2518
83
1932
34
2699
136
5
1132
2058
112
3
350
812
54
1058
561
640
452
74
84
586
42
1349
7
9
552
21
36
11
215
228
560
1798
135
6
28
4
154
1906
5
93
3
2416
2195
8
29
1
146
2210
54
2422
11
876
1643
58
101
1387
2397
889
192
2057
149
507
2151
1690
154
23
46
2323
497
1190
1977
1569
2981
1
71
20
2
165
668
340
107
1277
1527
2744
277
556
30
392
2569
168
967
176
1929
1164
36
12
272
116
102
708
52
15
938
7
1547
1345
1545
198
745
81
191
105
5
796
4
3
6
226
76
1036
1433
6
508
1166
14
97
1175
1032
2
1951
5
1060
703
1227
7
2172
691
2555
751
459
1608
129
590
1793
1722
349
586
2424
2572
662
199
2157
114
31
105
1807
2875
1135
998
8
224
199
1819
183
186
554
1028
185
1725
1629
226
134
3
11
1594
206
1157
176
156
142
410
2
182
161
2770
208
915
2909
1609
2
12
68
2147
291
250
1
88
55
143
1118
14
6
1509
110
1
1523
1221
1849
1257
46
2163
159
2870
570
129
20
2443
1059
34
332
1487
1309
97
58
55
2679
61
899
1805
2
353
616
1
28
1
355
235
2278
1175
2602
19
413
3
831
162
211
752
41
15
16
691
1
15
7
1311
2720
906
2770
80
32
48
34
689
51
47
62
22
13
4
25
143
763
84
2139
1048
371
12
2
280
15
149
826
188
19
106
37
12
1631
670
2837
10
1234
2245
58
395
4
24
1
10
2342
657
27
129
2714
3
105
22
1068
2598
1597
2
951
1211
2806
986
1341
792
1149
554
1614
33
1
79
732
11
1021
158
258
252
571
378
5
20
2780
2
27
213
776
2984
18
14
468
201
57
483
3
1254
63
62
972
29
612
1875
2
815
33
367
1349
119
15
77
327
379
53
1224
305
60
394
1215
143
743
57
581
413
6
1
4
698
1276
1220
499
2520
2982
476
1175
1608
439
40
143
2889
1042
1535
393
164
3
45
1648
96
13
52
5
16
34
26
107
177
382
49
550
499
90
25
302
6
2603
451
216
76
1078
591
606
1198
4
43
404
1098
527
20
213
178
309
834
893
23
491
1265
219
2718
29
1712
736
1263
1782
50
407
1193
19
4
1820
92
2147
1815
111
995
1
109
2
92
1520
22
183
1149
1
865
53
8
8
15
6
412
42
653
271
1
1561
65
163
1362
2466
416
6
1485
199
2587
1184
3
2580
69
1856
297
1177
2045
2
2
967
52
1385
320
87
52
2
326
72
1091
13
74
80
1
191
37
87
513
935
5
38
2442
1058
963
385
19
2045
4
331
1247
1447
2
4
12
1581
2
449
2
58
46
80
1589
857
29
90
696
250
334
685
23
378
1102
3
1
1650
1843
1677
1
28
2227
179
237
2
2806
502
2260
9
730
1458
118
602
28
1034
2315
2277
159
42
26
943
1162
1603
609
10
6
69
127
2707
51
348
934
4
2520
5
55
150
332
429
1019
2519
2629
9
58
448
11
5
2042
128
134
2903
407
658
8
59
167
389
13
183
2406
14
22
105
1394
530
778
2052
381
1338
2830
864
230
15
23
1342
2993
871
390
2398
347
1433
79
2945
56
1994
2200
164
20
83
30
1069
296
405
916
8
14
1
65
501
139
104
15
184
6
108
2449
2239
721
41
1689
13
57
635
2351
84
252
19
77
526
232
385
217
126
803
171
144
2110
21
592
9
612
7
1067
9
2310
55
2719
614
30
939
102
1
1350
1
981
2570
1002
497
838
19
523
706
1467
85
1872
103
1598
896
818
283
1
2
248
718
359
77
837
9
2713
33
221
584
1601
635
2657
347
1109
52
882
2985
1678
2518
1
1547
482
1157
163
74
64
750
49
563
211
19
334
23
110
1
426
1057
4
10
961
1725
440
30
727
56
2531
2822
958
2115
456
2097
190
98
1568
131
39
17
10
89
601
638
742
1763
2213
133
69
395
1033
40
641
2284
1736
6
1053
69
1294
1
644
533
19
20
398
2525
834
10
189
123
2602
589
1233
174
1494
2508
57
1660
1
1029
72
172
2285
1507
20
2383
96
52
1125
41
1708
19
46
98
773
653
330
2678
1419
1367
1581
1529
2361
33
747
2128
1223
2503
349
155
403
17
5
69
190
5
205
585
408
583
131
24
56
179
2609
23
643
256
295
1285
936
315
2647
1944
53
2326
2
266
4
36
367
29
176
1822
1424
1859
43
79
2630
178
66
2503
2676
727
2909
74
1051
115
202
225
383
439
2992
5
102
1028
28
91
2314
77
260
1034
63
1288
30
4
519
68
25
566
1
1
221
23
225
8
146
4
821
10
2927
56
2035
21
1110
389
1106
503
451
88
2497
1548
2725
67
249
1061
73
64
1619
1
256
1524
109
1235
1084
76
10
479
275
34
239
108
100
780
507
1
1240
163
2793
1290
187
19
282
2224
7
899
68
355
814
71
6
407
494
12
1523
306
272
942
1856
548
3
1826
304
42
1
849
2818
107
2202
561
3
272
113
5
28
1
1516
1751
1
1679
10
3
4
1
1461
44
414
1396
1658
23
23
2103
800
78
402
1006
195
777
545
1
1952
38
126
34
1441
3
1888
17
39
3
2342
8
4
91
1486
7
2565
1
268
1426
1
193
6
64
2004
2456
133
1371
383
65
444
288
69
93
147
2555
11
12
349
7
2758
531
60
302
387
1619
12
134
1
43
1
1
56
156
250
18
25
124
46
621
104
721
2017
42
30
1
370
2612
2313
931
354
2906
573
1215
40
1107
2184
35
2878
578
996
1219
45
58
50
78
2297
769
430
266
601
639
25
1
839
397
610
3
11
280
34
927
2
279
3
131
1249
1274
39
103
1671
113
1255
1241
6
623
991
140
328
172
180
2154
1163
24
1
2968
860
230
1285
1
4
6
156
1709
31
320
1615
1902
269
821
309
19
476
32
102
1663
450
171
314
2368
1793
9
10
1
1888
39
122
833
1973
773
85
266
47
4
483
506
2
1730
1465
322
1091
76
2039
20
1916
369
98
36
1703
321
479
87
53
766
1520
2358
483
1790
2971
754
133
1159
77
64
613
15
13
839
476
17
175
512
1119
222
2184
351
232
668
16
489
30
261
6
249
507
248
9
1075
15
541
2707
2467
505
21
439
70
839
81
656
1051
554
1063
676
217
11
2334
1394
235
1293
254
11
1
1105
63
2311
1954
1009
1034
14
687
1345
21
264
19
2
2881
708
1046
2920
2
1
320
225
517
186
337
1249
7
2845
372
299
75
727
32
17
44
1662
228
219
537
265
875
11
416
330
772
5
739
353
1275
7
48
551
119
1024
70
4
113
1
459
2056
40
2918
1
1140
2297
672
7
1469
292
44
238
36
1041
2353
37
1303
617
2765
651
26
109
77
1477
8
379
1684
263
104
13
2978
2723
29
710
23
598
69
1075
221
187
323
92
2
7
751
1582
1
6
360
38
1304
28
205
4
335
1328
24
920
1
109
190
428
1
1047
1
172
159
416
44
842
113
18
44
1759
90
47
224
769
145
2319
73
1296
1052
14
4
24
251
347
1359
1225
2
724
26
30
27
74
313
2123
152
1476
2
986
1646
2623
537
405
2066
51
101
1220
442
12
319
51
1838
70
203
1363
225
2
100
736
5
47
31
411
1
911
25
1456
291
22
29
838
1
64
207
15
1784
229
2949
8
18
823
549
432
446
66
2
2028
336
2970
2193
481
246
1866
8
291
95
2564
25
190
1624
803
303
157
99
2998
50
2296
184
284
1683
1
874
2693
522
1519
498
206
151
189
41
5
1
11
7
11
1573
1810
602
2169
503
15
18
7
767
4
265
13
140
4
1590
149
219
13
2521
11
428
29
81
1244
36
983
3
68
158
1
2064
2840
117
14
585
381
2511
171
17
257
261
9
1
2119
1929
347
734
2294
1625
2085
94
910
1
1412
9
988
913
214
1729
67
306
74
461
29
47
825
2
936
2555
800
1052
7
4
288
54
2715
1021
2342
612
1490
1297
10
34
2991
38
2522
309
2683
132
594
1
1294
2931
12
12
60
2873
1
494
109
3
2031
836
396
944
1243
227
39
1250
77
2140
2453
157
322
9
88
1733
2132
2344
9
261
1624
2280
2250
181
13
29
13
5
765
2411
20
766
572
1040
3
1317
102
8
1584
287
715
1092
205
70
15
1663
18
99
1132
76
2749
381
1489
823
890
323
14
1637
169
2
356
1035
1017
2012
402
475
115
1
1577
67
2815
287
124
24
365
766
188
13
454
2
445
391
74
127
1471
79
116
38
1479
1
2108
533
1688
57
29
1153
237
424
926
795
8
23
23
2289
78
14
3
628
1493
2807
100
84
49
227
1
2381
2
20
877
897
276
6
44
1529
2044
165
2214
1988
2
201
2736
149
2
46
215
84
776
20
21
1268
111
7
1
23
115
762
27
889
37
167
13
374
10
8
479
4
292
1
2
67
2528
844
28
148
1588
437
1509
2666
8
85
157
1
785
754
931
2931
479
502
702
80
9
63
34
1
5
291
148
74
2927
2992
190
1
576
39
347
27
45
1074
74
63
2230
303
2414
2328
5
885
99
99
437
2693
15
255
1685
186
1526
27
135
9
2066
9
1870
2648
20
1
1
2
1
30
943
608
1439
38
1606
569
3
146
1
785
14
525
317
33
2128
5
113
535
50
511
1822
5
913
1728
230
1990
109
711
54
42
1863
2599
172
1320
1216
14
624
2498
1650
304
393
488
70
2313
2343
1088
5
12
967
18
818
54
1915
1820
56
305
5
506
237
1977
295
114
2308
1199
252
102
109
29
449
1260
7
1453
258
1544
3
92
1270
1376
43
1764
3
655
2203
86
685
415
2121
1681
129
140
472
1881
18
1131
439
666
179
136
108
1750
702
635
92
9
94
12
2406
114
1437
22
1
289
389
1562
21
539
484
38
1557
481
18
3
1169
2862
21
1296
2430
43
9
1369
1676
18
1245
2817
2206
1991
2
537
24
989
70
271
32
1666
1
11
36
1008
440
92
2241
25
93
56
3
1079
721
373
134
1127
810
57
2714
337
1215
17
1025
1864
9
140
1321
11
744
2232
123
60
11
33
373
1561
286
1298
1265
464
274
1161
646
1
45
1257
840
44
410
1766
2164
743
167
2455
2003
1
163
2269
16
242
1616
52
103
2
30
1918
1
5
1
111
2721
2
141
45
492
38
1
539
694
192
341
1619
261
856
1144
8
1793
155
453
1012
153
2751
1
33
76
2454
22
1183
541
206
628
2400
209
1186
2201
116
108
32
30
34
1017
402
456
1888
1
805
1
1150
8
2277
3
157
1033
135
20
117
1508
2324
1506
2847
2
15
26
1
751
652
372
20
73
1
2
602
26
2191
2387
884
19
5
746
65
284
1554
1518
619
873
1348
2
23
450
119
150
440
87
1199
3
1227
628
471
14
469
187
41
65
709
2
1
152
1919
517
28
350
61
4
149
32
874
2096
1789
2884
341
173
16
5
1609
7
16
117
2760
315
1499
1113
477
1410
69
13
35
404
9
584
37
209
62
386
212
672
76
65
2
1752
270
87
2588
1
1
2727
8
1150
124
2854
96
401
12
92
580
10
70
64
42
21
1478
72
103
29
56
2071
680
130
120
4
126
98
32
434
2370
330
7
11
1
176
1657
656
1
1784
36
5
2588
1765
13
2919
61
1
457
729
1794
520
904
77
107
1657
245
2342
1
479
13
730
4
246
3
1411
299
360
1
250
4
18
406
366
103
1117
336
79
148
665
172
2793
1333
3
2
275
942
1303
57
128
68
12
2081
1685
2895
42
2325
423
3
105
9
2958
71
28
2953
93
137
3
1635
84
1196
619
1996
595
942
2145
8
5
125
7
97
789
1549
1716
2487
1349
2238
2691
1577
82
34
3
437
56
5
955
1224
866
2320
328
379
254
1262
2
511
2813
228
1370
691
1306
6
1968
141
2517
374
197
336
566
1180
48
4
47
24
679
1
1328
609
1547
2420
2222
184
2464
1271
1430
355
310
2
267
44
2231
1
75
313
20
2
27
65
2006
525
5
3
259
1593
85
368
1666
11
97
2851
462
70
451
738
1938
862
2520
781
2364
205
1891
308
87
52
2827
686
2353
248
370
551
79
1
2922
1858
2956
4
1
101
1
20
44
211
204
2123
1084
1174
1450
143
53
5
49
2084
607
2
843
13
1988
641
425
19
1173
2437
1991
642
45
1556
814
71
185
2085
10
2667
456
12
125
1583
8
45
764
84
104
582
490
2180
2598
793
1019
1884
11
2164
57
1498
516
85
623
2372
1660
220
99
1491
992
343
7
70
36
77
45
111
48
38
26
4
2086
2255
80
2340
4
690
2486
396
4
447
334
251
196
28
166
11
2763
1092
413
63
34
626
1693
1
71
1
3
251
850
192
999
1721
1689
1743
2189
1
113
1403
556
96
236
370
92
176
1428
268
1
1176
1
15
4
6
2626
1842
644
761
700
1468
198
2
2081
47
921
98
81
199
1921
2
71
301
1663
2083
14
332
178
2477
108
40
325
26
259
2554
343
1
211
14
1
61
200
1682
1704
4
2715
45
1
1690
21
596
1282
1
11
696
2224
1394
25
13
313
1343
2299
1483
825
181
2552
9
2770
2434
2
72
342
29
469
487
474
164
2
112
1208
2468
7
105
22
115
1059
1849
692
547
10
45
40
267
662
876
2198
1257
976
415
185
1420
143
720
10
170
1296
606
1
1225
103
1715
547
494
22
944
1686
1958
393
53
2
105
79
42
312
2514
1765
612
368
4
763
530
1
2036
288
1
2164
1210
36
281
4
1338
58
1016
112
83
200
560
17
2692
5
20
809
434
1
44
197
391
142
26
27
666
6
277
976
58
1849
689
63
1120
30
2019
35
14
2829
1277
2285
1416
502
2
1963
3
313
1874
3
1198
1697
314
44
311
5
1408
28
252
2972
191
1154
215
2656
3
109
57
5
5
532
898
1008
596
15
584
66
2198
179
115
1394
128
1394
301
1189
1457
79
1246
1426
100
2441
2352
2801
592
791
9
1
39
1389
967
2410
323
4
379
1010
1805
1677
798
631
19
156
485
109
13
942
76
16
837
468
417
1384
22
280
254
1
16
726
1
324
116
115
439
78
231
4
95
2
1
6
13
1
168
21
4
1032
1023
74
958
937
1481
1389
1
50
2000
1075
2660
460
113
384
262
10
1476
620
73
1276
824
2423
2013
297
1623
1787
143
7
705
81
643
12
110
2425
20
636
1561
1
21
1501
18
102
125
1713
27
631
142
766
1
46
736
20
2550
38
430
128
2484
28
2473
6
81
2005
532
192
76
68
2763
2234
254
61
34
190
366
105
89
74
460
47
2320
21
35
1568
100
57
175
270
117
11
2962
12
1561
15
1607
152
854
208
67
2
52
1088
847
51
1566
5
146
205
301
1717
621
20
20
1027
1124
934
1578
906
3
124
2058
1
2525
2246
359
96
121
1
494
2284
1053
1069
83
61
220
13
285
4
330
856
676
2749
139
11
28
385
345
30
513
11
641
6
1706
2437
1722
243
97
142
1711
15
247
7
326
128
782
334
1177
1966
6
72
1120
323
1
24
451
434
19
2413
2
403
110
22
476
1035
915
44
1671
614
10
2
1651
776
594
115
4
1870
3
97
75
1424
23
1308
44
327
17
539
5
55
1459
520
175
116
23
1689
185
457
455
97
729
15
2
162
42
3
9
2
2319
68
526
10
4
782
2537
1688
696
329
675
83
693
75
62
4
2342
667
788
1766
1082
437
1198
48
7
1217
81
1527
32
1079
2154
56
204
505
365
2512
99
2068
977
66
1338
50
3
2547
1
1075
80
562
662
1547
1871
23
24
23
820
1858
503
144
673
2869
9
1421
4
580
1565
175
2
2469
601
36
9
398
234
2061
820
2087
1501
15
25
58
119
19
38
260
12
80
3
312
2508
1030
26
2014
32
24
1002
259
64
1867
2
1623
63
1470
3
48
11
553
544
2543
2
1298
169
1022
22
828
1148
2017
1629
997
1011
133
30
1752
316
522
4
1793
12
2811
8
574
2224
11
1556
967
432
1523
304
1879
1
303
568
64
403
1994
818
661
7
1808
1294
4
489
728
282
823
57
19
1
19
425
368
275
314
62
285
1352
2351
1923
204
70
2685
555
301
173
840
2314
811
575
19
47
438
178
99
2781
24
524
41
1482
20
1
10
183
38
1274
2459
104
36
401
315
33
2866
1439
2568
994
305
1361
2467
713
918
68
6
245
48
651
1
2106
2137
1
310
338
491
2444
3
2530
78
48
171
405
78
2278
1259
167
487
2094
823
12
40
115
6
305
8
1
449
70
643
311
7
416
272
135
256
2448
67
1
708
1
14
494
2594
1114
15
2313
68
1559
15
72
135
2561
292
387
1967
51
180
4
204
501
25
142
23
3
764
2
667
853
169
67
11
51
641
7
652
1
12
2403
1
1625
194
1990
23
2162
2146
447
20
114
2334
1862
23
899
2416
285
2861
6
2336
20
38
1344
2
62
3
43
2468
10
247
2417
46
156
2101
6
3
20
469
17
427
809
2660
1547
14
431
19
385
212
59
1897
244
20
34
2034
959
331
46
5
2375
2016
348
10
821
1345
21
167
166
494
2902
1
1
162
1433
1313
14
17
1
9
6
331
206
135
1
7
122
65
1
5
910
851
150
70
383
218
8
555
3
2
1374
27
2798
159
4
39
228
337
8
24
5
103
169
439
14
375
289
14
2141
42
4
10
1996
24
117
15
213
2077
79
4
7
58
225
541
1544
23
11
75
384
163
1112
74
2733
119
1195
670
239
1
875
326
726
1543
209
53
240
174
388
326
1425
25
10
315
2380
1399
767
975
14
27
3
855
731
297
739
2725
199
6
47
1682
876
1351
159
2161
9
1395
221
186
266
94
11
2554
746
1024
13
160
12
186
1867
166
1774
1387
1879
525
1
1
565
814
266
82
229
176
2976
101
4
5
235
252
457
2
21
4
14
111
21
68
912
531
287
789
2
194
122
2969
103
2277
1632
955
1893
934
1
211
629
12
2037
812
755
398
735
2180
6
1
2
969
228
140
184
936
27
193
1694
144
3
628
16
121
36
2676
6
1468
1933
1302
18
237
21
7
1245
1012
203
2
1199
1
41
2382
90
30
37
79
2
229
1546
1610
1172
16
6
97
1
1
1
2445
2429
238
570
1298
2271
86
369
98
596
36
585
44
423
2304
2258
3
1049
23
31
117
250
1085
105
1590
1194
1620
1
320
455
1
36
155
1146
32
9
1
475
79
20
517
2433
1428
1723
6
1493
223
38
38
2037
2068
551
347
1992
2453
163
2271
2472
142
931
14
97
191
1634
184
142
405
429
6
23
2771
813
237
66
1706
467
139
1
8
2435
256
44
3
1932
1567
177
926
1380
612
199
25
17
383
140
366
163
267
890
1290
79
1605
2
2648
11
29
1384
89
78
2416
757
61
151
1270
215
153
1
246
2033
28
1923
598
1090
4
367
663
50
95
2366
654
128
1079
5
61
1299
240
701
144
35
31
1970
2
48
734
941
2789
13
3
186
44
248
155
2657
783
1303
1
1754
364
2630
4
1
1011
15
2
324
2121
58
151
1386
18
2010
98
27
50
962
1694
499
12
948
5
747
1378
4
12
1490
2618
1416
2780
1955
189
1837
302
843
2664
2
702
2569
1773
675
3
37
6
2994
511
7
2
19
7
1182
793
323
2712
2
2
188
2056
203
3
153
667
15
1178
365
2187
39
1
228
167
298
1214
145
298
1179
902
186
152
2038
14
723
102
209
6
1277
1157
16
3
1377
1
351
777
10
59
1506
90
2784
2478
9
229
2622
220
12
1320
9
306
898
1807
62
1176
26
679
582
18
16
2657
39
73
21
45
575
282
170
1634
52
10
1
26
77
17
1934
2
719
1975
2710
6
158
283
673
1449
133
1455
2484
8
22
755
18
1678
34
19
1653
1474
50
1849
69
294
332
1165
273
7
1739
1915
1505
517
2954
870
8
345
15
2708
28
1219
174
2533
1
2701
2598
1355
422
210
2
681
193
53
1798
16
8
2663
1289
667
1547
4
1039
84
1357
2083
351
784
1729
1569
469
1385
2183
607
192
2023
28
415
1003
24
17
2842
130
1683
11
1017
9
3
1
46
30
251
742
5
2612
916
274
450
113
2340
2457
1331
38
2220
195
5
168
430
58
1
2035
52
494
3
2874
235
533
4
306
7
44
1272
1124
3
1247
1601
6
1456
5
2160
1640
251
75
454
1
1156
138
1165
1829
2893
17
109
358
2459
126
2336
321
18
315
104
2094
527
764
542
1369
29
101
80
1
29
44
33
39
2484
22
2469
318
419
1068
2736
128
1523
933
60
9
745
245
50
79
185
694
211
16
1198
2531
2643
9
82
344
361
38
161
2057
1669
165
25
18
884
6
4
338
991
149
131
1205
664
14
117
103
1783
225
1830
200
1947
833
1895
650
214
657
8
573
5
1428
2
963
4
2930
22
800
28
1819
12
17
10
31
254
1290
434
1322
1249
2454
1728
1879
725
2
1
2151
2488
184
30
2413
1658
138
34
1105
2834
3
1552
561
4
8
727
653
164
1
941
649
75
1
1074
235
6
1203
1788
4
360
2652
152
1651
1135
1413
2712
123
176
497
177
11
158
549
2738
15
1843
610
749
484
46
506
1189
2909
1141
1664
2427
2984
1391
510
651
546
1751
3
1
3
329
89
1838
746
172
128
146
1242
2167
238
73
5
4
1540
34
881
1289
513
421
191
1277
2815
54
123
1
10
51
2631
111
446
1331
18
10
161
2779
45
219
24
2205
687
2331
280
84
2498
193
800
2500
2484
21
818
1382
1575
486
2322
161
150
419
49
788
1142
271
2028
368
1
1949
470
110
429
1894
38
562
2202
1128
1590
1651
5
744
2233
71
7
11
23
738
2380
1367
63
54
1417
510
1454
12
1246
5
1942
180
183
247
95
16
85
1910
167
2402
80
1718
373
2216
1358
2
863
79
886
1450
2439
2402
1585
9
331
552
526
601
1
319
329
1635
657
2
1919
223
1361
172
224
286
1575
127
7
491
146
90
1327
628
289
1158
1318
592
2649
686
1020
569
1968
3
625
1064
2260
23
24
201
18
698
104
334
794
472
576
17
2383
697
159
1698
2213
681
98
2868
475
69
2890
1624
193
151
381
93
661
23
3
842
609
10
2622
11
203
656
790
93
67
263
178
2377
1
97
1994
34
11
611
4
22
493
886
1565
186
312
437
75
4
287
413
622
17
6
126
7
624
178
2523
2479
165
1449
29
1400
800
448
497
2982
901
536
160
118
243
288
47
3
2445
551
158
292
1793
236
195
8
83
592
2019
6
1582
275
1277
285
1
87
75
213
18
49
315
66
49
2383
2178
194
488
9
83
1
12
1160
27
256
40
63
1169
846
2
2734
1
384
119
104
297
1263
1852
542
2102
873
345
1492
1
1403
754
172
2170
2038
165
1688
857
107
527
12
1178
1654
773
2817
557
94
1392
48
804
464
248
1009
592
727
3
2015
2539
5
305
2
7
32
33
1
442
136
19
9
83
932
407
1868
307
39
240
1
852
59
615
2
139
8
2964
74
1340
43
13
25
60
1194
387
681
267
409
31
93
1819
487
396
1266
2308
148
30
1
1107
3
1474
481
18
2584
67
1266
21
449
35
326
47
1
154
1843
1811
328
23
2709
899
533
423
1436
1113
49
23
561
3
1419
2056
2977
124
177
1
1658
122
1331
460
1
508
7
1830
101
2808
9
297
1
88
74
131
15
2282
22
741
9
14
193
2948
1391
43
27
1985
2631
8
2
5
764
1688
1563
568
67
157
2731
782
299
417
1010
594
19
1067
899
2139
70
1404
1704
5
188
964
12
565
2015
262
88
319
8
585
46
3
27
12
264
625
636
475
38
2636
2512
5
619
576
62
97
2020
13
362
82
250
542
222
793
177
80
3
755
1777
5
1986
2735
2241
1038
1207
16
120
1
1677
11
50
250
491
27
29
1030
26
12
1814
1395
2891
1699
548
2288
23
2025
2676
310
1
169
159
1603
2735
609
20
1
2
700
662
2457
1432
1305
17
19
1768
4
712
509
97
43
2867
935
46
9
233
9
2303
46
137
15
2612
54
2789
142
1470
33
2523
477
6
631
41
1283
122
3
198
701
15
2638
179
1106
528
24
323
1657
14
1495
2741
2907
14
388
2
67
1
95
858
214
5
110
872
757
32
450
2178
6
17
88
1
2737
993
2275
463
91
19
157
1179
718
538
142
1947
55
1864
1033
1234
28
140
32
1406
280
668
7
372
2260
2
1243
1221
45
980
318
38
85
2137
2
1
31
12
14
1722
485
1
457
7
353
2
35
1338
8
65
573
995
1673
2726
1113
2
290
234
3
116
14
1883
113
26
19
4
2
2508
2058
1390
1
1
154
206
77
31
1162
70
1711
449
240
45
14
9
2763
2
81
4
1
2292
1594
25
1486
736
35
64
131
1
397
51
2343
633
755
216
204
401
158
147
1765
8
1
1
514
2190
25
1
464
2412
1433
1288
327
74
690
116
1813
373
257
123
356
3
1135
1310
1822
343
236
84
116
33
136
502
1037
306
345
60
150
41
2359
376
1908
205
485
1688
15
2437
5
24
1503
1
61
748
17
31
1682
57
1523
13
4
1877
175
378
29
1343
80
2926
39
1
572
7
2
1005
281
240
374
146
1214
36
31
1163
2357
2
113
56
5
558
29
44
20
2852
375
2503
1180
746
16
1255
2456
2782
1266
655
1
45
1
2661
1
199
3
444
833
1464
2232
3
736
28
10
494
2114
8
9
3
12
16
303
2209
23
7
770
3
2852
239
966
96
269
1930
18
1
41
1365
493
2230
744
1
1
105
363
189
2
6
303
1331
321
1447
1
637
737
99
17
1
2
1926
59
1903
32
14
24
859
2341
10
1357
1131
29
137
754
55
1005
75
972
22
1
56
149
57
2468
576
36
607
17
393
514
19
381
744
50
412
187
42
2730
1966
3
1813
521
41
386
397
2077
175
148
1917
1897
783
207
2019
954
36
218
8
1603
51
219
52
200
39
203
27
969
7
2891
107
2460
456
1641
40
2
240
1428
2834
5
320
7
3
2653
2005
3
150
1
721
1475
307
7
54
37
65
1
53
2425
758
567
651
18
1978
210
47
4
390
264
1532
3
1014
1021
2087
1461
2654
42
2252
528
630
1001
739
4
883
1634
1845
59
290
560
62
212
233
1131
2281
1148
18
490
153
1295
10
5
1579
51
925
69
76
1543
15
122
8
421
1856
5
13
836
1
280
2153
681
119
771
643
2034
537
1705
2848
1838
132
252
36
75
1402
460
751
2002
27
55
30
1288
2448
143
5
2239
630
2099
895
1
3
464
878
792
2
38
2984
233
1
330
1106
2172
604
10
5
754
120
40
96
33
849
258
7
111
7
1167
2037
1018
2717
9
98
38
984
2
87
148
293
20
284
1831
302
998
32
781
1895
2695
2623
836
10
69
1334
1121
2834
117
79
391
49
580
259
28
8
2113
940
2210
170
2377
33
28
145
1327
1347
2087
10
4
187
733
1116
130
201
78
122
1
3
11
1335
1834
1469
6
21
34
283
2373
5
1673
1156
2230
463
1294
224
28
521
364
1414
1
1761
1
1186
9
76
3
519
182
81
187
527
23
475
1709
294
10
548
4
212
221
14
1585
9
180
1026
12
2425
210
115
2867
191
1140
2775
12
235
1
11
338
88
6
32
1037
1106
183
1363
546
708
712
24
3
748
255
135
36
282
1182
220
2616
333
1392
1865
619
194
37
134
482
1412
120
276
12
2290
492
1413
603
1958
14
1
48
7
105
33
21
111
706
630
299
1543
7
696
507
46
950
1980
213
3
74
1
14
2738
62
2701
986
134
57
250
891
71
264
263
330
14
342
19
75
29
1454
16
194
793
1
13
52
12
747
2013
2052
114
34
24
83
1057
38
256
1319
114
9
2258
599
847
584
99
68
109
715
210
70
273
864
8
2
7
893
690
160
1
1053
1152
1546
65
34
2
103
5
10
457
6
292
480
443
192
2002
208
8
2916
231
338
645
1
341
58
1
3
2255
216
341
143
175
418
72
30
494
266
40
115
1205
4
48
11
134
1792
2025
577
2
4
1438
39
1625
3
2201
165
788
3
336
211
957
5
1
31
639
5
2048
29
15
17
16
41
2156
3
252
3
210
1768
1103
555
37
300
478
2108
2273
357
2
41
1665
19
1308
13
403
2087
530
6
1563
258
2
1688
10
1843
173
445
21
245
536
1673
44
1
12
649
12
2
5
1115
1818
2013
215
752
1216
72
916
92
1241
2215
29
136
445
49
407
788
24
11
1
185
22
208
1618
466
484
579
42
2904
193
81
32
107
26
45
209
343
819
1040
601
1709
1135
34
330
117
53
14
2573
408
1
5
1694
5
2611
1662
31
4
1066
54
2524
2667
22
57
2547
65
15
1028
2336
3
2202
382
966
24
1456
517
34
560
849
26
27
56
99
30
9
191
424
182
291
754
103
2266
1840
195
153
2475
2
14
999
1
2723
509
1
1753
2
280
2252
676
161
1014
862
755
99
2361
628
760
2603
2313
2
264
403
2101
282
320
2220
2503
620
2318
230
11
876
58
1075
5
270
1060
49
162
682
2125
567
301
2918
1497
1286
147
1893
1123
1954
339
209
1512
71
327
401
19
129
47
366
147
2993
112
2
63
819
844
2248
82
2270
1328
10
2457
2
249
89
365
54
1594
2703
21
1397
1038
416
1
254
85
502
2592
249
2
691
51
156
910
1519
396
997
54
39
326
12
2279
2064
105
896
864
379
52
1
4
223
290
1152
306
244
16
1411
1313
862
754
1902
793
823
500
302
10
2182
1573
234
2048
36
2152
28
57
17
213
333
46
453
247
725
72
1209
36
798
618
3
19
433
1692
1108
56
55
254
55
1485
2517
11
4
146
450
1839
745
75
685
100
85
314
25
389
225
258
2502
29
4
42
2472
1382
598
1563
3
2297
53
61
2
1628
1782
1885
175
1951
45
2313
3
1
293
595
452
53
477
19
34
407
151
2073
1527
124
260
682
19
555
34
56
16
60
1365
2
7
28
114
6
123
742
360
4
1605
85
432
2260
55
1
39
606
951
4
2859
2739
3
23
32
85
1
290
1759
2287
134
44
2391
2504
47
59
370
202
62
2156
1
100
2205
247
120
46
277
373
4
73
62
243
400
492
13
90
1144
1
2533
848
79
1023
296
212
2264
3
108
27
2378
1677
43
9
230
805
334
1
431
386
128
1472
353
3
1783
410
16
18
1513
691
2321
1277
516
15
2568
11
528
286
8
2096
40
353
58
2089
12
426
688
528
104
5
5
491
15
1203
712
459
43
1919
333
228
66
2930
104
183
1819
2242
530
86
53
1127
2210
1558
668
1
1340
21
19
43
1529
1340
532
3
19
145
202
1526
2513
2388
9
47
371
1854
493
1116
20
2675
1977
102
2914
76
2165
614
5
791
1203
156
691
129
1949
1573
99
69
17
345
11
1282
101
26
275
72
912
405
2616
916
2321
1271
186
887
68
2393
1
1
262
795
50
1574
137
2465
636
57
466
2
1071
364
27
22
1834
268
276
456
11
17
6
411
271
1164
9
1768
419
2927
2088
18
1353
1792
1328
32
24
1528
4
33
104
248
2874
128
1520
24
1734
9
1350
509
125
131
198
35
1732
645
1819
643
46
7
24
121
57
1899
2571
123
8
1447
38
720
506
725
1293
17
25
652
913
119
202
4
160
28
2569
941
1452
2
86
1
2792
592
245
267
1
29
1323
174
1
158
2486
1886
4
25
98
723
226
691
38
427
179
3
179
5
428
30
1864
11
234
634
22
22
1
818
260
5
515
806
94
515
1
7
1
19
340
855
33
172
88
539
1565
1297
2264
559
434
330
46
2155
272
2644
1915
519
838
889
1459
266
185
2378
2128
1366
2684
2288
940
2056
508
798
31
74
2
152
570
1883
452
539
8
14
467
29
292
26
2
1802
2417
127
964
842
27
1586
200
306
777
1081
179
48
288
37
458
2140
13
963
11
273
1608
1600
860
378
2168
733
890
995
248
173
2293
2449
729
114
433
2269
1164
2216
370
2567
2798
481
1041
311
419
84
156
109
1754
845
1
181
367
21
549
208
9
2000
916
30
363
259
79
344
64
139
117
518
744
1949
1596
37
2286
2
3000
1583
204
666
68
560
270
1184
1
10
15
18
6
1265
2641
3
50
1981
168
6
44
229
564
1259
138
655
895
1
12
166
471
374
1749
112
559
161
75
831
1517
7
1583
1930
1680
87
22
341
87
172
2705
2001
1666
149
1319
3
23
76
28
12
30
279
35
23
990
640
32
807
13
459
17
2326
710
1311
1
669
28
1427
41
684
429
464
55
462
4
310
2512
62
2173
656
6
107
2519
57
1855
112
255
520
338
75
195
1107
26
11
152
86
1529
60
102
158
2168
920
305
374
2814
193
2712
38
77
560
14
1810
2603
1251
276
1606
31
21
2041
4
2765
2580
725
500
845
2338
429
1040
412
1066
144
1
39
804
92
65
160
1216
2
1240
1105
1990
128
392
33
73
645
205
10
244
888
3
520
9
3
1102
596
3
62
174
1381
1
92
2844
839
128
111
216
2601
2757
2942
1394
1203
2245
1733
623
861
147
1327
13
346
2735
1202
2186
126
581
10
2991
286
2047
321
1857
21
226
942
3
1727
25
295
520
98
109
32
30
1
452
700
281
1198
2817
35
11
194
143
349
11
6
7
293
403
63
11
2782
96
2133
194
98
2152
2769
68
386
675
665
84
2292
3
562
15
1677
687
18
14
266
2664
15
712
76
33
1
334
284
538
7
57
618
27
5
581
1012
1655
15
2595
18
20
2275
1
63
82
637
1092
155
383
1146
13
988
5
1979
2417
770
470
239
1136
10
679
124
7
898
94
11
829
402
97
1552
556
1260
492
2933
5
3
2599
1402
14
7
269
41
44
2048
40
1953
1103
1
3
1939
1138
104
301
1560
2906
395
1974
4
663
147
1121
488
3
1260
10
2
389
2495
617
15
254
239
2569
456
4
176
623
2648
1938
179
2056
779
59
456
2251
1
2754
2743
912
159
2951
126
376
4
906
730
75
12
1796
3
1748
2526
8
43
258
7
273
510
4
1
12
1237
20
666
483
2
1797
1659
476
887
2121
37
477
7
523
675
555
11
51
130
35
16
19
19
1829
11
18
294
2633
565
152
122
94
1986
132
411
1991
911
30
413
538
152
147
2324
2
91
259
18
46
1185
2833
409
81
48
6
12
2115
366
2
425
12
894
26
384
1578
51
52
34
282
197
8
59
700
21
1377
546
1344
1557
2
532
129
541
10
921
71
824
21
2
1
759
908
496
569
1391
28
3
1668
8
2446
2
2633
728
113
66
58
155
256
169
213
1
15
149
63
22
1203
109
2330
48
1132
609
105
626
1628
1668
1057
2279
416
981
1391
428
225
651
1831
2190
1
97
139
1225
9
575
652
238
1020
951
2227
43
197
8
6
345
144
2948
26
1
644
52
1
58
605
1285
2146
51
664
371
174
787
1424
1451
25
68
6
2895
1516
10
17
2179
135
598
907
512
39
2255
593
1871
79
82
303
441
127
214
176
1555
301
367
1
217
6
59
75
819
4
1377
843
669
287
1884
874
6
16
803
966
300
906
158
19
289
238
304
2749
1502
482
65
34
734
1
59
1421
768
49
183
20
2245
1131
20
114
377
1781
1390
1556
93
32
46
604
2839
1177
114
237
318
4
85
25
2119
24
158
4
21
1141
693
301
665
243
1216
506
1465
99
46
208
358
441
43
2
738
76
878
228
1498
62
1444
326
2108
957
650
1664
15
1031
1194
641
2749
1508
143
2285
46
1
1611
353
47
2145
572
809
1
359
244
25
140
1011
1
9
1249
22
525
2241
46
951
266
1
373
2415
42
433
474
421
111
1594
4
1263
1574
1
3
20
1395
21
1496
52
625
100
2
75
141
44
98
24
1
2122
2236
1
2800
1
3
391
938
7
10
11
188
17
1
1398
13
4
309
3
162
1
128
58
40
344
177
881
1580
435
2573
126
814
337
2146
1336
2776
536
59
137
1803
2295
1034
79
190
83
268
126
1698
7
144
6
57
73
1109
2
5
636
137
2
2281
173
19
698
229
2811
2630
9
220
1
1
224
1281
70
13
3
63
136
13
1533
2321
356
4
2959
487
1591
16
53
1
21
322
437
16
1137
152
52
34
88
253
579
2632
701
2363
1
90
14
3
12
1
25
819
929
311
1089
2002
461
190
136
2247
282
10
1625
192
2615
2770
2006
1132
234
780
687
309
1
937
2460
2
4
128
21
3
738
2972
1663
940
182
2144
169
112
116
66
310
5
279
857
735
2440
1687
94
30
537
204
2297
274
153
171
1212
531
2095
428
53
6
146
219
2394
1
1240
6
173
297
1815
3
2630
5
1
127
188
682
2513
20
68
81
452
669
28
2125
1
1352
3000
2
240
2612
1422
1074
136
60
2861
602
212
9
1
127
378
4
2230
838
2
1
44
1337
2127
2
955
1
960
14
16
1
2372
53
160
76
73
534
186
1811
2
42
481
96
2968
450
35
263
1241
34
233
1544
3
205
1786
1638
899
2820
6
2230
1272
109
738
1230
59
339
49
158
530
24
406
588
1014
375
76
383
9
2318
27
1822
46
200
2053
1052
1769
2767
2829
527
1004
71
11
5
14
1609
1444
1156
121
1302
425
2744
311
36
26
1574
2160
137
429
2475
42
896
31
1
69
159
2426
3
222
1004
134
1740
2288
2305
578
50
397
175
10
2089
5
524
1
367
2277
926
2942
337
7
686
404
1723
23
2
2167
865
1807
255
133
324
845
304
2514
3
2889
2023
28
1681
1960
329
592
435
1
62
123
349
1316
49
413
128
20
2
919
724
432
1487
1006
2121
2443
817
966
2
2905
1784
2919
8
191
1300
1368
116
462
542
1258
28
10
61
3
210
440
1701
2387
2120
114
61
10
2402
46
2766
5
14
13
1466
300
24
12
21
842
262
234
52
539
1334
1481
249
2344
2225
8
2178
29
2
5
155
140
2
719
1089
339
1614
8
13
1134
793
663
2415
49
268
458
404
262
87
35
1
1634
1650
599
882
202
441
1225
760
112
312
1545
353
207
1426
5
1139
234
21
162
182
11
618
8
784
185
1194
1815
89
223
28
1
201
35
94
1103
1886
1523
58
483
2562
17
1127
58
2682
33
1048
4
3
61
23
2
51
21
401
402
2730
2097
2
679
1463
23
153
1516
248
743
32
61
75
1503
1933
1872
59
52
2641
39
10
2942
1023
193
43
1736
16
900
115
820
1324
66
34
252
1852
216
3
896
2433
265
822
2
32
786
14
390
2968
251
293
316
22
174
1348
2505
60
340
11
3
73
899
2317
1192
105
822
2642
1
411
2
1552
1
1
651
1601
123
1288
2597
3
1
174
2742
2251
1
263
355
517
2
5
2323
1051
2
2303
86
895
155
8
102
351
818
134
3
353
909
88
2342
1175
645
1
933
297
8
463
1550
1199
1526
3
523
2
1
173
27
176
4
427
1
79
1879
2110
3
89
88
2198
13
1430
41
508
31
2205
2301
9
2772
162
2475
1
833
2590
765
28
216
2946
2869
57
395
229
1035
1317
2
1679
417
3
1286
40
2776
126
61
6
1
219
135
2
137
4
1081
1121
10
8
2698
94
89
115
968
514
54
1361
179
50
2052
93
107
101
24
12
666
125
1
151
203
2375
283
734
1
3
2
905
58
1
297
551
8
6
549
366
753
617
6
2
2
2775
219
120
2492
680
26
216
549
56
2337
2551
676
1045
311
396
37
23
1058
35
1739
24
1
19
450
769
15
2
656
2
3
9
7
11
1870
1
4
1720
5
3
290
119
334
66
865
540
19
395
62
530
4
194
25
2
2284
706
1534
571
240
13
2634
1595
2658
29
724
1
417
5
1272
1162
9
1642
1
1163
2344
798
19
1730
1388
2831
1005
454
509
89
1187
1959
1
34
12
753
983
2284
1695
86
726
2133
414
1363
1
1401
3
143
1036
182
1998
702
1336
2648
120
924
52
10
1508
665
20
2992
1
12
18
82
13
601
1380
456
154
39
2138
229
91
91
10
544
922
1332
1555
33
156
126
21
641
1817
16
432
486
223
74
1
78
506
13
811
16
181
1524
403
1
2954
1032
10
1538
2304
1246
2120
25
2881
1247
33
57
3
169
247
2257
6
1493
226
776
144
1
1444
2311
1434
765
321
24
105
15
367
1296
1272
1427
81
2
13
3
88
540
2308
1072
828
2023
140
78
171
9
59
73
1652
1197
970
2266
1149
185
13
2522
2288
15
10
63
13
703
1730
37
324
40
38
840
1377
3
5
114
1
69
1292
2
776
72
1748
123
3
1626
20
2986
889
58
68
465
21
152
3
763
1077
2184
475
158
62
782
1188
592
192
9
66
1108
760
7
197
1174
850
1011
600
185
1126
1316
407
1
1253
357
30
8
476
877
25
2316
191
2
1866
5
2105
90
3
2515
11
2291
1433
432
932
1
2707
43
854
162
2866
71
1232
1
323
37
1144
2
150
91
1703
139
7
1369
813
941
236
182
2291
206
177
9
1139
1570
260
72
6
112
578
178
56
2385
2951
600
645
924
1161
147
4
39
303
37
2022
1
9
12
570
401
10
1
10
329
454
435
732
2564
1695
863
342
16
1901
146
131
2123
811
5
188
1043
38
213
2400
584
2253
47
19
1055
412
1062
5
266
43
57
173
2835
744
155
594
2024
169
1113
1187
436
817
149
40
1710
81
935
24
2
2479
1050
1723
1243
1
122
163
885
357
3
6
1225
47
7
661
1080
28
1174
2767
1959
270
1111
2
21
172
2
499
418
5
2529
398
2885
1240
96
2581
42
931
1221
3
4
725
30
1329
71
209
21
1049
145
187
19
11
985
710
4
640
148
5
1655
1444
189
97
39
441
2596
791
43
737
497
801
42
339
2511
795
156
1
172
1897
96
445
11
168
2723
605
262
1312
8
2375
1379
20
66
92
898
1507
697
1772
412
373
2
27
2984
440
4
370
620
487
26
2728
233
878
1498
1352
100
4
3
587
282
188
1610
1972
578
336
402
3
1427
910
228
784
32
749
1025
2466
1013
13
2480
2751
440
141
356
933
1
2283
526
1534
870
176
2
21
15
886
3
491
2131
1645
2408
652
2
7
513
1454
188
1551
159
907
1799
112
30
33
82
422
8
226
182
927
117
354
578
2
219
8
74
2
1138
4
249
17
678
233
5
749
12
1
79
1
1760
593
1
1559
5
2416
741
234
8
653
2729
878
144
1074
815
1803
1586
1510
27
285
3
158
10
246
1686
71
422
2
651
514
2515
626
947
275
2440
141
6
295
481
1180
420
58
190
103
3
544
1860
2694
2437
711
2118
1
636
540
501
54
1135
35
1942
73
7
1039
2271
748
86
1
694
82
130
297
5
116
2782
2637
47
21
486
1379
34
1671
104
1740
107
1356
427
223
87
2674
2192
937
2
1
3
9
20
1192
2481
52
1024
829
2205
1
895
2
77
5
504
19
796
1
52
1783
1346
157
814
46
58
2913
7
945
241
10
178
594
637
1
416
1023
293
258
65
1195
496
26
257
43
166
224
731
118
17
966
261
11
742
28
259
464
1468
2044
1824
3
1874
1602
2
24
899
2025
805
35
2961
90
2735
83
40
910
1743
396
4
102
290
6
11
27
2313
2709
23
23
520
2261
350
15
1946
270
750
180
2798
4
24
263
555
295
99
1376
930
110
337
2147
8
616
1386
2307
4
177
975
800
132
6
287
19
7
935
865
1372
382
14
1607
1508
11
90
24
2141
272
7
1
2
111
726
1
171
1882
1825
1221
2041
41
141
1860
5
154
73
1
5
1
2
269
2451
405
17
1521
5
2476
515
332
50
1137
7
706
28
71
980
21
17
170
152
43
461
9
7
2706
19
281
8
235
754
398
103
603
74
125
597
155
27
2469
424
79
2086
678
12
149
287
16
13
2669
33
1113
606
143
4
131
462
654
272
17
24
118
553
2746
15
41
16
81
313
6
2067
513
1064
1
564
808
1563
105
6
96
684
78
2392
2912
1
4
1
8
872
12
23
18
203
55
740
1556
1626
2113
17
207
1050
2125
6
359
41
55
700
7
761
1912
314
2495
151
5
29
1854
2032
57
1413
227
69
426
1
80
3
1822
700
2459
144
114
214
510
13
3
983
1
86
9
149
19
6
18
1375
13
116
1347
1267
49
4
153
257
2589
188
82
60
430
27
510
2507
642
601
29
5
866
43
2078
782
2773
180
1668
273
2717
195
22
837
41
24
280
31
226
512
1308
651
571
665
829
32
1441
1
172
231
34
376
234
362
141
123
5
14
2667
1197
3
30
8
61
639
3
100
551
494
68
185
892
1278
493
48
1375
120
124
156
1085
1346
129
5
778
1
1089
187
1706
894
546
584
98
137
1728
1640
587
27
5
1904
220
2892
2141
2812
583
24
2836
17
13
211
1849
1125
316
37
12
389
735
30
2706
1434
131
33
199
1325
444
168
1100
700
433
245
464
903
908
23
292
77
2303
2546
1298
50
310
1
129
14
443
2349
2667
110
1
2803
446
350
464
7
46
43
5
369
144
19
58
2982
2993
20
11
660
8
30
588
105
36
296
27
1575
2
1709
3
20
121
8
605
2780
1497
11
2037
2
1512
585
61
153
8
666
2613
1
724
2757
180
249
14
880
5
4
585
18
1060
18
746
64
142
1176
810
1593
34
74
545
1041
1136
494
28
2098
2601
4
334
3
915
175
318
9
1282
5
8
1240
1453
2
286
43
2508
99
224
52
640
36
233
650
3
1593
1138
67
306
1588
2285
2915
1956
646
228
2629
175
118
3
42
253
1289
2933
654
555
1016
244
174
1237
2812
609
1
125
1355
5
25
34
10
1418
2026
1080
677
839
2554
22
701
873
486
177
60
790
308
469
1
35
15
535
1697
2242
448
790
670
14
278
10
376
6
1
299
2722
237
93
570
1069
906
1067
1
1
855
941
1412
5
152
15
183
1349
49
969
457
4
149
130
1525
12
66
964
1930
1653
357
799
208
530
1117
5
378
2337
3
2603
2574
2498
364
723
154
1217
211
365
2798
105
2482
1850
410
2101
2235
437
19
605
304
1648
344
2954
1235
1213
63
963
1
1623
12
138
166
109
2352
593
1150
232
834
2661
1254
74
2402
62
621
104
536
289
93
418
320
970
43
271
941
327
15
2046
703
2792
10
961
7
86
74
1662
1
11
1285
78
1030
4
1709
14
9
610
496
22
2826
1778
43
1735
7
1
2588
1271
29
216
161
3
67
62
1834
63
910
362
255
213
1150
1
519
316
119
2390
5
184
444
41
2302
1849
38
230
1625
9
26
211
8
830
273
152
715
1336
1478
321
424
56
58
615
11
31
572
9
3
164
2787
233
139
183
931
511
137
251
2350
34
733
670
29
116
800
1304
9
1858
2551
2930
856
1566
348
1114
955
196
732
1750
830
17
608
1
1892
1400
32
162
255
48
4
312
1255
223
36
80
3
1726
37
1748
463
2639
1087
680
43
2992
137
6
39
1416
46
283
5
110
17
405
928
2408
229
26
13
329
91
184
835
403
1058
772
1369
224
1554
1
999
992
1042
466
250
713
16
72
32
3
26
13
290
1648
2309
49
195
1613
463
2674
1
341
181
19
2997
162
2191
19
98
40
3
2906
1784
1828
1170
1583
135
77
1
2219
33
3
157
77
2313
6
243
164
2621
31
98
6
1
27
109
294
18
521
963
1502
733
405
1
1948
2
598
21
238
58
307
183
773
2677
9
749
74
274
945
98
1641
5
368
23
88
178
4
600
4
66
60
11
3
44
25
230
2766
536
2363
1165
3
1641
623
1126
16
1334
12
361
680
193
371
1669
14
269
1
958
773
485
1210
1
15
238
14
1
211
41
1
309
115
310
686
341
2353
51
6
152
248
199
2664
2780
857
230
86
123
1868
33
103
1
164
1332
135
93
154
2827
3
2125
363
1794
870
238
857
46
1114
738
2112
1
5
1432
336
2094
391
213
164
1
2903
2557
27
957
1330
1
1402
6
2724
46
696
1473
1945
234
148
167
1037
892
132
88
895
21
34
187
14
32
23
219
10
289
1204
9
2
1028
2865
73
508
33
10
78
63
26
7
6
772
1333
2504
1
5
2
155
4
283
1
214
76
2517
637
46
721
1227
2884
123
594
70
1160
252
375
45
918
2016
626
819
267
732
15
783
57
171
10
1925
64
558
516
34
6
15
2255
202
229
192
828
118
2062
290
1969
2640
915
482
2245
976
2770
2979
812
2198
1085
36
253
1061
588
1
6
1269
2097
1156
80
30
967
61
1660
663
3
318
413
15
22
1743
30
11
79
1056
107
218
86
198
61
128
28
2008
72
1201
159
3
2342
1554
2596
750
142
33
497
49
442
270
199
211
1071
51
2676
94
29
1
843
1711
333
2
1387
39
401
465
2767
57
50
63
61
772
1957
6
428
102
59
1529
349
1
376
89
945
4
978
1238
319
1115
1484
2
721
1
2734
1354
6
2736
35
1787
242
309
65
52
24
1637
75
172
93
53
191
546
769
597
2496
37
116
1814
1510
1
443
12
51
374
105
16
2834
1
488
1
966
2236
773
2934
53
5
3
7
2832
526
2874
2355
59
644
1
11
352
1
2384
963
396
1176
184
105
1082
565
2277
9
2594
2054
2456
408
330
179
71
1
2
777
1769
178
33
2
1345
2969
1315
489
312
1247
2898
739
1895
9
354
861
1575
166
2502
1267
2214
1856
846
1021
1859
1649
2707
947
134
1
316
1074
26
5
172
4
1135
1527
136
709
1115
4
32
860
386
95
2859
1953
871
66
39
151
411
26
571
4
1525
477
2590
669
1569
2011
1411
4
1197
1259
1399
4
253
12
151
2755
2840
53
910
411
142
1627
134
9
89
154
671
2882
1
107
530
1821
2067
129
1451
362
57
2636
23
150
338
904
2989
981
1131
1
44
407
73
1128
1188
141
145
1262
5
1116
1378
1395
49
41
10
1
798
152
289
40
166
220
2435
2364
120
5
381
2922
13
2
358
14
557
1444
133
749
627
40
171
31
753
1021
530
256
7
143
996
3
789
44
186
39
423
12
226
2
36
76
2700
894
1
1
7
342
1365
558
37
238
5
21
518
17
30
1838
2078
474
1753
32
244
2374
3
750
626
2162
1193
2080
636
1019
4
22
56
1991
2593
650
268
1037
2550
2605
199
5
214
91
1119
42
556
230
162
1228
125
1883
796
91
1
2414
202
60
19
1235
53
15
489
1582
7
137
739
731
1371
9
5
2538
10
12
620
2531
52
9
17
1194
200
29
79
310
2207
1385
411
24
1765
120
1879
19
146
1
1
2501
578
32
1472
210
1092
1261
2820
1736
701
287
780
111
165
18
2065
1
9
1
32
2243
2596
1613
585
2919
35
325
546
663
18
1284
1316
1
703
765
226
3
2045
598
103
1914
285
7
9
1088
266
1449
15
523
106
38
2062
8
140
1183
4
2736
12
1567
1214
134
53
519
58
2631
428
1093
88
27
1008
26
1143
266
327
766
11
850
1858
1968
141
159
14
330
335
329
16
1
576
4
22
545
40
319
935
66
21
116
25
1797
601
1
52
1
598
2898
229
592
2587
803
1577
2127
46
884
10
239
1482
219
564
1354
341
1867
2655
2
1934
66
93
1886
356
416
2364
1
74
590
756
245
2358
35
952
3
897
8
221
434
276
92
2577
109
64
3
378
2125
535
53
443
67
1497
31
64
1587
2811
7
1396
339
4
1525
77
5
620
1801
872
49
96
362
1595
9
1130
26
2
1160
41
439
35
1880
958
2015
1097
2146
89
2149
1102
17
1
4
1
2840
2031
1
190
8
2524
316
68
65
18
1
3
1013
1988
2
540
460
3
1455
400
126
1
174
766
31
2668
31
2484
332
32
1260
557
1474
2990
296
16
284
118
8
182
219
890
38
1
2027
1170
1626
775
178
240
620
1644
710
88
58
1631
28
84
1031
117
2
1292
33
2291
1170
1336
173
1409
287
4
1867
93
2
2090
1051
1262
485
520
444
32
111
3
313
2727
161
170
1
3
26
8
2530
553
83
837
486
8
894
713
2
385
1914
2
612
4
6
2236
87
1340
337
60
5
3
1405
41
4
180
28
1753
45
1123
920
4
175
368
52
2927
10
1534
1458
2192
65
175
12
1533
32
1605
1
3
31
825
2369
1
6
37
289
132
1029
673
376
435
1
44
2
197
83
1982
19
1482
2
97
100
1500
147
30
978
3
1254
171
2
2728
1837
13
2245
1
51
503
375
2216
896
15
233
304
281
590
307
1631
655
1
1028
1336
338
23
9
3
21
26
1692
1016
148
212
1
77
23
91
989
719
187
757
188
1571
1880
30
3
25
225
155
830
6
178
1160
337
16
727
672
894
10
2908
1774
88
185
2248
209
1010
2
67
4
1549
3
252
3
44
244
1997
23
2819
1580
1222
65
434
35
119
783
1359
12
6
1079
259
29
1806
28
1
965
5
2443
283
2430
317
846
1083
12
1
742
2115
69
4
19
68
1051
10
590
211
606
25
2027
1090
740
762
388
22
1314
1395
2235
7
818
675
6
2348
251
1218
252
158
164
275
15
4
262
2526
410
53
7
622
1317
2700
170
1468
1860
120
3
37
975
1
2848
2825
1910
1568
617
37
50
1
456
178
1124
1413
2429
428
9
2714
20
95
1037
2
1367
370
21
36
2401
7
471
2634
2
274
346
1063
40
786
629
1192
1890
1346
5
4
1229
264
4
147
108
2446
250
56
25
617
1115
8
5
783
56
501
1
1532
157
105
16
2195
1466
133
141
147
1
764
91
138
12
19
606
255
6
28
585
750
795
161
22
11
1612
5
31
2613
2
1806
1
18
242
701
88
1854
1
2
526
1334
1
1041
311
240
2898
43
450
817
5
55
1376
8
1142
2066
409
786
1602
512
6
128
130
10
2232
747
9
402
308
2039
1358
1654
967
1764
573
6
1649
287
26
398
11
623
804
132
366
1818
408
1207
11
217
1756
310
152
2632
424
233
2286
14
18
31
2702
1
1
198
33
800
2051
96
266
13
93
1258
787
637
1763
15
1
1173
1
357
18
39
650
1892
1
31
1
2872
21
649
773
27
54
54
388
2
512
1632
1158
256
307
1150
459
997
546
85
398
2354
1040
1321
1
1
5
72
36
15
53
1240
109
1150
188
248
1710
2163
1730
138
525
1110
73
6
2485
1
5
38
752
665
3
110
3
1
937
145
315
115
51
1470
361
95
4
42
78
1621
84
2710
215
515
957
25
129
1834
2008
1322
383
2
1086
35
61
145
3
254
358
1911
586
460
236
63
2225
4
43
77
2
206
265
2373
565
298
997
248
111
92
1
35
73
60
38
1860
529
122
12
1464
263
199
1988
1
1
14
547
338
564
175
32
67
449
923
29
2935
834
2693
15
601
1131
547
1
417
287
2
181
231
97
1059
223
375
390
803
2614
19
21
401
169
1167
43
6
1054
42
72
14
1406
5
194
73
1286
355
40
1414
1
1664
832
2004
440
69
1962
124
21
2128
2572
183
300
25
2633
2668
15
10
6
925
1077
9
33
1347
5
1424
28
1667
1076
39
339
1539
596
13
2965
5
118
90
7
35
57
1218
107
1001
2346
942
473
300
147
812
82
425
753
2990
499
4
2446
1544
1333
181
717
243
7
1489
10
65
1509
2156
1312
1834
271
5
473
672
1903
16
2415
1373
20
9
2489
112
62
49
2244
3
1005
17
788
75
2837
1487
450
308
523
2007
1076
18
661
6
1
1529
2939
18
1266
307
1891
5
314
59
1520
18
53
1517
14
377
317
63
2582
999
35
13
812
37
1855
57
83
304
80
108
3
563
1731
1219
97
182
688
133
20
2737
605
105
1
834
443
2
4
1336
1
402
1756
439
1486
84
497
76
2148
4
1
34
1292
2543
775
19
168
202
610
677
835
1251
563
15
1097
39
751
42
45
793
1006
2708
10
472
239
194
6
167
395
21
2181
71
58
3
225
684
11
127
71
835
567
2092
76
1190
856
437
7
610
8
1127
7
873
1835
795
1279
14
7
65
1790
19
20
2233
183
9
2977
29
2267
2811
2857
2072
1
222
321
67
388
2564
163
515
1294
4
18
2
203
2712
4
2
47
1600
65
1
614
1499
2947
1198
314
64
178
26
29
1843
103
80
154
117
15
1050
1
869
8
31
28
349
1322
109
1061
2191
1017
868
2772
862
717
212
1
294
1848
1245
2561
5
724
10
173
536
148
2232
2375
41
22
14
12
6
5
17
469
2438
292
1793
727
38
2400
2509
292
4
248
7
1
2237
69
174
559
464
49
261
1565
579
126
601
511
1001
123
1443
83
6
38
3
717
417
33
349
113
89
70
1222
437
65
67
1483
114
563
1364
1209
1748
884
818
891
113
3
194
1270
2927
1117
7
486
18
682
1001
344
87
1129
28
734
125
219
96
2
39
36
1049
203
11
193
3
71
582
3
1439
2805
177
406
13
167
1325
1929
144
50
16
952
1566
2329
896
546
90
11
208
118
979
208
105
339
91
223
488
1106
2400
2158
3
69
220
2760
14
86
513
2
2607
708
37
1
94
2575
27
41
2916
1332
167
1
2430
416
94
29
2375
995
547
2
288
26
2315
185
15
406
1898
1408
71
589
368
665
34
714
1
155
798
963
342
22
185
154
859
1
488
30
683
2841
299
1428
1158
214
104
2756
765
21
200
507
2
1412
2529
375
179
671
927
101
57
613
2
1239
56
93
50
253
7
561
1
150
1762
1000
44
2
16
1419
623
56
2705
126
2103
475
407
158
280
344
1649
213
62
1
3
2
111
1329
761
2253
128
2297
2143
425
5
2066
583
3
1612
174
286
13
1982
8
1993
1381
1379
1265
22
31
6
295
702
626
42
150
1447
317
1332
1869
959
73
860
25
17
19
241
5
115
567
24
9
26
168
123
2989
922
2
79
809
679
322
2
2879
139
3
2192
1840
343
2
1
159
719
9
891
32
103
2084
401
86
16
1527
356
2
320
24
99
794
1554
2851
23
414
493
36
4
401
143
1062
81
2
422
1
1490
26
713
604
187
4
510
14
494
58
2659
238
2554
1088
857
1106
1609
896
1572
112
1815
4
1791
1965
175
942
93
5
28
16
6
1061
1141
148
2303
6
1191
1214
1433
1009
1420
2918
2841
2
150
208
1370
90
921
2481
1281
262
57
19
1
446
2669
266
1199
106
157
1570
2609
1
59
2699
7
1779
550
26
135
2443
38
7
25
1204
128
1418
14
170
978
103
229
174
2464
196
47
605
975
353
4
8
2614
210
287
13
166
1
915
2322
1284
1710
6
1
2494
6
297
1483
258
1522
78
1325
552
170
2347
135
394
436
85
6
2514
623
1123
51
25
660
2013
2604
2317
1526
5
1085
1091
91
7
356
9
1566
265
13
938
1070
1642
1537
555
582
490
633
2851
845
434
61
110
2348
1062
123
22
2
1885
1
360
923
1
7
2582
68
8
9
417
12
132
442
282
4
214
94
1436
6
98
96
13
214
655
57
1
1011
10
2552
28
39
133
76
305
628
176
1101
548
32
1141
11
408
2175
106
2286
1
1158
177
229
1976
206
3
81
186
20
1194
13
146
64
2353
622
492
508
68
1377
344
1012
1
985
290
305
1759
304
15
340
523
4
443
58
48
1392
5
2735
2459
3
928
80
573
51
450
90
824
132
7
92
125
1209
28
51
177
9
2670
2541
1129
2531
5
159
2845
12
2947
1639
143
1723
196
1956
683
2196
423
109
86
1336
279
3
2782
676
2388
418
727
769
106
196
1115
1241
115
493
1
1263
976
1
166
51
82
24
936
988
97
9
863
132
671
245
2639
188
2
1
44
6
8
2
30
381
378
28
1463
1893
1929
1343
108
630
1346
72
40
2076
16
27
61
1694
779
41
2883
54
1
69
1273
131
2822
2
149
2811
198
57
2499
135
4
1495
2294
215
1634
785
865
2786
529
1501
2
2647
2754
552
2
19
2
1669
1038
22
259
1253
2197
39
124
2
440
807
348
277
2795
1701
2
2940
42
7
21
15
47
11
1341
2454
2172
1472
1461
825
104
132
331
2050
237
1
545
21
39
430
2477
328
1049
1640
511
2466
810
1
679
2628
103
1433
884
2
242
25
742
236
48
1411
2285
120
1595
516
25
184
8
89
244
11
517
793
423
32
273
34
49
522
2220
1454
1699
825
4
10
224
4
1
611
1837
37
2
747
2179
30
18
1918
891
12
1581
72
507
20
2569
235
257
1709
2839
419
150
6
9
54
629
2050
1331
6
213
302
1093
2461
295
577
1884
9
1
712
636
547
2
196
93
1124
74
245
239
784
15
78
23
58
206
845
533
238
707
2090
2424
2974
757
23
1909
83
127
50
455
277
483
1
1
105
102
983
2627
84
77
1
1330
2730
179
2644
427
1193
1576
207
33
929
7
1057
53
2495
443
211
36
47
2421
58
2246
519
1025
1263
52
26
84
514
2
2246
6
789
617
1904
557
14
1390
1993
1709
103
462
2430
32
52
55
2073
1
84
789
276
1096
2
63
475
687
2
1846
2161
620
1135
2990
618
2713
2
62
598
731
2448
827
1450
1
1052
1461
75
1351
122
493
81
267
2781
1478
10
1327
181
2781
32
148
1840
1114
4
421
912
3
88
175
3
384
2948
1954
7
36
656
909
221
1556
222
18
77
8
79
1
513
647
222
23
1
2889
39
898
1530
50
38
83
1014
2677
331
320
240
20
351
16
2010
885
1171
11
6
665
519
661
273
1185
1475
681
109
558
2015
1
2116
777
19
1418
414
15
2308
165
1122
161
503
2008
186
109
1729
207
115
4
80
11
1965
29
297
2
2947
1
1
61
280
920
5
5
171
47
289
338
185
1540
603
1316
1137
252
4
15
21
1
11
1
955
744
120
45
2
247
1
86
2
22
170
2438
616
2107
44
1
1383
1205
466
765
165
779
82
2477
2267
213
6
1358
2454
57
65
369
449
2
2346
199
899
542
7
945
13
5
130
657
726
1483
955
1233
316
720
1784
157
1205
1282
587
19
18
1623
31
582
1285
653
20
710
41
199
416
876
139
2505
2862
2761
266
135
22
757
2742
246
104
2265
24
1721
39
430
733
132
40
361
112
255
19
2596
2648
1252
473
177
68
550
620
124
1939
1170
513
950
9
1
2779
23
1
604
1617
11
1338
2
5
14
1424
30
97
68
11
1140
65
23
25
590
1995
54
677
180
522
98
293
132
199
865
460
217
428
352
25
54
1499
258
1106
4
7
2006
49
1864
1703
1191
61
12
583
747
205
21
482
10
138
427
2440
1234
60
236
315
5
14
989
807
11
326
292
648
38
71
2701
52
44
243
135
1776
171
1761
381
32
1509
2766
9
1781
11
890
582
31
7
56
443
1319
9
18
1769
311
334
997
590
32
34
42
2766
144
4
708
5
581
856
1562
1
1040
80
60
3
1074
637
18
9
342
65
2699
76
2465
1834
1168
295
1726
1038
698
39
385
427
2
108
2717
3
302
222
10
56
551
2518
2530
290
145
1
21
369
127
24
341
12
7
106
850
44
87
4
80
1
287
1569
2096
218
353
3
2270
1
343
2866
1392
2012
19
45
170
9
198
93
380
5
345
883
2423
181
1829
22
1671
953
1330
1045
450
127
360
83
1687
5
490
301
11
534
5
2
2358
2406
1975
1067
2415
4
1774
35
644
1886
65
510
31
4
806
491
10
172
2741
2258
4
2742
442
387
612
654
9
1775
438
211
1194
56
200
5
17
5
62
1790
284
934
8
463
1805
50
55
1457
57
857
600
1964
866
1
6
793
1294
133
56
37
292
89
809
313
368
842
649
65
1918
726
47
6
340
13
2
2373
107
38
3
992
165
383
1178
957
927
308
173
610
684
1159
1
80
18
52
216
189
1698
597
4
2613
1410
41
1725
3
239
3
1531
444
228
67
4
375
29
510
16
18
1537
5
9
1197
134
28
10
2634
3
480
27
1778
1432
380
1685
140
777
317
75
48
748
313
804
346
634
21
147
172
3
67
2067
60
291
223
227
139
12
2
516
1902
46
2
387
1
87
230
911
207
136
36
645
60
2994
495
2634
1
3
8
2322
101
472
181
61
1618
2
136
806
54
2258
1083
141
598
1557
3
1409
2918
63
65
18
240
63
4
59
603
1015
97
9
434
1654
38
120
1393
146
160
170
1
1821
54
993
585
1082
2
20
58
745
866
2150
2003
2081
220
304
328
2467
995
72
35
672
30
179
2174
1845
1559
902
18
19
26
962
12
2
41
219
448
2690
267
635
12
380
5
105
327
683
1
382
1697
111
1482
561
884
27
9
16
1704
263
247
59
371
1760
1359
2361
691
2973
1532
111
419
1157
2421
2981
1
125
1557
517
645
326
26
876
2397
757
53
188
313
654
29
336
121
934
186
257
221
1894
542
305
9
440
288
2903
2
1057
658
212
2572
46
187
2140
6
1095
32
3
143
354
2127
1664
10
1060
184
2790
4
9
1205
2338
9
140
1850
10
2247
50
268
272
7
316
2169
1
271
950
1881
96
327
10
229
833
2
2140
1796
2
113
487
63
7
6
40
800
174
1
1
258
796
2946
127
2270
1149
650
5
3
118
2456
1325
16
54
1437
1146
18
7
748
480
969
955
771
10
889
1290
1513
14
1476
2568
1538
779
2919
1114
2006
555
465
95
40
156
78
991
385
2304
654
3
1
28
471
48
190
710
1078
11
109
63
2033
2
1
309
204
68
36
156
1
8
13
240
1572
1981
4
40
351
2179
2
1410
819
1082
36
40
2980
302
7
22
1812
194
183
6
808
13
1
1139
2685
1731
467
2084
101
11
268
1017
597
379
1344
86
66
894
6
1333
116
13
946
8
2680
513
625
1131
49
501
244
788
49
1150
1725
1952
285
10
5
1035
125
1
12
224
1450
1
2292
496
558
141
13
1374
2897
1
1
55
11
962
75
1671
1860
1972
2047
1603
4
1
42
1529
15
3
201
2260
915
1727
2674
152
2533
2
25
639
2242
289
2162
1723
1885
52
2152
11
415
1077
123
21
15
254
12
326
580
46
35
141
3
2672
2289
129
347
40
2
70
1359
7
664
881
121
21
33
3
1202
1939
82
1804
2378
19
663
1161
301
14
20
9
1600
1348
2051
484
1495
79
1190
926
967
9
2250
124
21
685
105
58
92
2369
2518
49
455
84
5
82
97
1403
28
4
2678
1153
4
392
316
46
736
2258
1789
1251
810
23
28
2823
1
118
1156
436
1
1420
1745
587
357
2094
10
1974
620
170
610
2
776
626
90
56
901
205
2257
1592
81
674
2227
1283
53
27
1526
773
2280
2230
66
39
6
2451
16
1
123
11
383
2087
413
1175
767
1411
19
1697
759
169
1938
1860
216
2444
1079
2
106
41
26
378
2154
2
2824
554
2562
556
1261
2714
2458
22
10
19
1561
286
135
38
2370
228
18
820
135
11
28
66
236
1837
86
77
234
2316
1
894
341
39
2
559
442
8
4
154
313
225
133
395
125
38
175
2190
320
192
446
2728
51
710
1006
17
2616
715
709
1857
603
504
1375
63
807
453
164
2
548
572
163
172
54
791
551
21
596
2
1269
4
1084
722
451
408
717
1392
84
75
651
1771
11
2326
1228
1173
142
2078
33
35
1281
24
743
842
2085
2798
1625
2259
2694
760
371
2412
125
207
1
364
727
33
26
980
2523
17
129
6
2880
1
1050
147
2430
15
2916
1301
1024
369
130
15
241
2412
19
41
3
1053
630
1
2276
426
1875
183
315
1470
2914
218
740
104
22
460
53
2829
5
572
53
373
1027
34
343
249
2927
84
771
473
2
1653
213
2
1399
13
1454
1915
9
1
448
1
1123
7
622
263
175
159
1778
314
2
31
1
200
11
380
296
133
789
1973
13
65
1562
15
514
119
17
62
175
20
6
1172
288
307
30
1
2644
30
55
589
143
240
2699
1568
137
132
344
75
271
99
440
1174
373
45
4
645
22
2327
452
1
40
3
45
2959
24
882
2618
1966
83
858
1
2842
8
34
294
293
508
50
20
2942
867
714
101
2386
64
36
259
302
371
839
29
176
681
4
2573
14
579
1330
228
12
20
1745
2096
212
45
2076
2778
19
116
7
78
175
1403
2724
238
2397
3
4
37
179
1422
2467
281
377
86
152
19
2
59
126
385
1898
85
40
2071
552
46
47
994
483
3
324
127
546
120
34
123
113
311
1899
77
805
29
434
25
12
495
21
295
3
237
257
387
7
36
2323
52
151
60
1
170
2
1244
82
2796
498
11
536
1
328
7
1
908
994
9
2891
1710
427
5
1592
2321
5
2
5
575
677
2564
319
677
1455
186
206
513
187
129
825
39
46
208
787
5
17
2939
898
2222
45
1281
188
126
690
380
456
988
71
61
6
2547
1661
818
736
790
2
148
1735
1287
222
1690
1887
1377
1134
325
1102
154
2163
20
301
6
2328
517
1412
3
1022
411
669
1019
518
877
731
122
1427
12
1653
1091
232
86
755
499
218
417
2895
152
1067
174
262
1759
9
7
1
1
495
27
369
211
2048
1165
63
4
569
51
22
619
885
1907
2009
1
56
25
528
73
5
504
508
2851
2847
898
99
551
77
39
270
1762
96
100
987
597
886
606
2052
336
71
1644
1
39
1015
78
750
1552
25
2996
1367
3
376
1417
1714
20
1220
1005
176
736
132
7
1501
1695
2979
111
4
13
353
1659
474
1
591
239
1445
3
176
69
1270
990
2381
19
2919
574
13
9
825
236
8
210
724
2930
876
1873
1416
50
139
114
17
2226
12
31
2830
2
1442
21
21
9
224
460
53
75
2128
223
97
292
1221
914
441
219
1551
1
651
113
740
6
235
199
2219
22
432
836
387
2910
301
216
19
641
2670
10
177
7
72
47
171
195
2809
2895
343
489
702
985
167
1066
254
1
163
166
6
785
7
2
36
185
412
2
1895
1370
2519
78
2252
328
14
1206
2043
67
10
237
37
650
35
2742
299
176
744
130
471
1089
149
1308
43
14
10
24
2
105
20
2089
2154
655
240
76
1
571
203
278
11
59
22
2131
239
1364
7
1097
64
1841
1007
1257
264
33
2359
311
2143
158
589
22
594
8
125
87
2
456
142
1810
1543
1373
57
3
1038
6
25
74
1780
132
1
2400
1241
644
528
431
1
520
795
2
1189
19
2736
15
6
894
564
20
367
329
30
2
1282
38
20
4
12
1612
1
650
2218
1168
221
84
698
188
243
350
124
2495
2253
1
11
1
2
3
1259
1048
2257
1
8
1739
136
629
177
2932
307
2013
107
1
2457
1631
16
172
143
2318
1
382
981
6
923
2035
1566
150
974
2043
1
786
470
458
74
2932
830
6
3
1884
190
1
9
14
417
20
1294
52
384
702
811
14
2059
73
155
106
76
355
48
1051
33
270
222
509
2
41
389
631
206
36
204
331
17
20
273
441
67
58
1450
323
64
1021
1561
544
40
488
1603
10
20
37
1256
266
278
4
99
1887
245
942
197
10
155
2123
10
328
320
1146
4
28
7
25
3
1030
2044
112
278
34
46
405
152
18
146
8
1130
234
75
21
1893
459
424
1506
613
1570
1106
2754
18
1981
1894
1
753
17
418
1783
913
28
2366
239
179
1775
2019
2928
138
70
93
1758
324
6
2188
228
602
1
1759
21
52
441
5
595
14
2638
1580
4
12
1079
264
356
557
31
107
257
3
1105
6
844
200
2
2625
263
1486
1508
148
102
597
121
125
103
1
37
6
14
171
1715
1278
64
22
3
816
1012
428
1326
1967
2180
2879
1528
940
1
496
185
97
1
2343
1034
363
631
75
8
2812
2549
2
414
5
50
962
303
1045
111
13
1129
7
469
455
7
84
1024
432
427
936
1
935
1376
925
140
2059
1
656
1399
623
23
387
2716
292
1266
1104
1455
75
3
169
1
560
197
160
99
16
1493
802
405
174
127
327
165
4
618
121
668
5
2092
422
307
11
3
106
15
267
21
346
3
92
1663
2599
490
966
678
296
205
3
254
387
1
4
66
1600
72
1
339
455
3
159
1404
4
1701
3
1198
277
2
20
219
199
1259
560
49
1445
322
24
1
1299
1276
17
1786
56
93
64
855
117
2209
10
131
2293
2102
2133
609
2460
236
670
1
730
8
1565
862
23
63
553
535
409
43
638
1648
1647
1
1264
1721
13
8
2
1
1
194
670
1
187
410
497
42
806
52
210
5
1533
1033
878
73
204
1392
232
55
2537
760
2
130
123
1837
187
4
521
18
868
75
56
2031
2
115
5
1
11
318
205
271
103
1244
829
1371
876
114
593
425
2498
2
471
3
1
545
2151
2
120
203
413
11
133
215
710
107
16
2741
6
102
679
1199
1016
726
62
310
1114
2201
410
889
2412
31
3
404
135
32
109
119
154
85
462
144
1631
2459
135
212
326
2239
228
2061
1033
17
555
43
99
2957
222
504
2840
157
126
2338
1794
97
759
4
205
223
1207
782
421
4
13
2062
59
2771
1161
1696
2637
55
16
976
69
39
773
3
596
10
1
803
122
234
2913
1088
113
150
2361
1378
1626
19
294
1116
379
530
218
524
1910
1967
1
14
1463
72
1599
324
1
4
14
4
928
46
1438
2
2
17
5
89
1815
64
17
262
61
2019
5
19
54
1616
12
1121
664
67
28
1965
3
561
2098
1334
176
3
424
99
124
32
109
1684
1478
1757
771
338
1594
1
1646
170
71
18
518
44
16
54
651
2735
2
346
65
1850
23
10
208
1875
955
387
376
1511
79
4
2721
840
1344
1049
479
828
46
854
5
8
54
599
16
1103
1192
664
1180
696
11
2023
258
789
1433
35
24
84
563
112
226
1
319
11
23
2
3
1
532
1
852
1954
23
1
196
1123
384
2070
1311
295
5
1109
1
3
2
2290
961
2949
1793
5
25
36
1151
1124
1
2738
27
793
318
3
326
169
315
2574
128
58
27
3
5
8
21
66
3
54
11
1
457
770
114
69
316
1200
2413
2458
107
21
1708
2
1002
1194
13
25
689
333
172
33
446
225
223
352
1621
30
762
1604
581
400
22
1925
331
32
37
393
900
1841
1216
9
397
104
9
1520
1084
1618
1427
58
768
1030
2505
2784
435
1550
59
65
52
67
172
1246
1729
2
1488
1561
317
1
535
3
53
110
1663
2187
197
782
6
208
2313
258
105
3
569
1149
1445
325
12
767
2181
27
1171
1
2306
1
80
91
1905
5
657
833
2166
6
62
347
338
380
1877
2642
2449
15
119
411
1000
730
1849
28
1114
1664
1694
31
512
683
511
1485
114
105
809
3
288
1828
13
2911
579
2079
44
395
81
687
1
15
150
1576
2229
97
22
1325
263
16
2
1387
319
277
2
1
339
4
1381
33
10
604
115
301
643
56
1
108
242
2528
83
1234
1212
2
379
445
140
901
439
626
378
46
10
2
343
353
735
301
166
23
1197
748
2617
7
936
522
1454
2926
1
14
116
62
22
72
93
163
170
203
57
9
807
287
1662
849
177
2622
2479
480
1078
7
1768
30
273
87
43
1
70
50
2853
21
1176
36
932
13
345
222
1893
2182
896
2414
53
1863
2
1144
2279
51
33
1
73
1532
535
1467
338
2934
63
262
950
164
2507
91
5
2
1
1148
814
28
989
2926
1774
972
618
1976
101
10
356
11
192
48
6
1666
144
267
1260
1158
2
231
72
31
2370
2027
2416
690
64
423
1195
27
2411
666
41
2008
2044
778
1785
895
2353
4
108
247
4
72
15
911
76
963
298
1070
291
2042
2
66
1587
1327
7
5
1
2523
68
1143
2
526
867
1533
1846
657
1563
106
1079
453
9
2
1
2698
1749
733
1
113
22
7
207
809
266
876
86
195
127
4
239
1420
1637
1210
60
457
743
161
2320
2670
2
52
1
1729
1389
69
219
759
56
1
43
310
163
1802
302
562
202
221
94
167
588
3
31
1713
314
769
131
1
718
489
23
1142
540
528
69
19
1589
46
2058
2360
4
1
2668
687
159
60
890
4
21
1225
1145
14
22
2379
1636
20
53
2781
1448
11
1709
102
20
854
30
34
1196
205
458
2
327
4
256
47
532
1783
704
239
289
346
106
98
71
53
98
29
150
295
2862
489
476
8
2
84
115
70
752
1145
55
9
156
14
19
243
369
242
1
16
33
100
1262
118
1325
158
8
603
14
1125
210
86
222
1271
29
745
15
1738
123
2806
617
1122
1091
1325
40
73
639
184
1480
673
2
1647
1786
63
415
61
94
72
2432
131
2419
167
1124
1994
599
116
628
2051
1936
1
1696
769
2909
2113
229
182
380
288
430
243
3
2465
1309
1819
2058
422
461
61
251
116
839
1901
1
1
167
1
173
1
106
239
616
1650
640
124
256
462
2
2156
3
1
45
1
2280
1134
57
2188
2406
2169
1854
565
2118
60
659
81
1191
848
2938
155
16
163
384
1495
1611
1833
11
358
59
35
185
756
59
2
2181
19
59
613
974
265
2729
32
24
14
1190
1
115
1000
891
1099
2243
655
229
2077
76
9
386
208
460
1244
123
1966
1160
476
53
2978
22
788
469
525
838
225
1862
1
2854
25
2465
1196
10
710
313
373
28
1
6
3
5
717
2583
697
6
1190
720
19
50
755
55
2840
743
31
196
125
708
2924
1181
5
1516
6
1252
3
64
27
5
1122
2834
166
13
493
2537
1126
21
717
1305
123
946
254
2816
1632
81
12
115
2402
346
242
7
2379
372
6
2869
2
41
2
4
713
47
467
2546
3
1625
7
104
187
54
1073
78
5
930
775
87
281
2156
26
93
99
2
206
478
2
200
144
2703
1069
269
10
2318
261
169
2047
1017
78
2044
49
61
52
2647
106
90
785
165
385
3
194
2548
2523
1567
28
733
10
1865
2060
30
282
410
885
1922
30
1216
1
376
121
1
33
1404
690
2323
86
5
936
1366
2911
1
15
1
96
2
1
31
23
152
27
2409
52
7
1645
234
172
95
753
1
1
1911
2024
373
142
2120
2435
979
479
281
2755
435
15
40
1001
1
206
903
935
12
23
1680
230
1996
2453
141
2
2508
34
2616
746
798
133
1561
1568
3
22
1130
30
1501
2794
13
752
664
100
844
318
6
142
932
255
2
462
529
297
2648
1
116
2804
255
71
261
694
699
200
824
1420
180
81
285
1657
118
101
1407
5
2515
1352
84
2673
352
132
79
1857
185
52
46
144
49
122
408
448
2927
14
38
1032
719
13
23
146
8
46
2129
1
1212
34
20
89
435
392
257
1797
688
989
102
1339
647
2
445
391
24
103
9
531
102
201
35
199
27
111
896
1947
105
217
2633
42
2
1779
20
33
189
128
12
353
1
1219
120
9
1252
355
1768
896
2824
1672
1175
267
97
95
19
1411
2
2789
1953
30
17
11
6
249
2420
2382
294
21
639
1045
2456
2513
47
42
11
22
287
2057
161
217
58
487
2
1348
1416
659
10
242
55
1660
511
374
2911
10
17
59
1414
7
561
1721
2847
995
2586
1642
1312
1477
2619
48
311
3
1122
1
1
26
569
2506
1495
2199
188
317
314
2383
1945
2742
533
1593
49
1081
568
1370
491
2699
627
791
144
2
83
2031
19
629
2284
89
2615
224
139
1190
1
19
74
367
107
135
7
2059
114
1047
283
1634
102
963
669
2838
227
2328
4
1740
278
834
553
78
2669
1
9
669
313
661
841
465
2408
1687
1392
3
22
1917
2925
1015
2617
499
651
265
1134
32
537
2958
152
29
17
15
1
7
798
76
465
22
1599
313
11
285
25
15
3
76
2001
2
608
1784
59
2951
446
2259
1
2842
740
18
641
52
388
783
522
1
366
20
504
30
186
4
21
52
47
554
750
108
270
996
494
177
705
883
104
1044
120
383
1
1081
40
612
2113
260
184
166
1290
513
412
15
1694
834
157
12
1474
1
7
17
199
3
260
1743
905
760
225
2932
1
221
503
547
52
267
59
152
72
3
1919
269
242
49
100
225
1503
385
1223
17
225
278
88
18
5
857
999
30
1
1334
22
185
1490
27
1839
180
46
422
135
5
1971
1
290
2522
691
1746
90
688
163
19
2147
397
2396
364
1300
1187
434
986
435
3
482
1718
148
941
42
1049
23
1983
40
1333
2909
194
245
2761
156
50
19
432
2974
493
6
548
1
2073
174
24
22
18
2197
604
2115
125
7
2906
138
686
2145
973
421
1892
308
199
1656
1814
2407
327
773
1131
29
2758
159
39
43
2
2448
1957
200
1
2698
3
70
28
2180
993
1674
34
963
411
426
610
1
1971
848
309
655
2397
1299
222
107
155
628
184
23
427
288
2
305
6
2855
227
22
63
1
448
34
1491
178
2
365
131
1154
101
1097
196
220
1580
9
179
608
406
62
984
109
7
2271
830
99
1087
290
118
1148
741
529
275
1169
1436
1429
2
924
2530
5
1234
676
630
37
477
114
87
96
11
199
501
647
2016
1
1044
1
778
1116
467
1071
172
2910
2082
223
572
1857
254
37
2240
263
21
190
60
1205
1903
7
1619
1578
2
462
723
17
884
577
958
402
145
856
404
194
2103
692
2
158
1
13
17
1266
1478
100
1778
163
38
176
53
8
3
50
1411
126
28
583
827
2673
113
27
96
1354
15
1837
123
1862
15
1758
41
907
30
177
238
25
2
27
91
1507
495
2681
904
272
455
2065
512
106
239
1176
1256
69
66
135
244
94
159
1955
194
2931
402
51
2991
52
763
3
13
10
230
220
972
889
5
825
533
2121
165
1
2
857
52
2553
1428
2189
960
118
245
372
511
3
503
2036
2713
1220
1058
85
7
1964
146
11
1
586
164
121
39
303
43
241
2204
73
31
259
1508
1790
353
186
35
5
512
682
431
1336
716
806
1001
1084
311
2194
587
2
1344
25
369
779
91
404
829
1891
1239
84
5
1151
261
2620
1384
367
24
174
1537
453
194
188
973
428
45
2373
248
507
1766
1619
302
230
463
334
107
421
411
162
216
463
2795
2252
43
2222
1908
25
194
1028
3
1114
6
879
413
163
567
6
3
46
1296
73
149
3
2061
502
461
1291
180
3
7
2175
106
1994
488
120
2671
79
439
27
2435
1132
28
80
973
23
43
1557
3
1001
130
767
2404
97
719
161
1
1361
1010
694
125
1372
190
2424
704
1125
2241
98
1007
2287
74
20
1189
5
2200
58
1588
30
350
1184
524
1
676
2458
749
44
1530
21
2928
212
65
873
118
2465
1159
2547
112
1
4
27
1073
2042
2591
1850
1226
260
860
3
1612
60
1901
242
17
195
335
617
640
2456
1526
459
680
96
96
18
633
1749
2321
148
31
42
2
37
14
1022
1826
92
826
1940
1016
428
94
1964
11
14
18
1454
161
1242
80
276
17
58
81
2531
1184
102
1
57
271
378
303
561
92
1694
836
3
6
673
242
79
1153
1545
879
2
65
38
66
1351
1258
243
2592
79
371
333
93
665
833
5
45
623
82
184
2304
156
117
1817
86
280
19
25
1607
828
9
211
263
2
1
2288
5
244
331
2918
2419
2993
112
2082
53
2891
2874
609
1221
1289
1119
780
49
281
199
18
25
363
1967
463
2834
1
47
1391
511
47
1402
961
730
13
24
72
1069
2804
1739
15
322
412
62
2257
248
1151
248
112
2
1668
11
123
40
56
1326
2
21
2798
179
1
344
1356
371
124
1439
548
906
17
906
502
164
2
718
214
1636
44
1250
14
1045
134
59
1836
2722
2706
1534
29
92
43
280
313
87
445
4
485
1910
286
704
11
6
1776
194
4
2030
209
12
2452
572
1001
1146
761
17
1628
2507
2124
67
2529
2097
62
303
13
394
1561
2539
1
249
37
1490
224
404
630
1198
1181
350
31
34
2
2
343
188
164
43
246
225
524
2708
1
1318
646
157
1036
1113
2768
45
2505
420
174
314
1166
117
39
103
2008
2677
1
3
101
1
2095
16
367
1430
175
215
491
300
1
54
2201
3
1656
1
65
1821
1191
202
1100
152
864
3
32
862
2829
1057
2216
2439
204
1797
1
1
2103
108
1
199
78
449
593
1392
145
334
196
4
176
1
288
675
374
544
7
191
323
1170
2505
136
65
1592
139
296
5
2434
3
726
1129
2962
546
2779
514
120
2758
103
17
18
5
2535
7
1502
2025
447
933
2682
2018
5
1
58
1
883
979
2
2
1144
1440
1089
36
232
2009
814
123
2
821
2
3
252
879
402
27
568
41
2410
837
409
60
1520
21
1455
286
69
1401
919
2239
605
133
5
551
1208
550
1023
2
1235
631
285
1386
44
2084
8
565
5
1
63
2557
586
321
270
621
2
91
181
537
6
337
815
249
625
49
159
1061
439
795
42
1609
454
149
226
4
300
2029
142
3
1619
286
978
990
1034
1023
30
20
3
2077
3
428
41
153
50
63
1
2489
10
1
2493
364
340
67
1520
243
11
230
1085
2554
1327
3
62
61
1282
741
151
140
215
279
107
33
158
1
52
148
740
145
814
337
494
1633
2141
3
60
95
16
13
11
29
5
41
1575
2430
1833
208
1
2
50
2
62
53
1052
55
12
1533
328
2038
1401
2
2721
48
622
8
413
662
600
2581
9
113
380
172
2289
1225
1253
283
2
2727
1227
131
977
35
1287
1894
668
4
2
2070
954
430
112
79
606
1
9
341
1
1690
1
104
2357
900
1763
107
2476
10
1169
550
480
2249
2
256
16
74
311
75
18
88
24
1391
887
561
2073
63
159
1497
5
205
19
363
497
1273
2270
359
2845
1366
34
1141
303
18
47
51
579
1
8
125
1831
126
133
561
2464
310
1
2
614
2738
5
2578
1725
209
2299
1065
285
250
18
366
1503
253
1172
2516
1563
1293
28
432
85
359
17
1798
89
2278
39
50
8
63
1753
357
32
555
704
233
178
76
10
1871
61
20
28
133
48
527
1270
734
2
233
1293
865
468
13
4
2
1127
203
2301
405
276
803
653
99
260
41
97
7
2
5
2520
16
37
650
29
1216
2
1754
1093
49
523
176
2286
707
98
67
151
2661
158
2373
724
292
13
24
9
10
107
200
981
174
56
41
1
2564
2781
317
926
222
33
76
23
149
40
717
9
186
1485
190
2983
791
437
1576
1864
718
1486
2436
4
1568
593
1
367
786
2620
2086
462
756
1108
120
1558
97
13
1478
99
192
1
1385
1921
290
1
9
244
2658
1217
4
2760
5
1150
141
48
86
1270
355
1
78
802
96
257
10
25
2694
597
1
595
2879
401
1517
3
5
4
897
241
2891
264
1406
1323
2
738
22
1
103
8
2107
723
1461
346
295
1438
1474
1437
268
2731
1414
83
386
1749
4
1366
11
1774
1596
1786
41
2927
2879
202
121
2690
744
2172
1
712
333
617
159
801
1130
1207
266
62
62
1419
570
8
94
984
159
2774
276
847
717
1151
40
11
2050
369
788
10
2
1249
3
2255
54
2980
3
1117
46
2022
590
156
907
332
82
508
2339
73
894
470
2056
4
1120
11
1057
1
553
260
170
27
274
1
678
1522
9
81
7
2544
1357
1860
16
685
2138
3
269
20
1536
91
210
1921
172
67
184
17
67
287
95
124
14
1669
558
333
1187
1227
1
1411
257
53
123
246
153
45
1591
1484
825
810
1621
2126
785
1459
2788
209
1156
2
4
2
1891
490
1
240
761
8
1
155
802
271
2533
471
427
39
485
2101
4
2921
56
545
1204
1
1718
48
2122
134
812
101
1388
52
985
75
989
751
1
2918
7
286
384
259
1
1595
28
3
581
4
2125
1826
1532
832
792
1428
46
1909
1591
1652
1483
65
2104
458
26
655
484
599
170
1992
988
265
974
18
2034
254
85
437
53
665
139
189
2654
619
57
341
3
1984
17
127
88
1539
1477
503
159
792
123
619
619
1521
67
25
303
359
36
517
160
1278
2684
13
1726
2379
574
138
670
1968
2545
433
1067
1021
1734
2671
702
67
391
4
81
27
1804
1635
2
107
14
75
23
485
16
506
553
322
414
167
10
1
627
106
352
1
871
191
523
1001
2606
1130
1852
401
2058
246
72
46
2140
45
1873
1077
110
41
1379
946
349
1
565
698
15
254
4
68
812
80
46
469
117
6
429
1985
1883
1086
6
384
394
1
2950
170
1327
517
304
169
36
538
895
1
1
207
452
85
715
1266
85
2708
1073
816
8
704
1689
113
9
1807
2620
374
33
1168
2657
10
1057
25
81
12
31
6
1671
24
2250
1545
345
1728
25
563
2920
1
2304
6
1304
16
242
2629
581
1683
2801
2
2496
1730
3
304
2655
682
361
2824
1777
552
2164
309
2496
1575
55
1296
2154
14
769
1254
1
132
1491
25
13
200
1048
59
402
157
884
9
282
430
42
2
1562
5
391
1509
1581
2561
2863
8
76
2014
55
3
313
109
2822
2
85
77
1173
1367
1255
908
317
1580
1280
35
1302
3
1996
1578
278
2
2062
1752
144
451
981
624
531
589
7
753
2683
2713
98
934
1158
2944
1940
303
6
399
43
713
440
1170
2932
2
2872
2253
1261
1610
110
1764
2306
52
198
2179
1086
1677
814
129
1
1800
1489
1766
907
1681
205
2063
12
1266
394
2044
13
132
966
2666
12
61
63
2896
927
1887
105
585
14
97
37
1
4
3
7
1331
61
798
1405
103
1983
140
1251
1325
570
1830
585
1249
599
1
56
17
830
400
405
18
34
1673
1
886
2137
41
1202
362
5
2748
1967
276
2158
1846
835
2788
1297
1127
2
244
1162
22
2
883
878
2963
1601
1485
873
20
2488
98
3
1524
1162
207
203
306
1396
1744
2692
70
558
1508
641
1552
1459
240
170
2070
38
40
2
1
24
40
2130
1668
531
326
999
29
9
787
198
2831
310
1066
1744
280
317
54
1245
18
