109
84
897
13
3
1
238
58
1543
869
18
10
1692
132
624
669
27
1541
6
18
26
6
4
12
46
11
2
1932
152
35
1435
1270
939
182
56
1
32
1
10
1
2
5
196
1064
477
138
21
261
1552
5
1
1138
133
1
1
1675
975
18
2
238
15
62
1
10
2
4
235
1
169
1
5
1
1649
595
226
391
44
52
252
208
127
370
147
112
26
1
25
5
58
1652
8
1973
1
8
1685
64
62
63
5
17
54
5
1009
2
374
22
465
98
895
795
5
46
91
1288
366
54
5
402
471
412
21
90
1
266
159
122
19
139
108
143
179
20
4
7
4
446
1
8
334
1
2
135
139
1
2
328
4
1
361
82
3
307
227
7
1239
349
18
469
732
363
1
4
7
123
1
161
1032
57
1
12
22
1991
112
33
4
28
1
1
30
33
22
154
130
14
167
561
1120
12
1118
68
649
92
7
93
344
32
1
5
118
10
179
34
1076
110
614
168
3
33
121
1
678
289
32
41
153
4
4
1
133
1116
8
1
681
216
9
42
1
3
45
91
946
453
1
20
512
18
228
8
1
57
304
2
382
1
175
238
827
72
13
4
669
13
31
2
13
2
2
711
1
174
49
739
1
49
168
3
3
446
42
193
58
364
257
42
81
109
31
155
3
369
14
6
23
25
78
859
1777
1070
1
521
1
1
184
360
84
91
1916
19
51
263
212
380
13
26
1231
10
514
10
1422
26
13
22
1
4
1
19
18
54
1
4
1
2
832
2
1
10
170
391
234
9
10
1
3
85
248
6
2
8
1
1
607
233
15
338
14
16
1
77
420
6
19
61
61
3
420
1
22
5
165
64
26
933
1
8
3
188
239
127
1465
8
1
6
1
18
106
1857
57
947
572
188
12
31
131
1368
10
98
10
3
5
184
584
484
3
1
829
17
123
1740
1
130
482
14
73
332
310
1352
3
1463
57
1894
42
33
18
169
5
5
2
62
126
694
503
6
10
219
145
582
11
3
890
22
3
128
1721
27
1
4
2
543
4
6
61
3
1762
1471
1
1
7
7
13
1
1
394
6
2
32
136
939
1
1849
6
288
16
4
66
28
33
710
61
4
1229
685
50
752
1
24
1
10
2
270
30
1
85
446
827
67
1
53
1
847
9
1571
2
98
1
20
196
76
60
6
9
19
82
1
127
9
218
385
39
24
96
2
130
1
777
31
1158
649
8
3
3
50
7
5
277
559
188
148
1
2
31
1091
12
203
28
826
101
73
154
1038
1
253
855
143
20
4
322
114
548
1386
8
342
1
1
1209
6
16
1886
1
2
1
30
4
125
102
118
1
55
9
1
333
1
2
1
13
1
17
74
1
1
10
256
27
120
260
18
1682
14
29
50
1
31
1
1217
1
575
47
4
35
50
113
1338
1
3
7
5
17
14
225
1912
18
1
32
987
1250
1494
3
33
1367
188
29
1812
93
193
21
121
105
5
185
10
547
1256
1
418
34
934
127
2
30
82
285
32
19
30
2
1377
1
18
4
1
12
72
55
9
139
108
3
1243
167
108
11
16
297
4
4
1300
3
118
1
190
8
4
25
48
1
9
1
904
68
1652
1252
1406
728
377
33
2
407
569
273
45
1
92
22
2
52
938
1934
448
1
3
47
5
1
35
41
1
5
114
1
2
12
2
4
10
7
1
39
3
1
247
1
57
40
1
26
1088
8
147
1591
81
64
1
1777
23
1203
1654
1415
80
12
74
1
38
206
838
1278
5
1
1
987
78
373
66
87
1
2
8
33
1
14
126
481
51
410
173
16
5
7
11
363
18
282
6
1183
1
102
204
5
66
55
723
10
195
6
1
281
145
1
1
4
4
19
44
951
5
3
44
4
7
2
624
2
15
17
403
39
20
5
3
2
32
1
7
693
2
2
9
5
75
5
577
15
29
1
1805
88
22
27
2
5
19
123
42
329
3
95
1
1
86
2
244
4
1
1360
279
2
163
1
1
1
322
58
4
307
185
116
142
13
13
2
1
17
165
136
1
14
233
48
964
1
26
145
2
332
12
39
14
97
207
2
9
153
1
1
59
2
765
459
19
23
297
76
321
22
115
16
75
191
46
166
5
1
1
165
32
1
11
3
1133
566
1146
572
48
388
1
208
15
184
149
3
40
1418
24
2
2
64
1791
1
4
1
546
160
31
2
960
303
1
3
487
253
149
15
1
106
1
989
4
156
325
3
1934
4
1
1422
187
106
434
6
1
738
1
57
10
130
28
105
6
676
313
58
410
156
602
3
16
152
2
80
225
4
408
1
7
10
11
78
938
80
461
843
17
229
61
9
84
54
28
168
1
28
1
31
1
1916
159
3
1438
609
1
103
72
1440
19
9
1889
25
3
1
997
50
1
3
204
839
17
1
7
173
8
115
107
208
25
315
911
51
1
1
77
102
5
3
1
2
21
215
1460
45
2
92
71
4
8
52
268
1654
1
1545
353
170
1
6
6
17
42
133
1468
1147
21
1
38
1427
1
65
953
2
134
17
1963
16
21
449
32
3
56
1
1371
517
1603
13
6
42
89
5
74
80
4
529
1779
5
775
92
11
111
593
1274
60
138
15
38
75
4
79
1
1
27
1
10
4
1
5
59
3
1987
1
3
1040
69
1645
5
1
127
2
73
1524
1706
39
1410
332
106
1081
5
178
212
67
785
105
277
800
10
768
713
1855
635
125
444
1
122
3
1411
1134
20
28
1
186
77
2
1
339
2
504
8
491
102
243
3
269
2
403
7
492
8
19
4
2
1
1664
167
349
776
389
109
27
191
78
23
92
3
2
1
8
15
2
801
8
73
602
405
1
15
1
3
1
1
112
4
116
1
177
564
12
57
93
2
7
6
1648
3
13
191
1
40
1
15
18
14
137
173
2
149
27
1
3
103
1645
3
105
171
278
138
340
1
1
1
5
167
1207
524
7
100
1
2
31
46
14
4
2
124
186
264
1285
8
81
1034
108
1328
519
5
1873
4
129
23
2
1
22
1
1
3
1
50
2
60
154
1
19
18
1303
1
6
59
51
17
2
6
111
337
2
4
123
40
3
407
1
63
2
5
2
176
503
1336
15
22
127
2
1
3
788
5
1528
1328
1
19
283
113
363
21
1
1707
643
1633
1510
584
1041
83
6
245
880
624
110
9
172
13
37
4
17
3
248
587
157
1839
816
1019
2
16
55
63
6
1
205
32
185
138
47
77
54
709
4
3
2
4
1149
211
145
502
69
6
9
7
977
256
5
1
644
3
9
2
123
8
125
1
1925
790
1
1
11
18
2
6
288
4
221
20
1
24
2
20
85
83
45
102
300
380
6
2
44
14
28
331
276
3
278
28
1
16
11
388
8
8
9
1
6
32
27
6
34
2
138
25
648
184
528
18
5
134
1
14
1
2
1
189
2
1
178
3
747
56
144
20
1
1
7
304
190
1061
6
888
5
5
7
232
15
5
33
74
116
9
3
3
101
42
3
75
199
32
315
6
1
1
18
1
86
1
208
13
802
307
27
6
719
2
3
22
1
13
4
1776
806
569
6
407
322
55
1289
3
1
9
218
312
1276
71
4
269
47
5
1
2
2
7
1
1
1529
43
1593
1
115
87
31
556
44
959
819
794
345
1041
45
1
558
2
1026
41
16
1
441
544
105
42
1
233
1186
7
41
12
16
398
2
4
1
375
1567
1
1769
90
1597
1240
200
78
6
431
26
4
2
299
2
2
107
269
1
1
1
2
10
5
35
620
138
1
34
106
13
28
1687
33
1
3
11
2
2
722
25
13
9
113
287
10
111
64
1
17
21
882
32
11
27
8
258
81
967
2
16
1537
12
126
1
246
65
1
16
33
1
145
130
2
92
1901
9
68
4
77
4
15
302
38
50
31
20
12
2
8
876
6
1
14
91
324
11
1426
20
7
157
8
1
144
1228
53
3
5
1732
917
23
298
1017
49
10
2
32
253
413
36
18
18
2
2
28
432
416
1
3
8
2
268
4
1
9
1
1815
872
4
8
1
12
552
323
1
187
463
1677
295
15
61
256
109
7
3
247
14
784
512
1723
30
2
2
1
3
26
54
136
1928
586
24
2
1685
8
48
1285
77
327
7
5
24
1
841
863
27
8
386
503
1340
1
441
484
352
1
2
144
1443
6
96
1797
482
563
42
133
12
117
54
16
1268
1666
3
30
8
2
11
3
844
16
5
65
1708
5
81
1
1
727
110
88
1733
746
2
913
2
601
14
928
4
1
29
1
6
1
4
50
2
22
16
45
52
2
389
89
8
765
141
14
649
156
7
195
1
1
4
82
457
458
36
924
48
22
1
2
1
2
29
69
1
140
73
617
1
185
149
426
86
2
9
18
6
2
20
2
682
42
299
18
10
3
30
415
1
71
619
546
94
1239
1549
1
4
1873
725
2
6
7
1065
17
1
4
4
11
31
5
2
11
1
13
268
8
3
961
21
9
6
445
34
885
2
1959
699
16
436
1962
3
138
1
36
38
1399
3
44
2
129
4
38
217
39
800
8
13
4
22
106
10
2
570
9
3
6
3
1563
1
4
2
7
105
3
16
4
93
233
6
124
1
50
1
369
133
38
1314
84
3
55
169
123
3
1330
1
1
7
68
27
216
784
3
67
2
310
454
81
1020
19
9
43
1717
40
1077
9
207
22
75
380
1
29
246
20
100
48
1355
3
487
769
9
17
427
7
41
4
208
1647
146
49
5
52
305
1002
3
2
8
1
42
868
769
1430
1
4
1029
3
25
229
1179
1
36
567
7
7
137
2
37
38
354
499
19
11
736
179
2
1019
9
1154
8
497
523
8
2
1
554
85
2
284
73
37
10
3
9
20
1
2
307
9
2
3
4
24
678
82
1
49
3
431
1281
1444
418
2
1
1
15
170
6
5
410
6
1
13
33
1
90
15
2
1
4
112
134
22
1519
1041
499
13
711
3
1
918
49
5
240
3
270
52
5
23
10
121
109
547
2
39
540
1
46
603
258
554
8
961
111
1239
4
527
249
42
5
348
1
4
25
18
35
619
3
3
5
1779
1294
24
1391
1532
1664
529
6
5
3
101
2
1765
2
1
7
64
6
103
235
2
4
311
820
282
136
399
1
1
667
1914
2
1
1
370
1645
2
43
5
11
87
1388
6
2
33
49
65
4
1760
2
45
21
11
2
645
128
192
219
11
18
25
201
1160
31
1
571
2
14
1
2
1
3
3
48
14
1
785
11
55
636
109
269
337
9
137
465
30
456
124
145
424
145
1
54
149
654
85
1
1401
126
1
91
65
35
288
149
1
317
3
8
142
24
237
120
332
1
1525
43
378
25
8
944
1
1875
1
3
15
361
35
154
39
21
283
753
366
5
21
196
5
3
1
3
1
282
10
1
8
46
2
11
4
40
2
447
45
160
552
34
187
32
2
23
1693
2
1
40
3
21
57
2
1519
767
2
1152
3
6
4
1
2
2
1070
59
2
46
1
406
2
239
24
614
72
11
49
909
2
24
586
12
2
1
24
13
908
3
305
1209
2
1
1
10
30
1
97
821
1
17
2
1
1629
51
22
2
1192
7
51
16
142
169
6
4
145
4
1
2
276
1
12
139
1
351
46
975
1208
1
359
7
9
13
1663
2
1
36
3
115
12
1
1
3
484
15
13
6
8
264
2
5
3
45
1372
3
391
339
1
2
159
20
23
3
1
83
10
8
80
1
72
30
2
1
4
794
1
172
5
7
37
6
577
2
8
1450
16
15
4
4
2
66
4
6
1970
16
706
2
173
95
13
1773
20
121
1
58
199
9
889
45
8
2
21
8
84
1707
162
49
151
57
580
1033
33
5
43
56
24
45
354
1
12
4
91
1624
81
1
1143
1418
1
7
1274
17
1
2
1096
640
1
1
578
1
215
323
1
1
70
233
362
358
926
63
520
55
812
1
235
10
10
1437
1877
3
58
254
460
2
239
1
72
5
1
1
45
491
1313
4
1
3
31
1
579
64
3
1
1
492
622
21
1
850
1
1
3
158
3
18
22
388
162
108
1
3
150
1172
1
1
222
2
430
28
16
24
1
33
9
55
3
12
1
168
58
28
5
1
2
386
45
19
6
306
1
22
1511
284
3
464
708
73
53
11
8
8
725
3
14
73
1171
119
2
8
1
1
1
217
138
7
1
634
34
403
132
7
1449
547
1
45
939
534
1946
1
5
147
15
638
33
103
10
19
43
32
1
183
43
59
1
1
160
6
83
1
17
2
42
24
1
1
606
6
5
1
1
187
119
18
5
96
3
1
613
2
366
154
498
876
950
12
2
21
5
147
17
30
547
1174
5
740
1
81
1011
1032
538
23
2
821
274
224
6
8
64
616
8
531
44
531
1732
2
817
65
1482
1
1
186
171
335
2
32
12
1
203
337
7
32
1
382
438
9
2
123
1
2
38
1813
26
596
181
677
1
22
6
2
1
32
1256
185
198
342
238
5
1
237
776
155
73
983
4
4
86
2
1
75
9
9
3
136
8
377
1
1
66
12
940
3
113
2
75
9
2
184
90
1
6
10
19
35
342
1350
661
1
1
6
10
2
905
67
1640
695
11
1936
167
3
293
3
2
2
1263
144
570
42
43
1
1
70
5
9
1976
23
7
8
568
79
3
301
4
6
1589
163
3
1
5
17
31
12
445
28
1
1338
1428
36
1754
9
5
4
2
1
154
1
7
1
183
3
1197
8
2
495
3
3
475
1846
8
41
1
360
175
1
203
1
151
30
75
23
1
31
43
1
1
1524
1686
7
671
5
21
1
99
1
1
3
431
5
1
1370
11
20
3
649
921
52
3
480
97
1027
22
8
847
87
43
1
2
929
1
1790
1558
82
983
26
2
399
59
4
1
1
169
79
44
1
10
244
3
127
1343
1086
65
2
11
796
1
1
672
1
7
5
3
374
1
2
155
6
19
55
80
289
748
412
64
302
2
46
1
107
79
3
45
17
4
867
381
1
17
10
9
10
383
1957
785
10
793
80
114
2
773
1
50
95
4
273
1
91
87
1
440
10
7
16
9
1
67
1033
77
1
210
41
10
1
12
741
3
10
4
2
45
22
16
1
3
265
360
6
6
27
35
7
6
49
1565
154
5
2
146
12
3
1
3
134
7
30
5
110
613
136
1134
151
184
13
9
67
251
1
1
1
2
97
6
76
54
1
28
15
1
177
3
4
2
9
1627
343
436
293
60
94
28
2
1
867
234
1
243
460
1
5
4
759
17
76
571
1005
4
5
489
1
220
11
1521
1213
19
44
1
135
1787
2
7
314
237
9
1
3
127
873
8
482
624
24
22
1
1064
401
6
605
1699
582
120
1
62
445
40
129
2
1
3
12
763
1
4
5
8
22
258
90
1
741
2
1945
1
1
831
1
23
1805
2
1
58
402
3
1742
174
2
4
3
8
86
265
16
12
1
1
310
55
2
4
1885
1
83
653
27
315
1
62
46
141
462
9
9
1120
337
51
61
2
24
597
3
118
511
82
231
52
2
1
84
100
42
2
6
1
19
247
61
1
2
29
543
18
45
56
25
2
995
3
1
1
138
1
213
30
99
85
274
5
126
335
2
3
1885
798
142
248
4
2
1581
103
4
320
3
1
5
1931
128
26
34
963
1
648
1
632
5
4
104
5
38
34
1
400
193
19
23
23
7
743
10
11
183
234
287
4
20
8
65
295
297
5
2
18
1
4
689
512
129
14
2
1540
2
24
1085
179
33
3
1596
151
16
1116
484
67
450
238
3
182
99
1
1
8
127
23
7
573
36
359
3
652
1819
1
6
4
4
25
897
1
372
796
313
469
19
2
10
6
129
63
2
93
61
90
1073
1
328
12
1
17
473
444
22
1670
8
9
843
2
87
138
764
1
6
504
27
84
6
30
1
1
189
8
122
15
8
10
906
961
351
37
1
176
11
3
19
46
2
5
1
230
31
2
24
5
3
396
2
2
112
2
16
29
23
167
73
1
1
11
183
52
2
1244
15
370
1
90
514
21
6
2
1
1233
416
42
3
1
462
1323
2
1
1563
49
40
1
3
33
1
116
139
194
95
6
223
28
110
465
38
2
10
1
31
482
5
15
668
10
51
2
26
1552
672
2
622
411
4
1
20
2
481
112
1
127
318
217
451
2
1
10
2
256
81
648
2
479
265
212
97
598
10
205
9
251
178
1288
121
1
2
4
25
30
441
10
19
15
113
1
17
402
13
2
1169
1
1073
293
2
61
1
116
1
11
16
515
5
1
793
4
14
194
245
2
301
38
1
3
177
565
119
1584
17
2
8
97
7
3
34
27
1
31
1879
195
4
92
109
80
2
5
10
271
5
14
7
21
1
1214
19
2
1473
652
6
198
1
22
3
1213
36
800
35
154
15
385
8
3
1282
61
3
2
1091
16
70
101
27
59
1058
1
46
961
1762
2
3
1988
50
548
1
16
19
10
3
2
6
1528
876
23
602
6
49
129
3
117
6
1708
2
32
7
177
167
7
1
287
400
1
9
8
68
77
16
477
50
4
26
9
1
123
57
391
1
90
1548
12
30
14
49
4
745
301
26
109
1
10
78
189
12
5
2
37
18
3
19
1
734
32
220
460
208
891
3
164
1
2
1
2
42
145
1
11
47
184
2
1
8
281
1
2
551
1
42
24
8
6
1
6
37
1
4
2
235
1
1
29
20
1
5
101
670
56
21
9
390
1
250
144
448
4
156
679
1777
1061
1
42
292
1002
4
3
9
12
5
49
25
24
493
1865
26
603
10
382
338
2
299
12
4
66
2
10
728
25
1079
1
604
254
1
2
722
2
418
3
1
8
2
634
142
1
71
20
2
5
11
14
1
1
36
436
65
593
431
1
29
341
37
55
4
977
7
3
887
7
32
4
37
1960
3
549
941
1
1398
378
32
7
2
1
1
979
3
1
6
48
158
2
1
732
10
10
514
5
2
37
460
1
405
1
1
4
527
181
1
9
165
37
1382
426
801
1
56
99
213
4
2
12
183
256
1
118
8
357
85
18
3
5
432
1218
143
102
15
264
2
1070
32
229
1
1
6
22
2
9
89
61
941
11
4
93
6
28
1
1
1
25
1785
56
5
9
1
332
166
5
374
2
1
5
257
367
8
1057
54
105
51
14
2
1
289
52
9
24
9
90
235
2
48
125
6
1751
13
969
1
143
8
7
1
738
1
92
1
2
1034
770
102
96
526
769
1201
160
75
1
94
84
1
1
4
3
746
3
1
915
3
266
1
318
1
1343
15
657
1314
17
81
192
1162
137
1
103
96
74
5
22
4
291
5
28
4
15
5
6
1
2
579
174
6
56
507
3
9
60
4
3
241
210
15
25
3
40
9
136
49
59
7
1802
13
1260
748
362
539
4
282
1628
132
931
1191
1151
177
5
4
1592
1132
20
2
1
958
1717
4
18
1205
548
1
14
63
2
1
1584
2
203
29
1089
18
160
96
13
602
5
119
43
121
3
98
1558
14
55
16
4
2
1
41
2
6
2
564
2
478
287
21
191
1
361
8
297
1
10
964
1690
3
2
1
1319
2
84
4
3
1
1
1147
306
1
82
1910
3
666
3
1098
194
26
4
36
1
4
18
3
175
45
1385
669
1520
2
346
1
126
81
184
145
143
105
630
2
1
1
16
2
21
59
7
7
2
8
46
2
119
17
13
258
1
494
21
3
78
2
50
1
1034
2
172
7
1
13
22
827
277
1
270
1
15
690
3
14
113
52
111
91
6
319
1
205
1
13
1305
1421
1
1177
11
15
1
22
510
91
1
165
11
2
706
102
96
1
87
89
3
7
372
19
750
1
5
2
151
404
129
1
53
18
21
6
2
70
25
80
4
1
2
8
1
1163
37
69
256
15
125
1444
907
17
67
1673
11
1
760
22
408
249
10
441
1155
1825
342
161
2
6
3
13
756
112
55
139
124
77
71
15
1
23
1
327
310
52
7
474
9
1
4
12
6
10
72
14
212
1
65
1632
10
325
33
50
566
292
11
715
1348
550
936
7
1
1907
10
486
52
603
178
6
8
55
80
1356
514
1
248
1946
35
252
59
492
377
679
63
87
4
1593
207
5
248
1419
16
1
872
554
821
44
2
75
1
4
33
5
104
404
2
274
3
141
93
2
2
1630
1248
1
1
1334
574
1584
3
18
49
1
50
3
3
666
53
23
1
1
1364
109
35
145
108
2
73
1434
310
4
468
2
1564
1215
84
7
11
4
23
18
11
15
8
1
15
59
48
559
88
8
106
887
288
5
8
160
518
3
1
746
35
9
470
55
2
88
6
8
5
34
129
7
34
1451
3
8
1
22
1284
1
1
5
1015
5
45
1
1
3
21
1096
2
759
2
1083
500
1
356
40
66
12
1
28
2
1102
10
1819
125
1759
15
19
12
2
161
944
2
1038
5
4
1
513
7
276
97
1611
7
381
537
1790
2
5
215
1
65
8
60
67
38
368
6
2
1
77
86
1093
71
816
18
837
1
9
102
157
858
2
31
5
1
951
6
7
4
36
1149
13
1366
3
1
238
959
6
348
20
1
3
922
2
8
42
301
123
6
12
2
1
3
2
4
2
138
6
1
80
1163
1630
258
117
102
9
365
5
3
1
341
208
650
338
34
332
3
180
2
101
209
2
106
52
51
4
159
804
349
296
248
1260
894
17
17
629
93
151
18
296
2
3
142
19
3
79
11
843
1115
23
172
1
10
11
682
91
51
26
313
5
2
10
5
737
1
724
252
686
149
313
308
6
6
4
33
153
23
1462
1
29
11
2
1
1362
6
1395
7
8
500
31
233
6
601
1143
1
3
1
2
1
7
1
1749
184
25
516
630
948
1851
3
291
12
8
3
144
416
1554
33
1
1
299
1
244
5
7
1
10
9
108
51
11
17
4
280
24
235
4
8
1050
1
34
545
75
412
256
24
473
88
5
4
123
924
2
689
8
71
58
55
1653
708
1
1
9
1127
68
2
34
1032
122
12
46
25
79
1621
2
5
47
2
2
541
186
1870
2
1068
204
4
13
234
18
34
1505
400
3
77
43
1237
55
28
872
1529
1
218
204
33
1331
2
83
1
2
1
462
1184
2
1
4
7
95
1
9
24
3
4
9
18
82
1
2
22
813
237
1
228
2
3
3
66
479
83
338
930
279
246
13
1
76
6
759
474
3
63
7
2
123
356
740
1324
17
1
41
490
929
5
30
9
1
2
900
167
41
1
14
14
255
755
935
1
6
2
88
1406
5
101
4
28
343
426
110
18
10
21
1
557
1460
23
95
1
1137
4
565
7
124
10
8
120
278
2
46
81
71
154
65
1602
6
1
1491
6
1
161
9
331
11
1856
32
19
541
377
1016
760
32
234
10
7
1565
4
1
2
3
359
69
249
63
39
6
2
46
372
3
145
1
1961
48
10
12
4
54
1
86
16
8
185
1
973
99
1
1
1036
1432
210
24
352
16
852
485
1
332
2
353
59
901
52
568
1
11
230
1388
1
3
1
34
139
14
476
4
1
17
109
1
221
36
714
52
293
405
15
685
20
3
360
702
408
71
34
1
24
139
188
3
5
3
3
1038
522
18
1258
37
17
9
81
33
640
249
363
496
1
1
223
1419
314
16
5
97
1171
240
828
19
3
827
1
9
57
11
32
17
67
44
14
1
18
710
83
7
1
47
8
106
21
59
1
289
42
249
1
3
29
49
38
7
27
79
151
10
207
4
189
1
16
6
10
173
1
120
1033
5
2
7
21
1186
10
1379
3
18
2
113
28
12
77
13
2
627
290
202
8
367
116
117
1
3
123
2
1
12
69
2
77
375
1
29
360
76
2
554
5
217
1
548
14
15
675
1060
6
44
1706
7
1581
1
1326
61
18
152
3
33
1457
9
1
141
14
690
1
1308
6
113
31
29
62
1860
312
3
1
1218
1
607
4
3
8
577
2
2
11
10
44
6
769
28
107
9
870
903
424
3
4
2
340
5
16
247
177
551
1
120
14
1354
938
1
8
1
13
104
26
319
12
306
763
37
699
80
349
9
46
1
55
5
19
709
586
3
535
33
25
4
3
482
1318
32
834
90
158
2
8
14
175
1
246
1
993
70
68
11
26
18
565
596
2
418
3
285
3
16
115
1314
1329
211
207
8
64
2
6
5
22
4
36
10
82
3
7
6
1053
1
213
7
84
142
178
28
632
2
27
1
327
16
480
3
72
100
22
9
723
154
2
500
8
3
3
6
3
1
31
23
42
1452
78
3
64
17
532
119
47
5
723
425
3
1288
156
1
2
635
503
2
39
606
149
7
3
14
28
449
48
623
1
13
901
190
1
99
212
536
84
228
1873
5
1
345
13
1185
5
169
15
123
147
301
151
4
35
2
459
1
60
117
11
77
1851
2
2
1296
43
24
8
1303
3
22
1287
2
1604
26
1119
65
3
6
2
14
30
348
1
61
5
6
2
998
831
323
10
1916
3
1195
26
473
8
32
30
437
83
6
2
19
10
1
33
40
132
3
8
74
2
32
137
84
65
90
1
623
547
92
59
1
126
1
92
73
21
6
1
5
344
124
11
1049
2
533
62
462
200
28
1106
5
16
24
61
31
10
80
31
11
1376
2
6
13
229
2
370
13
13
26
11
1810
1
10
488
183
1314
4
1481
16
12
548
18
554
24
3
1
3
69
1007
1
23
6
1
487
277
8
1
1
13
953
4
5
821
8
271
8
51
16
4
14
501
27
3
64
135
16
85
2
3
145
894
549
51
813
1194
14
3
1
4
2
4
22
174
6
48
16
48
1487
277
112
1
324
270
1321
1684
14
3
8
653
81
6
11
4
38
213
35
8
1223
1
1
112
74
7
1180
50
106
203
3
1
4
7
236
47
124
3
406
1
1
6
31
312
54
34
2
2
637
13
168
6
21
7
1137
6
72
2
38
62
27
31
203
331
42
6
440
15
3
1064
1
2
13
53
3
264
1
1
23
6
1
222
1414
479
69
199
4
32
1
22
1019
1904
6
64
3
11
14
1458
2
18
242
6
205
8
3
7
2
7
4
48
22
1
790
1
54
1
10
81
79
1375
408
1
1384
154
12
18
39
1970
1
391
1109
1601
45
21
655
13
11
3
1290
5
156
21
93
368
1
9
16
698
2
103
1
2
5
9
182
25
250
12
1
1818
34
6
169
2
26
32
10
61
127
157
45
207
266
19
1758
41
852
8
1
2
13
690
787
10
5
1
119
14
1
6
195
1
4
419
1
462
49
1798
96
54
2
9
2
3
3
134
7
8
690
8
135
1
193
977
127
153
20
2
65
419
395
2
3
56
106
909
98
223
47
1
257
1937
9
62
21
9
2
350
3
158
1
6
1
1
7
12
195
1003
3
804
11
426
227
22
138
555
4
1
33
19
31
1
10
164
4
38
2
21
2
2
1009
2
5
1503
287
242
17
4
59
100
109
1
1569
1
7
1
633
398
13
461
1165
463
1569
228
4
26
39
1
1
1
1201
15
113
1
4
1
48
1604
2
43
77
510
1
36
1
7
1
1
13
1
31
642
24
1955
285
5
7
765
1899
1
1
3
2
44
1028
78
2
4
1
1058
77
209
643
10
1
28
11
1
381
192
2
5
20
52
523
119
84
13
430
167
95
28
1517
3
249
804
15
1
26
85
39
1
1
613
777
313
2
137
3
12
1017
509
7
168
92
51
8
310
11
2
764
2
13
882
124
2
4
26
68
4
29
454
41
10
49
648
57
74
22
7
1
21
6
2
90
356
70
1
211
4
6
237
1344
1
205
20
1283
1260
1
4
453
407
31
532
33
1
14
1
9
2
46
16
111
548
20
7
9
28
834
3
14
95
18
15
155
1
44
64
532
2
288
1
2
4
95
121
6
18
1
3
166
67
634
1
66
139
1556
17
262
255
6
608
560
254
189
501
3
1228
594
114
865
1
2
56
709
1399
1
993
134
1
14
2
185
981
71
1
13
5
962
262
560
1
1157
1759
45
43
258
3
34
347
3
3
22
4
301
14
3
274
50
771
8
1442
4
1363
69
16
42
59
26
1
15
2
379
28
670
233
22
15
471
526
1697
2
126
66
3
1809
1193
346
866
27
410
260
320
1
7
9
18
212
464
1814
89
19
2
156
1
7
2
38
1
5
842
5
1
13
649
577
229
936
1303
1
2
42
1
10
201
6
61
8
1338
100
1271
360
1
2
852
4
465
2
38
1221
540
19
56
207
76
4
187
7
3
84
625
5
59
87
813
4
17
611
12
22
2
242
101
731
35
12
1
16
1600
15
22
1
1
1
109
11
63
100
25
1
1037
831
15
111
645
13
120
1
7
250
41
405
6
9
61
42
138
27
4
3
197
28
256
2
1
39
654
4
357
15
325
4
19
12
47
338
1093
1
273
15
250
24
1
312
1351
166
728
1
1
276
51
154
1278
13
10
276
9
456
1
595
2
132
1
26
153
14
2
219
1
172
2
76
31
3
73
9
103
4
1040
5
146
3
229
7
6
21
5
895
61
1
5
5
1151
895
69
6
3
1398
2
162
371
3
3
846
16
1437
9
1
1
2
400
562
411
43
3
137
2
618
3
718
781
2
1
715
402
2
1411
24
4
65
1
1
1
327
2
459
158
1
30
39
630
190
12
520
153
100
1290
34
62
1
2
4
1302
1
2
4
24
6
31
3
1
1321
29
403
1891
63
281
177
119
261
106
293
1
165
12
1
10
117
7
13
554
1
189
1
29
713
34
967
21
1
8
1
108
2
116
13
357
19
488
7
247
27
1
26
1648
2
3
49
1
1
1
6
217
4
192
49
21
30
20
13
1809
1114
40
1
14
1
10
2
600
348
78
31
633
1
684
1
2
26
522
15
4
1
50
60
60
64
15
2
7
330
14
138
1
24
508
962
1
8
12
57
100
628
618
1
170
1
14
123
233
41
90
18
1500
1
7
6
49
1028
15
3
192
20
17
2
6
5
6
30
458
5
115
626
22
458
987
5
506
1074
1
1
75
2
2
49
204
24
467
79
2
9
2
114
175
7
17
313
98
1
4
497
1775
1
36
1
411
54
8
1849
18
25
270
1
535
1
1
194
13
386
327
496
4
1556
421
40
1945
576
18
112
251
884
56
1
1585
12
1
1
67
681
7
442
4
787
24
1
1
10
897
335
1
1
1
11
160
18
280
15
4
191
231
1954
58
3
20
1
330
1
2
62
209
1
232
282
33
136
42
86
1529
882
454
2
6
6
5
26
158
11
926
9
18
327
4
6
43
18
320
9
1699
127
3
3
373
620
1
1975
17
812
226
1
41
506
39
7
28
248
4
156
152
56
1
19
12
138
3
4
277
2
90
13
538
140
9
1
2
7
669
3
54
1395
764
1012
261
1176
10
3
180
930
60
1
41
1506
188
12
1
1
116
17
2
39
1062
64
48
7
51
291
920
261
17
1397
2
6
138
1
60
5
638
5
14
181
474
16
24
806
39
1603
145
1873
2
1
493
1464
2
8
4
355
77
20
2
151
18
977
243
235
1364
1
120
681
1
895
591
704
1739
8
7
5
61
1628
77
14
1384
129
1
1
163
16
224
8
899
200
14
1
3
245
670
425
2
141
133
1
78
45
2
1
105
14
192
1
44
23
25
1
1
1
134
818
46
10
12
2
502
47
1
25
332
8
2
435
969
361
17
2
42
1
10
73
321
1210
742
215
667
114
5
5
1
6
992
133
1
93
1
89
193
129
94
1
74
466
37
87
8
349
1
3
32
3
73
688
15
138
223
1
1018
2
80
398
1574
194
1789
71
7
1
84
1064
948
3
277
16
5
509
9
1
342
212
3
208
722
72
39
420
885
1031
14
550
1
1
101
61
50
3
1
2
1
15
1
12
29
317
7
4
1267
719
48
4
71
1
12
1
5
94
75
32
826
14
10
2
1805
308
1311
1730
173
2
1638
26
1
599
62
970
134
1555
16
1025
217
1
131
37
63
25
44
25
552
20
6
1
98
293
1189
285
241
25
2
864
948
272
356
1133
690
143
453
260
3
2
1
764
595
19
235
20
1
7
1802
19
4
36
13
709
123
5
3
1530
7
3
1
1
3
1
102
1527
354
17
1
1543
714
152
23
4
1344
589
5
96
422
2
134
195
1748
1652
44
1
990
1211
497
11
249
1
1
32
369
5
1978
1
1930
1
15
2
6
5
34
1586
366
2
69
24
7
820
79
352
13
8
5
473
10
2
414
770
1
1230
22
280
763
1767
119
18
10
482
119
27
1149
242
1
406
1093
5
2
447
540
41
95
1
2
1
1
38
95
9
667
99
315
877
16
78
1
312
1589
661
698
4
9
835
33
272
170
1
25
1
1496
1
1768
1
1324
102
6
183
23
28
24
304
1152
156
4
1
75
125
93
5
20
33
25
6
870
435
25
6
105
238
426
104
1287
8
135
1
1
4
1261
2
2
621
1
161
2
712
8
661
26
19
40
666
87
1
3
22
95
78
537
144
69
77
114
3
103
16
981
15
95
1
20
1
47
3
1981
74
1
519
1
11
40
228
40
952
59
51
33
17
56
8
1
76
1117
1
1
418
3
1161
1
72
5
1
1627
42
68
154
2
1
402
6
4
524
662
49
228
288
38
515
1
323
591
268
2
3
15
12
1
10
433
6
263
668
104
296
5
63
412
1
203
1
39
141
221
864
120
12
6
1
16
1
44
242
78
18
120
16
339
12
8
1
1
1
432
277
145
91
142
5
118
1
4
5
831
5
258
1591
869
2
6
879
299
1
8
1333
3
10
1983
58
825
1668
3
4
1834
1
1
709
50
417
49
56
138
6
1
163
1618
89
44
80
7
92
7
13
3
1027
173
25
120
739
748
4
15
162
6
1
260
15
5
1417
1
2
26
176
4
246
32
1
595
1
5
106
490
3
218
7
3
2
1257
1637
1
1
6
1207
16
2
54
37
1
11
1
76
4
7
3
6
366
551
30
248
3
1
974
1037
3
127
3
1367
1
39
17
3
263
600
681
16
317
2
1056
4
31
1
552
1474
2
7
1
2
2
30
371
21
20
297
5
224
356
98
2
11
3
1929
23
468
209
4
142
1569
29
200
4
19
435
1
2
46
13
20
662
12
909
782
1
1
253
1718
14
60
248
992
641
10
1
12
1202
1978
9
1179
90
302
26
103
1672
1
137
110
28
2
6
260
700
2
212
36
6
601
592
2
811
2
1
28
5
1
1853
7
563
32
2
31
22
146
6
10
44
13
177
21
1
2
1
9
338
3
284
31
85
5
204
348
25
1
156
676
91
4
136
11
6
200
22
1341
179
1
53
208
1
5
407
68
21
16
2
618
1
1
3
1
1
11
1
1
5
3
45
1812
12
7
4
1039
689
372
24
44
55
1345
551
1884
241
302
136
715
415
1
108
38
1320
19
12
209
17
73
1
2
107
77
90
7
3
8
1
19
58
1
622
127
1
1001
39
9
7
22
214
10
39
1613
63
3
64
17
14
17
1339
176
12
1464
169
266
1285
60
58
440
264
4
2
1338
17
2
9
3
429
1
380
6
131
1473
737
76
101
5
130
1358
328
137
38
1991
3
1
12
114
10
15
22
16
529
487
549
14
185
49
2
16
12
38
57
1757
24
2
1
1
18
1030
1
1103
404
73
1855
144
51
83
19
35
1463
1083
21
104
8
1244
2
46
362
354
30
4
1805
85
2
405
1
365
4
523
15
55
182
32
495
509
1
116
2
2
272
51
24
31
8
18
630
72
3
936
1218
4
820
3
5
287
1
11
35
2
254
3
32
244
1016
407
1229
1
18
4
1
107
380
2
1
1123
18
1
1054
53
40
681
24
21
37
80
23
124
1
133
1
266
3
193
15
1
1401
847
1014
35
1
225
3
5
650
567
738
77
53
1612
574
149
5
1571
217
6
46
556
13
83
1
3
72
671
37
2
101
474
6
226
1879
2
3
7
3
864
2
335
77
7
5
205
41
62
1
16
1
1
103
18
4
4
559
397
2
24
6
1
426
1139
27
42
72
41
8
6
387
84
1659
25
460
1
243
1
90
5
2
12
12
3
2
106
308
43
1551
173
13
8
5
3
5
13
4
1419
40
34
18
2
6
15
1
7
14
133
15
4
171
288
1488
1257
504
358
347
82
35
664
70
19
215
4
11
257
58
1
1563
35
1067
228
7
16
50
1
1
21
5
932
63
143
73
5
8
563
6
759
15
748
1599
2
3
13
332
2
1862
2
70
1
6
2
492
673
13
2
300
1961
36
1
33
1
126
1
2
40
131
1
966
6
6
8
485
194
4
61
30
363
1482
136
13
20
295
4
27
756
799
67
1
22
9
6
210
1
9
1969
1
2
2
1
1201
201
156
4
1
29
308
1
1445
41
1
360
111
915
6
18
1
1
6
5
787
3
59
1214
11
75
516
96
182
4
107
32
18
425
42
58
2
118
569
112
178
618
568
1
7
6
586
36
1
4
1784
6
3
1
568
35
3
10
5
5
29
1
367
486
14
1902
26
70
5
320
2
912
11
255
1
1
3
43
7
149
10
2
10
17
36
39
49
2
1472
1
1
109
470
1885
5
48
6
201
19
152
4
279
1
309
15
32
977
48
202
37
1
216
1
36
444
1
1
16
1175
60
3
1
2
325
1551
575
702
16
300
97
19
40
2
37
542
2
265
9
546
238
18
74
4
4
101
1
7
139
3
1288
21
1
17
13
6
305
303
1
5
262
555
3
1
5
536
1
3
58
100
72
2
95
226
462
22
404
26
1
1318
1149
9
43
3
210
308
1
140
5
42
1
487
1003
1010
1631
6
1731
4
422
18
389
183
124
189
1248
479
451
5
68
4
845
914
2
742
1
1432
332
1
11
33
203
567
13
188
210
1
2
3
64
5
1360
87
1436
2
189
50
4
2
3
633
6
8
6
14
10
7
279
1301
11
1
1593
727
214
6
3
63
399
24
1284
57
44
366
22
71
53
1258
184
26
1830
561
611
207
11
1992
5
220
62
12
2
16
1
1
14
2
974
8
3
5
84
19
1140
1
133
201
8
1795
5
8
170
1
354
2
1
1
1
28
81
7
2
650
5
39
23
1
85
4
110
11
49
356
30
837
1077
9
29
26
1
433
780
3
325
221
1
628
1
4
1155
488
110
1
919
2
251
1292
2
1
3
269
3
164
1416
25
3
2
719
61
642
1772
348
12
106
4
146
5
1
1809
14
1
53
1031
15
217
379
5
9
743
3
8
597
2
1163
372
292
320
274
6
2
4
460
1
1880
304
283
1667
69
90
908
20
213
3
456
5
719
918
25
19
298
514
47
1
1
10
4
5
177
12
25
33
257
8
3
1
2
716
372
2
1
1049
34
17
32
958
3
1178
2
2
33
10
1
946
56
1
1089
19
567
401
1
445
58
1
120
1054
14
1248
13
641
4
1
822
1484
4
6
603
1795
135
1
65
160
73
1397
1
12
7
3
44
1362
537
824
750
8
48
4
13
7
147
1639
4
3
291
872
1
818
1
1
132
2
1311
1605
447
1
31
12
2
4
916
317
3
27
4
186
574
139
1
27
136
1417
18
40
40
5
44
3
7
54
153
1102
1526
1
1606
1222
9
6
51
124
1275
1
2
39
1
17
56
448
32
13
25
124
2
184
1
38
62
169
1149
76
20
5
9
14
2
27
10
8
5
5
10
1
5
113
37
1
739
21
768
441
38
3
1
410
2
2
57
95
192
1242
537
9
19
11
338
1
1
733
203
1682
4
303
71
23
4
43
251
4
6
21
151
256
40
291
1902
19
24
3
8
386
36
339
1576
1415
462
248
4
492
1215
82
126
944
18
235
215
1
3
4
2
252
1
509
6
105
36
2
171
848
344
41
7
72
990
25
16
120
2
322
1
3
7
542
15
459
16
1
1043
153
751
1
7
198
6
1659
1
14
1154
1
65
5
14
2
268
2
1
6
1
46
76
7
156
4
110
49
2
2
116
1314
23
1
27
436
1
11
212
5
3
1405
275
714
2
5
65
1
32
218
424
1
632
1
1
81
1857
59
276
3
481
1152
11
9
3
19
2
1
93
1
164
163
1160
1428
7
190
277
70
128
136
1
17
2
5
13
1103
19
229
1
3
1
4
58
1
5
1
3
1
2
193
117
55
47
3
2
90
10
3
7
1
1
34
1865
99
260
102
1
3
939
19
6
605
26
416
11
8
6
11
62
36
1965
5
1
4
10
6
11
4
101
11
3
10
2
349
1
37
58
1
1086
1
65
75
36
148
57
160
4
545
1
897
4
98
17
371
1
1
6
7
21
56
1
1
438
42
84
15
14
7
1
2
30
1739
664
4
12
289
986
65
221
192
22
3
113
542
244
1
13
755
2
21
285
72
12
4
37
22
380
3
14
6
14
6
6
1513
1209
3
1091
9
37
1
25
14
4
13
75
11
1768
356
30
33
654
16
2
5
217
8
45
17
551
268
2
4
49
21
2
3
12
1
747
8
6
445
83
89
449
1534
1951
627
1
110
214
112
1
18
111
3
532
4
1247
8
2
17
9
1332
44
74
32
47
558
24
93
27
345
707
29
16
1
5
132
377
26
1
17
3
176
1053
446
1184
783
5
1
257
1
265
733
10
1
210
21
833
72
12
6
857
1
895
72
5
99
241
17
7
443
1
35
4
1455
2
137
28
45
147
19
12
1797
26
24
9
5
68
69
4
37
1
1
175
15
1
228
78
273
15
6
185
1134
177
181
243
483
22
357
392
22
13
2
9
537
1080
2
132
3
85
108
22
260
1427
239
1
9
118
50
28
1
156
1
47
28
3
1259
3
3
271
47
1
19
187
5
7
11
1
7
566
202
3
46
3
899
1
1
17
1
147
89
10
17
1509
2
30
37
151
1
266
7
2
640
3
3
435
148
1392
33
1818
64
1
505
19
13
427
7
919
4
5
373
4
724
509
7
276
1
185
62
8
16
445
2
122
1
9
2
157
15
1
442
202
11
87
3
2
1
1
16
2
925
463
303
38
1
1
34
69
50
27
1300
207
4
11
98
2
266
1
66
3
23
1
13
1417
285
2
1
102
3
1
3
91
29
1115
2
82
273
1
302
319
9
31
4
1
164
16
24
1515
1017
1
2
82
63
219
347
11
5
6
68
296
33
16
1
1
2
2
205
25
1
15
8
3
5
33
7
4
1
3
692
2
1
17
30
5
3
278
1172
16
6
274
528
71
175
884
926
7
32
392
6
17
786
1
717
1792
383
62
22
33
286
31
1061
10
138
4
144
16
62
24
237
2
1
4
5
9
468
1605
11
1654
97
102
125
93
966
102
3
5
14
2
20
7
1326
61
9
2
1
236
525
1
11
34
15
1
1
8
625
46
140
9
16
866
1
12
57
124
14
15
96
233
1360
21
11
241
25
1
337
2
24
3
64
2
78
25
1540
28
18
22
1
5
4
45
17
753
107
6
205
2
2
12
1652
32
65
11
51
10
51
1247
1
1812
6
158
3
1165
2
45
118
95
1
39
302
1939
484
162
103
10
11
5
46
102
86
78
1
838
58
869
5
900
65
7
25
1
14
822
43
32
1473
6
29
8
16
1821
2
58
11
1997
2
14
2
26
547
339
3
1
66
121
502
110
9
2
23
5
8
34
9
843
71
87
20
4
253
12
164
1030
1004
241
6
4
12
927
52
2
14
343
6
3
5
4
386
3
11
51
11
34
1
1
1
25
48
137
1
1
514
3
197
82
1612
694
24
24
3
41
6
58
6
35
39
116
26
12
287
133
66
34
691
1242
382
1
962
29
127
3
144
168
45
3
72
5
124
22
173
25
1373
3
173
2
3
28
2
27
2
604
3
53
13
1
1
195
19
165
1341
1
12
1
616
1038
1
6
18
45
845
553
139
1
195
1267
27
3
1
19
347
1595
1460
2
585
1361
14
1685
77
3
206
38
1
1188
21
3
1106
707
41
45
145
1529
388
1
734
2
37
419
3
3
297
11
211
1154
1
128
5
2
44
447
1
19
2
56
7
1
471
136
173
11
1190
19
1
113
4
302
1091
1159
2
1
78
119
23
2
11
138
79
3
3
1
1
1
6
2
478
82
11
107
1204
6
3
1
454
187
664
1
116
1825
923
60
106
1
1
1379
64
6
603
41
1027
138
13
2
1286
810
1
7
876
443
15
21
13
26
18
5
564
1543
1
1
329
1
1469
5
37
186
273
1127
16
444
400
1
77
1083
52
163
23
2
107
1
172
51
2
32
9
18
23
3
161
16
2
28
1
1702
1
43
193
666
80
1
669
7
5
341
20
1610
80
1
1503
1
25
2
52
1099
1
1825
1
1108
3
1562
4
10
10
94
6
24
10
68
583
1
1
14
536
7
5
1776
20
1
35
7
53
89
1
6
1536
38
286
1
104
4
1154
61
1
1401
6
1
3
71
112
1
29
32
23
1108
21
4
887
5
83
218
4
3
1
1
35
546
520
1252
1089
99
160
18
7
685
4
318
1089
1
1
678
6
29
2
1
445
6
4
16
21
1985
56
1
1068
856
3
992
2
156
6
76
1439
1090
332
1
282
9
72
70
40
1773
28
101
14
21
1
47
24
1
593
2
717
1
350
427
407
1
12
31
2
662
1955
204
5
1
20
40
1317
3
19
2
718
9
83
856
1
523
306
9
2
1716
1
1
292
12
1
972
2
320
1551
402
1882
158
32
593
151
433
5
43
15
856
67
219
52
3
12
181
2
396
119
101
99
310
21
2
327
3
305
2
6
26
2
59
97
21
1
1
42
1
500
3
26
3
18
79
1
1
431
1652
4
71
934
1506
25
56
64
754
311
1279
5
1597
987
4
694
642
6
2
7
3
16
2
2
5
19
55
2
4
1296
1
4
420
23
1291
697
30
1
574
18
4
58
14
2
2
1
29
588
955
502
1
580
50
636
34
14
3
1
9
1
237
1
634
2
12
326
1
1110
36
38
443
632
39
6
366
79
24
50
45
891
340
254
11
1419
463
5
6
45
114
2
1
21
1
2
7
29
310
9
5
54
1
8
23
72
296
3
1
10
1
272
700
1336
819
5
14
58
1014
450
113
6
3
4
9
15
371
24
1753
443
559
1
90
3
93
10
1977
1968
341
669
204
22
52
8
45
12
1
577
212
6
1
1
18
55
96
73
1
57
1
129
620
24
13
834
68
1546
15
46
113
1
1
411
228
276
167
168
1035
427
24
318
288
1
22
15
325
11
45
2
214
5
859
1076
235
676
2
1819
2
75
5
2
337
5
3
5
1
4
99
4
134
322
8
2
1
2
128
1
1791
1
15
1
12
1
113
2
1
1
5
115
13
71
1
1
2
3
1
437
1
7
1439
59
1
1399
1
14
3
429
1556
270
18
3
78
1896
71
887
3
1142
855
1170
143
1
