282
214
192
289
178
170
146
261
219
310
56
100
258
203
343
241
391
236
352
420
66
403
31
235
88
493
491
265
300
402
490
341
447
415
160
67
240
362
461
327
283
469
91
24
224
97
208
166
489
139
72
94
496
403
315
488
182
391
79
369
353
74
485
184
447
423
327
19
103
89
484
474
495
274
193
203
499
145
324
479
480
290
96
172
167
293
460
26
305
458
159
76
240
61
181
153
386
396
190
479
181
388
430
387
316
470
248
392
478
26
423
472
423
425
342
407
289
354
36
146
10
293
22
490
414
31
284
313
480
143
367
249
270
423
364
416
122
192
61
66
455
291
328
125
120
58
135
318
341
492
210
114
153
72
489
23
139
86
453
455
13
345
497
339
130
322
106
21
375
132
1
365
285
104
315
299
28
120
362
357
293
354
86
217
16
233
323
73
399
420
474
361
366
239
336
140
279
122
158
323
36
455
220
257
119
120
344
222
216
242
117
53
431
238
452
256
138
25
346
488
191
218
442
9
107
105
227
165
126
339
291
279
193
9
386
261
197
429
24
13
352
263
262
271
258
229
317
139
62
288
151
178
230
383
185
201
97
323
346
486
474
437
218
280
46
174
67
491
118
9
49
336
394
281
312
189
280
397
201
500
6
133
465
116
387
411
253
39
60
104
216
340
76
433
248
389
471
250
218
262
234
391
374
186
254
344
257
166
359
453
380
54
165
462
489
163
410
184
245
474
419
181
425
341
425
429
10
478
128
7
336
446
380
243
102
132
104
223
18
420
382
306
449
216
264
263
227
446
5
136
63
351
89
3
160
13
168
321
387
78
344
8
42
311
15
321
162
227
315
209
116
360
40
459
193
462
468
211
433
192
479
491
11
167
218
310
201
417
345
470
12
237
499
195
265
298
325
27
309
88
131
410
277
233
250
473
147
500
79
1
90
106
16
55
154
223
401
445
424
77
279
346
96
419
231
296
343
46
121
285
109
211
489
216
17
121
427
128
264
47
117
312
193
236
267
306
428
15
35
109
460
119
179
376
350
189
330
365
344
394
141
278
221
1
311
363
266
268
195
317
58
403
88
7
68
8
95
127
430
213
488
160
288
110
188
477
416
489
133
500
429
246
331
153
108
497
36
303
171
210
98
189
478
449
181
313
478
218
477
304
416
374
152
73
141
165
351
303
37
229
159
222
75
287
237
65
239
443
438
461
78
325
421
83
469
473
222
152
377
200
462
68
486
33
495
439
282
362
17
76
209
298
133
60
292
338
205
146
213
390
22
35
246
126
220
31
147
417
491
209
441
51
93
484
10
398
400
409
400
151
13
221
288
13
379
472
350
211
421
57
372
258
75
126
268
50
337
442
333
255
25
379
194
160
31
337
409
327
381
191
325
462
161
374
440
443
236
303
308
128
339
2
490
463
116
289
211
331
141
265
313
97
460
427
88
275
115
151
421
386
200
249
478
35
107
353
484
323
307
345
249
338
276
145
197
121
331
407
208
220
253
466
66
269
229
387
48
24
306
330
495
93
497
256
139
309
131
236
203
477
130
335
448
447
324
78
235
43
407
261
72
70
115
444
497
251
133
299
249
231
382
281
55
119
377
153
228
392
293
204
496
331
451
247
284
201
275
110
445
493
412
42
25
280
121
142
409
177
279
446
211
264
441
143
343
363
365
311
216
131
304
364
455
60
139
350
156
219
453
256
274
418
428
137
221
444
420
8
362
103
168
289
93
449
184
269
226
476
441
353
218
129
419
217
332
155
319
78
112
427
291
173
194
339
484
184
470
277
406
369
481
101
235
363
436
418
27
379
323
24
55
65
283
163
124
199
274
460
17
367
116
167
446
53
407
126
9
30
385
250
478
294
318
178
395
112
449
150
165
46
228
4
171
82
6
220
447
83
361
468
246
122
454
497
329
273
408
38
221
402
52
115
239
456
340
436
51
287
206
319
403
92
435
185
6
277
342
195
70
107
30
369
38
176
20
369
185
382
475
491
342
113
22
66
411
112
266
10
363
479
83
19
379
449
81
69
87
454
240
32
356
338
266
442
81
34
129
179
418
197
476
177
13
271
196
126
377
399
289
324
54
22
417
398
383
245
226
498
146
54
435
227
371
196
347
356
350
306
395
420
66
453
412
456
305
146
261
205
286
490
314
197
341
402
347
45
162
312
59
96
374
229
453
107
453
270
266
425
471
71
73
287
2
284
413
484
269
187
57
323
78
430
406
31
110
322
472
473
361
52
177
231
87
252
348
147
361
13
130
191
445
132
327
395
242
459
156
103
167
369
391
183
68
68
189
140
174
135
185
56
283
16
170
80
111
193
168
375
50
218
265
231
77
20
19
427
57
181
76
118
25
320
447
366
120
381
376
350
345
293
493
269
228
272
11
184
335
477
314
18
6
493
379
69
440
498
35
188
18
493
447
252
360
89
263
229
447
150
264
32
388
30
135
360
319
360
27
254
101
424
68
405
291
410
498
48
470
414
171
5
413
249
185
242
190
141
422
59
177
285
77
446
398
332
352
276
147
352
25
246
184
435
255
29
365
65
180
201
203
135
355
321
248
35
135
497
40
131
496
496
327
402
296
96
234
261
45
281
411
177
436
399
479
125
448
306
252
157
220
269
88
321
191
260
48
168
345
183
85
284
474
49
198
134
191
222
338
371
334
376
433
386
380
132
236
494
404
5
457
224
273
259
14
329
50
349
218
202
324
146
109
218
488
296
203
61
292
453
148
228
141
429
157
193
292
16
62
454
72
446
118
124
281
296
387
394
423
476
154
366
331
124
87
441
383
117
201
10
306
171
156
36
209
22
74
461
458
473
289
405
289
269
279
474
184
337
170
202
456
336
353
7
241
237
438
382
86
470
3
272
13
445
191
237
374
233
307
147
289
14
264
72
27
440
106
77
137
142
18
366
450
10
351
10
355
32
182
17
4
296
475
249
148
399
188
391
324
484
393
92
85
417
248
243
166
443
431
252
242
28
483
115
328
82
174
316
271
379
13
82
165
321
204
416
477
240
42
353
488
124
230
134
31
255
58
242
250
130
444
197
445
395
260
295
475
265
117
412
272
19
329
387
24
495
434
92
480
150
5
5
211
252
378
471
155
185
267
30
133
229
51
232
401
44
288
297
440
52
442
333
264
341
42
303
113
172
383
217
149
32
322
498
77
117
453
291
442
56
377
57
312
34
248
449
398
359
88
142
168
240
213
84
113
236
448
196
9
430
38
159
229
361
366
53
86
266
154
308
490
199
106
328
115
231
249
141
363
162
236
134
476
42
156
92
489
449
135
105
216
497
406
316
410
126
79
481
112
273
450
405
312
387
218
362
67
465
387
190
100
221
67
57
142
371
487
449
469
256
466
32
452
244
278
335
439
134
315
428
247
7
245
459
100
91
329
294
2
152
84
285
136
423
461
63
378
430
250
310
122
333
316
397
115
322
79
385
276
51
137
96
215
274
154
143
182
168
21
269
496
304
12
224
278
297
310
11
497
298
390
494
134
133
340
48
118
322
89
366
414
172
288
486
101
365
496
275
83
210
359
320
310
434
413
329
432
359
323
17
321
27
102
226
368
412
270
195
108
168
175
151
278
333
379
242
92
224
452
436
270
214
184
126
269
360
52
121
455
282
352
331
478
64
76
113
314
448
305
196
500
245
433
337
98
377
96
385
373
470
360
37
299
3
452
390
323
146
330
434
43
481
17
257
288
291
112
401
205
126
407
70
154
336
464
68
450
456
279
388
420
254
305
182
207
124
198
470
138
141
249
122
462
437
209
327
371
298
479
248
497
98
84
102
458
436
408
239
419
388
3
8
316
59
490
249
183
350
454
438
67
264
137
113
136
21
452
321
287
335
413
480
271
195
395
132
318
451
496
23
296
184
494
443
126
432
317
149
243
36
134
53
236
421
17
419
341
350
323
163
55
3
37
408
208
38
108
183
263
500
265
107
102
247
413
280
354
282
273
38
428
256
433
329
379
229
221
461
44
432
3
80
475
286
82
386
234
433
443
159
273
189
422
1
78
280
187
451
87
454
220
132
97
371
131
223
284
144
56
464
120
425
434
330
82
242
444
179
136
463
390
38
283
402
195
75
406
213
200
93
491
414
131
421
14
406
491
389
468
459
174
264
75
49
324
25
18
421
316
180
476
310
356
258
457
321
420
67
267
157
367
364
317
406
130
370
258
307
373
184
119
26
454
289
36
249
49
469
70
390
42
498
449
96
450
336
105
147
192
178
284
336
264
414
26
365
48
259
262
494
177
181
42
361
362
279
152
248
452
348
158
75
330
244
356
305
260
488
195
23
55
435
401
243
185
381
323
219
300
259
459
284
367
346
145
171
327
151
114
441
144
220
336
35
183
434
350
9
482
111
265
300
303
422
212
5
78
11
314
375
427
317
15
261
130
497
482
171
228
159
493
357
80
332
245
402
419
35
294
303
169
339
44
429
232
399
471
429
225
72
270
19
211
229
166
291
117
363
376
208
78
44
122
446
47
428
438
330
128
282
384
18
114
403
476
409
268
280
65
100
29
400
476
65
152
207
455
387
298
267
280
485
442
202
264
367
197
157
190
436
319
48
330
72
168
104
240
85
466
37
193
3
67
174
182
285
424
229
368
476
10
32
138
332
411
37
484
383
447
173
308
232
345
313
351
104
67
183
36
413
181
293
433
423
25
330
338
215
19
349
233
270
31
102
486
79
345
251
473
310
382
202
360
151
256
347
317
359
392
69
23
376
317
338
235
419
366
182
490
219
257
468
246
316
276
370
337
438
443
440
342
40
404
233
383
192
302
324
472
407
474
34
274
470
275
244
361
64
201
100
468
486
115
122
324
178
484
143
420
60
244
113
353
32
339
270
289
365
393
10
455
140
133
291
90
269
379
257
296
40
370
447
167
450
26
254
377
243
395
383
59
481
361
235
9
282
462
424
56
72
257
495
384
79
400
173
170
302
491
237
165
118
285
260
351
456
354
132
241
215
51
230
175
10
297
165
102
99
69
442
5
473
424
267
374
46
417
476
300
249
349
185
78
222
195
180
105
23
274
334
72
90
210
399
471
248
173
447
152
461
352
416
463
431
271
278
21
120
115
294
5
466
173
163
33
288
170
236
425
6
5
354
20
231
349
212
90
51
408
461
275
79
431
312
264
270
446
134
397
263
87
96
493
371
25
16
73
250
432
416
486
142
431
479
131
64
33
82
121
114
125
485
30
151
237
434
199
6
169
57
442
103
215
450
281
358
406
452
51
310
450
112
157
375
430
87
483
73
491
377
350
484
247
278
134
33
270
362
4
341
411
402
180
116
151
211
398
420
86
93
235
458
212
153
55
448
449
249
315
350
126
79
411
387
497
65
276
134
174
52
114
262
257
77
305
432
211
272
315
139
317
479
265
343
101
189
500
154
250
359
44
470
39
376
482
110
340
151
454
467
327
38
129
60
160
167
212
78
287
287
20
73
393
305
177
35
353
405
419
311
261
44
76
211
190
126
163
221
415
341
29
447
105
402
201
292
163
161
428
90
102
211
272
84
98
232
387
46
216
234
318
53
357
44
379
45
405
203
299
387
97
420
222
98
488
29
74
320
301
351
257
489
246
334
288
303
401
227
305
53
167
337
143
339
95
251
470
339
196
2
459
366
241
357
281
198
219
116
493
337
49
490
384
151
449
482
172
375
321
423
422
428
260
166
194
112
294
275
419
168
264
375
383
444
104
354
263
309
409
379
271
439
41
60
333
164
233
348
168
331
287
139
161
418
252
471
380
176
133
129
418
474
494
197
59
484
248
80
244
442
231
176
371
94
58
179
117
49
67
9
414
334
209
85
170
493
3
86
144
448
168
354
106
415
367
500
59
418
75
271
366
200
89
7
66
119
203
155
88
290
111
226
305
236
358
248
70
56
353
185
156
182
123
39
133
54
15
39
167
167
477
69
241
479
232
265
320
297
164
312
249
386
355
432
43
53
480
30
122
471
436
318
226
136
493
437
146
31
211
447
201
328
296
405
153
481
150
357
68
498
4
157
407
356
449
100
129
467
252
143
340
63
25
113
35
289
366
206
456
249
61
456
363
475
345
421
171
489
400
221
219
496
289
17
76
213
262
367
395
370
324
129
413
359
446
468
207
267
497
140
489
181
144
24
198
122
308
130
117
219
138
475
364
196
271
399
168
498
362
68
308
62
2
174
476
463
416
226
182
154
401
69
265
490
283
332
22
99
491
6
172
320
332
326
151
273
173
381
40
223
44
427
328
110
475
10
217
386
307
347
278
259
6
315
122
171
378
396
44
477
197
157
465
219
125
78
132
237
471
81
128
456
484
418
439
466
192
78
25
225
186
154
317
49
222
495
460
226
271
166
312
244
156
3
235
411
208
322
260
481
232
197
356
292
439
463
181
451
413
183
179
416
97
350
451
446
471
466
250
9
180
227
388
268
75
62
230
239
381
284
402
394
80
180
269
358
174
316
192
20
240
259
3
300
100
206
496
3
99
214
287
279
413
384
222
361
106
290
449
63
455
218
80
70
279
229
164
397
76
169
458
243
261
72
125
476
26
70
234
112
155
86
399
183
370
441
69
346
95
188
279
280
237
347
169
8
320
38
84
82
139
304
383
482
96
65
269
182
495
237
414
265
88
225
227
227
455
161
83
297
371
382
50
390
23
407
174
316
234
82
493
413
206
84
170
313
94
448
285
266
167
164
216
258
159
28
81
91
106
224
485
92
436
216
457
195
136
336
372
249
293
413
62
444
305
394
439
20
239
143
45
467
350
219
422
24
458
336
73
194
404
34
204
467
270
30
123
16
392
121
308
25
392
327
151
25
117
426
19
440
326
448
466
208
102
39
92
271
108
262
49
62
344
72
224
293
319
410
438
289
300
209
250
170
157
85
94
112
239
163
98
488
70
237
325
131
184
263
62
243
25
184
311
463
252
438
449
95
232
277
285
429
359
63
179
254
6
170
460
26
210
453
189
417
251
347
425
367
472
352
200
175
474
155
387
53
109
393
13
36
200
494
59
173
262
105
498
348
306
455
484
384
480
176
371
358
56
148
255
229
317
440
23
424
226
57
281
4
306
39
147
346
113
64
35
161
160
242
254
326
40
370
36
395
80
448
341
144
362
252
44
434
65
347
118
156
214
259
183
227
125
430
244
209
157
497
43
124
230
30
421
109
46
425
121
333
212
255
295
346
217
424
446
119
456
8
388
8
479
408
147
121
366
273
12
438
174
201
214
77
324
136
289
410
147
163
395
454
152
45
74
437
424
431
252
321
434
215
127
19
457
437
324
308
438
489
191
325
108
254
167
333
95
410
184
313
432
126
446
210
165
262
340
373
35
368
407
328
120
108
122
356
80
416
281
75
85
6
255
330
267
391
311
210
52
438
289
420
458
480
375
227
240
175
120
248
369
389
489
19
140
264
264
23
290
187
388
34
368
79
176
364
212
125
397
201
269
384
498
196
489
183
15
236
281
350
365
270
49
376
174
194
75
395
235
322
280
237
211
429
401
114
180
5
362
290
173
297
487
88
288
431
357
152
90
32
273
321
298
357
269
469
212
51
188
244
192
362
389
434
435
382
40
455
128
36
372
313
142
407
91
364
411
372
74
38
266
371
150
93
125
306
471
64
246
410
216
482
109
246
215
8
494
472
369
330
15
75
173
485
346
270
474
457
124
1
93
67
124
58
406
445
484
427
67
472
242
174
85
276
417
64
438
37
16
47
16
192
323
36
257
172
414
168
36
64
318
222
481
115
388
72
475
157
170
412
55
98
238
302
254
70
269
227
100
82
439
278
214
372
267
359
402
194
71
113
76
106
94
168
488
87
340
448
295
204
334
346
140
314
135
226
21
66
482
53
342
202
499
238
49
124
126
455
196
486
131
145
271
401
141
174
49
266
255
202
358
37
494
131
373
371
74
203
30
188
341
338
112
343
252
364
252
417
326
372
20
318
246
239
63
3
324
307
338
394
309
153
23
216
472
216
150
320
104
176
285
464
38
136
127
119
2
283
243
250
124
254
182
90
477
301
346
114
454
397
365
195
81
155
50
138
387
484
331
243
395
407
314
126
440
10
71
455
287
495
394
15
137
7
349
94
337
207
345
133
221
493
431
373
340
254
224
439
226
385
428
249
338
129
216
196
11
467
192
324
405
439
271
148
409
408
44
226
479
254
395
122
448
3
195
10
269
459
362
188
2
151
134
139
225
365
264
173
46
170
453
9
362
260
75
486
123
139
138
269
230
93
73
91
49
381
182
391
399
262
324
215
490
380
27
469
248
396
462
255
205
245
496
413
291
88
74
301
203
168
39
320
40
182
15
300
121
318
202
191
77
465
37
109
366
136
48
414
202
56
108
493
391
142
112
240
242
347
169
495
169
305
133
370
98
365
457
86
269
449
309
394
141
44
220
478
480
280
379
154
469
247
68
473
23
191
55
462
78
14
45
387
220
337
428
131
258
372
147
248
51
147
173
255
183
46
84
467
211
350
489
220
146
271
88
154
216
314
81
300
328
286
436
279
490
332
195
475
252
254
225
219
70
199
208
447
431
275
339
59
294
93
327
311
29
47
199
179
183
27
377
304
80
289
412
382
208
158
316
292
313
114
268
50
137
230
46
167
17
384
247
174
48
419
51
58
469
132
217
493
469
245
327
336
453
337
440
453
457
418
304
236
343
276
423
46
450
426
232
164
416
147
491
376
401
286
287
369
187
152
369
232
211
45
215
31
39
211
95
162
198
424
431
229
264
220
237
147
312
36
285
35
403
58
241
318
42
385
176
466
407
50
43
286
398
120
332
187
210
422
27
435
187
243
295
205
270
191
382
282
335
277
149
194
446
30
231
34
188
297
367
429
150
286
483
495
150
235
323
428
234
424
47
447
21
65
227
302
467
398
363
244
316
283
219
260
418
393
184
423
181
496
482
137
105
243
211
92
85
265
12
318
274
138
169
455
82
242
309
216
437
468
286
332
128
51
383
283
472
112
463
438
142
283
437
455
212
342
247
374
490
164
478
203
357
469
374
300
401
57
398
84
158
116
323
290
264
480
353
270
192
414
319
94
246
484
156
335
169
128
189
431
439
111
338
33
404
247
466
243
248
233
147
342
301
363
309
158
410
176
388
282
80
447
430
10
235
99
129
323
95
426
335
380
8
421
348
260
20
162
232
455
4
167
40
255
169
260
189
336
51
487
263
313
49
211
458
215
303
295
58
281
248
491
248
255
355
29
491
230
408
183
483
388
259
225
443
22
194
269
427
298
55
308
171
196
337
297
225
163
79
304
314
62
235
82
321
481
440
211
361
379
402
386
99
87
100
181
176
453
387
198
154
59
207
405
472
223
479
327
48
238
97
78
183
468
89
251
270
409
452
289
494
385
207
19
207
109
71
233
367
179
184
377
300
391
201
133
324
49
433
77
81
309
488
117
42
354
339
94
196
193
376
339
190
52
167
96
200
496
480
402
261
276
226
280
69
382
161
31
332
304
5
410
4
55
323
348
147
465
342
331
201
324
236
242
494
424
12
268
218
394
78
199
109
448
277
11
133
490
96
388
315
30
301
171
296
122
146
302
159
336
425
192
367
468
407
364
88
461
209
125
78
18
423
224
310
378
156
84
158
131
453
61
273
420
402
53
360
37
269
394
253
366
164
189
285
73
208
46
296
453
440
481
133
36
496
310
259
60
376
317
431
493
425
254
391
64
353
70
54
14
172
244
461
121
489
380
51
143
437
409
388
65
104
218
233
60
139
23
447
296
378
357
189
251
11
167
348
276
73
57
424
124
163
33
174
220
326
158
12
246
453
353
108
122
153
71
123
30
492
51
212
360
159
285
207
6
11
475
31
397
354
413
343
53
438
198
32
35
11
166
40
378
133
132
67
159
51
68
134
447
251
390
358
261
6
83
487
382
408
27
243
45
335
315
343
203
417
271
362
358
337
389
279
212
75
109
82
46
178
459
230
452
309
29
382
199
241
420
214
52
277
42
484
363
382
330
424
190
281
460
201
86
122
182
280
494
423
352
488
399
280
251
32
128
91
290
342
107
428
177
334
209
122
402
78
424
38
304
32
17
351
43
444
430
37
225
111
275
175
101
127
256
188
138
299
262
349
475
405
335
51
113
268
357
101
356
395
466
328
364
437
394
26
128
101
320
127
31
439
141
206
164
189
362
76
240
393
31
294
24
359
323
464
294
419
456
488
199
217
92
272
444
483
10
60
454
27
299
225
437
258
198
179
175
136
83
159
158
198
321
469
215
496
93
243
448
375
236
369
183
396
219
351
25
87
477
207
323
162
119
248
294
138
78
473
120
34
8
132
463
492
497
227
213
477
284
108
222
364
77
352
447
224
78
184
2
439
255
167
326
40
404
389
127
197
166
88
237
111
60
233
434
444
304
314
155
404
158
354
354
52
264
312
94
43
473
8
428
125
253
359
350
203
118
164
363
49
145
161
140
293
449
255
300
436
1
411
265
368
280
166
389
392
182
123
402
110
260
50
144
469
285
43
27
195
22
224
478
384
485
120
45
65
282
10
368
349
56
2
273
481
95
196
263
423
271
492
366
212
78
246
315
452
500
124
470
157
478
345
498
201
121
282
159
107
145
189
201
199
184
168
338
38
166
73
17
255
232
489
477
53
499
287
63
396
473
378
342
397
335
51
407
342
489
166
494
46
438
400
102
367
86
302
222
52
293
476
116
117
484
178
48
422
148
380
347
116
63
111
192
123
154
118
467
130
286
234
328
396
285
277
455
164
471
84
295
346
106
24
168
43
245
496
76
202
498
105
276
88
419
286
460
124
363
414
177
395
392
437
285
224
464
180
249
372
135
231
103
70
189
450
270
70
276
338
113
54
445
2
367
286
318
114
329
18
86
123
113
94
165
51
272
128
273
185
358
478
70
471
493
122
192
217
211
371
320
205
414
473
407
146
456
170
226
495
273
255
129
28
494
301
231
221
18
25
324
128
348
100
1
112
69
207
479
155
85
498
455
440
64
342
323
183
422
118
4
100
311
435
408
499
105
52
314
327
248
323
441
299
488
494
498
297
169
249
484
226
266
279
153
407
6
257
414
270
176
3
367
333
494
486
263
413
493
441
346
127
93
494
64
140
195
157
276
47
495
92
419
281
328
292
264
361
289
259
13
340
147
273
83
493
28
280
381
489
62
378
253
451
170
451
212
390
2
431
499
80
144
498
137
75
106
298
163
223
213
320
398
324
94
71
83
391
169
106
21
240
319
51
31
11
282
193
271
473
285
344
145
386
298
290
39
432
401
343
482
352
323
87
264
281
127
371
491
50
279
442
176
381
235
144
72
345
293
48
424
424
441
474
346
63
386
315
220
361
71
467
290
125
296
241
302
71
433
393
83
329
353
5
419
395
261
182
252
400
493
246
450
451
213
52
380
189
459
177
340
82
111
130
28
30
97
379
415
388
211
154
241
67
86
83
97
478
86
140
496
17
284
336
303
8
218
437
48
21
167
295
236
15
430
206
470
189
417
487
256
372
403
343
367
58
199
384
479
339
470
79
304
414
404
39
11
467
221
232
91
494
5
170
414
446
416
403
284
8
155
434
101
113
220
466
444
463
429
340
274
340
488
259
287
341
292
289
256
369
209
84
341
82
41
220
396
311
36
335
296
461
166
338
385
30
3
130
302
387
278
413
385
34
292
485
180
68
357
420
13
293
332
146
471
233
262
245
46
420
412
68
160
412
428
202
76
35
283
449
431
456
162
77
127
336
26
173
305
417
346
108
37
25
206
196
274
281
451
117
496
347
274
16
496
19
38
267
157
117
42
419
99
441
480
115
299
26
382
450
128
98
100
213
371
224
135
256
440
389
85
148
414
215
270
210
317
255
140
354
285
182
430
422
368
72
264
337
428
127
273
396
482
78
490
377
318
93
184
224
499
477
15
249
95
469
91
2
39
333
202
112
174
60
275
153
98
425
467
326
129
285
207
286
315
188
424
444
309
482
319
124
90
409
489
169
406
106
484
176
274
296
405
461
122
126
4
35
469
326
149
398
418
225
450
16
124
330
266
456
304
270
310
290
171
78
175
400
118
14
94
227
390
181
204
302
418
476
498
361
78
196
96
492
464
489
489
399
100
300
387
57
219
422
166
342
274
336
251
302
203
274
213
364
18
177
51
169
267
476
88
66
279
265
487
22
460
2
88
84
385
406
137
294
61
479
147
215
373
32
366
485
434
190
37
380
213
381
19
115
323
130
405
441
370
359
14
64
234
99
416
66
194
499
179
478
23
220
258
79
80
292
173
252
453
465
358
499
261
96
268
314
444
202
143
274
60
401
41
143
410
447
413
183
94
338
359
47
434
403
147
14
211
76
153
105
244
31
411
10
119
140
207
275
364
433
464
62
426
55
395
129
430
369
52
3
73
228
367
103
285
246
92
329
290
145
87
96
379
416
409
331
74
74
76
317
455
360
386
433
183
156
133
57
282
194
370
29
63
298
335
314
126
258
404
359
120
63
379
306
416
85
54
30
116
388
41
297
174
493
452
42
163
165
479
398
138
188
124
325
271
299
326
42
354
445
178
437
422
295
49
260
304
354
137
359
16
202
432
357
61
414
88
173
363
361
194
159
30
143
87
377
344
26
440
223
151
382
146
226
129
437
232
305
32
134
94
27
269
440
410
203
114
221
447
288
89
258
137
166
279
206
400
150
4
69
142
266
38
59
211
372
478
6
498
245
8
256
307
376
434
478
68
170
213
307
272
182
343
290
310
390
335
264
268
355
385
391
51
35
215
348
43
435
108
400
368
400
247
125
264
111
222
212
225
275
75
36
155
250
412
399
494
9
351
404
383
316
177
72
165
451
435
27
16
17
407
40
479
322
371
327
422
391
247
442
53
449
108
216
53
381
443
153
44
329
489
474
132
279
143
303
483
3
79
469
440
487
49
279
112
209
431
208
288
110
394
216
191
345
435
145
99
196
437
475
92
38
438
48
496
325
287
156
203
42
311
73
166
105
220
437
311
301
268
394
322
322
211
96
238
104
172
457
175
418
498
17
190
217
234
403
171
414
228
282
169
116
361
19
144
272
493
239
302
157
378
306
116
12
62
254
447
59
227
310
491
132
360
452
80
488
169
77
273
18
237
392
87
150
65
393
362
116
419
178
482
68
163
158
65
314
294
124
138
90
390
214
384
220
392
165
163
360
456
255
315
371
250
436
225
14
391
454
430
192
120
172
360
456
33
240
20
16
142
126
354
159
123
245
284
458
30
51
184
78
364
476
43
163
491
475
47
500
153
364
443
261
397
281
210
312
83
423
449
314
386
191
284
136
424
479
133
491
194
415
246
269
177
85
267
217
245
306
69
268
477
225
160
317
128
41
313
433
230
329
13
295
74
379
196
146
120
485
58
269
17
123
313
231
299
154
225
469
491
409
271
187
278
9
306
476
304
309
450
208
205
301
430
445
99
98
101
276
112
242
51
241
54
11
376
379
356
458
406
305
292
26
110
408
479
382
210
95
434
387
67
408
354
103
107
472
390
335
129
478
468
138
330
327
78
461
402
236
421
435
136
331
162
310
320
263
187
433
34
135
233
398
453
120
76
41
159
169
463
72
393
455
247
153
58
447
32
186
227
436
214
419
47
198
113
15
28
80
141
165
149
497
219
371
27
28
150
20
186
402
192
71
207
94
262
213
189
281
416
431
231
225
370
145
21
170
493
285
479
412
103
111
447
363
249
322
146
401
310
366
24
487
103
219
137
3
56
346
304
124
376
411
322
345
428
200
431
382
342
278
233
283
42
331
390
345
289
394
182
155
169
214
291
36
140
218
402
430
267
161
38
149
357
9
389
17
301
169
499
482
395
90
443
126
317
27
292
283
399
148
289
31
44
317
245
453
23
300
245
299
149
464
118
355
225
462
397
185
250
284
22
142
170
306
466
195
112
475
66
240
405
69
457
225
407
164
362
9
250
45
40
456
449
221
247
314
106
119
210
384
405
415
4
242
459
333
397
309
238
97
373
209
68
338
196
117
441
494
54
350
272
254
62
165
147
74
348
364
96
322
166
251
41
286
198
93
381
259
447
39
73
423
358
244
387
95
416
448
16
407
484
138
451
135
106
205
56
331
471
310
48
233
260
135
318
384
62
183
125
27
232
237
144
129
27
225
84
365
25
358
96
166
153
459
389
36
211
296
231
203
473
127
423
219
361
171
210
171
222
35
276
330
291
308
251
180
346
203
332
496
17
138
48
415
66
80
149
51
423
201
155
289
421
187
387
64
447
152
11
201
161
7
216
207
21
474
313
310
1
101
62
399
388
294
473
157
5
425
351
54
288
434
117
14
468
60
56
422
178
224
133
215
421
2
410
164
366
181
474
422
339
267
432
305
404
8
311
489
84
239
139
101
439
165
342
423
137
159
211
26
4
127
93
257
418
38
206
399
27
16
143
289
77
115
448
129
428
389
356
93
256
421
216
209
224
284
372
455
338
266
417
445
355
224
328
141
383
19
150
108
75
319
90
97
214
466
325
306
359
186
439
231
377
17
460
345
126
409
412
313
403
107
298
228
155
447
70
29
14
208
424
125
7
347
189
416
151
300
239
388
214
309
219
45
430
44
40
270
483
321
479
112
107
321
493
119
70
106
191
254
374
418
64
473
103
107
258
202
267
31
155
419
467
21
332
413
335
354
74
268
55
246
136
249
179
488
189
276
413
141
350
389
324
281
342
312
150
71
66
372
325
272
64
317
476
412
324
442
266
259
480
295
147
469
435
382
48
7
319
373
468
302
327
373
187
385
400
24
295
208
320
112
402
299
320
311
417
449
346
375
410
207
221
353
191
249
73
490
199
317
210
389
57
365
360
147
15
492
81
309
346
115
361
128
43
152
214
51
366
43
92
390
4
386
333
25
26
151
267
375
375
39
344
293
64
344
100
98
139
36
31
100
489
29
387
70
423
215
363
354
66
223
469
459
276
497
265
292
250
251
66
59
278
396
353
333
22
135
459
272
136
28
130
137
473
278
457
37
347
81
282
496
60
90
197
4
11
391
119
181
415
248
239
421
392
452
239
192
127
124
419
387
128
136
362
406
275
463
250
415
176
260
340
486
143
91
240
157
168
401
264
368
409
275
468
230
110
106
367
270
497
136
329
116
53
235
253
496
221
151
11
209
391
61
404
201
221
428
312
351
12
247
451
39
3
189
273
270
341
430
45
23
490
28
447
152
398
46
210
284
50
229
463
254
296
88
166
298
117
419
27
243
301
133
32
480
89
400
359
111
78
453
249
157
303
222
496
91
152
499
378
245
363
17
239
391
255
368
1
315
122
119
412
251
175
482
144
373
454
258
383
219
41
346
274
343
189
457
128
88
133
232
324
215
402
171
381
111
113
289
200
181
95
481
266
436
151
427
188
439
150
361
96
103
426
174
177
385
426
284
165
24
479
454
124
284
177
287
450
62
200
148
438
365
325
105
49
131
162
183
311
95
226
2
203
95
157
341
23
381
83
7
313
461
83
69
350
448
209
150
364
184
150
158
285
348
40
494
65
278
486
56
23
16
360
231
278
313
188
47
298
445
437
419
156
418
239
325
292
74
161
222
353
169
164
12
433
444
347
25
233
459
284
120
219
91
278
91
34
346
421
105
435
51
119
207
76
13
181
153
258
282
94
431
258
115
356
148
233
218
155
460
330
161
239
363
137
455
495
491
134
146
254
176
442
34
25
202
195
379
172
70
388
249
410
216
120
130
309
498
339
450
65
302
151
404
303
455
63
97
54
255
379
500
129
345
163
368
277
95
311
375
376
466
451
239
94
267
234
488
227
50
354
361
299
476
123
392
360
130
221
79
411
313
458
440
303
83
355
100
16
216
476
383
190
280
344
91
97
203
68
427
108
484
97
401
88
321
136
494
220
481
162
22
242
60
37
460
344
423
259
363
69
337
350
442
275
112
287
206
341
331
104
327
194
481
428
189
150
96
232
460
60
450
62
463
437
8
424
105
55
468
175
248
383
47
460
99
398
317
466
450
154
23
76
125
130
351
294
15
370
28
258
273
361
355
447
483
475
82
442
265
460
488
318
472
102
204
135
187
85
494
294
310
295
65
119
188
221
103
155
111
362
17
366
450
389
254
238
229
185
366
224
232
130
125
381
102
418
398
381
440
46
374
86
45
166
298
351
54
489
152
35
486
150
170
177
219
343
45
227
488
227
350
154
327
57
219
121
185
86
441
175
4
307
106
16
144
149
310
474
59
368
412
58
466
315
342
212
315
96
286
290
204
165
90
352
367
344
265
376
7
413
342
295
335
366
286
60
141
459
97
54
390
289
299
204
102
63
239
206
84
20
122
181
355
275
27
129
367
294
60
494
128
297
77
273
465
47
84
377
220
401
72
339
168
402
468
171
49
152
462
467
431
11
47
485
137
120
56
454
175
74
485
48
481
111
119
402
187
9
77
130
103
33
222
32
82
80
244
144
144
326
128
17
38
406
331
187
325
144
148
244
397
179
272
197
249
38
394
205
3
25
91
452
484
352
127
51
280
486
389
62
396
103
333
390
426
458
160
263
59
474
272
105
24
211
95
409
444
473
92
341
201
9
197
239
495
35
97
314
1
56
316
291
212
298
197
392
13
112
351
89
330
102
194
103
257
323
297
228
364
436
173
48
83
395
440
295
347
293
452
403
176
168
356
40
305
422
136
243
18
130
58
117
188
131
303
163
21
343
173
475
266
235
187
18
459
406
262
311
459
344
406
367
203
252
448
153
23
379
170
72
128
500
494
125
436
349
91
124
477
269
76
179
383
451
308
339
325
492
9
266
210
170
490
442
382
62
88
149
350
21
238
385
65
269
185
117
364
278
414
11
469
1
499
424
93
32
383
251
413
141
165
241
11
435
10
456
52
269
475
31
279
454
44
296
270
252
29
247
375
322
60
117
270
210
205
464
291
43
144
493
462
348
273
368
205
130
173
376
478
395
448
306
213
443
106
146
66
310
291
304
467
95
206
129
448
406
316
343
197
185
70
135
159
318
79
499
112
43
167
287
333
86
87
475
223
216
147
376
273
363
143
88
144
16
458
447
125
273
85
477
26
442
120
124
117
65
97
83
489
246
476
499
363
138
96
318
382
140
226
413
113
350
217
465
375
475
299
363
279
434
456
82
234
264
348
476
317
342
134
423
38
420
102
390
445
346
289
499
73
83
92
231
192
226
274
101
34
402
144
442
212
31
454
236
7
489
9
337
477
414
317
2
198
8
3
261
204
410
327
36
413
249
350
87
28
476
93
393
7
89
68
36
415
205
209
429
217
384
184
301
218
339
322
348
31
118
237
169
17
346
145
455
441
463
264
271
75
225
363
337
491
239
9
287
432
349
394
205
232
201
190
139
31
448
450
113
86
315
431
123
177
195
429
364
467
472
290
231
15
472
16
5
467
111
217
270
108
79
482
289
110
323
433
1
50
304
326
454
311
162
432
274
465
482
469
137
343
288
445
413
384
242
351
498
23
171
411
286
165
389
63
60
320
409
20
452
366
190
297
345
349
400
72
202
38
24
423
178
121
271
341
351
304
444
187
243
377
446
255
80
38
440
152
227
336
258
143
467
429
438
297
211
22
376
373
102
37
271
115
125
266
386
394
273
416
391
326
191
343
32
60
5
275
95
103
362
289
489
131
136
442
205
214
44
272
164
300
255
207
337
445
172
308
478
62
110
346
221
78
403
402
214
264
493
326
147
353
172
21
272
19
326
26
459
487
455
238
89
142
51
246
80
401
7
94
370
402
177
133
133
494
286
278
438
453
289
140
265
79
436
150
339
53
406
402
306
303
68
276
39
12
45
389
482
267
67
23
21
46
275
476
382
84
145
425
103
269
205
354
297
176
196
313
395
251
350
420
311
493
255
262
140
307
93
376
279
305
233
481
253
67
153
48
228
43
112
146
308
48
100
70
48
309
88
279
310
376
403
236
94
32
183
19
459
399
395
266
79
418
324
468
439
360
33
347
438
382
324
274
228
142
75
340
156
197
371
483
433
191
52
479
291
223
152
311
302
181
157
249
456
339
479
176
324
126
69
25
260
152
387
292
83
117
195
101
109
16
180
79
315
155
68
153
280
57
169
175
485
85
446
10
92
121
321
469
179
37
343
206
494
129
319
131
276
451
58
483
340
184
313
78
185
326
251
433
234
485
439
371
352
31
465
80
146
89
59
250
500
242
500
327
184
203
440
310
152
187
31
322
233
251
325
294
16
268
317
2
308
472
200
247
58
420
407
10
143
227
100
283
266
372
115
19
46
272
159
385
314
72
121
410
263
247
33
492
40
247
9
237
128
132
411
147
364
267
395
390
106
192
345
238
264
316
95
15
498
205
246
31
121
405
340
349
257
429
370
377
469
305
130
3
230
173
392
194
83
254
20
335
127
368
371
377
198
250
153
277
297
96
478
71
475
253
160
404
117
428
203
30
416
347
394
413
125
312
140
351
195
126
93
182
432
33
421
305
443
347
54
454
456
115
491
23
341
437
65
384
91
76
278
196
457
250
234
485
352
298
144
136
436
329
386
74
360
479
9
431
173
334
88
48
408
456
432
366
80
363
447
497
450
499
220
180
434
329
364
475
399
173
69
51
258
27
176
260
314
96
83
205
436
335
430
331
291
321
286
230
473
339
309
69
411
491
255
386
210
342
145
360
132
130
437
458
155
247
136
61
459
74
420
82
440
91
37
133
419
250
321
381
12
400
33
156
15
23
448
458
212
266
172
367
174
481
301
6
115
41
18
343
262
329
168
30
317
489
15
327
363
347
78
125
215
369
407
8
500
294
73
462
325
266
126
433
207
481
357
212
124
181
15
85
63
333
230
404
274
329
102
213
198
85
64
379
256
108
31
248
266
111
173
228
461
495
158
482
77
380
410
354
293
231
22
481
334
27
39
184
85
132
349
359
397
352
344
474
35
266
395
195
467
490
115
419
344
131
225
487
99
357
53
314
399
419
382
49
94
169
11
440
449
87
189
337
113
1
291
261
173
60
166
112
390
61
173
388
47
326
35
223
428
185
118
206
67
302
26
240
309
479
17
172
83
277
109
88
413
233
109
336
71
356
391
150
325
473
494
266
273
383
200
152
335
77
209
455
284
322
474
70
60
154
237
29
471
345
262
366
483
464
115
85
376
215
152
494
231
470
144
119
415
332
206
251
172
221
372
220
58
165
366
466
170
294
262
152
454
85
31
309
321
213
250
259
446
25
486
423
14
79
296
207
376
284
21
150
288
265
345
55
472
475
266
200
409
337
390
88
251
264
94
302
404
169
191
125
325
364
98
271
443
83
82
411
29
380
462
217
261
219
102
376
391
340
103
59
240
180
206
284
468
272
34
71
11
338
309
453
465
133
430
341
353
335
369
234
357
187
331
205
407
54
480
392
129
384
232
436
39
107
325
73
210
352
259
35
431
97
264
180
81
223
487
13
213
210
396
208
442
217
464
231
466
226
206
333
73
364
310
2
177
269
111
486
12
418
133
111
348
241
173
452
148
437
113
287
155
124
97
418
69
193
290
76
261
344
24
371
130
167
351
187
127
101
250
388
185
151
130
231
464
376
160
357
440
137
349
63
202
437
98
410
481
223
21
41
449
41
427
441
360
314
299
55
366
86
370
240
318
125
475
29
459
89
169
110
113
329
310
327
75
291
401
312
175
197
305
27
170
453
15
496
426
240
95
9
220
373
234
404
426
369
414
18
391
495
271
268
424
40
260
468
372
447
226
103
29
191
288
81
300
99
58
368
454
441
481
375
322
347
87
332
260
18
47
325
110
484
494
284
492
247
284
204
324
118
239
15
113
216
198
116
302
57
245
179
446
328
430
371
107
236
467
482
86
286
117
99
314
292
129
237
434
375
249
104
487
62
360
314
206
253
102
17
323
476
216
373
453
157
468
349
192
230
284
90
154
369
165
63
94
472
171
234
357
438
255
32
446
248
41
182
10
53
120
37
387
252
307
114
424
141
79
117
114
318
46
451
201
247
365
336
352
480
339
475
36
453
82
235
491
424
285
123
196
404
339
264
140
397
135
432
205
124
181
49
278
323
246
474
282
166
424
203
430
422
330
250
408
30
273
249
197
204
196
284
498
305
308
421
266
418
26
370
88
76
42
491
481
175
100
242
77
365
295
27
333
372
484
25
145
281
238
51
140
282
102
461
69
4
61
405
421
458
484
60
229
329
36
496
440
200
259
55
465
183
491
360
31
205
375
60
350
25
306
61
376
336
489
223
481
124
50
357
487
217
213
57
339
156
377
83
495
472
211
390
135
73
225
361
302
51
13
425
248
35
476
315
117
450
270
253
349
474
499
55
453
249
378
190
379
267
182
353
260
294
335
494
300
68
478
336
183
419
148
332
492
377
48
465
287
434
492
403
214
294
307
489
98
331
335
133
441
33
287
6
46
304
264
221
318
404
120
244
55
407
392
297
482
494
201
72
438
3
150
227
52
176
121
422
470
480
253
85
303
497
451
384
441
109
41
422
251
121
331
20
463
217
77
394
22
63
354
92
223
283
459
311
53
195
443
437
476
252
466
465
25
215
88
243
11
77
269
137
173
499
441
262
406
225
318
413
245
436
7
188
154
211
407
493
58
493
42
496
498
406
480
230
276
288
346
69
411
272
405
351
460
237
206
159
458
332
190
349
118
52
97
360
244
8
114
406
101
403
95
433
318
28
194
137
261
38
13
354
477
266
10
483
220
430
407
478
247
72
279
270
186
152
210
154
33
169
396
215
28
389
343
328
413
323
186
281
24
289
25
470
494
491
409
417
106
65
24
60
467
434
233
333
241
65
44
416
129
334
221
91
49
36
488
488
495
417
315
351
273
447
203
259
30
379
59
97
361
207
229
114
65
194
372
62
174
476
401
46
380
309
92
159
171
154
286
445
100
174
164
27
400
200
223
267
368
363
477
472
80
283
174
130
202
207
365
18
463
237
93
329
254
311
210
162
82
86
485
309
165
76
405
159
121
268
43
412
497
403
413
105
454
384
132
376
84
472
355
383
179
229
205
81
289
213
155
394
91
215
85
149
135
488
177
486
231
369
273
27
155
461
163
454
457
337
310
326
172
363
309
206
297
80
353
161
12
88
54
88
231
328
337
247
79
376
342
167
464
269
255
461
402
440
178
283
100
18
20
343
241
144
243
115
379
364
338
425
231
248
422
407
65
492
148
394
468
204
492
417
358
226
284
315
285
400
493
231
52
21
97
133
490
199
259
247
455
15
459
245
418
84
340
374
317
171
340
98
29
51
128
395
248
268
232
29
70
214
299
133
336
263
261
220
303
206
334
202
319
135
352
143
425
61
310
123
438
352
338
363
86
307
413
175
44
285
192
446
422
223
131
97
66
84
146
317
495
20
290
101
301
44
247
215
173
93
451
424
235
266
491
277
379
266
341
286
411
85
105
224
78
428
471
267
385
480
411
229
254
460
72
144
66
152
450
400
21
7
186
466
306
496
178
354
427
236
358
427
405
256
24
387
346
5
28
379
230
302
39
95
86
103
101
33
115
163
159
396
196
159
355
84
424
110
49
370
147
339
481
14
448
3
64
461
21
157
67
286
95
304
410
443
382
137
471
435
127
239
426
210
37
451
378
327
453
303
450
130
305
382
296
365
283
180
354
492
89
368
242
489
26
423
243
255
75
294
362
318
238
271
108
85
200
368
443
7
195
264
312
414
11
201
79
119
85
107
382
314
163
339
56
431
137
372
100
357
203
149
24
252
13
292
304
251
179
248
252
305
410
53
387
143
67
225
204
155
24
251
354
177
434
398
469
192
466
217
430
105
451
247
107
305
115
102
101
252
258
134
136
101
13
388
138
448
19
445
143
150
243
365
164
87
50
357
450
334
259
259
463
356
338
364
167
218
476
263
195
436
48
485
295
134
13
395
499
79
242
196
27
345
154
181
296
436
396
102
53
314
348
185
285
385
394
317
229
159
183
340
410
175
472
55
500
443
320
192
413
391
469
448
447
499
400
344
309
217
338
72
240
289
245
294
180
382
238
78
307
44
151
88
315
296
163
500
88
418
299
196
299
338
236
228
164
34
396
155
431
423
362
35
88
96
459
416
212
424
358
51
497
254
264
75
340
19
281
163
118
130
253
43
387
176
231
24
342
159
116
57
309
82
397
230
179
271
498
397
307
85
221
257
434
482
61
225
495
458
397
173
276
270
390
148
42
165
457
99
352
485
435
180
70
487
197
60
190
52
359
88
476
295
43
233
102
219
140
272
9
45
447
260
156
334
324
391
46
485
388
195
308
24
230
69
334
205
2
212
190
89
113
360
109
341
452
91
194
305
49
248
10
20
390
110
113
243
31
457
339
436
150
120
368
455
181
475
75
88
19
273
351
440
96
77
38
215
367
106
201
285
409
212
165
465
438
425
64
467
62
27
419
178
317
99
258
76
143
300
496
39
189
232
92
104
189
133
16
228
343
52
100
390
174
207
222
325
24
140
389
402
414
492
270
3
393
65
134
95
270
64
498
456
279
212
451
13
463
4
117
417
396
65
157
146
494
229
117
184
406
498
82
373
95
81
256
96
444
20
100
106
297
167
72
158
213
408
295
484
447
433
341
64
64
58
152
397
92
101
160
33
481
329
336
206
249
163
32
208
297
317
52
77
254
10
68
450
424
68
437
469
215
197
152
307
206
47
256
87
265
341
95
154
123
394
330
401
231
270
9
155
488
393
201
329
356
301
184
311
470
72
288
162
395
190
394
469
164
478
366
277
169
58
105
496
386
425
203
149
217
476
99
360
220
338
379
7
328
239
305
338
129
416
356
185
78
72
65
37
398
328
221
249
94
226
184
392
177
316
500
384
64
231
333
189
480
303
368
450
6
455
406
272
488
100
445
246
111
281
475
114
418
109
486
480
481
305
23
406
322
313
207
163
312
486
413
91
437
311
319
294
241
227
312
314
168
463
16
381
22
118
225
10
441
494
116
390
113
295
272
100
210
388
215
283
38
459
13
442
66
350
172
308
183
80
319
73
28
350
243
242
239
179
219
334
481
68
438
222
326
76
210
385
334
87
19
436
475
57
405
486
285
167
323
154
457
148
53
236
220
459
452
353
407
301
132
461
363
127
68
202
449
204
112
195
30
237
148
108
426
247
481
4
308
203
174
277
393
466
496
163
15
451
163
346
309
158
253
363
415
200
437
62
128
55
187
172
112
467
33
252
225
343
196
431
12
109
451
455
72
389
353
389
232
425
242
275
351
161
221
220
140
15
139
182
465
66
236
53
21
289
230
393
399
421
385
165
391
157
106
328
275
45
95
147
195
469
323
477
133
418
399
200
3
75
414
5
430
245
148
277
147
59
362
350
54
285
203
400
151
438
137
429
369
170
98
35
192
304
327
94
274
102
235
370
187
196
126
1
495
418
56
165
215
240
39
74
370
361
374
272
204
438
417
333
100
16
437
363
146
209
233
40
231
479
21
66
408
368
480
153
364
195
445
14
134
358
193
296
202
138
23
291
76
373
13
275
49
401
17
150
431
222
298
11
201
138
232
56
278
461
10
387
248
24
128
23
277
160
116
449
255
230
211
257
236
306
19
58
409
431
272
446
190
298
69
238
215
238
500
389
272
181
390
138
301
443
352
85
228
85
58
204
238
338
222
270
81
129
351
449
341
485
111
180
294
476
387
194
169
498
131
94
148
252
337
391
459
92
328
223
262
162
453
154
468
53
2
364
32
396
122
187
82
347
336
473
44
99
481
287
351
38
179
129
463
105
343
223
385
445
157
445
310
189
251
135
403
285
119
3
55
195
205
182
156
34
90
156
203
128
188
374
406
112
321
480
41
455
500
66
192
459
452
168
134
173
191
310
146
314
410
454
314
239
28
373
26
20
385
315
171
3
345
93
104
199
423
357
323
379
41
463
290
281
346
391
350
19
54
56
268
46
485
331
149
279
222
348
472
290
482
160
4
235
320
353
346
207
144
173
428
87
282
308
487
373
305
227
118
43
336
151
130
131
280
410
421
364
322
138
40
340
201
402
151
8
381
87
46
335
91
367
381
261
176
331
283
479
146
115
189
476
310
235
349
200
219
420
56
60
87
213
46
239
117
82
346
414
264
112
423
8
179
64
309
402
240
183
170
7
461
240
136
68
208
182
202
128
392
230
330
255
300
12
46
441
481
468
183
275
317
122
33
221
395
173
198
77
250
260
480
44
284
269
424
254
292
7
430
193
485
429
12
263
22
319
84
93
164
410
420
81
75
489
468
469
58
13
73
349
400
3
89
290
137
196
37
404
284
71
268
172
104
74
479
120
392
118
423
256
114
385
266
143
218
350
34
498
498
299
233
387
248
193
113
208
72
11
71
377
110
489
391
176
118
474
96
113
246
219
180
164
208
387
164
252
221
58
400
151
218
478
191
257
62
367
171
423
431
92
38
475
343
132
215
490
60
52
373
218
205
307
41
190
228
284
18
307
110
197
442
58
204
137
289
490
81
285
304
196
80
190
290
148
146
207
8
18
6
95
65
90
194
404
217
363
447
13
125
2
494
483
294
54
230
239
82
439
241
221
369
235
319
496
478
348
198
453
176
291
356
107
341
280
14
460
226
190
35
441
319
36
131
198
378
137
117
140
78
318
308
245
144
206
143
121
95
284
222
94
39
421
60
257
356
351
356
284
416
320
239
103
400
64
193
176
237
269
309
339
244
265
232
55
494
131
383
475
127
224
192
339
12
26
386
235
220
267
68
174
275
253
418
212
321
224
267
31
425
251
82
186
423
251
305
52
246
352
106
125
196
174
160
298
366
131
83
43
118
289
248
328
113
425
52
358
211
331
77
371
241
212
327
71
93
169
289
52
357
59
2
318
360
191
412
122
493
384
154
100
253
148
127
407
149
446
99
380
369
113
13
384
73
142
242
127
463
282
188
156
90
287
413
171
390
316
475
451
237
89
171
479
344
285
405
472
34
433
86
108
388
26
385
394
156
232
398
74
411
450
192
499
123
467
394
100
143
105
168
118
413
211
97
168
259
250
124
231
40
471
214
412
339
189
459
81
339
140
4
466
284
355
98
428
167
128
42
339
383
427
415
148
356
256
1
434
9
304
447
139
400
210
215
326
449
466
314
100
106
329
405
266
412
383
66
34
371
496
92
180
113
296
79
476
364
43
383
421
340
239
166
143
300
175
401
419
413
458
392
328
140
149
128
438
271
245
89
437
163
435
421
370
72
477
62
199
289
75
219
474
307
283
384
31
279
465
92
426
281
149
375
63
36
377
168
170
187
168
238
187
389
60
428
193
463
22
257
253
264
242
306
302
142
10
351
255
421
95
410
310
179
203
329
16
156
193
229
424
292
438
401
40
120
152
257
363
146
117
83
378
409
311
129
324
451
18
227
498
404
473
267
55
226
222
170
21
237
414
265
412
202
470
18
288
396
459
279
323
435
115
441
129
423
323
174
455
15
298
276
339
144
355
430
334
182
78
367
70
181
140
391
19
99
363
112
54
106
489
336
431
16
476
271
396
406
189
348
22
202
411
152
347
496
166
431
30
211
271
396
46
463
424
327
398
146
472
63
248
402
278
452
14
420
155
393
282
194
377
398
113
47
277
115
398
113
436
221
34
291
406
103
265
209
312
334
348
295
28
472
42
272
25
364
217
282
461
349
172
428
391
142
140
36
119
253
200
493
214
19
84
69
130
438
472
164
344
345
355
388
11
268
179
35
16
385
87
58
58
481
16
364
384
217
196
357
279
209
123
328
213
37
250
124
369
46
122
173
431
486
414
280
115
215
263
303
327
64
257
402
49
12
387
113
129
110
277
485
375
270
168
471
304
290
430
242
73
284
482
22
167
181
360
389
416
210
125
438
477
114
484
19
110
102
173
192
393
41
36
82
446
131
19
267
9
483
369
251
58
139
82
383
492
327
254
335
140
313
254
237
226
137
28
470
66
439
31
29
33
246
204
173
470
189
231
374
180
219
345
499
339
454
434
309
9
149
135
326
485
384
69
153
428
434
184
264
151
114
31
212
87
353
262
184
138
65
181
484
184
309
158
340
199
166
51
236
452
4
474
232
281
408
285
395
224
69
26
134
295
302
368
110
474
191
72
26
209
205
92
52
90
394
433
409
461
337
472
115
82
340
261
65
400
328
42
216
178
441
446
266
95
69
75
422
45
500
419
334
7
193
359
486
85
28
441
95
394
250
222
350
412
133
394
133
436
121
385
136
11
377
356
303
370
201
135
179
18
63
458
47
144
218
310
212
203
491
62
344
328
429
345
350
129
241
80
358
437
373
186
480
8
485
157
438
37
243
343
342
313
322
25
279
206
89
276
110
239
425
80
295
269
449
316
180
116
376
99
392
102
429
75
339
120
439
418
184
396
152
403
30
11
478
417
388
147
202
23
485
432
24
216
200
402
29
332
10
352
187
245
400
162
283
459
2
441
310
233
22
70
483
198
51
357
418
85
323
447
453
403
277
104
353
403
447
17
20
324
188
17
85
15
252
375
379
133
212
487
471
438
345
328
85
328
165
343
160
344
483
112
333
26
151
262
308
475
77
203
359
22
46
206
492
42
279
21
86
158
486
343
157
332
480
273
197
136
355
174
157
412
97
111
427
13
242
230
123
189
6
395
63
409
128
55
180
115
386
284
440
363
205
406
186
266
338
308
472
475
206
32
489
151
305
264
57
131
234
500
477
229
366
144
418
485
348
129
156
310
366
43
113
306
126
6
362
299
332
212
144
460
216
26
245
362
115
294
363
128
23
253
173
444
39
128
62
91
66
137
253
186
351
233
248
454
246
371
349
204
85
393
68
112
68
190
85
329
20
299
275
306
428
39
214
440
261
185
338
176
204
149
415
79
492
439
77
258
185
344
405
227
70
494
434
475
23
115
314
416
330
56
321
437
251
477
440
153
59
405
96
461
173
350
449
153
412
471
197
411
44
223
265
266
366
209
201
66
401
430
252
22
417
145
493
416
220
416
397
496
124
431
419
375
328
41
497
243
220
432
393
394
336
491
329
170
286
285
352
139
270
46
303
250
133
426
409
312
468
189
69
384
300
247
478
145
183
429
240
291
41
13
188
474
420
193
48
61
88
440
108
190
305
315
41
417
183
445
273
493
427
255
433
42
139
51
147
407
85
15
207
230
203
195
158
400
387
170
212
265
48
68
40
492
158
138
358
112
431
30
170
66
165
6
139
171
155
448
50
121
21
199
292
425
431
127
327
328
255
90
101
80
356
427
26
352
268
115
38
99
271
411
415
411
392
64
239
112
196
244
34
349
355
185
416
128
434
139
417
156
464
444
28
297
262
257
147
124
9
437
427
357
331
465
287
368
373
325
120
393
258
383
205
373
228
212
274
120
416
454
439
47
297
368
395
2
424
259
404
54
68
106
340
427
241
110
34
17
289
499
189
221
266
309
110
376
491
301
36
367
359
69
254
278
320
338
80
320
13
86
249
345
138
320
141
276
404
228
226
65
336
468
320
417
7
225
365
374
162
99
277
177
213
64
214
98
19
333
294
260
479
498
60
470
104
213
26
217
402
377
137
387
137
232
296
281
242
211
431
139
32
283
215
253
55
95
350
62
278
38
28
313
483
346
175
263
326
399
65
492
418
486
328
37
134
67
331
22
426
212
496
277
132
147
488
316
45
471
21
359
16
404
10
59
215
122
318
378
198
109
446
269
334
85
277
191
76
407
274
467
332
372
201
166
380
482
195
477
125
377
329
53
228
89
225
2
370
396
247
496
252
181
318
419
345
110
459
104
236
185
426
176
182
436
427
277
63
471
22
477
412
315
202
185
69
39
296
16
171
294
231
41
404
222
256
127
60
139
334
194
446
284
472
253
156
127
227
16
292
373
152
399
34
431
458
249
30
326
226
130
284
438
244
22
242
285
223
195
285
144
138
477
479
99
332
456
423
258
92
353
329
490
492
191
276
141
401
474
246
467
291
339
358
150
374
333
226
260
201
49
297
436
377
438
340
202
132
453
187
118
340
146
360
467
230
381
105
326
92
220
202
3
73
260
407
10
413
298
470
211
3
245
168
465
199
360
167
215
194
461
249
254
164
334
430
78
68
55
341
242
296
34
41
487
398
486
205
243
70
19
456
265
269
336
96
9
340
204
5
432
425
101
25
489
152
347
302
311
489
411
353
34
463
47
103
456
194
380
248
47
71
285
54
457
304
423
17
477
37
352
78
201
18
395
441
499
172
23
307
496
469
50
190
83
8
455
207
400
471
202
496
203
274
442
397
241
314
427
498
264
461
201
55
412
77
167
153
59
491
463
297
155
141
24
279
346
140
134
208
178
422
322
163
18
333
330
278
227
35
221
329
122
90
331
124
195
499
121
52
432
262
87
306
203
453
305
499
211
460
208
234
459
187
413
481
64
199
11
295
453
205
182
462
470
123
277
2
429
136
309
187
300
264
407
42
405
82
243
3
1
360
246
489
434
417
424
408
7
358
59
79
436
254
304
199
422
67
70
336
419
458
189
160
408
259
381
62
88
349
173
309
272
434
235
72
423
133
58
380
132
261
233
62
469
254
179
477
327
333
483
198
472
166
39
231
366
468
32
116
301
8
225
97
203
357
204
196
31
207
60
242
295
476
51
421
311
355
386
408
29
382
455
252
18
470
492
249
224
174
55
403
292
33
301
95
377
85
381
413
141
75
3
119
269
240
340
382
84
499
83
376
246
228
433
131
470
112
144
36
190
275
397
430
10
449
413
54
239
197
107
470
227
17
181
195
447
250
345
160
154
102
157
450
264
457
151
125
109
312
253
401
300
326
20
28
495
91
312
220
448
280
425
467
189
146
232
99
228
69
392
226
269
424
187
133
296
167
500
370
361
312
271
407
14
81
249
422
208
44
455
439
442
166
248
1
440
271
153
5
156
498
373
102
53
294
253
191
132
356
295
475
432
471
151
19
167
176
291
297
194
450
138
496
109
192
106
452
331
340
127
203
201
397
1
181
230
398
156
460
176
204
72
396
192
168
36
282
405
297
243
113
376
402
272
274
94
303
153
236
334
98
329
314
106
435
32
328
330
265
190
27
33
470
367
481
102
126
45
366
432
458
266
239
205
148
257
84
371
262
304
116
433
435
417
458
36
224
267
293
29
32
295
402
398
50
149
417
164
78
198
474
26
376
84
187
9
449
481
335
496
429
382
85
497
41
11
17
424
464
276
496
484
293
220
389
224
380
393
382
344
318
241
84
188
219
473
497
200
175
426
356
333
351
160
121
149
176
237
47
490
114
97
312
408
74
114
157
241
151
329
214
495
490
223
41
438
234
383
115
31
392
428
14
115
295
419
498
70
212
450
92
152
315
481
275
40
319
264
216
166
215
252
34
6
41
14
298
462
26
490
409
340
417
445
167
272
295
254
123
473
256
350
496
214
29
22
457
384
431
234
366
261
107
47
373
159
159
299
212
387
93
113
301
355
437
191
108
341
83
213
300
487
389
123
467
6
59
201
116
291
9
180
348
385
135
449
329
449
5
382
7
329
71
76
367
325
33
34
226
304
229
259
374
400
453
18
389
50
209
499
428
311
106
333
351
130
1
299
319
234
448
374
470
126
321
360
297
399
346
432
246
438
266
337
151
465
451
113
152
32
354
101
288
62
309
377
441
186
314
488
412
286
296
492
371
475
430
459
283
38
104
440
386
162
206
186
97
67
70
294
4
125
76
264
437
350
358
198
159
250
231
259
155
204
251
475
217
377
251
322
94
81
175
345
238
151
291
341
138
79
169
124
495
432
326
139
64
165
21
43
232
323
196
298
295
206
219
478
195
187
24
287
388
255
242
444
143
437
310
392
41
394
398
133
409
35
206
158
182
17
123
216
433
113
258
109
32
288
191
407
150
265
228
195
345
431
178
464
101
15
470
206
42
228
41
168
40
370
96
383
454
433
435
447
150
374
122
244
206
416
238
425
81
242
56
404
202
103
135
403
87
173
146
326
143
472
45
79
335
471
4
274
44
66
56
400
364
377
377
280
277
94
182
103
329
135
104
174
185
249
466
254
371
10
103
362
299
288
129
320
300
285
320
261
162
210
305
200
349
47
86
312
131
274
12
205
54
373
65
258
376
491
290
124
412
313
338
400
16
360
65
474
51
464
3
285
80
280
257
50
468
229
492
63
54
397
165
182
419
99
282
63
112
32
300
17
470
223
176
276
30
404
431
160
348
87
483
387
99
317
290
120
59
479
108
410
199
224
139
64
50
250
309
159
115
140
385
494
353
221
129
134
242
159
483
177
458
463
418
466
219
394
12
322
170
136
37
376
280
252
83
54
392
208
233
474
314
53
459
309
48
471
399
457
2
265
33
264
75
225
430
416
245
41
80
56
289
81
473
282
203
456
248
430
202
12
22
146
104
403
148
91
120
306
262
422
337
380
157
299
61
105
11
355
194
219
224
54
436
25
6
325
95
466
207
323
454
235
37
142
64
435
168
65
13
38
351
270
353
55
370
346
450
67
277
18
28
313
333
345
152
160
97
429
360
323
23
237
237
404
222
49
168
62
268
104
279
341
229
34
194
232
148
306
170
347
46
274
152
445
196
438
276
328
167
418
469
422
215
235
136
35
208
383
234
14
391
307
26
284
366
143
35
315
176
52
34
274
414
190
322
393
172
403
446
139
479
490
37
119
483
224
237
83
50
54
93
304
128
278
484
418
170
106
429
369
267
192
6
255
63
149
252
302
256
124
390
122
485
257
353
294
451
213
285
403
142
326
453
226
225
363
63
400
362
331
213
271
479
315
229
210
388
348
171
439
308
310
44
255
113
302
299
388
28
322
117
380
455
204
21
479
215
264
29
7
302
128
278
59
390
96
42
4
332
67
455
383
20
237
118
115
255
7
186
102
70
177
84
57
352
42
389
154
437
108
183
233
251
394
278
28
113
349
355
6
146
32
360
175
18
317
13
488
442
496
11
454
22
192
316
195
59
202
370
22
2
167
194
455
86
167
64
32
57
348
499
189
84
489
124
95
249
231
353
337
104
386
199
433
350
40
340
485
52
460
449
304
339
111
23
43
170
202
31
483
227
387
392
182
156
423
214
50
441
17
8
65
214
289
451
289
135
262
149
95
85
212
261
344
199
390
362
28
118
478
88
54
9
317
290
68
217
208
259
269
345
369
333
99
314
49
333
126
84
112
274
312
372
240
248
478
381
500
496
101
49
478
444
137
358
208
363
100
488
299
141
417
241
440
223
325
124
8
243
216
223
265
484
283
246
3
188
372
366
442
32
175
193
90
226
138
315
210
260
214
127
486
111
191
433
464
141
116
84
463
475
113
495
380
290
439
129
140
420
73
35
405
139
160
263
492
115
32
415
329
45
294
241
429
448
395
368
53
346
160
226
192
50
111
499
437
20
476
469
373
411
204
414
129
146
203
76
175
273
439
478
221
9
340
480
363
226
67
3
246
182
207
308
316
32
339
188
130
322
163
40
205
254
308
219
3
302
381
145
55
261
136
15
387
393
332
101
177
22
222
199
370
168
296
453
183
295
123
405
174
300
113
69
217
32
284
348
118
104
4
413
438
259
286
194
186
266
469
318
376
192
15
231
155
182
420
215
361
486
483
368
303
272
316
114
69
310
190
409
92
125
87
139
161
8
478
400
457
116
133
45
156
7
195
189
384
266
92
132
137
224
473
3
42
198
242
277
413
173
398
33
127
308
154
220
193
364
267
40
152
363
478
91
172
310
471
255
433
91
451
361
98
303
439
42
167
450
36
89
318
152
130
163
290
137
411
24
256
247
33
314
460
439
346
356
387
65
372
282
65
354
381
161
120
140
363
59
405
310
115
49
354
168
287
180
395
358
67
115
32
215
163
26
170
46
129
4
154
322
445
436
193
70
97
48
134
41
473
449
251
228
214
59
282
137
373
426
395
29
481
418
326
234
374
290
300
321
344
417
291
306
409
493
419
387
275
396
212
215
485
241
435
110
245
46
206
163
86
387
54
191
17
420
152
37
310
380
302
374
429
325
133
19
84
79
305
417
262
446
360
496
268
212
253
209
316
17
68
426
313
394
435
363
246
66
392
246
180
97
357
264
498
1
421
465
454
257
236
306
336
320
241
83
18
277
422
5
387
251
135
9
478
395
362
212
193
316
444
445
194
123
269
206
104
249
470
322
281
273
22
32
176
392
32
399
384
65
494
364
386
39
450
149
78
139
412
52
254
420
131
16
271
270
370
363
128
486
386
389
368
35
459
225
437
135
422
208
148
449
346
359
311
68
4
329
445
125
445
4
313
450
335
227
450
235
174
495
190
83
291
500
447
498
232
30
356
327
248
437
400
41
69
263
467
312
128
193
154
442
430
181
10
355
110
417
263
417
116
237
204
322
201
442
350
326
321
475
253
433
270
42
457
352
214
274
147
472
224
471
423
490
493
162
92
191
140
490
263
313
369
354
250
452
429
327
428
81
384
273
263
249
318
36
53
82
166
3
216
2
439
355
399
486
438
176
424
421
102
337
413
331
121
356
356
34
287
44
132
333
75
269
470
461
149
239
50
35
333
35
95
405
339
423
174
93
28
119
346
46
203
439
201
127
280
385
405
7
359
296
482
31
407
348
158
395
52
125
375
452
372
316
73
329
170
48
190
171
185
117
382
202
127
471
52
349
303
496
51
437
372
44
181
332
277
14
391
357
186
414
380
36
309
192
288
144
217
192
336
204
184
149
16
327
448
217
352
241
223
25
283
404
387
182
485
342
55
349
197
450
496
54
91
378
170
381
340
232
281
131
225
362
325
255
118
295
111
30
211
359
434
296
109
331
250
9
109
343
235
464
106
160
419
156
397
379
351
336
393
264
451
54
199
295
189
104
335
55
363
490
254
74
459
310
482
6
377
223
22
14
436
204
20
400
175
91
184
16
261
8
495
151
80
159
147
340
185
206
187
76
101
101
4
94
134
399
478
409
86
370
248
245
67
342
309
442
322
492
220
453
371
313
418
294
487
323
52
326
385
25
179
444
322
257
286
214
313
361
270
108
464
267
362
408
159
391
112
445
413
429
89
262
352
240
444
208
296
406
314
345
332
468
401
32
146
22
488
351
131
342
270
135
310
401
445
443
275
166
277
42
318
493
436
146
321
275
460
175
204
436
499
76
382
453
413
110
82
276
356
336
380
156
137
149
176
478
167
481
397
488
109
388
439
374
390
1
34
150
344
464
168
439
207
316
251
53
487
351
438
243
448
155
300
277
204
124
303
407
437
69
346
373
70
418
211
392
109
480
190
223
214
296
402
24
232
364
221
66
145
115
273
363
185
210
85
439
114
20
288
10
120
430
126
167
467
442
161
103
307
50
1
200
39
413
119
433
374
78
84
322
447
30
250
281
437
20
119
277
169
50
495
75
41
493
313
466
191
204
268
358
65
483
37
93
173
466
79
433
39
204
198
472
76
58
2
165
453
152
213
304
474
495
269
225
43
249
263
458
270
136
404
320
363
257
4
41
446
97
365
414
230
398
449
393
268
251
112
96
72
101
198
385
265
118
249
2
210
307
231
461
160
58
385
498
99
176
296
86
7
170
182
367
236
248
130
116
365
362
153
92
13
30
413
452
320
352
89
229
317
429
107
31
383
126
385
160
401
379
445
270
45
358
393
184
364
252
126
48
139
445
97
216
40
243
414
325
226
146
282
103
280
350
276
257
135
477
447
150
120
165
166
283
50
289
120
191
129
219
183
318
473
212
254
248
396
377
234
151
370
112
84
339
64
309
465
118
380
9
256
148
482
438
320
431
35
470
331
133
7
348
312
493
248
186
335
444
28
170
373
87
199
276
449
55
387
450
307
417
420
303
68
147
331
5
445
4
180
221
334
237
102
126
62
470
257
113
151
451
235
332
484
102
366
423
403
398
256
313
468
362
491
414
44
339
396
358
102
14
178
42
321
452
5
23
299
486
249
190
70
127
49
307
281
195
46
22
150
145
449
375
284
388
127
479
388
342
467
263
187
9
381
337
92
366
116
363
54
97
346
71
206
252
63
492
69
121
430
22
90
213
206
34
84
328
270
214
368
256
208
375
264
238
148
32
103
484
266
114
332
255
291
489
185
336
50
180
118
446
42
84
415
294
19
18
448
147
324
498
141
218
293
335
116
438
153
29
376
296
236
157
39
270
247
293
79
16
325
315
311
84
452
165
426
431
494
66
161
307
267
457
341
75
192
229
154
290
286
265
333
318
199
29
207
310
479
25
172
300
134
84
383
199
276
352
494
241
189
354
10
37
367
242
285
245
313
319
2
140
146
43
198
65
379
330
423
293
112
415
256
291
291
82
366
250
239
123
211
460
201
180
106
119
368
439
40
179
447
486
313
50
150
456
43
301
97
293
399
495
10
462
240
108
462
326
299
366
411
420
340
134
326
201
98
170
361
275
151
473
476
72
106
202
246
446
249
490
184
83
315
375
440
244
162
254
333
192
29
358
10
288
408
78
465
420
456
106
435
95
180
87
420
452
127
372
192
94
480
5
481
86
165
93
496
205
427
211
377
131
241
415
300
451
31
36
114
371
207
250
351
138
81
96
245
29
178
368
474
450
433
297
91
290
424
281
80
33
340
356
378
236
257
120
341
396
428
435
126
201
221
373
188
244
179
2
265
184
312
198
320
178
422
410
43
331
40
193
272
273
97
76
217
334
57
230
400
351
272
446
132
91
336
485
402
322
64
324
206
316
281
420
98
360
217
355
491
177
21
196
332
491
337
182
366
255
484
93
223
461
60
14
366
6
255
493
275
344
10
457
464
151
188
29
170
385
350
82
341
358
333
404
140
279
335
97
320
309
300
399
181
239
131
352
141
130
356
33
84
371
107
451
76
225
190
179
400
441
240
338
107
400
352
490
329
326
183
221
436
316
251
345
27
208
380
373
337
115
465
98
482
285
388
369
7
133
454
146
390
412
267
251
134
211
360
394
420
262
228
124
436
83
46
218
292
124
12
343
4
60
371
346
368
410
379
173
397
200
13
411
405
231
22
18
447
433
187
99
213
340
330
237
310
343
494
462
407
59
449
13
158
476
200
338
25
93
372
488
422
77
211
293
349
484
222
408
275
328
339
296
11
282
163
134
397
153
424
138
220
82
316
339
438
236
163
343
123
466
237
397
254
110
424
97
251
338
124
64
112
251
316
74
62
166
46
182
419
381
408
89
39
38
359
201
421
23
127
42
378
290
52
281
223
207
453
328
58
261
368
152
101
409
191
233
23
48
383
173
124
210
462
432
234
33
197
40
15
396
401
259
258
499
404
264
12
230
338
374
280
431
273
177
107
55
165
271
167
298
421
111
153
219
227
44
441
380
267
356
460
370
403
238
8
355
301
495
208
301
85
451
154
158
326
48
205
448
352
461
338
379
235
256
357
137
351
298
286
134
286
256
242
319
414
409
358
35
209
337
37
440
483
87
435
378
179
57
173
55
140
478
417
314
335
156
384
276
158
243
63
31
412
220
256
460
313
184
7
361
69
213
417
3
392
499
247
176
149
201
166
323
124
241
489
160
20
147
213
152
104
51
21
350
435
16
275
325
101
190
410
115
16
11
214
293
366
174
401
298
380
288
467
359
291
379
66
13
55
136
109
333
309
214
122
224
19
84
429
284
329
325
351
94
379
406
402
42
105
386
245
12
90
156
498
109
136
385
59
277
403
211
473
334
71
70
461
466
471
206
318
370
249
321
339
144
425
162
414
473
413
112
168
473
270
463
287
247
23
191
259
189
110
413
65
83
388
93
443
249
327
2
136
161
124
338
209
103
485
241
233
219
245
54
172
26
409
424
475
114
481
420
42
201
417
278
318
415
152
193
384
175
29
100
60
50
259
349
237
359
250
305
1
332
18
198
311
100
167
454
78
427
161
26
454
317
17
487
96
70
438
218
164
374
59
70
107
407
328
377
408
365
495
61
256
499
356
256
98
129
255
254
460
357
69
419
120
258
184
500
379
493
360
479
127
202
50
433
322
411
66
425
377
204
302
132
444
25
198
454
401
292
487
91
92
175
206
77
305
174
242
188
2
227
295
338
391
8
182
443
68
433
140
473
152
465
247
20
13
270
448
454
88
363
47
433
241
397
35
110
420
324
394
45
446
252
109
44
12
107
151
366
415
253
395
395
243
25
236
121
177
139
320
102
2
406
249
336
26
30
189
485
359
37
169
163
452
211
234
322
366
71
108
380
20
478
83
141
187
438
315
33
460
179
38
61
202
192
394
411
399
321
409
291
97
170
176
306
445
58
398
32
131
61
482
235
186
357
134
369
27
329
43
220
104
158
82
236
55
60
256
488
270
274
356
161
467
130
103
11
428
425
353
303
257
405
328
155
13
294
17
465
205
85
99
472
13
110
470
9
236
2
23
237
22
153
356
456
289
329
203
470
127
361
216
151
63
287
371
352
78
162
349
53
274
114
450
407
407
280
267
35
349
354
382
231
15
282
435
68
304
158
136
256
489
451
257
478
17
410
165
156
29
129
157
49
92
454
360
285
400
289
126
500
392
485
403
373
229
104
222
13
67
366
244
424
277
240
78
312
493
454
66
226
90
321
284
403
377
139
53
478
235
290
59
387
345
394
470
276
214
113
381
373
297
439
302
266
108
306
62
442
54
20
112
386
158
67
93
118
453
354
47
28
305
317
479
276
152
300
356
467
362
319
20
180
348
127
117
179
107
157
49
110
471
415
119
431
395
483
446
385
277
283
249
163
33
249
450
499
71
18
85
309
277
102
306
346
472
327
44
261
461
38
299
289
344
291
314
350
205
369
205
317
403
443
51
112
36
360
240
207
89
180
28
421
8
190
22
243
94
218
116
47
492
165
117
424
474
493
438
254
419
77
33
456
354
441
434
340
219
495
373
406
127
8
12
283
283
189
92
241
200
331
491
418
489
140
459
461
116
237
250
60
276
121
476
68
335
281
195
10
94
437
40
50
386
390
485
234
267
479
290
372
449
347
164
243
437
44
90
144
121
111
341
271
284
361
244
156
182
224
500
260
361
399
151
291
155
162
454
365
323
240
245
490
206
88
141
79
147
468
385
364
119
148
11
213
336
52
120
473
67
267
368
260
60
202
439
43
437
376
265
319
404
58
347
80
311
79
307
463
240
330
100
306
143
465
382
212
496
225
478
250
409
21
153
391
109
7
226
266
166
199
223
7
357
385
471
425
103
387
303
452
200
467
475
7
395
419
91
268
378
81
480
68
427
425
489
296
41
149
345
441
196
313
36
92
163
493
286
31
158
189
181
437
34
448
181
109
331
203
430
111
234
185
475
137
387
303
150
101
478
69
329
189
75
59
364
4
27
29
180
321
310
8
441
79
237
446
68
209
71
69
365
316
210
338
447
392
471
304
430
134
334
109
374
373
292
69
56
412
310
346
317
188
202
343
2
500
116
110
236
170
443
169
164
482
498
32
177
50
213
219
417
446
27
134
218
39
34
193
173
223
297
76
310
26
77
283
73
117
339
495
88
216
41
417
83
406
340
179
406
82
84
91
484
225
199
382
234
459
145
307
176
417
187
463
299
400
332
384
263
286
52
332
495
328
294
342
391
213
12
197
168
215
347
313
282
387
393
170
159
20
346
154
313
133
120
373
132
180
224
491
466
444
161
292
460
74
151
192
82
143
21
384
327
188
156
39
333
220
383
264
343
28
266
182
373
281
16
198
363
153
352
112
298
267
136
176
406
435
186
173
278
457
342
192
165
448
115
416
389
423
338
8
4
38
118
456
427
305
422
323
347
32
490
202
102
128
26
84
453
487
305
160
261
397
165
149
24
313
2
340
131
472
58
32
296
364
471
300
139
31
82
147
316
20
405
397
264
357
337
54
123
2
417
13
31
409
252
458
477
137
172
383
310
160
34
14
165
243
266
417
360
127
15
153
132
485
72
432
478
250
379
114
364
103
413
368
236
122
480
105
138
148
442
342
39
206
55
318
460
399
82
224
166
194
186
361
375
361
386
83
107
115
245
134
10
331
335
433
361
29
205
257
63
203
321
411
177
87
454
154
132
440
177
41
140
349
484
442
393
109
430
231
478
263
300
94
445
28
293
288
297
373
352
4
439
498
213
449
214
400
416
87
53
88
304
339
200
26
420
5
432
193
429
45
23
171
429
419
381
29
207
438
486
215
209
487
491
190
94
134
17
70
215
412
204
37
115
439
405
66
361
17
93
183
264
452
101
197
300
441
48
344
454
290
339
143
334
71
436
322
214
308
291
129
313
353
230
390
196
69
426
108
397
372
432
383
327
386
116
81
494
197
491
370
272
283
297
372
272
320
276
340
176
256
35
403
61
475
388
86
447
86
324
402
86
483
127
412
482
371
408
193
5
11
333
181
307
471
397
122
223
322
153
63
430
75
51
82
383
113
363
402
53
191
399
218
1
165
78
194
328
327
327
17
44
442
231
300
410
400
402
329
388
413
332
83
125
136
327
295
189
144
265
489
158
488
491
207
439
407
274
395
315
222
96
83
89
317
353
81
15
429
314
369
453
118
104
389
458
104
284
232
265
129
406
308
132
4
366
463
398
132
219
467
164
146
484
399
41
385
162
224
25
240
52
266
262
490
51
129
129
290
195
225
490
166
202
328
139
476
234
438
120
122
275
317
264
151
54
102
442
477
332
427
382
398
444
130
71
467
303
43
22
131
156
482
217
16
128
365
67
219
281
211
459
87
163
364
237
397
279
389
348
247
54
9
441
186
80
465
301
69
125
73
500
475
412
480
412
491
386
402
273
219
358
207
159
151
252
2
439
119
265
75
426
71
353
308
153
5
386
118
281
455
91
495
489
214
295
480
387
256
364
58
93
439
186
40
35
125
451
77
98
287
178
368
104
91
106
188
238
297
458
171
282
438
143
16
363
240
308
39
268
381
375
6
94
244
278
337
497
499
451
360
108
311
441
210
409
165
463
399
15
351
364
53
210
210
93
461
102
236
2
340
327
191
125
410
479
321
480
60
255
104
219
193
345
497
245
279
393
439
21
49
262
189
241
216
47
65
342
440
207
332
374
484
385
62
280
90
112
78
238
109
166
199
120
131
7
122
123
12
16
209
72
396
184
69
26
158
437
353
251
22
153
176
204
456
38
64
203
179
161
391
123
389
178
265
344
108
119
251
80
81
57
241
222
279
94
223
195
366
470
138
158
167
231
478
104
37
366
245
139
213
409
321
1
30
121
340
490
286
382
79
182
84
307
274
17
369
414
411
390
375
344
441
398
275
107
38
362
173
58
214
201
195
248
133
338
495
192
12
177
361
337
28
301
9
114
466
101
25
184
37
424
156
64
419
376
307
219
2
217
109
498
197
10
100
51
407
388
82
485
201
88
488
403
78
207
126
428
425
445
212
101
330
341
63
426
339
381
317
108
289
330
250
110
245
197
124
492
75
60
275
379
209
449
492
298
168
27
76
79
402
300
2
79
428
215
11
441
354
387
69
260
322
167
65
225
460
139
145
69
157
5
362
90
360
180
194
256
480
61
442
372
293
360
449
185
107
168
100
151
130
135
150
95
500
343
195
76
24
126
114
321
405
34
106
462
434
406
146
79
111
332
280
168
39
345
407
172
127
387
298
90
262
40
480
226
146
20
255
24
402
364
79
287
369
226
314
64
2
187
256
472
92
121
246
324
449
183
329
323
266
29
319
437
108
498
270
187
105
419
228
128
42
356
226
498
479
138
229
280
353
462
139
384
63
269
462
492
449
445
329
425
158
170
286
256
288
329
140
198
96
161
192
119
315
48
80
28
36
458
15
467
106
372
438
5
170
472
200
279
5
63
85
94
429
434
391
335
482
69
192
371
464
384
373
250
472
306
366
44
457
405
267
426
298
265
138
498
144
302
149
348
335
136
308
4
255
41
471
491
347
36
325
242
257
137
399
127
181
180
350
150
473
202
473
253
177
238
76
367
269
154
264
30
185
357
335
265
132
381
43
132
287
296
254
138
49
50
180
424
5
227
489
173
193
260
334
167
409
496
413
75
152
313
134
146
140
76
145
287
380
53
292
43
305
141
268
319
183
271
42
460
400
224
21
438
118
205
106
23
34
199
213
230
411
386
108
429
244
240
404
173
189
263
259
279
425
183
182
263
133
28
426
35
379
268
458
14
479
465
146
148
44
488
427
223
231
25
84
462
197
82
7
352
196
5
376
40
204
252
458
402
259
278
57
104
61
297
106
488
139
489
235
164
24
99
171
89
348
356
74
454
287
48
465
13
298
335
185
331
116
483
326
163
15
423
203
485
335
390
283
409
179
161
321
85
472
434
265
349
413
56
138
98
151
216
486
447
49
93
365
422
73
21
77
320
305
496
221
184
268
360
95
435
264
405
371
111
415
453
190
190
276
452
255
375
66
231
38
66
405
229
206
221
285
64
260
62
440
342
248
197
448
226
155
358
303
328
271
3
47
102
390
139
258
222
348
266
465
238
24
413
331
429
137
236
202
167
404
441
223
15
430
176
154
136
228
299
477
200
473
433
151
163
82
205
308
323
336
360
86
165
480
453
263
390
419
452
265
292
474
284
462
301
245
136
88
320
370
140
12
321
347
167
273
475
199
97
330
236
205
434
474
478
71
423
3
104
40
252
234
486
72
451
324
199
115
350
369
151
383
352
307
382
493
243
58
285
427
172
336
316
434
46
458
148
407
324
436
128
398
11
362
105
3
459
257
310
174
421
354
97
7
223
313
119
141
405
465
448
356
337
115
70
61
458
355
18
306
229
191
132
31
154
277
151
482
258
5
367
385
150
483
490
308
453
487
261
148
384
282
344
188
300
353
65
450
222
481
406
108
154
262
72
355
260
306
103
308
128
14
278
268
39
291
131
141
120
149
59
460
179
76
422
477
374
215
361
412
362
363
481
167
253
116
71
143
227
192
189
122
52
328
195
166
113
111
320
171
326
3
98
161
314
50
436
373
348
465
118
68
43
64
70
448
416
364
351
408
244
115
454
190
36
199
135
412
408
391
198
297
317
302
493
247
56
485
180
369
299
100
263
199
72
405
74
498
235
114
275
399
303
451
303
73
35
389
248
17
310
194
52
358
319
358
86
176
292
265
188
322
73
19
331
85
333
389
340
46
478
372
339
326
12
245
377
354
285
365
136
471
416
85
491
266
232
15
451
258
267
352
86
152
236
157
458
393
18
444
292
62
456
21
469
102
167
299
434
415
318
96
287
274
210
344
315
95
292
63
369
230
280
335
417
76
9
420
138
394
297
315
42
408
214
64
125
395
446
324
281
252
390
242
437
69
3
274
248
62
154
58
326
374
363
189
487
129
426
417
496
105
208
320
266
154
358
13
472
414
54
346
149
373
144
314
282
118
360
153
206
332
65
243
435
200
161
475
477
159
50
128
104
481
138
482
124
175
263
476
442
39
218
193
156
347
264
442
231
69
27
294
483
389
284
387
373
36
328
2
202
152
451
468
337
246
162
438
499
240
113
346
78
234
267
178
8
313
276
117
363
470
444
197
140
351
449
254
198
199
262
150
345
305
246
216
256
324
90
344
268
305
4
176
346
402
215
283
99
83
362
271
15
26
490
181
256
225
71
9
189
50
352
79
20
344
255
215
234
14
472
186
286
366
117
364
200
441
313
313
329
162
65
182
458
99
98
237
93
118
84
111
451
83
84
108
417
472
209
75
116
85
177
464
409
409
477
70
83
18
401
115
421
33
384
10
370
234
469
469
108
246
494
275
373
146
406
245
185
221
303
485
368
18
37
379
103
153
93
415
352
390
93
441
251
434
456
161
480
267
393
9
151
289
309
3
239
184
287
380
426
413
314
330
251
409
179
351
237
363
186
35
129
498
5
358
199
100
305
289
270
442
397
268
373
299
396
339
498
334
358
102
126
431
135
134
244
387
80
352
489
198
19
392
206
472
289
104
50
285
405
409
397
111
358
439
436
388
221
439
337
123
198
413
357
322
433
459
498
251
243
288
456
488
330
133
18
130
375
69
105
7
168
27
385
457
319
478
58
119
196
336
93
330
486
383
322
315
441
161
343
254
70
147
319
445
386
499
408
384
70
311
92
8
456
242
110
236
374
168
450
24
493
389
269
256
68
381
11
255
164
471
33
104
473
442
478
92
230
299
389
59
39
71
27
410
427
10
361
39
116
30
22
23
281
349
81
55
194
220
338
159
395
299
194
31
126
249
159
399
205
172
167
322
137
498
500
210
232
466
141
118
405
34
86
361
490
448
229
213
223
313
108
389
323
484
296
27
211
455
328
235
461
381
227
441
148
47
310
294
476
75
16
74
226
71
354
11
30
498
70
133
324
369
252
144
232
294
119
10
324
73
422
395
264
462
333
107
365
65
192
453
152
285
303
383
268
288
315
133
81
307
218
475
173
183
349
454
156
438
79
283
15
11
176
40
155
180
407
444
302
181
182
174
316
345
50
487
395
210
198
173
89
200
27
226
337
121
151
174
218
122
481
338
143
364
260
158
453
161
222
158
376
446
21
236
415
184
189
82
292
421
436
156
441
44
369
280
241
201
446
370
80
108
233
161
476
18
421
106
499
255
276
308
64
114
275
474
482
283
41
386
208
408
160
344
290
458
199
41
407
359
241
35
294
120
461
201
333
7
322
50
38
253
381
416
497
465
424
187
53
69
405
289
170
335
155
207
308
111
469
117
50
174
121
354
441
284
231
64
395
280
95
154
24
26
241
166
263
229
494
85
236
54
360
442
473
312
129
108
409
500
408
44
492
439
189
359
449
41
338
254
368
411
467
94
210
197
262
475
71
70
9
96
177
19
76
283
325
443
458
262
164
311
226
251
91
262
225
2
476
454
491
239
337
199
181
451
4
355
455
271
242
303
129
331
328
443
240
130
289
89
285
121
150
56
384
423
62
415
83
406
427
465
231
285
489
433
127
389
28
311
148
356
351
189
437
249
154
470
485
30
188
16
76
307
380
164
57
88
426
409
52
128
233
411
142
329
344
5
196
302
77
143
62
188
438
220
454
36
215
329
431
484
130
246
399
307
194
219
109
363
240
248
353
157
162
273
214
15
112
408
306
498
351
436
484
262
329
427
8
314
63
361
48
222
93
26
279
79
238
77
235
437
213
126
267
285
145
359
139
410
198
356
133
348
113
310
358
198
237
421
29
460
303
132
263
80
261
482
229
238
178
382
353
247
63
420
462
30
30
47
185
248
66
428
290
301
331
302
466
93
66
481
153
364
450
131
19
382
333
188
104
376
162
388
49
235
42
40
303
202
260
232
222
409
347
262
257
24
282
172
14
223
154
248
331
426
238
449
208
323
373
85
433
416
394
78
315
317
399
447
51
155
280
444
349
450
351
104
14
101
428
121
133
111
483
107
162
193
324
420
45
377
176
56
471
147
13
236
413
182
340
11
8
242
439
56
283
459
264
92
132
488
382
427
83
469
64
319
252
225
468
163
59
464
50
79
253
305
269
495
77
442
27
249
278
104
482
256
137
42
50
330
41
323
436
319
251
379
254
198
290
132
179
441
203
297
480
33
254
113
484
431
420
461
408
289
68
62
218
492
199
258
41
273
6
478
10
304
243
330
340
381
9
356
99
441
32
237
200
45
434
157
445
328
201
106
128
465
233
465
281
390
390
60
497
371
66
492
214
103
497
134
280
342
166
394
425
190
243
219
104
221
261
479
450
346
278
204
381
180
201
173
155
457
310
436
78
357
18
155
190
399
357
199
92
269
43
220
335
229
375
236
63
364
282
315
344
407
98
324
173
483
165
265
372
333
328
478
53
489
107
264
167
486
280
449
237
435
333
97
361
187
255
50
480
314
293
143
16
107
229
413
475
255
398
91
352
500
35
120
34
16
252
136
329
405
242
370
115
295
484
99
424
479
228
161
323
372
153
330
31
402
2
17
365
222
279
246
31
71
455
116
331
180
440
114
154
16
263
362
116
30
8
43
227
207
456
386
320
296
117
336
203
268
43
45
101
223
423
113
120
327
91
79
278
284
144
436
363
254
317
268
408
172
440
79
481
398
431
424
303
173
239
458
24
147
127
356
85
488
307
147
36
87
210
1
8
272
99
248
344
439
409
452
333
227
443
310
474
343
235
76
326
209
404
179
65
98
417
458
455
484
301
475
33
169
223
20
305
101
12
69
493
117
423
348
26
423
83
294
314
459
99
134
84
103
202
496
408
329
31
454
78
153
251
366
485
139
281
240
312
51
365
340
275
218
389
235
26
426
262
130
432
400
449
165
368
191
326
10
120
190
418
263
321
99
479
217
40
399
497
488
27
485
240
407
409
46
94
435
411
490
365
435
344
143
466
28
345
248
158
130
112
341
357
233
409
5
244
121
205
313
136
242
167
139
280
474
109
168
367
477
189
351
436
191
200
487
496
54
414
145
170
13
157
97
478
439
203
461
8
436
409
246
396
325
38
378
136
149
105
211
480
450
69
384
370
38
249
369
211
234
9
463
449
66
256
67
109
360
344
85
308
89
119
218
444
443
498
490
493
348
407
171
273
307
304
314
70
55
352
250
272
283
62
467
186
126
149
180
397
157
483
65
142
212
337
319
213
421
52
99
346
9
385
440
174
188
352
243
115
122
260
400
300
419
96
375
17
198
39
487
96
494
379
78
23
104
127
210
193
20
373
493
282
176
257
122
55
193
461
331
315
102
120
19
302
78
120
63
472
81
185
307
145
267
341
371
195
318
93
224
492
340
494
303
425
429
117
361
143
434
44
198
496
437
451
262
312
182
471
1
317
134
170
383
303
6
226
167
480
416
458
203
102
302
357
461
410
311
336
418
130
235
144
418
349
88
359
274
226
21
5
125
384
285
5
159
28
198
236
313
264
359
165
379
437
323
171
185
115
160
326
153
40
240
316
487
301
303
183
92
310
301
135
210
260
252
77
211
141
141
108
446
118
303
235
5
387
109
433
422
414
201
151
30
169
76
41
380
391
92
228
135
201
359
132
79
405
272
7
49
189
446
328
23
255
434
459
89
69
106
41
470
67
149
60
267
223
275
355
270
328
288
60
370
67
461
487
353
426
500
491
470
169
267
82
311
190
283
23
21
152
13
247
30
413
206
124
349
255
213
348
73
283
55
323
320
426
193
238
37
334
317
