76
356
140
58
170
301
188
8
298
499
164
381
86
292
63
401
172
446
248
486
145
295
323
139
385
274
187
151
107
75
187
283
38
156
405
128
120
394
91
287
388
347
61
104
186
420
439
53
104
436
202
179
394
235
148
439
230
475
261
3
323
256
230
73
392
196
328
77
12
221
143
7
169
386
74
231
318
12
435
241
179
155
444
136
338
373
101
265
402
16
149
420
229
232
42
189
205
444
12
242
110
435
357
135
11
320
328
467
256
24
458
349
284
366
116
271
49
414
327
396
444
95
192
162
499
306
337
393
462
152
210
238
129
424
25
484
114
175
241
189
111
245
199
207
7
110
258
279
494
93
495
174
183
110
317
261
324
359
252
350
210
39
289
282
295
15
122
154
28
463
201
44
498
330
226
169
30
157
318
106
270
205
224
443
484
410
338
267
151
68
64
457
295
399
79
368
118
406
380
427
255
370
283
343
478
4
297
320
415
243
142
34
166
482
270
382
140
337
18
122
354
90
187
336
8
145
216
135
337
303
282
239
322
102
493
344
91
381
180
179
106
137
33
374
425
479
158
155
280
194
121
134
304
405
471
217
496
409
341
354
87
120
390
271
432
305
237
149
148
392
169
419
345
439
399
480
328
104
267
43
149
307
24
108
136
414
385
457
499
473
137
372
499
246
55
216
464
367
236
311
199
129
54
424
388
138
101
350
194
365
28
263
421
43
41
385
72
447
292
74
340
378
414
420
221
245
189
170
172
192
217
297
307
429
390
440
425
180
60
226
206
350
132
336
406
462
474
59
476
305
226
65
181
168
454
445
414
442
114
317
135
293
82
89
231
44
15
431
476
490
448
275
293
279
378
132
355
140
111
163
407
84
401
272
283
178
205
40
455
176
127
349
362
469
332
343
133
215
387
269
431
285
200
271
165
37
330
104
379
331
324
208
209
263
163
470
404
454
323
6
139
352
39
61
82
467
396
80
432
113
19
246
280
258
104
213
344
234
242
464
26
51
16
204
289
69
399
100
92
421
396
467
495
499
20
290
86
169
384
47
473
247
216
489
455
443
26
51
68
432
488
449
378
326
139
210
386
113
22
342
329
19
90
31
23
231
202
162
269
426
469
49
144
347
6
411
171
412
376
107
69
147
72
463
278
457
172
267
470
13
492
485
102
289
39
286
378
302
3
275
449
438
17
145
382
296
422
393
250
494
153
324
476
236
122
77
392
346
122
141
9
319
339
181
390
414
297
51
1
142
263
23
249
91
202
114
79
246
216
145
443
494
41
81
497
259
428
221
183
60
298
249
404
431
46
43
26
224
460
415
397
478
294
451
454
112
314
149
266
402
47
42
94
472
266
394
162
321
184
155
423
40
83
473
12
282
204
485
194
156
220
317
224
229
105
366
16
411
324
45
204
386
76
219
69
355
371
29
311
86
162
490
492
451
290
266
426
342
141
444
95
476
305
427
48
123
339
498
11
491
238
237
220
46
88
394
423
471
413
214
409
236
77
47
88
489
245
279
236
451
487
128
328
415
168
175
320
357
39
340
303
409
189
477
54
293
150
195
251
42
194
479
185
316
378
188
107
70
214
297
143
229
113
410
143
138
379
462
333
225
215
125
104
192
225
71
94
165
288
301
191
197
147
91
376
124
470
85
170
175
272
158
34
113
385
234
117
427
37
95
191
164
489
484
433
159
201
112
180
197
293
392
257
218
85
399
210
236
289
217
12
44
343
303
106
73
312
487
108
169
98
337
321
112
486
452
339
429
325
101
41
343
297
87
331
239
351
335
315
277
463
389
299
13
112
154
476
236
329
370
95
404
55
358
178
69
71
312
173
481
282
253
387
409
44
442
178
271
231
79
243
492
386
84
407
247
184
31
136
428
205
151
310
216
206
244
254
397
372
47
454
464
1
185
96
387
45
83
448
203
201
212
99
478
317
391
320
130
21
482
304
416
264
138
480
398
284
154
488
58
26
152
419
60
248
264
178
210
91
344
244
442
80
246
69
148
492
402
223
365
315
213
288
223
411
262
31
280
176
304
150
497
183
122
310
222
335
240
354
183
480
230
16
288
115
432
353
461
39
42
138
495
465
247
385
239
138
263
143
88
424
90
8
238
71
227
171
107
49
352
87
281
429
54
306
203
124
470
112
27
288
215
69
494
334
303
360
161
456
323
41
476
106
374
36
389
354
159
89
395
253
2
467
384
212
414
98
81
176
427
73
373
488
374
260
131
27
6
228
266
48
295
369
188
342
59
46
325
110
97
75
369
203
185
137
96
19
366
27
96
156
315
460
304
82
269
177
73
470
65
145
287
403
52
421
198
164
139
136
70
52
307
276
17
97
319
89
27
270
41
408
65
237
485
175
90
261
243
36
180
354
317
464
93
279
19
311
95
413
255
328
212
173
483
399
251
182
275
109
312
411
464
188
493
193
493
109
111
81
255
480
375
223
26
364
408
258
198
443
143
245
252
334
132
273
419
202
122
204
364
417
426
90
416
12
102
271
15
221
60
253
446
485
24
4
496
72
390
453
451
202
210
87
462
265
110
106
140
139
134
228
361
403
492
205
85
433
201
108
46
277
259
217
68
28
248
480
279
425
322
239
500
77
357
440
409
443
10
347
254
219
84
350
222
219
199
234
422
197
391
309
57
400
356
459
275
443
449
483
418
497
92
107
262
293
255
30
498
391
425
286
455
221
405
210
95
275
344
14
438
134
70
274
457
491
256
213
20
345
226
497
351
217
288
495
248
271
368
318
212
388
172
29
385
131
293
380
460
104
25
149
404
250
379
497
407
268
278
145
71
357
260
143
335
427
403
133
431
181
500
459
36
174
196
341
384
219
13
70
293
430
366
85
205
127
135
448
271
415
403
108
475
306
425
360
455
217
267
444
455
187
216
287
296
150
168
207
463
182
97
8
28
386
145
475
9
14
367
488
412
313
212
225
150
65
273
242
51
175
472
345
328
295
246
484
267
465
459
376
276
498
111
168
370
31
345
64
371
232
83
487
94
39
269
441
167
4
203
99
453
98
227
351
288
258
348
118
73
244
391
324
380
128
15
289
131
301
414
141
477
423
422
234
29
422
2
477
97
330
84
93
238
394
349
16
431
160
248
368
351
128
412
285
196
37
152
450
314
382
133
309
219
426
98
475
338
178
156
267
273
191
71
178
56
290
11
30
246
231
31
383
72
486
266
447
13
15
144
296
63
449
244
431
268
266
262
314
414
68
454
384
492
32
36
70
403
350
453
230
433
389
240
331
256
185
46
55
428
370
176
31
482
325
81
481
111
310
56
142
105
212
226
457
430
20
184
70
340
491
157
292
195
421
235
254
54
429
9
163
233
165
403
344
110
388
301
227
373
339
152
84
56
430
246
26
349
481
23
135
172
483
234
141
199
495
134
335
496
69
257
240
460
434
386
283
203
47
413
4
388
221
222
71
73
128
472
472
301
209
1
100
160
391
144
212
87
491
393
21
254
47
365
202
130
443
319
152
68
428
471
437
322
199
67
108
221
406
173
435
337
222
156
50
404
157
110
490
403
351
376
390
190
142
50
233
294
110
291
212
341
391
180
57
350
325
287
164
342
111
80
330
225
364
226
384
53
449
25
25
366
67
365
402
277
407
407
50
314
344
307
9
293
106
498
269
153
398
1
336
341
25
101
30
404
426
98
385
326
215
238
456
108
287
215
460
217
462
360
495
390
112
493
293
334
257
447
239
463
302
459
174
87
67
395
29
186
225
98
298
438
448
326
176
498
399
62
113
393
180
100
454
334
82
40
83
265
283
323
314
317
347
254
276
432
107
115
303
18
253
134
51
6
301
172
166
241
416
255
281
462
88
210
297
197
9
353
199
367
367
249
201
489
261
89
83
154
62
220
349
60
32
293
214
480
231
239
92
479
173
212
316
255
128
147
415
175
48
472
133
201
52
361
160
101
6
350
383
344
125
278
227
287
1
67
29
387
174
255
26
359
67
304
94
241
278
401
295
135
261
148
36
253
382
1
360
47
192
468
32
98
488
238
146
481
397
414
131
361
371
174
143
127
255
143
136
49
248
156
327
59
484
406
377
172
430
401
272
56
466
150
203
344
437
370
209
124
331
207
94
402
282
200
256
102
160
337
387
68
75
475
111
358
415
179
312
481
487
83
459
500
255
130
221
418
244
496
494
345
75
58
281
159
302
159
23
52
469
449
3
494
155
429
284
454
330
267
457
289
318
285
324
293
482
267
389
26
471
109
270
304
109
135
366
61
418
21
135
241
9
300
162
421
448
215
11
77
137
67
302
243
199
285
86
422
116
401
282
433
43
254
288
210
314
155
65
34
305
220
493
457
106
79
187
294
397
231
296
86
474
130
166
467
431
12
321
245
449
396
431
232
107
235
385
407
40
135
99
323
327
172
384
87
147
310
285
72
15
165
366
457
471
9
231
105
273
422
452
420
4
499
61
339
115
30
467
413
77
215
16
55
108
238
415
252
88
422
432
176
342
259
188
241
495
18
328
172
366
432
340
322
167
461
416
239
255
286
434
252
381
442
432
350
383
373
161
174
294
363
371
219
369
209
413
268
109
212
101
120
377
352
434
412
41
247
479
196
173
203
91
337
146
399
420
385
357
260
455
249
439
139
52
352
56
229
377
261
467
104
211
95
462
297
423
90
374
458
217
387
404
480
446
30
185
245
465
416
256
104
250
53
461
36
158
39
450
362
484
442
137
107
200
247
62
143
356
103
357
159
490
194
275
38
23
202
434
138
437
228
206
147
220
318
387
308
170
41
358
137
402
485
180
72
332
84
72
137
64
28
64
373
78
306
79
447
96
140
301
486
95
32
219
182
232
444
291
324
94
443
199
179
479
263
75
233
364
24
160
91
153
354
382
160
206
139
262
111
333
27
298
145
429
483
142
151
13
343
332
186
134
175
382
411
433
254
462
77
324
115
390
260
134
159
123
306
4
16
135
414
154
97
377
281
244
356
85
77
191
11
149
10
195
237
168
22
334
273
210
10
135
374
24
72
374
176
129
361
15
269
321
229
480
66
433
41
265
269
286
143
229
321
429
385
109
237
251
121
348
437
144
50
107
284
145
355
255
376
46
310
73
87
376
42
304
26
399
89
77
186
41
451
338
287
158
289
270
412
113
178
324
126
419
398
250
173
224
423
125
393
494
370
381
227
179
43
262
114
463
222
133
157
178
55
280
238
29
302
150
22
235
159
403
167
413
46
47
414
394
464
478
484
46
491
186
245
452
287
305
43
379
416
416
500
296
307
325
246
331
254
78
103
362
439
120
181
264
301
288
462
331
450
417
135
448
305
145
421
365
44
321
219
268
239
52
156
123
176
219
228
312
118
262
28
431
405
492
125
214
243
233
74
1
363
248
395
6
174
173
328
240
170
380
5
432
122
312
356
491
454
211
355
203
500
34
36
281
347
252
354
299
268
487
322
212
65
246
218
71
318
238
116
490
294
75
25
482
125
190
190
257
483
474
119
478
455
341
275
468
244
269
350
406
429
463
316
240
19
364
273
375
27
32
31
348
111
447
302
435
109
77
390
372
96
368
169
424
245
84
231
230
279
462
482
406
293
475
407
479
404
373
474
346
366
354
190
314
216
202
265
384
124
206
250
430
163
329
375
34
77
293
69
357
259
17
170
419
199
485
427
249
84
11
13
113
359
395
104
350
114
317
25
450
379
104
2
312
309
61
60
16
87
432
464
499
45
75
215
8
2
200
415
211
496
352
424
188
307
332
368
102
33
206
261
175
338
248
183
453
28
434
129
484
500
403
159
403
37
107
339
248
489
298
245
243
61
354
344
286
283
387
293
232
248
7
451
471
389
446
134
118
88
218
452
365
37
140
140
230
401
136
110
371
339
414
5
348
18
445
313
139
62
163
9
265
80
435
282
445
343
95
429
130
429
149
67
90
462
204
199
211
430
48
207
477
278
260
79
436
341
37
149
206
452
180
259
140
421
327
246
314
370
29
243
438
290
457
261
500
22
308
299
225
280
297
23
270
213
311
61
86
323
449
371
271
114
496
357
347
34
299
115
198
134
412
182
114
73
436
313
330
381
94
319
395
117
109
290
369
26
24
429
449
267
130
395
206
90
337
144
288
282
92
261
271
421
51
219
354
173
105
93
434
442
68
491
286
416
49
13
180
447
464
394
452
485
18
190
43
137
360
431
222
83
371
326
444
377
172
201
181
383
271
228
430
323
164
343
17
326
407
377
134
486
346
368
43
475
77
220
398
103
24
402
386
7
387
337
302
109
163
467
178
153
7
357
408
108
292
15
86
255
438
471
237
196
225
92
344
317
449
122
493
3
100
17
402
355
196
280
311
309
353
251
402
358
104
383
268
342
472
363
128
443
266
298
49
443
463
385
324
394
379
137
217
37
205
388
461
411
184
96
362
278
66
127
47
52
187
473
63
119
106
195
102
454
108
299
144
207
356
171
44
144
224
431
340
255
441
352
244
239
266
73
493
123
263
255
66
243
362
51
68
207
224
192
472
175
221
473
174
422
147
434
433
376
242
211
392
406
86
284
175
66
434
483
350
337
69
211
409
28
477
302
375
314
326
103
168
43
51
275
273
439
444
20
329
280
377
75
24
174
78
66
301
350
81
124
287
299
206
414
378
378
17
314
453
263
30
94
61
134
81
373
463
208
84
184
171
196
110
22
473
182
419
64
47
138
250
292
114
36
429
322
145
99
415
277
213
154
204
7
3
107
145
257
120
322
488
12
377
373
145
70
113
228
231
465
444
259
452
337
75
461
464
331
192
129
64
434
347
116
233
54
417
7
117
477
256
459
66
379
313
193
324
6
304
38
137
411
449
242
223
108
414
56
337
35
355
183
3
372
444
324
361
364
12
156
448
385
148
113
71
388
54
450
20
352
424
161
429
253
277
223
295
483
28
62
449
446
47
367
461
112
441
401
130
339
391
83
355
202
480
42
194
420
277
460
282
52
216
13
84
73
500
407
298
76
215
54
241
208
436
35
116
206
134
420
175
347
334
173
442
494
437
466
360
110
165
497
280
187
278
178
80
279
185
147
382
69
99
59
327
306
43
121
274
148
359
382
245
106
109
262
277
21
244
103
353
115
313
247
150
464
130
453
216
157
368
375
163
477
275
475
319
36
17
496
233
326
295
440
260
87
75
42
306
241
296
353
247
496
97
427
101
35
150
186
238
65
137
300
424
280
131
35
498
202
281
441
451
409
66
329
201
106
2
395
431
334
91
157
23
287
143
56
216
388
128
414
163
416
103
90
253
325
305
332
466
374
292
44
93
19
190
264
263
147
140
131
296
336
404
426
442
415
186
344
25
78
310
476
462
36
272
10
406
108
419
36
449
269
366
309
492
199
497
143
45
1
133
299
236
354
294
246
469
205
101
160
175
347
6
81
76
93
132
237
436
147
175
235
6
153
89
337
183
85
158
468
49
122
109
103
178
424
19
163
138
179
327
305
256
470
147
220
341
473
47
149
417
82
232
340
307
386
108
424
122
176
405
221
132
253
354
25
301
418
168
318
387
490
124
347
63
136
466
471
449
257
178
394
27
458
292
405
379
187
9
474
130
16
310
270
127
15
41
225
387
202
224
218
264
351
421
102
65
181
358
461
346
422
411
456
202
4
146
359
302
417
429
108
395
357
400
148
434
500
266
82
237
187
316
499
339
119
220
242
61
240
411
26
359
343
288
51
255
257
366
488
500
436
161
433
14
441
171
391
147
150
10
42
316
84
57
148
309
465
182
250
378
283
312
133
315
167
142
439
30
327
135
408
71
492
308
221
96
374
320
451
434
53
343
498
138
333
341
330
58
420
224
284
390
398
331
43
487
265
347
392
393
314
32
375
39
270
410
207
296
463
177
229
486
98
291
115
152
76
367
160
214
438
161
440
397
232
290
92
316
450
153
359
106
22
132
484
315
431
15
207
424
146
188
229
92
64
102
139
116
357
76
7
440
97
448
222
160
202
453
288
414
45
297
251
197
455
452
113
95
351
29
36
27
451
176
331
338
38
460
465
270
431
204
201
453
363
42
229
16
89
176
346
484
233
16
382
386
480
422
157
436
375
145
348
22
139
468
466
371
52
52
17
286
407
264
97
450
399
486
447
66
335
349
472
45
163
37
22
278
465
404
322
257
89
314
407
500
324
232
187
297
258
41
402
336
496
411
307
28
149
102
69
219
158
59
19
214
471
303
432
44
455
83
31
297
255
446
396
146
423
201
332
76
361
44
368
143
121
109
171
184
337
477
71
243
446
254
476
74
401
282
283
216
368
65
281
99
11
386
491
355
379
257
78
211
349
431
123
397
458
87
421
478
312
465
22
89
211
363
355
345
200
402
105
90
303
390
329
455
150
14
354
259
171
133
76
21
29
174
1
68
372
434
216
186
353
378
257
291
481
217
267
135
481
40
42
268
24
167
211
238
23
273
104
240
241
4
270
29
29
388
162
236
46
41
101
135
74
413
185
209
335
189
16
7
174
113
498
332
388
107
224
40
263
151
263
43
456
437
57
493
494
354
45
418
261
46
74
267
499
283
318
479
55
424
127
370
114
427
407
252
64
353
176
391
443
464
256
258
325
338
118
82
131
175
54
247
124
62
369
359
448
11
492
294
183
53
285
311
65
174
365
322
487
465
95
81
98
256
484
252
16
106
260
93
430
474
358
463
98
62
32
183
208
221
253
69
24
474
88
347
276
278
396
105
475
163
314
262
413
245
179
499
61
84
56
467
227
137
50
47
261
138
500
248
205
362
129
316
130
63
180
368
45
225
278
480
492
138
264
444
31
202
4
370
332
343
307
312
1
173
392
257
195
353
215
217
210
360
241
18
413
304
160
205
90
296
197
137
121
300
432
183
354
492
154
460
255
398
433
98
341
252
14
461
428
266
495
194
305
335
489
440
25
418
300
107
346
357
267
189
228
134
434
424
8
483
166
487
427
228
400
328
16
354
200
47
154
130
116
197
257
240
234
152
326
411
20
109
285
107
482
321
89
455
252
338
256
54
449
485
310
350
306
409
336
130
499
275
142
324
15
259
487
142
394
62
257
231
54
85
342
324
16
198
470
175
245
370
405
201
104
55
305
146
18
213
219
288
321
48
124
63
250
220
466
209
317
308
82
160
36
468
5
253
208
116
92
355
262
263
177
163
446
259
267
73
87
445
169
234
186
146
34
460
415
155
269
108
87
86
148
432
429
367
334
337
386
254
252
224
261
256
129
26
270
385
418
229
241
274
491
253
419
22
430
413
407
318
447
87
439
461
168
452
21
126
138
101
430
415
316
106
35
176
282
422
343
386
181
446
48
42
71
297
419
239
291
253
351
308
422
335
83
97
470
431
480
482
457
413
21
232
329
278
256
319
250
384
493
472
195
306
132
51
496
62
187
497
99
272
199
130
103
481
163
149
371
406
179
226
81
298
254
110
285
415
43
383
130
341
153
209
137
188
183
339
194
192
136
486
102
41
436
336
349
236
123
233
226
338
64
317
30
245
90
344
65
123
397
264
328
448
250
432
314
455
319
300
5
12
176
492
435
315
446
271
185
335
429
57
235
170
455
496
202
469
174
211
321
489
57
102
221
123
370
423
220
485
141
315
126
356
336
21
330
462
239
64
186
326
398
384
322
254
1
380
246
121
378
443
42
279
125
109
472
281
368
93
19
477
492
384
481
159
395
74
197
284
157
92
472
457
355
56
489
276
297
413
23
150
79
103
380
93
151
211
154
116
10
244
399
165
452
193
296
461
192
75
99
99
202
462
212
125
39
19
338
219
454
193
487
188
383
133
242
93
155
433
42
135
450
56
455
161
59
243
389
320
366
324
360
414
119
141
437
449
487
53
20
293
190
415
362
442
261
38
179
432
495
20
115
269
283
427
234
254
362
323
233
496
143
291
383
408
375
115
129
455
105
170
148
343
407
333
104
74
115
354
178
263
163
264
212
496
400
173
236
235
157
391
264
337
117
317
133
227
286
104
298
286
326
198
113
296
288
147
426
476
51
159
315
449
366
219
96
154
143
110
292
172
289
179
143
182
102
248
232
288
323
270
335
103
339
430
422
92
260
177
303
93
270
458
123
333
134
92
331
43
27
451
274
231
449
80
376
115
213
392
239
375
482
188
444
275
83
191
174
354
68
80
140
458
451
468
19
302
423
430
196
149
206
48
74
178
454
328
71
299
304
92
487
482
339
154
115
270
33
279
414
158
38
254
205
452
219
413
283
139
301
4
328
488
206
263
88
452
439
314
344
295
366
329
200
41
246
466
57
118
500
335
485
189
216
165
21
419
368
23
364
458
396
99
61
13
343
487
493
326
218
160
329
236
102
493
394
322
27
258
340
428
180
34
388
123
302
290
328
135
144
475
208
112
463
212
457
279
498
97
485
9
231
430
420
3
327
384
274
408
143
492
164
478
348
316
314
500
172
348
49
298
16
361
138
244
498
187
417
305
24
200
101
11
455
319
416
399
246
23
476
119
199
142
172
336
407
244
114
376
480
368
48
494
233
38
299
22
283
231
434
493
278
311
136
75
292
399
24
302
47
420
106
457
236
315
187
436
203
419
433
113
111
455
346
437
8
94
326
494
423
141
489
310
327
208
143
237
42
381
451
96
141
185
33
226
335
7
379
192
313
439
496
47
268
129
283
32
7
250
425
415
90
435
482
111
21
323
167
160
338
270
57
440
178
206
89
132
334
187
494
214
410
144
273
170
442
384
370
319
492
282
432
206
324
57
1
201
466
186
444
328
456
251
409
3
245
3
91
264
312
159
19
328
419
165
492
34
295
187
94
20
115
125
98
383
424
268
342
388
431
265
357
209
114
109
1
378
412
455
212
142
296
230
18
161
298
406
435
248
441
201
290
442
169
486
301
133
53
206
396
14
358
251
163
165
129
3
137
50
173
419
125
436
162
10
52
152
166
86
214
170
65
112
359
325
440
200
40
63
140
401
331
113
53
92
371
411
235
296
236
71
383
433
11
181
122
472
388
367
36
119
145
405
179
7
360
470
63
295
190
481
284
385
293
202
101
179
192
356
288
179
147
478
478
443
22
26
407
432
202
489
383
193
168
494
82
398
74
378
154
28
234
405
451
313
305
90
160
471
131
385
416
192
14
124
315
484
489
189
47
429
302
58
183
291
332
233
55
377
386
3
150
48
281
396
122
199
261
261
252
334
66
86
215
380
115
216
89
218
15
349
52
228
10
24
94
241
181
190
5
51
341
354
142
105
276
471
400
211
491
164
377
385
245
210
486
445
440
204
350
193
314
