16
2
2
1
3
27
1
9
6
1
4
2
103
5
1
1
24
1
1
1
2
2
2
5
2
1
11
2
14
1
1
386
10
18
34
1
1
142
2
1
28
11
1
6
1
1
4
6
21
16
12
20
2
1
3
2
2
1
79
1
15
7
1
2
6
7
1
9
3
2
5
1
28
23
1
1
1
514
74
1
1
8
7
3
4
3
3
57
9
35
30
1
1
2
1
18
2
1
1
8
135
687
4
1
1
72
2
208
3
4
2
4
7
1
10
1
90
1
4
2
2
18
1
3
1
20
79
1
5
7
1
9
1159
7
2
1
1
2
1
9
1
7
1
1
6
182
1
2
2
51
3
1
40
251
1
1
3
1
3
1
1532
1
2
1
24
2
1
1
10
2
5
1
39
11
2
1
1
1
13
1
31
1
2
1
8
1242
1
546
21
3
5
17
59
1
184
6
1
157
1
3
1
1
17
2
57
5
3
1
5
18
269
1
50
233
18
2
24
3
8
4
8
1
1
4
2
1
3
6
1
1
5
36
2
12
6
1
2
5
391
10
3
133
55
10
2
1
1141
5
2
19
15
1
1
67
4
1
2
5
1
1
1
2
1
59
1
1
1
1
1
2
1
1
1
11
5
1
6
295
1
3
1
1
1
1
1
1
1
1
1
10
1
1
1
1
20
1
2
1
3
1
14
2
1
1
2
11
1231
7
9
3
1
22
1
1
1
13
1
2
226
5
1
4
2
1
1
2
22
39
17
1
1
1
1
1
7
2
6
6
7
119
15
1
4
1
18
1
1
3
4
11
2
1
392
1
1
3
1
11
2
50
3
2
51
1
54
10
2
4
46
1
1
2
8
1
34
6
2
2
1
1
2
1
1
4
5
2
1
12
1
2
25
1
1
36
1
295
2
1
2
6
270
2
4
19
1
2
2
30
1
1
1
1
9
7
1
1
1
3
2
7
2
2
2
9
1
1
1
1
1
1
6
1
7
5
5
2
3
39
15
1
6
1
2
1247
1
9
10
9
6
1
1
1
6
2
2
1
1
1
1
1
26
1
2
3
1
1
5
8
2
15
2
1
23
1
4
97
3
1
6
1
3
4
1
1
1
2
4
1
8
1
284
1
778
4
1
8
3
4
1
225
15
5
881
7
16
44
4
1
1
1
2
1
1
1
1
6
60
4
3
55
1
17
1
13
5
57
4
2
3
5
3
1
1
9
7
3
39
1
1
4
49
21
1
1
1
2
2
1
1
1
1
37
17
1
4
2
1
9
24
1
2
1
1
43
33
1
10
2
1
1
1
9
1
1
292
7
28
2
9
2
1
1
1
192
2
1
2
4
1
37
1
2
1
32
2
1
1
12
4
1
1
18
2
2
1
1
5
3
19
1
109
4
6
2
1
3
17
2
1
24
1
1
1
1
1
4
1
1
1
1
7
1
66
1
10
2
39
1
2
1
1
2
2
7
1
2
510
1
6
1
1
1
3
3
1
2
35
1
1
5
1
2
1
1
11
1
248
1575
2
1
1
1
59
3
2
1
1188
1
1179
3
1
2
1
1
1
2
1
1
2
19
1
4
1
2
1
1
1
3
1
14
1
2
1278
2
1
2
49
2
1
1
1
3
5
19
1
5
4
107
60
2
1
1
1
13
8
1
1
1
2
2
2
56
1
4
2
31
3
3
3
1
1
1
1
2
3
2
641
1
1
84
1
116
3
6
1
1
5
3
104
30
8
3
1
1
7
49
3
3
1
1
1
49
12
2
1
122
1
3
1
7
2
2
1
1
21
4
69
3
17
2
8
1
1
1
2
7
21
1
16
5
249
1
138
3
4
3
12
52
1
2
15
7
159
1
2
1
3
9
2
1
3
122
1
1
14
7
12
39
1
1
2
2
1
2
2
5
2
1
2
6
25
21
15
1
63
5
1
1
2
88
2
74
10
13
2
5
9
16
1
10
2
1
578
2
1
30
69
3
1
5
1
1
1032
1
7
13
2
1
7
7
2
3
280
7
109
4
2
2
6
1
8
16
21
2
1
1
42
76
25
1
1
1
1
7
3
2
1
45
1
1
1
1
1
1
1
2
1
1
1
1
6
14
4
1
7
1
13
15
1
21
2
1
1
1
1
58
38
1
4
1
46
12
2
10
1
2
5
1
1
1
15
2
5
1
33
45
1
1
2
3
1
286
1
2
4
1
3
3
1
1
8
2
1
1
420
1
2
43
1
1
9
1440
4
124
12
1
9
24
1
1
14
9
14
1
1
7
9
45
52
1
2
6
1
5
5
33
35
96
1
1
4
1
15
1
2
6
1
30
100
43
1
5
962
4
1
5
1
1
3
2
21
1
1
154
1
1
1
1
2
46
1
1
18
1
155
23
1
1
5
1
3
1
3
1
1
2
1
2
1
2
25
5
2
1
1
1
2
26
34
6
1
1
82
1
1
85
9
17
34
2
14
1
1
1
2
2
4
1
7
1
69
258
1
2
11
1
23
3
2
1
1
1
1
1
11
2
400
2
3
1
1
2
134
2
1
1
1
8
5
12
24
2
7
1
10
1
1
1
2
1
5
4
4
3
1
1433
4
8
4
1
71
1
1
2
1
1
41
1
1
1
1
14
2
6
1
19
4
1
1
1
1
1
1
17
2
2
1
1
7
1
1
1
8
10
1
1
1
21
1
1
1
3
112
3
1
4
1
2
1
2
1
1
480
2
1
4
3
1
1
12
4
1
1721
1
1
5
8
1
6
3
3
12
2
2
1
1
6
10
1
4
72
2
12
1
1
1
1
1
161
4
47
4
2
4
4
153
7
1
11
1
9
5
3
90
3
1
1
4
1
32
2
1
1
1
8
9
2
2
66
1
8
1
1
1
1
4
5
2
7
9
52
3
1
1
3
1
1
5
1
1
1
2
2
1
1
2
1
1
8
179
1
2
1
1
3
7
238
5
11
2
15
2
1
3
1
13
2
1
1
11
1
1
4
1
1
1
64
5
3
1
1
2
1
1
4
2
1
1
66
1
2
4
1
57
2
1
1
9
74
1
232
1
6
5
1
158
2
1
2
1
3
1
1
1
1
1
2
6
1
110
1
1
2
1
1
1
3
11
1
1
2
1
541
1
25
1
32
1
3
1
222
1
1
1
1
3
1
1
5
1
1
23
5
2
2
2
2
1
1
1
1
2
1
1
1
1
4
14
1
1
197
2
1
1
88
1
1
16
2
14
24
9
192
2
2
1
3
3
13
1
12
3
40
18
3
1
1
14
2
41
21
1
1
1
1712
9
1
1
21
17
1
70
2
1
118
4
150
1200
8
4
189
60
1
3
2
1
1
1
16
240
1
7
1
1
2
31
1
19
2
1
1
1
3
1
2
25
16
1
2
3
158
3
10
1
11
3
1
32
13
1
52
1
1
1
18
1
1
1
4
38
1
1
6
99
6
1
1
102
6
1
1
3
12
42
3
13
6
16
5
1
9
1
28
3
1
29
22
1
3
25
1
3
5
3
6
1
209
1
1
1
1
1
8
2
13
8
1
155
1
3
102
4
5
3
1
1
19
7
2
1
1
7
41
6
10
1
1
1
3
3
3
1
1
2
8
43
1
1
1
121
1
1
2
8
7
1
2
104
1
1
5
2
2
2
5
1
30
1
54
9
37
1
1
36
13
16
1
1
2
2
241
55
34
1
1
421
2
3
73
1
2
1
49
2
1
17
1
1
1
1
1
1
1
3
1
1
2
3
2
3
1
4
1
1
30
3
4
2
1
81
2
7
5
2
8
1
1
10
1
3
3
1
22
1
1
1
1
162
1
2
3
3
3
1
1
4
2
3
1
2
1
1
4
4
15
935
1
14
3
1
33
19
1
1
3
55
3
2
6
1
18
549
16
4
6
1
18
1
1
1
1
20
1
16
33
4
435
1
1
128
1
8
1
1
1
2
1
1
1
1
8
3
2
14
2
588
587
1
1
1
7
1
2
1
1023
16
3
4
1
20
16
20
12
1
3
2
5
9
10
3
1
2
1
9
1
46
1
1
1
37
3
2
7
123
6
2
1
16
5
1017
1
1
7
1
1
4
89
9
185
77
2
4
1
1
140
4
2
1
62
4
211
1
1
2
3
4
4
1
2
1
1
1
1
9
1
1
3
1
224
1
45
7
13
177
4
1
1
2
1
23
1
25
8
1
7
10
2
3
1
1
2
159
1
115
1
2
1
2
3
1
1
1
1
2
1
4
86
18
12
1
1
1
2
1
1
33
7
1
2
1
7
1
2
2
1
1
15
1
2
1
1
1
1
6
7
67
10
2
111
3
1
25
1
1
1
1
1
1
1
10
7
372
1
1
2
2
1340
2
1
2
1
3
1
4
1
407
9
1
1
7
3
31
17
3
101
1
1
11
2
1
2
2
8
22
3
54
17
2
1
2
1
109
21
1
1
71
1
29
2
13
1
2
35
1
54
3
950
1
2
23
9
3
1
3
8
1
6
14
3
2
4
39
2
15
30
11
3
3
19
5
1
1
2
13
1
1
1
3
2
1
365
9
2
1
20
1
10
34
7
1
1
3
5
1
6
4
32
79
6
1
25
1
3
2
118
1
1
2
1
2
1
3
89
1
138
1
1
1
2
1
9
20
1
2
3
1
1
3
5
6
1
30
5
1
22
1
2
1
11
28
2
1
2
1
7
6
1
16
1
2
294
8
1
5
78
69
13
8
1
1
47
1
8
9
8
14
13
3
1
1
1
2
5
10
26
20
2
3
20
66
1
2
3
24
7
6
4
1
10
24
1
22
7
1
4
1
1
2
9
1
1
1
16
1683
2
20
3
1
9
1
7
8
3
8
5
1
1
2
2
146
1
1857
1
3
1
1
10
15
1
3
1
1062
3
25
2
10
1
1
1
559
1
15
1
11
5
1
3
1
8
3
1
10
5
1
23
17
1
3
1
1
1
7
16
1
11
1
6
41
3
2
5
1
2
4
5
13
13
1
3
2
1
1
80
1
3
1
246
3
3
2
1
1
336
427
125
4
3
7
78
1
3
1
1
2
1
4
22
1
2
1
1
2
1
2
1
25
2
30
3
1
2
13
3
7
1
5
67
1
2
9
48
2
2
2
31
4
104
8
39
1
1
3
1
2
1
1
7
1
72
3
1
6
20
1
2
1
1
22
1
3
646
2
1
1289
1
1
23
1
1
79
39
4
6
1
20
2
1
1
1
1
4
41
1
1
4
4
14
28
2
7
61
1
6
2
1
4
4
2
1
5
113
47
3
10
1
3
1
1
13
5
1
19
1
2
4
1
1
6
1
19
6
1
2
57
2
4
13
7
1
1
103
2
3
7
149
5
1
19
5
1
7
1
3
3
1
43
7
1
2
2
1
1
2
1
1
5
1
8
3
15
1
1
58
18
1
202
2
1
1
98
104
1
7
1
1
15
9
76
282
52
2
1
2
9
1
3
583
67
1
25
5
37
1
209
1
4
930
1
1
1
1
1
12
8
166
1
1
13
136
544
2
1
1
2
3
1
2
1
1
6
1
3
6
1
8
3
1
1
142
2
1
4
2
6
12
2
1
157
8
135
3
49
6
5
2
1
2
2
44
2
3
1
1
2
40
156
1
89
11
2
3
1
4
3
1
3
1
3
1
2
5
1
1
2
1
19
1
1
34
2
2
1010
37
2
1
56
121
2
134
16
1
11
6
2
4
85
2
3
17
86
1
2
3
198
1
1
18
4
28
3
4
1
2
25
8
2
1
4
3
2
1
21
1
1
2
9
1
1
1
8
6
8
12
2
1
34
3
170
3
11
1
47
3
2
1
1
706
6
3
6
1
13
5
1
21
4
2
1
13
8
1
1
1
13
6
1
46
1
1
1
5
1
2
2
1
1
3
2
2
5
11
1
38
1
6
9
1
5
36
1
3
15
1
33
1
3
2
3
2
2
2
134
1
21
14
29
4
7
1
1
1
68
1
35
3
1
1
225
15
118
1
1
2
27
4
9
12
1
1
384
3
1
1
2
15
3
58
4
4
5
2
1
1401
1
1
2
1
1
2
1
2
3
15
38
1
93
1
4
7
5
2
1
1
1
12
2
97
3
1
27
1
1
1
2
11
3
1
5
2
1
1018
4
1
2
1
1
2
22
1
1
1
2
76
1
1
18
2
8
1
3
1
1
2
3
2
21
2
513
1
2
960
9
1
3
1
1
59
1
1
3
52
1
5
2
2
1
3
1
1
2
41
23
1
2
1
1
1
2
1
17
8
1
226
15
2
5
3
2
3
2
3
246
3
4
1
2
2
3
1
2
1
12
1
2
1
14
2
1
1
1
69
1
1
2
1
19
2
1
2
2
14
2
703
1
27
3
1
42
3
19
4
40
15
2
11
1
5
1
1
171
1
1
1
5
2
1
1
2
3
2
1
4
1
2
7
21
28
1
1
1
1
1
1
1
1
6
6
1
3
39
9
4
2
2
4
1
2
1
9
2
13
39
2
43
7
2
402
1
175
6
26
1
1
8
1
4
1
1
1
41
1
3
2
9
727
1
370
40
39
2
35
29
1
1
2
3
1
5
2
1
1
373
6
4
2
9
5
1
1
1
2
3
10
1
13
4
561
8
1
1
1
1
5
3
54
8
2
16
1
7
22
1
1
5
3
1
7
1
58
4
18
1
1
35
5
2
1
1
8
2
2
1
7
2
1
57
5
3
3
1
1
57
8
7
4
4
2
1
5
2
1
1
1
199
3
1
1
322
1
5
7
1
3
15
1
4
4
1
1
120
1
3
3
7
3
1
1
1
65
4
2
1
2
1
5
5
2
2
9
85
2
1
7
501
2
10
4
1
1
1
1
1
1
1
1
1
460
2
10
1
1
363
15
6
117
1
2
31
1
6
8
45
1
10
2
162
1
2
2
1
1
1
11
1
5
1
1559
114
12
57
2
7
3
3
1
11
7
18
10
1143
1
1
1
52
3
4
1
1
1
48
444
23
14
7
1
8
823
11
12
2
48
12
1
2
13
64
8
6
1
1
8
4
114
10
1
14
1
9
1
22
1
1
66
3
6
1
52
1
3
1
2
484
9
5
7
3
5
3
48
1047
1
3
1
173
2
2
148
2
5
12
3
1
1
1
1
2
1
2
3
39
66
1
1
2
1
22
1
1
1
2
2
1916
3
19
1
1
5
2
1
1
2
1
1
3
1
47
1
5
6
4
1
3
2
2
6
1
11
1539
5
2
2
2
2
1
2
1
2
320
1
1
1
2
3
20
1
8
2
11
5
1905
2
1
467
4
2
2
2
1
1
1
30
1
9
88
4
1
5
1
1
1
3
2
6
15
58
1
1
6
1
1
11
1
8
1
2
1
33
3
7
2
1
3
5
1
1
2
1
8
4
2
1
3
1
2
3
1
10
36
1
1
70
14
3
3
8
2
1
7
1
1
5
1
1
1
30
1
1
1
1892
4
3
3
1
2
2
11
21
2
1
49
1
51
1
1
36
10
316
11
1
1
1
5
4
39
3
7
5
10
3
1
3
11
1
1
2
1
1
1
1
3
2
1
133
5
2
26
2
120
2
23
1
8
207
4
11
3
1
64
28
34
2
4
1
21
4
1
3
2
34
1
92
2
2
2
4
52
1
16
239
10
1
1
3
2
1
1
1
3
3
1
9
2
1
1
30
4
1
1
1
33
1
1
5
1
3
1
1
1
1
4
1
1
1
1
3
2
1
5
2
4
15
6
7
1
3
288
1
100
1
39
8
14
1
1
9
10
1
1
9
5
1251
2
117
1
1
1
19
6
2
30
1
5
76
1
28
6
1546
1
4
7
1
1
41
2
11
7
29
1
2
1
2
494
2
8
2
10
1
14
3
5
1
1
2
8
1
7
1
1
3
2
14
2
1
1
9
1
3
1
42
6
1
4
15
1
8
6
54
10
3
9
193
39
3
1
2
1
75
1
2
1
1
1
1
5
3
64
5
2
8
4
2
55
1
2
22
5
3
2
1
1
2
3
11
1
1
1
5
1
1
1
43
11
21
1
2
1
4
2
15
1
2
122
21
1
12
813
2
2
1
8
1
1
4
1
4
1
7
2
166
169
27
1
195
1
1
7
159
2
195
4
3
5
8
132
1
1
1
1
1
10
274
2
1
27
3
4
1
154
2
1
2
8
1
1
3
1
10
2
1
1
2
122
8
40
16
1
2
13
132
1
12
1
1
1
1
5
4
1
10
8
1
1
1
1
542
1
5
1
1
2
2
10
1
2
1
3
1
2
2
1
1
435
1
5
1
2
5
1
1
1
1
96
5
1
2
1
1
1
8
3
10
1
1
3
19
3
2
1
433
32
11
1
2
2
11
3
3
5
111
1
26
44
9
1
2
1
4
4
1177
1
1
18
6
7
11
48
1
28
1
1
9
1
3
22
2
1
2
7
1
96
3
1
2
1
1
5
1
4
1
342
1
7
1
1
2
1
134
2
1
5
40
2
2
121
6
39
8
1
1
1
4
3
1
3
12
699
30
1
1
9
1
1
1
2
15
1
2
2
1
1
1
1
2
87
1
1
1
3
35
17
1
1
1
1
10
1
1
1
2
2
3
6
5
4
1
1
34
1
6
265
2
402
5
4
1
1
2
5
3
1
1
1
891
3
1
344
1
4
1
8
2
7
1560
1
4
1
1
6
9
7
1
27
4
1
5
24
4
2
8
6
13
75
7
2
168
7
1909
16
3
1
1
7
1
143
1
29
1
834
2
1
3
3
281
1
1
1
39
1
1
411
80
3
4
136
2
222
1
1
6
2
203
4
3
63
1
1
1
1
3
1
2
2
1
11
17
1
1
777
1674
1
47
2
2
14
1
215
1
1
2
1
1
10
1
1
75
3
1
2
1
1
174
5
53
65
3
1
2
1
3
1
1174
9
16
1
1
1
9
4
10
1
1
2
2
3
1
1
1
24
1
3
25
1
8
1
1
3
1
1
287
5
1
1
7
14
1
3
1
11
15
1
1
3
6
8
2
86
1
4
300
3
1
18
1
2
222
1
696
25
10
40
1
1
1
83
2
1
1
16
1
3
9
1
1
4
22
1
34
10
2
1
1
4
63
10
1
3
39
232
17
1
3
1
27
1
2
1
1
1
3
1
26
1
1
1
44
1
1
1
8
1
747
1
1
3
3
296
20
1
1
11
1
5
1
1
5
2
8
1
34
8
13
1
99
5
1
1
23
415
4
1
1
14
1
25
6
1
1
5
1
53
1
2
1
1
19
5
1
2
1
5
5
11
911
4
1
3
2
4
28
2
4
7
1
1
3
2
10
2
66
1
1
1
1
1
1
1
6
1
1
2
4
3
7
2
13
1
47
2
151
2
1
3
1463
1
11
4
1
1
1
26
1
2
18
1518
1
1
1
2
1
71
13
1
2
497
1
1
3
2
1
2
1
2
7
4
1
1
14
3
2
2
1
17
2
10
17
1
3
11
1
161
4
11
1
1
2
1
178
2
4
555
1
275
1
1
3
2
1
13
2
2
2
1
1
9
7
2
776
1
1
1
1
13
1
1
1
10
2
1
60
11
1
1
2
4
1
2
24
5
2
3
1
3
1
2
10
45
1
1
186
21
14
10
13
21
2
25
34
2
16
2
2
18
5
1
1
1
2
71
17
1
2
1
26
1
1
45
7
25
128
1
2
24
294
1
1
273
29
9
3
4
4
8
6
5
1
3
1
2
2
9
1
449
3
194
1
3
1
2
1
1
94
104
1
3
24
2
1
6
2
3
1
1
49
1
8
8
1
2
1
13
3
1
4
4
38
1
4
1
60
1
37
3
1
75
3
21
4
1
1
1
1
360
548
1
12
10
30
90
2
16
1
5
1
2
1
4
1
3
28
23
56
1
1634
1
5
489
4
3
13
70
16
2
62
5
1
2
1
238
1
28
1
11
1
3
1
1
1
1
3
10
575
4
22
59
5
1
2
2
1
4
1
1
21
2
1
1
8
12
2
4
1
1
21
2
6
722
42
5
15
1
9
2
1
1
15
4
1
718
1
209
1
1
1
1
1336
1
32
4
1
81
153
4
1
1
1
1
2
1
3
1
1
388
1
1
7
1
1
1
7
1
36
2
6
1
1
3
369
1
1
2
1
5
11
1
2
3
2
230
3
4
2
1
1
1
3
11
1
1
1
1
1
1
1
4
1
86
32
1
7
219
2
1
24
20
1
2
76
2
83
4
1
3
2
2
2
4
2
2
1274
13
1
2
6
1
2
3
1
7
40
1
1
1
67
1
4
1
1
55
1
1
1
162
1
1
1
2
8
1
14
155
3
1
1
13
5
1
1
5
1
2
8
12
1
1
1
1
11
1
102
1
2
12
1
3
1
1
2
1
1
115
1
1
2
31
4
1
11
13
1
3
6
1
6
5
22
1
1
1
27
426
5
20
27
1
15
2
2
2
1
3
2
1
5
1
2
2
1
1
2
71
114
339
2
1
3
1
2
5
1
1
4
1
2
1
27
1
1
4
1
29
30
1
17
7
1
1
1
1
429
41
25
30
5
1
7
7
19
5
1
2
5
2
49
54
2
1
1
1
1
1
3
15
4
10
1
5
6
636
1237
46
5
1
31
1
4
1
15
342
3
1
2
81
1
1
1
4
31
3
3
1
1
1
1
17
4
3
4
5
1
1
1
36
15
1
3
1
13
2
1
2
982
15
1
19
1
1
1
2
3
32
1
1
1
24
9
7
9
4
1
2
1
7
1
2
1
1
2
1
132
4
1
22
11
69
1
2
65
1
4
7
1
1
27
115
34
12
1
3
41
3
2
3
18
5
429
10
11
12
1
1
21
4
749
16
210
2
1
1
1
1
6
1
95
301
20
1629
1
1
1
2
1
2
1
2
1
9
1
31
1
803
1
45
1
3
529
1
1
1
1
15
3
1
1
2
4
3
3
1
1
1
1
3
5
2
4
102
38
47
37
583
1
1
1
21
9
1
118
210
1
41
103
83
30
3
1
10
2
2
254
187
1
2
4
2
4
1
1
3
1
1
1
1
7
1
1
2
73
16
2
1
2
149
23
1
1
18
1
1
1
3
1
1
2
13
1
3
5
1
3
1
1
1
26
2
2
9
2
2
2
1
2
1
1
3
2
2
1
1
1
1
3
4
3
1
644
4
31
10
1
4
1
1
6
16
1
1
8
1
46
3
1
1
31
1
19
1
20
5
8
6
5
1
1
2
1
40
1
1
6
2
1
15
81
4
4
20
1
5
15
104
4
4
21
1
111
9
2
29
36
2
2
1
3
1
2
5
1
18
1
3
4
1
11
1
1
97
1
1
1
24
1
2
20
2
99
2
1
1
2
1
3
52
129
142
1
1
1
2
1
1
1
1
1
2
5
56
4
4
184
3
1
1
1
1
5
2
2
1
1
1
4
596
1
2
8
1
240
1
1
15
1
1
61
4
5
72
2
2
3
2
1
3
1
8
1
2
6
6
1
5
20
61
3
1
1
3
468
2
4
1
3
8
1
10
9
23
1
1
5
2
1
1
1
11
6
2
1
1
1
944
1
2
37
7
5
1
1
3
3
4
33
75
12
1
1
258
7
1
2
27
22
2
2
1
1648
2
2
2
1
17
41
4
2
3
3
1
23
1
1
6
1
4
4
1
1
13
5
52
1
3
11
1
2
1
3
1
6
1
1
3
1
7
34
1
1
1
1
1
1
1
2
4
13
19
1
1
1
1
19
3
1
8
3
1
1295
35
1
36
1
4
1136
1
1
36
3
1
1
1
26
1
1
14
1
2
2
6
588
1
5
2
1
13
1
1
2
1
1
2
2
5
2
2
2
61
6
2
18
1
1
2
1
3
28
1
114
61
1
1
5
70
1
3
1
1
37
2
59
55
1
1
1
3
1
1
1
2
1
1
33
2
1
1
5
1
8
1
1
1
27
2
698
1
47
1
62
1
6
1
1
1
1
1
1
1
2
1
1
3
13
3
6
1
3
130
1
1
8
2
4
456
2
1
102
11
2
4
4
1
10
6
8
21
7
1
35
1
2
1
16
12
12
10
2
1309
18
1
1
1
31
6
1
1
1
1
1
1
1
1
4
4
5
1
1
2
28
2
1
12
3
6
1
4
3
1
1
1
1
15
1
1
204
1713
2
1
3
1
4
6
1
797
5
52
13
1
11
1
1
2
5
1
1
7
2
25
1
1
3
1
403
1
2
1
19
2
1
1
1145
1
98
7
11
1
2
1
1
1
1
127
1
74
405
6
8
1
2
2
2
12
174
19
6
3
3
1
1
1
1
1
2
2
1
4
6
28
6
3
4
123
1
3
1
1
3
778
2
5
5
2
1
3
2
31
1
167
2
1
73
4
1
28
1
1
1
1
40
25
3
107
3
1
16
1
1
25
37
2
1
1
7
7
1
88
8
2
32
11
1
1
5
1
1
3
27
1
16
87
11
1
1
3
5
1
1
1
7
1
7
1
1
29
2
11
1
7
1
17
1
8
2
1
1
37
1
1
1
2
3
1
3
1
6
11
1
49
1
1
5
1
1
9
354
2
1
1
77
49
117
1
2
1
1
1
2
3
2
13
1
127
1
1
9
8
2
1
1
1
1
370
3
1
4
1
1
1
1
10
2
1
1
2
2
11
1
1
106
1
9
5
28
1
2
21
528
2
172
1
13
8
17
1
1
1
3
1
1
1
15
9
139
7
3
135
1
1
858
6
1
3
148
4
1
1
1
2
1
25
8
1
15
3
14
2
1
1
3
1
18
5
8
9
1147
1
3
3
4
1
3
1
1
2
1
5
2
5
1
239
1
1
1
3
3
3
1
1
1
4
1
1
5
6
1
20
3
1
9
1
28
158
6
60
9
3
2
2
1
1
1
1
1
4
4
1
33
2
2
2
2
1
9
1
15
1
2
9
830
2
1
77
1
1
26
1
3
2
3
2
163
6
2
1
1
1
1
4
1
1
23
781
35
2
15
3
1
51
2
2
1
5
1
3
2
2
107
4
2
1
10
23
1
3
3
6
2
16
16
2
1
1
3
2
1
2
7
1
11
2
1
1
1
13
2
526
1
432
16
3
2
4
1
1
1
3
1
14
2
1
1
16
2
191
1
8
2
4
1
4
2
1
2
1
1
120
31
33
2
1
1
9
1
4
28
1
9
5
1
2
2
4
1
1
42
140
3
3
1
2
2
9
2
4
8
1
1
1
13
89
2
1
2
1
2
10
246
21
23
1
1
124
5
1
1
7
176
1
22
1
1
2
1
1
1
1
20
463
26
343
10
97
3
57
4
1
30
2
2
1
1
1
4
910
4
1
1
2
1
40
1
3
11
9
8
30
1
6
81
1
4
4
4
8
13
5
1
6
1
1
3
4
1
73
2
1
6
28
1
646
2
1
2
37
2
24
1
8
2
3
3
3
2
284
1
4
1
1
74
3
1
3
1653
52
6
1
320
4
8
8
1
4
15
3
1
1
1
4
11
1
1
7
47
1
1
1
1
15
339
1
1
764
1
3
5
1
2
1
11
1
831
11
48
1
12
2
7
1
1
28
1
240
2
686
2
1
1
1
3
1
6
1
1
2
1
1
33
1
38
11
1
2
2
9
4
5
1
2
1
8
1
1
33
1
35
1
2
2
1
226
1
202
10
5
1
2
1
1
59
1
8
979
2
30
1
1
1
3
4
1
1
337
10
1
1
40
5
34
258
2
1
2
1
1
13
1
4
1
2
6
2
1
2
30
18
1
2
1
2
7
4
56
1
3
1
46
1
29
16
12
191
2
1
2
61
3
6
103
2
1
72
6
2
1
1
2
1
2
1
18
1
1
9
1
1
1
1
1
2
35
23
3
2
1
7
2
1
3
7
9
2
1
10
8
47
6
1
2
35
36
6
2
1
1
1
1
8
34
2
1
1
1
6
6
1
1
1
13
4
1
523
6
1
1
2
10
1
24
604
39
838
25
123
1092
4
2
137
1
2
1
1
1
23
5
2
44
73
1
3
1
2
1
48
9
1
2
1
2
1
1
101
42
3
37
597
1
53
2
47
11
5
22
1
252
1
1
1
1
3
44
1
1
3
1
379
98
2
1
2
1
6
98
704
114
3
1
1
1
186
2
53
14
1
3
12
63
1
3
5
2
9
33
3
1
134
4
11
1
57
15
1
7
1
15
1
2
1
4
1
4
1
1
1
1
2
1
1
1
1
2
1
959
2
1
2
1
8
2
3
11
5
1
4
1
6
4
8
1
3
1
3
1
4
9
16
5
6
5
1
6
126
165
3
2
11
8
2
3
1
153
2
1
4
1
1
1
1
1
28
61
1
50
1
1
1
1
19
2
219
1
1
37
1
1
21
3
3
1
1
18
4
1
6
15
2
1
1
1
9
14
153
3
5
2
1
1
2
9
4
3
4
5
1
2
1
2
1
4
1
1
1
1
2
40
18
1
1
1
8
1
3
3
2
315
2
1
1
2
1
2
3
1
2
1
17
1
1
8
1
2
1921
1
8
1
1
1
1
27
1
5
1
2
8
1
1
1
1
1
7
4
1
5
3
3
3
5
2
15
1
2
1
1
14
1
3
2
50
1
1
1
41
4
5
1
1
1
2
8
427
1
2
1
2
3
13
12
121
8
5
55
2
15
72
2
4
533
2
8
258
2
1
1
36
12
8
12
2
1
20
5
5
209
2
13
2
3
4
1
2
1
276
1
2
21
1
1
2
3
794
1
2
1029
1
2
44
3
2
1
39
4
1
1
416
1
7
1
3
1
2
1
166
5
6
1
1
2
1
1
14
1
1
2
3
6
4
72
2
2
25
1
3
2
1
1
5
8
1
1
2
1
1
2
4
1
1
315
78
1
4
4
1
3
1
2
43
143
4
396
11
1
22
3
21
3
20
11
1
1
2
85
2
25
5
24
9
8
2
14
2
10
226
2
406
133
2
12
1
20
1
1
13
1
1
4
1
64
1
3
1
1
1
4
1
2
1
17
1
1
160
63
3
1
1
37
776
8
1
54
10
1
3
2
2
3
3
1
3
7
1
7
1
1
1
6
1
1
1
2
5
1
2
1
13
1
2
2
1
15
2
125
3
1
1
13
1
1
2
3
2
1
1
6
3
6
9
1
1
61
3
2
2
8
615
1
1
14
1
18
3
1
1
1
1
1
1
1
2
1
2
1
1
5
6
2
1
14
4
10
1
10
20
2
8
6
1
14
45
1476
1
5
2
4
4
1
1
109
4
6
2
664
1
134
70
2
53
4
2
15
3
6
1
2
13
2
1
1
83
217
19
8
1
1
43
6
7
2
25
181
1
1
58
1
3
1
2
1
6
2
273
2
3
354
108
1
1
1
37
1
442
7
1
1
2
5
7
1
1
3
53
1
1
1
7
21
3
1
1
5
138
1
13
1
2
1
2
82
69
1
440
4
9
1
1
3
4
1
23
10
1
28
1
2
1
12
36
5
1
50
68
3
67
1
7
3
1
5
29
1
14
19
2
1
3
1
156
1
11
2
6
1
1
3
3
3
5
1
1
1
1
15
1
4
1
60
1
19
3
1
91
1
38
1
3
50
25
1
10
8
1
1
3
4
2
6
1
2
20
2
51
1
9
2
1
1
26
18
2
1
1
7
1
3
1
10
1
18
3
10
16
1
2
2
1
8
3
2
1
6
1
1
2
1
270
2
2
1
29
1
1
1
1
1
87
1316
1
182
4
3
15
1
1
1
1
2
2
2
1
1
11
7
1
1
2
3
1
2
1
2
2
1
2
1
1
1
2
7
16
2
11
1
1
1
1
1
2
2
17
1
4
28
2
2
1
8
401
1
1
4
1
1
28
2
96
1
40
26
1
13
1
1
107
1
1
4
10
1
1
5
1
50
3
412
1
3
3
3
152
100
1
1
2
1
29
1
3
594
2
4
4
1
5
1
1
3
1
1
2
2
6
1
2
3
4
3
2
3
3
22
589
3
4
3
1
50
5
739
6
20
1
5
1
1
1
1
7
1
5
1
1
8
7
1
5
27
2
1
1
1
1
45
4
1
1
2
4
1
1
1
1
5
28
3
1
1
2
2
3
1
1
2
1
31
1
1
2
4
1
1895
58
2
3
9
37
31
1
818
1
37
101
4
1
8
40
1
1
12
1
1
3
12
2
5
218
1
439
1
44
21
1
1
1
7
1
1
1
5
2
1
1
23
1
15
2
4
61
1
608
2
2
1
3
1
1
4
502
2
1
1
1
1
1
1
13
5
1
2
16
1
1
101
1
3
18
9
1
6
8
363
3
2
1696
4
1
1
38
36
5
1
1
27
1
11
5
1
1
1
1
2
2
1
1
1
1
13
1
1
71
1
2
4
1
1
1
6
3
3
1
1
6
1
1
10
1
4
151
1
4
6
61
10
1
1
1
1
13
4
1
1
2
3
10
140
4
16
1
1
2
1
2
1
19
2
1
1
8
1
85
1
3
1
1
29
28
1
1301
2
137
1
23
229
2
3
1361
29
5
1
1
14
2
1
8
589
76
3
2
3
1
1
1
1
3
29
1
4
12
1
2
29
1
44
1
2
5
2
5
9
1
1
5
1
16
243
1
6
2
8
2
1
2
1
1
2
1
1
11
17
1
1
1
79
1
3
5
410
1
2
1
1
2
1
59
1
11
1
7
1
1
1
3
2
33
1
12
5
14
2
1
3
3
1
99
3
3
1
20
128
2
1
2
2
45
1
3
2
1
1
1
2
26
1
1
45
3
1
1
3
1
2
30
24
1
12
1
5
1
9
82
1
2
1
1
7
4
26
1
200
1
2
116
46
2
5
3
1
2
2
1
24
54
1
15
1
1
2
10
1
1
2
1
4
3
29
1
1
1
5
1
1
1
9
8
1
2
3
3
1
105
2
2
3
2
5
5
1
1
11
1
2
204
1
2
3
19
34
48
2
2
3
1
1
3
1
2
4
1
3
1
105
1
14
2
1
3
10
120
83
14
2
1
409
14
1
4
1
1
1
60
2
1
6
85
1
1
2
25
1
4
1189
26
2
4
1
1
2
4
2
10
1
12
1
7
17
4
4
1
1
52
1
17
1
2
5
1
1
7
2
1
2
29
137
3
18
1
1
34
14
1
1
13
1
6
9
1
1
1
1
24
4
2
14
20
4
4
1
16
3
1
1
1
1
7
1
69
1
1
11
9
1
87
1
3
1
3
7
1
65
2
1
12
10
25
1
1
8
1
4
30
1
3
32
32
18
31
2
1
1
3
1
2
2
1
3
1
11
1
8
1
2
2
3
3
18
1
6
48
2
23
3
1
1557
2
112
1
1
2
4
1
9
3
1
1
1
9
6
12
1
2
204
1
3
2
1
2
1
1
2
1
13
1
3
3
1
1
2
1
1
1
8
1
1
2
2
559
2
1
9
4
2
1
3
1
1
1
2
1
79
1
3
25
31
4
1
3
7
27
3
2
10
276
1
7
1
1
1
1
1
1
30
4
1
1
4
4
3
1
89
3
1
6
2
1
1
1
5
4
1
9
1
3
2
1
24
7
2
1
6
2
18
5
16
3
3
1
2
53
2
1
1
2
1
1
1
2
4
2
2
2
1
1
1
1
18
1
3
1
1
22
1
10
1
4
1
1
1
1
29
1
2
2
50
1
1
1
55
3
1
7
3
94
25
5
1
18
3
1
2
19
2
1
2
2
3
1
3
28
4
153
23
1
8
4
1
5
5
1
1
1
1
1
1
10
1
1
1
61
4
3
4
1
1
4
2
11
1
2
5
1
39
1
1
6
11
3
1
54
1
22
1
1
14
3
1
2
1
6
3
3
7
1
43
2
1
17
1
1
2
108
2
703
6
9
1
193
4
1
1
1
4
1
170
123
669
11
22
2
1
2
9
28
1
53
1
5
1
1
1
2
1
2
1
5
5
6
1138
1
1
2
1
1
15
3
1
4
4
9
2
3
1
2
10
1
26
1
2
7
3
16
5
6
1
1
4
17
2
12
3
2
145
4
1
21
184
1
3
2
12
5
2
64
124
5
249
5
76
1
581
2
1
1
1
4
1
1
4
211
4
4
1
3
1
13
1
278
6
1
3
1
6
4
1
2
127
21
1
1
133
190
3
1
2
2
2
3
8
1
1
73
10
14
560
15
16
10
1
1
2
1
1
5
2
1
1
42
9
1
1
4
2
1
7
3
3
27
8
1
5
1
1
13
2
1
1
2
1
5
2
4
1
1
319
37
5
35
1
1
2
2
357
1
1
118
2
2
10
1
1
1
1
1
98
4
2
1
1
2
1
3
15
3
1
1
1
2
1
2
39
49
1
12
177
3
1
1
1
1
1
117
3
38
3
3
14
7
9
1
1
1
3
4
130
1
1
2
10
1
14
2
1
2
4
3
1
1
12
3
1
1
1
1
3
4
3
3
3
1
1
2
5
162
10
1
1
4
17
1
46
6
1
4
17
1
5
596
37
3
3
32
1
2
1
269
7
3
1
24
1
5
1
3
2
2
1
102
1
323
44
11
1
2
1
2
1
20
3
2
67
1
2
2
1
1
5
1
18
1
13
1585
1
2
1
1
1
1
1
1
52
1
25
1
21
7
1
1
394
136
28
1
3
2
2
12
3
8
1
4
1
1
1
1
449
19
16
1
2
1
3
1
3
3
8
4
1
133
3
1
3
18
2
15
1
3
1
3
1
2
6
38
2
2
6
1
2
1
3
6
4
6
11
1
1
1
2
1
1
18
1
1
4
2
2
1
1
1
2
6
119
525
2
18
1
270
5
1
1212
1
10
5
17
3
48
1
1
1
44
1
2
1
1
1
5
1
59
1
55
16
3
613
36
2
1
1
2
43
1
9
1
6
1
1
4
1968
1
4
2
272
41
1
29
4
20
6
1
7
84
15
1
5
2
1
3
2
57
11
1
1
4
1
440
2
1
2
1
52
1
5
1
41
1
1
10
1
12
10
7
1
1
4
1
1
3
1
5
1
37
11
9
2
1
10
3
7
6
2
2
1
1
1
1
1
1
1
1
1
3
1
6
1
1
14
2
1
4
1
1
2
660
8
4
3
1
1
366
1
2
1
1
1
11
2
6
128
1
1
1
540
1
1
1
1
1
8
1
4
1
1
9
1
1654
8
1
3
1
2
79
1
1
6
23
1
2
5
308
2
5
2
1
12
1
12
1
1
3
300
3
5
1
1
1
147
1
18
1
1
2
2
8
9
7
5
3
1
40
1
3
11
1
1
8
1
1
2
2
1
1
14
4
2
1
30
1
1
1
6
3
35
2
5
2
991
160
2
14
17
1
1
9
10
1
2
5
1
5
1
4
216
14
12
36
1
7
3
1
3
1
2
2
1
2
3
133
24
40
1
10
1
1
684
24
1
2
2
268
2
1
7
1
615
2
10
1
5
3
1
1
76
2
1
13
1
1
1
39
4
1
1
3
14
18
14
1
10
1
16
1
1
2
959
14
2
4
26
3
1
4
67
1
3
1
1
1
1
1
1
2
7
2
16
1
1
3
4
3
8
9
1
1
1
778
1
1
11
1
1
2
2
1
9
1
1
1
1
1
1
1
132
3
2
4
32
8
2
1
1
1
1
596
1
21
2
99
142
2
1
1
4
1
1
4
1
1
1210
1
25
7
1
76
17
22
14
28
1
38
1
1
1
6
1
2
1
5
29
1
2
2
1
2
7
14
1
4
1
1
1
61
1
74
1
9
1
2
63
5
3
3
1
4
23
3
1
3
1
18
1
1
2
2
21
1
216
3
7
3
2
13
1
1
1
537
8
87
2
2
1
3
1
2
3
2
152
2
12
1
9
1
1
141
2
602
182
6
2
616
1
2
1
84
1
2
2
10
22
41
1
1
1009
43
1
180
1590
1
2
99
1
2
1
9
1
4
1
2
45
1
1
270
6
1
9
83
213
2
10
3
1
1
67
1
1
2
1
10
2
1
100
1
10
2
1351
1
6
5
4
1
3
1
32
1
1
1
1
2
1
1
5
1
1
1
1
1
1
5
1
1
3
1
23
13
1
1
1
1
23
233
1
1
20
1081
1
62
2
2
323
1
3
1
1
6
2
7
17
1
1
1
2
3
2
1
132
2
2
21
1
1
2
1
1
20
1
1
2
1
59
1
2
8
341
8
2
1
1
1
5
2
1
1
7
15
1
1
78
5
1
1
2
2
4
2
139
4
2
2
104
1
18
3
1
8
2
5
1
11
10
1
1
1
1
1
1
3
3
1
2
4
66
1
2
2
406
1
8
1
1
1
1
11
4
45
2
1
15
53
3
71
223
1
46
1
1
1
1
6
10
1
41
1
1
1
1
8
1
3
1
5
1
2
1
3
66
15
1
161
321
3
58
1
3
19
1
6
1
5
1
17
2
4
1
1
4
7
10
21
1
62
877
2
70
3
3
9
8
2
5
1
1
461
3
2
6
18
1
1
38
2
1
1
1
1
1
3
1
18
9
11
2
1
6
1
3
6
9
10
4
2
1
29
1
1
18
7
1
2
10
12
2
2
30
574
3
4
3
20
1
2
34
1
63
9
1
42
5
1
2
1
10
2
20
1
26
1
1
1
64
3
2
7
54
4
2
260
2
1
1
1
2
181
213
2
10
1
9
209
1
2
10
3
1
2
1
9
2
1
6
5
72
2
1
1
1
1
1
844
1
3
2
1
1
16
3
2
2
1
9
1
19
4
2
3
59
308
2
1
4
1
9
1
2
1
8
3
20
1
22
33
1
5
1
4
2
1
2
545
4
1
3
1
1
1
84
2
2
2
2
2
1
6
10
2
2
210
6
2
1
1
11
1
10
1
105
8
32
23
1
1
1
1
3
1
1
7
10
1
16
5
177
1
1
39
1
1
9
1
1
3
1
1
1
2
16
1
1
2
2
1
1
1
3
16
1
2
1
6
1
1
1
1
4
41
109
2
1
1
2
18
1
1
2
3
1
1
89
13
2
2
3
2
1
3
4
3
2
1
5
1
1
1
3
1
2
22
2
1
1
4
2
2
1
1
1
1
12
5
1147
12
4
566
5
3
1
1
3
15
40
4
6
5
2
5
1
13
1
5
1
27
16
1
3
26
1
4
3
1
7
1
1
3
1
1034
1
11
3
5
16
3
26
1
3
19
3
16
8
1
1
1
1
121
66
11
27
1
2
2
1072
1
1
2
6
1
1
7
53
8
5
8
2
1
4
1
1
10
1
106
5
1
1
1
1
14
5
6
1
9
45
34
1
265
6
4
3
36
2
6
28
339
1
4
8
2
1
3
2
3
12
2
2
2
7
1
1
3
1
3
66
1
1
2
1
207
1
11
1
1
166
3
12
206
1
2
2
49
3
5
5
1
5
882
1
1
13
1
1
3
3
1
8
8
9
695
4
95
320
1
144
313
10
1
44
6
1
1
1
2
1
5
1
2
1
3
14
1
1
8
274
1
69
1
1
3
1
1
4
9
1
1
1
1
50
244
10
7
1
28
3
11
5
167
5
2
4
1
1
3
1
1
2
1
20
74
1
7
9
1
12
11
1
3
9
2
3
1
2
17
1
1
58
2
1
4
1
1
118
4
12
1
2
8
3
4
2
1
1
2
9
10
3
14
3
1
1
10
2
3
1
3
2
2
2
247
6
2
48
36
2
2
3
1
6
9
1
2
1
2
4
4
3
1
1
1
76
1
1
41
1
5
1
52
1
47
15
6
1
1075
2
348
6
1
1
1
2
1
432
1
35
4
24
1
1
533
1
9
29
77
15
2
5
1
1
1
1
56
6
3
58
3
2
3
3
1
2
2
1
1
5
4
14
761
48
1034
3
1
3
7
438
92
1
4
5
1
12
2
10
2
1
1
1
4
9
2
1
1
2
13
666
9
2
21
1
62
18
14
86
3
1
52
8
1
7
224
1
1
3
2
1
2
3
2
3
4
7
11
13
15
1
33
3
1
1
4
1
5
8
1
3
1
3
6
3
443
1
1
2
347
1
2
3
1
2
17
910
1
3
2
3
7
27
6
2
1
11
15
1
9
394
108
8
3
77
1
4
1
10
2
9
2
1
1
1
3
7
2
1
3
2
1
1
2
5
1
1
1
1
7
4
1
1
32
14
1
1704
1
10
3
2
1
8
3
1
22
1
4
5
1
4
3
1
2
13
21
15
18
2
6
1
1
3
3
8
7
1
1
1
3
5
1
1
5
1
4
840
10
2
5
5
1
4
1
29
3
323
1
35
12
229
1
4
1
1
3
4
3
1
2
2
3
26
11
5
3
1
2
1
2
128
1
34
18
4
5
4
1
687
1
1
1
1
2
3
13
2
2
254
822
3
2
21
6
1
4
1
3
49
1
264
105
2
3
1
4
1
1
1
7
4
528
4
2
1
29
10
4
18
1
335
1
1
2
1
6
2
2
1
1
1
2
4
54
4
3
1
1
2
4
47
8
3
4
1
1370
7
2
22
4
5
7
5
1
4
89
1
4
24
1
1
2
3
8
12
951
138
184
1
1
40
3
18
1
2
49
5
4
3
3
4
3
2
87
1
12
5
3
2
2
3
3
3
1
2
1
1
1
9
1
2
3
16
8
1
10
18
2
124
1
11
6
1
1
12
3
1
1
32
1
1
1
2
132
1
7
2
88
4
2
1
4
2
1
1
1
1
4
1
37
1
12
1
2
3
11
18
15
3
184
1
1
2
28
26
3
84
3
8
6
8
1
5
19
1
1
52
2
1
1
1
15
1
1
13
1
1
1
1
4
4
10
13
1
1
4
3
1
3
1
8
45
7
106
5
1
27
2
2
49
1
3
2
114
2
112
2
1
14
88
13
3
1
28
5
1
1
4
1
4
1
10
1
1
28
1
5
1
1
1
768
4
1
2
9
2
1
1
2
27
31
56
1
1
5
2
2
4
12
19
2
8
1
8
2
1
5
444
1
24
2
5
2
6
2
2
6
2
1
2
11
29
1
1
12
934
2
1
1
1
3
1
6
1
2
1
7
33
1
2
1
1
711
2
9
5
5
1
1
1
3
2
1
1
2
1
3
31
1
19
3
2
15
2
1
1
1
1
1
56
11
4
1
1
51
2
2
15
2
1
4
2
3
1
1
1
1
2
1
3
49
3
11
63
1
10
2
1
174
3
23
1
82
67
1
1
2
2
1
1
1
28
5
49
15
4
1
1
7
1
5
3
267
14
1
32
1
7
3
6
1
1
3
4
6
1
1
3
1
2
2
5
3
52
2
1
7
2
1
3
1
1
2
1
2
1
1
1
1
1
1
1
7
1
2
3
5
8
1
1
1
4
1
1
45
8
44
2
1
1
1
70
7
2
5
1
4
52
87
1
1
3
25
1
9
161
2
1
1
1
1
3
1
2
5
2
1
1
1229
3
7
88
1
1
1
2
5
5
1
12
1
1
1
3
12
1
44
6
9
465
16
2
5
4
1
5
11
1
1
1
4
1
49
1
1
1
1
2
3
80
1
15
1
1
18
45
33
16
1
1
3
3
1
1
1
1
1
1
1
3
3
1
5
6
3
5
8
4
1
2
1
1
1
243
1
1
3
50
1
3
4
13
144
4
1
2
1
2
166
493
1
10
13
2
2
1
6
3
5
1
11
1
9
1
164
1
1
4
1
1
1
2
1
129
1
2
3
3
1
3
1
3
4
49
31
2
1
18
1
1
1
1
1
88
25
2
53
65
10
44
1
16
1
1
1
1
1
1
69
7
1
8
6
1
1
2
80
1
1
3
1
25
1
1
48
4
1
12
6
2
6
1
34
20
9
6
1
6
22
1
11
1
6
13
1
123
1
6
1
1
8
6
3
8
2
1
83
17
3
70
4
45
1
1
1
1
1
2
1
1
3
181
5
118
1
2
1
33
1
2
1
1
1
5
1
2
4
15
1
104
1
4
2
3
11
1
2
1
6
46
1
2
1
62
1
1
1
107
62
1
24
2
15
1
20
2
1
1
1
1
3
2
23
29
1
5
2
3
26
7
58
1
7
311
1
402
1
5
54
2
13
1
626
1
2
1
32
6
3
1
3
8
220
1
1
1
1
1
13
1
1
2
1
1
2
2
1
6
2
21
6
1
1
1
15
2
30
3
1
1
2
1
3
1
1
1
1
1
35
1
65
2
1
16
26
1
9
9
6
23
1
2
1
291
3
3
10
1
1
2
1
5
1
9
13
294
27
2
1
1
58
4
497
1183
1
1
4
1
1
1
1
2
1
1
1
13
3
12
4
1
1
1
3
1
5
22
13
2
40
3
4
3
5
1
1
1
1
380
1
3
4
1
18
1
30
1
209
2
269
1
3
1
2
1
3
1
6
2
3
1
2
1
1
6
5
4
3
9
1
7
23
1
1
4
2
2
1
5
21
1
3
239
1
21
3
15
14
1
3
3
1
3
489
2
2
4
26
7
30
1
36
101
1
1
2
10
10
1
1930
298
35
19
16
1
43
31
2
2
5
3
9
24
1
1
24
6
3
1
3
2
2
10
474
1
567
2
1
17
1
41
1
7
1
6
3
2
4
1
8
1
1
266
1
3
6
1
5
1
1
1
7
3
149
1
3
2
2
3
1
1
105
1
1
4
2
1
18
7
1
9
3
1
1605
416
1
4
396
44
2
1
1
1
3
89
1
42
1
12
10
1
2
1
9
4
1
75
1
6
8
1
7
1
3
36
12
1
1
6
16
1
3
14
2
1
1
1
1
4
2
12
3
3
1
3
30
1
3
1
1
1
1
15
2
121
5
1
1
1
1
13
3
25
1
1
5
1
3
12
1
4
1
4
3
2
3
5
3
1
384
5
121
2
1
3
5
305
221
219
8
1
1
3
11
5
7
1
27
74
5
1
3
105
21
1
3
2
1
2
21
2
304
1
1
10
1
3
3
15
1
29
2
2
2
1
1422
2
3
9
1
39
1
9
3
6
1
1
1
1
1
50
1
8
6
2
18
43
74
7
1
12
1
3
4
10
2
4
4
2
2
1
2
2
1
1
2
1
1029
2
10
4
51
1
1
1
2
5
3
2
1
3
2
1
12
3
1
7
74
1
4
2
1
33
2
1
4
1
2
1
1
10
4
227
1
1
1
57
3
5
2
1
1
2
1
7
68
24
1
82
67
2
1
13
1
1
3
1
3
1
24
12
56
4
205
95
1
2
2
4
1
1
461
3
2
4
2
43
10
1
1390
3
1
3
1
31
335
10
3
6
3
56
15
1005
1
3
1
1
2
1
2
1
1
3
3
319
19
2
114
1036
1
9
3
1
5
1
2
36
1
21
3
6
5
4
2
5
1
12
5
17
1
3
20
95
158
1
1
2
1
5
2
10
2
1
1
2
7
4
2
45
1
2
5
2
1
9
1
1
1
18
1
1
7
2
1
8
1
1
1
10
1
2
7
13
2
4
2
4
1
1
1
2
67
8
4
168
21
1
1
3
2
3
2
1
1
1
5
1
32
1
2
62
2
1
1
1
1
1
127
1
1
2
1
1
84
14
1
1
1
2
1
4
1
2
1
12
2
12
3
1
8
1
3
19
3
2
1
1
34
32
1
3
3
681
1
2
1
1
39
3
1
1
1
1
1
6
3
3
2
1
1
1
2
1
1
4
2
59
3
1
1
4
291
10
1
67
2
1
3
23
1
1
1
50
3
1
58
221
1
5
7
2
24
1
1
106
17
28
4
1
12
1
1
3
535
2
1
17
4
9
2
1
20
1
1
1
2
1163
26
6
1
6
2
13
27
1
8
1
7
2
1
4
1
1
1
23
69
21
1
1
2
1
4
1
16
1
2
2
1
2
1
2
2
7
24
1
3
1
11
11
2
3
3
2
1
5
36
1
3
2
5
9
3
1
8
33
22
2
2
2
6
3
1
2
10
21
1
2
78
177
1
4
116
1
23
1
385
2
1
1
1
4
1
1
1
31
3
34
416
8
1
29
4
1
48
1
5
10
12
12
1
4
8
39
4
1
2
23
1
1
1
6
8
1
2
11
2
4
2
41
658
2
1
1
5
1
1
1
2
2
16
385
4
2
1
2
1
2
1
4
1404
7
4
115
42
1
1
3
2
4
1
1
1
1
1
1
8
1
5
2
1
13
1
3
1
2
1
13
1
8
19
1
1
1
2
1
1
2
1
1
1
19
1
273
1
4
3
8
2
5
2
3
2
1
16
1
1
6
2
1
1
1
1
1
2
1
1
1
2
100
27
8
1
4
1
6
3
90
9
17
1
61
10
1
1
1
1
1
1
12
1
10
22
94
38
2
1
1
7
2
21
1
425
97
2
212
3
2
3
5
1
427
1
2
2
23
1
13
1
9
1
2
1
1
77
7
26
11
1
2
2
1
2
3
2
1
10
1
11
20
6
16
4
4
3
7
56
1
3
1
27
31
1
2
249
10
1
1
1
1
6
211
1
6
2
3
2
21
1
1
4
5
1
1
3
55
5
42
6
1
1
1
2
1
280
1
7
1
11
3
2
1
2
1
2
1
1
74
832
34
1
3
20
36
114
1
1
19
6
1
11
1
3
13
11
1
27
2
1
23
1
11
1
1
1
14
1
1
296
4
1
16
43
1
1
1
5
2
141
1
238
8
2
1
6
658
1
1
2
4
3
1
4
1
1
6
72
1
5
8
2
1
3
2
3
1
2
2
1
5
8
103
1
1
1
1
43
1
2
1
1
1
3
1
1
3
1
2
1
34
32
1
1
2
57
1
1
1
1
3
2
52
3
2
21
1
1
23
2
1
1
2
1
1
12
1
4
2
1
4
1
1
1
4
1
4
1
4
1
2
14
9
1
1
6
1
1
1
146
1
1
1
1
1
2
18
16
1
1
7
7
101
11
1
1
17
2
7
1
4
11
2
1
3
2
3
41
1
7
3
1
1
1
6
20
178
18
154
1
2
5
1
2
17
1
179
1
1
1
3
1
2
10
2
311
82
1
1
2
2
4
265
1
8
101
159
81
18
3
2
1
2
1
5
2
9
2
2
11
3
2
1
867
290
2
1
1
1
2
11
39
1
1
67
7
1
5
1
376
1
1
2
1
1
4
12
4
63
1
1
3
10
4
2
25
1
2
221
1
2
1
301
1
1
1
1
2
5
2
1
130
1
10
1
17
3
9
184
1
1
8
5
1
1
1
1
2
1
2
21
1
9
1
1
2
2
5
890
2
1
2
1
8
1370
1
3
1
1
4
112
1
5
2
1
1
5
1
4
2
2
16
7
1
3
111
36
2
176
1
35
3
1
1
16
49
1
4
7
9
1
2
7
1
3
507
5
1
1
3
2
1
1
3
1
6
1
787
3
33
1
2
1
1
1
204
2
4
4
788
2
99
1
1
9
2
1
1
11
3
1
6
14
1
7
2
4
2
1
2
8
1
1
1545
7
2
2
1
17
7
23
1
35
6
5
191
8
2
77
3
38
108
2
1
1
1
49
5
4
1
1479
1
1
3
37
4
1
1
5
1
23
208
1
1
2
7
3
28
159
1
1
2
8
1427
22
1
4
2
43
1
1
1
7
1
1
2
167
2
1
8
34
1
12
12
6
6
2
2
1
14
1
3
124
26
1
2
2
1
3
3
70
1
3
5
29
1
14
7
7
1
1
1
36
12
1
1
3
6
103
6
1
1
1
32
155
1
1
4
1
1
3
1
30
1
83
3
17
5
1
2
7
1
1
1
3
1
7
15
37
9
1
2
1
2
1
53
25
1
2
2
271
11
11
1
8
7
2
1
5
3
47
32
8
7
1
11
3
17
1
813
34
416
66
2
1
1
18
28
2
4
1
6
3
6
1
763
43
1
2
7
1
5
1
1
1636
3
1
43
49
1
8
9
8
6
1
1
1
1
3
1
27
17
1
3
1
1
1
42
1
73
1
2
3
90
7
1
5
5
5
1
2
2
1
1
3
15
1
1
1
1
1
1
20
4
5
2
19
4
30
24
1
1
13
1
1
4
3
5
16
1
14
6
10
1
227
14
7
5
3
1
9
3
1
3
1
3
1
11
3
4
41
326
9
1
3
1
2
4
1
27
3
10
88
2
3
5
9
2
493
64
5
1
1
4
3
1
12
4
52
1
2
27
1
1
1
1
1
8
2
10
1
103
6
12
6
5
4
1
2
3
1
2
13
1
7
6
3
1
83
2
54
386
3
83
21
1
32
1
16
8
1
1
3
2
698
1
4
1
36
74
2
1
1
4
2
1
2
1
5
1
37
1
199
1
1
5
1
12
12
1
2
2
1
19
10
541
2
1
6
4
1
1
4
4
1
1
6
1
3
2
4
1
1
1
1
484
1
16
1
94
6
1
63
2
2
7
11
1
2
4
1
2
1
1
1
32
3
1
3
276
4
2
1
7
1
2
1
1
158
16
1
3
6
6
2
2
2
4
7
37
9
1
4
22
8
732
1
1
2
654
20
2
1
5
1
1
1
14
8
129
1
1
1
1
2
5
20
31
15
1
1
2
2
1
2
3
8
1
1
23
2
25
62
1
6
2
6
1
15
1
5
1
1
13
8
36
1
1
1
3
3
5
1
1
4
5
1
2
3
198
30
5
1
20
12
1
1
3
2
1
11
1
1
1
61
28
1
2
3
1
12
11
51
2
11
2
26
1
2
1
2
15
33
1
173
1
6
2
2
1
4
1
7
1
2
1
2
3
1
6
3
2
6
3
176
1
1
1
1
6
21
1
7
384
8
145
4
2
3
89
1
1
169
1
42
1
84
4
57
2
2
1
2
13
1
72
4
380
1
2
1
3
2
1
7
11
4
218
1
26
1
26
1
2
2
32
1
2
1
2
753
21
1
460
24
2
14
5
16
1
1
1
5
1
1
5
1
29
1
1
1
32
1
2
4
3
2
1
207
1190
6
1
15
5
1
14
1
1
1
16
1
2
1
17
1465
2
11
5
1
1
3
1
1
100
66
23
1
10
9
1
5
1
5
1
2
5
21
1
1
1
12
4
4
16
13
1
6
6
1
5
28
2
19
13
2
103
1
4
1
1
16
32
1
57
5
3
1
1
1
1
3
12
2
1
1
179
1
1
1
47
3
1
2
1
17
3
10
1
616
1
23
1
4
1
1
4
1
1
11
1
1395
1
2
1
1
2
8
1
1
1
12
1
1
145
1
287
5
1
3
38
1
2
3
16
2
1
2
1
1
2
235
3
1
335
1
3
2
1
1
407
176
3
6
1
1
3
2
1
6
1
3
1
22
18
1
2
3
4
1
1
81
1
1
1
5
3
2
4
2
1
1
7
1491
52
8
16
6
24
1
8
3
4
1
2
36
3
17
1
1
1
28
21
1
5
8
2
1
48
712
24
113
3
1
351
1
1
1
3
267
3
1
3
1
1
1
31
2
7
2
1
1
19
2
1
1
10
1
1
6
12
4
1
1
2
1
8
2
21
1
8
1
5
9
73
3
5
1
1
31
330
1
1
988
119
10
1
1
77
23
1
474
55
1
20
11
16
1
1
53
1
9
4
1
132
2
1
22
2
2
9
6
1
1
10
1
12
2
3
11
3
1
3
14
139
8
105
14
1
16
1
41
51
2
14
1
4
1
3
1
1
1
2
1
1
212
1
7
2
19
1
4
5
1
1
18
2
1
8
2
4
16
1
2
2
1
1
1
9
1
189
17
9
2
1
104
1
4
5
5
5
19
27
3
4
1
2
3
1
125
1
2
1
5
83
1
20
8
9
2
2
2
1
7
1
1
114
1
1
1
3
2
2
1
1
1
2
1
952
3
2
110
4
2
3
1
2
27
2
7
5
3
7
1
30
126
3
4
1
1
6
1
4
3
27
783
1
1
76
2
141
1
21
2
1
1
50
1
2
2
1
2
3
7
1
1
1
24
8
128
1
2
1
2
2
1
1
1
1
1
3
4
1
161
17
3
7
2
1
1
4
3
6
4
1
1
6
2
1
8
2
3
11
2
139
1
6
15
370
1
3
1
4
3
2
1
4
1
1
13
27
12
1
284
1
641
3
2
1
5
2
6
1
6
1
1
1
2
6
61
2
3
3
2
19
2
1
10
1
1
6
35
6
2
5
275
1
4
10
1
1
140
6
2
21
2
1
1
17
13
1
1
3
18
2
1
11
1
10
2
1
6
1
2
3
1
1
1
1
1
1
231
9
12
6
1
1
124
1
1
1
6
42
5
1
2
25
1
3
3
1
1
1
4
1
2
25
2
1
3
10
1
51
5
1
4
1
2
28
12
2
5
4
2
1
1
11
1
286
17
2
1
34
3
4
9
1
5
65
1
29
1
5
4
1524
1
1
22
3
1
31
1
4
3
2
1
3
89
3
1
13
7
1
3
91
5
1
28
3
4
3
2
17
1
74
1
1
1
1
5
2
2
23
22
130
3
7
6
2
1
1
1
2
2
2
10
1
2
1
3
1
2
1
1
9
1
434
1
1
1
2
1
40
2
5
1
159
2
1
1
2
2
37
43
3
1
2
3
1
2
9
1238
1
1
49
86
8
495
1
193
1
2
6
1
152
6
2
11
1
1
1
6
1
80
4
1
1
163
741
16
1
4
4
2
1
1
8
1
2
2
1
2
18
8
1
17
1
19
41
1
1
1
2
2
1
10
1
2
1
24
3
1
1
6
273
16
5
116
1
6
403
1
3
3
1
202
1
1
5
4
2
1427
2
3
216
9
1
34
161
36
1
1
7
14
1
3
1
2
6
1
1
11
1
1
1
1
1
1
3
70
181
1
3
42
2
1
2
9
46
28
2
2
17
3
3
1
1
3
3
9
1
20
4
15
2
1
11
1
1
2
42
54
1
42
1
1
13
2
4
273
1
19
6
1
1
8
1
11
11
1
16
261
1
11
13
7
257
1
1
9
1
46
3
1
468
41
1
5
311
2
1
1
2
22
133
7
2
2
3
1
1
2
236
420
1
34
1
4
1
3
1
2
1
12
1
2
18
1
2
3
1
24
8
1
1
1
1
115
5
266
16
1
1
1
1
1
1
3
1
9
10
43
1
5
2
1
1
42
3
11
1
1
1
1
1
1
1
2
1
38
786
16
4
1
1
42
10
2
3
27
1
1
1
1
3
1
1
1
2
24
17
9
4
1
8
1
1
1
1
2
10
1
1
6
2
17
1
2
1
1
1
7
48
3
6
7
9
11
5
1
1
1
1
3
1
3
1
8
2
17
1
45
13
2
2
1
1
1
2
9
1
1
3
1
3
6
2
1
1
1
2
5
4
3
1
1
9
51
2
123
18
1
10
4
1
1
2
15
2
34
4
4
1
6
93
1
19
2
1
6
516
3
2
1
1
1
1
3
1
1
24
1
2
30
10
1
1
37
1
92
1
9
2
2
225
17
2
5
15
1
15
96
3
1
4
4
2
1
1
1
78
4
1
46
4
11
6
34
16
3
4
1
114
2
1
4
2
6
1
1
1
2
4
1
1
1
4
2
212
11
2
19
1
1
5
4
1
1
7
1
9
1
1
1
1
1
1
2
12
7
1
1
2
32
2
2
1
2
413
10
4
2
21
11
3
1
3
1
13
1
1
2
2
30
1
1
9
1
1
1
4
2
23
3
42
30
1
5
1
27
2
100
5
10
8
1
8
1
10
12
1
22
30
1
1
4
212
6
1
7
2
2
29
3
265
7
3
1
1
176
1
2
1
8
1
23
1
1
6
1
1
2
2
217
20
23
1
1
401
60
2
1
2
28
2
40
8
7
1
1
1
34
39
167
1
1
5
2
4
2
3
1
3
1
24
1
1
7
5
4
1
26
1
1
1
4
1
1
9
1
2
2
1
1
17
2
18
4
364
3
1
1
2
33
2
1
1
5
9
3
133
2
2
5
5
1
6
722
4
2
1
9
1
1
3
2
1
2
57
6
2
2
1
6
1
1
1
6
1
1
3
173
1
13
11
1
39
4
1
1
1
1
12
4
59
12
622
1
1
1
1
5
1
3
4
1
1
7
1
1
2
5
5
1
1
1
1
200
8
1
1
1
1
2
1
2
2
1
2
133
11
2
1
1
25
1
67
1
1
178
109
51
21
1
3
14
1
1
23
4
20
1
6
1
13
3
1
24
53
32
3
1
1
1
1
1
8
3
2
1
17
1
1
12
4
1
3
2
1
1
1
5
1
31
2
2
1
2
1
1
1
2
1
1
10
1
2
3
9
8
168
6
1
1
1
15
22
9
1
12
1
48
75
18
1
47
1
1
16
1
1743
4
3
1
1
1
1
1
10
7
1
1
11
2
1
1
5
4
3
2
5
5
1
2
2
1
15
4
68
1
6
1
7
2
556
53
1934
346
1
4
1
6
3
5
1
1
3
4
1
1
1
5
2
3
3
12
1
9
1
952
2
1
1
1
7
20
2
7
1
61
1
59
5
8
1
41
1
1
6
22
1
2
95
10
74
1
4
17
4
3
3
3
1
113
16
9
1
60
1
23
5
4
1
1
1
2
3
3
1
6
5
2
8
6
1
1
2
1
184
1
38
675
2
1
1
349
25
1
1
1
1
5
55
2
3
1
1
1
1
7
19
164
1
2
5
16
1
3
1
10
1
3
31
1
2
1
1
10
2
1
49
1
1
1
29
1
1
11
70
1
4
4
4
2
2
1
4
1
9
3
2
1
1
2
1
1
111
1
12
1
1
1
4
7
3
4
7
17
1
3
1
656
1
52
1
1
1
1
12
2
3
1
5
1
8
25
6
2
6
1
32
1
12
1
177
5
3
1
43
4
51
352
185
341
1
1
1
2
2
1
1
1
152
70
2
3
2
1
1
1
12
136
8
1
1
13
23
1
21
2
18
1
3
11
19
2
1
1
1
3
3
1
1
57
1
120
43
1
1
1
8
6
30
2
145
2
1
18
4
1
6
3
1
2
13
117
1
2
651
1
656
1
22
1
1
1
2
1
902
1133
17
1
11
6
2
1
7
1
4
6
1
4
1
289
14
1
2
1
5
14
1
6
3
2
1
3
4
1
457
20
1
3
93
1
8
1
558
515
1
308
3
15
9
3
1
14
22
1
1
1
1
15
1
1
2
2
1
9
1300
1
1
1
15
1
11
1
2
138
3
1
1
5
182
544
6
1
1
6
1
2
1
9
77
27
1
2
2
2
2
1
4
5
3
2
4
2
1
6
5
2
1
1
1
295
3
1
2
1
10
100
302
1
33
1
89
1
2
1
23
10
8
60
4
5
1
1
1
4
1
2
3
6
44
1
7
22
2
6
3
7
2
17
3
2
3
2
1
1
1
2
1
2
1
38
3
9
445
692
52
5
8
5
7
1
4
1
5
3
186
1256
1
5
1
4
3
1
607
13
1
27
1
32
1
2
3
1946
42
1
2
60
3
2
1
1
1
20
1
44
1
2
13
4
1
1
3
1
1
30
3
1
281
2
1
3
1
3
1
1
1
1
10
2
3
1
4
2
3
1
5
73
101
25
1
1
1
153
1
1
1
8
8
1
1
10
1
1
1
44
2
2
1
2
1
2
2
1
2
1
2
18
1
3
1
2
44
58
80
1
2
63
2
2
1
9
1
1
1
3
1
6
7
2
1
3
2
3
7
1
1
9
3
1
5
6
4
6
7
1
5
1
5
1
2
1
41
2
107
3
2
2
1
1
1
1
19
86
1
1
5
168
4
94
6
1
1
1
9
1
1
1
197
1
8
1
35
3
1
3
157
1
51
1
4
3
11
62
81
112
1
2
1
1
2
2
177
3
3
36
1
15
100
2
2
1
1
1
15
2
1
2
1
1
1
2
10
1
1
106
3
2
1
11
1
1
2
29
4
9
1
25
139
12
1
1
2
1
7
3
2
1
5
61
50
198
5
455
8
1
1
1
1
1
12
1
6
1
1
1
15
22
1
14
1
473
1
2
1
44
11
1
1
3
2
21
2
1
10
4
9
1
5
1
2
186
1
7
3
1
1
25
2
20
6
5
4
1
1
5
8
139
3
82
207
2
6
2
14
1
20
1
165
1
151
1
1
2
1
30
1
5
3
1
7
4
1
4
2
21
2
5
1241
6
4
51
1
1
1
3
2
1
4
1
59
1
23
1
9
1
8
3
2
1
1
3
2
3
137
1
2
2
1
1
1
1
5
1
1
1
1
6
5
36
10
31
4
1
307
8
4
55
1
1
4
1
1
7
212
770
1
1
2
1
4
1
1
1
2
77
2
2
5
6
19
27
38
1
2
78
2
1
1
1
1
1
1
12
5
1
1
1
53
1934
185
175
2
1
4
2
4
3
6
1
1
4
226
7
2
2
1
21
1
9
4
1
1
6
2
11
3
1
1
2
21
4
1
1
3
1
16
14
84
2
4
1
1
2
2
38
2
464
1
1
1
9
3
4
1
11
16
26
8
316
1
1
1
10
63
5
2
21
1
1
3
4
1
1
181
4
1
2
3
1
1
1
1
17
2
12
1
9
1
31
4
13
33
9
1
1
3
2
3
5
2
103
2
4
2
3
1
1
1
3
1
2
1
82
1
2
8
3
13
1
1
8
5
1
3
1
1
1
42
3
8
8
3
2
63
3
11
2
5
1
1
10
5
17
1
1
4
1
22
270
4
141
33
21
1
1
1
117
1
10
1
1
3
2
3
2
1
35
1
1
2
10
3
2
13
165
5
4
121
1
5
1
1
26
1
1
1
1
178
1
1
1
12
1
1
1
67
1
1
1
2
53
1
1
8
4
1
2
40
1
5
6
1
15
1
30
4
6
17
6
8
65
9
37
7
1
337
8
17
29
1
20
1
7
2
2
2
1
1
8
8
486
4
1
1
1
3
254
1
5
6
1
1
2
41
8
1
1
1
4
1
5
8
1
1
4
2
1
5
2
1
6
1
1
1
1
2
1
8
5
3
21
4
280
1
2
1
1
100
8
57
10
2
1
1
2
10
1
9
26
1
69
33
2
1
5
1
4
1
1
3
3
1
1
14
5
123
2
2
1
7
5
12
6
6
5
1
1
2
41
3
1
1
4
3
1
1679
1
6
5
44
12
1
1
5
2
113
1
10
4
14
8
6
1
2
1
1
1
2
8
1
1
1
4
1
4
1
1
2
6
1
4
8
3
1
4
1
3
1
1
1
3
3
2
1
1
1
1
22
17
1
3
2
20
15
3
2
1
1
86
28
3
1418
62
3
1
1
1
1
2
6
1
11
19
2
293
2
24
15
3
9
1
1
1
1
74
11
10
122
1
7
2
4
459
3
1
45
1
8
1
2
1
42
1
339
2
1
5
1
4
1
2
3
1
1
1
2
4
6
13
3
3
10
24
1
13
1
4
6
48
1
166
1
15
2
24
1
2
1
1
1
1
1
5
360
2
10
3
1
1009
285
1
1
4
3
2
150
27
1
3
2
23
236
1
1
1
1350
6
8
4
1
141
5
94
4
2
1
17
5
2
1
4
16
123
641
1
4
4
1
640
1
6
1
3
1957
1
19
1
1
1
1
1
11
1988
37
3
5
2
6
8
1
2
7
1
24
1732
76
396
1
21
93
3
1
11
11
8
42
1
1
1
1
1
5
2
1
4
1
2
2
1
1
1
10
38
2
4
1
1
1
12
56
7
1
13
66
20
2
1
3
5
3
1
9
56
62
1
1
1
2
1
3
1
5
3
1
10
4
1
1
9
2
13
1
1
1
1
2
2
1
1
76
1
4
1
6
2
3
1
29
1
2
1
8
12
2
1
1
74
4
3
11
1
1
1
3
15
2
3
1
3
2
1
2
9
13
1
2
7
2
2
3
69
5
6
20
375
1
11
1
27
1
9
143
1
1
1
1
21
28
1
1
1
3
1
2
9
1
1
7
28
4
1
1075
1
1
1
2
1
1
1
84
10
3
1
127
1
2
1
1
1
1
7
90
2
4
3
1
2
38
1
4
1
3
3
12
1
1
210
4
2
2
8
5
43
5
2
1
113
1
67
1
12
46
2
1
12
4
2
291
8
1
1
6
7
1
1
4
14
1
2
4
1
2
1
1
3
4
12
15
1
2
1
4
1
3
4
1
1580
9
1
1
1
1
1
1
1
1
8
70
14
4
2
1
69
7
1
256
2
1
2
1
2
1
25
1
1
3
1
14
20
4
7
2
4
2
15
1
3
1
1
2
73
2
1
1
3
7
8
128
2
11
4
34
1
311
13
1
3
1
1
1
1
375
41
2
316
3
2
1
1
7
3
6
1
10
1
4
3
1
1
3
287
1
1
17
36
2
7
24
3
28
5
108
41
1
120
5
1
28
7
1
1
6
19
2
4
55
2
3
1
12
98
389
1
1
1
35
1
2
20
1
6
1
5
696
40
3
13
4
2
1
1
6
1
63
2
616
1
31
5
1
2
80
1
2
1
802
40
2
5
1
1
1
1
3
1
1
1
3
1
1
1
4
3
2
21
2
3
1
2
2
2
3
1
2
8
5
5
9
9
1
1
1
59
20
1
15
1
2
1
2
1
3
2
2
2
5
17
3
1
1
2
5
68
1
29
1
1
1
1
1
3
229
26
571
3
9
1
4
18
1
7
687
1
1
248
3
11
3
1
8
5
1
2
15
3
1
4
27
4
2
5
67
328
1
9
12
61
1
4
2
4
2
4
1
3
1
2
1
1
21
1
1
20
1
11
1
2
47
1
3
1
5
1
9
3
99
2
1
1
4
1
2
1
8
1
1
5
1
1
1
1
7
48
1
1
2
1
1
1
154
1557
1
85
1
9
34
2
2
2
1
50
75
68
1
4
3
1
1
1
1
1
2
5
2
3
1
1
1
12
2
4
4
2
4
213
7
1
1
1
1
1
6
1
1
1
1
1
1
7
4
21
1
16
2
1
2
6
4
1
2
1
1
1
16
1
1
3
76
1
5
8
1
11
1
2
1
75
68
1
30
7
2
1
1
5
28
1
1
2
7
2
36
3
1
2
1
42
1
1
448
5
1
1
7
1
688
2
20
1
10
7
5
1
15
1
9
9
2
1
4
3
62
42
1
2
13
2
1
4
1
1
1
2
33
1
1
22
4
27
1
50
47
1
1
1
5
1
2
1
1
3
1
56
1
1
3
229
3
1
23
1
2
1
35
1
1
1
1
1
237
9
6
1
9
19
492
2
6
2
1
1
1
18
1
3
1
1
1
1
502
3
1
3
1
1
4
40
5
5
1
3
1
1
29
607
9
135
6
3
1
27
1
2
3
4
2
1
4
10
1
7
1
243
2
57
1
40
1
1
2
6
11
7
2
1
1
114
177
4
1
3
2
4
13
1
1
1
6
3
1
1
1
2
4
4
1646
225
5
4
449
8
22
1
1
1
16
1
2
1
3
1
51
1
1
1
1
1
1
1
1
1
1
3
1
6
1
113
1
7
1
1
1
2
4
1
1
3
1
1
2
2
7
1
1
1
1
1
1
277
1
1
199
5
3
17
3
1
1
30
3
19
1
1
1
7
1
166
1
2
2
1
1
337
2
2
6
7
1
62
123
2
8
144
3
4
1
1
3
3
2
2
2
1
2
1
1
1
1
6
34
1
3
1
23
281
1
1096
2
2
10
1
2
11
1
2
1
1
23
1
18
1
2
5
4
3
48
5
2
2
3
1
1
5
18
1
1
17
1
6
4
316
1
45
1
1
162
1
4
424
113
1
16
17
1
2
2
2
4
3
1
2
133
3
58
1
5
14
26
1
149
1
2
1896
2
18
3
2
1
1
3
1
21
1
5
8
3
13
2
5
1
3
1
1
153
2
9
1
5
1
1
6
1
1
1
6
449
4
6
24
2
5
1
1
13
1
2
2
1
2
1
1
2
2
1
3
1
1
4
34
1
7
6
1
84
4
22
5
1
2
1
2
1
45
3
1
1
1
1
18
1
3
3
3
1
106
6
1
2
4
5
1
1
1
15
4
1
1662
3
31
2
1
2
1
1
1
1
1
22
7
2
1537
9
1
1
1
1
4
1
2
1
1
1
1
1
7
6
5
1
36
951
2
7
4
1
30
1
1
8
138
1
1
2
2
8
54
17
6
2
2
3
7
4
1
2
2
24
1
1
1
25
1
1509
6
1
1014
4
5
1
173
9
16
7
1
39
386
5
4
7
2
4
6
1
4
4
1
1
1
2
1
5
1
1
8
12
5
1
2
3
1
5
2
2
1
58
291
1
9
18
1
6
1
1
1
3
1
171
2
1
2
1
9
4
1
6
6
6
1
3
22
1
36
2
3
9
377
5
2
94
1
15
3
1
1
2
4
5
1
16
3
8
1
5
1
37
117
1
1067
2
475
2
8
15
5
3
6
1
3
6
31
1
2
2
1
1
4
11
2
6
5
194
1
1
2
6
1
23
3
7
10
1
5
7
46
15
1
263
23
5
7
1
62
17
108
1
3
1
1
155
4
3
2
224
3
64
2
29
3
4
2
24
1
1
1
1
1
13
94
1
1
59
7
4
4
1
1
1
7
7
4
2
5
1
1
4
3
1
1
14
1
1
2
1
15
1
2
1
1
34
1
15
1
5
3
1
2
1
4
1
1
13
100
5
10
1
1
3
4
20
1
3
1
2
1
1
44
6
1
1
1
1
1
1
686
116
1
6
1
1486
32
475
1
4
2
5
15
1
3
1
3
1
1
1
7
28
2
7
6
2
3
1
2
1
2
1
1
5
1
62
5
3
1
1
9
12
1
2
21
9
79
3
2
9
1
48
1
1
4
2
8
2
1
3
391
13
1
2
2
2
2
1
265
4
1
3
1
1
122
1
3
2
1
1
6
8
2
3
17
6
1
2
1
1
579
1
8
1
2
2
7
33
5
38
3
16
1
21
3
20
2
1
15
1
1850
1
1
6
17
1
2
3
7
1
2
1
2
1
1
27
1
2
12
965
2
1
3
1
3
1
401
1
10
1
1
1
1
1
5
1
4
1
3
272
1
3
2
1
3
5
1
1
54
2
2
1
5
2
18
1
1
1
3
1
1
89
6
2
1
3
1
3
1
46
1
22
1
2
4
1
4
46
1
5
4
2
1
4
11
2
14
3
5
10
1
2
1
3
1
2
2
2
3
1
24
1
1
1
1
2
2
1
5
2
2
128
1
5
1
193
8
2
1
3
8
1
10
1
3
5
1
1
1
14
29
562
2
1
1
1
1
11
1
12
14
146
1
1
1
1
1639
4
2
7
21
1
2
1
1
1
1
6
111
1
3
1
1
6
1
2
53
8
1
1
1
1
1
8
3
2
52
1
18
8
1
30
13
6
1
1
1
2
1
7
1
5
9
3
20
1
1
1
2
110
50
84
1
2
11
5
1
5
7
16
32
3
1
9
66
1
1
1082
3
3
9
1
54
10
23
2
1
1
2
2
8
14
2
2
26
1
4
1
11
1
2
1
43
2
4
1
10
2
16
2
1
16
83
1
3
11
1
256
1
1
80
46
1
2
7
1
5
1
1
13
6
10
1
2
1
1
14
1
2
1
10
4
1
2
1
16
17
4
5
1
65
1
1
1
2
14
3
1
1
1
1
1
1
1
1
2
8
5
3
2
8
41
22
1
4
10
68
1
85
2
2
1
2
3
1
2
1
2
2
1
1
1
112
1
9
1
1
1
2
150
1
1
220
1
8
1453
1
9
1
4
4
1
2
3
2
109
4
145
1
2
1
1545
2
61
47
2
1
1
1
1
1
1
1
1
3
4
19
13
4
20
1
1
94
5
1
3
4
6
8
13
1
1
4
1
2
11
20
1
1
1
1
1
12
1
3
43
1
20
2
2
2
6
1
1
4
2
1
1
2
2
4
6
4
3
3
6
6
163
1
55
3
1
1
46
3
1
1
2
33
1
3
12
1
55
3
3
12
1
1
1
29
3
2
28
1
4
10
4
407
2
1
4
1
7
7
5
69
5
11
1
2
1
347
1
2
9
2
3
1
4
3
1
16
5
1
1
6
3
5
4
142
2
15
4
1
61
5
1
2
1
9
2
60
2
11
14
141
96
10
9
2
3
2
2
1
2
9
1
8
50
2
4
3
5
3
1
5
1
3
1
1
1
1
4
26
727
16
2
198
2
1
7
51
4
3
1
32
1
5
2
12
12
1
41
1
3
3
4
2
2
2
5
1
6
1
1
1
1
83
30
61
1
1
2
1
58
1
1
1
4
1
303
17
1
2
2
1
10
1
587
1
31
2
28
216
1
10
1
1
11
1
1
33
1
3
13
18
1
1
1
1
3
30
2
1
1
7
3
17
1
841
1
2
4
1
2
1
3
1
12
1
4
3
1
2
2
6
2
4
13
115
1514
2
7
1
3
7
2
6
11
3
3
1
17
329
1295
1
75
1
265
146
1
2
2
1
6
256
1
2
547
3
1
1
3
2
1
1
1
1
1
1
2
4
4
426
1
16
1
1
1
6
2
112
2
18
446
1
1
3
49
6
13
2
13
1
1
6
6
1
1
2
408
1
16
1
3
8
1
1
1
1
1
1
1
6
2
68
1
38
5
288
2
4
7
8
1
84
8
1
2
1
14
1
1
1
1
2
1
18
1
1
3
1
1
3
2
3
1
1
7
1
1
21
1
3
1
1
1
1
9
25
3
1
1
3
1
1
57
233
7
2
1
1
2
190
45
3
1
4
8
1
1
1
1
1
1
1
2
1
2
1
1
7
71
1
14
3
4
2
3
1
1
2
2
29
527
2
1
1
1
40
5
1
1220
1
4
1
1
131
6
1
1
1
15
2
279
1
4
1
1
1
1
5
1
3
2
12
2
12
1
1
3
1
8
1
4
2
2
1
1
2
3
7
1
2
7
27
1
915
140
2
2
1
2
6
1
958
566
1
13
2
1
2
4
29
2
1
1
1
12
203
5
10
1
2
3
1
82
2
11
14
3
7
2
1
8
1
13
9
1
36
3
1
8
3
3
1
2
2
3
5
1
18
85
3
3
1
12
1
1
12
23
6
2
1
2
10
1
3
1
4
14
3
2
68
1
3
9
1
1
1
2
1
1
657
1
3
5
47
77
1
293
1
71
1
13
2
1429
1
8
6
4
2
12
1
3
26
2
1
3
10
35
1
29
2
3
3
2
1
13
6
1
38
1
1
54
2
1
1
1
2
1
3
1
1623
2
177
1
2
1
1
28
8
1
2
18
8
11
1
9
5
2
20
139
10
1
1
40
34
1
1
1
1
1
2
26
15
16
15
3
2
3
56
2
1
1
1
1
1
3
1944
1
6
4
112
2
3
4
53
1
1
2
1
2
2
5
1
3
1
1
1
5
4
3
13
3
2
2
8
1
1
1
1
4
8
1
1
2
2
211
1
3
1
2
5
49
1
4
1
5
18
2
1
3
1
1
1
8
2
1
1
518
1
1
1
4
4
4
123
1
3
1
1
6
1
39
6
48
1
1
1
1
2
3
91
1
22
2
1
1
3
2
2
1
2
1
6
2
2
2
2
1
1
1
17
1
9
9
1
2
1
1
1
2
17
1
40
1
2
2
1
5
1
1
1
5
1
2
5
3
1
452
816
4
7
1
4
3
1
3
13
21
1
2
20
3
3
1
81
2
1
1
1
1
13
1
37
34
3
33
1
3
1
3
6
3
1
1
1
1
1
148
88
70
1
19
35
1
1
4
8
1
1
2
24
1475
4
1
2
1
2
1
10
1
1
1
4
3
12
1
1
14
3
1
4
3
31
147
8
1
18
5
1
3
2
2
8
74
1
1
1
1
6
1
1
1413
1
41
1
7
18
58
1
4
91
5
1
4
118
1
7
1
3
2
5
76
2
14
1
2
1
1
2
2
18
1
1
421
483
1
1
3
1
1
4
6
38
22
4
1
2
142
1
3
2
5
2
1
1
1
1
1
2
21
1
2
1
1
21
23
1
6
2
1
1
1
3
17
1
2
1
25
1
3
1
8
2
1
3
55
2
1
1
1
3
8
1
65
19
1
1
7
1
1
3
31
52
10
3
1
5
1
1
1
3
1
48
63
1
21
2
3
365
1
1
1
49
1
21
1
37
1
9
4
1
21
1
4
3
1
1
1
1
1
1
1
2
2
1
65
435
1
1
1
1
1
1
4
2
5
1
6
2
9
1
1
2
1
2
1
1
1
1
1
111
433
1
4
1
6
1
1
2
56
1
1
12
79
2
1
1111
2
1
536
2
37
1
5
1
1
1
2
1
1
7
3
1
1
1
31
157
4
67
1
1
19
2
1
20
1
1
10
1
2
1
1
3
4
1
2
1
6
37
5
95
14
1
32
17
10
1
3
2
1
1
5
2
37
42
38
2
2
1
1787
1
2
2
1
356
1
1
1
1
1
1
4
15
7
3
1
1
1
2
1
1
5
1
2
3
36
2
1
2
2
14
6
4
1
4
36
1
3
1
1
1
16
586
1
1
1
1
59
1
3
2
11
1
7
3
4
8
17
1
1
3
4
2
3
1
3
2
1
2
8
9
1
1
1
10
88
2
1
7
2
17
3
15
10
22
1
2
1
3
1
14
2
5
1
7
26
12
1
1
18
460
6
56
1
2
1
307
1
6
11
1
1
4
2
3
2
1
132
8
8
36
331
1
3
7
1
19
1
3
9
379
62
10
2
229
2
1
1
2
126
2
2
1
32
1
3
2
1
1
1
1
2
5
1
6
1
6
6
2
22
2
1
1249
9
1
1
2
16
8
12
8
18
1
2
22
1
1
1514
1
1
4
1
2
110
16
2
25
1
1
6
1
1802
124
2
1
4
2
2
5
91
2
1
1
7
1
26
3
137
92
1
10
3
1
2
668
3
2
471
1
4
2
111
1
1
134
1
6
1
19
23
1
1
2
1
1
37
47
21
1
1
6
12
12
2
1
1
2
2
57
5
1
1
2
2
13
67
1513
1
1
6
2
6
18
1
3
1
2
1
2
2
1
8
1
17
1
8
780
1
1
3
1
9
19
17
2
4
3
39
1
2
1
1
1
1
2
2
1
2
28
1
2
1
1
32
1
2
1
10
1
3
4
1
1
94
8
1
11
1432
2
269
4
10
1
34
1
62
6
2
2
2
1
1
2
4
3
1
1
2
1
361
1
14
8
2
1
1
4
4
4
1
1
6
2
1
1
8
7
1
1
2
2
2
1
1
104
4
1
259
1
1
1
1
1
1
5
89
3
1
1
1305
3
1
26
1
8
23
1
322
5
1
1
7
2
1
1
6
2
4
68
1
5
5
4
1
16
1
1
32
1
2
60
1
21
1
2
7
51
29
4
7
3
14
58
1
2
1
134
1
2
1
1
24
1
2
1
3
1
1
6
4
27
6
52
1
1
11
57
2
4
1
2
19
3
1
2
911
2
2
1
1
12
1
2
215
2
2
1
22
8
399
2
2
8
1
2
1
1
5
1
1
1
59
6
2
1
2
13
251
1
17
1
5
4
2
1
1
1
4
11
2
20
11
2
47
2
2
1
2
575
13
59
54
180
18
1
1
300
11
1
6
1
209
1
1
11
4
1
9
17
1
1
1
1
22
1
39
1
1
5
4
803
2
1
1
1
1
1
19
1
10
1
1
2
1
7
1
213
4
1
596
2
1
5
2
1
5
3
2
136
57
178
5
2
29
1
1
1
7
16
2
1
1
1
6
1
128
1
1
59
294
8
47
2
1
1
14
1
3
1
4
1
2
4
1
287
1
34
37
2
96
11
3
1
1
5
49
2
4
42
2
4
2
4
1
2
9
1
14
1
2
1
1
19
2
1
5
3
18
1
1
73
15
3
1
2
62
1
3
2
589
6
2
2
1
24
2
6
1
244
4
3
2
8
1
1
1
1
1
1
15
3
14
4
8
27
9
9
14
1655
155
108
4
2
1
1
1
1
3
122
6
2
1
2
1
1
158
33
3
1
1
9
3
1
61
4
2
5
1
2
1
3
4
1
18
1
1
1
2
1
27
4
38
6
29
5
1
1
2
66
6
5
3
14
2
18
1
1
3
567
1
34
110
55
8
1
5
1
1
3
4
1
1
7
6
2
9
2
1
2
1
3
2
6
1
1
59
1
12
8
8
2
1
4
907
9
50
1
6
3
1
3
3
2
1
1
14
1
19
1
2
2
1
2
5
22
2
1
160
1
1
8
2
2
3
2
132
4
2
26
1
2
2
24
1
2
1
1
4
17
1
1
1
2
5
38
318
2
3
6
171
25
2
2
1
2
31
4
9
53
63
37
1
6
7
33
2
3
1
3
1
5
258
3
1
2
1
4
1
1
3
2
1
1
12
29
121
39
1
1
4
1
1
16
2
265
9
2
1
1
2
1
1
1
6
2
13
1
3
2
22
37
5
664
6
2
1
1
1
27
4
30
1
4
1
17
15
1
3
4
1
2
2
2
2
9
1
11
5
1
4
59
14
2
2
1
53
225
1
15
1
24
1
14
7
2
3
2
2
13
1
1
2
2
1
1
15
1
1
1
25
1
1
3
1
1
1
6
1
4
22
3
3
11
1
5
371
56
5
2
6
1
2
1
1
1
1
1
1
1
5
1
82
5
1
5
1
1
162
1
7
1
5
1
1
4
2
7
3
41
65
1
1
4
12
2
1
8
227
1
6
1
22
1
2
1
4
10
1
1
3
1
16
1
19
11
2
1
1
210
6
3
3
3
1
3
3
1
1
1
1
1
1
5
1
470
18
4
4
1
1
1
1
1
3
1
10
2
7
27
1
19
6
1
3
6
1
1
5
7
273
8
1
1
6
1
2
9
1
1
2
10
1
1
5
18
2
3
104
2
2
1
38
1
2
1
1
4
1
2
2
16
1
3
52
3
1
1
9
1
1
1
8
18
2
20
22
25
1
7
1
1
8
6
3
86
381
2
2
2
1
20
1
1
4
1
3
1
45
952
1
32
7
11
4
3
1
23
2
1
1
1
15
29
1
20
5
16
17
7
1
1
10
18
34
4
45
2
3
1
23
1
1
1
6
2
1
11
1
62
4
17
6
1
1
1
23
27
1
1
3
8
1
4
1
6
1
1
1
1
5
1
19
1
11
1
2
1
9
1
1
2
7
1
1
3
1
2
4
1
6
1
1
2
1
1
37
8
159
4
2
4
1
3
4
5
2
16
46
1
1
4
1
2
1
1
3
10
19
1
7
10
4
10
91
1
1
2
5
8
3
8
1
2
2
16
2
1
2
2
1
20
1
4
1
14
1
3
1
1
1
6
36
1
5
4
3
1
2
1
1357
2
112
4
2
22
19
1
2
2
93
3
3
3
1313
1
9
2
1
12
1
18
1
5
2
1
3
1
1
1
20
8
1
1
545
1
522
1
2
1
11
1
1
1
1
7
12
2
33
1
13
1
1
96
20
11
44
9
5
4
1352
1
10
2
5
1
6
2
169
4
1
1
1
2
263
2
1
3
35
1
1
7
1
2
2
1
49
123
4
2
2
14
3
6
159
1
3
3
1
12
2
12
1
1
2
1
4
6
1
69
1
2
2
1
1
1
170
6
322
26
1
20
1
6
7
9
2
1
7
77
1
6
1
29
8
1
2
1
1
1
1
1
10
1
1
29
4
1
1
97
4
1
6
3
2
36
3
2
1
6
1
1
7
2
33
1
2
2
1127
1
57
1
2
1
24
1
11
43
1
2
1
1
2
1
16
1
33
1
2
1
2
3
1
1
57
3
297
1
503
2
26
43
10
1
10
1
1
1
12
3
1
1
52
31
45
118
1
1
1
2
3
1
6
6
1
1
8
3
1
9
4
4
252
1
24
12
10
3
6
4
7
2
3
119
1
23
1
14
1
1
437
2
2
2
1
1
1
2
2
1
1
2
3
181
37
9
1
1
355
2
1
32
3
2
7
1
1
5
1
3
1
1
2
14
2
3
14
3
1
1
43
24
6
4
1
1
1
2
33
1
104
1
1
1
2
26
1
1
1
3
4
1
6
2
166
95
1
3
1
2
1
2
2
1
490
1
142
1
1
2
1
1
339
5
37
24
22
2
1
2
2
7
1
24
824
2
1
8
1
3
1
7
2
10
1
1
24
3
1
1
1
1
1
1
1
7
3
20
4
132
43
2
1
45
1
3
2
5
1
4
6
5
7
8
4
4
258
799
6
6
3
12
3
1
1
1
3
1
1
2
44
28
1
1
1
2
2
15
2
1
1
5
1
1
2
19
2
6
255
1
14
1
1
8
13
12
2
1
1
7
1
2
1
9
9
1
3
2
1
1
107
1
25
7
1
12
1
2
1
8
1
198
85
5
2
28
310
1
1
1
11
2
1
5
43
27
33
1
3
6
1
6
51
3
3
1
2
152
1
9
3
2
3
27
8
1
1
44
1
2
1
1
1
5
4
1
4
1
1
1
393
1
45
1
1
579
2
428
1
6
2
18
3
2
5
1
325
2
1
2
13
6
1
9
2
4
1
14
1
479
3
27
1
3
67
1
1
5
4
25
1
39
19
1
1
1
1
33
23
1
3
1
1
3
1
580
7
1
8
6
2
1
1
18
19
10
1
1
1
4
1
35
1
2
3
1
33
6
2
1
1
60
1
30
2
26
1
1
106
2
53
1
9
1276
537
47
1512
3
16
638
4
4
3
1
1
172
2
1
4
3
4
3
1
303
19
12
1
3
3
1
2
48
3
5
1
1
128
364
1
9
9
1
1
1
1
15
2
1
1
1
3
2
1
1
1
5
1
1
2
2
62
1
356
5
1
12
6
1
32
42
3
3
2
18
4
5
1
1
35
2
3
1
74
1
1
2
2
1
1
3
5
1
83
5
1
2
1
174
1
3
6
6
9
1
6
2
88
5
1
3
5
1
2
5
16
8
2
1
17
1
1
1
29
1
4
3
7
1
6
5
1
3
45
1
9
2
13
15
1
1
3
1173
1
1
1
3
17
1
3
1
1
1
5
419
1
4
1
1
13
49
1
50
1
1
1
132
1
1
1
2
8
1
10
1481
2
24
2
3
35
21
3
9
3
2
910
5
3
1
49
1
1
1
2
1
2
3
3
1
1
2
2
1
3
63
1
27
71
1
3
2
1
1
1
13
1
2
1
1
1
26
2
6
1
10
34
426
1
1
9
3
1
2
3
3
3
2
90
2
1
22
1
1
2
2
16
5
1
3
71
1
1
2
1
2
5
9
1
2
1
16
4
1
200
1
1
3
1
5
1
1
2
32
46
28
1
1
11
191
1
58
1
3
2
7
3
1
21
1
1
1
4
73
1
53
1
1
1
1
8
1
13
1
213
1
1
4
3
1
1
14
1
6
3
1
3
1
1
1
3
3
4
45
1
1
12
3
6
1
20
2
6
87
1
154
16
11
62
3
1
3
417
155
2
2
1
11
1
4
2
2
1
1
73
1
68
1
59
5
13
2
2
4
4
10
2
2
5
1
1
1
3
49
17
20
2
8
1
3
13
5
1
1
27
1
726
3
8
41
16
1
1
1
1
1
1
2
4
843
100
4
5
1
1
18
2
1
1
4
2
3
1
12
2
1
1
7
81
30
1
1
2
2
1
2
1
9
3
5
8
2
2
2
66
1
91
1
1
1
1
20
1
311
1
1
2
1
1
4
1
2
7
1
4
8
5
16
1
25
2
2
2
15
212
2
1
13
1
1
1
58
15
13
1
1
27
2
1
2
2
1
2
16
1
305
66
2
1
142
1
1
1
1
3
1
2
4
11
8
4
1
3
32
49
1
1
1
2
2
1704
1
2
1
1
18
6
1
17
10
2
2
1
5
2
4
1
1
22
6
1
1
2
1
1
14
1
6
2
1
1
1
1
1
1
7
32
1
7
8
1
1
1
1
5
1
1
1
3
2
1
1
1
7
1
54
2
12
13
1
9
6
3
19
1
5
1
1
9
7
1
1
1
1
1
58
4
1
55
4
1
56
16
1
13
2
10
2
3
3
10
3
2
3
1
1
3
3
8
1
14
12
2
7
1
3
1
2
1
1
2
4
9
1
1
3
1
1
1
3
32
6
1
186
14
8
29
128
76
3
1
1
1
1
3
1
3
2
213
1
2
13
15
1
15
2
5
1
2
8
1
1
1
1
2
12
3
1
3
2
2
1
1
2
2
1
937
2
2
3
1
2
1
1
1
3
3
1
1
4
5
2
1
23
790
1
163
1
1
1
3
1
1
9
1
2
1
1
2
1
1
8
13
6
1
6
10
1
9
3
2
1
276
2
1
3
9
345
44
2
1
22
1
1
1
1
1
3
1
1
2
1
2
13
1
112
1
5
1
4
4
6
21
4
615
1
22
149
1
2
1
9
3
1
2
2
1
1
1
1
4
9
1
5
98
6
1
1
43
1
3
1
3
2
2
1
14
6
1
1
2
77
3
5
1
5
1
37
1
18
11
2
1
1
2
8
1
20
4
17
2
6
1
1
1
2
20
1
1
1
1
5
1
2
5
7
1
41
1
5
1
3
60
1
2
1
3
5
1
2
10
1
22
1
1
139
2
1
2
4
1
266
8
1
14
1
3
85
1
2
10
1
1
1
48
288
2
1
10
1
3
4
6
486
1
2
7
5
1
67
3
1
1
7
2
164
5
16
2
6
1
1
2
1
1
1
187
2
1
11
178
3
6
1
9
47
2
8
1
101
1
446
29
147
17
1
1
114
357
1
3
4
1
4
1
1
1
13
3
3
1
29
6
1
3
1
1
2
2
2
9
14
2
1
1
1
1
3
6
5
19
1
1
12
3
1
1
2
19
11
4
20
1
9
1
1
1
3
1
1
2
1
2
1
4
3
3
1
2
2
1
2
70
1
1
7
1
1
28
1
11
1
4
2
8
1
3
8
3
1
1
1
1
1
1
2
2
1
38
1
1
78
1
1
12
2
2
3
1
1
1
3
2
4
1
1
29
61
1
1
6
2
13
5
3
2
10
1
2
1
1
3
18
556
1
1
4
1
1
3
10
2
1
2
39
2
1
1093
5
47
132
3
3
3
39
3
35
1
2
1
5
24
23
1
33
2
1
1125
76
2
3
12
1
1
25
1
5
7
6
15
15
55
21
7
1
19
1
1
1
2
13
2
1793
11
5
3
1
3
13
31
2
1
3
2
1
2
3
1
5
1
2
1
40
1
5
1
2
3
92
1
1
2
1
8
1
3
1
1
8
73
2
1
1
1
1
1
4
40
106
1
3
1
1
1
1
8
15
39
68
1
1
17
12
1
3
1
34
1
1
2
1
2
1
173
5
7
1
1
6
5
11
1163
2
4
2
41
2
190
5
1
1
1248
1
5
4
2
1
1
1
2
1
1
20
1
1
1
1
13
1
1
9
1
2
2
2
2
24
1
15
1
6
7
2
1
1
87
3
3
1
2
32
1100
1
23
2
1
2
1
2
1
1
32
3
7
5
1
2
2
17
1
1
3
115
1
20
2
31
1
5
2
24
11
5
1
1
2
1
2
1
5
1
1
3
18
1
3
153
2
60
3
1
6
27
2
1
5
226
1
13
3
8
3
2
27
2
4
1
4
1
2
1
1
3
1
5
26
2
1
6
1
10
1463
105
12
1
1
2
134
8
1
9
1
1
2
4
1
4
2
2
2
1
2
4
280
4
3
28
2
2
1
1
132
2
6
5
15
1
1
12
1
1
15
1
1
6
24
132
1
1
2
1
1
1
1
1
2
5
9
6
2
7
19
7
1
16
1
5
4
1
13
1
1
1
9
2
1
5
4
2
3
1
2
2
1
3
17
6
2
17
6
7
1
6
1
1
4
1
1
2
19
27
7
1
10
1
3
1
1
29
8
64
1
1
1
17
3
14
549
1
1
3
4
5
34
1
10
4
1
266
1
5
15
5
2
1
1
1
1
1
12
5
12
1
2
1
1
3
24
1
4
2
1
2
1
34
1
2
1
5
1
6
3
1
2
119
1
1
19
3
832
14
2
5
3
194
10
1
4
1
2
1
10
1
1
1
1
2
1
1
1
7
1
7
1
1
1
35
10
11
10
3
233
1
436
10
1
4
1
7
1
13
1
7
1072
265
2
1
1
4
9
1
1
1
1
5
10
3
49
1
1
1
2
1
10
1
1248
1
1
1
3
1
5
1
1
10
2
2
136
9
3
1
1
1
1
1
4
1
4
1
7
160
1
15
1
22
2
1
1
2
3
1
1
12
1
9
1
4
1
2
2
2
3
2
1
1
2
4
3
3
3
1
1
2
3
69
3
31
11
1
4
2
2
1
4
1
2
894
8
2
3
45
46
171
159
37
11
29
2
486
1
6
2
2
1
30
5
2
13
1
2
2
1
5
32
2
2
1
3
6
1
1
1
16
1
29
4
1
1
45
2
1
2
2
2
1
1
2
5
3
63
1
1
16
2
10
1
1
2
1
13
6
1
1235
1
313
11
1
9
5
1
4
7
1
2
43
2
1
1
1
1
2
1
1
62
1
4
1
1730
63
2
2
1
9
2
1
1
1
1
2
4
14
5
1
166
2
1
1
8
4
2
4
290
18
2
1
8
2
456
1
500
1
1
3
3
2
37
1
2
2
1
3
1
1888
39
4
1
2
1132
2
2
2
1
3
3
1
3
3
2
1
2
414
52
2
4
2
1
2
1
2
3
2
1
9
1
8
2
4
1
1
17
2
1
3
4
1
13
7
93
3
24
1
1
7
2
1
3
1
11
54
1
1320
10
5
1
154
2
1
32
1
1
864
362
1
3
3
351
7
1
1
4
1
1
7
3
15
38
6
4
38
1
6
227
1
1
1
217
116
5
1
2
76
4
1
1
2
1
145
1
3
1
2
1
1
1
297
1
3
1
26
1
1
9
5
2
8
1
7
5
1
1
1
32
3
27
1
562
4
1
1
20
1
1
17
6
125
15
3
54
3
11
1
1
1
3
2
2
10
3
2
2
7
2
97
9
1
10
3
1
1
6
3
1
1
3
2
40
1
7
9
1
2
1
2
50
4
6
4
1
3
4
12
3
2
5
557
2
4
1
8
36
1
1
1
1
1
1
5
1
3
1
3
3
4
2
14
1
1
1
16
26
1
17
1
4
1
10
1
10
24
2
1
1
1
84
2
8
2
1
3
3
1
1
2
6
1
6
1
8
1
1
61
6
2
2
2
1
3
19
1
5
3
5
8
15
1
14
1
8
10
2
1
106
5
1
1
9
1
2
2
11
1
1
1
1
37
15
625
1
5
1
21
1
1
7
3
9
1
11
1
3
45
2
59
21
1
1
1
2
2
11
1
5
18
3
1
2
23
2
6
1
1
1
21
2
25
1
2
1
3
2
77
2
1
1
1
1
2
5
1
233
1
4
1272
6
4
1
1
1
1
1
2
44
517
1
10
264
71
3
22
10
2
3
6
9
2
27
29
1
37
4
4
5
1
20
12
9
75
5
32
3
1
228
1
8
2
34
1416
2
7
1
18
1
3
16
5
1
1
1
1
3
5
1
30
3
18
1
1
95
1
1
1
2
6
27
42
2
45
1
5
1
1
1
3
1
1
1016
2
3
3
8
5
4
4
394
3
1
1
1
1
2
24
545
28
12
2
2
1
2
1
2
3
3
1
2
1
13
2
1
5
2
63
85
1
6
1
1
1
8
5
1
40
2
64
47
2
2
5
3
1
6
2
3
5
2
18
9
1
1
2
8
2
57
2
1
76
1
1
1
2
1
1
1
1
2
1
2
1
1
2
1
2
1
137
16
2
28
1
5
42
5
1
1
7
2
1
1
1
2
3
24
5
5
5
2
1
2
1
4
1
9
1
218
1
1
14
1
12
1
97
50
1
2
24
4
1
1
7
50
1
1
1
1
1
1
200
1
35
32
1
19
2
2
1
6
1
16
1
2
1924
1
1
2
6
6
1
4
116
6
962
2
7
600
1
1
2
20
9
1
3
1
9
2
6
1
1
1
5
9
3
3
130
35
1
4
8
1
1
8
1
1
20
1
9
1
6
40
8
4
3
12
3
12
433
4
195
11
1
1
3
2
1
1
3
966
1
1
38
1
4
554
1
1
1
1
319
1
3
1
5
1
5
2
340
1
18
1
1
162
1
2
2
2
1
8
107
1
2
1
3
1
1
1
1
3
15
10
1
4
1
2
19
1
1
22
526
8
14
227
1
67
1
24
2
9
16
2
4
1
5
38
25
351
3
1
1
2
46
2
1907
58
8
5
1
3
10
3
36
2
5
1
91
1
1
10
8
1
1
1
1
5
1
2
1
1
1
6
36
7
4
1
24
1
3
1
24
4
8
1
435
5
1
4
1
13
4
53
104
3
1
3
1
1
1
8
2
2
2
1
1
1
1
1
1
1
1
7
3
3
1
1
6
14
1
1
128
1
14
1
2
1
5
1
17
5
2
12
2
1
6
1
1
1
1
1
1
737
254
1
1
1
1
20
1
3
4
1
1
2
175
1
1
1
1
1
1
2
1
1
661
1
3
1
2
1
2
1
27
2
1
2
1
77
6
1
183
1
11
1
1
1
1
10
2
1
16
15
19
4
1
2
2
4
1
1
6
1
2
3
3
2
1
31
2
1
38
116
13
18
4
1
2
1
22
1
1
1
4
3
1
2
1
39
6
23
20
2
2
1
26
24
1
11
29
18
6
4
221
2
1
3
12
3
1
1
1
9
1
5
3
127
3
1
147
1
50
2
46
70
1
3
2
55
4
1
5
3
2
37
10
2
1
486
27
8
1
4
1
141
74
3
12
81
1
28
1
19
1
5
1
4
1
1
1
79
3
1
6
1
1
95
4
1
4
1
2
1
4
1
4
1
2
1
1
3
2
1
2
29
7
23
1
3
56
1
2
1
34
1
3
8
7
16
2
1
3
1
3
1
1
1
510
70
279
1
8
1
1
1
15
8
2
2
5
1
13
2
1
3
1
258
1
6
1
2
1
1
755
3
2
5
1
3
1
1
1
7
3
1608
1
1
1
1
33
3
1
7
1
1
1
2
2
1
1
15
4
1375
4
1
9
74
1
11
1
1
123
1
5
2
4
8
4
1
12
1
3
2
3
9
5
1
3
116
1
1
1
80
66
1
4
7
1
4
15
13
1
2
1
14
1
1
3
2
2
17
1
1
1
2
1
14
3
4
2
1
41
2
1
1
1
2
1
2
1
38
2
1
4
1
1
1
3
2
1
1
4
1766
16
55
1
52
2
1
13
3
4
1
1
3
1
1
14
1
41
7
19
3
6
1
1
1
170
7
2
1
7
3
2
84
590
2
1
2
5
1
1
13
2
1
2
5
113
1
1
375
2
1
1
3
2
1
1
5
10
1
2
3
206
4
1
1
15
4
201
2
3
9
1
4
1
1
1
4
1
1
5
2
1
4
4
2
1
5
8
75
4
9
2
1
3
1
1
3
1
1
22
1
1
14
3
1
1
2
1
5
4
3
1
1
4
259
6
1
1
1
9
2
2
1
1
81
1
1
4
53
9
522
155
2
14
2
2
2
1
1
1
1
9
1
3
9
24
72
1
6
147
1
10
1
79
1
46
1
74
1
1
11
1
5
1
1
2
712
1
1
1
4
1
1
7
7
2
19
1
2
3
5
1
1
1
3
36
2
1
9
1
4
1
2
3
2
1
465
61
3
1
2
1
15
1
1
5
2
1
2
2
26
1
1
1
1
7
36
4
3
5
6
2
2
521
1
41
5
7
1
22
8
3
1
1
1
1
2
2
1
1
40
1
8
1
1
130
1
6
512
1
8
990
1
4
2
1
6
15
1
8
1
3
11
1
23
1
2
24
1
21
4
478
6
1
3
1
1
1
1
3
6
1
9
6
6
3
1
1
13
1
9
38
314
1
2
15
1
2
8
2
575
1
10
203
2
1
8
4
2
3
82
1
4
10
7
24
35
48
3
1
9
1
1
1
19
4
3
305
8
1
5
5
30
64
5
1
2
2
1
10
8
9
2
1
1
3
1
1
2
2
5
4
3
2
1
1
201
56
1
38
1
149
41
8
9
14
4
95
1
1
1
4
2
1
2
12
4
1
1
1
23
33
1
1
1
7
2
7
27
27
12
17
14
37
4
1
151
14
97
1
37
7
134
2
1
1
55
1
37
1
9
169
1
2
1
1
87
2
6
3
13
2
577
1
1
2
11
16
19
8
9
7
1
1
1
3
3
2
2
1
1
2
69
5
1
1
1
2
368
4
1
6
1
1
1
7
1
63
1
209
2
1
2
1
2
1
2
8
2
1
5
1
4
1
43
1
14
1
2
1
3
12
1
2
2
12
1
1
899
700
1
4
1
1
1
1914
1
1
13
5
1
8
21
3
5
1
28
11
1
1761
4
59
3
405
6
18
10
3
2
129
2
1
1
1
14
33
7
2
1
7
113
2
1
1
175
1
7
1
1
3
14
3
914
1
41
28
2
4
1
2
3
3
21
1
5
2
12
4
9
6
1
1
1
1
2
1
122
1
52
12
6
2
1
5
94
2
1
1
135
1
21
2
2
7
1
88
5
1
43
2
135
1
2
10
1
1
1
1
1
1
1
6
1
1
7
1
1
1
1
8
1
1
18
7
1
1
1
1
1
1
2
387
1
2
1
1572
35
1
11
1
50
23
1
1
6
1
1
1
2
25
1
4
1
5
8
348
4
24
1
9
1
3
1
1
1
1
1
9
1
1
1
2
1
23
1
3
2
2
2
2
3
2
1
4
10
3
2
1
15
1
106
1
1
7
77
2
1
3
1
1
15
7
16
1
1
1
1
12
1
13
15
1
501
1
12
218
1
1
1
28
1
3
7
5
1
1
2
3
1
7
1
1
2
1
2
1
1
2
122
1
1
2
2
1
1
1
7
1
888
1
462
4
1
7
1
1
7
5
1
6
1
3
1
3
39
4
112
1
1
1
40
19
5
1
32
1
2
14
46
166
1
1
1
1
26
6
1
3
1
17
3
1
6
3
1
9
1
2
1
14
4
1
4
1
2
81
1
4
1
6
2
18
2
1
1
1
1
3
6
2
3
1
1
400
3
3
1
7
1
1
9
1
1407
716
1
21
242
1
76
3
7
3
2
1
5
7
1
7
12
1
1
413
2
1
6
1
123
1
1
1
4
9
2
1
1
1
2
1
1
5
3
20
6
5
1
1
1
14
1
1
4
5
1
1
1
10
2
3
323
1
1
1
3
11
4
61
1
2
1
1
39
2
2
1
1
1
1
27
5
1
1
2
19
4
55
2
2
33
3
1
13
1
1
1
2
17
1
1
153
14
2
1
1
6
31
1
154
12
1
4
4
7
10
36
2
1
2
8
1
19
3
24
4
1
1
1
2
1
1
2
43
1
1
1
10
111
12
1
19
4
1
14
1
89
1
3
19
1
81
1
3
1
2
2
1
48
7
90
1
1
34
1
482
34
1
2
12
73
4
973
4
1
2
14
98
3
17
1
83
1
1
1
3
20
2
63
3
32
3
6
7
3
1
4
3
2
1
6
1
1
23
1
14
3
1
1
1
1013
1
332
3
211
3
2
17
3
1
11
1
1
2
2
11
1
1
1
1
1
2
28
27
18
4
1
1
2
11
92
1
1
2
49
1
3
2
1
1
7
340
2
5
4
6
1
4
6
3
1
184
4
2
14
1
24
1
1
3
2
1
1
4
12
1
1
15
3
1
1300
1
1
1
2
2
10
1
36
1
1
1
10
38
1
1
24
2
1
1
6
1
3
1
5
3
1
1
2
1
6
6
1
1
37
5
2
2
1
4
2
1
31
1
1
2
2
1
32
7
2
25
1
4
1
3
1
102
40
9
1
1
6
40
1
3
3
2
4
124
1
6
1
66
3
8
1
23
24
1
3
1
2
3
1
2
2
6
122
10
36
1
185
3
1
1
5
3
31
1
4
1
1
2
2
8
6
5
1
1
1
13
1
281
1
3
2
7
1
146
1
3
4
1
34
80
1
522
1
6
1
5
1
2
1
6
9
8
1
1
2
1
6
3
309
7
2
2
2
4
1
4
2
1
2
1
1
8
1
3
20
795
1
1
1
3
1
25
2
5
1
4
6
1
1
1
75
1
2
13
2
52
9
1
16
2
42
1
3
16
4
2
33
1
1
1
1
1
4
45
2
713
11
112
1
7
3
99
2
316
71
1
1
1
4
3
498
1
211
10
1
1
3
3
2
54
11
1
6
1
9
225
6
1
5
126
1
31
3
1
1
42
1
7
1
2
4
2
2
3
1
71
2
20
23
252
1
70
22
9
14
3
1
7
41
1
11
1
134
3
2
63
1
2
161
37
4
3
13
2
2
1
4
1
1
30
14
8
19
1
1
1
1
1
9
2
4
39
6
2
1
1
13
18
1
11
2
2
2
1
1
1
45
13
20
1
47
1
1
9
1
47
5
1
1
1
1
20
17
330
140
33
1
1
3
1
3
1
1
1
26
4
3
52
47
1
1
1
210
257
16
1
1
1
1
10
72
2
1
1
1
40
2
1
1
18
24
1
3
1
1
28
4
3
10
1
7
5
2
3
1
1
1
1
1
1
1
3
1
3
1
1
1
1
5
16
1
1
33
1
2
10
1
71
118
142
4
6
2
13
50
2
3
1
4
3
2
2
1
14
3
1
5
2
5
21
12
2
2
2
8
1
326
1
2
1
607
1
1
1
