34
1
2
11
7
76
16
2
692
1
12
2
5
3
421
1
20
75
7
2
455
1
169
2
2
1
10
2
4
3
1
8
3
17
2
2
3
1
4
1
4
2
71
1
1
5
1
9
201
3
5
1
9
3
2
1
2
1
5
2
1
1
1
7
65
7
3
14
1
1
1
4
1
4
1
3
2
5
5
4
3
718
1
3
1
5
12
9
1
1
2
1
1
3
124
6
1
1
1
1
61
1
1
10
1
10
1
10
1
5
2
7
2
1
5
2
2
33
1
1
1
3
2
1
1
1
1
219
56
3
1
1
8
11
1
3
237
21
2
2
4
1
1
3
11
2
2
2
2
2
1
2
3
1
4
17
2
17
1
1
19
8
1
1
4
1
1
1
1
1
16
2
1
764
1
2
21
1
1
3
1
1
1
133
1
2
1
77
1
1
155
61
10
1
1
81
5
11
58
1
78
153
1
3
1
2
2
2
3
2
238
17
4
26
4
1
270
4
6
1
3
1
1
3
1
2
10
209
1
1
1
3
2
1
1
50
30
14
2
2
1
1
102
1
1
2
10
27
22
1
1
134
3
17
469
3
61
54
113
2
1
45
2
1
973
3
10
1
1
1
1
3
1
1
552
1
20
1
9
1
1
5
6
6
1
274
1
1
5
2
2
2
2
588
5
12
1
32
1
7
4
1
5
8
9
187
15
1
2
4
5
2
1
1
1
17
2
1
1
2
1
2
3
1
13
81
6
16
3
1
107
1
1
4
1
1
4
10
1
1
1
1
2
23
2
17
2
4
1
1
28
2
3
1
191
1452
2
1
4
1
1
1
3
3
1
53
1
22
2
2
1
4
719
1
93
9
1
2
85
85
6
1
1
28
1
1
5
7
1
1
2
1171
1
3
76
2
70
1
14
8
2
36
36
1
1
4
1
1
2
42
3
1
1
17
1
1
10
1
1
2
2
3
53
5
1
11
1
2
23
1
4
1
1
1
14
1
5
2
40
3
3
1
4
3
4
6
1
2
4
6
1
2
24
4
1
29
4
2
2
10
91
3
2
1
1
5
22
54
3
1
1
31
1
1
4
1
5
1
50
2
1
1
1
2
3
10
6
7
1
1
2
1
13
1
2
15
1564
2
14
2
250
1
13
7
2
1
1
1
43
1
447
19
1
7
1
1
1
1
56
3
6
1
1
1
3
1
25
204
1
34
1
2
1
7
1
1
1
23
150
2
5
1
1
1262
10
1
4
1
2
1
3
40
7
5
4
64
2
21
1
2
1
27
1
4
1
1
287
6
1
4
1
1
32
44
2
1
1
2
81
3
1
1
1
13
3
236
4
8
3
2
41
144
1
1
2
19
3
3
1
2
12
1
4
2
1
63
4
3
1
1
1
1
2
1
5
4
2
1
22
6
1
4
4
2
6
137
1
1
2
7
1
2
1
34
1
1
12
1
3
2
1
1
7
5
4
1
1
1
4
2
1
13
1
5
3
3
3
19
1
1
310
1
3
1
1
3
1
1
1
1
1
1
9
1
5
1
2
2
1
1
1
1
2
1
1
2
1
2
1
89
1
1
6
5
2
1
2
2
5
1
2
4
2
7
8
4
1
5
53
1
2
4
1
1
1
2
1
14
1
20
20
206
1
1
2
6
2
12
1
1
2
37
11
1
1
1
1
1
2
5
1
7
94
41
3
1
4
1
13
6
2
1
1
160
3
1
2
37
2
7
6
5
1
7
1
1
1
1
2
388
2
2
1
30
9
1
288
1
158
1
1
6
12
1
3
3
3
2
13
2
3
2
1
8
6
82
2
24
9
1
47
3
4
1
2
1873
1
25
1
2
2
2
1
6
3
1
1
13
1
10
21
2
1
3
1
12
1
2
20
6
1
22
1
1
7
80
1
4
1
1
3
1
5
10
1
12
1
4
1
1
871
1
1
1
2
150
94
1
4
1
68
1
3
19
1
5
1
1
1
4
2
110
1
40
3
12
24
4
1394
6
2
3
1
1
2
3
1
2
1
6
1
27
3
22
4
1
1
1
9
1
2
22
1
1
3
2
8
1
2
6
1
8
1
1
2
1
2
4
2
614
20
7
2
3
2
1
2
1
1
1
4
43
20
2
9
1
1
3
1
8
3
2
2
726
3
3
2
31
8
2
1
1
1
8
155
4
1
1
1
3
11
1
1
8
15
53
8
1
1
3
6
1
26
5
2
2
1
3
1
4
1
2
15
1
65
2
2
2
1
1
1
2
668
122
6
9
3
16
1
3
2
6
3
8
1
5
9
43
1
1
2078
7
8
2
1
197
5
1
2
1
1217
1
1
1
1
2
1
3
1
2
11
2
3
4
2
1
2
1
5
1
1
8
1
1
4
21
6
1
1
6
1
13
3
23
1
34
7
1
11
1
6
3
1
3
9
21
1
59
1
6
51
1
604
1
2
2071
4
2
1
6
2
8
109
1
1
1
1
1
1
25
4
16
50
2
4
6
218
182
19
1
21
2
1035
8
2
40
4
1
1
17
322
1
41
2
1
45
2
3
2
1
8
1
1
2
855
6
16
1
3
1
1
10
8
2
1
1
4
29
8
2
4
5
2
8
1
6
9
5
1
3
2
1
7
214
25
17
1
8
1
2
2
19
29
1
1
5
1
2
2
47
7
11
296
3
1
1
8
2
57
5
1
2
694
37
1
11
18
2
456
1
73
7
13
188
1
2
28
3
8
3
1
24
4
5
98
1
2
1
2
1
1
1
18
1
2
1
106
2
247
2
3
62
21
2
17
1
1
3
50
1
164
3
1
1
1
1
226
7
17
1
2
1
2
1508
1
1
494
23
44
454
3
3
5
6
32
3
1
33
26
1
1
3
1
1
1
2
10
2
2
46
1
1
1
2
1
1
1
22
3
2
4
2
21
5
5
1
1
1
2
1
1
4
13
1
1837
4
6
1
1
3
13
6
1
5
37
1
1
3
5
1
3
41
1
1
1
1
2
142
1
1
19
1
83
2
1
1
1
1
2
1
1
45
5
7
5
1
56
1
4
1
5
1
43
3
1
7
17
2
35
1
1
2
2
9
14
1
11
714
2
1
1
1
1
2
6
2
1
2
1
5
5
2
4
2
24
4
3
1
8
1
1
1
3
1
1
1
1
2
1
1
1
1
48
3
995
3
1
2
2
1
1
7
2
4
2
1
1
3
6
18
1
1
57
1
1
126
340
1
2
3
1
115
2
1
1
1
9
5
1
2
8
25
5
24
1
19
17
7
1
4
8
4
14
3
1
1272
2
4
1
5
2
7
9
1
1
1
1
1
10
13
2
1
2
18
1
1
1
1
1
3
7
2
32
2
2
2
27
1
1
1
2
3
256
1
4
17
1
2
7
1
13
1
8
27
1
1
19
149
1
1658
2
150
5
2
5
3
6
44
1
3
1
1
140
2
3
7
7
1
2
2
1
3
1
2
1
2
2
3
1
2
1
1
1
1
3
8
67
5
44
18
3
6
2
2
1
1
1
1
126
1
6
6
36
2
1
1
1
1
1
1
1
7
1
1
2
1
1
1
1
311
7
5
4
4
9
6
6
9
4
2
1
8
30
1
1
1465
251
2
2
1
55
5
2
31
2
4
1
8
4
11
12
1
14
2
1
447
2
1
1
42
1
1
55
1
4
9
11
2
3
1
14
3
63
1
6
2
2
1
19
97
5
1
19
1
15
2
1
2
1
1
99
4
3
1
14
3
2
8
3
1
2
42
6
1
1
1
2
1
1
27
98
1
1
1
29
2
1
18
4
2
1
9
27
4
1
2
1
2
2
2
2
3
1
1
51
1
2
1
25
2
1
2
60
1
14
6
1
19
2
2
7
1
1
1
1
3
2
158
1
4
465
32
263
4
369
1
2
16
1
1
19
1
5
1
20
11
1
3
2
2
3
1
25
1
1
10
1
2
35
38
7
3
1
3
5
6
1
1
89
1
4
1
7
3
4
1
65
1
2
50
2
65
1
1
11
1
1
1
28
46
1
105
1
1
1
128
1
17
2
2
1
3
1
1
2
1
1
6
1
37
1082
9
1
17
4
97
2
1
953
11
5
100
1
1
1
1
182
2
1
196
1
7
233
25
1
1
3
1
2
6
2
165
2
1
2
1
1
2
1
1
1
1
6
2
5
3
2
3
9
4
445
41
1
1
7
35
1
2
344
54
2
1
1
3
5
25
3
22
1
13
6
1
1
3
1
2
10
21
1
1
2
1
1
10
1
2
127
1
110
2
30
96
1
6
7
3
11
1
265
1
1
2
1
5
1
1
1
1
2
3
3
1
5
2
3
1
4
1
34
1
1
1
1
26
3
1
1066
3
1
4
1
2
1
25
5
1
1
6
7
2
1
16
1
7
1
6
1
3
6
1
3
1
2
1
51
22
22
39
24
1
1
2
5
3
2
45
1
1
486
4
9
243
5
1
1
1
4
2
2
1
26
4
22
1
9
2
1
4
1
2
10
1
49
6
10
114
9
60
1
3
3
26
9
1
1
8
1
1
36
7
1
2
39
3
9
7
4
6
16
1
1
4
9
6
1
1
28
1
1
82
743
1
4
1
1
4
7
1
2
1
1
33
1
10
1
5
1
13
149
64
1
6
4
1
21
1
1
3
1
1
2
11
249
4
11
7
101
5
285
1
3
11
2
156
2
1310
2
5
475
1
8
1
1
1
1
2
3
7
1
1
18
3
205
1
3
2
1
33
11
12
13
2
2
3
1
1
1
2
96
1
1
3
1
12
16
2
3
2
4
2
33
1
1
2
125
2
8
1
1
7
4
55
2
5
1
1
8
1
1
3
75
1
2
104
95
1
2
7
28
6
4
5
1
1
2
2
1
1
32
18
6
5
7
2
1245
5
1
3
5
1
3
1
8
1
4
1
4
1
1
4
1
19
185
331
1
2
1
4
1
1
1
3
1
9
1
11
1
1
1
30
1
2
5
1
3
12
2
1
11
4
1
2
1
1
9
8
11
1
11
6
12
12
3
2
10
2
10
1
3
1
1
1
1
7
1
1
10
8
4
3
1
1
865
1
1
2
1
5
1
1
2
18
1
1
15
18
8
5
2
1
6
3
2
1
6
139
1
1
1
2
1
407
1
2
5
14
213
1
7
1
1
10
1
8
59
1
2
48
11
1
49
1
2
1
1
1
30
2
1
1
8
1
19
2
3
2
16
1
3
2
1563
2
36
2
1
4
2
2
3
1
1
2
1
1
1
1
1
1
1
7
12
37
2
1
2
12
1
3
1
2
14
1
5
2
958
5
1
4
1
1
438
1
2
7
1
1
3
13
1
2
1
3
3
1
1
2
1
1
2
2
1
178
2930
6
1
33
2
246
2
69
6
1
1
1
4
2550
2
1
5
1
12
20
739
13
7
4
3
2
2
16
2
12
30
2
6
9
9
8
3
188
2
10
58
1
2
2
1
6
1
2
1
2
2
5
1
1
1
15
22
11
1
1
1
7
20
1
1
1
1
10
2
23
1
1
2
3
1
17
1
7
2
15
1
53
10
3
1
1
1
1
1
5
3
1
2
23
1
1
44
1
1
1
2
2
1073
141
1
1
5
90
1
1
3
1
6
1
1
1
25
7
3
2
2
2
1
7
1
2
1
1339
4
1
62
2
2
8
1
7
1
1
1
9
1
2
7
2
5
1
4
1
36
1
204
1
1
2
4
66
11
11
217
3
1
100
2
1
5
1
1
1644
131
7
4
2
4
2
10
38
1
36
2
100
20
1
10
3
3
3
1
1
1
7
2749
375
922
27
1
3
1
1
30
3
2
3
2
1
1
1
43
1
2
5
8
8
1
1
1
3
1
1
3
4
2
2
3
13
3
20
1
1
1
1
149
74
1
2
1
24
4
64
11
7
1
2
1
1
1
1
4
2
1
1
5
2
72
3
4
26
1
5
1
1
13
158
8
1
1
1
1
7
1
7
3
14
16
2
7
1
1
1
1
4
1
13
4
6
1
1
1
1
4
1
2
4
1
1
10
1
1
6
32
7
2
24
14
67
1
29
14
1
2
12
5
2298
1
1
4
1
11
1
1
258
1763
23
6
4
1
1826
1
3
1
1
10
5
2
6
3
1
2
1
2
1
1
1
2
2
6
2
6
1
1
64
2
431
1
2
2
2
17
1
1
26
5
2
9
3
1
1
6
3
1
1
3
6
1
1
3
5
6
4
1
1
2
284
1
1
1
85
81
1
686
2
12
1
1
3
3
4
5
7
36
1
9
1
5
17
2
5
58
4
2
4
1
1
4
1
1
1
14
2
5
13
1
2
4
2
1
28
11
4
35
1
6
1
2
1
6
567
2
828
1
19
1
8
2
1
1
1
1
177
1
1
1
1
2
2
1
3
13
14
1
169
1
2
3
1857
1
1
1
1
2
1
1
1
1
3
11
2
98
2
26
82
1
2
1
1
77
1
3
6
1
7
1
1
1
3
2
65
8
1
50
827
3
7
28
1
6
1
161
29
5
1
9
4
4
4
2
3
1
1
4
5
301
1
5
5
1
10
1
16
44
1
2
1
43
1
45
3
1
5
1
2
1
1
183
1
1
1
2
4
7
2
2
2
15
1
10
9
1
9
1
1
1
1
26
1
2
4
4
14
1
1
1
33
1
1
2
5
3
1
2
2
1
1
3
34
1
1594
2
1
314
7
7
1
1
3
1
19
2157
5
45
1
1
1
1
3
3
1
1
3
2
18
23
2
1
4
1
1
3
2
39
5
1
2
1
6
1
67
206
3
1
2
7
1
3
1
1
1
9
28
2
2
1
1
1
597
4
2
1
2
2
4
4
2
1
319
1
5
2
1
1
7
1
1
7
11
1
1
3
2
273
1
3
20
37
29
23
1406
14
389
13
41
64
165
46
298
1
1
1
1
1
2
7
15
4
1
3
3
4
1
1
10
2
1
1
3
6
45
2
2
1
2
3
2
8
4
1
2
1
3
2
102
1
1
1
11
29
13
2
1
8
1
97
3
1
1
1
18
505
2762
108
40
1
1
11
2
2
1
71
1
84
1
2
2
2
1
1
15
106
5
1
3
2
1
1
13
5
4
1
14
2
3
1
132
2
1
1
1
1
2
1
4
8
1
505
11
1
2
1
16
1
48
5
1
4
1
7
1
20
1
88
3
8
1
1
12
1
3
14
31
2
1
1
2
1
1
2
15
2
1
1
7
5
1
2
3
1071
832
1
1
746
1
1
2
1
1
1
1
5
1
1
1
15
1
1
1
1
4
1
1
1
1
1
1
1
1
2
20
6
2
384
1
1
4
4
4
1
11
1
2
41
4
74
6
14
1
346
2
161
18
84
88
3
1
5
2
653
2
1
3
1
1
12
1
1
3
2
1
78
1
10
1
20
1287
3
22
1
1
4
35
114
14
1
56
2
14
2
19
28
3
1
1
1
2
3
2
120
3
2
18
3
3
743
2
15
9
10
1
25
3
10
1
1
1
2
274
1
4
1
1260
1
7
20
1
1
1
37
3
3
2
1
1295
14
1
5
1
1
1
18
26
1
20
7
17
257
2
13
1
10
17
2
1023
22
2
5
10
1
1
5
1
1
5
5
4
36
4
4
10
2
9
2
1
2
1
8
6
1
2
2
2
7
1
1
47
3
1
13
117
1
20
1
21
3
2
1
1
1
1
8
2
2
113
62
4
1
935
1
130
1
1
7
2
10
3
1
1
1
5
14
4
83
14
1
1
5
1
14
7
1
1
5
1
167
1
24
1
1
2
498
11
1
25
9
5
1
1
1
6
1
121
1
3
1
1
2
1
1
3
1
2
5
3
47
7
1
1
2
1
3
1
8
1
202
1
1
1
1
2
1
1
7
4
6
1
5
10
1
5
265
1
3
1
1
4
2
5
161
1
261
2587
1
1
2
64
3
1
8
1
6
1
1
3
2
2
539
1
2
1
2
3
1
1
1
2
1
4
1
5
2
5
5
1
674
1
1
1
6
1
1
2742
9
4
14
1
5
8
1
67
5
1
1
2
25
4
2
1
1
13
1
3
2
23
1
4
1
10
1
2
1
2
2
10
1
6
2
1
4
1
36
8
1
2
15
2
4
68
297
5
2
15
545
2
4
1
8
3
1
1
10
1
13
1
3
1
2
2
11
4
1
1
6
23
1
12
1
1
2
1
1
13
311
3
3
2
1
1
7
8
1
4
1
20
1
275
1
2
31
14
1
371
1
1
1
162
1
1
1
475
1
40
1
2
1
17
1
2
8
2
1
2
4
1
93
7
1
3
1
412
1
1
2
4
109
1
4
4
1
23
1
1
4
2
1
3
1
4
2
2
2
20
408
321
70
1
4
5
234
31
2
6
3
11
1
1
3
2
1
1
1
149
2
1
91
666
5
1
1
4
1
9
1
1
1
2
87
9
2
1
122
18
6
3
1
1
27
84
5
531
57
1
1
1
1
6
1
5
3
1
1
1
2
9
2
2
26
5
1
1
1
1
95
1
4
1
2
2
1
2
6
36
3
1
1
3
1
1581
21
2
1
1
3
8
6
1
2
5
1
1
1
3
53
4
1
2
2
1
11
1
1
3
1
2
9
587
1
2
1
2
6
1
4
4
707
4
12
5
1
3
78
1
758
1
1
141
3
34
4
82
11
2
1
1
1
1
1
1
1
1
1
687
1
4
13
1
4
3
3
2
1
1
13
1
91
644
1
2
16
7
1
63
58
1
2
3
1
1
8
1
1
4
1
2
4
9
55
1
1
116
1
1
1
3
1
1
5
1
1
1
1
1
1
1
8
1
2
482
2
6
28
1
4
7
1
1
1
3
11
8
14
1
1
5
2
5
1
1
16
1
1
1
3
136
8
107
1
2
1
68
1
133
1
2
1
1
3
1
3
1
93
2
14
7
2
5
628
2
3
1
13
35
1
51
19
1
1
3
2
1
1
2
34
4
1
3
7
6
1
1
99
2533
3
2
3
2
13
2
2
2
1
18
1
2
1
1
2
1
3
1
9
8
10
1
1
1
27
8
1
1
3
1
37
2
6
1
1
1
2
1
19
1
1
35
1
7
1
4
18
1
11
1
2
10
1
318
3
962
1
1
1
3
5
32
5
1
1
2
2
33
13
14
7
4
1
1
2
7
5
3
3
760
23
1
9
10
1
3
4
2
1
3
17
1
127
10
1
15
1
2
5
1
1
1
1
1
2
1
1
2
1429
113
1
1
1
54
4
1
1
64
2
2
1
1
9
104
245
6
1
2
1
49
1
3
2
207
17
6
2
2
19
9
77
1
1
1
1
35
82
1
1
11
1
2
3
1255
44
2
1
4
3
2
12
3
3
350
7
1
5
1
3
18
1
3
5
57
1
1
5
1
11
1
2
3
36
1
10
1
15
1
176
1
1
6
1
1
2
8
1
102
1
112
33
1
33
21
24
1
1
1
1
80
64
1
10
57
1
2
1
1
124
17
25
1
2
21
1
1
1
1
1
1
1
300
21
4
2
1
1
18
1326
1
5
6
927
12
8
1
2
48
1
15
1
7
2
2
8
1
12
40
21
13
5
1
151
2
1
1
1
1
4
655
2
26
4
1
1
1
640
111
9
2
1
3
3
24
5
1
2
1
1
1
1
15
45
76
1
16
6
331
5
1
1
10
1
2
3
4
5
2
4
1
3
31
619
2
9
4
5
21
1
1
28
11
4
8
1
1
41
3
1
437
6
51
22
6
3
1
1
409
4
1
28
3
5
146
854
2
3
1
19
4
3
2
1
1
1
1
1
62
50
185
17
8
5
13
1
1
1
2
1
2
1
1
1
1
2
3
3
6
21
60
1
2
1
20
1
1
1
38
35
35
2
3
1
27
34
1
1
1
46
1
1
9
2
1
2
10
3
2
10
114
2
54
2
1
3
2
3
1
5
78
82
353
2
4
2
7
2
7
1
6
1
269
1
3
1
1
12
1
1
1
3
2
7
12
1
2
1
185
885
2
3
1
2
24
7
3
7
1
2
1
2
7
1
5
8
4
2
4
44
2
2
3
1
1
1
3
2
4
3
4
3
1
5
1
1
1
2
12
727
21
2
5
1
37
1
2
32
7
38
2
1
2
1
3
5
271
8
1
1
2
343
16
1
1
4
4
1
1
71
1
1
2
2
1
1
1
3
1
19
21
3
2
3
2
51
10
1
1
3
18
4
7
3
2
8
1
3
2
5
1
29
26
1
3
4
1
2
2
2
37
1376
1
6
1
1
16
1
1
1
2
1
1
15
5
12
3
4
28
1
2
15
1
1
23
2
4
1
1
1
81
30
14
1
1
10
1
13
1
2
73
1
1
3
3
9
1
5
1
3
1
1
3
38
4
1
4
1
2
1
1
9
191
13
1
1
1
2
1
3
1
1
1
42
19
1
110
5
3
1320
4
58
2
1
38
24
1
8
1
1
30
49
2
1
1
1
52
8
101
1
91
1
1
1
147
3
4
1
2
1
3
2
1
1
7
3
4
1
1
73
110
22
2
5
74
1
3
1
23
2
1
2
1
1
1
1
3
1
54
8
628
1
1
1
5
1
7
1
11
1
2
1
6
2
10
1
1
1
1
2
237
2
30
2
85
1
1
1
1
1
4
1
1
194
1
5
1
7
228
3
2899
6
1
2
2
2
1
29
15
4
1
1
1
22
8
1
3
2
1
1
2
174
5
123
1
1
1
1
8
2
1
1
2
6
5
29
1
1
2
1
7
21
944
2
2
86
42
3
37
286
3
7
20
3
7
1
2
7
1
3
2
1
105
2
1
1
3
2
1
1
1
22
3
3
1
1
14
38
1
2
1
74
1
1
3
1
1
2
35
3
1
1
2
1
4
1
1
1
6
13
1
3
1
8
2
26
1
2361
5
2
1
53
6
31
2
4
8
7
3
3
1
37
1
7
2
1
1
61
2
1
2
129
33
4
2
23
1
5
4
1
1
1
8
7
1
1
1
1
1
3
1
1
6
1
1
29
29
1
1
2
6
1
1
2
5
4
1
3
1
1
2
1
2
1
1
110
6
1
2
5
1
2
1
1
1
1
3
1
1
13
5
8
14
6
2
234
8
939
1
1930
1
15
1
229
7
1
2
1
2
83
18
1
2
1
1
197
1
1
1
1115
1
1
10
2496
1
1
5
2
8
112
1
9
2
4
4
16
1
2
1
263
6
6
2
1
1
2
2
1
16
2
4
1
1
1
1
8
10
1
2
1
1
1
2
1
4
53
1
3
47
2
38
1
45
1
7
1
4
7
2
4
2
2
1
1
85
2
3
4
1
1
1
1
13
5
2
2
1
1
1
400
3
