83
497
56
163
241
65
138
161
488
243
335
165
83
93
268
375
240
220
269
410
482
101
384
126
245
383
345
209
43
383
224
474
233
214
217
267
113
332
473
341
354
235
40
238
380
60
41
190
141
160
159
60
232
386
420
224
377
391
436
496
296
14
136
395
362
172
111
460
107
187
164
123
21
155
86
287
199
127
156
436
470
117
228
178
286
148
133
430
252
105
299
219
14
412
452
474
260
302
145
455
465
300
90
308
9
480
483
361
392
45
74
119
482
24
47
28
127
105
342
382
409
1
29
364
232
163
497
399
130
81
338
368
310
15
281
177
72
279
98
24
317
182
122
426
458
346
220
387
432
383
324
418
254
400
241
284
400
40
484
138
233
143
294
179
443
331
418
479
424
27
470
332
40
275
372
12
364
181
283
39
46
446
456
127
4
371
84
442
489
329
317
344
419
107
164
347
436
90
475
361
104
360
414
182
390
30
455
326
65
182
242
56
205
451
485
210
325
39
76
247
146
336
212
342
41
469
497
463
65
309
367
135
208
378
147
76
139
258
10
435
119
260
414
418
362
190
118
468
363
126
14
347
47
47
417
50
179
243
246
324
150
27
228
333
464
257
43
336
320
190
443
167
233
327
494
234
459
324
196
380
214
340
146
281
448
279
50
107
34
13
334
195
457
273
58
299
290
110
368
271
134
322
74
182
238
123
146
112
32
114
309
130
83
410
120
12
261
492
240
168
297
181
164
441
9
196
231
474
102
7
389
101
337
216
435
150
446
56
254
294
43
120
323
143
161
99
281
152
129
157
201
78
277
199
412
181
144
124
44
170
438
352
16
227
177
103
419
50
17
167
10
365
402
424
133
475
31
334
141
332
181
324
496
91
324
31
277
208
26
176
198
175
169
47
90
87
426
373
459
257
270
346
121
71
109
338
319
361
428
419
280
85
161
115
439
474
219
259
126
450
434
349
354
422
388
236
250
253
178
391
455
390
477
95
187
275
494
36
233
388
353
270
236
382
423
103
369
130
256
289
199
395
235
307
244
474
194
156
387
136
326
229
408
384
496
171
440
46
117
316
378
481
143
249
179
167
355
285
323
286
394
122
409
156
314
199
404
303
367
78
40
108
494
2
101
70
329
322
113
257
372
402
319
135
489
394
330
94
247
5
448
224
198
126
247
292
390
473
157
124
227
56
414
376
412
162
293
39
111
494
259
471
183
75
51
485
325
17
138
428
241
385
148
109
96
470
294
141
440
416
231
284
192
340
263
145
91
165
350
288
120
266
272
301
247
269
500
331
420
487
351
162
121
147
20
410
111
381
186
295
60
328
394
359
347
80
277
118
384
153
397
298
172
148
110
143
395
356
12
211
9
480
337
385
179
227
207
264
282
229
319
360
214
377
323
329
416
412
174
323
248
299
255
336
308
233
139
59
358
242
76
41
425
140
59
149
307
1
287
228
97
317
388
176
96
409
236
222
234
295
390
495
420
56
388
50
70
483
18
401
187
3
91
65
499
172
261
235
423
246
427
111
466
308
281
218
22
450
312
187
230
124
449
471
254
38
396
233
293
210
371
486
309
245
309
428
79
22
369
10
454
130
344
271
283
194
266
493
442
114
431
223
462
355
52
38
24
379
72
265
187
371
88
96
319
444
424
222
47
414
161
93
11
358
140
247
249
251
116
120
177
479
440
198
28
358
369
359
279
2
316
449
485
495
446
481
34
483
9
334
356
361
364
366
41
297
471
465
295
363
267
412
25
321
346
423
225
147
266
404
7
209
98
447
82
189
261
358
325
52
333
377
306
189
370
51
228
271
374
266
271
122
321
125
365
281
198
176
213
453
293
105
224
453
188
433
259
256
445
100
405
143
30
284
202
79
362
377
70
18
189
73
133
39
51
129
353
445
4
297
191
169
6
430
294
478
142
479
117
91
9
326
468
226
18
109
126
181
165
364
439
8
160
442
474
330
179
341
406
454
139
456
468
107
263
479
138
326
91
153
46
428
214
32
234
256
251
83
219
83
46
326
222
179
239
496
62
441
64
316
349
9
115
198
494
36
458
462
490
263
468
485
486
477
137
498
137
205
490
199
316
58
80
119
116
390
217
432
233
152
100
226
405
134
106
391
404
165
118
268
143
282
300
262
292
395
330
24
197
397
365
381
195
354
180
472
420
401
384
449
241
456
278
21
155
310
216
464
276
237
355
70
186
187
277
101
40
366
471
446
480
319
447
172
334
15
294
314
39
471
56
473
454
431
193
243
198
185
350
17
178
441
245
217
195
59
232
61
35
77
43
198
332
61
121
473
464
469
96
214
412
452
412
323
407
13
499
2
417
37
417
437
271
90
112
48
211
213
366
161
469
378
224
355
191
236
32
490
346
70
74
27
339
16
153
209
224
51
336
464
286
46
185
131
145
188
374
326
30
189
422
285
166
204
67
12
491
472
85
292
4
469
149
306
429
148
77
80
154
386
231
18
163
349
99
142
499
273
87
493
334
59
479
156
100
494
182
12
492
132
360
163
86
390
148
489
267
255
364
102
460
7
99
383
406
152
157
240
271
453
401
107
331
275
238
261
157
402
496
367
23
340
48
400
34
313
3
497
464
424
154
312
395
201
158
427
414
229
284
135
133
136
376
94
486
17
101
198
188
372
262
173
293
328
374
376
199
32
457
248
426
296
265
440
449
253
79
87
179
72
253
308
8
240
223
368
384
59
11
101
39
275
232
186
242
208
409
167
149
449
162
305
295
436
436
79
274
104
483
434
307
92
487
124
82
103
236
96
454
163
432
68
245
335
493
209
416
13
360
54
421
331
315
176
317
168
364
343
243
387
301
470
133
369
318
236
315
384
339
86
111
475
119
10
353
231
89
423
34
55
460
188
236
140
451
260
226
136
303
393
364
199
39
407
314
237
285
359
388
268
277
83
69
278
497
177
39
220
234
342
236
420
364
128
452
480
242
405
457
82
405
87
352
68
99
327
484
52
377
124
463
74
107
154
199
44
93
33
171
233
318
142
128
128
176
370
98
178
364
79
384
275
370
159
228
189
301
126
376
39
442
101
275
313
101
122
81
132
154
407
150
411
12
316
97
65
111
167
265
255
291
485
269
119
25
64
381
8
249
500
122
462
499
422
260
297
50
185
67
249
480
294
69
275
37
80
193
146
189
478
4
389
15
410
201
490
188
248
230
462
477
178
138
120
238
53
312
79
64
449
51
139
455
360
116
340
58
299
438
89
415
212
288
41
326
155
114
245
354
354
495
383
372
450
468
381
131
184
280
151
325
92
253
142
50
165
465
205
160
24
122
435
202
296
216
340
115
436
496
434
493
389
28
376
310
264
176
490
201
106
182
120
457
426
30
282
107
340
11
228
181
376
89
391
44
459
244
435
179
7
464
38
39
334
464
323
428
446
463
480
24
444
286
306
317
454
493
240
393
408
287
448
385
165
193
447
63
490
79
391
456
379
204
347
220
128
345
105
202
296
462
150
173
455
81
457
65
112
167
485
429
311
160
30
33
288
161
348
189
101
469
470
491
375
222
171
215
187
133
479
463
345
242
113
308
301
375
200
132
165
381
41
302
348
390
277
412
188
331
137
494
290
463
147
485
404
321
389
72
386
422
490
218
354
271
306
139
357
266
419
292
262
168
31
381
300
46
288
266
186
413
211
184
303
353
372
335
287
20
154
41
307
260
211
295
411
63
116
59
234
138
429
305
28
328
412
354
442
459
54
418
466
239
396
229
189
172
481
430
373
102
19
243
384
387
115
380
105
173
204
2
198
58
490
470
248
207
491
347
184
172
97
405
368
69
258
301
74
286
452
327
423
11
421
188
48
307
256
316
118
76
460
123
423
378
312
456
96
261
487
1
356
80
262
129
162
234
492
238
456
376
126
454
445
176
252
88
289
486
469
445
239
350
461
197
385
298
54
468
423
485
250
85
300
477
306
229
207
156
242
31
224
253
193
71
390
12
221
250
352
25
260
218
182
228
125
225
7
154
41
406
441
208
136
187
389
389
181
170
228
296
169
271
147
52
355
474
123
32
268
107
180
113
433
498
438
487
25
373
249
123
89
241
338
201
454
174
83
447
149
181
249
249
217
104
178
162
169
475
17
349
393
149
372
212
302
480
443
186
97
188
165
222
230
164
151
387
91
490
175
407
496
63
70
21
475
209
425
194
22
69
456
26
260
20
63
7
68
225
251
181
355
65
363
420
366
164
300
21
118
107
84
486
46
10
458
79
64
441
373
232
270
85
31
9
391
472
273
460
404
427
383
477
428
211
405
128
368
414
301
394
190
468
54
164
290
78
302
307
296
152
107
78
125
169
208
106
192
322
259
363
151
463
75
398
125
188
141
85
259
315
478
83
95
89
430
70
444
331
277
102
90
146
356
38
159
498
111
129
416
217
105
227
325
143
153
41
8
79
336
181
302
345
41
3
220
84
340
65
64
175
384
195
322
299
166
496
345
16
155
430
223
90
173
401
107
261
131
144
384
88
26
466
23
342
315
81
463
399
13
373
168
355
219
393
227
76
338
321
469
121
224
420
474
302
310
137
350
229
9
85
418
16
247
399
76
181
401
6
172
318
282
441
231
279
163
14
71
486
107
68
386
188
190
485
233
421
37
68
294
55
9
370
189
192
45
151
416
54
412
177
474
96
316
68
404
320
239
424
187
222
396
325
420
274
273
117
183
291
128
459
115
243
19
295
391
339
296
399
140
499
77
257
311
424
16
239
248
291
212
151
488
370
168
398
348
51
318
427
432
488
205
239
413
179
113
391
285
11
85
5
130
123
315
310
282
172
86
235
326
239
53
42
5
126
97
276
281
310
464
130
94
188
343
33
439
74
51
383
332
333
389
220
6
283
1
375
191
302
436
238
393
156
88
45
463
319
444
425
431
484
402
390
189
393
456
161
37
51
182
133
190
341
489
498
147
300
385
304
21
17
171
257
484
167
110
318
364
444
493
171
48
84
179
20
342
252
53
112
187
457
40
348
245
170
29
411
69
421
482
57
348
91
138
320
353
247
30
412
198
277
195
117
415
61
346
206
10
75
379
168
454
226
372
106
495
77
331
386
85
56
387
429
409
79
191
390
131
298
266
369
165
460
317
330
291
6
274
226
70
77
122
349
23
243
208
431
319
467
242
13
294
118
105
75
167
394
372
450
305
355
495
11
279
128
495
436
204
220
215
222
217
23
202
364
294
99
471
105
206
411
353
185
275
89
189
324
344
38
166
494
170
215
200
173
156
167
115
338
460
205
315
470
45
413
178
383
443
272
344
337
378
428
422
451
214
314
425
229
385
300
322
362
317
57
411
479
283
119
479
377
215
457
47
249
401
461
386
329
341
110
47
404
416
463
466
67
156
259
117
24
237
220
379
366
77
252
327
326
238
67
340
24
49
476
71
74
80
52
302
457
262
182
100
248
347
55
450
332
247
301
458
118
348
156
485
186
73
125
121
26
189
296
164
223
85
354
386
210
291
416
231
150
245
285
434
222
368
427
233
94
41
66
492
352
77
489
478
121
197
14
388
300
202
483
445
496
146
333
322
21
436
49
368
86
252
158
401
481
464
399
97
439
143
68
61
451
72
307
192
164
224
336
15
400
391
2
254
50
452
18
34
203
410
2
59
289
348
37
78
224
332
311
270
496
108
78
287
382
234
276
355
227
31
43
370
485
44
380
107
176
454
166
374
294
69
123
41
45
134
229
345
129
488
237
25
497
371
55
398
269
284
147
459
327
379
298
292
199
362
91
309
343
22
231
85
491
388
160
127
431
103
319
313
3
147
98
362
328
174
332
82
234
75
156
21
380
10
246
446
26
393
391
205
309
161
386
34
386
308
299
261
93
250
275
247
271
75
446
236
150
354
277
476
233
35
174
320
464
49
83
457
245
143
470
103
84
369
47
301
436
279
278
39
21
177
396
238
25
333
121
30
313
307
43
72
454
356
146
97
223
457
273
193
302
88
110
333
98
326
491
192
85
177
195
152
63
199
334
302
274
382
122
159
218
109
109
117
79
102
143
153
45
51
316
472
193
279
394
323
263
302
143
450
73
279
478
93
285
493
481
310
282
307
304
228
4
396
187
384
15
419
17
413
337
62
229
384
364
67
17
334
463
266
32
401
456
115
12
371
21
398
273
239
199
49
2
44
480
12
105
8
7
255
120
429
238
61
124
173
283
333
463
371
12
296
291
338
191
378
63
312
289
229
71
232
105
360
165
405
64
446
368
166
380
75
46
180
333
42
301
424
358
471
255
88
458
186
248
58
382
277
9
12
92
412
324
332
132
19
266
8
47
456
426
334
383
81
222
257
48
135
494
393
38
109
75
352
275
74
299
156
474
246
224
168
269
369
340
389
440
465
204
251
321
37
165
239
353
313
302
17
314
336
185
464
110
108
40
451
490
366
82
375
492
394
310
110
306
72
116
477
65
114
357
229
252
32
260
224
199
153
426
17
386
495
142
344
454
229
238
26
133
160
114
398
409
288
159
467
327
101
485
138
489
155
279
466
24
65
30
353
439
50
446
227
145
433
38
55
168
156
340
93
148
144
331
232
327
188
399
259
249
167
174
62
9
39
255
317
261
484
243
379
183
194
122
27
36
361
498
164
143
358
17
306
231
167
358
51
315
229
284
388
395
291
81
100
306
235
86
21
36
362
438
3
378
174
141
131
489
474
394
423
242
313
82
384
382
348
470
202
188
194
13
29
183
3
134
292
413
34
312
132
50
178
85
156
85
28
436
205
93
118
95
25
402
236
71
54
370
310
119
156
391
368
279
211
411
3
497
363
463
37
280
345
170
223
77
233
367
78
341
163
208
42
149
400
353
407
190
321
304
8
95
434
204
35
130
143
90
391
153
230
441
64
331
272
280
131
480
486
226
58
486
61
489
412
264
366
193
225
303
377
478
409
155
175
378
87
344
299
208
302
242
172
357
169
491
363
7
210
201
289
16
90
302
5
70
288
321
7
50
359
422
243
400
444
290
361
15
445
147
361
315
89
126
185
318
60
434
463
264
3
429
294
363
244
332
276
256
477
235
172
332
264
160
281
419
234
142
321
407
107
235
235
147
16
434
224
322
189
480
73
36
209
5
257
318
70
12
370
181
436
491
331
390
83
220
186
189
264
21
222
418
207
186
311
146
369
305
194
192
223
278
72
269
376
175
69
33
410
26
217
406
75
215
163
23
123
55
483
217
236
384
217
51
477
7
325
424
117
58
434
203
103
93
360
267
42
200
287
236
186
477
17
410
103
323
172
442
411
107
206
281
289
163
76
166
262
30
284
446
310
408
236
472
9
223
186
468
61
311
64
450
327
425
75
329
428
163
488
318
431
173
4
376
425
271
361
89
102
434
362
95
107
308
455
252
485
154
170
386
89
338
491
241
101
220
23
150
38
218
200
382
216
341
404
273
322
318
494
97
74
43
428
273
481
457
288
475
459
18
52
419
397
78
349
423
154
441
105
356
7
221
175
127
499
122
143
297
462
325
85
311
298
126
387
429
472
201
7
227
112
325
468
346
402
183
289
156
416
191
311
188
189
162
460
477
387
56
290
178
197
271
54
91
430
445
234
322
399
393
426
367
336
20
175
203
171
112
315
388
394
76
92
383
96
36
491
324
179
360
207
269
416
180
477
57
307
255
313
7
80
135
18
8
443
299
384
16
88
10
20
66
457
473
158
54
172
211
340
495
25
304
146
90
147
213
150
338
421
189
356
373
441
495
409
98
353
59
189
59
108
134
356
213
445
149
453
429
242
221
304
405
12
108
251
259
326
287
270
56
413
175
453
242
205
314
291
21
265
13
309
15
286
477
466
183
357
340
94
422
176
53
41
475
391
221
254
171
110
286
270
133
148
241
473
499
381
53
389
237
150
300
466
323
472
368
54
365
250
249
32
448
194
274
274
307
160
411
417
196
130
388
200
186
315
247
319
102
412
245
385
254
432
289
269
357
409
300
358
134
186
284
188
149
344
272
144
498
146
341
195
422
423
347
446
236
345
491
203
405
162
356
478
134
257
328
319
179
211
215
357
56
113
396
268
309
178
415
323
159
297
290
465
486
230
121
263
261
122
223
18
151
185
256
239
402
451
123
225
227
354
276
378
300
379
416
388
427
457
35
482
327
224
462
415
411
381
16
235
84
272
396
445
475
116
39
470
10
42
201
326
394
497
4
141
223
248
87
101
360
232
416
267
163
184
188
490
14
54
97
27
111
10
403
255
315
464
76
390
292
115
433
92
322
20
73
304
294
126
50
118
59
99
430
2
297
248
342
49
498
64
362
283
491
21
36
445
91
317
436
52
106
46
216
286
353
488
492
338
300
392
43
198
157
483
276
22
13
486
81
398
287
326
248
221
325
73
431
54
71
91
498
449
308
407
337
318
51
446
12
174
434
376
44
216
482
129
467
417
190
304
131
303
323
34
67
37
244
277
290
423
354
79
429
491
118
174
130
205
178
347
116
233
424
51
64
268
481
86
332
195
293
380
200
375
495
253
402
75
230
287
203
397
225
240
361
112
236
246
307
247
196
369
15
130
472
135
71
3
1
68
36
210
62
159
124
140
97
346
244
244
247
357
140
422
332
222
409
272
85
152
119
199
212
333
92
306
475
353
94
479
114
74
422
196
94
84
188
484
319
29
149
459
88
61
491
476
5
141
94
27
266
171
408
198
52
58
389
285
437
451
215
216
334
295
254
459
3
47
304
131
211
100
379
170
475
341
438
352
174
284
346
375
478
364
47
21
386
390
136
72
420
47
53
223
108
320
479
327
281
127
206
284
151
411
176
88
356
118
150
338
477
107
107
482
409
323
356
251
249
93
351
476
118
434
237
281
446
129
241
99
283
323
291
427
245
484
95
418
390
107
317
160
46
485
125
298
101
467
165
173
325
449
9
228
130
352
319
269
65
167
238
426
86
276
292
317
390
401
487
337
439
408
335
400
200
491
492
251
342
429
193
476
241
411
221
117
477
116
233
445
486
232
234
119
30
110
232
23
172
208
179
499
123
188
25
439
311
93
139
495
140
287
109
5
81
24
382
467
436
72
408
259
236
337
26
332
35
143
54
39
271
117
331
222
160
267
414
298
411
489
310
405
431
315
211
78
49
304
134
260
302
464
489
343
278
55
476
110
40
175
149
156
37
237
470
332
226
374
31
174
99
201
194
162
397
155
285
473
337
283
222
194
413
377
411
194
131
377
292
194
346
450
437
283
291
27
418
332
331
403
336
182
304
152
345
403
288
494
438
311
404
186
101
433
255
366
285
296
304
436
444
261
159
325
446
80
359
320
86
59
71
149
230
307
43
456
43
422
269
176
36
14
66
249
190
213
64
224
291
467
11
283
488
471
337
307
238
301
435
49
432
170
69
152
72
478
477
105
111
307
116
415
336
387
36
170
112
78
420
402
492
373
252
383
200
101
53
261
269
254
255
368
174
458
237
444
463
281
112
355
199
464
369
341
255
73
106
66
16
379
46
344
76
352
458
435
408
381
240
272
221
154
151
441
113
304
419
409
471
433
270
355
496
347
261
466
68
87
351
350
70
276
144
253
239
154
432
186
8
102
250
175
96
191
451
346
36
356
135
88
488
329
428
114
107
294
79
347
386
450
73
500
227
11
51
135
269
250
439
208
141
21
213
494
445
160
239
287
441
60
431
247
251
391
232
66
11
76
183
22
300
109
241
467
123
359
451
81
466
423
68
320
90
361
444
412
497
1
119
355
68
87
127
55
47
75
72
236
159
75
302
455
335
448
219
344
76
306
311
8
91
351
202
306
257
176
74
330
104
37
20
349
232
349
25
254
240
108
407
314
246
153
59
27
381
106
250
43
31
329
371
201
438
223
260
340
377
98
251
135
277
24
61
149
105
110
427
227
71
229
429
204
160
311
357
14
206
254
240
55
457
455
282
230
480
353
278
116
179
293
93
98
401
433
141
389
304
434
144
22
473
1
359
35
446
473
240
399
430
92
193
225
375
49
226
15
105
400
285
372
161
413
172
116
145
378
263
399
140
327
257
43
333
488
447
421
116
248
369
230
174
434
111
226
463
392
340
111
442
163
483
351
107
356
109
1
307
77
207
485
322
81
66
25
332
325
27
412
397
460
349
283
50
141
227
482
392
266
142
408
427
93
139
259
124
11
20
405
181
104
45
147
135
31
426
186
52
275
430
161
427
362
291
93
333
276
35
128
344
193
276
350
221
270
360
138
400
303
322
433
165
25
163
329
443
143
196
58
89
352
143
137
334
276
142
353
421
474
310
62
262
215
80
237
201
185
25
390
430
490
342
448
277
355
214
389
158
265
97
321
5
307
464
89
40
95
46
284
104
140
25
482
428
12
279
478
278
42
341
60
44
348
428
210
352
489
343
212
90
409
246
360
131
416
253
494
3
209
371
41
448
173
198
396
215
369
395
360
400
63
152
383
347
21
390
35
314
447
176
294
271
19
373
461
420
88
473
265
93
397
144
2
371
258
303
25
350
212
230
182
255
214
248
236
322
139
8
110
157
248
205
150
156
38
404
250
377
99
73
234
72
412
159
379
447
85
6
90
119
431
432
450
176
479
450
112
13
3
308
470
175
148
194
111
215
186
122
384
22
442
150
94
207
156
371
70
357
311
317
195
482
379
51
188
472
227
157
74
214
241
152
280
399
286
217
245
232
424
441
60
323
82
261
235
118
363
38
435
176
309
237
119
2
340
165
87
349
19
162
295
395
32
399
155
486
305
11
210
465
21
272
228
346
385
34
106
157
147
492
102
308
124
213
215
127
37
200
379
410
175
401
129
125
456
175
145
71
239
452
28
237
43
298
263
142
447
432
21
22
83
445
139
291
210
57
293
210
113
419
35
74
461
274
490
326
307
226
80
331
133
162
246
204
488
197
267
204
20
432
370
267
115
304
131
222
244
318
354
41
440
56
355
205
50
472
404
133
219
246
377
34
480
331
359
23
220
201
133
251
217
208
302
486
487
430
382
364
3
482
462
471
41
444
204
475
169
292
136
36
242
471
166
238
336
397
142
87
19
337
415
258
431
170
255
11
178
471
135
497
97
364
423
286
420
25
377
57
350
263
472
370
489
61
473
220
211
186
371
445
468
113
478
237
278
101
256
89
390
108
17
224
291
97
189
213
373
177
273
389
148
177
277
127
281
29
189
436
479
428
472
457
498
46
139
455
435
323
71
406
374
223
310
303
287
448
439
312
64
255
290
341
335
29
500
161
345
65
326
179
50
79
16
157
478
104
329
342
114
470
40
427
375
193
16
325
490
241
215
91
220
190
154
433
392
289
440
32
289
70
465
271
125
137
120
77
34
292
236
438
335
171
81
152
55
196
75
248
139
102
244
117
378
355
54
352
301
19
437
496
247
71
116
258
190
76
58
341
54
169
262
208
452
421
54
84
61
288
452
448
389
72
338
402
30
122
405
492
330
89
323
115
4
410
471
345
89
498
433
484
256
220
405
377
215
137
378
211
178
150
119
131
432
89
99
323
51
161
5
92
449
492
105
36
160
337
217
417
378
213
135
183
244
391
82
457
285
120
463
481
363
426
370
85
376
106
473
473
324
28
186
167
107
261
419
480
282
167
234
163
123
352
464
185
402
376
93
451
303
55
358
395
313
469
186
402
415
262
45
171
348
48
341
479
491
278
227
422
329
222
90
350
410
205
181
261
224
143
56
185
35
306
35
313
471
131
351
222
304
265
125
401
192
271
191
214
42
465
379
28
450
263
54
251
58
239
413
138
488
296
33
275
464
109
253
497
76
71
360
499
436
260
245
60
485
134
480
100
432
431
141
315
118
477
204
466
364
89
40
55
305
15
20
259
344
59
55
430
66
456
352
294
54
242
53
171
83
89
285
211
365
421
111
110
495
167
155
95
171
410
319
86
359
466
384
250
155
191
405
244
73
287
381
122
246
470
67
32
479
397
244
244
303
92
428
248
206
322
296
289
229
237
2
96
234
384
156
350
396
21
178
43
457
273
220
440
283
356
498
324
196
44
85
360
356
384
388
2
169
358
488
117
446
331
333
370
150
468
107
135
44
261
142
82
427
133
425
73
281
120
256
22
325
47
314
91
403
17
229
383
196
139
30
123
72
250
13
198
308
296
133
152
34
216
311
142
390
62
322
307
260
470
380
400
458
291
318
370
37
106
252
243
310
327
9
16
416
252
73
261
133
27
427
238
414
463
138
230
427
143
223
47
463
109
408
138
410
40
10
114
65
446
186
61
205
64
88
137
205
111
456
188
243
377
184
93
403
79
339
212
433
301
451
14
277
83
357
271
289
49
449
361
124
419
214
112
115
80
50
409
409
408
97
403
451
200
231
106
9
295
252
120
399
161
387
138
63
138
37
442
106
298
411
414
375
156
419
145
463
320
439
216
208
64
386
91
436
410
154
455
15
449
137
116
23
224
397
90
231
492
479
147
223
21
298
200
24
181
50
101
236
401
139
394
141
482
397
166
149
432
477
297
295
304
323
160
222
496
85
65
326
459
160
127
148
428
105
99
434
246
140
322
483
297
137
455
462
430
216
137
420
331
2
477
65
300
299
446
251
496
18
291
450
291
381
123
425
355
180
131
203
120
99
483
194
353
166
492
105
62
204
378
412
221
201
326
193
408
121
243
25
199
31
78
360
197
364
197
270
250
399
73
76
373
216
79
450
399
181
323
185
51
492
224
68
80
320
282
438
295
318
52
376
226
455
145
489
102
12
448
433
449
334
404
56
12
89
257
257
256
151
257
379
196
66
399
218
75
373
463
334
379
56
347
36
336
479
499
22
304
428
364
1
39
292
115
32
274
103
16
450
11
120
296
437
186
424
304
166
365
265
92
227
410
289
227
192
104
219
314
233
101
377
36
494
318
292
163
332
105
30
30
249
412
199
308
31
296
294
235
102
64
473
1
68
485
440
206
87
68
492
474
245
1
410
312
39
277
383
260
253
311
357
257
348
208
500
334
61
346
499
184
353
21
344
365
469
334
157
229
483
125
36
456
250
122
9
129
387
238
438
36
72
34
346
495
361
25
417
320
260
185
352
467
253
243
311
147
26
11
465
465
310
141
176
440
424
8
301
91
320
299
43
149
176
398
322
172
353
133
454
105
86
342
424
193
6
379
186
144
243
43
378
198
320
448
367
43
17
312
496
99
252
500
195
338
285
180
434
459
409
102
392
312
154
10
434
187
425
56
139
328
285
238
431
35
228
453
171
228
454
58
80
110
437
266
235
471
125
436
82
207
237
284
370
424
497
489
281
445
253
10
321
134
326
194
333
429
242
141
382
73
313
436
425
284
59
119
299
352
53
227
2
472
430
14
269
176
331
159
476
214
125
285
493
362
294
159
373
252
127
232
180
48
80
334
266
449
85
51
398
55
306
476
412
40
166
134
89
370
349
272
392
134
259
254
394
70
397
299
204
317
410
361
285
256
356
119
7
205
204
437
226
473
102
358
60
109
200
252
283
86
59
93
313
403
170
320
319
206
193
295
346
490
340
64
478
121
268
325
77
233
221
165
235
411
339
211
15
48
97
40
84
41
465
166
176
84
86
57
450
176
161
198
229
94
358
345
207
112
34
38
187
302
339
449
230
245
199
289
284
337
306
75
284
157
409
452
339
482
56
93
390
352
93
443
127
102
224
437
28
496
180
378
435
233
470
487
53
150
107
247
143
460
367
95
120
213
171
28
174
151
221
346
484
174
158
391
215
239
475
156
323
122
375
184
161
332
289
282
141
377
462
337
122
282
204
14
271
343
289
478
174
402
39
407
278
95
403
139
272
317
128
317
435
346
348
68
28
1
379
387
384
488
37
348
499
211
91
415
116
15
148
288
88
49
193
162
295
113
185
441
461
264
219
294
90
468
455
199
88
414
23
410
132
144
78
384
455
180
411
280
27
472
484
35
227
10
466
405
393
284
297
25
393
83
94
251
40
57
425
76
135
360
482
188
480
311
312
348
238
240
53
219
157
357
55
281
68
392
119
275
81
496
25
275
333
422
185
241
105
273
238
172
142
394
87
66
423
249
356
441
490
259
147
392
59
469
364
388
189
384
239
318
310
106
36
480
33
163
376
110
81
142
383
130
62
143
206
491
420
471
445
166
66
13
422
311
261
496
157
395
73
296
255
378
19
176
498
496
155
272
331
258
464
321
28
187
315
103
217
85
206
409
432
413
321
291
70
463
489
316
23
491
352
175
318
68
43
121
150
99
457
275
452
160
392
31
286
119
66
81
371
125
444
499
357
288
270
262
489
146
32
11
463
345
13
221
224
31
471
216
239
13
464
490
312
133
498
86
117
279
357
159
124
495
114
500
122
399
402
36
224
495
155
291
108
70
191
131
493
123
11
241
453
468
117
378
413
189
209
276
273
64
139
436
61
332
165
191
96
382
454
373
319
264
487
164
196
417
17
118
421
389
31
364
431
99
109
103
478
232
464
125
419
486
138
24
245
447
36
306
437
391
44
367
36
271
339
318
145
412
402
390
500
157
180
46
124
130
178
42
358
305
318
288
205
449
64
386
250
205
55
91
211
210
441
404
48
291
449
58
97
399
140
191
434
46
458
312
273
241
382
465
214
291
362
362
441
337
281
132
499
191
470
308
8
58
141
13
267
353
482
195
328
65
468
478
426
114
155
68
424
394
429
158
42
225
346
2
62
424
220
4
202
91
341
46
372
263
156
194
421
444
150
420
446
209
105
120
30
56
276
139
51
280
22
270
18
434
406
141
163
192
373
55
118
442
35
2
315
78
288
134
212
66
339
166
288
33
158
284
319
257
198
410
145
225
129
325
152
254
326
219
113
192
285
294
170
62
335
53
113
478
482
35
389
323
473
235
348
117
150
20
68
65
120
293
378
445
273
49
223
58
387
64
155
458
153
87
62
253
490
218
500
409
122
290
77
442
429
20
351
439
206
179
431
466
143
182
414
488
236
28
185
170
203
156
102
190
168
333
363
447
143
278
16
484
306
455
143
46
342
195
134
372
473
49
389
111
134
200
121
258
34
435
205
361
246
388
403
446
156
397
458
138
266
375
450
74
404
139
279
177
192
461
201
266
460
109
446
215
111
320
357
6
151
294
341
96
179
155
156
474
280
21
480
142
140
480
485
157
288
267
122
164
344
485
485
5
53
472
485
135
409
158
105
122
411
482
189
198
260
401
253
179
220
103
138
125
135
467
61
392
429
257
25
433
25
127
150
273
340
176
244
278
83
186
60
437
469
208
69
378
85
371
261
80
408
329
43
362
375
390
283
65
109
294
246
275
480
228
326
121
345
123
472
296
31
186
387
93
302
298
35
276
434
284
465
210
143
391
70
221
347
428
87
363
254
381
116
492
68
215
269
208
143
426
347
125
176
491
497
262
76
203
264
405
238
483
222
163
238
166
190
451
371
222
211
439
419
439
51
102
373
393
435
460
165
268
123
434
214
201
18
473
249
260
371
316
49
38
433
109
242
273
35
24
335
336
213
72
395
131
460
348
13
338
60
492
406
311
420
342
267
239
27
327
354
149
331
458
188
273
198
122
97
380
360
148
248
144
17
164
476
7
190
487
340
55
409
95
192
189
377
339
307
165
412
471
485
466
128
210
391
22
166
383
326
253
470
201
38
195
246
324
123
391
400
6
312
1
436
319
183
364
294
94
249
345
413
259
333
210
116
41
286
444
309
437
6
482
371
494
410
317
1
478
9
392
252
305
8
178
184
268
226
209
470
375
4
364
453
488
228
242
266
90
469
102
267
335
480
297
113
197
311
318
350
274
166
372
10
294
133
16
500
43
443
195
384
91
367
466
163
332
41
355
375
140
146
296
334
310
469
62
137
291
238
292
422
420
26
124
29
466
380
143
169
362
171
415
467
231
230
402
54
216
496
148
113
385
364
55
269
9
340
6
303
187
168
279
97
115
153
464
61
60
40
229
366
361
434
49
156
205
325
382
342
93
109
328
127
244
55
43
164
312
233
247
317
151
170
346
496
151
284
374
401
162
116
2
413
343
81
308
231
194
490
479
277
61
161
392
273
245
473
420
382
489
136
184
242
484
44
299
100
237
349
259
45
65
377
89
498
338
194
120
87
335
452
124
426
446
374
356
169
268
101
231
34
56
194
480
146
109
59
494
439
122
1
428
160
192
345
36
216
314
213
106
465
10
426
256
114
466
251
395
500
220
166
344
245
313
81
42
378
38
293
86
80
452
7
371
243
241
392
410
18
417
129
99
449
315
48
80
498
454
117
214
405
479
434
479
32
44
371
213
274
126
31
480
116
418
181
143
346
315
446
33
372
327
200
324
329
215
397
103
230
29
49
416
129
341
125
282
10
113
342
364
227
256
38
33
496
338
190
339
394
303
317
139
197
397
30
244
487
367
266
3
417
356
287
432
8
71
212
296
442
156
196
189
144
59
114
352
149
111
162
363
192
326
262
445
190
238
26
323
88
129
355
120
465
125
323
127
171
175
182
487
228
285
146
281
92
341
120
284
365
408
439
1
440
254
234
255
289
418
312
335
236
183
474
67
443
418
225
303
308
91
439
149
394
73
8
10
474
153
63
357
470
331
363
424
239
379
477
145
424
342
75
133
377
135
122
187
246
277
79
287
476
82
17
322
219
50
218
159
468
398
178
11
243
51
410
392
345
260
201
476
98
73
152
352
139
427
410
80
420
20
221
262
110
14
60
332
337
309
291
482
68
118
427
480
269
245
430
78
360
312
384
178
405
191
197
188
45
359
480
128
286
74
499
296
203
280
302
33
384
328
192
275
254
22
425
471
286
42
434
285
70
290
123
78
108
5
183
449
385
90
223
500
295
415
341
214
358
190
362
415
488
265
159
421
446
213
337
8
313
203
222
123
361
196
368
305
123
468
437
241
341
336
463
133
60
153
435
271
43
423
169
231
113
225
26
262
398
344
461
4
83
198
464
228
279
294
495
196
429
88
216
87
31
106
259
179
141
352
305
291
325
109
341
459
209
417
119
102
352
222
178
357
482
59
122
244
41
319
401
291
413
320
427
227
359
292
325
407
4
21
248
221
241
31
364
201
294
404
439
331
391
339
175
202
186
465
475
497
299
316
250
199
73
295
221
70
17
268
486
165
333
159
498
53
107
170
332
233
323
278
89
336
44
206
310
443
451
350
237
7
28
488
428
460
205
61
453
251
345
118
483
254
500
21
485
56
405
426
359
220
14
236
414
342
417
18
262
59
494
217
34
88
294
440
371
291
417
178
253
223
233
43
390
180
212
76
452
268
259
335
102
63
75
127
308
440
51
330
39
222
466
119
217
96
228
480
319
288
320
52
419
360
375
83
406
391
17
225
188
254
102
291
383
196
472
463
178
237
28
102
353
49
438
223
252
365
478
123
8
20
146
344
181
283
123
57
180
322
125
406
221
296
222
242
490
124
241
254
458
292
217
401
408
333
100
437
134
161
84
387
96
489
36
301
270
474
78
301
340
415
289
139
388
298
228
86
331
315
179
133
15
309
475
215
153
203
131
426
260
375
392
40
462
286
276
410
118
342
479
30
149
150
153
355
79
362
333
274
61
140
318
451
119
455
199
427
458
367
267
391
340
160
189
164
345
287
200
434
337
470
4
179
215
341
461
52
390
296
16
465
159
460
239
5
271
378
60
345
77
148
275
70
32
397
117
47
96
171
287
218
476
251
434
478
311
317
271
253
119
113
438
82
438
408
128
28
210
246
308
232
364
241
350
363
484
11
195
495
283
262
439
276
126
352
396
408
149
233
174
97
167
312
113
48
384
326
38
21
474
113
434
65
216
281
383
488
404
423
57
255
4
159
371
363
173
318
254
243
453
108
464
303
235
22
232
198
316
361
332
128
82
440
286
33
52
215
66
425
119
450
150
265
1
473
255
68
489
186
160
463
269
233
355
216
262
156
456
63
65
55
378
17
5
475
8
239
486
60
426
425
28
35
130
229
277
119
134
385
365
217
438
411
109
430
426
444
29
75
310
479
66
237
92
4
174
203
90
248
299
490
270
396
230
355
390
14
22
403
120
171
139
276
327
185
33
443
217
332
139
182
367
86
42
81
169
165
146
170
470
46
325
96
498
261
407
130
350
184
437
205
84
225
39
327
478
95
386
262
238
63
340
257
257
377
416
291
8
165
128
105
415
356
238
206
91
463
244
61
111
496
6
289
226
253
348
320
323
16
167
265
128
368
337
430
490
121
385
251
86
384
188
56
257
174
102
105
296
256
242
283
324
194
262
283
484
177
10
178
208
174
409
177
484
110
385
9
274
434
250
259
257
150
129
339
44
50
301
245
275
218
267
480
233
435
12
302
425
213
85
188
451
321
247
350
140
471
408
266
303
402
170
265
389
340
424
500
333
476
388
48
406
440
290
293
176
162
169
481
366
53
247
249
468
288
154
159
301
137
280
315
479
306
302
113
330
471
322
20
51
383
9
256
456
246
331
49
230
187
270
464
265
482
24
117
95
48
279
465
422
55
477
117
270
318
42
227
171
286
498
451
276
179
64
85
327
114
83
268
139
240
137
386
56
57
159
23
372
359
332
245
109
294
100
142
91
365
216
195
221
429
20
442
267
194
180
467
235
278
453
499
493
3
229
129
152
249
234
182
156
3
261
406
182
361
77
328
393
321
23
444
56
67
231
42
309
385
238
142
47
483
337
353
451
445
275
441
335
428
280
169
491
433
436
406
125
192
258
45
129
223
290
87
450
352
44
230
307
339
498
154
102
484
40
486
123
217
243
149
78
415
121
12
171
236
116
19
196
240
449
482
236
318
202
131
364
206
47
367
198
240
344
276
433
462
253
290
346
359
365
91
341
51
305
483
14
377
138
461
266
105
312
392
200
168
260
400
269
29
130
475
178
185
166
73
257
198
442
214
165
440
167
400
193
398
356
55
68
76
91
136
388
328
154
31
210
382
481
86
441
344
360
200
62
436
7
474
83
94
42
389
70
244
340
439
337
103
214
65
414
110
494
245
80
79
254
124
266
245
411
137
40
324
437
389
257
48
217
37
208
396
103
140
149
331
254
164
214
302
342
383
227
319
419
39
202
45
335
431
26
260
467
12
393
407
134
315
431
400
129
309
84
173
126
268
78
448
137
56
424
467
42
480
183
275
53
489
247
396
116
11
220
262
208
73
220
94
126
55
343
470
152
374
52
443
367
101
135
242
457
237
62
174
250
297
466
89
129
138
414
421
489
392
356
500
186
349
329
392
50
201
409
428
176
261
86
166
20
406
207
409
362
399
273
391
273
33
321
296
173
354
278
420
15
267
171
127
385
236
438
408
108
357
38
189
365
330
61
457
215
213
475
74
94
499
309
300
192
295
486
482
21
139
164
185
9
162
416
288
29
48
478
484
134
348
447
330
371
269
56
308
116
24
128
438
489
65
30
335
425
201
373
469
38
65
400
457
498
116
211
443
228
408
13
269
67
346
49
341
229
189
474
136
19
9
341
164
96
251
107
227
333
26
223
417
24
363
363
373
57
199
413
323
219
79
25
112
457
64
182
124
382
288
422
106
102
259
239
454
137
122
57
129
396
211
227
304
461
57
341
139
184
132
403
195
3
78
222
448
7
253
325
485
380
296
21
261
352
291
75
375
27
492
462
49
105
463
33
424
209
201
483
176
216
421
242
225
260
375
329
70
408
132
464
157
489
462
47
46
98
466
142
165
263
252
236
24
224
420
161
122
148
190
350
5
451
490
27
115
269
412
476
26
324
228
269
10
177
87
258
433
120
216
277
240
242
261
396
456
84
192
472
258
469
76
362
129
439
297
383
373
252
56
112
253
4
226
367
54
436
370
129
41
371
246
379
280
17
484
124
74
325
270
478
409
385
255
90
21
148
458
380
73
453
168
181
430
160
286
10
478
401
467
314
447
387
389
54
402
404
280
104
449
144
192
311
87
263
101
29
455
77
494
496
483
436
456
117
93
453
349
109
339
385
306
59
93
42
385
260
165
395
310
431
300
458
160
24
362
25
385
85
376
475
240
332
272
26
294
224
348
375
445
445
373
39
323
14
238
352
181
28
119
421
72
54
282
301
45
24
470
489
481
233
317
395
451
392
276
470
460
110
182
113
365
214
148
49
117
392
307
248
247
8
312
108
215
164
325
133
475
111
470
163
493
5
8
204
465
181
493
279
214
350
25
321
384
285
366
272
389
316
236
158
28
207
339
83
177
195
70
431
274
100
379
376
89
321
243
382
216
130
225
124
335
117
2
60
332
298
187
78
295
111
366
192
489
500
361
81
99
142
153
43
442
71
276
225
364
108
65
325
265
304
61
143
99
206
104
250
110
352
70
405
53
473
231
25
393
104
348
247
188
124
335
498
9
289
269
222
82
124
247
366
303
251
246
148
474
108
192
467
164
100
459
63
387
17
258
106
425
236
120
300
398
401
45
481
400
269
395
401
449
163
310
96
178
303
487
95
104
278
338
417
250
306
294
497
76
230
6
185
210
406
410
442
245
362
146
55
283
351
243
493
294
338
89
172
334
207
302
51
492
300
387
372
163
297
25
31
184
40
110
391
39
451
67
355
27
91
485
13
235
436
53
16
102
197
280
317
341
211
496
105
306
334
391
28
328
487
467
189
109
203
96
111
455
58
269
417
99
232
353
485
73
398
141
109
202
71
143
424
352
271
492
267
435
67
82
482
221
138
499
79
282
151
246
4
422
89
406
1
378
162
245
98
262
395
142
201
277
104
200
451
247
297
294
432
192
142
493
95
337
336
282
382
385
74
464
415
97
497
131
370
381
324
406
336
126
148
158
454
393
57
19
282
228
466
336
398
81
33
262
324
422
22
212
7
49
207
17
417
260
183
394
285
497
170
407
91
280
428
223
202
480
32
446
237
154
2
72
413
273
226
419
317
335
159
470
235
213
375
28
140
280
323
494
285
101
18
322
21
434
64
409
170
116
272
142
115
371
375
20
272
250
406
167
433
2
456
207
152
397
146
495
177
36
216
230
131
277
69
416
27
105
229
131
201
173
248
74
94
20
19
171
435
213
410
84
276
19
423
102
355
398
54
179
304
141
19
225
297
211
483
169
297
287
329
40
496
223
379
462
285
69
308
159
373
401
202
499
325
127
483
267
453
410
390
284
476
192
363
316
494
132
304
213
176
398
111
74
270
175
480
272
61
358
469
46
127
241
223
100
142
454
141
232
36
393
291
455
59
40
453
378
192
184
111
490
129
424
55
296
232
3
311
119
52
236
56
409
108
276
324
403
161
460
112
106
373
349
37
102
108
294
187
117
500
292
319
144
490
265
223
401
222
14
86
333
23
453
361
288
169
97
274
79
43
214
231
20
263
444
28
377
294
232
320
213
103
259
288
55
21
82
51
202
377
294
272
287
65
341
134
173
351
216
141
227
64
494
3
1
29
243
97
336
306
279
408
433
215
286
204
334
42
95
362
464
189
425
178
403
123
72
333
235
79
44
435
384
418
39
19
240
265
18
454
221
225
190
484
297
430
212
328
56
175
344
48
107
384
480
316
240
250
93
323
151
441
383
87
58
217
494
104
129
314
113
115
467
299
467
461
9
447
172
100
359
182
59
276
121
328
393
202
221
105
51
349
26
368
382
174
466
454
332
333
81
285
141
224
439
109
378
459
281
412
15
203
469
5
445
437
431
102
449
157
235
256
153
384
353
33
432
344
125
48
404
433
270
290
155
55
303
42
310
191
374
401
439
297
186
318
117
446
270
364
57
271
402
12
47
37
56
22
461
442
145
100
266
185
43
126
410
145
458
450
40
43
387
151
229
49
299
61
31
224
429
58
330
151
295
468
40
216
429
267
399
55
447
232
403
489
304
96
316
487
275
297
285
305
462
429
431
349
19
113
316
442
97
138
177
390
298
13
455
74
377
228
427
462
174
293
32
353
150
342
484
495
429
320
27
445
83
298
213
367
394
170
369
161
138
65
275
301
4
94
209
83
361
391
439
39
213
146
252
308
24
333
43
305
254
424
365
204
287
348
450
361
298
410
359
269
73
131
180
273
427
296
475
295
266
118
182
398
238
39
380
250
138
372
275
46
430
193
21
18
287
400
345
328
62
31
483
76
337
494
113
207
4
299
271
43
493
55
100
304
143
71
105
288
10
410
282
430
9
430
284
85
450
362
264
497
215
403
403
155
60
286
44
133
309
264
291
493
219
14
126
388
174
116
264
462
241
409
130
299
104
430
8
146
153
151
341
128
219
393
101
235
276
65
461
175
219
257
397
109
256
55
326
485
274
482
191
410
497
155
183
389
350
94
44
318
101
437
211
106
447
115
39
393
23
417
48
226
459
329
298
65
444
268
324
321
9
277
180
208
294
252
484
12
58
421
68
220
260
341
76
67
180
289
238
141
111
222
233
111
183
300
29
388
18
390
289
48
153
169
470
112
397
56
79
426
353
372
354
26
11
163
140
217
402
288
476
64
88
254
164
67
421
144
492
288
37
20
414
262
350
404
67
322
418
484
458
109
460
125
464
398
2
275
308
65
483
261
306
338
430
351
375
492
263
313
487
101
225
377
152
10
386
250
254
371
197
187
481
339
