6
347
3
10
3
349
556
477
1869
35
200
2
1
8
386
2177
2966
15
90
31
219
43
1811
3
31
322
135
58
19
34
243
1
2
33
2579
126
1006
710
21
1
5
110
2
17
89
2
1
6
90
99
10
2
9
233
1414
3
6
2
27
417
1
2
96
3
1
96
1068
1
1
38
12
311
1
1
9
2281
1485
262
3
33
2053
1036
1757
1185
2
260
274
334
26
1387
54
1
1
317
1
5
16
1
2
5
27
20
16
3
1
785
194
321
1782
1578
90
5
425
11
4
1
1
398
1190
1
1281
26
6
1
1
35
38
587
428
5
64
122
5
512
1
9
1793
2343
351
34
270
5
111
1908
2428
14
18
21
2257
371
2820
119
308
258
920
907
292
248
329
3
21
48
487
3
70
1
98
2
5
9
1
201
48
1125
528
13
1
23
22
13
113
767
577
107
68
83
571
2738
14
26
1640
13
1980
79
1
7
28
976
249
5
4
1398
163
1941
15
439
1
9
2
6
1
416
1621
7
46
1852
8
2
2
1
2988
112
4
4
145
276
1693
1
376
6
15
12
1
2574
2436
1
1
2
34
3
363
13
19
19
501
18
35
67
19
8
472
33
93
40
57
30
106
43
29
130
14
2
5
19
6
1292
204
3
492
26
53
16
393
1
3
1519
23
89
5
1
1057
7
4
553
100
74
3
3
39
3
21
1463
19
27
614
162
653
362
167
29
5
5
1423
1
73
458
7
1
86
509
70
1
1701
534
2833
316
2561
54
767
2421
91
5
368
410
8
899
6
124
139
26
1
52
4
1282
865
21
185
19
1
589
42
3
6
1174
534
1
29
84
2
132
9
166
3
33
3
73
1185
1
1507
1
17
393
2
1
1
62
22
37
89
2
20
165
1
2
151
471
33
38
9
22
30
141
130
1408
2
214
345
1
1523
1
304
6
47
11
929
38
58
13
184
1
4
64
2
18
3
2128
51
3
1
461
7
10
3
15
2
34
58
497
345
206
30
1541
88
1
1
379
2425
73
38
53
290
52
12
50
226
1477
1460
1
20
45
125
1041
9
1258
446
85
3
1
33
1279
236
6
129
814
2
10
665
40
68
1
3
24
1839
1043
2
1
453
1
265
6
281
137
431
32
6
40
7
597
7
126
6
173
3
31
5
5
35
44
3
1
30
843
1678
283
464
60
3
11
8
80
893
304
1784
32
94
1
667
1076
14
35
331
198
2
89
2339
1
1078
1
6
95
58
2
637
314
37
253
465
50
1
21
6
201
2988
2280
338
464
3
647
351
28
192
6
65
59
149
2014
73
970
924
1
102
1
1937
21
319
2
465
2388
133
23
470
20
67
33
2185
96
276
82
16
415
424
77
3
171
219
1884
32
1239
6
1
18
4
1
630
2446
2
79
76
2
89
5
1282
3
1603
1553
2535
1393
8
1
2423
8
632
1
1037
392
80
5
1
33
1545
37
991
111
9
2
12
17
47
2367
1
53
2505
368
48
2
45
1
711
4
5
199
1921
122
94
201
9
45
14
55
25
310
1
2
90
4
24
7
5
183
13
33
3
174
78
69
83
5
21
2
154
1031
7
133
19
5
1860
767
1612
7
60
462
86
47
538
5
2
1512
2036
126
4
5
65
309
411
438
188
1911
3
1
101
498
1
118
2072
378
11
7
9
10
9
242
1
5
2330
504
3
1548
2
7
12
30
1956
1127
715
22
1764
2
5
451
5
126
510
45
446
8
1
2
798
33
186
263
366
61
3
231
246
7
37
1
23
20
1720
1
817
4
34
50
27
16
268
52
1
1196
107
127
2
101
1
295
352
197
43
2
1
2907
1941
7
23
78
64
3
4
5
1
91
148
94
3
288
12
10
191
10
797
1195
148
6
2
2
2757
1
44
2
762
1353
1
21
2
1682
1
2267
1367
258
12
233
196
2166
2
926
14
8
5
78
1
23
1
139
1
1894
254
2
44
7
89
1
2
911
60
7
88
394
64
1676
12
5
77
1
1536
49
6
2123
47
23
2503
30
2052
264
1
1
1471
14
1
1
1
66
2
12
1141
854
4
1
4
1
1
1620
4
25
6
10
5
975
420
20
149
1021
1158
1472
2741
177
1176
667
357
635
1
5
2694
44
335
2
15
23
194
3
1
34
4
27
376
4
52
563
360
5
1
593
1
1
11
98
15
41
27
23
314
1269
2
145
110
2480
248
141
480
4
1
1
2033
487
4
353
74
136
489
38
7
4
5
1377
993
1
2
10
1
7
38
4
479
10
2235
208
64
125
40
26
2447
65
1238
150
111
9
19
20
50
395
965
2
1
14
379
31
1
2409
1754
1709
2702
1
1
2067
2
54
55
1
14
6
942
2078
3
515
2
470
1200
1
5
26
323
16
114
138
3
4
1566
1
210
541
34
3
27
1
3
1
2
114
1860
41
26
35
2227
1
12
311
12
1
20
7
1
1
2694
1
665
258
9
529
75
40
1
2403
13
3
69
143
556
2
169
17
18
3
2123
729
23
6
1
9
8
85
11
463
3
82
550
1
12
29
44
1
12
74
710
156
2399
1
109
10
2
2479
1009
8
2050
34
17
1589
412
112
3
197
108
6
3
41
13
12
15
2748
1
17
26
5
3
41
4
33
31
95
4
2
5
125
242
1
467
53
1
171
677
9
2
890
522
2482
21
2759
408
61
292
1
1580
3
277
749
2103
127
1
1115
5
33
200
43
1
568
1150
1
1846
1
251
6
609
20
1325
2991
791
1042
68
5
1
1360
302
10
153
35
1989
5
28
38
17
1003
108
257
1108
58
14
70
861
315
32
2942
15
2
173
15
231
2473
1647
136
12
2069
15
171
22
352
36
1
718
72
6
566
1
40
393
1
2
14
1677
2527
2017
19
5
134
21
2
1563
2
7
1
819
2631
707
26
252
10
40
1
12
1108
340
8
2604
1711
4
71
35
1
2386
5
3
7
180
2
8
44
24
1
7
5
35
2
350
382
52
965
9
1
2
8
216
1034
2393
2351
4
10
1
1
2
12
308
1
1367
15
1
23
77
74
32
28
69
493
2
650
1
1017
35
159
144
2
2758
5
1
64
1
1314
65
15
53
927
2
160
284
151
704
1
7
16
1
82
27
413
1903
328
17
3
274
1
18
158
3
114
37
400
20
224
18
34
435
551
3
1801
3
216
3
13
1068
1556
1
1
1
11
151
8
1140
274
4
5
51
989
10
361
514
50
4
3
209
14
3
1
140
1173
21
184
1251
575
1191
2
91
34
1
62
11
216
36
732
84
2333
23
2318
1
182
13
1433
17
17
264
14
421
2234
7
5
2
2354
3
1892
121
3
144
18
1
238
886
1
13
37
784
1
13
18
159
300
67
197
289
91
23
496
12
1351
31
25
37
836
6
957
13
922
64
1
20
3
27
208
478
740
30
1
1
15
10
222
29
27
1
262
11
1873
2283
1
128
4
304
5
1833
1
590
8
126
292
3
2359
1019
2
454
902
1
383
731
28
4
10
977
571
3
5
2711
1
22
594
504
1
2
510
40
78
428
3
2179
2176
1
10
197
231
3
1
49
140
74
7
46
1
1
384
1675
10
2
138
196
1
6
7
139
92
35
398
4
222
1
17
34
220
7
3
58
339
6
491
787
600
761
13
1
20
14
530
178
138
369
4
2
7
632
126
1293
1885
124
171
117
7
588
56
560
7
21
1
114
111
1
835
2
915
1
9
4
1
2
4
8
50
2
50
1537
1
17
33
2
2
723
268
50
2
1
3
5
3
352
162
7
2602
1050
2740
425
1
2943
221
12
58
2
313
78
363
1082
73
21
1
2
1649
1
8
289
33
1489
843
1
1077
857
2
791
1652
10
571
5
2849
97
837
417
1
81
240
49
365
1
110
2
2
1871
41
156
332
1498
350
17
3
7
20
1
378
542
44
446
18
22
1
5
1
5
65
4
520
58
4
120
3
31
181
6
2
471
2
1
5
26
42
2
23
40
2
83
4
153
539
37
2
18
253
2072
664
17
622
23
65
2
87
11
1229
27
5
11
320
8
2
1
1
4
403
302
105
1
3
51
116
59
1771
32
2
94
91
2832
644
1
959
243
10
188
59
1
2
519
26
62
1
3
26
1165
2
224
2
52
1053
4
998
2
19
2022
32
1885
180
1
25
894
264
26
17
16
2
1
8
74
2375
153
36
16
43
2
419
68
216
451
17
782
1900
400
5
2755
3
1105
3
2799
7
1544
86
1328
33
12
4
387
4
12
148
135
675
37
8
443
13
476
14
1711
71
11
1
1
820
492
111
1201
117
592
225
36
28
1
607
53
14
31
1
1865
209
34
61
518
7
1
2550
13
2
42
339
3
1
25
34
325
5
1
234
1583
187
12
4
543
2
23
946
3
2261
112
2
22
28
374
2022
6
659
2525
2458
683
7
1
1408
996
37
174
10
16
6
193
306
6
1
1175
318
1
1
146
1
9
4
966
2934
393
554
16
22
45
154
1
1
2
3
1
186
1724
2
1
4
797
704
165
3
97
153
4
1
87
436
28
10
35
39
70
388
16
1
24
1508
56
221
1267
6
33
1
4
2
3
518
1611
2291
1
3
9
231
201
766
10
171
181
210
2
1
169
2
2006
39
569
317
668
192
28
9
3
765
51
3
120
711
1
92
18
132
173
3
3
9
16
38
6
135
2
1260
58
1
118
4
796
2
1342
3
12
601
443
2069
1248
108
1558
180
153
3
46
4
18
7
42
1028
117
2550
2181
34
105
45
3
8
2
1412
3
55
508
14
281
1
741
600
255
10
5
27
125
52
190
727
24
321
6
1
1283
79
171
204
21
11
640
2
413
446
572
2
1
18
180
2
5
2
2936
787
19
1
258
4
723
94
1
52
1
5
45
30
433
1
107
4
70
127
232
1
1545
871
46
361
3
1194
3
128
16
88
5
4
1776
16
69
15
32
3
1
144
1
215
206
53
11
73
12
24
34
14
2530
85
501
2011
1028
169
2281
2
63
1787
695
1
11
345
30
2
47
58
842
5
2
135
237
3
9
141
1533
1892
3
214
1780
74
605
60
1
39
205
47
34
10
20
16
16
40
2
211
3
2
48
5
38
2
102
5
515
509
2
2
28
1
227
2
1060
137
5
2
330
1
12
3
76
47
2233
2
71
79
167
1153
5
2
4
94
7
3
62
1547
180
155
1
858
248
51
2
243
71
2
86
4
354
596
2
812
1
45
1
5
1795
453
1
1720
29
281
1182
1207
471
2
7
2
4
12
14
91
191
2639
482
52
53
20
62
1
472
611
75
119
6
3
607
24
1
25
3
3
11
3
3
236
6
16
1
3
14
1
6
3
1
453
1
4
227
44
376
6
54
55
59
36
685
74
25
1
8
77
93
7
560
1
84
1316
9
1888
120
208
249
51
4
132
130
24
21
146
10
6
1
7
1359
1
162
63
42
1050
10
20
2006
4
13
10
2857
31
4
613
98
168
137
1696
16
15
2
762
27
2
1
267
47
1
20
2
1094
240
1165
103
1119
1
5
423
685
7
1
43
1893
600
47
1
1
46
1
210
1
5
2633
54
121
4
1
3
760
14
2
20
10
151
3
1
9
2835
804
2
167
1
209
30
748
2792
619
2
1088
1
1
13
11
239
4
26
315
57
4
2126
13
1061
22
1
24
2968
26
768
87
2
5
30
1571
283
5
3
2665
322
5
2
7
6
43
107
15
103
99
4
3
3
1
3
1
28
53
251
2580
222
27
19
2944
85
654
448
1831
4
1337
49
333
711
34
21
80
1342
58
1102
1731
2605
1
132
58
24
11
169
90
4
1
1
86
28
54
1588
5
442
431
57
149
101
1
161
1588
159
4
177
72
2805
1
203
430
21
6
55
435
90
3
47
381
12
330
27
2
1219
142
2
2
640
2
17
93
4
12
2
159
43
191
3
5
58
29
910
2993
651
18
11
450
1736
5
2627
1819
17
155
187
2
1254
442
1
45
2161
77
23
353
2
138
1913
141
480
660
669
515
1026
37
1058
2
1
29
11
2
160
113
1315
719
28
8
1
51
25
8
2
146
193
18
19
42
7
1
10
2904
33
2408
117
1
2
65
2
2
7
337
129
2005
25
6
2
197
64
10
6
24
90
119
3
107
36
321
28
1
2
1
541
2835
9
271
162
1203
1
2
157
365
2870
1
5
1027
1325
132
19
1757
181
1
360
1
39
16
15
71
2
1
6
225
148
8
1486
1
2855
982
887
4
16
19
45
1
8
39
64
99
3
1
1
2
516
37
25
1
77
1066
770
12
2046
23
2379
1226
23
1
14
586
15
1
175
143
1
165
60
4
212
1479
1411
1
1910
4
3
1
918
912
605
30
13
18
84
60
484
30
2
10
723
1
377
112
1
288
242
2
57
7
22
3
4
77
8
776
22
5
47
31
90
7
9
1837
2
10
2
79
1062
29
935
619
448
30
332
2
486
35
34
9
2433
412
19
2418
15
11
3
7
982
96
2
3
499
32
45
3
138
7
4
31
1
1222
8
2043
3
1
97
6
1
718
2
12
338
77
259
2
36
536
1
90
8
48
184
1
1
5
79
15
62
22
132
84
1101
9
42
127
1
1465
5
1
967
577
20
33
153
4
1
1
1
1
14
2814
100
245
445
34
21
427
1503
2987
1
5
46
2
1
2
4
1
13
1405
5
164
39
2849
564
1
591
25
1
780
5
6
3
2343
1800
768
6
121
18
635
270
7
16
59
12
2
153
76
553
127
20
109
288
2341
401
204
951
10
292
28
2736
75
13
3
1591
122
1102
362
6
13
9
53
1765
1072
2
1
538
23
3
19
113
104
1
3
764
21
13
4
665
967
85
1381
2758
219
14
127
68
621
63
75
104
41
336
27
2
1
29
2
47
1
9
14
2
5
148
1
853
744
1
166
100
44
335
1
484
820
85
4
1403
2902
20
19
739
5
5
95
88
24
1
5
20
1
336
18
87
38
224
85
452
75
3
805
16
127
44
1
348
587
558
222
9
2051
1438
1670
1
10
667
1
55
18
36
1
2
547
4
1
7
43
466
12
229
13
9
65
2
105
35
7
89
257
1472
116
1
2939
365
2
4
7
4
15
734
79
2643
15
2
1
1
856
35
1
1042
14
221
63
10
46
1
2425
14
1370
11
62
24
23
1684
1
19
61
231
5
32
97
3
664
1
96
1
26
70
1502
112
96
25
14
1
1949
292
63
18
1
27
15
550
113
1
441
2
95
1
1518
3
446
40
6
28
2
120
887
143
1
5
105
233
1
10
3
2
5
668
101
1909
1
4
27
1
3
5
3
2383
396
1657
2
33
36
1
2921
1
314
5
38
936
5
6
45
2261
9
660
97
128
6
45
12
2
304
1717
289
644
39
118
25
5
4
1984
2
106
2799
147
11
1
1
3
52
26
246
57
54
518
206
73
341
11
3
12
43
1
35
1
10
86
74
213
2
379
3
109
18
7
50
50
275
38
34
6
805
33
173
374
402
100
4
56
117
231
963
1
1
20
2264
2
1928
107
35
140
1
1
329
3
221
18
241
7
7
65
2
58
48
44
4
14
2
1009
144
244
4
112
71
2348
43
1
29
42
649
14
13
1
10
6
13
1390
1
1
32
233
2
1
10
200
25
5
23
6
2
1536
11
1
27
15
123
2
2
2553
7
1
2
18
47
2
3
714
1
50
225
1521
203
4
4
1783
22
1
3
395
2
148
1
20
2
1
697
6
1
64
997
446
2465
12
32
1862
1011
1
8
5
1
63
2194
115
3
1574
48
473
316
10
499
311
21
97
4
1751
537
159
6
10
1
35
1042
234
5
96
450
3
11
126
87
2
71
1
8
1
165
2001
40
2
764
49
19
1
2986
2161
462
202
421
18
5
1617
2
2455
1
2
14
231
74
1
203
16
157
102
12
119
386
7
613
5
2850
16
191
1999
550
15
62
54
1
1
169
562
1
532
3
161
6
1
1
23
33
264
43
608
470
1
1
408
28
1775
8
26
1037
80
75
1722
383
7
285
5
5
8
10
10
375
7
1
147
18
3
1705
3
4
67
6
113
717
122
17
46
103
2027
843
3
2
1869
3
1855
1
112
42
2542
1
3
105
72
40
29
1300
15
2191
353
202
1
74
1
2686
1
5
2
65
585
5
3
7
1036
750
2
533
1
367
177
5
1
7
16
15
31
7
12
99
1000
1995
14
10
1843
388
100
1
7
107
843
199
72
82
735
11
58
1
23
2037
237
292
198
8
95
2
1253
36
59
693
1912
39
519
3
15
495
7
1160
1
41
3
1
2222
498
32
3
16
90
4
2
383
183
2731
167
53
12
261
1168
29
2
1
2
2
121
3
183
1691
3
6
5
29
12
953
29
1389
1413
1
3
490
235
2
638
308
11
721
2
1
3
6
4
1
13
751
95
43
22
639
781
1
311
1
74
33
14
1
1618
18
1
166
19
3
768
1
107
3
92
45
1
1398
6
46
756
48
31
5
714
2
16
155
1915
8
1905
2
60
33
1
11
34
1
55
135
416
1
914
1
156
22
1
445
414
98
292
34
59
1104
58
1617
3
30
840
191
1
5
426
8
1506
154
131
43
58
1579
144
2
129
65
29
1294
32
1
1
372
209
10
1223
2101
312
228
2266
34
3
30
68
27
505
2
2
9
119
15
9
3
247
5
3
31
10
152
2
92
13
405
2
223
8
182
1
706
2
1
1879
1
1
1040
299
1
20
280
440
49
1
321
5
85
261
243
483
47
2
1277
50
21
34
17
507
122
28
3
5
1
2132
2133
217
1051
708
13
138
558
2
2
19
1690
1
296
60
107
5
714
1
1108
7
11
1
17
203
35
40
3
111
1765
1
661
55
7
30
7
1138
1
7
15
57
810
90
51
834
635
88
40
1
324
52
2
22
12
35
97
1
1283
2
187
191
8
6
330
20
2
73
130
1474
1
1297
1
37
4
2
1767
31
1
1819
4
320
1
403
646
1
3
2830
953
27
488
7
39
1
413
11
7
33
3
3
177
47
25
1502
25
6
65
11
6
176
131
5
15
203
1759
96
2
1
2
4
13
778
1
55
11
639
109
39
15
114
10
7
215
2
824
2417
152
1786
491
1405
105
72
1129
5
5
418
118
6
94
140
303
833
256
91
1584
280
1
2309
10
252
567
2750
299
37
4
984
376
309
15
95
253
362
26
1
1
430
438
41
20
68
9
1
96
89
3
124
78
7
4
1
20
431
1755
29
415
249
3
49
4
36
149
1477
29
7
2585
9
4
2
22
1
569
1
507
6
2465
1
1
204
29
24
19
2
38
2378
24
71
57
154
1792
12
63
68
891
8
253
3
481
3
2
1382
234
2
2
2835
16
1
346
2
9
31
8
652
1
1
1
777
2062
2
769
7
1
21
292
181
871
619
1242
2
1308
222
369
85
2000
13
8
1051
12
220
93
460
24
3
34
24
41
652
1969
1
309
2
738
2121
1
5
27
80
1112
1
1656
17
680
604
5
1710
6
6
259
4
2168
6
317
1906
701
76
36
428
15
147
1
1
37
5
31
13
36
1
135
16
364
389
128
1
105
84
531
18
252
249
299
20
12
531
25
18
19
2
21
29
260
9
77
877
29
2
7
3
26
1
17
1777
221
362
2
2233
4
6
516
3
63
711
1
915
811
2
1
1
26
572
6
1508
106
13
32
248
8
9
1759
141
10
232
85
168
1446
87
1369
7
1
6
1
2853
47
22
29
1
5
7
24
2
68
2
13
1929
841
2
29
2420
918
26
2715
5
34
16
130
687
3
1
1
1598
23
11
299
1501
1535
591
4
592
1
1085
3
23
44
23
1031
329
9
108
1
2
213
2
1228
2204
100
3
1584
205
1
1664
2864
2
23
357
272
128
27
448
3
131
8
116
2
18
3
111
49
1782
4
17
352
505
30
1267
686
22
4
396
148
3
2905
1
232
79
1
22
5
581
94
16
69
3
1646
1
32
2
10
4
89
4
1794
10
2
261
68
74
557
421
1390
220
17
309
47
307
87
168
955
1
1068
1
1134
119
890
13
1797
2
1
659
455
145
1
1
494
1767
1106
11
1
1
1
3
65
374
3
14
95
23
24
657
164
227
102
4
1167
2
496
2893
29
157
3
29
19
1197
1924
89
705
3
8
1
9
6
8
4
34
48
76
241
1413
631
177
347
105
1
584
1999
2
2
733
4
1
3
23
1
1
103
2
878
1
1
2304
69
15
1086
1
341
14
577
1
2
179
107
922
1812
73
2
2801
2
252
2
3
2
1
32
34
151
125
281
1477
85
29
621
22
86
4
6
4
446
1739
1736
198
6
803
370
1
13
1964
26
214
3
3
74
3
121
1
2
32
102
2411
20
1
555
2
19
1
2
1
1
86
12
493
141
1265
1743
63
3
1
2130
5
22
1003
424
2889
969
2
173
17
629
523
6
877
1691
6
96
8
91
2079
2
255
641
1247
1255
2
2
1
157
15
1
11
3
5
2096
1
292
85
64
11
235
2078
20
6
386
5
8
2
2
2293
25
2
1
121
1
1632
156
9
64
4
36
248
1688
27
5
1
6
135
38
12
2443
2
2872
360
75
1
19
147
13
9
16
1
96
1473
1
1750
1014
19
1149
750
26
1722
9
7
1
141
131
3
585
19
152
63
91
99
1326
1608
1
301
201
44
2
2
2039
150
37
3
306
8
13
5
2057
26
283
11
19
917
2202
1
10
125
2841
5
1
2
1
1852
1936
3
2
558
1
29
44
3
18
197
1
4
134
10
12
74
69
1
6
884
3
46
40
5
7
72
26
866
1
463
295
1
6
1266
1901
117
1
1
49
1
3
404
2
57
12
5
518
72
2
158
9
127
431
650
21
1
78
30
9
115
2
126
450
1138
565
310
1
2223
40
681
1466
5
1
2
1
217
4
172
26
1842
5
76
15
79
566
1
15
2
20
28
7
505
1
36
69
273
264
696
3
1
664
11
27
63
1
195
109
1464
10
871
50
1
33
6
2
417
374
173
2
3
23
25
9
17
6
304
75
1399
19
856
465
1329
38
2
2525
1
6
18
2
2
18
6
1434
1825
1323
264
1
230
381
18
1
4
1312
1
901
1143
16
14
156
2
927
15
100
1
9
213
10
144
34
984
5
786
44
125
2
457
2
9
1
41
3
58
131
367
958
95
1
14
2988
94
5
44
107
3
1147
1
2
42
3
105
2
9
8
4
445
4
11
5
1
1
37
193
1759
12
36
2349
2
3
16
32
61
383
346
20
448
1735
7
136
83
2679
4
1
88
1
287
128
15
2733
12
322
120
3
692
65
262
95
79
1276
22
11
3
2
65
283
139
2
78
191
5
1
24
23
1
11
29
5
3
4
2332
69
14
1210
3
45
25
958
44
529
1
91
16
351
92
335
47
2
389
254
4
416
1256
2
576
4
1517
46
318
269
3
29
84
148
15
346
223
466
241
1
3
422
2
1
29
2
43
59
209
52
19
4
1
2
30
97
3
294
123
368
248
73
6
1219
1933
428
875
42
15
4
90
32
25
1
1591
1252
3
107
1421
13
384
2
168
33
5
301
25
936
421
8
117
178
66
956
1
4
459
4
1315
783
189
370
668
1397
50
1154
18
7
12
169
1
548
2
3
4
20
133
138
1
2776
707
634
2
1
45
16
3
5
24
3
742
793
20
1
194
1
40
23
7
318
52
2744
1
3
40
13
38
8
21
1
1
3
276
6
3
153
9
1204
14
14
1
699
24
14
73
32
1
4
1
116
1323
1
1
68
240
7
5
2234
1
1
14
1
2893
1
636
10
8
16
111
15
543
1
3
11
2306
3
1
1
177
224
1121
1
1571
5
2144
1
1
66
907
929
5
24
25
376
5
25
9
2271
190
1
4
92
800
35
51
3
874
13
2426
1
2735
954
599
874
78
94
29
166
19
4
1969
573
2
2042
941
119
397
463
32
1869
12
871
391
1
110
13
66
3
11
189
7
537
3
1253
2
108
14
2
1279
1
1
2
48
6
431
83
25
681
1
21
120
1
27
233
373
4
1
2
513
2900
148
5
15
18
2829
16
2
1
163
39
336
24
146
368
207
12
23
1858
1009
467
570
959
858
2368
5
465
57
814
204
3
1120
1
1621
30
21
1
7
51
52
3
93
1
1377
549
1
37
1700
15
116
3
1
2
168
3
48
5
156
2
1
3
3
23
7
1
49
1503
95
1
16
121
50
459
594
10
11
2
2
22
1606
101
238
1317
14
2790
6
288
6
23
2217
16
58
11
16
1
1
2618
193
92
95
13
516
656
79
18
467
8
1
204
1
1030
1085
2
1
1
412
5
15
1
1011
1
289
3
82
7
1
2084
499
38
285
67
1
243
1134
4
76
20
5
2
278
248
1527
3
323
1874
69
2568
44
2
2
41
26
1461
4
1893
1
7
1
36
3
1964
14
12
2
18
602
65
990
183
15
23
187
1
332
1
255
298
894
1993
6
51
67
1197
1
8
156
16
5
667
4
1199
1648
356
2567
7
162
981
218
2
13
1
94
1943
977
399
7
2120
86
2770
9
1
3
30
6
10
305
13
881
1675
5
1128
3
112
310
1
1
1
103
474
219
438
2
4
2
46
208
289
1526
283
1
2
67
5
1
433
1
2377
9
3
7
2236
557
274
540
2960
51
4
1212
2
23
1
1369
2
751
3
30
2
194
1
54
809
3
10
421
1242
711
844
7
1
1973
49
2
838
113
2
110
284
381
1097
19
16
114
257
83
166
621
17
1
44
1
3
3
4
2
59
13
1196
2
1
3
508
4
1
833
2
548
1
149
1691
55
352
100
531
11
583
948
2
1296
772
1565
48
4
37
1643
270
2
63
10
1
23
760
2064
907
2544
2
10
3
1
403
2
2728
2
6
743
1462
93
30
2984
18
3
271
31
18
202
19
755
198
32
23
32
1
1329
7
1
12
346
66
911
1686
13
143
1209
95
945
3
2941
8
2
1512
1893
1
1
21
73
45
2
1433
262
1746
20
1116
2855
776
1
739
21
1165
61
3
60
94
476
34
2
35
2715
29
609
1051
198
127
219
4
855
3
3
9
18
52
3
105
112
1
174
8
1494
62
1247
15
24
1
954
2684
2295
2899
990
647
712
3
37
163
1508
1381
1242
2
9
1
1
192
22
79
78
5
12
1
790
1957
4
876
2378
20
10
58
16
28
794
108
2
93
13
1247
604
25
3
2
1895
2
9
11
470
3
36
443
14
79
38
24
22
1
1014
106
790
1574
2
51
164
339
1
743
21
734
148
2540
73
25
384
363
1594
1
1224
4
5
168
8
23
1517
12
1
1
6
77
634
2
14
502
35
2877
12
12
545
11
817
112
2
9
9
932
791
136
184
238
77
37
3
807
274
177
2
244
77
156
8
884
13
310
22
143
1
7
2182
685
1386
272
1177
3
1723
676
37
1685
2
109
344
2736
1
2
1
779
38
6
601
2
6
1714
11
1
1265
218
20
22
94
1
315
178
986
276
335
6
3
817
1129
9
1
2
2
6
6
9
479
12
1
5
601
706
3
16
2577
5
717
213
2
7
2090
280
857
22
15
119
515
2559
465
7
2
1005
1763
2859
55
1
1141
180
2
321
72
231
156
73
150
2
2453
6
4
53
514
18
4
17
2311
51
24
10
21
1
24
2
109
352
62
2
1
335
236
103
220
273
20
3
1584
1227
5
2
407
249
1
2
41
314
2205
2
880
4
1474
3
1408
128
1
3
44
20
1999
1
8
7
156
4
1494
72
1
18
101
20
3
2
35
1
2
19
5
278
3
8
69
209
370
1057
6
977
1
52
6
2
265
462
10
1856
243
2123
440
2711
6
309
11
1
3
101
2
1
2049
1466
63
24
12
2
1229
1
1
2875
772
20
29
106
106
1
546
510
4
784
1455
448
921
2
8
599
129
303
10
206
483
737
24
10
2531
1584
135
1
14
3
1
1
34
9
105
102
6
1
415
1
1
2291
2859
1
29
136
386
108
122
949
2002
242
346
1
284
172
255
234
34
484
1314
115
51
230
1
14
1
30
1
6
1354
280
366
1
111
3
2
7
5
1016
22
20
2489
1145
8
294
5
590
1
1953
25
3
13
2768
848
139
172
186
588
89
29
68
3
10
698
999
7
6
3
466
2
1
70
1
683
37
506
270
1
2
28
710
10
47
711
351
5
5
45
487
42
2
382
3
6
7
1
79
149
50
246
3
81
7
828
599
2418
2706
2743
1
47
139
333
15
1
751
151
910
14
11
3
1770
3
3
563
171
316
1
2
71
2
32
14
7
10
39
34
12
826
1
211
54
1
4
1058
354
574
4
16
3
17
2
43
1939
505
1432
2637
2
1
21
545
657
70
682
56
85
1
1
2
459
10
2717
459
4
320
9
3
147
2
10
135
1
9
1490
66
24
53
1
482
34
2
7
7
651
2904
1527
1694
210
1274
14
331
794
1
36
512
1
17
3
3
2
7
8
8
4
4
2292
1209
4
30
2
1
46
344
269
55
202
133
248
3
183
1
1
1085
1
8
1
480
8
2747
449
1773
7
57
37
4
268
27
18
1
15
1971
797
482
1
2676
35
32
999
23
113
4
27
1247
122
16
299
21
13
332
2
44
3
2
7
9
1589
3
4
1
1
9
298
2422
156
12
390
5
4
201
2317
1
116
47
103
8
782
49
7
463
1
3
3
1
26
72
1
449
99
139
6
31
687
1
1032
13
1
23
2
1540
2
4
130
415
1490
3
2
435
2
2
461
14
1
12
103
2
446
78
6
25
1
1
210
2
4
1
28
2
5
814
7
1463
3
2
45
2
68
2967
2
13
226
116
4
151
104
5
166
4
924
7
2999
9
1
12
37
77
4
1
5
36
6
110
243
558
77
686
11
1006
8
542
1
1
210
60
2046
899
2598
260
46
25
654
1
130
1531
1857
3
409
67
602
44
1135
208
27
555
71
1653
2
1
667
13
263
2
5
68
15
42
13
146
6
2035
199
397
2
1368
434
76
2
1
678
39
95
2
24
16
1037
4
659
47
51
5
2232
2
105
155
52
25
914
91
680
678
890
56
4
88
84
556
752
5
1213
1225
7
2
8
2
1
117
378
41
684
1
438
29
25
1441
2
1
1862
979
1
466
54
12
1
821
305
5
34
27
2
59
17
2
214
103
6
2415
1
498
5
2
232
11
18
1163
2
2611
9
2443
54
27
1
920
414
40
1918
11
66
5
83
2015
117
51
9
72
1
77
91
2126
5
1767
11
281
6
101
158
226
3
28
2
1
1
463
8
1
36
75
3
7
40
1
1154
30
60
21
1
334
11
1
15
1
30
29
2
17
301
4
21
4
3
1
90
1
11
21
576
1348
15
23
1674
35
2989
40
3
2944
18
557
829
2
1771
42
10
1
413
208
1810
170
9
216
77
8
259
9
2
410
31
174
1407
2
119
1
1295
2424
2
105
2
2
7
69
48
1359
1772
6
30
1281
7
4
1390
326
762
18
25
1740
69
9
133
1
78
1027
5
2080
57
4
12
30
89
6
404
2
147
438
269
2090
420
27
378
17
1
320
180
1
25
163
3
212
4
1
991
12
2
134
5
3
34
3
3
536
16
66
43
79
94
1
22
128
2
1922
1
210
295
6
384
1
8
1
6
1
2
1133
3
6
776
256
549
243
8
72
22
894
331
1400
21
135
4
246
132
77
30
12
22
5
1
618
153
1752
3
5
752
1232
1
93
2
1
510
232
8
3
1
1
475
70
46
1247
64
747
3
23
1839
2
534
5
523
1
244
662
1
378
881
2093
865
1726
21
159
300
179
26
238
46
7
1
167
444
3
29
69
22
2
1287
137
4
16
1477
1
332
17
6
1
20
2111
2558
1771
585
30
387
91
985
48
241
877
1960
207
10
2
148
123
1008
7
1
2750
73
4
1
1
2166
568
2094
6
2100
1
1
139
2
7
573
50
96
1127
10
158
1
219
2
27
344
3
3
2247
1
13
1
2821
137
886
295
24
317
1
202
1446
143
84
10
1178
1889
9
1
1
1
935
381
407
3
57
2348
15
399
883
202
152
1306
2
105
39
1903
58
6
554
85
61
60
615
1331
2145
6
21
5
45
173
968
207
388
1
12
21
1
1905
2
76
1
256
514
1
1052
1
249
139
1
186
1
8
353
2528
87
20
48
3
334
101
1911
113
31
241
116
655
4
1
22
451
5
18
9
847
33
1248
82
13
849
777
1
2815
1
326
145
161
18
1123
2356
2470
1233
12
17
2
9
558
536
1
19
12
471
428
21
3
12
76
6
17
198
2
176
4
5
7
2602
48
18
21
8
848
1
5
698
1352
55
13
251
2212
1
331
6
2
545
2
4
55
594
911
6
11
164
2
2
68
537
6
2827
893
657
368
18
971
1359
43
1923
286
1
69
803
244
75
311
769
11
25
578
81
1647
2583
27
1178
95
957
1049
379
2
9
4
19
2128
755
2
5
165
4
106
2
1590
28
9
49
1751
781
269
2
1
6
6
717
6
96
4
27
2
1
1389
46
30
277
53
461
50
17
1
4
118
1372
34
1
1817
2
114
205
1470
48
1
1
2
39
34
1
1
1
21
333
411
1
17
42
2
322
8
2614
133
1
1756
1
254
1
54
1
6
3
2
24
2
2
197
4
70
1
1277
190
8
2741
1
931
23
29
1379
2
2054
238
1280
26
1420
8
10
2
29
1
391
1
766
1
717
1
1
7
5
43
73
1575
1880
335
651
3
2
3
1618
1346
4
6
1089
47
119
2
10
1027
498
923
9
85
26
36
4
2
26
14
1807
209
99
1
92
121
11
2967
67
1547
174
1
2689
15
75
99
6
445
3
125
239
4
51
30
4
168
258
2
1
1
9
2
7
2727
16
593
4
23
333
1341
1
3
5
1533
6
19
104
1
5
6
7
1
1
2136
84
2814
1
4
3
2
2
623
119
221
289
3
30
67
985
5
32
2009
2
1301
395
1
154
1
11
1
10
1
371
1
88
19
93
11
6
110
11
2426
1
5
1336
2764
8
254
180
1
1
9
218
1275
50
15
387
14
1141
36
443
37
50
8
4
7
1
1023
2959
39
81
394
2
1
2883
309
1006
48
1
7
1
24
39
528
31
966
78
4
1007
52
6
2776
2549
626
148
2
1
36
1
1
129
292
99
20
3
2
1
277
1529
1
456
106
8
35
5
33
15
591
5
11
1
340
304
172
2030
15
81
20
8
755
4
216
8
125
41
3
124
12
31
7
5
110
171
62
10
8
13
1260
23
35
128
5
1
150
253
65
1
2
6
384
215
46
3
1
9
6
2
3
10
1
10
53
137
4
86
9
1
1
155
396
16
1
1387
445
1453
57
1977
1
32
38
521
1
1569
1
342
135
2
107
371
1
520
1481
81
41
1
206
160
3
703
51
223
26
373
494
73
11
233
2801
91
196
155
39
1
157
1
709
642
2
32
57
2
108
25
3
945
22
5
228
1837
230
62
894
1
1
5
354
5
1589
1
7
4
442
28
6
4
5
2
125
1
2881
2170
2423
3
45
53
1
171
17
3
22
1092
1995
2
19
1844
118
4
3
1
2
846
66
44
383
50
218
47
448
37
9
50
2125
6
152
663
1
2020
1
3
4
2
204
1
101
2
13
2898
1124
11
2
1
1078
1
1
2
45
519
1750
914
4
1882
8
1
13
251
1
10
351
327
418
26
164
801
432
21
112
1
2
58
277
132
34
1
504
757
9
6
171
1371
5
1764
154
301
842
2
11
689
3
1
713
9
19
755
2142
18
3
48
161
1
2
1508
580
763
11
1310
2
535
8
9
2946
1
90
115
3
14
2
45
1003
9
877
2
552
2
1
180
2419
80
2126
35
64
1
409
680
163
2942
54
29
50
27
62
1
9
1
35
128
26
2311
2703
43
1
14
91
10
398
7
8
3
891
35
2
18
32
3
425
2596
51
1
154
473
143
62
51
8
207
1
29
27
14
7
301
8
76
15
396
2
46
2092
197
1
197
14
2503
2003
514
29
447
2
5
2653
4
744
108
93
169
30
369
1
153
12
2
584
1831
169
19
2
38
64
307
1115
1077
733
19
201
5
1
513
4
2
41
1
2918
19
2
1
2
797
1825
2
1
989
3
1047
2643
33
1
1
2089
10
25
12
13
1638
64
35
284
2
150
1410
1
2879
20
3
81
1
63
17
167
74
1383
23
19
3
1
8
18
1828
1
27
95
7
3
15
8
2017
9
2201
32
48
4
6
33
15
231
47
1
1
1
1
56
1
1
1905
2
68
412
107
1
1309
4
222
1
117
7
6
431
22
103
17
769
1
10
179
2
1
2
7
967
35
3
93
737
17
36
114
2
1996
211
604
2
46
1118
754
632
1450
40
7
103
107
23
18
1
686
319
2
1228
345
1
2
1129
103
1024
592
316
2
2606
2557
1
332
3
76
882
34
470
28
2449
109
1
564
88
1
2787
10
19
195
1642
2
4
1345
317
15
13
78
21
56
154
118
11
4
64
462
24
1466
2
2528
41
1
32
2
1
4
310
10
13
104
23
1
26
6
5
1
1773
258
1
1625
1
326
22
2
976
283
75
1629
24
19
249
41
1
1
559
5
42
942
259
1
125
81
8
14
2
1329
1194
156
1
1
12
11
10
2269
203
6
106
645
3
7
2747
30
1
12
932
745
6
31
4
7
35
9
49
8
1
1846
580
1
39
121
3
142
42
14
11
1
1
15
31
1447
46
56
20
34
11
6
108
11
2
810
1
1
1828
65
23
8
8
1768
30
40
342
101
170
10
443
20
507
190
15
123
1
14
40
43
2
106
1
694
3
2375
68
2187
1
1
2078
363
5
538
3
1775
5
10
54
1717
11
5
1
1
7
573
133
157
575
191
1690
2
1
154
296
48
1634
408
1
30
1659
8
53
377
238
1
3
3
405
612
5
1
1434
3
9
772
221
2
360
88
2353
1
1
49
58
2
556
179
1539
11
81
9
63
1618
4
715
16
1938
166
29
152
3
755
93
936
1156
11
94
1
1
1
18
198
776
2349
303
535
50
40
672
56
3
7
7
1231
1
48
6
263
303
2909
752
62
605
1151
335
38
1049
436
412
2038
11
34
48
1695
1
125
2855
5
149
2685
2
248
47
5
1525
1
2261
76
5
3
292
1
163
362
601
1927
535
2327
8
5
33
1
188
1
5
9
43
13
674
94
560
20
95
1
6
34
2975
118
28
924
37
787
3
2
222
19
1
7
37
1
426
32
4
81
2937
161
1
4
49
1292
2415
756
12
1
34
762
1389
77
6
4
13
3
1
21
355
2
13
160
1279
176
1
4
7
3
15
77
22
1
1767
105
599
22
1966
7
506
6
2
2
1
11
78
131
203
29
615
43
22
141
1
98
23
187
2
1
125
2654
72
1
568
66
1
14
202
31
6
17
3
7
1364
1
2
2
1148
26
6
19
208
1
191
2
71
1
11
26
2
2298
5
2460
14
5
1
1
15
4
7
16
1
848
39
6
6
87
1
417
26
1
1
189
19
164
282
11
2218
2158
10
1
8
464
400
45
8
200
2030
34
798
261
554
3
4
2
36
14
192
1
102
1
677
1
31
211
1
2497
7
18
1
251
81
1402
4
2343
989
21
1
1058
3
1
1836
29
2
2
1
70
300
1
6
81
111
475
3
474
183
138
1
1
1674
878
651
2
15
3
9
1526
1
1
26
241
187
1
9
165
893
11
5
278
136
1
761
9
3
22
7
38
6
1
83
10
6
7
3
2062
234
35
170
12
3
1313
224
3
1
34
230
2
2
1
53
891
401
38
857
6
11
100
5
469
1
151
75
26
94
157
1
2
28
31
284
235
1753
7
10
273
3
7
260
45
614
1589
24
2
1463
63
7
1
4
4
2
1941
11
2
208
123
2
2
21
104
582
141
18
2190
7
62
1
16
13
4
22
1
4
3
124
2
2
1328
68
4
483
123
1429
133
2
1
5
725
88
154
1255
473
467
564
1
892
151
1971
18
104
2
10
10
266
341
1798
6
11
54
62
9
1
1674
16
68
979
300
15
2826
2099
6
4
82
1
1
1734
2
5
43
164
3
1
19
948
2
73
25
1
43
1956
1
3
2
172
3
2
12
1
2
941
60
5
43
35
61
96
585
351
1514
5
3
209
1808
1698
18
36
2
12
1
16
1
78
252
1863
2506
5
5
618
815
204
1659
13
26
6
2
1
3
1455
10
769
394
2
5
219
3
1108
1
126
1929
37
1
2
1409
4
13
233
45
59
178
22
1778
1
259
3
4
1352
62
6
1
2
15
28
175
10
3
7
1
728
1440
15
1
321
46
206
1
59
1
1
139
5
16
3
6
274
10
1
625
11
75
703
800
3
59
2
1175
7
347
1
809
60
10
5
677
1
1
174
1301
2062
753
469
22
1837
2648
42
10
507
1
3
1583
9
115
44
236
487
1
2
10
31
957
664
1
383
7
3
6
2728
6
640
1
1456
1
50
93
40
539
292
11
135
1
11
65
1
1
2338
20
2195
2
642
16
13
238
23
4
80
2
5
2
547
759
748
2
8
5
2
23
1240
53
1
9
8
333
23
1
3
3
4
873
17
847
1
2
3
169
3
15
1926
30
135
65
5
2
50
18
18
1121
111
1145
9
276
6
591
674
1944
15
1
1428
14
6
72
1132
61
19
65
68
949
1
11
1
808
1
6
976
20
15
1
2005
1578
1
1
39
125
14
12
1
1
111
3
1
1
585
15
17
4
10
20
3
8
2
9
223
1725
2
1
24
837
1
1
30
31
97
1
1
1
886
1
2
15
1
195
1087
126
1
8
1722
2
615
709
364
2222
619
60
42
12
2
394
26
20
1885
390
27
2
4
1736
172
30
5
99
3
1
27
1
265
11
1853
2481
87
3
8
44
43
1803
10
5
2315
508
1
174
2
8
9
2
64
157
523
1232
509
7
569
252
22
1
2
161
256
722
861
1209
40
565
181
9
1095
1108
73
1
2730
1
782
3
90
134
1825
3
73
329
1517
3
359
1889
3
23
3
19
34
9
2230
165
7
1562
965
911
2
172
95
27
7
33
714
62
77
8
19
11
1
499
5
10
3
3
2
10
51
2749
24
66
1225
2
13
107
272
228
24
56
1
229
1610
84
277
4
2
2
527
1140
1
7
1859
395
1175
18
208
29
45
1
313
12
9
47
9
111
1
1
174
2
52
2217
4
32
2
1
29
2
4
162
7
37
296
360
1
2
16
505
45
12
858
1
798
2494
1758
163
5
1
28
71
3
32
485
1
1
11
16
1827
8
50
5
22
15
1
24
6
41
811
165
2
1058
3
1
3
591
2
661
1132
80
19
1
1
5
1686
2
1
1075
10
575
2
6
74
2102
10
545
300
4
17
1852
532
900
1
27
498
43
156
6
510
893
23
142
8
296
22
1
33
3
138
184
2
33
9
66
203
24
169
54
2
1158
1556
13
2515
1
28
1
11
1
1
3
38
1102
20
2
687
3
15
97
207
5
1829
7
1
106
1
6
32
18
17
7
36
10
6
7
1094
4
20
1
1556
28
1
88
2302
18
3
8
802
11
1
1420
3
13
40
1370
605
4
11
30
495
189
43
1
390
1037
10
2
1455
1
2696
1100
9
763
90
2
269
69
377
20
473
3
3
583
82
270
1
1715
26
1335
4
67
2
1
703
3
1
14
7
3
1060
202
1
2926
25
19
65
1627
2
22
271
502
1
12
47
2
3
89
2064
1
5
3
82
1
2
11
7
30
1
43
3
6
2
1
2
8
1
15
15
67
39
349
1208
3
1
1
447
2
1
2564
9
1683
455
1591
58
217
13
75
14
2968
1
2
388
29
14
427
128
436
4
23
118
326
23
196
1565
2
1
131
233
1541
32
105
149
3
84
381
306
48
2
877
6
6
4
1342
9
1229
13
13
1333
2065
2593
1
62
14
19
15
8
17
2
1
423
9
14
2
466
13
20
1045
1186
457
33
50
357
346
756
623
47
262
14
1
11
4
4
25
794
1812
86
27
9
12
19
133
2
68
2918
220
8
2
6
30
592
1
452
359
520
422
1049
442
1
561
2276
50
27
249
41
146
1832
1910
12
8
2601
16
1
1
267
308
13
558
71
132
505
66
77
1
1051
10
1
161
1
393
93
2221
1860
25
24
59
1896
122
4
1
74
198
88
1275
1
106
68
1444
61
1
1
219
2121
181
4
4
25
44
1
192
734
1
40
2
277
26
36
4
1251
1
2
68
1
4
7
2
5
49
400
2
520
121
3
1
371
13
436
6
676
1897
31
7
20
561
27
1054
592
3
1
5
15
6
34
6
928
64
133
159
67
4
159
35
121
321
154
126
587
527
546
754
1
207
726
7
1273
5
1
8
860
1
2
2
16
872
4
50
112
444
302
9
1
1
228
21
71
11
235
482
47
187
178
160
1
6
30
757
2
204
498
41
1
1755
174
1
2411
47
3
44
1
99
19
9
66
14
2
51
22
2
7
157
48
3
404
42
5
1
15
1
1
1
2
2784
1
54
1285
108
4
976
1249
10
21
46
70
13
15
2
2
175
181
265
1
794
2
197
3
16
1
293
5
1
433
1
188
2
201
2
1633
1353
60
6
1036
23
28
1
549
12
11
753
5
1
112
3
1308
147
2
6
6
13
9
14
4
1
3
44
9
49
16
1
2
650
6
13
5
6
185
410
147
1
694
1
15
3
1
15
1
1
1
6
1
17
1
422
1
319
15
9
22
5
96
60
21
123
2142
2
199
6
7
2262
2
1088
1
3
382
1
23
1
43
4
27
1
4
171
70
8
68
1
278
463
285
1
5
1236
1202
326
14
1178
10
154
49
11
1079
9
2
14
14
1
1
19
4
117
328
8
17
2889
96
41
1
467
82
25
1808
8
97
1
978
330
48
113
45
20
1
3
74
14
2414
13
78
351
1103
135
28
582
61
2
29
7
2322
5
26
551
742
2967
19
2711
12
221
6
98
2223
4
5
31
1
19
6
253
1
8
24
286
123
96
101
101
14
2
1
1
1
2921
109
15
466
9
5
1
4
12
824
2893
220
16
3
119
2628
13
1643
42
1
218
11
1
379
531
274
1405
8
3
12
923
2484
7
289
9
2
1132
2
2
160
242
23
36
1472
4
35
208
1
1
1131
2
1
16
2
1164
1
16
173
108
3
4
3
752
2092
911
19
1
17
105
23
7
830
336
135
1
2
57
1036
145
651
8
175
1
111
2
13
4
8
536
1202
1
1
1
53
2
1209
1
12
407
59
36
211
1960
259
34
128
114
2510
150
2039
292
2
24
39
16
10
33
1
1
114
139
7
14
2
6
435
140
71
2232
104
1904
691
2
2304
1
283
82
343
1600
22
1
578
303
3
1
116
47
28
1976
134
7
2146
6
3
11
2
395
2
655
1
15
4
19
1
10
1484
24
1052
10
53
825
2971
2561
53
164
60
44
64
139
1
612
1
11
4
4
2
3
1309
1
26
1168
997
134
11
30
37
922
317
35
19
445
292
23
4
483
328
368
267
6
1
2
59
1
5
29
1023
2
2759
1889
330
33
139
21
14
132
98
441
1
326
8
368
2
5
3
99
91
10
1
320
302
878
3
168
178
35
9
1156
173
14
73
2116
1
251
8
1
2
6
418
304
5
496
840
364
4
2382
318
66
11
57
1679
34
63
1670
2012
22
1068
2614
2
597
50
2
49
120
463
1307
158
486
304
462
21
789
110
538
3
28
20
1
1104
4
481
268
542
5
1
60
7
326
292
164
2
623
1
883
17
5
1
64
55
137
356
26
8
7
90
1
2
2021
1871
2
429
160
1
1
272
937
349
356
253
50
3
53
2034
667
11
237
45
2
2365
6
148
412
887
1
11
399
244
29
41
1
53
880
15
18
7
32
28
626
1
2425
105
1
1
224
1306
14
18
10
117
4
72
1
453
1
94
1
1
12
6
42
1673
182
55
1
1
3
4
6
111
232
3
645
4
3
8
1093
297
74
63
161
1947
3
633
704
73
10
2
1
9
272
205
5
2
16
1802
2
595
94
2557
50
2875
7
4
1276
25
1
15
367
431
122
27
47
515
16
12
5
659
199
17
1
1
2017
20
121
2
2
44
55
865
41
343
51
329
321
176
6
28
4
1025
14
1
1716
9
2
1552
5
3
47
87
1314
9
2071
1
37
1
18
1
318
73
540
3
6
1
3
4
9
1487
29
2671
3
13
71
1109
1627
4
8
37
1
1
23
64
1
1
245
730
23
641
8
271
10
102
46
1443
5
177
5
5
1
4
1090
14
70
4
1017
23
3
2
2130
79
1060
62
1
37
1
1150
42
1276
663
26
7
38
61
111
2
5
365
5
4
46
10
753
15
876
10
45
38
1
36
2
1
2145
1
2003
1763
86
22
3
113
1
916
4
88
54
36
14
276
4
1509
514
489
65
57
1
1
1021
2
38
51
63
5
12
303
11
4
3
1941
32
31
2
3
2261
657
966
15
808
29
6
277
2108
8
23
5
414
1962
44
184
13
48
2452
80
1
1
1031
1
5
448
29
310
172
43
1855
41
61
1418
6
6
2128
214
49
7
2
35
16
76
1929
25
20
2
1
24
1768
8
359
2170
2
5
22
6
38
4
34
1
3
2414
348
17
12
759
6
26
18
73
1
85
6
1194
17
24
680
59
5
24
516
369
260
3
73
41
2230
53
1363
358
2
15
812
8
2408
302
51
11
987
3
7
2754
4
141
471
5
4
3
1997
1056
1
2
9
1
45
195
7
2
1
967
5
6
396
1
436
360
222
2
2
110
1
3
48
1948
54
249
61
1
3
354
2
31
180
14
9
57
24
13
3
6
2
9
174
681
185
1139
14
1
2
1498
17
4
431
212
3
6
7
121
1579
66
2
509
2347
1312
55
45
310
37
4
2314
2211
3
8
2
86
19
1
9
154
690
2
27
70
90
946
121
5
278
2
66
1574
87
38
2657
34
7
147
23
487
198
783
138
14
121
11
95
1
12
16
9
28
1327
1
2012
9
15
4
684
1
1
4
2
34
2
2
40
98
93
413
166
74
1
1
1
38
657
1612
47
240
235
1
3
1
322
4
16
346
187
1
58
653
170
20
331
1573
4
353
1
1
224
1
132
2427
67
41
46
466
2785
1
22
1
391
2838
1073
14
1
8
85
1459
388
2
2477
655
2
5
5
167
138
3
1
8
4
275
520
9
800
3
1365
4
7
12
298
302
28
377
9
3
114
32
5
141
72
2
454
461
175
88
7
62
3
1192
227
108
1
20
1
21
990
1
660
2373
113
1
4
170
118
6
1
3
76
5
24
1
1
2
1
5
2744
454
20
27
1
2
198
190
4
1
26
7
4
481
1
85
1
461
45
15
13
17
2622
1406
2887
3
2861
5
3
358
1
8
1797
36
1
1480
91
61
1
1
43
178
970
32
6
661
356
1
3
34
32
8
594
4
6
2639
365
1071
108
186
1
2835
3
2
92
82
9
2
324
313
249
1
1
8
163
443
2061
39
73
2
3
12
1486
21
4
17
1
1
71
2
116
3
15
13
96
548
7
1
297
604
1
1090
44
7
1
6
894
87
47
3
94
2
10
17
222
253
50
3
1
1
49
732
435
1167
1
1025
2291
2
1505
276
1
2
49
3
60
3
2
17
790
7
4
3
1
312
1
1236
112
233
12
302
1251
12
589
18
274
7
15
15
246
131
729
40
883
3
39
3
103
96
82
2032
1723
88
217
1
2132
11
7
133
1357
19
4
1907
426
71
1
1
1
13
12
784
201
2711
37
5
7
2
6
412
7
55
1
256
847
18
44
170
1253
2555
540
8
35
3
571
952
1
41
54
551
229
573
61
1
1
427
55
46
97
406
132
2
2
7
331
10
3
2
16
349
1
33
120
18
1
5
1860
19
16
9
1
9
561
1327
2
33
38
57
1202
178
139
15
22
5
200
346
49
1021
201
6
232
10
310
876
76
36
59
152
1298
61
218
82
2
1
25
21
1
2
1
34
191
1
8
4
2
1
52
53
1
1
3
1
1
2
2
258
674
1
361
12
22
546
595
1
1
131
154
1325
78
1
2
289
5
23
13
2
44
129
8
106
74
936
152
2
14
930
101
40
1
372
2
52
26
727
1
607
138
33
225
1
394
1
13
100
1669
8
266
8
5
1
127
2434
2
1
4
1
37
2
611
5
1923
1560
1
67
2
76
4
201
28
123
1278
566
65
219
1074
5
36
67
469
1
68
77
11
235
750
32
55
49
3
80
2
3
188
2363
1
26
1
2342
550
1953
2
2274
68
1
3
3
74
5
1246
354
538
312
12
92
24
225
376
20
9
22
40
1903
3
49
1
379
717
1
1
13
409
2432
372
208
14
1595
51
1728
4
4
18
13
54
1386
84
31
4
527
11
231
7
2198
6
1454
5
1605
37
183
2
82
2
95
1105
2489
17
1174
173
217
18
16
1444
1754
54
9
2
3
2
63
1
1
103
48
6
44
2
5
2018
55
1389
8
592
72
349
92
14
464
2887
794
1
13
2105
1130
19
3
1
1392
1
616
1
1
2
1
223
3
57
107
106
92
121
50
9
107
730
8
7
2893
28
57
1757
15
1
1755
624
2
1
2
120
2182
14
2772
2
1
57
49
1615
13
2760
30
613
19
12
1
836
1558
468
72
2
1
2300
51
1
89
152
1
257
170
464
2
65
49
16
1
10
81
55
169
631
1960
17
1289
1
3
119
1
256
5
530
10
145
921
37
91
1
102
24
1
21
1
1
61
2
21
1014
33
2
185
2740
2
4
204
68
15
1461
256
2
72
2
210
463
1
603
4
24
5
128
74
448
1
48
485
29
150
360
240
88
2988
6
728
60
1
375
5
233
609
7
13
14
318
8
1261
132
21
8
205
1284
289
23
2011
591
1563
950
2
98
9
744
9
67
13
2
345
1782
40
19
810
491
1
4
17
1920
37
10
1782
707
94
2644
676
1
2966
2480
21
2
962
12
30
2
127
1
1
5
7
149
64
1
12
1430
36
8
33
22
34
182
8
5
11
9
1
122
3
2
5
41
1
1
238
114
31
302
104
2881
744
459
366
1
221
2
30
161
281
37
117
2
55
30
2350
541
119
8
42
46
1
6
331
289
2281
9
1
100
103
167
1593
469
957
94
185
15
379
671
107
769
1
2473
7
617
1385
9
2
98
279
2650
7
50
35
65
186
7
16
1094
1
1
72
1
524
1
2323
16
37
10
1064
2
184
468
17
20
2671
8
29
341
11
61
1
41
2
74
73
227
710
106
540
1
3
1
58
1
1
1
1
456
873
1680
1
1421
1254
5
54
518
334
1601
1
23
36
280
31
285
19
2690
19
914
4
2
24
2633
497
3
54
1252
2091
1
1664
2
285
552
3
2313
26
102
452
94
1
101
1
2420
255
345
8
1
38
124
246
2481
1879
19
23
536
2191
93
245
90
1532
9
3
386
160
1583
19
9
152
1435
15
52
7
51
4
23
1191
14
138
70
1763
6
40
3
408
1
16
9
1
16
9
25
411
1
2
19
740
34
55
415
34
1
2
11
89
1
1
54
6
60
1123
412
9
363
1696
6
655
323
3
601
54
6
4
826
49
1814
49
5
1
395
13
1
1015
28
1803
11
8
3
5
39
2
35
734
1
1791
650
423
298
106
1
8
1
177
1
1874
111
425
15
12
36
3
788
63
1
109
2
2
25
875
42
1
423
1
402
169
242
13
1162
1
349
4
1
61
264
8
11
3
5
29
981
1
7
3
177
4
114
2886
9
511
481
1
55
7
268
2765
82
2868
599
5
10
1
667
1709
10
1
1
2646
285
6
75
1276
4
2342
1
114
6
4
2
1
7
3
2754
11
2
56
7
2
312
1
1
315
18
2
28
2
2
1
127
944
1
68
15
963
9
188
3
222
1
48
334
763
3
120
446
3
38
107
320
461
2538
7
40
2
183
11
1
6
9
11
1327
66
1
715
10
6
1195
293
1
4
3
392
40
107
39
1153
10
5
63
26
54
3
3
9
136
4
20
838
23
1027
2
5
109
1256
131
23
220
1
228
20
1268
115
5
3
1
2891
616
142
3
2783
53
1
400
26
43
231
16
816
2968
1960
1362
6
1
815
2
1
149
13
1924
2395
213
8
3
118
40
22
226
1470
29
90
217
304
18
52
2918
683
9
1
3
43
1558
217
189
153
1050
1788
87
380
47
1611
1
124
3
2
1
1293
51
1033
15
1
1
2514
273
543
6
1
112
221
3
7
380
31
152
60
12
131
47
1
293
3
4
18
881
1916
179
1585
8
10
1304
2829
6
29
19
6
738
5
1
1
69
2717
594
248
1
39
11
2
1
2
11
13
36
2501
63
2
1
6
133
18
8
99
68
80
191
2
2777
87
1
1
1846
92
2307
1
182
2
151
8
23
4
3
18
138
53
670
15
1
18
1
4
1711
14
6
818
4
61
19
2
3
79
181
1939
24
4
25
153
142
136
1
4
188
2
10
1
1121
1
1498
1152
22
28
32
69
6
933
1654
310
1
543
24
5
32
796
1
2069
328
5
11
1059
1
36
50
168
1
69
426
663
297
9
1
1178
347
10
35
649
74
100
7
520
473
53
1
928
2194
1958
1706
13
6
702
1943
58
1711
8
174
891
31
3
1
635
106
137
3
553
969
735
1037
308
1
588
1
21
67
5
7
1132
1
7
1068
858
209
173
151
318
1
1553
294
1
6
2
31
117
1192
380
316
1
408
494
467
497
9
4
3
1167
3
665
34
2673
1777
431
5
1828
1
14
1698
6
19
1
32
11
4
4
1
1
791
4
452
58
2
37
6
2
477
2715
223
1
742
54
1658
24
1
39
808
1
112
42
1
1
31
212
17
1
1
82
5
1
16
235
171
2
9
105
5
396
12
27
13
491
106
2069
2
1
64
12
1
34
883
5
16
1
335
521
2302
22
188
2
2101
3
29
37
21
48
65
247
3
16
935
5
301
49
14
306
200
2646
14
7
1
195
2451
1
2
8
2
2
88
1362
212
1087
429
861
30
17
1
1
667
1
152
1
1
241
278
2
2
1
41
1
180
5
637
28
26
2
13
2100
342
3
2758
169
1692
1
1737
252
922
2
62
39
1
22
619
986
1
8
41
178
274
11
1310
2137
2
1
723
16
32
278
1
3
11
15
3
540
486
199
2297
61
29
39
104
1599
1
134
967
443
54
1252
471
2
21
2287
101
131
3
48
6
57
51
271
3
946
1194
4
8
458
18
2
23
1422
19
994
13
823
133
9
1
16
406
134
37
15
32
15
57
2
2391
4
2
2829
185
1
133
22
12
2162
69
6
374
8
21
6
26
2
1
676
1
23
5
2775
5
11
3
453
1
1184
2
78
19
475
21
23
302
15
48
1312
5
31
11
10
2037
3
320
310
2
19
4
8
367
1
5
686
500
705
2
23
1
1
1510
10
1558
463
2
26
2457
137
93
5
14
6
26
31
11
14
898
9
48
434
1
376
2703
2882
14
2899
2030
332
344
121
1
1
1
190
3
2290
22
31
3
1
1697
9
5
79
69
3
227
13
231
3
1
549
2947
1
12
201
37
10
4
24
47
1774
1473
232
66
4
36
138
76
210
6
1233
311
88
1
2
1420
10
5
11
53
1
3
23
2624
8
384
2
29
7
191
2031
2021
1037
241
1
423
2
1865
71
122
285
50
29
972
65
119
12
242
309
131
399
35
4
214
25
2734
11
2
1168
1
13
92
8
1
288
2192
471
304
20
147
1302
72
2526
13
5
644
7
16
220
2
1
1
508
593
2131
703
15
1884
182
1521
626
2
2326
45
10
2125
56
59
11
60
2222
374
122
1
6
117
30
20
941
1
26
1
696
31
1065
4
111
1626
1
421
2
71
1
2
2656
14
127
270
1099
1495
87
175
68
7
5
34
354
223
4
551
1
3
1350
517
1227
89
1
81
23
2
1
4
1
33
803
47
33
9
135
677
82
161
152
2146
7
141
2
233
3
285
198
1
5
527
1
23
333
411
356
1979
6
8
44
130
797
6
5
253
10
8
1088
2299
262
1
2
7
1
2
129
2
45
1
21
49
204
449
38
7
2
121
441
203
406
245
1
1
5
138
2
2
3
612
6
98
1563
383
36
22
1128
67
2
1967
4
2
285
1
2675
5
14
1
2374
91
23
2
28
70
1
5
6
1
128
1059
119
71
2649
3
2
1
3
2202
9
364
8
12
1
2353
702
2
2237
38
1
263
26
2
2747
14
7
371
15
605
5
1
19
2
1
60
149
75
1284
45
48
1
1
2
90
92
206
1
1023
50
89
64
88
8
1089
1
55
2110
40
162
10
54
181
319
563
1
1
2
96
2695
1424
10
1300
16
3
450
1
41
1
69
3
138
655
137
9
3
1
3
36
2
11
2
1
15
348
2
2417
50
18
2
85
143
1
10
1
21
628
732
396
1
1
236
35
1
170
52
13
653
2983
725
2515
2
2
65
3
3
1072
1
1065
165
67
249
3
54
224
33
226
35
9
1
6
2
10
163
8
1
28
130
7
1325
1
1
25
4
111
2
119
9
56
34
1
36
66
327
79
763
3
1
907
9
2
2
4
2754
92
1
192
2944
62
2227
216
73
9
1
732
147
28
9
202
1099
1376
447
374
60
2
325
4
18
1
14
1734
40
404
3
2
2
1237
33
9
139
688
1011
38
78
9
3
23
2970
1
7
573
49
152
2
2968
1
6
27
78
2
1086
5
2
11
2765
26
3
4
2
132
330
829
1
1
35
51
1070
410
1
797
2
2
14
1025
719
1
32
33
16
1108
378
384
304
72
762
2
6
4
15
5
74
2999
1
25
136
122
1
4
51
11
382
4
1252
674
2293
7
15
1709
1
546
3
1
2273
579
31
59
1886
108
193
15
36
27
417
486
152
1
2048
9
65
704
114
205
429
1
26
41
2
16
4
276
2796
361
431
2291
13
138
8
1237
61
1
5
14
12
2
13
304
5
15
1
11
34
48
30
14
403
162
295
4
2132
7
3
22
611
84
1389
113
41
5
583
1
2074
140
516
2
2
117
348
42
1
4
11
2807
10
7
1
441
32
718
2269
24
828
4
1
3
1784
42
86
1
277
2
1423
1062
6
1
5
340
1
1
1
1932
2
848
11
3
936
5
116
2
21
147
14
239
154
26
1
2
6
848
1479
2
68
6
410
90
1
1048
1067
5
3
114
559
8
9
8
69
1
1
344
138
10
12
1144
163
847
14
1
154
1
1
28
2445
2580
45
1
1
2
13
1286
2
8
1822
884
6
1
225
214
274
9
1
1
1
93
8
258
5
424
29
3
17
2
42
30
124
10
12
434
1091
2076
1
2243
418
340
1723
61
158
20
2
5
3
174
1
39
379
73
1
33
5
83
37
362
1272
61
640
74
157
2603
5
20
107
2
5
2
101
435
32
65
214
2
280
2
1910
140
53
1
174
27
682
1
1
20
70
383
13
681
1703
1985
1002
15
86
1
7
1969
152
405
3
30
8
303
1
34
4
1796
783
432
36
1
152
1223
181
3
14
1382
1
96
7
2
259
93
1
2153
7
11
2
1
46
11
19
1574
1
1
526
205
29
12
1
15
17
1823
100
4
5
349
9
1
66
38
576
2
156
3
3
7
2
247
1
16
1843
1
105
1
673
2156
3
2059
765
27
185
634
559
75
339
15
1354
58
915
1012
2583
39
48
501
2229
420
1
18
252
1
30
1
1
2
2222
1606
137
16
237
103
604
77
4
764
2751
51
1
1
1
87
77
1099
106
346
513
13
25
1
11
90
550
661
287
18
15
555
967
18
1
441
8
11
167
2
29
16
148
1
32
1032
891
16
896
4
15
130
17
2415
1085
3
64
287
28
98
9
1
21
733
776
16
1075
33
3
74
247
503
376
547
1
4
73
95
14
3
29
2
4
1
80
33
20
252
679
1351
12
43
33
165
69
18
118
413
975
1
1681
1
183
1
52
2128
1493
786
294
4
8
2541
1357
2444
1240
20
52
412
35
1
319
2
2
2
2
50
30
1443
2
2
3
381
1
18
619
46
33
111
378
19
1610
2452
74
263
2078
120
2
1
11
12
5
1311
7
1707
235
16
3
27
11
3
1294
3
1284
129
173
30
16
727
661
142
694
6
1896
1
79
795
83
232
51
2
4
95
331
607
43
2521
1242
1544
1
1055
1046
407
4
872
1985
31
683
24
18
95
2
51
1
35
126
412
1
10
35
18
6
2
6
2
118
1589
2
510
180
20
2889
275
1004
83
934
144
1649
24
1
1
759
335
437
3
29
18
21
2
12
87
2
198
717
100
123
3
30
938
1849
43
19
1658
53
83
1
1258
3
3
65
1
4
6
5
3
4
1003
67
507
433
231
10
1
1009
338
1481
474
431
916
694
271
4
303
367
75
354
620
1
4
1
711
67
289
268
34
81
1
28
1172
1
307
3
6
558
7
1018
124
1805
146
2
3
1127
192
1
25
1938
1635
1
432
116
466
5
109
87
670
178
1
3
2
1
139
5
1
109
705
1
157
16
27
767
1
10
14
2
285
864
1
277
2
32
196
13
129
11
407
1644
777
6
785
221
8
122
274
1
1840
1
5
4
76
1883
2629
91
2
42
19
40
118
136
1
147
1
1
196
1481
54
31
1284
107
204
1
16
18
1
3
25
4
7
10
7
31
95
11
2
31
29
42
1
7
27
1
3
1185
800
1
316
12
98
58
55
1
123
4
31
3
1
99
2524
108
40
452
391
1
1555
23
10
1
5
3
195
20
1
8
195
601
282
752
6
15
2
22
3
32
16
160
2681
1
1249
2
1
44
2155
188
539
1
1853
7
16
351
1
40
1563
212
2
2
59
15
218
1
1293
29
92
1
7
63
6
1
3
147
2
482
1
34
117
1
4
1729
1
5
6
7
330
6
107
672
686
118
420
851
4
1
104
1
725
354
377
71
9
283
225
2
1
1322
3
1
125
45
35
2
11
1671
2
9
10
3
990
269
9
126
1
151
1
75
313
2635
10
1
80
34
1245
2
631
80
2072
13
22
1
258
1
691
479
829
140
2
459
16
299
1
120
4
126
1423
1
169
139
421
1
22
37
181
2396
1579
240
1360
56
204
2726
153
48
9
158
3
85
164
3
2
1482
1200
2289
79
13
13
238
395
2
493
49
249
1234
1
350
1
13
783
585
1110
856
19
1
9
98
1
5
5
2
193
9
129
1
25
422
465
15
82
57
5
1061
29
5
14
8
5
515
161
411
489
4
1891
252
27
2
527
511
2635
2695
8
6
23
1
1
5
17
60
2408
2649
2
63
56
192
607
1
1
921
8
5
84
4
57
64
8
4
109
2087
466
8
211
9
4
22
1
20
49
2401
84
1025
6
39
182
174
3
68
3
175
1
664
6
397
573
9
41
30
437
34
24
2
3
7
415
69
1373
41
23
16
80
4
1545
116
99
2
634
59
158
719
526
1
11
12
935
2806
1
2
124
80
25
73
397
14
5
354
62
1718
3
1
1
82
987
1209
2426
1
1887
1588
10
1
23
209
230
466
1
21
16
27
615
10
162
72
3
48
174
410
2
8
30
38
2
325
1602
1020
389
2
2839
215
1758
6
13
2
13
1384
10
2
5
5
92
5
494
380
200
40
1
1221
50
27
598
1
1176
27
2
57
18
838
21
98
187
1
132
7
2
1
1247
1301
1177
2
562
24
496
17
1
156
1670
344
626
798
4
1091
217
1157
8
230
492
165
27
435
1
84
2646
1
1
38
1
74
1
2648
2165
10
19
3000
17
49
695
6
18
1737
3
1
86
356
11
1
4
1
2
297
42
54
1759
14
103
88
3
113
873
3
655
1
1
10
255
1183
464
2996
336
1939
1066
393
28
1
73
39
1
64
50
4
3
221
1
12
2
1722
15
1
2
7
8
1942
732
30
2231
1
14
66
862
66
25
8
2
8
529
11
834
1
67
4
14
151
205
60
906
1
410
5
1
151
244
13
3
1345
10
1
2777
1096
1857
19
57
28
126
699
12
984
61
4
1509
1
2
58
69
241
3
1
1380
502
214
1
1634
1
27
10
9
2830
1806
883
47
80
456
1406
1318
35
1
29
757
239
6
1214
13
1
452
3
15
1
38
160
934
264
395
376
5
1582
51
1646
238
15
52
52
3
1
5
45
162
3
3
33
12
382
375
14
11
10
1
16
1
637
5
64
4
95
723
155
717
13
2228
11
15
105
29
21
1
393
130
102
812
1066
33
367
11
74
2
1
135
22
2250
70
198
247
152
1
401
1
74
141
98
1
2
239
88
4
866
3
1
2676
711
10
38
416
179
378
55
1
2215
1
75
260
199
14
15
77
20
790
1045
4
35
24
301
3
34
31
613
89
12
121
9
578
1870
2
703
34
1
44
11
1
3
5
2466
306
54
128
3
756
136
1960
263
2
92
39
8
73
547
7
42
282
144
832
118
353
8
1446
4
3
6
7
1
1038
112
143
4
106
1
15
1177
25
1
2
654
3
30
115
82
70
1
5
350
169
2376
32
634
835
3
194
41
33
727
2888
43
117
320
9
270
25
701
663
1
2
2
960
32
1
6
189
1787
217
198
7
191
192
179
54
650
12
3
3
1316
154
798
39
53
5
5
1
55
273
43
2138
56
1038
27
3
16
11
109
1848
12
2517
60
34
157
2682
16
1
7
69
1391
12
12
31
1722
10
1
59
308
1192
14
9
1285
2
1
9
193
2
56
1
3
65
3
104
160
1950
1
3
93
1630
14
2
152
199
9
77
1999
2632
36
531
309
1442
2
2733
3
19
4
2
28
57
1159
12
8
32
9
1
154
2
20
5
287
99
164
147
18
1191
1658
26
46
518
18
1
6
1
2
1127
23
923
230
1
386
123
47
46
7
2290
498
1228
1
1
1
196
3
69
8
10
91
27
262
896
1
192
32
1
155
68
162
257
7
1264
917
40
13
29
4
2
2715
1
312
18
2
6
46
7
1
2
31
196
4
39
2
5
1
3
80
1
77
3
122
72
50
243
91
27
1185
462
482
6
29
1
8
173
43
20
2239
1506
35
681
12
1471
35
1
2
4
487
2215
1
34
57
1418
241
1
1
233
640
9
2
2
644
230
90
124
1519
14
94
14
21
1
8
959
2
58
199
228
332
7
1456
45
669
2521
1003
17
21
2140
83
1907
971
6
72
2679
2067
357
990
1605
14
9
433
29
3
53
2
5
518
4
2869
47
29
13
105
1
602
15
8
141
719
667
2
746
741
431
21
4
1303
1625
671
12
55
8
259
1
181
1
96
1
6
3
94
81
67
109
2089
1157
74
1671
91
154
13
5
113
1
1695
8
62
5
1
280
2
1
30
541
1
883
75
781
3
792
1
13
2
2631
5
3
2
1
24
1
6
17
2
1716
2060
115
50
1054
45
51
476
13
46
4
45
3
6
6
237
2606
70
77
15
53
2754
51
73
23
481
2079
1
1
1
8
7
212
392
1
11
13
2
651
891
1
93
1
49
2
271
572
9
1
442
2
1
2
7
622
2
262
361
41
2
29
3
635
527
260
64
14
15
3
1
564
4
33
2
1932
19
6
6
100
1
15
118
8
64
25
2436
2
7
2555
7
132
3
418
265
1851
3
5
1115
2595
6
24
2926
19
13
938
163
1518
11
1988
22
4
2725
1174
1
91
227
5
20
5
138
22
1
63
85
30
25
2
3
1
5
15
202
2
1091
7
22
900
1599
223
15
1
1856
2692
944
85
1249
2
20
470
12
166
190
42
2527
1
497
1865
2
21
5
3
2457
1465
17
723
24
697
1
68
832
5
966
1
1
4
607
1369
2283
408
8
35
7
4
1472
13
7
8
380
1376
4
1
840
17
728
602
1577
21
2811
1
4
1385
20
103
1
5
724
8
1
388
4
17
279
1
1140
1083
33
22
32
23
182
1
25
239
426
1
2
6
1
74
8
1
2
1
441
2
218
48
3
1
12
36
3
450
11
12
27
1
27
82
1
11
22
165
43
16
2
156
34
1841
6
24
1967
13
1
2746
158
23
1
16
72
446
2923
832
9
6
64
482
947
3
4
7
631
1258
3
56
1266
112
1
1700
1
2
268
316
2565
388
305
77
1
1
101
27
1
18
142
56
29
24
3
1
4
418
4
31
58
2
7
438
1
2774
250
2
39
3
5
2278
8
1
561
22
5
315
7
157
6
3
38
463
467
1
3
10
121
8
1236
200
1784
42
330
172
256
58
287
13
23
479
8
10
473
395
143
65
2
1243
4
2
64
52
7
1
1219
15
36
1
1657
1
183
789
28
11
26
563
2
32
24
69
1034
6
50
1817
2810
4
21
542
190
116
8
2
182
13
1357
40
537
109
1
9
112
128
42
1
1736
1
2
2141
71
205
3
677
105
102
50
4
11
235
2
1
17
1034
206
919
185
3
1
2
7
420
1
21
84
1
1
15
1296
19
1
3
316
129
18
723
145
1899
168
91
399
80
5
101
1299
564
354
56
350
1
1
255
17
353
2
3
5
11
74
2
3
1862
5
208
3
1
1
1
260
127
35
94
91
895
1457
292
7
3
323
1
2146
702
1
4
7
8
132
612
1
37
208
55
72
7
142
12
11
748
48
403
190
129
1
27
1
88
3
5
113
6
147
1053
4
1
11
2
6
6
1
596
11
247
1
67
2
17
210
2
5
1
47
3
1
3
817
2679
38
5
1209
2
26
4
17
59
58
51
5
2
103
30
141
813
1
1
1
30
1615
10
9
721
37
5
25
4
2
2
14
1
4
2350
1
653
541
4
3
1
38
15
17
1
860
130
4
62
96
32
543
5
382
4
21
2
7
12
77
213
17
186
98
426
6
2
1
6
24
81
23
2798
1
4
326
7
2
2077
137
97
2043
4
9
429
143
1
11
88
733
43
6
2
2
29
154
452
124
2
13
685
30
8
1
128
138
61
342
96
1
7
20
4
10
1
991
5
84
2
1
29
6
197
53
1360
583
1
75
1
1676
3
339
2
62
22
1
42
1341
4
1
48
104
19
20
552
126
394
2
114
1
2
278
30
7
1
380
3
3
38
1536
18
24
1
2260
1159
308
2672
1310
1
2
3
13
1
1
120
6
22
2
1541
2
339
1233
88
96
4
111
428
28
1
2
1
10
431
15
35
159
3
298
49
12
49
2
213
80
3
11
1
3
73
159
260
4
1
1013
366
1391
176
1020
313
424
7
2
7
217
293
3
2
1
1
1268
2622
11
1
1
33
487
1
1
5
2190
3
1312
4
423
87
2684
449
1398
2163
328
1037
66
94
2
77
1049
1
174
125
1
7
400
198
4
308
1
1259
222
402
2
6
180
2853
4
293
4
3
3
22
27
140
1063
3
2489
27
26
7
20
132
397
21
16
289
113
1
11
87
1249
9
15
2
13
7
66
35
140
56
37
5
399
2
2
284
40
641
46
1831
1
38
1158
40
1080
621
1
418
4
60
3
34
309
1
1993
496
4
1005
1
18
2
1
1229
1
5
33
6
12
22
20
20
59
1611
346
117
9
1
70
51
36
186
406
2
1
1225
2
1604
5
4
4
25
180
5
3
21
1
1
19
1
60
11
7
1
1
22
21
3
40
1017
47
1872
19
1
65
6
34
1
97
91
2
1
7
41
3
49
60
25
315
1
401
1
24
17
9
159
2839
363
1
390
631
2400
1
1401
2
232
2772
5
4
159
1
2570
38
1545
74
162
129
2760
42
2
2
37
1639
717
545
1
1
1028
1379
26
91
142
3
1
2
2
5
1
4
131
91
22
165
50
81
158
46
62
9
650
2970
452
232
13
29
486
360
10
3
450
1
9
4
44
366
1049
797
2
6
1238
58
277
1
117
256
55
468
55
27
2454
6
8
183
2265
18
10
9
101
13
2120
23
215
66
31
4
33
1605
8
50
7
2
126
890
1
120
2012
1
180
3
8
2
24
2627
315
138
4
19
2473
1462
53
99
1
157
1
1
1
24
428
16
833
2
23
865
2
2209
3
381
1
625
317
1004
138
1
188
1
166
3
104
132
1567
2234
803
1863
2232
6
183
1
136
26
161
67
46
1094
3
51
6
2
1
5
83
1238
1032
79
1444
218
82
96
1202
830
354
1
2
233
2810
19
48
1
1686
30
247
1
2038
150
9
2247
1
147
1222
35
342
130
6
326
3
1599
1
28
57
2743
1344
2
1
4
1
89
2045
1478
4
2
210
15
36
4
277
1
1
1
60
1308
63
2574
146
20
164
123
1
2
9
14
2
386
3
46
3
260
9
1
2974
1
226
279
3
2
284
741
4
22
323
1
190
6
5
1492
766
10
2020
52
12
2758
73
31
6
80
13
168
1
1717
1551
70
3
2495
761
1173
17
3
85
55
111
867
4
53
2987
3
18
5
2029
1898
12
1
1336
8
1
1
227
2
731
1
27
1471
23
59
91
19
1660
94
7
19
45
236
31
203
311
104
60
19
18
863
47
1
4
18
14
130
23
27
173
8
1
557
667
843
2051
21
1
186
8
8
1
682
10
10
53
2
1
662
5
310
3
1970
89
1
51
1272
2984
120
397
6
3
76
35
284
51
1
238
1
189
1
14
7
14
23
4
1
1
4
618
76
1
1
870
566
537
197
21
331
286
3
2
849
43
7
1581
1
73
380
180
7
3
2986
517
2706
1060
2321
296
149
7
143
5
29
628
1869
8
1436
1
386
853
47
1
16
38
1
17
11
4
15
18
7
7
1
1
5
1813
4
88
155
1
37
1
128
54
1770
372
7
2494
881
55
78
1
1
42
1
33
700
202
5
71
1
51
980
414
639
1722
274
1
165
1994
1862
1192
2329
169
1
1852
17
1227
2812
77
208
7
29
340
13
16
47
83
55
2
2420
116
48
1289
68
1157
22
2
1153
58
35
204
4
1
177
21
466
35
1315
757
5
38
1481
3
1
79
865
145
52
30
11
1
198
2
3
6
1
1
2718
3
57
1382
59
12
332
278
13
193
264
1
77
2436
665
2818
1
2
548
116
33
2630
22
5
35
97
53
11
2
1326
1
1234
167
53
109
9
146
1
2107
7
135
10
468
1
2
216
452
6
11
203
8
19
77
236
412
1
29
538
2
36
193
8
6
1603
9
1
884
126
4
1421
29
29
8
4
2109
252
7
422
305
767
24
4
493
35
42
1420
1113
8
111
4
4
2
1
6
2
396
2
18
257
4
1622
183
2067
2750
2
4
405
182
1
130
1083
55
218
242
7
163
1133
7
2
1
1471
1
111
3
7
610
10
5
459
443
3
48
1
16
16
959
83
2773
3
17
15
137
56
4
134
235
49
27
643
9
82
2
359
232
1779
5
1223
2
267
8
3
100
1
3
345
370
167
1
2
2
5
312
1226
1152
25
31
1
120
34
1
73
58
7
130
2
1649
23
32
2089
2385
45
1975
35
2
20
3
2
68
23
4
2019
2
360
71
2472
2341
1
3
23
1
386
2
1
43
3
1
1
2
17
1704
10
1185
1096
60
2
469
2465
1355
2
824
117
228
376
2
343
14
1
370
71
100
1
18
93
556
2
2198
110
463
3
116
9
423
18
175
57
109
1
3
2
2084
852
19
52
11
1443
1329
96
754
6
288
1
129
254
18
3
207
16
5
127
67
526
3
68
1332
3
1
104
493
99
138
6
33
2
323
476
111
226
3
15
1
14
14
1595
2
4
2916
169
3
1
257
1132
1
7
8
1910
1397
45
1
2
332
328
34
909
13
1561
3
5
657
1490
3
4
1
705
1
125
8
55
54
19
2
23
70
1
43
16
606
147
22
94
187
2131
53
1430
2329
929
8
2
73
13
17
812
15
40
1
16
169
11
32
7
18
16
1995
821
7
969
34
1
31
3
21
1
454
13
41
1
2330
34
80
1
17
432
1044
33
2
59
17
4
31
6
120
158
580
128
71
2363
5
6
34
43
818
1
443
60
225
169
40
394
67
1
60
26
22
2518
8
217
627
28
4
16
10
1
2
1
1550
35
124
1
1
10
179
925
3
893
500
9
24
555
866
26
4
898
1
4
147
41
151
2
40
78
2
35
1281
779
94
1759
552
1454
2981
7
3
8
5
3
24
66
13
1
681
6
1068
1
446
619
67
3
5
836
22
202
20
698
61
1090
170
31
2199
24
177
1
486
1569
2400
1
9
457
112
1
1
275
98
81
255
846
171
125
190
2933
50
3
188
14
17
47
2846
44
164
30
232
2504
2308
1210
53
6
2
29
876
1131
166
147
591
178
209
2
601
17
63
5
888
2
307
1481
216
102
331
12
5
4
1
1
11
1276
665
36
9
732
2
8
1
689
400
59
2
2832
177
26
2
2
122
8
733
2538
10
6
987
8
3
3
25
2639
98
74
600
6
2
1583
1
14
544
1
1781
6
16
968
2
9
90
93
33
415
2
2
3
630
1767
69
2
6
57
35
7
23
2213
17
5
2
50
51
39
2
362
35
25
2
6
1
357
1019
427
54
13
1069
9
2
22
3
2192
66
46
165
1821
2
255
1114
543
133
80
889
356
504
11
1
159
1
6
1
3
14
17
2588
1
6
808
71
88
1
258
41
1
167
51
35
6
303
379
239
15
119
14
326
28
96
1
1
5
1013
346
1560
1
85
2
1
872
30
1
602
5
1
650
5
8
758
3
165
173
599
1129
24
40
1728
24
25
1260
1
47
1558
1086
1418
1016
2145
2
25
10
99
968
936
3
593
2925
325
122
76
7
1532
2
7
1887
11
426
211
2
67
9
1
1995
5
180
1
2
199
40
587
130
293
680
28
2
1
2
52
436
2040
8
1
4
1
1
8
1
33
192
19
547
397
25
5
12
315
71
282
1069
2043
98
146
479
671
286
12
532
101
8
1040
80
18
488
35
16
66
13
6
1
1
1463
381
1
117
2
200
919
2
1
10
3
21
7
37
2
2
3
146
29
3
591
2
7
16
3
24
1
3
216
3
811
29
299
409
133
2
13
29
1175
2
73
1294
438
5
2720
543
52
1802
389
301
17
40
6
2071
978
206
801
60
2549
244
1
1
187
1
588
637
2
10
1905
747
22
1
153
30
27
16
417
279
5
1
960
11
148
2
27
1
2
3
1
12
288
5
726
1
144
1
1749
1439
30
38
25
540
16
246
71
2328
5
71
538
446
1248
1
768
70
54
10
106
232
21
605
2479
96
1
31
64
6
320
9
990
1150
10
52
74
206
335
870
3
82
2157
4
37
102
3
7
1
2241
938
561
788
6
166
1
7
11
2668
161
80
9
630
2
1
25
287
53
35
5
136
1
2
2
13
9
15
34
20
2
742
3
2
16
8
151
57
1278
2
1328
410
13
16
32
30
1880
67
1347
2
1
1
8
1191
27
751
1
1
1
488
3
643
1
985
28
1704
177
22
1751
588
1
154
12
1
2831
11
10
2
1
126
19
2
1
28
1
37
1
243
38
624
54
17
711
22
672
683
61
495
1
1
3
7
173
1490
157
86
3
14
41
151
3
156
56
158
16
193
43
20
5
7
54
41
3
1
1
36
559
7
48
63
6
3
97
177
2383
50
1
6
1
286
704
2
20
117
1852
253
169
20
1
220
3
1279
2
12
508
1
316
729
25
3
35
90
1
254
819
1
2929
28
545
2
5
648
1
153
2379
3
3
36
128
2759
1711
20
1270
17
267
48
12
9
443
3
4
15
1126
7
892
35
1
10
221
13
32
2
1
8
48
34
22
788
4
30
74
1996
1
24
10
1
1
19
183
562
184
1347
5
2749
203
205
6
51
682
178
772
4
1462
361
93
713
52
1478
4
1065
33
1797
53
2
1
32
97
83
4
1
147
54
696
32
2
2
2146
25
17
8
178
1644
13
40
1
3
448
7
46
369
544
1194
1
96
1192
49
65
74
413
2532
20
2
123
10
22
6
462
216
74
63
1033
21
1506
148
425
125
154
29
430
203
23
204
366
336
5
728
14
105
2
2
714
374
2
149
2
46
8
79
22
226
1726
4
8
1
291
99
8
2482
5
223
33
138
1064
2
201
74
1387
240
1999
24
72
34
560
2
1
1105
88
31
1557
7
124
467
375
515
45
7
1
2
1
6
404
18
41
43
806
1863
2173
1131
326
223
7
15
474
2605
146
1024
1723
21
732
7
239
2
23
1
16
66
1055
34
47
3
131
55
57
82
1
1081
2916
13
12
1
69
7
4
735
1259
15
8
1368
8
4
175
66
71
1
937
1
226
388
28
1
2698
2636
1740
1891
14
12
2387
2
17
3
759
1
142
8
226
44
712
922
19
22
27
1
45
153
404
28
530
472
17
1230
259
134
19
659
1637
209
455
583
2
35
892
1773
11
4
93
1801
434
1812
14
886
601
66
86
7
91
106
3
1171
12
2371
6
30
148
497
4
457
1
4
47
3
2
1421
385
427
4
4
3
140
3
1
1
379
420
46
1194
954
39
1
7
3
1
231
21
614
284
1
4
2
2856
24
3
33
6
178
5
1208
535
2
2450
59
1403
12
5
913
722
13
2
1
104
461
51
21
793
2990
1
71
2
727
81
1
10
618
181
21
73
235
158
2
1
3
207
41
709
2
362
171
391
172
1914
2
1015
4
1374
1575
1
1
9
1452
7
120
112
34
2
393
1
20
1
7
79
2080
20
9
10
25
5
154
189
31
27
21
519
405
46
2
12
13
1484
184
32
31
236
2307
29
2595
417
1103
2065
50
330
1
1093
107
1465
2041
138
476
115
143
200
2
19
1198
8
63
298
48
172
1
3
246
1411
187
347
477
4
119
63
712
1
3
1
2
2
1
498
11
1
1835
153
2008
785
1
5
1
75
134
1555
2899
4
319
5
1
78
1503
7
1
117
14
10
1738
1
52
2411
1137
2539
1947
478
146
789
1
1656
1
885
3
2885
1
76
117
2233
819
1
11
2118
9
5
35
3
3
48
12
10
1440
3
1
2609
145
2
101
710
108
2294
1694
23
15
1357
1
1187
126
1450
203
54
687
59
2
7
138
1100
5
45
132
77
297
492
8
254
8
26
4
1824
41
16
1
2830
4
1815
198
52
390
1125
5
404
7
18
752
72
1996
781
1566
4
443
2
10
5
1
28
3
2
99
265
2075
1083
1051
115
8
76
3
47
20
1
3
10
2
173
27
994
210
14
1
1191
23
2
931
542
230
1
985
1702
780
4
1
296
1198
43
3
881
30
2
894
589
16
1
1307
1
85
46
5
2
295
426
751
2
1575
154
3
4
11
722
2080
2416
996
468
13
5
2
28
15
686
1118
3
668
1
6
1
456
3
379
3
19
138
31
372
19
144
658
5
129
11
462
382
2940
7
752
1074
25
2
127
8
997
118
327
38
250
20
8
10
10
6
58
5
16
25
10
1101
1531
66
5
118
159
69
593
266
2041
2750
130
4
987
11
89
2
716
1285
79
2
7
113
725
12
430
1
8
4
2589
2
1313
15
5
68
77
24
3
507
3
1
118
98
1344
28
1
780
2429
231
14
479
1
247
40
1610
337
2
3
1465
182
24
23
662
73
19
11
659
3
1409
6
360
1086
1
81
98
2
1
1793
1
2018
2
2335
6
1399
13
84
645
51
2
1
1226
483
14
911
156
1510
1
75
14
1
73
64
23
1
8
20
314
1
1
11
75
590
1
82
13
14
68
34
466
505
38
171
15
14
13
546
7
7
951
1157
6
2914
1
329
1
1972
536
4
3
7
600
3
35
218
1541
283
9
39
31
19
551
12
25
594
1915
7
2
546
39
110
185
10
3
175
3
2465
1804
63
13
19
27
58
45
363
7
125
22
1
94
26
3
345
6
1
1
1343
48
631
4
1
275
108
1643
66
2684
2
254
6
238
37
3
5
112
142
3
129
153
80
4
62
4
5
10
59
307
2
1359
54
661
9
102
17
461
9
56
1
24
1
255
316
337
235
127
74
1172
1428
87
380
146
377
447
1
1
72
10
905
1972
3
2
597
211
1071
297
10
1260
8
7
2
2
67
1
35
81
601
1
5
1
184
79
12
302
1
95
119
160
444
77
42
1
1322
24
8
4
50
13
1636
12
519
1407
1
10
887
1274
1
6
23
1364
300
3
139
401
6
1
85
1536
1223
2667
11
1
30
19
129
1
2
1
4
15
41
997
1
43
5
937
792
1
2
6
1510
8
5
1
65
2488
1
1
6
565
28
204
1
101
68
37
7
21
592
1
261
142
1
3
477
126
54
494
33
6
44
13
364
570
1634
1773
1
1
1752
136
15
2
4
1
1
599
16
155
1
1193
116
8
20
448
887
7
15
1869
1
190
123
2126
98
1
1123
561
76
4
48
944
2
1
5
2
8
8
1
95
13
7
1
447
72
2
475
5
9
232
4
1
1
103
7
1
732
2
767
1
17
188
1916
20
4
342
1
514
1593
4
43
12
2966
4
5
317
266
21
44
278
6
1356
794
1
1
208
365
185
1
2
1
7
870
4
35
340
2
10
2
286
1
3
1
409
397
1
6
1
6
209
14
259
178
578
273
18
5
4
2
19
2861
333
1
13
1
1
421
149
2
9
2063
31
16
56
114
6
2
43
16
2204
108
111
424
1
1
12
75
1
14
2994
85
7
38
76
65
2
7
68
25
1158
237
3
130
298
2535
2635
1064
22
238
41
140
2
74
349
254
2458
1935
132
617
2297
1
22
202
138
2
1
173
2296
322
7
2
3
2603
9
6
2818
29
8
378
6
2958
66
63
2381
56
2104
3
3
910
1082
2
7
8
601
79
3
2
23
4
19
8
49
5
1186
9
98
136
1
1089
2045
36
1
18
58
243
39
1
85
4
4
132
123
1
1504
1
398
2
3
5
7
2
672
100
14
578
1
2586
2
52
284
2
4
2
21
959
1116
208
2670
6
2
2601
330
12
10
642
25
105
18
5
302
2858
429
5
7
20
3
2
323
1
544
9
240
32
24
41
266
161
14
255
1
1
1
650
187
330
2
2647
195
2
2
2649
1
38
1
331
4
4
1
21
29
436
5
624
6
2463
1244
1
5
4
156
2
2
3
24
98
889
5
1
429
137
113
493
2
8
2155
904
1316
4
2448
1
115
16
1569
1
1
7
19
1255
1
2100
59
4
4
412
17
2
20
906
3
2574
164
8
64
3
1
8
307
184
309
680
56
2
49
4
42
22
22
905
67
234
8
2447
8
3
5
1355
5
3
36
1
1
29
60
655
1
67
222
39
114
437
2
1
5
2146
1
110
39
1626
120
9
606
4
513
55
1
9
90
5
6
10
1409
18
22
8
16
8
164
11
179
6
240
1611
413
4
26
5
305
41
4
39
69
620
2
145
286
109
10
2
42
37
1
363
2231
12
1
2470
1683
2284
19
100
1664
59
53
24
1
4
581
2
73
26
5
1
31
2
6
5
2328
4
159
151
30
1464
3
71
1010
190
365
6
851
7
28
89
28
1
1
1773
176
1953
1502
57
9
1946
1
62
1
1
154
1
74
131
9
2
60
647
537
195
1193
2812
1
22
48
560
2
4
44
204
48
960
44
49
2
2945
15
3
4
83
40
1107
148
128
5
66
87
128
2
831
4
1
2
350
230
35
7
532
2585
11
20
1
2944
2045
8
2
156
1601
757
16
7
2
12
126
5
231
81
71
726
1540
3
25
2606
970
8
25
1
814
6
1382
1
58
2003
19
10
8
2
56
39
2728
1
439
773
677
272
15
2752
6
10
14
103
1
12
1005
1726
100
91
23
8
5
3
36
166
556
1623
1
6
1439
3
2108
1
2
4
48
137
5
45
32
2511
435
226
837
45
2669
1
2287
1674
2
3
1
1
154
13
20
14
1
1
3
564
743
8
2
151
14
177
125
3
1472
308
1
922
2
104
1849
7
435
96
222
2954
1
80
2
7
24
140
101
5
2814
148
35
50
741
1100
3
163
41
1005
691
568
2
2
73
3
23
6
178
51
8
9
1230
314
5
19
13
1059
1665
496
12
1
377
1078
3
1
49
69
3
47
96
20
95
1999
2
18
3
2
20
2
1
934
6
107
49
59
1
1
1
3
9
6
19
8
31
15
71
16
52
8
2
24
16
25
5
2093
64
1
394
4
681
18
1
468
93
508
209
278
33
19
1280
1
553
211
580
2
76
2
37
194
135
88
2264
128
1
195
32
14
8
702
549
2024
638
84
1
9
7
124
5
334
1903
315
1
5
3
170
874
1
32
1236
608
162
439
11
17
76
3
269
3
4
1
14
23
4
328
4
3
37
124
2
2
81
2677
1
24
2466
662
1
71
2
1359
44
1640
4
11
52
613
300
130
6
39
6
190
153
5
3
29
367
23
34
1
37
5
1
148
1
58
2
391
1
6
1184
57
1
154
450
658
10
47
2014
1936
2356
1
4
39
7
1
4
4
1
10
1118
9
1
16
2
15
2
1
12
237
435
9
112
290
422
2
992
4
27
10
5
172
1
295
23
214
22
28
1
1469
697
15
43
1
853
28
231
1
36
3
2
3
464
1
1
32
605
262
17
19
24
18
1612
220
142
561
709
13
10
3
1
203
25
1631
1
37
122
487
1
2054
1
1
117
1053
351
24
23
1
15
9
277
1076
9
863
19
21
186
1
2
136
114
1363
350
1176
7
932
2109
2
68
2
8
224
420
156
5
1808
34
85
1
84
6
1990
5
1374
1197
442
13
49
1389
1
2
2
4
178
91
307
523
1809
15
2759
77
3
203
92
1004
324
9
90
17
7
8
20
13
43
791
69
28
97
1
48
65
206
1
42
496
94
5
522
1
4
42
11
865
15
2057
73
1
528
1
21
1291
2814
3
327
2
21
1
78
1
55
68
2344
1973
7
207
11
6
2
9
20
1
1
34
301
57
81
1
128
103
2955
2211
62
725
189
2
689
3
179
2
94
3
2
57
2
34
84
796
4
1
104
85
1
2779
18
8
10
1
1
7
74
989
2672
261
101
10
1
499
32
383
3
65
268
1483
8
3
21
237
110
2
81
144
625
697
20
1
338
63
2719
32
4
6
13
39
1
1109
18
169
2123
1
2
2348
9
1
4
2949
884
2633
25
782
1
299
2
29
1
1654
249
105
1
616
191
31
6
576
36
138
37
7
67
42
2695
23
1
1784
2
2
21
174
2
1
100
10
1
204
22
2241
225
1
603
21
12
253
7
184
130
156
81
219
93
195
68
2
433
1191
1
187
1902
45
11
356
15
11
854
3
697
49
26
42
877
1
260
3
18
2
5
78
24
8
492
1
5
2557
10
1020
437
3
591
267
144
4
1514
2795
2
1094
1
714
28
2145
19
18
6
31
1
47
623
93
5
28
205
2
6
1
8
41
148
9
1318
268
1
1
108
16
3
92
817
1
9
49
1008
49
618
36
1914
1
270
259
1
2
1816
209
324
13
2173
147
2
1678
14
3
9
1140
202
15
1524
226
490
53
544
33
164
58
219
1
26
1672
1019
862
8
86
1734
37
239
423
13
4
51
62
3
10
2431
225
89
625
2
1
415
1
117
158
112
70
1
1646
18
584
1740
1908
559
87
35
1
166
2140
128
7
15
77
2236
