149
486
268
441
402
497
228
496
461
480
32
14
201
214
248
476
175
258
210
247
299
290
434
432
84
125
320
38
416
461
480
26
188
428
66
126
20
227
469
6
72
454
428
168
184
316
448
14
137
292
84
161
290
401
250
119
354
139
282
499
62
38
116
6
59
120
308
169
208
457
244
283
1
60
124
114
207
43
113
301
33
475
228
147
418
409
406
480
499
5
270
248
464
188
312
109
407
433
367
217
469
393
168
32
204
368
461
129
380
26
274
343
180
484
75
132
344
312
47
276
218
134
174
91
209
356
356
145
34
63
202
202
177
163
268
155
496
105
276
6
191
40
35
11
289
142
389
152
457
218
409
454
162
437
253
485
441
457
8
32
149
265
450
261
19
465
218
62
85
249
292
453
397
361
76
353
435
270
269
469
124
47
426
380
134
257
258
197
194
412
68
264
90
289
29
398
205
48
322
41
407
381
75
336
426
256
286
83
233
368
36
347
485
272
176
332
405
486
382
425
60
106
143
42
312
198
474
365
414
473
399
113
7
381
295
307
374
90
181
81
6
145
252
209
252
369
70
91
340
391
190
40
41
2
400
412
390
272
320
32
496
409
62
471
327
476
277
128
155
159
333
335
331
136
254
64
156
430
360
375
88
273
28
107
298
471
173
360
96
422
208
446
12
206
336
96
84
66
203
330
255
476
268
45
426
137
51
177
224
96
305
453
168
364
355
500
106
33
112
61
327
300
73
213
477
184
305
384
492
77
92
343
260
437
144
335
35
343
184
49
497
92
424
428
256
344
147
182
373
78
247
117
209
66
374
241
475
183
233
245
240
283
68
132
341
291
3
35
349
196
51
456
471
403
200
474
9
215
497
218
349
169
120
199
249
367
112
142
350
341
285
183
310
300
132
495
446
330
195
298
124
363
229
311
140
277
390
104
235
441
103
8
34
457
249
270
395
210
101
174
2
334
167
113
460
109
32
353
67
449
15
201
461
419
217
330
35
79
290
134
247
278
360
497
177
220
255
432
374
139
328
270
165
306
475
435
205
265
337
292
296
121
477
58
27
143
420
180
498
154
151
241
471
135
418
186
85
294
154
486
292
375
277
411
296
175
109
438
194
98
325
225
28
208
232
420
394
324
106
349
127
263
448
367
58
332
34
76
295
10
62
498
424
446
310
384
156
447
185
330
262
270
189
410
155
168
439
400
212
425
268
262
348
50
209
5
169
190
15
265
40
282
63
364
102
252
467
398
110
401
398
348
212
413
404
88
231
194
104
375
424
96
436
101
179
371
357
471
272
47
25
210
237
315
423
261
114
292
196
32
60
489
445
499
176
51
439
195
409
30
279
199
215
118
418
383
322
65
345
444
350
466
359
187
140
347
383
391
285
18
438
493
21
439
199
358
195
329
374
363
201
482
430
76
482
323
467
428
433
487
110
368
417
282
95
186
98
48
410
94
220
205
302
492
96
7
473
400
465
495
378
352
38
152
297
224
112
175
345
422
298
68
476
279
159
160
363
104
146
292
182
439
131
78
227
154
380
284
407
443
458
240
141
419
213
274
336
178
487
269
292
243
344
343
208
464
370
105
493
169
438
321
36
59
345
150
359
447
404
455
329
182
379
204
277
319
77
102
95
175
290
263
460
23
144
181
50
75
286
365
436
279
250
99
210
34
267
40
163
371
432
132
164
13
277
109
288
307
83
466
285
381
228
389
387
411
464
427
408
322
415
84
129
10
222
357
492
433
302
451
119
395
34
204
300
22
390
36
163
177
1
262
106
381
246
159
113
29
121
311
500
478
128
141
61
227
254
108
419
349
444
340
266
437
195
483
445
37
32
236
204
155
207
129
264
388
462
222
262
127
32
44
237
88
150
357
194
396
399
145
162
390
124
193
325
217
108
63
284
346
72
275
320
118
64
388
375
32
282
108
119
495
164
497
436
20
292
414
95
49
478
330
150
240
317
198
305
334
197
366
276
395
467
110
227
303
171
34
251
172
328
216
92
252
280
81
305
154
417
163
475
252
74
205
125
337
84
152
455
199
92
1
70
230
231
432
187
68
449
264
162
403
307
374
58
405
476
115
5
58
21
393
15
459
348
61
319
164
335
363
6
18
97
27
276
125
381
326
337
292
142
477
22
420
400
388
376
169
182
473
159
115
147
364
163
398
238
83
56
425
42
101
380
264
83
53
208
335
402
316
255
236
111
435
218
387
294
54
201
128
193
472
105
405
447
373
126
135
330
330
468
472
128
357
254
386
433
354
58
164
297
492
224
449
330
192
74
49
37
487
438
104
458
484
371
462
440
166
368
81
425
279
178
139
189
175
479
262
340
293
196
346
244
150
86
450
254
315
111
434
107
13
76
316
6
165
431
460
452
126
65
17
204
299
359
361
196
458
230
97
298
445
137
492
297
25
328
237
122
325
473
25
118
233
412
122
55
382
15
167
487
405
190
309
182
68
284
232
236
473
144
324
18
124
262
242
238
194
133
297
488
388
231
282
480
84
37
373
102
442
485
69
44
219
283
87
212
406
254
149
154
54
2
403
427
499
87
256
176
315
292
90
333
103
450
331
38
461
229
259
412
19
283
8
323
213
246
361
417
70
209
29
126
460
317
490
376
145
114
458
235
441
1
112
399
173
136
199
251
4
49
164
402
315
459
226
229
34
73
278
169
293
446
66
146
154
35
307
30
280
224
406
104
188
294
148
180
322
408
418
436
287
343
357
118
467
477
359
167
237
289
317
443
424
406
300
8
123
24
151
471
432
116
313
419
142
28
417
76
380
446
255
136
481
372
444
278
210
189
391
208
472
466
388
146
263
185
54
493
478
322
422
151
415
196
16
287
215
18
387
114
471
34
450
325
457
110
79
452
233
364
50
276
330
175
291
380
126
368
352
138
468
140
95
457
218
253
23
133
170
39
387
405
185
241
114
85
75
117
307
227
353
341
148
1
127
281
424
360
440
248
116
139
27
453
92
447
93
296
226
117
194
120
453
111
279
239
46
124
243
440
259
4
448
180
37
215
393
391
396
134
105
6
155
235
14
344
16
109
406
97
161
183
28
245
384
192
452
16
404
320
86
24
16
252
217
1
307
227
92
189
93
495
360
442
82
186
280
51
237
449
241
48
201
445
366
142
296
346
86
60
450
317
499
66
163
279
198
255
290
158
401
184
162
163
318
210
359
91
163
435
367
429
43
76
256
70
419
475
33
379
380
461
300
340
437
467
163
86
87
199
450
58
474
68
182
251
239
282
457
466
448
102
141
115
424
181
286
364
277
14
450
392
47
9
141
195
326
468
259
404
162
426
221
397
392
450
390
401
218
119
265
298
416
489
267
320
288
321
89
45
296
370
438
168
169
443
463
363
47
174
242
36
153
196
212
449
39
447
173
23
51
233
204
182
59
98
6
186
242
165
416
130
331
148
102
225
70
361
64
425
215
420
129
3
314
188
245
462
433
292
384
237
299
302
340
456
410
289
151
370
101
469
26
64
341
390
132
269
203
172
93
356
5
366
288
378
423
35
152
462
47
193
48
316
364
441
334
26
143
445
477
259
477
314
495
498
187
208
253
389
459
26
273
109
257
339
173
276
38
109
13
436
177
418
362
5
293
449
378
152
447
145
127
89
71
286
219
364
440
306
461
426
137
124
351
489
137
163
494
437
268
202
56
211
352
94
419
209
373
489
34
380
163
495
32
382
338
100
429
301
361
446
91
384
232
133
371
464
226
72
76
76
259
349
333
180
494
454
263
180
339
49
378
84
150
479
232
72
264
456
138
468
294
167
450
426
63
145
83
325
74
300
251
348
154
244
207
307
280
2
208
252
112
469
361
28
94
428
96
14
359
479
200
74
282
67
290
90
446
336
218
384
400
11
347
220
187
79
253
276
133
344
269
293
92
473
381
214
354
168
205
281
178
20
252
113
68
46
9
179
179
200
203
419
356
296
480
267
493
428
134
44
67
299
187
267
187
130
325
70
306
248
173
52
104
407
29
243
464
481
258
322
251
325
68
170
417
458
353
243
191
445
290
289
27
185
21
299
442
427
220
203
440
491
349
30
46
421
16
209
64
21
316
440
172
143
268
154
208
422
6
13
32
114
57
234
316
252
4
394
299
230
334
484
323
294
119
386
232
140
85
318
384
169
298
103
174
480
30
497
38
488
228
235
34
190
385
270
337
207
153
190
405
181
255
243
207
290
151
467
486
321
403
282
188
140
18
5
234
152
397
497
366
220
266
431
230
381
139
75
170
81
131
53
431
129
415
86
80
138
429
206
140
308
152
239
155
170
274
282
77
134
260
404
254
400
254
472
443
111
460
434
149
295
315
442
412
350
25
7
67
231
31
97
365
153
368
177
177
309
387
52
440
67
152
240
294
7
342
213
296
437
110
238
1
238
51
311
309
19
140
488
149
309
154
191
82
89
24
419
99
395
154
212
396
419
14
185
463
184
89
304
498
398
188
284
133
453
454
437
167
273
48
76
241
445
494
19
408
480
423
13
75
409
394
44
74
424
466
308
225
56
86
388
301
396
4
458
406
321
217
383
318
440
474
475
394
39
363
470
413
74
406
485
257
368
76
131
433
434
171
438
497
426
200
454
434
474
46
411
187
128
286
195
260
53
224
67
199
366
311
497
378
354
474
9
435
144
336
466
478
217
201
185
265
278
189
351
486
393
104
363
103
175
250
357
66
366
207
135
260
368
350
97
329
451
214
311
228
71
69
422
265
488
79
470
115
202
26
435
445
330
358
231
88
499
62
37
349
411
93
462
260
192
103
85
407
284
437
82
141
94
288
263
276
261
150
305
323
461
204
461
221
170
418
283
224
352
210
30
337
334
422
171
412
412
269
211
233
58
430
135
348
112
479
374
149
334
481
172
46
29
422
214
60
163
335
480
159
425
458
284
143
280
282
162
481
118
165
485
142
498
500
324
350
83
202
67
458
481
353
69
98
332
382
213
138
374
478
158
90
67
478
10
296
49
343
146
25
476
223
65
495
91
178
167
393
98
323
442
166
205
202
186
125
264
173
309
337
455
392
451
392
144
89
443
258
452
89
19
462
420
185
40
43
201
397
282
286
23
429
496
202
496
92
86
11
331
106
215
371
298
362
377
6
401
2
382
223
245
173
430
177
286
499
101
38
321
209
147
224
349
59
350
441
12
307
453
201
387
420
483
417
9
112
279
334
190
143
393
209
351
431
243
136
381
261
285
298
343
139
86
491
153
484
264
384
231
88
302
45
46
61
8
222
323
486
404
108
392
171
320
359
328
229
418
286
171
153
71
358
469
60
42
25
496
419
386
60
366
56
15
358
7
352
121
367
18
489
226
364
99
328
69
403
457
472
104
121
356
234
453
494
232
486
126
111
445
371
118
168
486
471
107
246
117
277
349
185
463
498
484
80
238
188
44
432
64
172
453
43
290
297
18
381
205
67
482
80
285
168
473
482
401
84
202
450
226
238
311
154
497
435
497
43
46
419
382
346
145
33
456
149
254
45
380
472
416
227
146
362
213
496
386
172
392
201
365
187
396
169
186
389
22
207
113
493
357
304
356
355
356
226
132
39
245
10
379
252
186
156
497
44
314
59
208
69
3
289
71
468
123
7
300
383
423
18
345
406
284
184
25
47
354
51
273
102
259
347
119
382
98
286
436
61
60
217
124
391
88
394
196
135
398
154
149
142
334
166
342
152
163
10
174
53
480
189
38
207
379
434
209
226
218
310
461
15
210
367
225
323
452
118
207
320
309
417
330
341
103
417
88
338
15
428
335
133
185
340
253
476
79
314
120
420
31
60
499
163
37
427
263
84
440
346
137
397
10
326
32
445
427
421
161
119
406
385
196
499
323
142
412
50
492
400
135
344
465
237
218
179
172
430
232
122
407
235
225
316
121
237
120
445
304
10
358
234
148
321
425
41
302
269
160
44
365
356
429
39
209
478
133
373
227
64
214
59
121
277
479
465
347
180
369
438
340
480
473
279
247
404
304
433
311
271
248
149
298
280
331
294
459
30
264
112
81
478
311
172
17
444
46
165
181
355
372
136
312
113
31
481
177
386
360
405
335
280
454
433
223
69
372
260
148
356
112
346
365
142
220
156
57
488
244
77
267
375
38
276
376
174
325
18
156
157
431
182
96
9
5
324
472
272
243
430
107
195
93
346
474
455
229
123
304
44
305
311
354
201
490
180
268
19
270
373
222
433
73
283
299
216
144
417
291
308
312
222
332
247
342
250
308
499
171
406
19
189
396
107
292
470
467
257
349
486
427
62
399
167
223
151
13
291
165
42
77
144
104
412
13
93
390
13
188
152
367
374
267
493
485
403
30
83
444
498
441
61
367
78
411
445
430
280
163
201
318
42
41
354
162
47
75
29
201
159
9
258
340
101
103
119
58
191
23
71
214
112
334
483
103
419
276
473
83
468
64
204
270
377
274
176
67
366
107
323
54
308
487
426
454
329
479
278
40
118
235
96
461
228
67
491
125
464
209
496
282
383
49
465
220
438
47
109
22
244
450
100
383
360
38
487
219
453
9
377
427
166
88
352
333
358
159
164
500
56
450
196
496
280
444
34
220
136
181
368
122
477
289
148
76
113
194
465
11
305
436
67
407
295
63
340
188
131
411
411
242
343
180
364
411
460
421
79
430
103
122
12
481
54
11
99
188
64
182
171
289
436
458
161
63
31
100
153
280
319
199
385
161
482
183
481
151
189
86
60
236
395
326
6
27
411
162
55
54
101
361
2
366
110
237
421
19
214
411
187
13
276
489
56
255
277
171
488
4
425
247
187
231
56
3
20
156
100
136
108
170
384
116
284
311
93
356
273
372
417
44
51
305
10
419
60
397
195
450
226
499
263
395
158
13
202
482
37
99
78
336
308
1
390
43
481
117
256
112
418
284
256
88
418
255
110
414
48
427
242
133
184
399
33
147
236
9
391
68
430
462
289
237
332
41
105
215
25
139
474
235
73
264
350
163
399
345
266
191
343
422
451
476
214
135
200
223
357
430
427
329
10
394
426
425
455
282
146
338
121
72
169
12
97
27
253
18
28
108
284
247
199
483
442
216
148
426
275
197
376
75
129
180
102
122
142
139
126
98
73
3
162
51
179
329
15
54
458
482
210
110
331
291
16
233
86
65
369
422
498
183
66
473
465
130
182
42
303
83
175
189
466
187
387
217
85
61
164
151
92
400
59
210
63
65
45
14
327
446
413
202
13
70
484
49
120
186
339
141
253
299
164
28
271
187
280
459
213
184
397
407
144
127
20
412
359
82
258
434
60
370
374
400
146
282
186
33
326
124
299
15
281
64
3
166
173
115
242
174
195
84
167
78
282
28
44
310
87
419
76
397
459
134
152
53
475
124
434
421
81
94
2
492
425
209
25
271
115
204
471
7
117
398
254
4
364
139
399
432
418
213
497
223
90
494
445
444
64
52
85
58
417
461
336
201
90
192
459
277
281
102
253
147
489
126
163
322
141
417
249
301
477
75
175
223
237
161
182
80
127
271
19
406
357
374
225
94
295
325
88
342
404
304
397
115
223
26
352
72
169
331
381
145
450
296
393
443
18
436
262
319
387
409
488
206
368
405
229
277
371
393
6
288
154
459
160
42
494
13
445
499
491
332
368
457
138
416
231
398
48
187
404
99
267
442
244
210
86
143
360
427
156
220
356
171
258
486
310
450
360
282
354
125
467
390
10
492
398
304
484
395
233
456
7
68
107
407
472
60
339
489
463
29
79
14
427
83
419
228
345
261
433
241
243
321
400
491
479
380
359
393
289
369
190
495
273
484
412
197
100
343
57
378
168
245
265
455
388
65
125
451
359
177
232
187
84
340
386
230
332
3
321
82
477
195
484
3
134
332
2
235
31
412
327
472
359
451
498
360
184
172
316
100
10
425
160
468
103
403
74
179
143
361
93
444
7
223
55
325
283
248
286
230
186
137
215
374
57
6
311
417
378
361
471
386
304
342
167
232
349
92
284
342
306
365
226
424
147
241
410
304
326
6
248
214
61
69
400
352
244
493
197
185
300
194
222
334
246
391
479
169
382
392
200
366
217
126
155
229
353
137
7
451
300
209
291
364
277
295
481
74
454
262
264
163
105
353
214
357
154
40
465
439
442
126
463
135
297
396
6
52
49
82
486
442
134
103
315
69
419
5
372
193
182
248
285
479
385
464
105
321
222
407
341
347
385
319
432
292
492
419
307
447
464
273
263
352
122
99
157
351
185
371
73
243
106
198
325
500
414
229
234
189
60
451
172
453
64
359
216
301
19
402
19
1
239
93
159
1
23
4
500
288
30
28
44
347
341
50
440
415
209
64
191
425
252
301
81
51
386
472
173
64
229
42
250
39
352
357
318
435
417
306
152
112
431
70
174
365
13
166
379
466
479
395
78
468
261
191
29
20
310
458
473
50
280
141
217
36
88
49
144
474
333
190
286
321
451
92
281
270
278
385
193
403
471
16
284
137
301
284
315
200
344
101
13
107
122
170
87
496
90
227
365
328
76
101
394
191
13
251
80
32
66
283
422
97
144
459
332
74
323
263
343
230
499
101
173
229
388
304
227
482
87
430
301
295
415
412
327
331
129
334
458
355
150
428
336
233
306
335
202
122
252
322
214
244
85
51
246
281
183
66
174
80
61
421
297
114
245
412
462
354
478
397
19
316
93
152
92
152
129
109
28
454
43
78
400
92
185
34
274
429
227
125
215
271
278
256
473
262
246
83
181
322
254
492
385
152
123
84
444
209
27
351
408
291
4
289
14
72
341
52
292
124
356
155
235
268
404
424
468
475
30
34
205
296
300
96
226
88
382
376
239
416
156
268
194
496
395
131
293
166
46
18
24
359
402
471
275
473
317
73
110
5
205
72
196
123
47
167
78
195
342
212
295
295
197
226
418
323
208
302
75
352
434
71
142
143
93
230
64
388
149
406
61
293
358
346
138
140
294
205
344
393
353
81
471
64
268
70
23
239
405
82
207
69
429
403
387
372
420
83
55
89
117
173
440
216
166
350
226
230
395
477
441
47
149
34
295
414
343
61
338
116
171
31
190
130
339
312
480
379
129
309
183
399
263
480
491
189
443
253
36
73
33
33
451
110
223
262
396
172
5
79
471
311
495
217
307
497
298
152
4
206
230
59
139
375
173
227
92
128
341
96
230
255
69
276
474
269
270
184
175
128
232
54
478
351
413
45
177
164
251
204
339
470
233
363
144
489
210
286
5
11
438
466
177
222
124
259
278
263
15
430
431
47
294
70
47
348
292
120
67
249
357
170
397
255
131
225
190
334
12
252
319
398
431
30
343
322
143
292
145
310
482
391
462
130
81
331
339
52
267
301
249
260
449
138
145
405
210
451
178
379
453
384
208
6
26
96
456
314
246
244
440
470
43
106
282
460
53
435
340
219
204
414
279
124
68
103
21
41
208
130
115
356
9
123
478
24
465
30
476
404
138
153
279
464
129
446
475
301
482
439
13
277
49
192
412
425
378
12
470
57
89
366
429
375
459
346
455
362
436
331
163
189
120
424
63
467
346
352
418
496
57
3
227
134
138
29
223
242
48
41
304
25
301
121
411
34
264
14
210
279
119
352
389
124
305
270
160
349
145
265
490
111
454
203
261
357
121
444
229
214
319
239
159
42
167
98
65
268
129
470
231
46
99
76
223
333
495
8
267
172
106
299
338
499
280
479
34
24
68
336
445
161
286
279
256
346
190
171
438
241
259
243
145
326
297
421
234
39
183
1
90
208
180
210
499
139
164
56
484
354
411
155
219
78
321
279
198
458
415
34
85
317
355
280
87
229
408
11
25
332
459
246
182
99
306
383
3
259
400
218
432
403
372
31
437
308
238
207
321
170
311
100
30
223
394
201
39
477
88
305
246
139
318
426
292
371
365
115
102
86
140
440
116
51
190
175
125
103
83
455
228
337
132
233
436
33
220
159
108
254
498
396
372
177
417
58
264
122
187
103
60
483
1
328
197
399
317
336
495
337
231
374
437
358
140
6
301
347
115
217
116
146
337
459
116
162
346
12
198
121
288
293
447
279
235
126
362
289
84
419
2
273
495
98
475
348
188
236
395
176
167
101
142
29
333
488
59
444
277
431
412
311
342
203
456
386
492
201
456
297
31
497
36
421
27
11
119
391
107
272
106
112
197
440
288
49
392
306
1
323
200
355
141
85
107
320
364
100
19
47
20
323
249
283
491
109
209
203
98
7
255
200
245
433
486
483
321
139
453
400
4
185
63
62
184
320
27
373
182
327
240
452
87
311
336
72
180
75
295
70
228
411
93
424
167
384
329
21
71
187
366
85
51
459
212
185
83
377
68
280
14
183
72
356
191
480
30
432
225
452
305
253
139
122
414
325
10
163
219
108
240
126
335
487
476
414
81
53
369
137
226
334
99
212
16
97
94
429
186
37
6
137
56
70
77
186
394
50
332
212
206
487
301
384
123
338
419
401
212
235
402
232
121
222
397
195
339
186
330
139
94
79
419
484
264
396
275
26
313
115
234
188
91
232
76
104
243
30
328
495
303
71
195
96
277
355
120
147
280
476
426
255
249
468
47
258
165
338
274
342
255
20
249
435
261
55
218
100
93
52
393
127
397
460
250
410
423
379
79
13
185
46
258
86
172
365
419
448
166
386
460
444
383
388
38
422
10
471
318
341
203
373
266
133
375
70
259
248
185
24
28
190
252
63
331
78
236
251
117
358
401
179
243
167
76
314
237
389
208
197
400
391
480
311
360
271
114
153
422
291
475
405
470
301
377
233
157
104
194
93
283
122
82
240
416
49
46
414
169
349
103
286
460
247
345
462
277
162
352
343
278
476
495
177
182
379
195
148
372
395
138
209
97
406
363
134
100
242
182
399
124
289
355
349
211
167
342
283
369
254
350
301
490
330
93
436
289
443
56
208
296
254
478
113
185
171
71
459
311
351
347
40
350
454
59
369
441
56
476
109
450
381
146
349
214
233
64
283
172
356
402
363
283
132
97
15
295
361
57
275
272
440
187
200
199
33
263
481
35
250
370
129
292
285
187
415
7
188
351
243
85
483
498
126
374
50
96
267
222
483
429
479
170
228
68
175
78
270
372
280
372
161
265
205
307
470
113
223
164
472
230
467
222
83
430
125
3
133
156
432
28
473
483
298
108
23
389
76
240
115
447
474
32
463
355
337
275
269
456
284
365
443
346
270
104
433
224
71
20
132
269
211
461
84
256
240
251
88
105
126
234
320
14
423
243
425
193
433
72
41
342
312
388
168
426
59
325
359
121
5
233
360
29
108
469
319
206
258
227
117
221
40
149
209
81
219
62
318
394
357
79
396
371
128
187
197
233
294
490
37
36
21
472
49
319
441
449
295
60
85
141
365
129
152
132
399
27
489
303
37
466
202
304
314
252
173
327
483
288
356
247
126
411
193
16
189
470
143
474
345
162
293
49
197
141
177
336
277
472
380
86
378
443
1
370
355
248
427
361
276
490
177
217
205
114
219
435
66
443
229
486
347
136
147
309
455
127
130
21
74
312
299
26
227
325
477
38
59
407
464
42
2
404
273
116
446
259
392
468
180
152
431
138
410
221
283
446
191
328
52
353
173
362
488
113
364
470
65
471
292
289
182
75
296
478
134
360
138
170
130
427
307
121
195
32
391
241
303
491
116
366
484
198
318
333
93
499
92
397
278
346
31
215
252
330
296
405
36
58
387
30
280
136
291
310
275
446
267
160
286
389
75
314
94
479
187
271
268
338
250
77
9
209
431
293
186
330
249
228
193
63
123
139
454
23
370
456
59
45
483
36
329
242
251
1
286
434
464
34
459
272
459
444
410
287
489
344
278
340
498
269
21
26
155
407
300
303
80
121
41
434
81
137
24
390
205
39
435
9
458
57
455
348
211
19
469
404
106
252
209
205
403
99
429
57
158
71
438
333
75
398
20
128
153
319
315
164
12
352
200
119
324
459
160
351
422
313
362
324
320
333
434
184
87
50
26
265
467
54
448
205
96
313
269
75
389
457
106
421
44
359
172
370
435
255
37
441
203
115
482
426
74
155
421
445
110
47
198
81
343
298
47
446
176
235
398
366
245
43
370
61
297
379
151
135
78
365
299
405
397
65
472
344
174
152
493
201
298
66
371
470
155
390
299
138
293
226
447
69
131
445
83
147
48
41
234
419
84
218
286
174
154
136
444
205
216
249
263
303
11
109
160
279
5
325
180
446
284
185
112
396
79
62
137
245
303
252
251
233
307
289
40
98
137
351
20
313
72
295
62
201
312
191
336
208
313
490
65
214
12
400
117
42
389
9
183
379
414
449
354
339
190
245
337
444
208
260
297
167
308
190
265
302
223
296
214
252
442
360
6
337
259
107
8
40
429
209
94
191
154
55
478
272
119
236
458
122
188
405
164
320
314
262
201
95
81
359
417
16
447
226
193
107
208
409
465
496
280
438
437
214
350
80
464
27
445
297
130
450
44
292
403
325
369
66
265
200
173
23
488
275
42
333
85
187
344
305
406
202
205
374
414
119
100
377
349
276
101
118
24
401
303
195
99
216
360
444
177
390
421
167
320
137
247
65
71
419
43
495
460
3
206
128
220
152
237
100
172
350
342
358
9
307
292
67
395
187
467
422
415
196
328
368
174
80
358
151
94
463
354
277
198
402
259
311
235
473
407
338
93
353
117
329
75
327
212
36
147
53
73
288
85
447
414
145
396
289
270
55
218
114
122
302
64
305
234
141
496
262
201
24
83
85
432
294
197
429
64
241
477
441
306
325
224
63
330
126
309
423
133
205
141
5
220
437
125
202
164
457
343
336
81
205
357
407
334
287
53
210
55
298
267
33
202
117
313
163
5
142
479
95
389
411
264
207
176
300
463
66
119
356
434
496
456
149
404
307
300
466
218
269
57
187
478
206
196
461
133
211
374
436
176
359
279
127
363
439
360
413
153
109
65
482
482
140
8
345
11
58
386
91
22
242
434
321
332
54
484
260
1
37
426
199
127
259
467
338
294
142
322
12
474
202
310
354
352
324
255
252
46
355
136
45
23
213
322
57
394
229
397
371
319
412
52
426
155
400
142
331
149
234
28
394
354
319
348
402
357
329
189
4
320
1
469
102
367
237
176
364
452
219
498
141
169
57
416
34
158
91
294
1
141
298
57
359
25
92
444
284
90
194
254
9
326
377
335
167
228
85
144
456
421
30
379
459
466
330
363
348
388
389
90
273
71
310
118
78
430
193
453
408
364
498
149
90
27
260
146
350
488
290
39
104
75
342
172
71
330
25
162
10
131
488
25
133
433
471
90
250
224
305
118
233
39
345
201
67
142
41
105
83
261
435
125
207
439
62
300
7
149
380
279
352
88
291
35
241
247
402
57
384
405
234
478
409
439
106
107
417
207
277
118
3
25
58
220
245
49
232
267
49
69
208
209
446
92
187
470
81
272
335
294
221
22
468
404
251
239
161
360
179
84
350
297
111
254
6
10
423
354
149
464
389
164
116
24
170
308
95
63
250
65
257
13
471
214
367
361
163
74
200
433
193
276
226
46
335
341
19
195
88
368
451
474
78
201
301
183
357
184
334
178
457
292
264
275
156
468
290
362
485
397
187
244
360
208
425
234
360
293
45
430
174
192
473
179
271
199
241
240
461
343
68
387
264
274
199
404
113
146
211
314
428
216
127
83
462
356
74
205
219
9
295
460
467
407
249
8
207
450
288
174
323
169
250
288
320
278
214
212
480
157
175
225
317
205
385
50
97
17
468
26
150
305
59
208
177
385
359
455
209
324
83
237
312
33
19
34
267
357
488
61
399
294
45
297
147
12
330
50
482
496
242
336
256
103
15
388
405
344
216
253
422
186
423
383
10
235
62
462
171
203
390
475
475
193
449
61
439
202
457
224
436
342
229
91
444
278
37
291
124
205
359
209
386
433
441
407
131
281
244
345
109
322
4
453
383
156
28
246
80
435
434
75
182
253
223
122
139
152
66
175
150
426
358
191
131
266
278
417
322
305
253
470
103
301
130
164
488
458
274
187
30
485
217
319
184
490
492
277
359
358
310
137
472
312
150
219
160
135
75
429
371
133
273
51
12
11
82
24
57
87
248
227
53
471
3
238
260
34
312
119
6
58
398
297
150
393
467
118
63
102
422
265
5
213
438
382
339
136
25
195
456
349
66
107
364
454
209
198
377
80
208
434
99
122
342
164
462
240
497
494
192
211
497
286
496
237
273
381
116
200
303
357
181
63
13
289
496
340
20
112
22
364
226
331
76
104
306
285
160
182
131
246
255
346
211
8
233
268
35
90
174
122
176
277
235
46
95
411
300
320
251
136
77
388
310
5
427
451
439
16
402
183
221
77
467
307
333
299
110
390
149
25
85
352
388
230
89
364
171
6
378
20
8
124
339
383
71
207
499
227
101
77
63
91
154
91
133
75
385
365
49
139
437
478
138
345
286
204
321
41
408
232
37
119
462
25
310
336
103
20
480
58
286
299
198
3
34
498
174
334
314
474
377
299
66
468
438
440
320
122
365
402
162
228
177
494
401
56
275
481
250
265
357
60
217
376
12
164
293
495
339
102
463
302
369
174
466
285
157
215
274
197
484
335
241
19
499
378
112
76
348
223
364
457
101
167
120
482
301
252
381
465
38
54
371
29
171
477
21
248
363
143
164
424
309
12
429
224
309
259
138
415
381
187
223
407
106
207
76
402
76
319
336
372
14
298
165
196
433
390
478
472
111
456
30
182
270
466
431
382
152
200
114
289
300
362
378
384
387
104
95
350
390
466
13
340
25
359
162
410
153
274
418
49
167
310
382
131
61
104
238
365
84
26
63
22
239
112
396
395
369
492
341
466
453
259
318
281
168
396
158
229
78
239
204
149
474
9
132
441
487
170
148
291
18
40
323
17
287
365
224
466
39
51
299
288
300
31
33
178
191
394
262
129
155
315
278
227
36
330
177
266
236
13
267
413
162
111
287
225
2
135
138
71
35
225
239
336
288
73
489
55
61
453
145
146
478
318
449
333
252
421
421
353
334
164
80
409
258
139
447
118
78
176
114
445
404
99
212
388
172
56
209
272
92
103
73
92
93
38
228
80
446
265
201
105
277
294
152
425
420
416
384
202
170
278
272
368
8
153
171
218
219
483
301
418
418
249
479
8
210
200
93
22
279
94
415
345
474
391
478
365
220
462
238
121
179
325
154
69
307
339
147
334
386
284
454
7
327
346
410
203
437
488
165
276
187
496
108
396
64
60
13
168
335
251
272
29
13
356
182
206
459
347
231
350
251
27
116
16
366
359
289
2
338
342
349
382
292
62
319
49
357
293
168
362
202
171
221
106
351
55
18
475
446
400
422
424
347
229
24
177
498
160
475
385
325
377
60
459
311
264
104
7
120
262
304
319
5
351
35
252
279
436
379
53
327
333
309
489
156
46
11
284
473
331
196
148
185
94
252
195
35
54
333
39
408
398
28
25
218
334
271
94
141
65
481
497
57
491
155
279
337
246
157
15
53
216
3
252
192
130
132
433
311
437
364
351
31
406
476
86
411
86
10
384
496
156
30
441
437
451
62
202
404
37
78
432
72
450
63
179
9
33
381
163
207
315
168
400
237
410
142
21
151
468
102
133
401
160
71
286
354
24
143
1
337
375
467
457
105
295
66
99
420
41
453
408
306
496
376
160
198
439
154
98
239
214
396
87
405
339
185
201
77
5
296
475
459
56
285
52
60
92
89
206
477
486
384
376
96
242
41
157
370
337
109
455
86
4
389
180
390
92
410
113
452
73
247
107
14
456
184
5
213
31
314
335
24
27
448
491
117
443
87
476
383
351
187
237
388
359
54
402
426
215
93
423
188
312
101
432
129
493
46
354
184
311
177
333
212
365
213
331
253
478
379
255
328
393
245
347
419
447
382
482
96
72
366
69
29
381
330
200
216
310
100
381
294
397
275
150
164
445
303
63
25
108
123
71
103
249
92
262
204
194
144
447
127
206
116
122
487
371
296
340
288
365
441
330
356
243
121
72
416
8
491
373
382
281
46
114
235
215
82
88
316
135
136
442
134
394
10
440
436
312
316
126
192
80
99
189
79
373
72
305
372
340
442
285
412
184
416
163
198
111
296
3
145
113
408
87
484
474
56
376
410
38
58
381
427
76
141
219
249
156
169
296
440
230
215
126
226
196
427
40
301
111
445
58
125
271
84
252
26
159
451
365
320
112
56
90
115
227
492
55
94
112
4
347
346
34
128
206
94
342
251
147
365
180
326
210
22
145
57
461
99
459
144
442
250
11
335
277
61
277
317
14
110
465
51
465
347
170
124
278
213
41
370
129
222
204
289
473
461
296
359
302
318
201
128
274
427
481
157
135
459
395
18
280
420
5
429
171
237
181
294
369
51
451
486
104
414
8
478
129
168
480
135
322
447
52
311
257
333
346
442
475
303
345
131
475
263
456
429
205
478
169
120
264
218
362
210
256
384
338
164
371
66
13
94
257
189
321
374
16
410
366
321
350
285
370
228
460
205
497
94
445
248
63
453
435
317
167
453
88
58
121
138
466
416
449
11
70
243
75
303
3
381
215
10
167
406
313
14
432
55
192
256
454
183
66
302
45
446
226
6
29
176
326
350
135
262
282
413
250
471
360
35
7
287
87
311
93
373
31
381
216
63
254
279
143
384
342
459
400
480
387
485
47
76
195
274
325
97
26
132
159
311
46
174
162
89
257
216
86
88
335
267
388
237
199
322
142
437
52
209
6
240
404
224
326
166
434
16
478
426
122
296
103
351
109
58
182
130
175
359
168
415
256
344
350
309
113
257
38
116
42
263
210
468
292
436
72
204
87
72
221
321
326
437
316
394
327
475
467
107
422
415
74
267
7
394
149
22
82
86
81
380
411
370
23
106
230
71
443
489
375
69
266
141
50
66
32
225
473
323
444
258
75
157
412
197
250
82
479
228
14
465
36
294
195
425
255
281
228
8
353
383
496
103
260
114
96
32
350
302
24
435
385
2
470
418
222
455
182
404
38
484
422
374
131
21
330
125
331
21
259
240
426
278
291
181
401
464
166
119
434
485
81
333
49
129
468
148
146
187
385
71
349
63
119
467
133
315
389
407
312
366
487
1
344
295
363
109
453
259
186
91
246
175
370
47
118
245
79
440
306
81
216
106
245
96
101
399
287
228
335
93
20
11
342
393
495
25
307
39
208
307
434
247
82
24
193
360
186
37
329
141
200
204
306
5
88
384
114
494
455
5
372
294
253
317
317
206
303
137
146
465
16
183
43
116
324
60
221
335
77
370
36
467
25
183
245
437
438
464
252
299
32
233
424
412
169
137
11
55
487
423
172
29
220
433
450
263
212
413
216
392
493
365
113
342
4
13
24
418
151
129
131
370
247
364
345
454
418
148
424
419
315
341
290
288
438
480
37
81
246
359
439
2
210
209
167
90
63
288
403
130
496
64
282
46
323
162
456
142
468
325
426
201
471
118
49
293
295
316
334
464
353
142
479
257
182
145
65
76
19
408
358
364
406
488
40
450
257
138
186
337
254
163
459
280
399
419
90
75
496
367
441
364
215
395
387
413
479
125
272
491
321
420
251
269
129
487
251
55
321
128
166
387
5
46
440
404
487
446
30
432
75
440
236
366
385
55
66
490
107
473
184
182
476
411
261
344
468
270
199
144
51
101
115
120
331
273
385
449
299
243
421
373
21
426
331
225
165
316
498
21
112
372
28
429
173
349
177
226
468
141
184
325
47
82
378
346
402
488
255
482
307
19
161
63
8
379
341
391
240
414
223
23
64
155
157
231
214
436
168
140
200
175
440
493
1
444
249
497
65
228
313
103
114
7
82
321
8
155
477
387
356
86
491
95
276
428
3
274
468
44
391
105
372
486
169
63
399
141
263
361
242
363
99
62
288
243
175
135
368
473
171
333
36
25
5
333
171
109
412
324
402
408
153
148
215
100
143
493
144
390
340
151
47
323
269
277
110
35
385
341
461
206
418
207
5
302
212
314
38
247
500
270
53
54
309
375
459
397
441
269
435
437
232
471
124
278
165
364
498
467
7
272
54
81
86
392
449
191
296
383
204
113
4
317
58
425
243
163
114
494
476
388
311
372
81
294
115
117
278
229
490
471
378
99
130
389
197
156
193
134
183
339
369
94
263
259
223
310
498
73
492
314
38
320
377
448
149
482
67
212
295
205
328
367
98
99
138
139
362
460
230
487
143
124
474
65
272
300
32
57
181
167
284
439
124
446
229
312
346
330
259
244
92
309
109
107
439
292
41
438
345
308
56
462
449
70
341
397
344
305
441
270
308
138
86
366
137
406
375
254
266
293
439
158
492
125
430
375
69
344
94
463
383
477
254
442
141
92
31
439
314
314
248
239
54
456
8
155
252
435
497
99
476
363
269
292
264
158
100
445
220
321
246
164
366
55
359
8
105
418
33
470
496
485
422
129
267
230
66
409
425
384
308
275
209
327
87
414
259
439
140
17
477
245
290
196
52
344
455
78
230
5
410
336
166
256
441
388
436
158
322
158
298
43
102
159
442
215
68
370
180
240
331
487
109
322
497
310
233
165
184
235
475
452
294
310
236
383
455
64
141
257
195
392
476
374
49
300
52
312
7
453
359
162
50
1
453
50
66
315
298
140
318
166
454
445
302
95
252
376
249
44
284
445
164
280
486
200
202
156
100
337
112
273
81
201
11
248
449
233
346
376
395
494
232
352
377
85
269
64
402
201
297
97
186
292
178
181
150
384
254
441
318
330
251
451
283
348
159
198
273
145
224
390
68
444
487
447
16
377
317
458
110
133
147
413
269
488
175
141
297
11
137
32
460
465
267
341
99
473
14
127
343
359
139
402
241
448
44
169
204
369
145
472
74
248
294
238
348
171
247
347
170
126
237
389
73
228
453
97
94
123
240
129
92
149
401
379
473
431
225
421
150
4
283
425
60
138
217
249
344
120
248
66
419
229
294
202
256
343
486
102
406
308
429
245
161
326
236
261
6
364
298
50
151
217
335
359
446
199
115
417
301
278
243
456
217
94
57
49
233
442
410
30
449
8
438
273
221
52
98
436
260
63
203
174
335
275
132
481
291
342
124
117
351
117
120
30
199
252
220
170
183
10
360
115
396
300
414
107
354
401
73
287
62
35
453
2
409
283
200
303
388
297
282
428
35
418
337
199
137
59
259
289
229
327
10
82
351
475
158
356
133
196
78
329
462
245
146
246
24
334
254
352
80
5
172
63
437
376
426
463
250
111
338
223
198
410
339
213
303
156
226
180
350
448
93
168
81
135
59
227
158
100
340
445
15
140
322
277
276
54
318
213
65
444
375
491
52
226
452
126
472
436
489
208
109
371
60
55
142
472
291
435
235
324
351
431
491
372
109
473
108
175
92
272
417
249
212
224
263
264
130
68
291
120
58
38
110
497
349
370
21
450
209
499
250
411
304
154
468
167
342
12
282
473
303
439
143
485
370
322
442
463
423
204
130
161
78
71
91
472
336
215
19
420
157
35
8
15
364
469
12
119
314
230
25
302
392
78
100
274
299
489
366
10
306
486
27
215
432
224
174
173
130
141
254
268
388
246
245
312
130
492
453
40
64
387
454
166
98
350
439
415
380
65
252
271
257
241
406
499
442
227
456
437
103
83
196
418
435
339
128
180
154
115
179
37
488
148
427
434
495
420
368
460
233
325
429
215
234
82
425
438
485
74
23
207
346
477
37
462
29
289
154
28
201
417
52
171
410
305
484
419
291
433
146
329
54
352
251
486
109
27
269
367
66
406
22
390
136
22
276
248
353
133
488
415
370
59
347
366
244
255
10
88
183
481
87
250
373
139
23
350
282
371
224
60
422
153
331
232
230
35
446
246
16
364
384
50
276
247
422
306
363
67
391
269
4
369
80
6
210
122
273
165
153
493
147
246
313
197
446
192
212
344
242
23
73
489
220
146
47
476
474
223
160
10
349
7
431
349
372
108
313
398
348
25
4
461
377
408
57
468
325
251
102
108
382
62
258
157
386
432
404
183
458
350
301
319
417
51
321
80
310
170
90
73
199
264
450
193
110
262
476
299
292
169
110
303
128
25
225
29
345
317
220
334
91
437
286
291
335
291
488
418
254
131
55
344
91
34
32
243
313
416
149
322
28
435
488
299
241
142
337
494
363
242
167
13
143
495
284
61
231
392
497
450
485
445
134
62
233
397
84
338
250
184
205
359
464
82
36
424
498
143
399
412
228
360
425
50
433
411
409
141
84
57
493
244
369
266
387
30
317
183
158
258
42
10
200
224
456
119
337
358
473
322
428
17
478
352
132
380
78
50
261
215
89
272
72
329
175
226
118
302
107
55
128
343
5
105
113
321
144
33
273
262
456
295
155
68
325
288
188
418
339
415
373
67
288
451
179
37
459
257
173
8
11
306
106
419
5
145
312
423
173
54
79
437
396
329
390
83
2
324
343
82
490
20
398
400
401
217
151
172
214
57
88
430
197
229
42
462
101
328
195
39
95
366
338
156
484
162
379
362
243
308
4
366
290
172
233
149
132
332
175
421
157
108
77
366
329
485
456
98
158
304
150
193
255
485
247
237
250
361
105
196
371
230
254
45
420
265
206
469
334
416
430
428
441
155
455
468
171
67
495
221
95
167
490
312
364
400
476
262
318
82
96
358
227
324
495
301
254
95
109
309
427
19
133
113
228
79
370
355
418
481
430
194
256
299
278
479
5
150
361
129
233
455
468
162
218
413
310
279
69
38
195
477
32
396
359
8
415
299
305
442
392
187
220
125
84
64
34
342
11
191
436
105
319
442
357
68
298
133
31
349
472
220
130
318
208
288
17
69
333
141
281
322
248
461
430
454
411
4
218
426
310
407
424
177
101
332
352
17
136
38
86
260
430
294
193
144
188
465
24
444
397
339
286
255
191
190
207
482
324
450
190
495
43
264
488
247
463
427
477
388
38
378
254
163
294
70
257
219
172
185
56
88
75
17
177
248
169
110
473
353
406
414
272
241
123
256
268
473
75
357
429
412
460
381
210
361
216
218
382
384
397
456
263
139
26
195
332
127
76
33
187
247
287
350
195
28
31
98
68
87
239
426
461
312
114
466
487
465
183
8
483
187
121
403
111
105
11
423
158
423
376
11
140
400
375
313
461
451
252
359
193
239
170
399
286
359
293
486
142
177
307
155
4
151
442
131
95
38
500
79
81
258
226
82
279
338
133
409
289
344
93
82
52
286
166
383
496
301
53
478
279
450
133
187
134
162
328
261
437
439
167
367
240
389
407
402
229
446
241
424
9
104
118
490
122
289
150
193
425
481
460
50
149
133
355
344
167
500
375
159
42
143
258
198
321
420
458
427
455
12
9
190
102
387
334
127
48
412
249
443
357
381
161
161
284
446
125
383
157
158
337
276
203
488
188
293
293
233
324
84
49
168
194
65
226
47
400
221
10
2
267
388
185
195
436
138
241
163
189
238
386
358
101
327
437
128
204
250
235
204
289
454
111
239
334
122
109
53
183
160
261
351
201
435
82
243
251
48
21
53
314
11
254
341
406
179
393
284
357
319
130
383
59
5
435
250
407
214
267
42
488
189
290
150
283
142
152
486
202
317
125
273
442
333
372
432
499
200
376
389
67
105
113
49
259
304
448
78
14
142
380
26
34
101
393
266
302
343
255
214
365
280
109
439
211
160
392
23
363
20
497
316
240
11
285
415
294
159
326
47
304
289
446
338
17
10
26
329
278
344
255
204
71
46
497
478
469
156
456
318
7
202
479
251
116
262
356
62
66
298
399
156
314
277
120
463
23
102
247
295
389
390
188
381
348
141
173
258
45
280
29
170
399
356
318
13
108
178
304
126
100
207
428
125
51
104
259
135
407
411
64
148
335
147
355
347
250
137
329
331
369
17
292
326
307
345
475
145
383
438
321
245
169
118
126
230
479
438
158
350
238
76
99
386
427
21
51
227
70
495
373
180
355
100
425
52
328
375
343
119
129
483
97
413
347
308
296
82
416
487
234
264
190
465
53
449
402
297
12
365
338
190
103
338
127
466
311
328
332
475
365
298
2
186
44
233
436
282
43
453
487
140
5
453
48
98
133
106
140
201
68
131
31
4
16
183
25
261
303
377
272
337
354
191
418
92
197
384
253
499
146
40
325
286
176
288
163
223
500
379
375
350
451
92
140
101
205
287
193
171
314
59
247
491
405
209
288
6
456
244
81
134
241
176
134
49
175
126
383
401
295
202
70
138
367
224
341
436
299
116
185
115
153
109
229
48
305
128
257
393
263
383
260
382
193
488
231
445
328
312
102
118
174
223
291
384
238
437
79
168
246
208
475
492
167
484
267
446
247
395
289
428
199
19
343
90
47
240
200
348
305
343
244
255
299
141
286
237
108
406
386
328
400
109
207
155
243
368
9
344
366
311
46
185
186
221
450
217
142
441
155
328
10
283
130
41
396
67
94
469
406
381
15
20
253
27
6
370
209
47
151
119
222
57
488
64
275
104
224
88
61
46
393
41
448
438
22
431
496
322
180
101
304
112
498
276
140
15
248
461
445
500
497
55
362
270
286
14
187
148
329
130
134
360
239
112
275
2
176
440
462
273
413
126
490
266
143
186
3
25
35
152
61
415
445
264
153
104
373
213
87
101
217
326
152
339
46
377
242
1
171
153
480
470
201
184
396
479
356
369
343
331
317
49
367
163
18
315
330
291
340
129
173
452
181
204
306
107
355
325
376
93
440
391
248
22
17
423
488
329
105
215
91
416
473
60
232
102
245
405
42
35
479
335
211
66
282
384
208
132
181
439
201
52
120
329
217
149
125
379
53
166
168
457
419
308
369
321
38
280
354
118
160
422
376
337
268
128
27
420
115
229
289
194
194
72
178
282
140
230
181
244
452
7
101
91
243
70
201
239
360
185
490
231
254
252
368
124
203
13
262
352
79
478
134
436
49
54
287
9
119
453
206
328
228
411
494
314
329
111
427
20
244
363
7
114
489
97
109
43
430
371
373
70
439
206
251
152
301
100
240
476
298
285
137
169
351
273
229
442
82
63
352
38
88
57
403
50
302
226
53
17
210
301
412
303
240
470
442
113
121
324
65
406
468
139
165
274
7
103
151
176
233
123
140
446
239
413
62
235
42
91
26
335
119
442
249
278
376
25
427
92
70
328
468
183
373
147
447
358
454
187
89
441
11
216
157
214
375
340
479
411
268
426
363
158
340
404
431
196
400
369
129
426
413
140
21
255
465
427
342
272
439
317
419
17
413
266
117
280
404
357
261
94
324
477
109
48
284
290
80
310
115
176
144
189
300
141
482
124
161
441
438
281
59
408
258
286
190
344
321
462
498
358
388
295
450
452
28
338
289
109
117
373
145
418
313
201
275
87
37
377
11
315
93
253
90
407
288
153
433
153
152
359
100
217
61
477
137
60
372
400
194
59
317
217
113
245
395
214
150
55
22
240
348
318
345
157
132
241
475
308
449
452
37
103
155
281
431
262
115
496
189
198
111
189
346
86
183
359
402
45
264
150
20
405
159
25
38
26
332
153
237
50
343
339
376
389
493
498
309
83
424
53
19
65
220
316
289
48
26
261
300
59
378
111
371
13
250
160
53
230
433
382
321
23
286
10
289
114
275
491
309
167
149
280
102
33
23
193
493
280
481
456
151
442
218
441
355
288
384
271
139
366
114
149
69
444
302
399
356
212
87
100
56
498
404
329
396
470
11
112
36
396
471
491
150
69
299
168
407
18
18
127
17
203
420
473
451
336
286
190
168
238
186
324
238
217
373
7
115
240
440
305
313
352
332
89
37
385
99
16
213
424
139
53
372
336
90
224
396
195
142
322
230
363
1
44
206
210
329
469
225
265
332
209
444
292
133
500
416
159
10
419
290
437
4
177
453
231
227
305
171
476
100
337
479
303
70
123
464
448
457
190
63
432
193
198
380
487
175
340
410
470
466
352
42
445
284
456
19
432
166
287
275
435
172
398
321
130
18
395
150
217
386
470
227
120
271
142
91
91
158
220
15
351
125
210
323
379
285
332
166
485
464
264
227
40
496
407
127
61
433
56
367
148
485
312
95
360
476
135
298
126
323
43
327
325
247
215
383
391
90
453
469
343
410
234
150
457
64
487
14
95
39
238
383
229
497
156
241
492
480
38
48
345
418
350
115
25
346
137
499
164
161
23
280
339
309
406
46
352
161
207
491
496
335
365
414
150
390
463
460
454
58
154
212
366
473
2
488
270
246
64
126
99
295
274
324
399
416
178
115
406
184
136
255
7
359
487
132
499
404
422
402
498
72
337
369
7
273
90
486
435
31
284
454
288
147
257
479
61
126
106
76
138
378
39
82
146
494
65
495
56
453
441
363
194
456
51
277
258
453
50
90
188
89
327
375
489
86
320
122
295
346
411
261
76
173
124
285
482
345
49
54
341
53
205
441
81
359
294
277
121
350
176
106
409
48
361
216
6
440
339
344
386
247
16
446
52
219
76
33
148
424
17
182
312
146
344
477
105
368
254
440
405
232
66
340
215
271
142
152
199
199
280
126
134
288
403
169
378
284
251
32
180
141
151
112
341
450
163
397
284
44
415
374
119
395
178
244
495
211
62
194
68
82
241
261
57
193
468
464
356
182
357
355
206
130
12
234
430
275
488
92
464
405
355
187
258
120
12
324
269
182
284
61
437
109
47
327
7
297
415
483
324
184
240
33
3
260
193
267
47
112
406
14
305
232
481
293
255
408
233
2
423
492
414
313
300
139
390
348
205
18
104
42
347
381
154
17
408
62
209
265
406
272
153
342
164
123
145
462
150
73
212
88
15
106
289
398
48
114
496
481
405
91
499
153
169
77
217
412
493
195
455
492
378
16
299
238
179
469
79
303
398
123
150
424
130
463
236
337
384
150
217
465
420
180
210
479
274
334
310
334
393
278
394
281
169
38
437
119
152
376
90
113
206
2
429
446
497
427
458
117
183
449
181
291
344
309
298
262
285
279
293
316
228
8
142
339
445
443
97
425
217
269
461
437
371
16
120
100
445
398
350
305
394
139
60
183
480
359
91
62
75
205
132
408
430
132
462
390
355
197
353
125
299
396
336
173
450
137
454
79
401
404
192
416
51
147
452
103
419
384
336
418
192
463
171
131
229
139
277
290
130
32
297
385
129
141
182
322
342
240
62
444
470
316
354
377
24
94
312
23
422
191
244
202
315
426
451
148
181
51
253
278
41
376
385
262
384
323
457
495
417
347
440
317
87
271
282
454
64
297
430
25
57
239
275
135
160
45
174
365
390
23
156
415
252
328
363
418
184
265
269
79
436
333
220
150
58
125
179
56
364
51
29
383
477
30
151
119
469
93
206
164
45
349
185
114
349
340
110
73
116
214
2
42
268
346
208
29
11
185
19
361
190
186
20
151
158
240
474
492
238
419
95
467
409
144
480
88
473
341
367
99
405
204
112
474
314
329
219
28
497
460
464
409
64
309
47
153
468
374
403
367
77
476
229
335
311
68
434
124
322
397
253
182
80
109
153
339
95
181
360
499
484
253
135
417
136
112
18
201
365
82
462
405
69
122
339
493
251
71
164
178
69
253
477
383
3
206
81
197
101
54
447
434
75
391
151
88
27
430
300
410
332
220
293
336
430
233
110
316
357
81
470
251
58
259
457
193
10
95
424
43
241
156
79
138
46
83
138
168
393
409
313
403
146
356
298
445
371
243
332
267
101
185
405
151
359
22
416
27
156
339
195
445
148
452
86
213
375
397
120
154
53
104
240
364
260
140
429
421
418
456
335
299
470
221
183
356
240
68
465
145
237
150
314
10
228
416
168
59
155
169
125
121
269
353
299
197
91
62
217
298
320
494
466
7
150
43
211
117
319
354
423
59
267
132
488
253
358
490
164
242
460
135
182
244
227
312
149
157
55
187
268
329
434
266
444
108
475
289
366
58
49
187
78
268
461
93
353
254
12
422
320
406
2
309
13
70
436
190
43
123
481
195
397
141
461
416
73
419
469
41
297
280
139
384
324
164
92
458
450
214
143
428
316
397
57
447
171
229
166
83
207
222
46
31
2
287
436
472
390
261
248
361
396
304
312
142
315
349
352
441
157
138
51
493
479
286
390
117
297
132
78
193
451
77
7
460
10
298
49
136
195
290
148
211
224
389
404
48
496
122
400
183
313
6
57
319
475
255
422
421
26
204
316
257
331
293
346
382
249
479
139
212
435
14
28
403
45
189
355
459
305
240
77
370
486
261
470
436
174
134
448
238
236
500
24
264
108
98
32
8
375
427
199
42
111
273
363
451
384
227
166
74
103
108
20
196
213
266
141
474
338
445
326
83
389
49
41
489
284
159
486
125
347
377
374
158
431
24
38
361
304
338
230
126
302
34
271
166
205
472
367
60
157
494
29
242
400
314
187
28
52
304
434
162
16
4
420
332
328
149
442
345
373
84
408
7
445
436
183
494
57
190
465
183
336
461
78
304
451
204
387
116
58
243
479
26
169
54
23
490
445
203
290
118
222
447
322
156
135
421
46
135
478
167
355
335
151
314
324
180
465
166
394
426
284
90
284
229
24
390
89
500
26
364
103
248
114
441
81
149
62
85
377
343
456
270
53
284
327
128
108
255
446
3
227
288
393
375
199
285
480
401
337
346
308
464
118
316
366
75
458
414
101
474
403
291
150
236
347
184
90
416
367
203
203
243
344
126
49
500
151
478
342
121
170
285
216
2
4
451
124
49
63
362
199
234
62
440
99
392
112
29
323
47
67
276
422
330
201
148
351
142
351
161
370
481
171
102
306
203
145
213
438
185
69
403
21
327
75
219
458
266
177
302
219
373
91
2
350
40
248
70
45
488
54
486
276
492
250
288
449
482
122
61
468
246
134
238
297
439
450
118
25
350
328
10
192
174
398
1
435
184
68
467
305
316
417
417
397
130
8
56
119
85
117
366
10
250
180
435
35
286
394
385
441
302
296
492
211
384
478
467
372
195
142
350
491
177
408
325
459
27
18
220
426
343
216
167
185
160
335
279
50
172
259
399
214
274
264
277
383
173
202
422
152
226
245
133
403
296
223
335
35
249
47
37
492
255
45
264
230
190
118
439
231
263
347
372
225
195
440
82
454
27
122
361
457
88
402
383
283
447
329
183
46
419
453
114
207
86
293
185
234
457
58
36
208
240
200
92
107
182
46
346
191
490
252
415
38
429
305
213
393
255
397
246
261
469
105
15
213
224
437
351
297
389
427
135
211
7
482
447
483
279
248
39
355
11
63
125
149
369
14
276
266
454
209
44
277
290
92
140
56
206
268
310
272
30
64
273
304
4
85
334
19
406
230
47
45
202
374
498
277
362
213
53
160
355
478
396
130
440
409
81
42
485
355
221
315
283
4
483
400
24
499
275
298
214
475
272
306
348
255
243
134
53
244
80
365
494
62
194
266
42
277
267
400
418
313
69
429
229
41
481
142
467
417
91
345
280
75
432
51
484
259
499
294
165
210
293
241
429
142
142
440
38
155
80
195
415
56
134
422
180
338
371
103
284
326
240
160
13
167
434
123
57
451
421
384
35
235
71
99
394
445
360
219
321
124
178
26
393
380
254
375
4
457
417
32
23
405
494
96
454
80
145
93
462
63
169
34
184
276
189
396
134
241
165
62
304
220
458
47
368
3
429
448
392
4
462
149
374
254
63
189
258
379
241
478
60
76
80
337
424
143
122
193
262
450
170
137
123
448
29
300
139
141
340
474
475
329
112
425
449
359
295
173
155
214
447
393
415
13
41
119
232
457
458
286
419
165
3
59
14
98
75
4
372
289
105
330
107
246
20
174
120
438
463
247
308
407
127
28
452
26
319
227
212
224
157
426
173
457
461
384
389
6
443
241
235
48
405
52
214
255
248
7
39
206
255
271
498
260
331
57
59
433
304
459
180
199
416
84
156
432
438
115
447
125
375
359
14
456
370
126
142
360
232
216
160
345
112
148
368
452
139
145
409
418
394
155
30
171
329
455
219
345
139
313
478
19
221
434
158
353
283
312
420
294
401
249
226
408
384
47
171
113
131
240
485
90
351
115
452
388
88
490
115
64
476
340
125
326
439
438
227
487
20
224
309
128
168
19
205
412
449
403
157
489
412
219
177
171
225
408
196
231
351
100
76
414
460
437
388
9
221
187
266
393
306
484
288
36
464
257
34
330
417
118
300
209
275
136
46
478
120
114
242
92
421
380
55
425
449
59
82
482
371
140
130
292
385
320
478
293
425
484
109
327
342
403
31
410
265
67
416
8
227
300
2
290
329
30
80
257
337
316
232
171
252
231
252
129
363
66
69
489
131
316
297
62
244
287
10
24
51
311
140
358
206
109
364
354
100
85
116
198
119
202
22
451
335
15
287
128
116
85
5
19
482
219
330
469
75
382
218
290
493
95
298
46
157
177
52
440
279
251
181
401
56
467
305
210
91
12
35
158
189
357
356
460
60
305
136
7
115
442
487
78
151
215
322
238
321
341
229
488
464
257
377
109
335
301
34
193
461
482
285
29
102
390
379
228
493
106
460
458
483
309
481
370
221
180
85
428
82
258
288
489
233
122
26
420
390
133
146
471
99
482
109
5
387
219
52
129
204
137
3
97
305
200
499
86
433
108
416
343
377
64
192
428
172
333
374
161
55
444
137
137
153
109
301
125
400
425
152
109
219
10
7
403
38
34
157
26
247
126
419
322
472
359
438
460
92
440
495
166
432
360
453
335
94
398
217
40
435
192
80
448
238
239
390
206
446
17
466
9
131
231
350
292
123
131
374
277
206
433
10
308
407
167
446
227
8
344
383
11
48
218
114
464
185
455
320
398
217
251
154
253
196
451
229
36
110
307
7
464
281
394
402
316
490
21
314
226
173
177
453
293
320
378
10
204
424
336
495
129
36
379
103
106
195
462
83
43
470
224
159
120
461
10
102
91
192
338
19
263
394
497
158
218
330
44
145
254
109
436
126
441
377
287
301
377
210
412
14
278
87
79
287
424
279
386
157
427
362
283
397
70
123
24
276
402
350
330
259
382
379
188
148
455
12
215
361
229
473
323
178
11
473
179
494
352
309
402
173
457
132
283
365
464
262
150
272
202
255
115
416
174
81
390
160
137
494
140
109
316
436
56
414
473
318
223
301
220
373
139
341
408
229
284
11
349
85
358
406
389
409
36
143
408
28
131
251
162
133
217
315
452
451
216
377
94
489
292
310
487
337
90
475
44
449
362
66
450
396
498
225
464
109
134
288
476
11
226
112
112
399
70
389
191
311
302
305
271
227
375
348
76
111
406
385
302
276
267
224
441
205
384
453
81
387
366
455
363
496
72
190
61
360
416
113
479
489
68
164
426
96
47
55
72
71
5
378
253
179
272
321
87
266
211
343
383
321
297
34
73
329
82
201
165
489
25
19
133
131
466
389
295
151
240
276
424
342
107
338
285
376
216
233
163
195
27
198
203
41
403
261
43
337
402
287
495
252
378
166
53
454
335
25
304
245
124
156
396
445
239
248
44
189
442
172
101
3
345
31
123
185
493
448
478
68
86
227
279
65
24
255
25
379
350
457
463
125
309
192
103
199
275
440
6
426
324
460
393
150
492
25
380
280
311
298
95
137
395
130
12
8
442
419
147
375
244
311
478
362
421
276
312
222
494
35
21
449
189
366
25
87
464
485
268
243
428
214
487
347
462
247
168
42
500
2
160
17
485
478
283
453
49
213
369
302
465
445
73
20
271
60
140
278
223
386
28
48
369
347
119
17
2
132
111
23
272
319
456
329
318
58
32
297
277
282
22
148
278
361
6
223
496
1
126
19
66
415
372
286
215
158
76
256
190
375
358
137
5
260
289
57
452
482
385
456
25
198
166
69
33
492
313
149
440
365
11
82
251
172
494
409
19
375
21
391
356
448
358
348
471
474
208
173
404
388
376
497
87
275
69
435
131
64
215
460
346
238
168
413
150
122
57
257
425
319
192
193
272
500
205
79
63
484
245
299
160
343
262
363
23
83
69
76
151
240
63
435
362
9
422
311
443
94
253
401
234
370
119
316
80
60
254
287
263
165
357
488
80
488
403
296
114
268
13
127
266
102
327
83
19
378
142
192
420
268
232
444
122
285
79
377
181
449
318
337
157
457
391
377
65
118
64
66
217
62
378
161
397
13
316
197
7
163
137
177
59
264
63
439
79
232
173
94
171
342
106
102
470
415
266
313
358
396
266
164
203
88
117
369
338
466
359
265
87
174
1
384
345
164
341
355
101
301
86
39
174
280
405
163
266
256
230
152
282
462
343
387
302
36
22
162
42
314
201
310
367
414
364
275
337
375
243
287
182
206
15
423
399
167
26
321
476
81
106
144
316
132
231
463
285
289
250
497
116
280
285
307
489
321
497
298
186
338
27
19
348
500
123
150
348
117
432
457
239
133
15
396
59
108
22
137
74
274
143
398
15
97
487
359
323
231
271
387
280
475
360
38
379
255
413
215
361
307
335
446
361
382
457
463
443
292
203
31
420
253
88
317
55
252
434
96
443
353
279
346
140
154
443
228
365
115
167
52
209
117
156
430
168
221
436
187
8
13
49
56
37
322
108
421
349
392
31
133
25
189
380
224
428
434
123
289
395
121
393
323
182
430
349
312
293
11
132
299
313
124
29
285
47
297
79
82
227
132
397
48
466
42
459
216
14
185
336
433
117
19
372
74
117
396
432
70
265
41
115
319
140
241
237
212
43
101
291
8
177
258
489
390
461
500
60
453
195
224
158
191
271
165
23
66
44
426
311
466
389
119
267
355
96
280
124
160
212
116
353
319
22
167
435
231
126
385
265
336
184
135
176
154
415
457
408
184
243
358
227
23
13
70
404
230
172
279
388
304
116
428
102
46
209
248
93
481
229
256
191
279
211
283
36
22
86
177
12
14
129
116
121
443
400
354
198
350
152
405
182
282
354
176
45
445
197
362
294
293
172
150
152
268
345
102
91
8
7
274
459
291
238
221
197
445
94
181
87
381
378
240
108
369
256
79
319
191
453
293
432
343
351
280
2
444
425
150
22
466
302
306
148
493
392
368
343
296
2
360
416
85
271
44
368
37
97
421
382
55
184
308
342
462
340
4
313
132
96
57
44
115
309
341
94
17
355
437
67
63
20
432
224
425
191
467
401
118
88
398
435
328
398
331
261
240
417
368
109
304
294
289
384
315
406
401
49
34
370
237
147
407
409
273
395
207
419
380
246
492
45
451
424
171
402
370
337
103
324
371
235
463
113
358
483
292
410
209
341
101
38
495
175
467
172
395
372
112
328
143
178
473
305
352
489
149
197
463
53
232
438
253
242
246
476
137
339
392
302
327
228
164
4
99
212
21
96
183
301
360
74
101
82
164
284
299
254
412
478
5
157
185
401
15
21
83
321
319
163
216
449
371
326
293
45
453
171
144
384
328
382
250
76
354
97
490
491
64
304
400
6
403
412
269
184
401
142
330
255
303
237
43
142
411
80
57
120
67
206
317
208
343
291
95
129
437
488
1
245
472
268
152
417
418
403
15
209
441
458
199
286
213
462
250
272
76
458
28
141
137
420
339
446
472
469
343
54
105
491
185
408
240
96
132
167
212
73
312
134
18
447
381
112
401
27
108
433
467
407
463
409
368
256
141
327
404
72
314
180
164
251
423
288
327
202
479
316
348
354
390
457
184
318
343
17
187
71
459
7
46
376
315
199
276
379
36
94
208
44
324
442
274
98
96
330
309
39
302
8
355
454
242
340
4
310
280
315
199
337
108
260
142
336
68
411
146
290
223
153
31
178
321
110
164
90
71
343
31
243
376
308
440
484
351
35
394
450
97
479
399
447
50
464
147
121
418
74
435
141
36
226
417
93
239
499
149
233
214
347
43
183
257
39
68
438
130
140
185
497
343
495
98
39
321
261
94
118
78
69
271
213
17
44
4
236
126
450
436
195
156
138
1
429
71
323
71
54
289
156
284
145
396
481
446
404
230
147
394
463
88
293
479
17
497
309
146
310
14
12
123
351
472
114
122
498
495
7
11
417
439
97
489
368
445
74
394
119
374
49
156
478
150
126
465
67
274
23
297
17
149
402
485
303
9
464
362
113
483
401
386
60
423
441
47
91
156
245
123
465
64
442
145
399
255
7
394
233
355
371
445
240
498
329
422
330
120
146
69
454
443
25
88
30
206
279
54
189
367
39
9
58
207
325
167
123
336
379
268
248
335
115
263
315
280
379
479
273
196
14
54
5
242
181
136
327
210
245
335
248
77
364
199
424
429
214
141
349
399
337
470
445
424
435
387
334
377
420
346
1
357
242
474
410
27
354
14
290
115
96
149
403
492
496
147
50
344
189
444
157
34
113
413
486
28
381
76
365
233
209
441
166
214
77
196
376
485
51
62
130
234
391
396
325
444
166
136
275
86
18
296
112
96
207
189
228
302
209
480
30
38
122
233
379
99
95
452
110
202
402
445
94
271
416
143
170
63
465
387
30
328
322
481
116
283
262
234
40
319
75
150
94
34
497
491
121
260
68
399
219
320
299
111
239
14
144
158
478
262
262
284
455
276
369
408
120
438
159
51
6
64
377
49
301
389
244
79
142
114
272
101
83
280
483
101
348
125
245
369
367
176
6
177
405
192
135
1
396
325
320
220
167
149
279
225
43
200
357
269
195
136
341
349
252
185
75
11
159
412
446
184
158
305
68
427
135
474
328
284
422
274
72
425
182
465
339
308
103
329
115
426
357
98
255
250
461
188
55
264
351
46
55
121
234
211
444
491
430
164
231
76
47
471
485
345
48
479
227
227
18
120
242
22
391
392
480
106
52
289
25
284
235
342
153
438
419
272
373
144
267
440
169
465
321
374
376
468
332
159
379
147
116
199
167
188
110
396
486
72
119
51
356
366
127
38
278
458
243
114
223
352
143
16
117
39
242
453
4
399
417
363
308
284
286
327
298
94
143
49
193
230
158
300
244
102
163
281
223
203
394
319
462
222
367
23
483
454
429
302
273
51
384
104
194
431
377
79
293
189
258
21
422
189
257
40
55
189
173
114
288
199
262
18
281
198
25
229
10
45
495
119
13
370
294
278
480
467
18
114
224
380
254
124
401
496
55
139
379
268
350
57
341
289
164
359
487
16
417
388
335
164
181
397
23
196
11
200
122
158
485
140
75
21
345
466
299
212
320
458
40
134
171
158
125
473
20
273
183
347
488
500
117
159
215
458
44
187
279
199
143
456
10
370
448
252
52
29
83
420
426
27
117
105
447
229
50
372
468
27
306
456
346
318
262
245
78
176
38
236
365
240
122
469
301
16
199
184
442
416
447
432
11
395
433
416
246
179
64
467
391
167
58
261
120
31
485
248
302
209
313
23
37
243
298
311
381
499
220
433
274
374
285
89
87
169
317
39
431
254
345
207
104
300
341
10
366
471
202
182
73
167
91
76
194
439
451
372
144
106
152
278
404
244
81
421
189
2
188
321
228
147
11
100
147
72
220
247
465
104
95
329
462
85
265
82
297
370
275
363
133
493
272
443
452
305
40
242
124
265
460
280
464
33
456
230
269
467
331
214
475
53
222
196
15
240
15
418
126
11
447
125
257
298
82
423
203
358
52
473
274
103
96
299
34
287
82
451
159
378
98
246
461
286
362
107
489
93
368
487
489
174
499
351
469
26
17
52
46
495
457
362
285
82
398
378
197
31
311
70
113
287
292
317
417
280
26
282
72
387
78
128
254
420
448
307
463
33
378
267
483
5
32
113
186
151
50
120
323
252
200
244
264
145
32
