1
2
1
5
63
2
2
2
3
1
1
12
1
2
8
3
1
56
1
1
3
5
1
1
2
21
3
20
7
1
2
1
5
166
1
1
1
1
1
6
1
152
3
1
1
1
2
1
1
4
45
69
1
6
3
1
1
54
1
1
1
23
1
3
2
1
1
4
8
22
4
3
5
3
1
7
1
3
239
1
1
23
398
13
20
416
3
16
1
7
357
131
3
10
1
1
1
1
6
1
1
1
1
11
48
29
21
2
1
6
1
23
29
6
5
2
2
1
1
1
1
2
4
2
1
6
24
1
8
8
1
5
5
3
1
1
9
1
7
193
1
1
4
1
9
3
8
96
7
30
3
1
3
1
6
4
3
1
4
2
1
7
17
4
1
3
1
4
177
1
5
36
1
9
2
1
1
4
1
5
1
1
4
1
1
2
12
12
6
6
1
1
16
1
1
1
7
1
1
1
5
1
2
4
1
5
32
43
1
1
52
1
3
11
2
1
1
29
1
1
1
11
1
2
2
1
3
1
7
7
6
11
237
481
4
1
1
1
2
1
253
252
1
1
2
11
3
44
4
1
77
2
9
1
3
3
2
13
102
15
1
1
88
4
6
3
12
1
36
21
3
2
1
22
1
88
2
1
1
127
2
1
2
1
71
1
22
2
2
7
3
53
3
1
1
3
2
16
5
2
1
3
5
4
22
1
21
9
8
95
2
3
1
1
1
3
5
1
176
232
5
4
2
9
1
6
1
11
31
1
2
322
4
1
5
37
1
2
4
12
16
31
2
2
3
36
1
2
1
1
12
2
1
1
2
1
72
5
10
1
1
2
8
1
1
1
2
5
5
3
332
15
1
2
3
1
1
2
1
1
5
1
6
2
2
238
1
1
2
5
1
7
45
1
8
2
3
6
1
20
6
1
1
1
4
2
2
27
7
1
388
2
3
4
2
8
17
17
4
7
1
1
10
6
28
1
13
4
2
1
1
1
45
6
8
4
2
7
1
5
3
1
14
8
13
7
13
2
2
2
1
1
1
1
3
1
1
27
484
15
1
1
114
26
1
4
1
3
13
6
2
1
1
1
2
1
222
2
3
378
10
8
1
2
5
20
2
2
5
11
45
8
4
1
6
21
1
20
1
4
45
38
3
3
2
10
7
1
1
1
1
7
3
42
1
36
147
8
2
4
2
2
5
1
1
1
3
11
4
2
2
5
222
1
1
10
1
13
2
1
2
2
2
31
2
304
7
2
2
29
1
1
5
10
1
239
1
1
3
1
23
5
15
227
10
1
4
24
58
4
4
1
10
5
3
2
2
1
14
2
1
1
1
3
47
44
1
1
18
1
9
134
5
1
1
4
11
1
77
7
3
20
7
12
6
1
24
16
7
1
2
4
6
1
4
1
1
9
1
1
1
9
17
1
1
2
2
3
2
1
9
3
1
24
3
1
2
5
14
1
3
3
7
14
3
12
6
1
2
91
1
419
18
69
1
5
2
1
1
1
1
2
1
1
14
104
1
1
1
1
1
4
39
1
3
1
1
1
3
1
1
2
6
2
7
2
2
43
11
1
4
1
1
3
1
1
1
4
46
21
26
1
2
4
1
2
1
4
3
3
34
2
2
7
12
2
1
1
9
1
17
75
1
1
1
2
1
1
7
6
1
11
1
1
1
1
3
49
5
34
7
1
2
1
1
14
17
9
3
4
395
2
1
114
30
1
1
1
1
3
141
1
16
26
1
1
10
30
2
3
8
43
5
1
1
2
2
3
2
11
2
33
1
1
1
17
3
1
9
80
3
2
3
33
3
18
33
1
7
9
6
100
4
13
1
1
1
2
8
11
149
10
2
7
3
3
37
2
3
5
2
10
15
1
3
15
1
1
128
30
1
1
1
1
2
5
1
2
2
2
3
18
3
1
1
1
4
1
5
1
449
71
1
1
1
1
1
19
3
43
6
1
1
318
1
181
1
1
1
2
1
6
3
3
1
2
1
1
3
2
1
1
14
251
2
108
272
1
9
1
4
2
16
1
1
10
2
1
5
1
1
1
37
3
1
2
2
5
3
31
2
1
13
1
1
1
2
2
1
1
1
438
12
8
7
2
5
78
1
164
17
146
3
36
4
2
1
8
4
83
44
6
1
31
112
5
80
1
294
1
4
1
1
1
2
7
2
2
3
152
1
1
2
17
2
1
1
4
1
5
4
2
1
1
24
12
1
41
39
1
1
13
1
4
10
5
44
135
2
1
3
45
4
2
1
3
1
3
5
1
1
121
3
5
1
1
1
20
38
3
2
3
27
12
18
1
4
1
7
1
1
1
24
3
345
1
2
1
8
3
2
15
23
20
156
1
2
10
7
3
5
7
1
1
3
8
1
3
2
1
6
1
1
1
4
1
12
3
4
3
3
42
83
1
6
1
14
1
1
2
13
1
2
1
52
5
2
16
75
1
2
11
23
15
18
5
1
6
137
2
1
1
1
10
6
3
260
1
164
3
4
1
1
5
5
1
103
1
1
37
57
1
26
1
8
1
19
1
63
1
1
8
104
18
1
2
1
2
1
4
198
40
4
1
2
1
3
3
1
19
1
4
154
69
23
1
2
3
2
1
4
2
7
4
5
77
1
1
40
2
3
4
7
16
1
12
3
61
2
39
18
1
42
3
4
4
1
10
278
1
4
1
1
25
30
1
1
2
140
26
1
1
49
1
2
1
1
1
1
9
2
1
1
1
21
1
1
28
1
3
1
371
2
19
1
1
14
5
2
24
8
1
1
1
3
38
1
5
1
1
3
1
1
18
1
5
1
1
6
24
3
8
3
256
4
3
7
5
6
2
1
1
34
1
15
4
39
241
4
1
1
1
2
2
202
6
2
2
336
1
40
1
1
1
99
1
1
24
1
41
11
3
1
19
3
17
1
2
1
1
1
1
1
5
1
12
1
1
2
5
1
3
1
1
5
1
1
1
18
2
6
1
8
1
1
5
1
5
1
5
1
1
2
15
4
38
17
1
14
4
31
19
252
1
1
14
1
37
2
3
17
70
1
1
1
1
3
1
1
1
2
1
2
1
1
1
1
3
2
1
2
3
20
4
1
1
11
22
18
1
89
2
7
5
2
1
3
2
9
5
3
25
10
1
9
195
110
8
5
5
15
10
39
8
2
2
15
3
1
1
13
1
1
2
51
3
1
1
3
88
17
42
3
53
47
57
24
1
1
8
17
30
1
24
4
3
9
16
2
1
53
2
1
1
25
60
3
2
1
2
3
1
2
2
17
58
1
138
1
13
2
3
223
3
2
11
1
488
1
9
40
1
13
16
1
32
3
1
2
4
21
2
1
1
4
4
1
1
3
8
9
4
5
25
1
1
1
1
2
196
2
1
8
1
4
3
13
2
2
255
2
1
1
2
1
1
5
1
1
43
51
3
251
1
10
1
1
57
7
1
1
6
1
1
2
2
4
2
4
2
44
3
4
49
1
1
453
5
1
1
3
3
1
2
120
13
2
1
2
1
4
3
1
3
4
1
1
5
7
1
7
14
1
4
1
1
1
1
1
1
254
31
11
1
2
178
1
1
4
3
1
3
1
4
5
71
1
1
1
19
1
3
12
5
1
1
96
2
143
3
1
1
39
5
3
2
106
14
2
406
5
1
1
1
17
1
3
6
29
3
6
3
20
3
12
1
35
50
2
5
2
2
1
1
2
1
2
11
6
12
2
1
1
4
1
1
50
59
1
1
217
45
1
7
4
7
2
1
3
1
140
5
1
7
196
1
1
2
1
16
3
8
2
1
2
2
7
2
2
108
3
7
17
80
1
1
7
2
1
5
1
59
1
1
3
2
3
2
2
5
1
1
1
5
7
7
1
1
1
6
1
1
1
3
13
2
4
3
7
8
238
1
3
5
20
1
1
2
1
62
1
47
1
19
1
46
1
22
2
4
3
1
1
7
1
2
1
425
1
6
1
4
1
1
4
78
9
1
9
1
1
1
5
1
2
2
3
6
1
3
2
1
12
1
5
229
1
1
2
1
2
2
9
1
7
4
2
447
1
2
38
1
202
4
380
1
1
1
7
1
2
1
1
8
1
12
6
1
3
1
5
13
10
1
1
65
2
1
7
1
4
4
1
86
3
1
1
3
1
3
1
12
2
12
8
17
4
1
1
27
1
128
9
1
1
1
2
11
1
67
1
22
29
1
3
1
3
2
1
29
1
18
13
1
3
2
1
5
37
1
1
7
2
1
1
2
5
60
7
7
1
1
5
4
5
20
2
11
52
2
5
13
2
1
3
7
1
2
7
1
4
45
192
1
4
1
2
1
8
1
1
1
7
5
9
6
4
2
3
26
2
2
405
6
17
1
2
2
1
2
1
1
2
31
2
2
10
4
3
1
1
19
1
1
1
1
1
1
1
1
1
86
2
118
43
1
1
5
1
8
5
2
228
1
64
17
7
26
1
25
315
1
145
1
32
14
39
3
1
2
31
2
5
4
5
4
3
2
60
3
7
4
1
5
1
2
2
1
2
1
358
13
1
4
1
115
5
4
1
7
24
21
4
3
59
2
1
2
118
5
1
1
57
5
1
1
3
1
1
5
55
1
5
1
1
1
1
5
3
1
1
1
1
1
1
2
3
1
26
8
13
13
1
7
1
1
3
3
1
2
3
4
4
2
4
1
5
24
15
1
1
2
3
4
2
5
1
1
1
1
1
1
2
1
29
2
1
5
1
1
2
9
1
16
3
2
21
1
3
2
18
3
2
1
1
3
1
6
4
1
1
1
1
2
1
1
83
1
1
1
2
1
2
2
1
9
1
1
4
2
1
6
8
1
16
1
1
73
4
1
47
1
186
1
1
10
1
5
2
6
1
4
1
1
12
2
44
26
2
1
1
3
30
2
1
18
2
33
17
1
47
5
1
2
2
1
2
3
1
5
16
2
10
4
30
1
1
3
3
11
3
45
52
91
232
1
1
2
4
1
2
1
4
9
3
8
1
1
164
1
1
2
245
1
7
1
48
1
1
1
69
2
1
3
1
12
3
1
2
9
1
1
6
15
2
1
18
49
1
22
24
3
1
2
1
1
1
1
33
12
2
25
79
2
8
1
36
1
4
1
5
3
1
58
8
4
1
1
1
10
4
1
4
2
1
1
3
13
2
2
10
2
1
156
1
3
3
2
1
1
1
12
4
2
1
1
4
4
6
1
8
113
1
1
1
1
1
1
5
1
1
1
1
3
3
2
1
38
7
2
1
4
7
3
1
1
152
1
3
4
28
1
5
1
3
99
18
321
1
2
1
2
256
18
1
72
1
11
8
3
1
310
10
1
2
3
2
1
1
2
2
17
1
1
2
2
5
1
1
2
1
13
1
47
1
2
6
5
1
3
1
29
2
1
1
1
2
1
1
11
1
1
42
1
3
2
7
8
5
130
3
2
1
91
3
1
1
1
145
1
2
1
3
4
2
36
10
1
9
2
1
3
1
6
5
1
4
2
1
11
26
1
1
2
1
1
2
2
3
1
11
2
1
269
1
5
1
53
1
1
1
1
2
31
3
1
4
1
1
1
1
3
64
4
1
26
4
1
2
2
7
2
3
2
1
11
1
1
4
81
27
1
1
17
3
1
4
1
12
4
2
1
1
2
2
8
50
1
8
61
186
1
5
198
1
1
1
9
1
1
1
12
4
1
31
1
216
2
2
1
1
28
1
64
1
1
1
21
1
38
1
17
1
16
5
1
32
3
3
1
79
15
12
1
1
1
49
4
6
1
2
2
14
1
8
1
1
1
13
3
168
1
1
97
1
1
3
1
12
2
5
2
5
4
4
2
44
1
196
1
1
9
1
4
1
2
1
63
1
2
1
4
1
1
10
5
8
3
1
1
1
2
3
1
5
8
2
1
1
2
118
10
1
12
11
1
12
59
1
1
1
34
7
1
1
2
22
1
19
1
3
1
3
66
15
5
1
1
1
1
1
144
46
1
8
3
2
1
5
3
1
2
1
1
31
1
1
1
2
1
6
55
1
1
8
1
1
1
17
11
4
1
1
84
2
1
1
1
1
1
184
4
48
3
195
96
1
199
18
9
48
1
9
2
1
2
1
1
2
1
1
124
8
11
1
1
182
2
1
3
2
4
2
1
1
24
3
1
3
3
4
1
32
12
2
11
1
462
1
6
1
4
28
1
1
1
1
1
7
15
1
1
53
34
1
6
12
329
1
1
7
2
1
1
35
46
2
1
2
4
1
6
1
3
1
4
5
4
1
1
1
1
8
5
2
414
1
1
1
1
1
15
1
6
111
4
6
1
4
2
8
2
212
1
3
7
1
1
1
1
7
53
6
2
1
6
1
1
1
11
9
250
6
2
1
105
3
1
2
1
2
1
1
19
2
67
98
2
3
2
111
1
3
1
26
1
2
17
1
7
2
1
2
6
1
4
354
3
15
43
12
1
5
1
1
1
1
1
2
11
44
1
97
21
1
5
1
15
1
3
1
15
1
1
5
2
4
1
2
3
1
4
3
1
1
1
2
33
1
1
2
1
1
4
4
1
1
1
4
1
9
10
5
92
3
1
110
1
4
1
1
2
4
3
3
1
1
5
2
14
3
65
1
2
1
18
49
8
1
2
2
1
140
1
2
6
4
6
23
77
1
1
1
1
131
1
1
33
1
4
1
5
50
1
24
3
2
1
13
1
1
4
6
1
2
1
1
3
3
1
20
1
17
1
8
2
4
1
3
1
1
20
1
1
1
1
1
4
1
43
2
275
1
2
1
20
2
6
3
1
1
51
5
2
142
1
5
2
4
1
1
18
8
1
12
8
1
10
3
1
6
10
1
4
3
1
1
6
1
2
3
1
7
3
2
4
84
1
1
9
2
4
1
1
8
3
1
17
2
1
6
392
21
1
3
21
1
183
3
2
2
2
1
111
1
1
1
1
1
1
2
1
5
7
3
25
1
31
58
3
1
26
1
5
3
1
1
1
1
1
1
1
6
1
1
1
6
4
1
2
3
1
1
2
487
1
1
2
7
1
2
1
390
2
1
1
1
1
1
1
2
1
2
3
3
1
2
5
19
1
11
4
4
212
4
9
477
1
13
2
1
2
5
5
1
1
26
41
1
250
46
2
2
6
1
31
1
295
1
25
4
7
16
6
3
1
19
2
2
18
1
8
5
26
2
1
1
19
13
1
2
3
1
5
12
5
9
1
2
8
47
20
1
43
10
18
1
4
27
2
1
1
40
1
4
17
5
10
5
1
2
1
4
1
1
25
3
2
1
1
1
26
1
1
9
9
30
1
15
15
5
1
1
9
4
484
1
5
4
5
261
2
157
29
115
1
1
10
1
1
2
3
4
1
65
1
1
7
1
21
8
1
1
1
4
21
1
24
10
6
6
1
8
1
1
1
1
346
107
1
3
2
1
3
1
1
1
1
1
12
13
1
1
1
1
8
1
1
2
7
1
1
3
44
6
1
1
1
4
6
1
9
2
1
1
1
1
1
359
1
3
1
2
2
16
5
2
1
44
2
1
14
1
1
5
10
2
1
17
1
1
3
10
87
1
2
1
9
1
1
1
2
13
1
1
22
1
7
3
71
1
1
3
1
28
14
1
7
1
1
1
6
1
18
4
1
1
13
5
2
4
2
45
3
2
1
1
1
1
6
1
7
3
1
12
5
1
6
1
3
2
1
1
6
10
3
1
1
2
2
2
2
2
1
1
1
1
2
1
1
3
11
4
6
3
1
1
27
3
11
17
1
4
3
2
33
1
13
392
4
99
10
3
12
3
4
1
22
6
2
16
14
1
4
11
1
44
1
16
80
1
4
5
12
2
19
1
1
2
2
1
1
3
298
71
1
3
13
1
1
19
90
27
6
2
1
1
2
5
1
142
1
1
3
21
1
2
2
1
2
3
1
35
88
2
1
2
1
3
232
145
7
1
1
1
15
1
2
6
2
1
9
1
1
28
4
2
3
2
12
14
1
68
75
6
2
1
1
1
1
1
4
7
9
1
1
2
5
1
58
7
1
3
5
1
1
4
4
1
6
1
4
13
22
1
3
14
1
5
5
11
2
1
2
2
2
5
1
1
3
1
2
80
56
15
1
4
250
1
1
1
20
2
2
1
238
1
7
1
1
1
1
1
1
1
2
13
3
2
1
130
1
2
1
1
2
1
1
3
131
2
2
1
5
1
113
22
22
7
1
3
3
1
1
108
1
1
3
3
1
1
1
5
152
1
1
1
28
37
2
138
207
16
2
23
1
2
1
2
1
21
1
6
2
1
8
1
30
2
1
7
1
117
5
2
1
10
10
12
2
6
2
13
1
1
1
3
2
4
1
2
1
45
31
5
5
1
3
7
31
1
1
1
1
1
25
1
1
2
1
3
3
1
43
4
48
3
1
1
1
1
6
16
2
1
23
1
3
1
42
6
1
1
1
21
88
2
21
2
1
80
1
2
2
3
1
1
1
1
22
2
1
3
4
4
1
1
13
25
2
33
2
1
2
1
4
3
1
2
1
2
90
36
1
171
1
2
1
5
6
29
2
2
10
3
3
1
1
2
27
101
2
13
159
24
4
2
1
2
1
1
1
1
3
1
1
1
3
2
2
1
1
4
1
105
1
13
1
5
1
4
2
2
22
7
1
3
1
1
1
1
5
356
2
2
3
106
47
5
9
2
1
1
10
1
112
1
2
44
1
1
1
1
5
4
1
368
5
145
1
1
3
4
2
3
1
170
3
61
1
1
2
1
1
3
1
72
16
1
1
3
185
2
27
154
1
1
1
12
1
2
77
1
2
57
4
1
2
4
1
3
1
3
1
74
1
4
1
18
1
2
1
5
3
2
3
1
164
1
22
2
2
2
1
18
1
1
4
1
71
196
2
1
1
1
3
1
3
18
1
34
2
6
1
1
1
14
10
1
1
1
3
1
2
99
2
1
1
1
3
3
1
74
1
12
153
4
144
1
1
42
1
481
1
6
313
1
3
1
1
3
1
8
1
2
6
4
5
1
1
32
2
20
2
4
1
2
1
1
1
1
3
1
1
1
1
5
2
119
1
5
2
1
19
1
34
5
1
1
9
1
18
1
3
5
2
1
1
1
1
13
61
5
12
9
2
1
1
22
2
1
1
1
1
2
4
2
2
2
1
3
1
3
2
393
120
6
80
7
1
1
1
1
15
1
2
1
1
24
15
1
81
4
1
5
20
169
25
1
1
5
3
2
5
2
2
1
1
56
1
2
1
1
4
1
9
1
102
1
2
6
1
19
16
10
29
1
2
4
1
13
1
1
3
1
3
2
3
1
2
1
7
2
1
24
11
5
1
179
4
1
76
1
297
12
3
3
7
10
3
13
1
1
68
5
119
2
2
1
2
8
1
4
2
1
1
2
25
1
2
1
11
2
1
1
2
4
76
5
2
2
53
1
16
1
2
1
74
2
2
2
3
2
2
1
6
11
35
2
3
20
1
1
1
12
8
3
2
3
1
1
1
1
1
1
2
2
3
4
13
10
1
14
4
1
1
84
1
1
1
1
1
4
1
1
1
461
3
42
8
22
2
1
129
1
1
1
8
1
1
159
1
1
1
2
3
1
4
2
1
11
3
290
21
3
4
9
1
1
10
2
1
3
21
4
1
2
2
1
1
14
1
4
1
5
1
4
3
3
1
2
70
146
49
3
1
8
1
2
467
9
1
3
2
1
1
26
1
2
2
3
2
12
1
2
14
3
42
6
11
8
44
23
2
1
6
4
1
1
22
1
1
1
17
1
1
1
123
3
18
2
179
232
6
1
2
3
1
126
6
1
6
1
69
2
1
223
4
2
1
9
1
1
1
1
3
4
1
5
1
1
1
1
80
1
2
57
1
36
5
1
2
1
1
1
8
1
1
2
10
2
6
4
3
1
5
1
1
1
1
1
9
1
1
1
1
85
16
418
18
1
11
13
14
2
3
4
1
313
3
1
1
10
1
2
4
1
1
1
3
1
155
3
1
1
3
1
1
2
1
1
6
1
1
2
1
1
124
6
31
1
1
2
2
1
19
1
32
129
1
4
3
5
3
1
1
4
28
6
3
2
63
17
1
1
1
61
28
9
1
1
1
28
1
61
11
2
17
2
1
3
11
5
46
176
1
7
1
251
2
1
1
12
34
2
2
1
10
2
1
1
3
2
220
232
1
2
2
4
1
5
2
1
1
42
1
61
2
2
1
1
1
3
1
13
1
3
43
2
11
2
2
12
2
7
1
1
5
29
5
16
1
86
2
1
22
1
11
1
1
1
128
1
1
39
1
1
10
1
1
6
1
1
1
5
7
2
3
3
6
2
3
5
452
1
141
1
1
5
1
24
76
1
8
1
1
1
31
1
1
21
5
28
8
7
45
1
1
355
1
1
38
10
17
1
1
2
1
1
1
6
1
31
22
1
1
1
2
3
1
5
1
1
1
1
1
2
3
3
1
269
97
23
1
1
1
1
3
3
115
3
1
1
69
5
24
2
9
6
3
1
2
2
40
21
4
3
1
3
13
1
4
36
18
5
1
11
39
2
6
1
2
1
5
16
1
1
1
42
9
13
1
1
1
465
1
6
3
33
1
1
1
2
1
200
1
72
1
34
1
1
1
49
5
1
1
1
3
6
1
4
244
1
1
26
91
2
2
2
1
50
8
58
6
16
2
1
147
2
1
88
71
2
3
1
232
1
2
2
17
5
1
270
9
1
2
1
7
7
1
1
2
51
15
1
14
3
2
9
1
3
5
1
3
1
7
3
2
1
3
6
4
3
2
2
2
10
1
72
3
99
7
2
62
41
21
3
5
101
9
1
5
2
1
1
2
15
1
4
1
61
3
2
1
8
21
10
1
23
1
1
43
113
2
1
4
61
4
3
1
1
2
2
143
443
4
3
1
2
2
10
2
3
29
2
4
1
6
7
61
2
294
1
86
13
14
14
2
1
26
1
2
3
13
1
13
1
1
13
3
5
18
1
1
8
4
6
4
1
8
154
1
2
1
1
1
5
1
11
1
4
8
1
456
1
3
1
8
1
14
1
1
1
1
8
317
1
16
147
1
2
6
5
4
139
2
2
1
2
1
1
4
2
1
2
1
50
1
3
1
1
1
1
3
32
4
1
5
8
1
137
2
3
1
2
3
1
57
4
1
1
2
1
1
57
2
2
6
3
11
1
7
4
5
2
2
1
2
1
2
6
5
118
3
38
34
2
1
1
3
1
3
1
2
1
1
3
21
8
2
28
2
1
4
6
2
3
1
4
1
12
3
1
3
4
2
1
122
8
2
