2
1
1
37
259
3
13
1
1
5
2
7
3
96
3
1
4
1
1
11
3
1
1
4
133
1
1
1
1
1
1
36
9
1
2
369
2
5
1
8
2
138
1
31
15
4
62
479
2
2
6
3
1
1
13
21
25
4
1
1
1
1
3
4
1
2
91
1
1
2
2
1
7
1
64
4
5
1
4
4
1
1
6
22
5
1
2
4
1
13
9
2
3
1
2
79
3
2
25
23
3
1
1
1
2
1
4
2
4
20
2
1
1
160
2
42
7
27
2
1
1
1
3
1
4
3
14
1
1
8
2
1
1
1
1
7
2
1
1
3
7
8
18
1
22
1
1
3
5
3
3
3
1
1
14
4
2
5
1
2230
10
1
1
1
1
1
1
168
1
2
5
1
2
26
204
9
4
2
1
1
1
1
3
2
3
3
1
1
1
4
26
3
893
2
1
1
1
4
1
1
18
5
4
2
1
1
1
1
1
1
18
2
1
1
2
3
1
1
3
1
1
4
17
1
1
1
408
1
1
24
3
2
280
1
5
7
2
1
18
48
8
15
2
4
1
6
3
2
3
12
55
37
1
99
1
2
1
1
21
1
71
4
199
27
1
5
1
13
4
1
2
1
1
43
1
38
13
1
24
1
2
1
33
2
2
1
1
9
249
16
1
36
2
17
1
15
15
1
9
1
1
107
29
1
1
24
1
1
1
1
103
1
12
1
1
1
2
332
1
4
1
1
1
6
56
1
1
2
2
1
1
4
1
3
1
1
6
1
3
1
4
227
1
2
1
1
9
3
1
5
1
2
1
3
1
10
286
3
3
2
1
36
934
3
1
3
1
2
1
29
1
3
24
73
1107
4
78
2
1
6
1
4
16
2
1
17
1
1
1
1
1
1
2
4
1
1
15
1
4
3
1
4
1
2
1
4
11
26
1
1
17
1
1235
5
1
3
2
2
5
1
3
1
2
13
1939
1
1
6
1
3
1
6
3
4
162
158
6
46
1
55
2
653
1
16
1
8
1560
4
2
2
1
5
7
2
1
2
3
26
2
7
1
1
2
7
12
4
1
1
12
7
4
1
1
2
1
1
3
1
83
1
1
3
1
14
85
19
3
1
3
5
1
2
8
1
4
2
2
1
12
23
1
1
2
45
2
7
1
5
3
1
2
3
5
7
1
2
7
196
1
28
7
1
3
43
3
256
4
4
1
6
158
1
2
4
1
3
214
1
1
3
1459
3
1
2
5
12
3
3
2
779
2
59
138
12
1
145
7
1
1
1
6
1
1
15
1
1
4
5
1
2
1
642
1
71
2
15
1
6
1
2
4
7
1
3
2
1
11
1
1
1
1
2
1
26
22
1
1
2
5
2
1
1
1
3
556
1
1
7
9
1
2
8
1
2
1
47
1
1
443
23
201
2
1
77
1
2
1
1
1
2
1
1
7
1
1
2
1
1
1
1
1
1
1
1
1
1
3
4
1
2
2
1
1
1
1
14
1
1
782
1
6
24
37
45
2
1
1
1
14
1
2
3
1
29
19
1
19
8
2
4
1
5
1
1
1
96
25
1
1
1
1
2
1
1
4
1
1
289
129
1
20
8
3
1
5
1
31
1
1
2
1
5
1
1
6
1
1
17
1
3
170
1
3
1
2
1
1
33
1
14
3
3
1
1
1
14
83
1
5
7
1
1
23
1
5
3
1
11
10
2
822
1
2
1
4
1
875
161
1
4
1
28
1
72
6
7
1
10
1
1
1
183
37
1
1
1
1
302
112
3
2
5
1
2
48
63
8
4
782
9
66
1
1
1
1
4
1033
63
7
19
1
34
1
1
16
2
15
11
1
5
1
7
1
6
1
1
1
3
6
92
1
8
1
5
2
1
41
30
17
1
23
1
1
84
6
3
2
22
1
172
2
3
6
41
5
1
2
2
2
3
6
2
3
42
2
4
1
28
1
475
1
1
1
1
4
1
13
3
1
1
1
368
14
35
13
1
55
4
7
10
1
5
357
1
50
13
1
27
1
69
7
5
1
2
5
3
2
7
2
1
1
1
814
1
1
3
1
2
4
6
29
2
1
5
1
1
5
97
2
1
3
41
1
1
5
15
1
14
110
1
4
1
2
3
1
3
1
2
2
23
26
1
2
6
2
135
7
83
1
17
5
2
7
6
3
1
2
1
1
2
1
1
1
1
13
5
2
1
3
1
17
1
1
6
3
2
11
1
6
8
4
1
1
3
2
1
31
16
127
3
10
1
1
55
2
6
3
1
38
26
1
1
1
1
3
8
2
2
1
1
84
4
5
269
180
3
1
2
86
2
11
1
81
7
6
6
1
2
1
7
25
1
32
58
1
1
1
1
2
1
31
5
3
3
2
2
2
50
1
31
3
1
153
7
1
1
4
4
33
7
14
18
1
7
11
1
3
3
11
121
2
14
1
3
3
4
2
1
5
6
2
6
1
5
1
2
1
4
128
1
1
4
71
1
1
5
5
1
1259
9
2
1
2
1
6
10
1
6
1
1
1
3
2
17
1
1
1
20
3
1
1
6
1
18
1
12
1
2
11
1
1
17
1
5
7
1
1
2
1
1
1
1
1
1
2
1
25
1
1
1
1
1
49
14
1
9
8
2
1
2
2
9
1
1
4
1
2
15
1
1
2
1611
2
5
1
13
2
2
1
1
2
1
1
2
1
1
1
1
1
3
1
1
1
1
2
1
1
3
2
1
62
2
1
1
1
1
3
14
539
10
1
1
1
10
1
1
2
3
2
1
1
1
3
3
1
660
1
1
5
3
2852
1
3
1
1
2
49
1
1
1341
1178
1
3
1
3
1
5
1
1
1
18
1
1
1
2
4
1
2
7
1
1
10
237
1
5
50
1
11
48
6
1
2
1
1
2
1
1
2
3
3
2
14
2
9
11
21
2
1
3
1
415
1
2
2
4
1
1
1
141
2
13
1
1
395
145
4
1
1
4
3
9
39
275
87
1
3
8
2
6
1
1
2
107
199
6
1
7
6
2
1
7
11
4
1
2
7
1
12
35
5
1
3
1
1
4
3
1
1
5
1
1
105
3
1
1
71
2
19
222
206
6
3
2
5
1
1
10
5
1
1
2
1
2
1
38
1
91
2
1
3
1
1
73
5
1
3
97
9
1
1
11
12
300
77
2
518
2
1
3
173
11
2
4
1
1
2
15
4
77
532
1
133
9
1
3
6
2
43
3
2
1
1
191
3
2
5
7
2
8
2
40
1
147
1
15
27
1
2
1
102
2
3
11
1
140
1
4
3
1
4
32
9
2
23
2
9
3
3
27
2
10
2
1
5
1
6
729
173
4
327
2
1
1
2
2
96
1
1
5
4
10
1
20
1
4
1312
2
3
1
2
5
1
2
1
236
1
1
12
7
8
3
1
3
1
15
25
1
2
1
35
87
1
1
3
1
113
1
2
5
8
34
5
17
2
1
1145
1
11
2
1
1
2
2
1730
2
1
6
101
1
23
1
5
1
1
1
4
1
2
1
1
2
4
1
2
4
7
5
1
2
1
9
30
36
2
2
1
56
1
5
1
1
6
149
3
2
2
1
2
1
4
2
1
5
1
1
1
1
12
7
16
9
4
1
3
4
4
1
1
1
3
1
89
207
3
1
3
2
49
3
5
54
1
1
1
6
6
1
1110
3
1
4
1
24
1
3
3
3
1
1
8
1
1
7
2
1
1
4
122
12
31
33
2
1
6
14
65
3
1
6
2
1
3
1
15
25
1
1
2301
1
9
1
1
2
1
2
3
1
4
4
6
2
1
8
2
1
1
12
1
99
1
1
69
10
30
1
1
32
25
39
1
2
1
2
1
15
2
1
5
14
3
3
6
2
1
6
4
5
2
6
2
2
2
14
1
2
4
1
59
1
40
4
1
2
4
1
45
14
6
1
1
1
3
1
1
1
1
1
18
1
4
10
2
336
9
2
2
29
7
1
25
7
1
2
1
2
2
2
1
7
1
1
42
5
15
4
7
198
1
1
3
2
10
4
1
2
1
1
1
5
12
8
2
4
229
9
1
1
1
10
1
1
574
1
2
1
1
29
1
2
1
1
91
3
3
1
1
1
56
1
1
1
1
2
1
5
2
13
4
1
48
1
3
2
1
2
28
2
1
5
212
31
1
1
2
295
8
11
18
4
5
1
1
2
2
8
1
1
4
4
8
1
4
4
3
23
1
9
1
1
1
3
5
2
1
1
1
2
7
18
418
2
7
2
1
121
3
12
22
8
1
1
2
8
2
13
8
236
1
9
12
1
1
1
10
5
26
1
5
5
1
57
4
1
3
2
6
1202
1
1
1
20
456
1
3
3
3
17
1
10
31
17
1
7
2
11
5
82
1
2
166
1
55
8
2
2
1
5
814
6
168
1535
3
100
138
7
13
9
1
23
24
1
1
9
1
36
1
3
1
1
11
3
1
1
1
3
265
55
1
1
7
227
1
3
7
1
1
5
16
8
1
2
49
2
25
7
276
256
273
63
1
1
17
2
39
1
29
5
23
1
1
8
2
3
1578
1
2
27
2
4
1
1
6
16
1
9
29
1
1
2
2
62
13
1
3
1
7
9
35
7
7
11
5
1
1
12
1
1
1
2
10
50
7
1
17
3
4
1
222
1096
1
10
4
3
4
173
3
1
4
1
436
1
36
2
2
28
1
1
5
454
2
24
9
1
36
109
2
4
525
1
1
7
9
1
2
4
7
2
9
1
1
1
1
1
1
1
1
2
5
1
23
40
1
2
6
2
11
2
4
5
2
4
3
5
1
3
43
29
1
1
2
5
1
1
2
1
527
17
13
5
1
15
93
22
16
2
1
1
2
1
4
1
1
2
1
1
1
1
1
45
1
45
1
195
5
1
1
4
1
1
2
13
10
5
2
373
5
1732
28
26
1
2
11
1
40
3
304
9
1
3
86
3
11
1
705
3
66
29
2
42
60
1
8
8
2
1
12
6
2
7
1
1
4
1
1
3
1
10
1
5
14
5
6
54
9
13
4
1
1
2
1
2
3
48
1
3
1
2
19
1
1
5
1
1
7
1
2
4
2
1
36
2
1
92
4
1
143
22
4
1
11
13
1
2
4
289
1
7
1
5
8
4
8
1
2
413
130
3
1
37
2
1
4
16
6
1
2
1
3
1
2
2
1
1
2
1
10
1
22
12
17
3
1
2
379
3
4
2
1
9
2
8
1080
12
1
2
4
3
2
1
161
1
2
1
1
2
1
756
2
11
15
1
1
157
4
5
2
1
30
11
2
2
1
1
1
2
1
2065
3
2
10
1
1
1
1
127
110
2
2
9
1
1
1
1
5
1
1
1
3
2
1
1
2
9
1
1
1
1
5
8
14
1
25
1
1
5
6
405
3
2
1
8
44
2
620
611
1
4
3
11
177
375
40
121
11
2
15
4
20
56
53
1
1
1
2
1
1
23
2
32
1
7
1
3
1
26
31
3
1
6
32
1
2
1
7
9
1
1
38
8
68
1
1
1
1
2
6
13
1
2
1
1
74
1
8
4
1
1
1
6
2
2
1
1
22
8
1
1
1
7
2
15
10
1
4
555
9
1
1
34
13
1
79
1
1
10
1
1862
1
2
2
520
8
4
2
4
6
2
1
2
1
11
2
2
6
3
1
2
1
1
1
1
1
2
1
1
1
1
13
159
1
1
3
25
2
2
1
1
1
4
1
1
2
91
1
4
66
27
39
19
2
1
3
4
111
3
1
7
1
4
1
8
1
2
5
4
40
16
1
21
2
2923
2
3
3
1
3
1
1
1
2
1
150
4
1
2
6
1
1
17
1
3
14
8
1
1
2
2
1
15
23
5
5
1
1
1
3
1
1
4
2
1
1
7
5
1
1
5
2
7
13
1
1
3
2
2
1
1
1
1
10
3
7
154
34
3
3
25
1
1
1
1
3
334
1
51
72
6
3
1
1
1
1
12
1
1
3
9
1
1
24
2
113
117
8
31
4
1
6
1
15
1
2
15
1
1
1
2
1
701
1
5
56
224
21
42
1
1
1809
1
4
1
1
7
31
65
6
19
17
2
18
5
1
5
366
8
2
3
1
771
6
5
7
1
861
1
1
1
1
17
1
4
1
2
10
1
87
3
1
4
6
1
1
1
2
34
14
2
1
1
6
6
7
3
1
1
2
1
29
1
3
148
1
8
1
1
36
1
8
4
100
1
24
1
1
1
1
3
4
44
2
5
1
3
79
2
1
1
2857
13
20
1
1
72
1
1
1
1
6
1
9
70
2
3
389
9
6
4
1
134
1
11
1
1
1
10
3
193
210
2
3
94
203
1
2
1
1
3
70
3
1
8
127
1
1
1
1
428
10
1
3
52
27
28
5
2
1
50
2
281
3
21
2
1
1
2
1
1458
2
1
2
5
1
20
1
2
14
1
1
1
1
1
4
1
1
48
813
1
283
1610
1069
1
7
56
1
4
5
1
1
10
72
175
1
21
11
1
1
22
1
1
1
3
2
19
6
10
1
1
4
2
5
1
1
1
2
1
6
44
11
1
1
10
1
1
1
9
17
1
4
2
1
12
2
22
2
1
16
83
6
2
1
1
62
1
1
2
1
1
6
8
1
1
1
1
9
7
180
2
5
10
1
15
1
49
4
1
2
1
1
1
1
5
420
13
4
7
6
6
1
5
13
3
1
5
1
1
30
4
57
248
6
2
62
6
26
2
48
3
133
5
21
35
1
1
1
6
1
1
1
1
2
3
5
4
8
1
3
21
1
128
9
3
6
2
2
1
1
5
6
4
11
2
49
1
1
1
3
16
1
2
1
77
1
1
2
16
2
1
2
7
66
1
1
10
2
1
4
1
2
1
2
1
2
1
1
6
1
39
4
1
3
4
3
1
1
1
1
4
1
8
1
1
1
1
1
16
7
418
7
6
46
3
1
1
1
38
1
6
6
1
23
1
1
1
8
1
37
6
21
6
2
513
1
1
1
1
1
1
7
1
5
1
1
1
3
1
4
3
1
10
1
1
2
6
1
2
1
1080
8
28
13
1
6
1
1
117
1
3
1
2
2
4
1
4
2
13
1
8
57
6
1
1
9
333
5
5
1
5
2
3
114
1
1
1
20
3
2
1
3
8
2
1
1
2
424
1
16
25
17
20
7
20
2
6
2
3
5
3
2
50
3
2
2
2
1
3
2
3
1
2
2
1
1
2
1
1
2
25
2
5
2
21
3
180
50
12
3
2
1
3
1
9
19
1
2
1
223
12
6
1
1
580
14
1
1
790
1
1
1
41
1
9
86
28
1067
1
5
1
1
2
17
8
1
1
15
1
44
2
5
1
169
1
28
1
1
19
1
2
1
4
3
1
73
2
2
14
1
68
35
7
2
4
11
66
2
2
2
8
4
1
3
11
3
1
9
1
3
1
1
7
1
3
3
1
3
2
1
40
1
7
1
175
1
9
1
1
3
1
19
37
1
1
1
1
1
3
16
15
7
5
2
933
3
13
1
59
2
1
2
2
9
1
3
2
2
1
3
4
6
1
1
3
1
5
22
3
1
260
2
1
4
1
7
3
4
2
8
1
1
3
1
6
2
4
1
1
40
163
4
3
1
1
7
3
2
1
2
1
2
1
1
1
1
1
6
1
4
2
1
30
1
1
2
1
6
3
8
17
3
8
22
12
6
28
5
1
24
5
1
1
280
1
16
2
2318
1
1
1
1
8
2
1
5
2
1
13
2
2
1
38
380
4
1
1
4
1
2
8
77
1
4
1
5
77
1
1
6
1
3
1
607
22
8
58
6
1
1
1
1
974
23
18
27
55
5
1
1
3
1
1
3
9
8
4
11
1
35
1
14
1
1
1
1
5
513
33
2
13
2617
4
2
1
30
2
1
3
27
1
2
1
70
2
1
1
1
1
20
2
2
2
1
1
1
3
2
4
108
2
2
3
1
1
23
1
2
31
5
1
6
1
1
16
1
1
5
1
2
1
18
2
4
4
50
1
2
1
2
169
30
5
1
3
1
8
87
1
8
33
13
1
1
96
7
4
5
2
2
1
30
2
1
18
3
3
3
1
1
1
2
1
6
2
6
1
1
1
35
1
1
2
6
2
5
27
1
133
3
19
1
2
1
1
7
3
2
4
1
2
1
2
1
1
2
3
1
24
1
21
1
1
99
2
2
1
72
2
767
1
1
2
1
6
1
2
2
7
1
1
65
1
3
12
2
2
1
1
3
1
1
27
34
45
8
4
1
2
1
11
2
1
74
3
23
1
1
2
1
1
1
4
2
2
2
5
4
1
2
999
1
1
1
2
2
1
1
286
7
1
1
2
3
1
2
69
21
1
112
4
168
55
1
4
3
1
555
2
1
1
428
1
1
1132
32
1
4
24
1
3
1
16
4
8
1
4
1
4
1
3
1
1
11
1
1
3
1
77
28
14
1
1
1
1
6
1
1
1
2
3
13
1
3
27
11
11
4
1
4
19
1
1
1
1
2
8
1
880
1
5
1
1
5
1
7
921
5
1
1
2
2
1
1
83
1
7
1
2
49
20
13
1
1
4
78
1
280
20
5
1
3
1
196
206
1
19
96
1
1
1
5
2
2
31
7
1
11
3
1
1
7
7
4
4
19
33
1
2
1
4
1
2
52
1
1
1
2
1
1
1
350
1
1
3
2
3
9
2
12
1
2
18
2
1
13
10
1
1
255
1
1
6
42
3
1
1
1
1
4
1
2
4
1
1
5
1120
1643
2
1
23
19
2
1
2
1
6
1
23
2
6
2
4
1
1
1
5
7
1
5
2
2
2
2
12
11
14
2
6
8
38
47
1
2
11
24
27
2
2
2
1
997
1
2
3
1
1
4
1
1
2
1
12
5
5
1
1
1
2
13
23
1
14
9
1
31
1
50
6
1
1
1
1
1
13
28
7
2
1
15
10
1
1
1
4
3
145
1
2
2
1
4
1
1
1464
4
3
1
9
1
1
3
2
1
138
3
3
2
7
37
2
41
44
2
12
1618
1
665
2
1
3
16
1
1
12
6
1
2
26
1
1
1
468
9
7
37
1
1
1
1
1
1
1362
1
41
1
1
10
60
3
1
1
1
2
17
2
1
19
7
6
1
1
56
4
12
11
122
2
2
1
4
508
3
18
2
1
1
2
71
4
2
1
19
1
4
4
4
1
1
4
1
1
3
8
7
64
48
15
1
1
9
4
3
66
1
5
2
27
648
1
1
1
3
104
2
3
18
52
1
1
3
2
2
1
4
5
12
1
8
5
3
6
1
32
1
9
5
1
1
1
55
1
1
8
1
14
1
1
30
1
1
1
1
1
2
1
384
1
6
3
1
20
1
1
1
14
29
3
2
14
6
29
2
2
10
65
1
13
113
2
1
4
1
15
2
373
10
2
6
4
20
1
1
5
2
1
1
35
1
2
2
1
2
1
1
3
6
4
1
1
1
1
2
2
1
1
16
1
13
3
4
194
11
1
104
1
4
1
2
48
6
4
10
9
3
2
2
1
3
1
2
1
13
1
1
1
6
1
9
4
16
1
1
1
7
1
3
1
2
1
14
1
32
37
1
53
3
1
8
6
1
3
1
3
147
2
3
6
1
1
2
2
7
1
9
3
28
4
1
8
37
3
9
71
55
1
3
4
3
1
1
44
2
3
2324
1
4
1
1
6
1
1
93
1
48
1
1
5
1
1
12
1
732
1
311
1
1
1
1
1
2
2
12
1
1
1
1044
2
11
486
1
20
1
15
14
2
1
1
175
1
1
1
2
9
2
1
4
1
9
216
1
1
12
1
3
3
2
1
36
2
5
7
1
1
5
7
3
370
3
29
7
20
171
1
5
1
566
36
1
1
3
1
1
24
5
2
1
25
3
2
171
11
1
1
2
1
2
58
18
2
1
15
2
131
5
5
1
1
5
336
2
1
1
1
1
1
2
3
1
1
35
1
63
8
2
1
15
1
1
1
20
2
39
20
8
1
3
1
1
8
2
1
1
2
1
1
3
8
13
1
15
1
10
2
5
2
1
1
140
87
11
4
5
1
1
55
5
1
1
1
4
8
2643
3
53
52
14
102
2
1
4
4
10
51
1
12
13
1
1
24
1
1
4
1
1
1
1
2
1
1
2
5
1
86
1
2
1
1
1
9
4
1
3
72
1
1
43
1
13
284
1
9
1
3
1111
5
1
1
1
2
15
1
2
2
43
1
8
154
18
1
2
1
31
4
4
3
1
1
6
28
28
2
14
1
62
9
2
2
180
1
1
11
15
1
15
2
6
9
5
4
16
1
4
1
9
18
1
5
15
38
3
1
1
1
1
8
1
2
4
1
1
13
1
1
140
2
1
1
3
11
1
10
3
2
1
1
1
5
1
1
14
1
2
14
2
1
1
2
1
3
9
1
8
400
5
11
53
367
5
3
4
21
4
1
3
66
39
1
2
1
1
3
1
75
1
8
1
49
1
1
2
3
7
1
3
1
3
1
126
11
5
5
6
4
1
1
5
2
2
1
6
1
25
1
10
6
1
5
1
1
1
1
13
1
40
1
1654
2
5
26
1
6
126
5
2
3
22
7
1
1
66
4
564
1
1
1
3
2
1
1
7
1
3
1
1
1
15
16
1
4
48
12
30
4
1
3
32
1
22
3
1
1
1
1
1
10
2
1
7
1
1
4
1
5
1
26
1
1
2
1
10
1
1
1
1
1
47
1
4
1
1
1
10
78
3
1
3
1
1
1
1
9
1
1
1
7
2
1153
4
1
6
4
2
41
3
34
6
3
11
1
1
2
16
1
18
1
1
4
2
7
6
1
3
2
1
1
378
2
7
1
5
4
27
1
74
2
1
1
1
1
2
1
5
1
1
9
14
1
10
1
1
1
1
1
10
1137
1
1
2
78
9
2
1
3
1
1
1
4
3
11
2
1
1
44
3
2
3
1
2
1
188
2
1
1
3
203
28
5
1
1
2
3
26
1
2
2
1
2
2
1
2
3
1
1
2
1
1
1
13
7
2
1
14
2
29
1
1
1
18
1
1
1
7
1
2
6
1
2
2
18
56
2
7
2
23
1
3
25
1
1
1
1
2
1
2
3
2
17
97
3
4
73
1
3
1
4
1
24
120
1
1
370
1
2
4
1
1
2
2
1
95
25
1
3
1
2
1
36
8
5
1
1
8
1
1
1
2
650
10
1
6
90
1
13
5
21
8
3
3
1
17
2
34
1
1
1
1
17
2
3
1
1
1
165
56
7
4
2
78
9
40
1
3
6
1
1
487
2
1
1
39
400
3
2
27
1
1
11
30
1
1
2
2
9
8
1
2
2
1
1
2
15
15
1
1
2
6
1
1029
11
1
1
50
3
3
2
14
2
1
1
3
59
1
1
2
1
14
4
1
29
1
1
1
1
1
1
1
1
1
4
16
8
1
2
2
1
1
1
2
3
923
4
234
1
9
20
1
61
16
2
2
1
1
2
10
7
1
39
3
2
3
2
64
1
1
2
1
1
2
6
1
2
111
1
2
2
2
1
5
1
4
1
160
2
1
1
2
2
6
31
2
1
1
2
1
112
44
3
1
3
2
1
7
55
4
1
3
1
2
4
5
6
8
1
1
1
1
3
1
1
1
1
399
1
3
30
3
1
2
2
1
15
5
9
179
1
1
2
1
9
7
1
2
1
4
38
2
1
3
3
2
12
1
152
4
6
2
6
3
1
1
2
1
2
1
1
3
2
1
1
1
2138
1
6
1
6
3
3
2
19
1
1
3
4
1
55
385
2
2
1
1
1
45
3
429
23
15
1
2
2
1
15
2
7
2
127
1
4
29
26
2
5
12
2
363
1
3
5
2432
5
1
1
4
1
1
1
1
23
1
5
14
4
7
1
12
74
2
31
13
1
3
1
1
1
2
3
1
1
5
19
10
1
2
2
1
14
32
149
1
8
3
1
72
7
1
2
2380
2
149
4
6
1
1
25
4
2
5
1
1
3
21
2
1
2
2
2
1
2
9
1
1
1
5
64
2
1
1
1
1
4
1
1
4
4
3
1
53
2
2
40
1
1
5
1
274
6
1
1
1
1
6
1
1
7
2
1
1
1
2
6
1
10
2
1
1
2
167
3
1
4
8
8
305
2
33
43
1
3
9
1
2
1
2
9
190
41
14
5
8
5
1
1
32
1
20
1
323
41
23
1
2
2
1
1
4
50
1
1
11
2
1
22
80
11
1
9
364
2
2
1
3
1
1
1
1
1
1
11
1
1
18
3
13
1
1
172
1
2
4
166
2
1
16
1
3
1
1
4
2499
2
1
5
2
301
5
1
151
53
1
17
3
2
29
3
17
1
1
1
8
8
1
1
7
1
1
171
9
57
11
1
1047
2
3
1
2
8
1
6
1
3
12
1
28
11
4
8
2
2
4
1
1
3
6
2
2
2
2
1
15
1
1
5
39
14
1
1
2
1
1
6
3
12
7
7
1
10
1
7
1
55
7
1
134
1
2
1
2
3
11
1
12
3
1
26
1
4
5
1
1
1
1
2
2
1
2
20
6
106
4
91
1
78
2
1
1
1
1
1
2
1
2
2
2
1
3
21
4
109
1
3
9
24
1
1
1
12
5
2
1
1
6
1
117
4
3
2
2
1
10
7
382
5
4
7
19
1
1
561
2
1275
1
1
2
1
8
1617
1
1
108
2
1
2
2
9
38
1
2
2
3
3
2
2
30
1
2
2
15
2
26
31
5
20
2
16
1
36
2
4
349
1
32
2
1
1
1
2
1
1
2
1
1010
2
1
2
3
11
2
16
2
1
3
1
12
3
1
25
10
2
1
3
7
22
1
22
8
1
1
2
1
1
2
44
9
634
1
16
23
2
134
1
72
1
1
19
1
2
1
7
869
2
1
16
2
1
2
7
10
1
14
21
1
1
2
1
2
4
1
2460
1
1
42
5
156
1
1
6
6
2
5
2
1
1
5
1
1
1
180
50
3
1
1
2
20
1
2
1
1
3
1
2
1
4
11
3
1
1
11
1
1
10
2
2
32
11
4
1
6
1
11
8
155
3
1
2
2
2
2
1
1
26
10
2
4
2
1
1
1
1
2
12
1
1
3
3
8
1
215
4
1
2
1
2
2065
1
1
1
1
1
3
13
1
1
7
1
5
4
21
2
1
2
1
3
1
4
7
20
16
102
1
1
1
4
12
1
28
1
1
6
4
25
1
1
1
1
4
3
27
1
2
1
6
6
1
21
1
16
5
1
2
1
1
40
2
2
9
8
1
2
3
4
1
3
5
1
12
2
10
3
1
9
11
7
1
59
5
2
3
2
11
1
8
1
40
101
1
1
1
3
2
23
8
1
21
16
1
2
8
7
4
1
13
19
1
1
8
1
29
1
54
1
1
6
1
5
2
1392
1
58
3
1
8
2
2
1
1
1
256
9
3
1
252
1
1
3
2
8
20
97
7
14
9
9
69
2
1
9
2
1
8
38
2
47
10
43
2
485
5
1
1
1
14
1
9
37
1
1
11
1
4
3
1
1
103
11
1
1
2
63
30
3
1
4
1
1
1
1
32
1
4
1
214
6
1
2
14
13
1
2
11
1
3
1552
4
4
1
691
1
6
2
5
57
25
8
1
4
2
1
24
1
4
1
5
1114
180
2
73
27
19
2
1
54
9
2
2
3
1
5
23
2
1
1
1
1
104
4
67
2
1
1
17
2
6
21
4
1
35
17
1
11
20
665
2
4
15
2
1
36
1
2
20
5
5
1
8
1
88
2
3
6
15
1
1
1
2
2
8
1
3
3
387
1
2
1
16
2
2
1
1
13
1
37
2
1
1
1111
1
4
10
4
213
8
5
337
44
9
1
3
1
4
13
2
2
8
1
2
3
2
1
1
4
7
256
32
1
182
21
1
1
1
2
6
4
3
21
4
1
3
4
1
1
506
1
1
2125
3
2
9
2
2
20
1
1
4
1
9
56
1
2
1
1
8
3
1
1067
86
1
1
1
1
12
4
6
1
1
1
1
50
1
2
1
3
1
19
4
2
1
6
7
13
1
1
2
1
3
4
5
1
24
5
1
1
4
2
30
1
6
1
1
4
2
38
46
1
1
1
6
31
5
18
1
1
26
22
2
1
1268
2
16
9
1
1
2
12
1
1
1
33
1
1
1
1
2
1
1
16
6
2
4
1
3
8
18
9
1
13
1
1
7
4
1
1
5
4
5
1
52
1
2
1
1
2
1
1
7
1
1
6
1
16
1
7
1
2
188
1
4
15
1
1
1
1
4
5
2
1
3
1
1
69
26
3
1
5
4
1
1
6
4
2
74
9
3
1
2
1
10
36
30
1
5
1
1
89
2
1
5
11
2
1
54
4
2
3
7
45
6
4
1
1
1
6
1
3
1
2
1
2
1
1
1
1
1
1
254
16
2
31
1897
1
2
6
1
2
1
3
1
2
2
3
21
17
15
2
1
1
1
2
2
1
66
1
7
1
3
2
9
1
1
3
151
9
1
1
2
1
2
1
5
2
5
1
20
1
4
4
1
25
2
1
1
1
1
6
3
1
1
1
1
8
1
2
1
8
3
2
250
7
5
4
75
3
1
1
1
1
3
2
1
85
1
1
1
2
3
3
3
156
2
14
8
1
13
1
6
1
41
3
5
5
8
1
5
1
25
19
11
1
2
1
257
21
1
3
1
2
6
1
2
215
2
9
3
1
25
1
30
1
19
4
24
1
2
1
1
1
160
7
5
1
2
193
1
3
1
2
1
8
444
3
8
39
21
1
1
26
3
13
13
67
3
1
5
2
3
67
2
1
6
1
2
1
2
9
3
1
1
3
1
117
1
29
6
1
1
1
1
4
1
13
18
1
1
1
2
1
3
1
4
1
25
11
1
11
1
46
1
54
1
1
14
90
11
2
6
3
4
6
16
2
23
33
4
894
1
1
1
9
1
2
5
1
1
1223
2
181
10
10
1
1
11
1
115
1
1
2
1
4
64
5
1
5
4
34
8
3
1
3
1
13
1
1
692
1
1
2
2
38
25
4
15
10
7
1
13
1089
1
4
2
1
1
3
3
2
4
19
1
1
4
102
4
11
161
1
33
17
1
1245
16
12
1
1
1
4
1
15
1
1
12
31
3
1
8
1
1
2
1
16
12
1
2
2
2
11
3
20
93
7
2
1
1
2
7
15
11
15
2
1
1
157
1471
13
9
1
1
2
1
1
11
1
4
1
1
2
1
6
1
2
6
182
2
13
2
9
1
1
7
1
49
1
94
1
1
7
8
2
4
1
4
1
25
7
15
1
5
1
1
36
1
1
1
7
46
4
2
1
1423
1
1
1
2
65
19
1
2
8
3
15
2
965
4
23
3
31
3
3
20
1
1
12
3
20
2
10
13
3
6
1
4
12
29
6
15
4
5
10
1
19
4
2
82
8
1
1
1
37
3
12
16
9
2
2
33
1
3
1
1
5
2
2
5
7
2
52
9
2
1
11
2
797
168
1
1
6
5
16
5
343
1
3
8
1
8
2
6
1
4
2
22
1
4
7
1
1
20
122
2
1
1
4
585
10
2
1
1
1
9
1
1
7
1
27
2
1
1
1
1
2
3
232
8
1
5
1
1
6
5
8
1
3
2
448
17
1
860
5
5
2
2
3
3
2
23
8
1
9
3
4
3
1
3
18
7
2
10
36
3
1
4
3
1
1
1
1
108
97
1
17
1
1
1
3
3
126
43
2
8
30
5
1
3
1
1
2
26
7
2
192
1
1
5
1
20
1
1
1
3
237
19
4
1
5
8
1
2
3
3
1
2
1
1
1
2
1
1
16
4
8
1
917
2
1
1
4
1
2
52
7
4
3
65
1
1
1
4
145
4
4
542
1
233
31
1
1
2
1
1
54
10
2
1
1
4
1
1
1
4
1
1
6
3
1
1
1
1
24
6
4
1
97
1
6
1
1
1
1
1
10
97
1
1
3
5
8
1
184
3
2
4
1
1
1
1
1
1
55
1
3
9
2
16
12
1
6
105
9
37
1
9
1
1
17
11
1
3
2
1
185
1
1
1
4
1
704
1
1
3
2
2
750
5
4
18
1
1
7
172
33
2
2
2
2
1
1
1
1
6
5
165
4
12
4
1
2
2
6
6
10
2
1
9
1
3
1
4
3
1
2
3
2
1
7
1
3
6
1
14
7
1
206
1
1
8
1
2
4
4
1
3
7
7
1
3
1
5
4
449
2
1
1
24
2
2
2
61
2
1
1
1
1
1
14
3
2
1
1
25
2
1
2
1
11
1
4
10
1
28
1
7
2
1
1
50
1155
8
1
1
2
1
1
1
5
1
2
1
2
2
3
1
7
246
1
1
2
1
179
7
1
2
1
2
1
2
20
1
18
1
1
47
3
272
1
5
1
2
7
1
4
1
11
1
52
1
4
2
9
1
1
1
1
1
14
3
1
1
6
3
8
7
1
1
13
19
11
2
24
3
3
7
1
1
1
2
9
2
2
1
2
5
2
1
2
2
9
1
1
1
2
4
28
1
74
1
14
1
1
2
13
1
1
33
3
2
2
33
36
1
2
3
1
1
2
1
5
1139
1
1
1
6
1
25
5
1
131
1
1
1
22
1
1
1
1
3
1
1
3
2
1
1
2
3
1
1
336
15
2
48
1
1
1290
4
3
3
1
5
2
12
36
2
29
4
1
1
1
3
5
3
1
5
2
7
26
1
56
3
1
70
137
6
107
6
3
1
1
2
131
16
64
143
1
6
1
299
1
262
1
1
5
2
1
1
288
1
1
330
9
4
14
284
2
5
1
326
2
2
124
41
1
4
1
2
12
3
1
4
1
47
2
2
4
1
1
1
1
1
1
1
7
14
1
4
5
1
1
1
2
2
3
7
6
2
1
5
2
2
1
2538
7
2
4
69
2
1
1
1
4
357
7
3
310
30
1
6
1
7
6
2
12
3
1
7
89
1
2
1
1
1
6
1
13
1
2
1
3
4
1
1
1
43
3
8
2
1
4
2
5
3
333
1
1
1
48
8
8
419
1
1
1
3
1
1
266
68
7
37
1
3
1
3
13
1
2
1
1
4
3
7
1
12
7
2
1
3
7
3
17
1
1
1
7
17
4
7
13
18
1
4
1
3
2
401
2
1
17
1
1
34
1391
1
652
2
4
26
6
1
1
1
1
1
4
1
1
1
2
1
2
974
4
1
1
35
1
35
1
1
2
2
2
2
34
253
2
1
10
29
17
1
120
3
1
4
2
3
10
1
1
2
14
1
8
7
3
16
1
1
25
11
5
5
1
3
6
1
21
1
2
4
7
1
1
1
1
8
41
104
3
1
2
6
4
4
4
1
1
2
1
1
2
1
5
1
1
519
859
2
3
50
1
2
1
84
3
1
1
2
1
1
1
10
4
1
1604
61
5
8
2
36
1
1
1
3
2
1
5
31
1
1
1
1
20
85
1
19
29
4
365
1
1
1
26
1
113
1
9
2
8
1
2
3
10
1
2
34
1
1
1
1
1
78
3
1
1
1
1
1
13
4
3
10
1595
56
1
10
1
1
1074
3
2
5
10
31
1
1
44
7
1
1
8
1
1
8
2
1
2
18
8
1
1
1
1
1
1
2715
22
3
8
2
1
1
5
1
2244
2
6
6
1
2
1
21
5
1
15
14
1
1
1
65
5
2
4
4
3
2
1
1
8
2
2
1
5
5
2
15
1
5
1
16
1
1
1
1
1
7
82
1
28
5
1
1
5
1
35
1
35
3
2
4
1
1
1
1
4
3
21
12
2
4
2
1
2
65
1
11
2
1
1
1
5
1
63
1
3
2
1
6
1
9
2
1
211
15
3
1
1
2
29
3
1997
7
2
1
1
18
2
6
1
103
1
1
17
4
1
1
1
3
1
1
1
122
1
1
1
14
142
1
2
1
5
15
9
1
1
257
1
34
1
1
10
6
1
135
1
10
4
1
148
1
1
1
3
1
1
1
7
1
50
6
768
1
4
2
1
483
39
42
1
1
2
1
15
116
1
1
1
1
9
1
4
3
230
3
2
1
3
3
1
81
2
3
37
2
14
2
3
3
1684
2
1
1
48
3
1
2
1
4
8
63
14
1
1
1
1
14
1
1
4
2
1
1
5
6
10
172
11
1
209
2
2
1
1
1
2
1
359
2
1
4
2
3
2
30
3
2
4
19
2
1
4
1
15
88
1
5
40
3
1
1
3
1
19
44
12
1
2
19
4
1
8
1
5
79
67
1
5
4
2
2
1
1
39
1
2
1
21
1
5
1
2
2
1
2
2
5
3
6
1863
2
1
1
1
2
2
11
246
1
1
4
4
16
1
1
1
1
1
1
3
1
25
24
1
1
8
7
23
3
2
5
1
179
2
1
1
28
1
3
1
18
1
1
1
2
3
1
1
279
37
65
5
17
111
1
5
3
1
1
12
44
1
11
1
1
2
10
5
1
1
6
3
26
8
3
1
1
17
11
3
1
1
1
1
2
1
7
1
4
31
30
1
1
7
6
69
13
2
3
1
2
6
10
1
21
5
1
9
1
5
24
11
157
5
4
8
1
3
59
1
1
124
2272
1
2
1
14
7
217
1
4
12
1
23
89
2
1
57
453
1
1
3
2
2
7
1
3
13
1
1747
1
14
11
1
2
77
2
5
2
2
38
9
1
1
7
1
1
30
1
83
1
1
2
2
3
1
47
1
1
1
1
16
1
1
4
3
7
34
1
1
2
41
1
2
1
3
1
2
6
264
1
1
24
4
33
1
1
239
1
11
115
1
114
1
3
1
1
1
1
2
1
1
1
2
2
1404
56
1
1
2
19
18
2
2
1
1
1
1
250
8
1
3
27
1
2
3
4
1
11
13
15
1
1
1
3
22
5
2
4
2
4
1
1
98
4
18
1
1
2
1
4
2
2
1
1
5
2
1
1
1
3
2
411
2
2
1
654
1
3
1
71
16
3
99
1
1
13
1
3
5
2
1
2
1
2
1
1
4
7
2
4
1
1
1
7
4
1
5
1
1
5
1
23
1
6
1
11
9
1
3
2
6
814
1
8
1
1
5
28
4
1
3
3
1
20
1
402
581
3
10
2
1
1
1
1
3
3
1
2
3
3
1
5
1
1
6
1
3
2
1
1
23
162
1
25
7
3
4
1
2
1
1
1
3
1
1
8
2
101
2
2
1
11
1009
3
1
1
1
958
1
2322
2
7
3
1
1
1181
10
1
25
5
19
1
2
14
13
2
2
5
1
11
1
16
12
2
3
2
27
4
3
1
1
1
4
1
35
1
1
16
2
1
1
13
6
1
2
21
4
1
764
10
2
1
1
4
491
1
1
2
148
4
1
1
2
1
1
1
48
1
1
115
20
1
390
1
4
3
4
1
1
2
19
3
16
1
6
1088
12
51
10
1
1
12
2
99
51
4
2
26
1
1
1
27
1
100
1
4
1
7
1
2
4
1
1
3
2
58
2
1
1
1
1
4
9
1
1
1
1
5
1
1
6
3
1
3
1
5
3
2
7
1
1
1
1
4
1
10
1
773
3
2
3
1
113
39
1
2
1
4
8
1
3
1
3
1
1
1
7
1
153
1
2
1
230
1
6
3
2
4
4
1
54
5
2
1
13
1
103
10
2
1
1
919
2063
2
8
1
25
124
1
16
29
1
10
2
1
2
1
4
3
2
6
6
2
6
3
1
1
88
2
1
15
1
348
2
1
1
2
2713
4
570
2
1
1
1
4
1
1
65
1
3
1
9
62
2
1
16
1
2
1
1
1
2
1
9
1
15
5
15
1
485
13
1
1
130
2
15
1
72
23
2
2
1
37
3
1
754
2
1
5
1
1
1
20
12
1
3
2
3
3
7
1
1
5
1
1893
1
2
1
1
3
1
1
1
2
3
2
1
23
1
8
10
1
2
1
8
2
4
1
9
7
3
36
1
17
1
1
19
36
1
1
110
68
56
2
20
1
5
1
1
3
1
606
1497
2
69
6
4
2
12
101
3
3
31
21
1
91
63
17
46
1
1
1
35
1
892
6
1
6
1
1
1
1
217
1
1
3
1
435
1
1
1
89
74
1
7
1
10
1
217
1
3
2
1
1
214
2
1
1
2
1
41
2
1
2
60
30
2
2
15
8
1
19
1
7
2
58
14
1
5
1
1
2
1
1
524
1
1
6
7
1
1
10
61
34
1
2
1
1
1
2
18
1
1
18
1
87
1
10
84
1
1
1
12
14
4
1
219
4
6
1
5
1
2
1
179
1
232
2
1
3
13
2
18
1
1
2
1
70
1
1
1
2
1
2
1
1
1
13
2
2
1
166
2
18
422
1
7
1
12
1
28
2
1
1
1
9
1
3
1
1
32
458
1
1
1
223
7
2
2
3
1
2
15
7
13
2
29
1
1
15
1
25
3
8
205
1
1
3
2
1
4
3
2
1
1
9
1
1
5
1
1
1
7
1
1
1
3
1
4
1
2
3
20
2
4
142
3
8
5
16
3
5
1
1
1
1
1
1
3
4
3
1
1
5
17
1
2
7
2
1
1
2
3
450
5
4
1
2
2
1
1
4
1
40
1
1
1
6
1
2
1
31
3
11
1
17
3
3
1
2
1
1
1
1
1
21
2
2
1
15
1
5
1
2
1
3
662
12
1
1
21
9
1
2
1
1
1
3
12
5
3
3
1
1
1
1101
20
2
7
39
3
1
3
1
63
1
103
20
4
42
1
8
5
2
1
1
1
1
1
1
1
14
2
91
22
46
1
1
10
6
3
33
1
3
3
2
7
1
1
8
1
1
1
9
1
10
1
1
2
1
322
2
5
4
2
4
1
7
88
2
1
8
52
2
1
17
7
10
2
1
97
4
1
2
1
6
21
1
22
3
9
1
2
1
1
4
4
1
32
1
6
10
18
1
1
14
4
1
1
1
2
5
1
3
2
1
1
45
1
3
2
12
3
5
1
1
1
11
9
1
1
1
2
3
3
1
2
3
1
12
1
4
2
1
1
1
95
2
2
1
12
1
337
1
1
27
1
7
1
1
22
22
20
5
6
1
93
45
2
2
20
307
7
13
33
407
1
3
1
1
6
2
3
2
168
1
87
1
1
1
1
24
2
1
5
2051
1
1
1
2
4
1
1
1
4
1
1
20
2
29
85
1
2
274
1
1
9
107
1
27
2
1
6
52
13
39
1
1
2
20
14
1
23
1
15
1
1
1
1
6
5
2
1
1
7
3
2
1
1
1
2
1
24
2
2
1
378
4
5
1
1
5
10
9
3
5
16
34
1
1
7
378
10
1
2
329
2
1
5
17
1
1
1
3
39
1
43
1
1
2
1
1
3
2
7
1
166
1
2
4
18
1
5
2
1
12
2
1
4
2
1
76
9
64
239
1
1
1
1
1
1
1
6
5
2
1
1
1
4
1
1
1
1
1
2
14
3
3
1
1
1
2
3
2
1
84
2
1
1
6
1
170
3
18
2
1
1
1
1
3
1
171
11
38
4
1
1
7
1
3
1
11
46
2
2
6
112
7
43
1399
4
5
3
8
2
1389
21
1
1
46
1
4
215
2
2
16
2176
1
1
1
2
1
1
114
960
9
2
1
25
12
1
2
6
2
154
7
8
2
1
21
4
2
3
4
6
113
2
3
6
11
1
2
2
2
3
4
3
160
1
12
1
2
11
1
4
1
12
352
1
26
2
7
42
1
2
1
1
1
1
1
10
3
2
15
192
1
2
1
11
1
6
3
1
3
3
1
59
2
1
1
1
5
1
1
5
1
1
1
6
1
9
2
8
3
1
2
2
5
1
12
1
150
1
246
6
2
4
2
8
694
1
13
41
1
1
154
30
13
2
231
1
1
256
3
3
2
41
217
11
12
2
3
3
3
1
11
3
1
3
1
4
2
4
14
183
1
14
44
4
2
1
1
1
1
8
1
1
3
6
2
1
1
241
123
4
2
1
3
1
31
3
1
405
240
3
1
1
13
1
1
51
4
2
1
205
23
3
1
2
16
1
1
1
19
1
13
17
1
1
2
9
1
1
1
3
26
1
4
1
3
44
3
2
56
5
35
1
3
1
4
1
1
11
1
1
8
17
2
2
1
269
1
42
24
2
46
455
1
1
4
31
4
1
2
1
1
21
8
1
1
3
15
7
1
4
12
1
19
4
1
1
2
1
2
1
6
1
1
15
1
3
2
1
4
9
6
1
5
1
1
1
3
1
5
12
14
205
5
13
3
238
95
1
10
1
1
12
1
1
18
2
2
1
1
8
52
1
2
3
3
1
1
20
2
140
2
1
8
3
1
5
11
35
1
1
2
1
2
2
1
31
3
7
1
2
1
1
325
1
12
5
6
1
11
3
10
33
3
1
17
1
236
1
2
4
19
5
4
1
5
2
2
1
14
1
55
1
9
1
1
11
1
1
1
20
200
10
17
9
17
1
11
1
21
1
1
1
43
5
1
1
1
10
1
1
65
1
1
10
19
48
31
1
8
1
68
592
2
5
2
13
1
1
2
2
1
1
1
13
1
2
2
43
72
1
1
5
122
1
1
66
1
1
1
1
847
16
1
4
10
1
3
2
2
1
1
3
1
1
2
9
391
3
6
2
47
8
7
1
1
1
1
2
1
10
5
1
3
4
161
2
5
1
1
4
1
1
1
7
7
2
1
54
5
67
15
1
1
34
1
13
1970
11
9
3
1
16
2
1906
20
1
1
2
7
1
1
2
1
5
11
1
1
1
2
12
3
2
1
1
4
33
1
1
57
1841
2
1
5
1
344
107
1
2
6
1
2
1
1
3
39
2
2
114
47
1
5
11
8
23
74
1
210
1
15
1
1
1
1
1
1
798
3
2
1
2
164
7
1
6
2
2
1
1
1
1
43
2
7
1
14
2
12
1
9
15
1
2
2
221
2
95
1
11
2
830
19
6
2
3
2
4
1
1
2
2
1
10
6
8
24
1
2
2
5
2
1
87
257
7
221
112
1
2
1
18
1
2
1
9
2620
2
1
7
11
6
7
1
2
2
7
1
1
1
3
24
5
6
1
2
9
19
451
1
13
28
5
1
87
1
2
7
16
3
4
6
1
76
1
1
2
22
1
1
1
1
42
1
13
1
1
1
1
4
1
2
63
13
1
734
1
1
12
1
2
1
603
1
1
12
2
41
475
3
6
6
3
5
1
1
2
1
1
1
63
1
15
10
2
1
1
120
1
2
1
2
26
1
1
1
16
6
2
1
2
1
32
2
168
1
3
1
1
15
6
4
9
3
1
1
8
13
3
1
2
1
6
1
2
2
7
2
1
25
6
5
1
5
2
3
1
11
1722
4
102
1
1
312
6
3
1
1
67
3
298
18
1
1
7
1
2
3
1
2
1
1673
6
1
1
1
3
1
1
1
9
10
1
4
1
1
1
620
2
16
15
1
1
104
3
2
12
1
2
4
1
4
1
1
1
27
34
18
1
7
2
12
33
2
3
88
1
1
2
7
3
125
1
1
4
1
1
1
46
6
3
1
2
4
1
75
62
1
117
3
1
7
1
5
1
1
1
8
1
5
1
7
5
1
2
3
203
1
851
1
2
1
2
1
5
19
3
4
3
4
29
1
1
2
4
1
19
35
1
1
1
4
4
2
1
38
1
1
3
3
6
3
1
1
2
2
51
1
96
2
2
24
1
7
2
1
2
1
9
1
1
1
4
1
6
1
4
3
2
44
1
28
1
2
1
15
1
4
1
33
1
528
2
3
12
53
2
3
1
2
1
3
2
1
1
4
750
5
2021
13
22
1
1
2
1
6
1
5
46
1
574
1
1
36
4
1
1
8
1
6
2
1
30
1
1
25
92
3
17
2
8
1
2
10
2
4
1
1
1
1
6
2
57
31
3
1
1
1
2
3
25
2
2
1
1
40
21
1
6
748
1
1
5
2
2
1
1
1
1
1
1
1
1
7
3
2
3
1
5
9
1
98
2
35
6
13
9
1
3
1
2
1
3
1
1
11
9
14
21
1
4
2
3
1
2
3
5
7
2
6
2
2
1
1
22
12
1
10
28
337
1
8
3
8
1
267
4
38
1
1
1
14
8
1
35
1
6
4
1
39
4
2
36
3
1
1
2
1
1
4
5
42
3
1
3
3
1
1
1
4
4
20
3
1
1
19
531
8
1
1
1
13
2
1
1
1
1
7
1
1
57
1
6
24
1
88
2
4
1
3
3
2
1
2
1
1
2
2
1
1
8
1
1
2
1
8
1
7
1
1
54
6
1
11
4
8
4
2
2
1
202
1
7
1
1
9
1
2
41
10
1
1
1
1
12
1
3
1
2
2
146
731
5
118
1
1
2
1
1
1
40
1
1593
182
2
1
1
3
1
1
3
1
1
32
4
4
3
5
1
1
11
4
9
9
1
5
3
1
18
4
11
3
7
4
1
3
14
19
1
1
2
1
6
8
94
1
4
1
1
1
1
1
2
1
132
90
1
1
1
1
19
1
3
2
1
4
1
4
8
1
1
1
1
3
2
24
1
36
3
9
1
1
3
1
2
3
4
2
1
9
1
1
800
1
5
25
3
20
1
2
1
3
1
1
4
1
2
3
2
1
2
71
1
24
112
2
4
5
1
5
14
1
98
13
5
1
1
2
3
5
1
1
2
1
1
18
1
2
20
1
2
2
2
12
1
1
4
241
1
2
56
1
3
1
3
2
2
1
1
94
23
1
1
1
12
1
24
1
1
3
1
2
1
1
17
8
1
1470
1
5
97
2
1
1
1
1
1
3
1
1
4
1
7
2
1
6
1
1
3
1
2
1
2
2
3
2
1
1
1
1
5
1
2
1
9
1
51
1
3
3
3
116
1
1
603
2
2
1
1
63
1
19
3
1
1
6
1
1
179
6
110
1
5
3
51
78
1
2
50
1
1
1
3
1
6
10
1
1
2
1
527
4
1
2
3
1
20
4
1
42
1
1
11
6
1
4
5
5
1149
1
1
1
3
2
1
2
2
4
3
1
2
2
6
1
15
6
1
9
2
25
1
1
3
19
2
4
1
3
7
2
2
6
1
494
11
1
2
3
2
2
9
13
24
3
1
1
6
1
6
6
8
4
1
31
25
1
2
1
1
8
2565
560
59
1
6
3
2
2
3
1
1
1
1
426
63
5
2
10
1
1
4
11
6
1
30
2
113
1
1
3
6
3
1
4
2
1
24
2
7
1
1
4
2
7
5
32
1
1
1
1
2
61
2265
84
2
24
3
1
1
1
3
1
4
30
14
31
1
2
1
3
14
4
3
2
17
1
9
2
1
1
109
1
1
4
1
19
36
2
2
1
2
1
5
1
5
3
1
279
45
1
8
1
4
16
2
1
3
4
11
18
2
31
17
2
1
23
2
10
1
74
1
27
105
7
7
1
1
7
2
3
1
2
3
4
8
1
1
1
27
1
3
4
1
234
11
1
1
1
1
6
200
79
212
1
92
1
4
2
488
98
1
6
1
1
19
10
1
1
27
1
13
10
1
31
1
2
2
11
1
1
314
61
7
4
3
1
1
1
36
5
3
97
3
383
1
1
1
2
1
1
4
1
2
4
1
4
5
95
5
99
1
249
31
1
7
1
1
7
2
1
225
1
1
6
1
1
1
4
2
1
2
1
3
8
1
1
1
2
15
6
41
1
6
1
7
52
6
1
1
2
14
1
14
10
1
9
21
1
1
2
1
2
32
4
22
2
2
10
2
1
1
1
1
7
2
9
5
1
1
8
1
16
6
10
85
3
2
182
70
1
4
1
4
1
2
1
2
3
1
1
1
2
1
2
2
1
2
1
1
5
1
8
9
264
51
15
1
5
1
1
2
1
3
6
74
133
4
2
1
30
2
2
2
19
14
14
1
1
1
2
1
2
1
2341
8
31
2
1
1
1
1
14
4
4
39
2
1
10
2
15
39
2
3
3
4
7
18
2
1
1
2
1
1
74
4
2
271
8
13
1
10
2
1
88
1
2
7
2
83
1
1
1
61
3
1
25
1
7
71
1
4
9
1
1
4
4
1
1
26
4
615
1
2
2
5
2
1
1
4
1
67
1
1
15
3
1
5
2
4
29
1
6
2
3
1
102
1
3
1
1
1
2
1
6
200
2
1
1
16
1
3
1
1
3
2
6
6
3
2
1
3
2
17
743
12
24
1
37
52
3
1
2
50
21
1
2
1
2
1
1
17
23
11
20
2
5
81
4
3
2
45
28
1
2
161
2
1
1
14
19
1
14
4
1
1
5
66
2
1
1
29
1
8
1
1
1
3
1
1
4
7
2
2
5
11
2
53
9
24
1
1577
1
219
1
1
104
1
1
1
1
6
2
17
1
6
26
2
1
1
8
1
23
9
22
34
7
1
21
1
5
3
7
1
1
9
1
3
7
1
1
59
3
3
1
2
5
2
145
8
3
55
1
4
1
1
4
67
72
2
17
1
1
1
5
5
533
1
1
2
10
8
1
680
1
6
1
8
6
18
18
1
1
141
43
2
1
9
1
2
1
69
43
1
1
1
26
18
5
4
2
1
2
2
25
1
1
5
6
25
4
2
5
1
10
7
4
3
21
49
2
1
1
7
3
114
1
1
2
1
1
683
2
1
9
1
7
14
1
11
1
1
2
67
945
1
1
1
1
19
1
3
2
17
1
1
2
2
27
1
197
1
1
1
1
2
2
2
3
12
6
1
9
1
31
1
151
2
8
56
15
65
2
3
1
23
86
2
8
3
5
1
107
1
566
2441
2
2
1
8
415
2
3
32
9
42
1
81
1
2
24
1
1
394
2
12
1
1
3
1
3
5
1
1
1
2
22
63
1
3
2
5
111
1
39
43
86
1
1
1
1
1
2
991
22
11
1
2
1
210
1
1
2
1
2
1
1
68
2
2
2
10
1
135
1
1
1
1
21
1
3
1
2
397
1
24
3
1
1
2
1
3
1
1
3
1
9
1
3
266
2
4
63
40
4
10
1
4
8
1
4
1
3
2
1
174
52
1
2
1
1
1
1
2
2
1
1
1
2
2
3
2
1
50
3
1
1
13
2
1
1
1
97
20
1
2
3
1
1
1
4
1
1
4
11
1
3
1
1
4
1
1
1
1
1
64
3
4
9
67
1
4
1
1
1
1
1
4
2
1
1
16
1
2
1
11
10
1
4
3
1
3
1
121
1
4
1418
1
1
1
2
3
1
1
2
1
119
3
13
3
1
10
11
13
4
7
4
2
1
1
1
17
347
7
6
2
2
1
16
1
1
18
4
2
1
1
1
9
1
1
1
16
1
2
1
1
1
5
1
1
2
1
8
9
7
1
1
1
5
1
41
1
2
9
1
1
2
2
2
14
1
1
78
4
1
1
2
14
1
5
2
6
3
1
4
6
4
108
7
6
1
35
3
1143
1
9
1
1
1
1
7
77
8
3
40
6
1
1
2
3
2
1
7
2691
3
243
1
850
3
3
200
58
1
1
1
1
1
1
1
3
1
4
5
10
1
3
2
1
2
1
1
173
1
2
8
58
1
7
5
1
1
2
1
5
1
596
2
2
1
3
3
2
87
1
1
4
1
3
1
1
1
188
2
3
4
10
2
2
9
4
1918
353
1
1
2
5
1
1
1
2
2
111
1
7
1
1
6
9
3
3
1
3
1
497
1
50
1
1
26
123
15
3
3
1
1
5
1
1
2752
1
1
1
1
22
1
10
9
1
1
2
1
1
1
4
3
1
4
29
1
9
4
1
1
21
1
1
1
1
7
1
2
54
1
1
1
13
1
12
4
1
1
3
1
8
18
1
3
4
6
17
613
17
2
1
1
17
2
1
563
1
1
142
3
22
1
1
1
24
1
21
1
5
410
1
6
9
15
1
4
8
1
2
2
3
2
1
1
1
2
196
1
1091
3
1
460
1
3
8
5
235
3
1172
1
1
42
1
2
3
120
2
251
38
8
179
290
3
1
1
5
11
1
1
1
10
1
1
2
54
7
2
89
3
2
1
1
3
1
2
1108
4
64
2
1
1
2
34
11
1
39
1
9
1
2
1
1
1
1
2
1
2
1
1
2
7
1
4
1
1
5
9
1
1
2
1
3
5
7
7
458
16
1
9
64
1
5
20
9
2
3
3
5
3
25
18
1
2
7
5
1
1
3
8
1
8
3
2
1
246
1
1
3
2
15
2
1
1
49
6
1
1
1
11
167
1
85
2
4
1
2
1
6
6
1
2
1
2
1
6
2
1
18
29
74
188
76
1
1
2
1
1266
1
3
59
6
2
1
1
18
1
2
2
3
1
1
10
1
6
1
1
36
1
3
1
4
254
12
1
10
2
1
1
1
86
518
1
2
11
2
8
1
38
1
3
1
1
1
1
1
1
2
1
3
6
1
2
5
25
1
295
3
1
2257
1
1
1
1
19
91
1
2
10
1
1
12
1
1
17
1
3
2
5
3
1
294
1
2
1
1
1
8
56
16
2
1
1
4
1956
1
2
3
7
1
1
1
1
1
9
1
1
6
13
3
1
8
10
1
1
1
1
18
1
1
17
251
1
2
1
1
1
2
3
1
6
1
1
4
8
1
2
193
1
10
1
1
1
8
42
1
3
24
1
2
198
2
1
2
75
1
5
2
5
148
9
214
3
2
6
3
4
1
10
1
9
41
28
2
1
1
1
1
2
1
1
46
1
1
2
40
1
1
1
1
2
25
1
99
2
1
1
1
3
21
125
1330
69
3
1
1
4
8
1
1
4
168
8
1
2
102
1
2
1
1
4
1
8
1
105
469
5
1
3
1
1
17
1
1
2
1
1
1
2
1
12
24
2
1
4
1
1
2
4
1
2
18
1
1
70
1
1
22
4
5
12
1
2
2
1
4
145
14
6
1
10
18
1
1
3
1
1
6
7
3
1
1
1
13
1
1
1
2
3
19
1
1
1
14
11
1803
1
6
30
18
12
4
3
109
8
1
6
7
2
1
42
13
1
13
1
1
25
3
11
1
1
3
1
15
1
1
11
21
1
2
3
1
75
4
1
21
1
4
22
4
1
2
149
1
22
1
1
52
1
45
1
6
6
1
1
2
1
3
10
12
1
6
11
1
13
1
1
1
1
5
2
6
32
1
73
1
1
30
1
6
3
3
1
1
1
75
17
11
4
1
9
1
1
96
5
2
4
3
3
3
9
21
10
1
1
258
1
2
1
13
2
63
2
5
1
7
8
32
1
1
1
4
2
3
8
884
6
2
5
50
4
1
1
1
2
1
1
44
4
5
40
9
1
7
6
27
2
39
7
1
1
33
1
1
3
1
4
2
1
5
4
5
101
2
1
92
1
1
4
1
1
1
3
2
4
20
33
1
3
1
28
1
1
23
4
18
3
1
1
2
1
4
10
1
3
165
1
10
1
9
2
1
1
1
5
1
4
11
3
1
52
1
489
1
2
1
9
29
5
16
73
3
2
1
596
1
5
3
1
1
3
2
1
1
1
8
1
1
10
2
1
2
3
7
1
14
64
1
20
2
1
2
1
16
16
8
1
574
2
10
19
1
1
11
20
10
1
1
1
43
1
6
3
1
1
11
3
2
1
2
176
3
1
1
1
2
1
3
2
2
1
1
1
1
2
1
2
1
2
1
1
1
3
43
4
30
1
1
148
4
2
1
48
2
1
3
3
1
1
14
1
1
18
186
1
2071
41
2
1
1
95
2
30
1
12
15
9
1
1
13
1
1
1
2
1
3
1
1
1
1
2
169
4
12
1
705
1
2
6
10
2
1
7
1
2
1
1
1
5
1
1
1
5
2
1
8
1
5
2
1
184
1
1
7
5
1395
1
1
3
38
1
1
1
10
1
4
1
1
7
7
14
6
1
1
1
1
1
11
1
1
3
1
1
1
1
1
1
5
2
1
1
90
5
2
1
1
1
1
1
40
1
7
19
1
4
2
32
1
80
1
2
1
1
12
2
1
43
2
8
1
21
1
2
5
1
3
1
1
5
1
7
1
1
3
1
11
9
2
65
1
36
439
9
2
4
2
51
1
4
29
37
3
3
1
1
3
2
52
1
454
7
2
2
1
8
4
2
2
2
1
15
2
1
9
6
3
1
1
1
2
1
58
5
1
2
1
2
2
3
1127
1
6
15
30
5
2
2
11
1
1
1
2
1
19
6
1
3
2
1
3
9
2
44
2
5
1
1
19
17
2
4
3
1
1
1
146
1
9
1
1
1
5
1
2
4
2
2
1759
1
7
12
3
1
1
1
1
1
1
103
2
3
1
2
1
2
1
1
54
1
1
1
1
44
1
707
4
3
2
1
5
265
1
9
7
1
2
10
66
36
5
1
36
1
2269
1
1
1
1
1
3
1
5
1
43
2
4
58
1
16
3
1
198
1
3
3
1
2
3
11
2
7
1
1
4
2
11
1
5
4
6
3
3
2
1
4
1
1
2
2
3
27
13
1
4
4
1
63
1
214
4
20
13
2
152
5
1
1
1501
8
25
1
6
2
1
15
5
8
1
1
2
1
12
90
2
1
1
1
27
2
669
4
1
345
2
1
2
3
9
35
1
1
1
2
14
2
1
1
57
1
1
1
1
54
12
5
1
1
3
32
17
4
159
1
1
9
1
1
13
2
1
23
5
1
1
73
5
6
8
29
1
2
6
1
167
2
1
1
1
58
73
1
3
1
1
4
4
1
3
1
23
2
2
1
1
1
1
17
7
2
1
2
1
1
1
1
1
15
1
2
2
1
5
1
106
30
1
5
3
12
4
1
4
6
5
1
1
29
1
1
1
298
50
1
1
2635
6
1
2
1
24
34
1
1
1
3
2
1
1451
2
2
1
2
4
480
3
3
1
1
10
532
3
5
6
1
33
32
34
116
3
3
3
34
1
3
45
1
1
1
2
986
6
65
17
1
3
2
5
87
1
5
1
1
68
9
3
7
1
1
21
2
1
1
6
4
10
136
14
1
2
65
42
2
1
2
15
2
25
1
1884
1
7
3
6
1
1
3
1
5
188
20
5
1
1
1
1
2
3
1
1
3
15
6
2
4
191
22
2
52
1
1
1
1
6
1
1
20
5
1
6
2
2
1
3
2
1
16
1
3
21
1
2
3
1
2
5
1
2
19
5
11
41
5
1
2
1
17
100
1
1
76
1
2
1
9
4
2
1
2
33
7
16
1
1
26
2
1
1
1
1
29
2
6
1
2
7
1
1
1
2
6
1
7
6
2
1
2
1
2
9
1
19
1
8
33
267
1
1
1
1
6
1
3
3
44
2
1
1
1
1
1
1
14
1
4
1
12
1
2
1
1
75
1
1
6
5
7
1
46
4
4
5
11
1
1
4
8
1
1
4
1
66
13
1
13
1
40
8
1
1
454
1
5
10
2
30
45
1
2
2
1
2
116
9
1
5
3
1
10
6
2
1
2
1
3
2
1
3
1
1
3
2
5
1
1
6
1
1
9
127
5
8
1
1
1
58
1
1
3
4
148
2
1
3
1
2590
1
82
1
13
2
2
2
1
234
644
6
1
3
3
6
6
4
2
6
1
1
1
1
1
1
1
1
1
268
6
1
3
2
1
1
1
1
3
1245
1
4
5
2
1
3
2
2
54
2
3
1
1
1
1
20
1
3
4
17
15
7
1
39
16
2
13
8
1
2
12
177
1
4
4
10
1
2
1
1
1
1
1
1
1
2
12
11
13
57
1
53
7
2
5
2
430
5
6
1
3
1
6
452
2
5
1
3
5
2
9
4
69
1
1
31
547
1
3
1
2344
3
6
4
1
1
2
1
1
1
4
1
2
2
1
37
2
1
1
15
2
33
1
14
2
1
3
1
4
79
8
1
2
19
1
131
1
1
2
1
4
1
916
2
1
28
24
2
80
1
2
1
1
1
1
2
4
2
1
1
55
3
2
234
2
3
1
2
9
3
2
16
3
1
42
2
1
2
1
5
1
1
1
1
1
63
51
1
1
1
2
117
7
6
2
1
2
3
15
1
1
1
14
4
4
10
1
4
23
3
1
2
2
2
7
1
2
4
1
1
2
14
30
2
11
208
76
1
7
1
1
29
1
5
7
2
2
1
7
2
1
1
3
56
7
3
2252
1
109
2
4
1
5
1
1
52
15
1
1
1
2
9
1
2
1
24
3
1
2
24
13
2
2
3
1
3
2
1
3
5
5
1
1
1095
8
2
1
1
2
16
1
1
1
3
153
3
1
4
12
7
36
1
118
3
1
1
4
1
1
20
11
1
2
28
10
1
57
4
1
2
684
1
1
2
195
1
257
6
5
1
1
2
1
1
11
17
2
1
1
2
1
2
2
8
6
555
1
5
4
2
1
2
1
1
297
1
1
1
1
1
4
1
21
147
147
1
1
5
28
2
1
14
1
1
3
1
1
2
5
62
8
1996
34
1
1
3
4
1
1
10
18
2
2
809
5
2
1
1
1
3
1
96
2
3
2
4
5
1
6
3
2
1
2
1
4
3
2
5
15
1
9
5
1
1
107
2
5
3
17
2
8
1
47
12
4
23
23
23
4
1
11
1
1
1
1
3
1
2
12
1
7
1
1
61
57
3
86
4
3
4
1
14
12
2
4
31
4
3
1
119
2
48
3
2
1
50
37
7
155
2
1
1
1
21
1
8
11
13
2
108
7
1
3
3
5
23
10
11
2
1
6
1
99
3
1
2
2
1
1
2
154
2
1
1
15
4
3
365
1
72
14
1
1
46
1
61
3
29
1
4
4
2
1
1
9
1
82
20
1
2
19
1
2
1
3
1
1
1
1
3
7
259
6
1
612
12
1
1
1
1
13
3
3
5
6
2
2
1
2
3
4
1
8
1
1
1
1
2
2
1
7
5
1
3
1
1
1
16
138
1
1
9
1
421
11
134
3
7
1
1
1
1
23
17
2
3
166
3
15
2
2
1
2
2
3
2
5
158
1
3
1
2
1
1
2
2
1
135
2
2
2
1
2
150
2
26
48
3
1
1
22
7
5
1
6
11
3
1
9
1
205
1
20
1
4
17
2
9
6
3
2
2
1
4
1
1
10
3
2
1
3
8
733
1
8
1
53
2
61
1
36
43
2
1
13
18
1
3
2
4
4
2
43
2
802
1
5
1
260
1
15
74
21
11
1
1
1
2
3
1
3
9
5
163
1
1
4
1
1
3
1
22
3
1
19
18
492
1
7
1
2
1
1
1
1
1
8
57
2
2
3
1
1
3
3
52
11
1
4
1
5
9
1
7
2
1
2
15
2
14
6
1
1
13
2
2
3
10
4
13
33
1
1
40
1
2
1
2
22
1
2
51
13
1
107
46
1
3
50
7
1
1
20
1
19
2
2
12
1
1
10
21
8
5
1
7
19
6
3
704
20
13
4
3
6
2
22
1
2
6
15
141
28
3
2
8
1
1
637
1
3
1
1
1
116
11
30
17
2
38
1
3
1
1
1
1
1334
1
341
9
2
25
1
2
1
20
80
15
1
4
80
3
3
1
11
18
1
1
1
4
2
2
15
3
1
2
1
46
42
120
2269
2
23
1
1
1
2
2
6
66
118
1
7
2
1
4
2
2
1
27
2
3
41
18
32
5
5
1
1
16
7
1
3
2
42
1518
15
15
43
6
212
15
8
5
6
2
1
6
10
1
1
1
1
1
49
1
10
18
5
1
1
7
3
1
39
1
109
1
3
1
7
1
1
4
1
22
1
3
2
5
161
12
3
5
2
1
7
1
9
2
956
3
1
2
3
8
2
1
9
284
1
1
1
3
6
1748
1
1
1
1
54
2
8
391
10
1
1
2
2
1
1
1
16
8
35
1
1
23
1
17
1
1
37
2
1
1
241
1
2
1
7
1
3
10
1
52
5
16
1
4
1
1
2
1
1421
1
1
10
1
1
1
1
1
6
9
3
6
35
90
1
10
1
1
1
1
3
218
4
1
1
1
9
15
2
1
1
1
1018
3
19
5
2
45
71
1
68
1
5
1
5
2
2
2
1
1
1
2
198
1
2
5
4
1
1
49
1
8
2
2
1
1
4
1
1
1
1
16
1
1122
2
12
1
2
6
1
2
48
1
1
18
1
1
1
3
1
4
3
21
1
1
1
2190
1
1
1
1
1
1
50
2
2
1
2
1
90
2
2
1
3
1
1
26
1
1
133
186
1
1
1
28
3
25
30
2
1
2
2
4
4
2
24
1
1
80
1
911
6
1
15
4
8
2
1
1
1
1
7
5
1
1
1857
9
2
1079
177
2
2
1
1
9
1
1
1
2
33
23
2
15
2
1476
2
190
1
1
1
7
1
1
44
1
1
1
2
1
2
12
2
1
1
2
545
2
1
2
2
10
1
18
3
8
8
1
2
1
3
1
3
8
61
1
3
5
141
1
3
3
2
1
1
1
1
4
1
4
2
1
4
22
29
4
1
22
1
2
1
3
3
41
2
7
3
2
3
2
95
1
1
3
1
25
19
2
12
141
1
270
1
14
3
1
14
1
754
1
1
1
1
2
10
1
9
80
2
1
818
1
10
7
11
1
1
3
20
3
6
2230
1
2
6
3
2
6
1
1
2
1
41
1
1
20
716
18
13
7
5
1
1
1
1
3
1
7
5
12
15
1
7
2
1
10
276
6
1
4
1
5
1
2
1
1
1
1
1
10
1
1
1
1018
1
257
2
77
3
1
2279
14
2
2
1
1
1
1
4
1
3
5
3
983
14
1
11
18
29
5
5
11
74
3
157
2
2
19
5
1
3
22
6
1
1
6
11
2
1
1
2
46
1071
12
6
1
1
1
3
2
1
2
1
7
1
10
179
17
1
1
5
1
137
1
45
1
6
4
2
1
1
151
1
1
364
190
2
1
3
69
55
3
8
1
4
9
3
6
1
1
76
5
1
5
15
3
7
6
1
35
1
1
36
86
5
1
1
1
6
12
3
30
2
1
1
13
1
1
122
2
119
101
673
8
2
2
1
1
1
4
3
5
3
4
75
1
575
1
46
2
75
93
9
5
3
1
6
2
12
124
2
4
2
1
1
31
131
1
15
2
29
4
1
1
1
27
14
7
104
4
2
1
1
12
2
1
2
37
959
1
1
3
3
28
2538
1
9
1340
13
1
491
1
1
6
1
1
1
8
1
1
8
2
1
1
1
64
1
10
11
1
1
1
6
1
3
1
1
1
1
7
2
7
1
1
1
6
14
613
8
42
1421
7
2
1
1
22
75
1
125
2
9
2
4
1
83
3
99
2
2
19
1
3
2
6
2
2
1
34
1
2
1
43
1
2
1
2
5
1
13
1
9
9
2
2
1
1
1
2
3
701
3
5
4
1
1
1
1
14
37
84
1
1
6
1390
1
13
1
2
81
8
1
10
9
1
5
1
7
1
8
196
3
2
1
1
3
3
1
13
1
10
3
2
8
1
9
1
1
8
56
1
1
3
5
1
1
1
12
776
21
11
3
2
1
1
3
20
53
1
2
1
39
4
11
2
4
111
223
7
25
7
55
12
32
173
1
2
4
3
3
2
3
1
4
2
2
2
1
4
3
10
34
1
2
19
1
3
456
6
1
5
2
3
1
5
1
1
1
1
1
8
4
5
1
441
1
21
1
1
6
14
11
1
4
3
1
1
2
7
24
2
3
4
18
1
3
2
1
12
2
2
1
1
10
40
1
35
65
3
4
1
1
2
1
14
51
1
2
1
1
3
1
2
37
12
1
4
2
1
9
1
2
3
1
1
1
1
1
3
60
2
23
4
3
2
1
4
2
1
1
1
2
5
43
1
1
1
4
2
2
4
26
1
4
10
6
2
4
2
855
17
2
3
2
5
25
2
185
11
1
1
1
3
3
370
25
2
1
4
1
2
4
1
21
1
2
418
1
2
801
2
1
5
1
1
7
4
1
2
2
271
13
1
115
2
1908
1
1
19
7
245
1
1
15
13
2
3
1
1
12
16
2
1
168
22
3
1
40
3
21
45
1
1
1
1763
1
1
1
1
2
6
4
755
425
1
77
1
24
1
1
1
12
1
30
1
8
1
1
2
1
3
4
3
1
316
10
1
1
1
4
1
1
1
2
11
10
1
4
18
2
1
9
4
9
9
6
1
1
5
1
1
35
70
1
5
123
1
4
5
6
36
3
1
13
1
1
22
1
1
11
18
10
1
1
2
2
1
1
1
2
1
33
1
7
1
2
1
1
1
54
1
3
1
7
1
1
1
11
1
2
115
1804
1
3
1
17
61
2
11
2
1
1
10
2
5
3
62
2
269
1
1378
1
1
1
1
155
2532
1
2
1
1
2
5
4
10
29
12
3
6
1
3
3
22
9
3
2
1
3
1
1
1
1
1
3
2
2
4
22
3
1
36
1
1
1
1
1
7
10
21
1
1
126
2
1
1
4
613
22
1
1
242
1
12
1
5
1
6
1
1
1
18
1
1
6
1
7
4
1
2
4
1
1
164
4
11
193
1
1
1
2
1
5
2
2
1
1
7
3
1
56
1
5
1
1
3
7
1
3
8
1
1
2
1
6
14
6
1
1
1
6
1
1
3
155
3
20
5
40
3
1
1
31
1
2
3
24
2
3
2
1
1
5
13
21
9
2
3
24
1
5
123
1
2
12
1
25
1
1
7
3
14
4
4
1
241
1
4
2
1
1
1
1
17
1
6
8
1
5
1
2
1
4
1
7
10
5
12
3
2
2
1
1
9
1
2
2
1
6
1
2
5
1
4
2088
3
11
41
1
4
1
1
39
1
9
1
25
5
149
6
1
1
1
2
23
19
11
1
22
1
11
1
1
1
8
1
1
4
1
37
2
1
2
1
1
12
1
1
1
1
1
689
2
1
8
1
1
3
1
111
2
1
2
1
13
6
4
17
1
5
2
2
3
1
1
1
2443
1
1
5
2
2
1
2
4
10
1
50
4
3
11
3
1
11
1
6
86
33
72
1
9
18
65
3
3
1
1
6
1
1
33
2
1
3
2
1300
2
2
3
1
2
1
3
4
1
1
8
1
5
6
2
2
7
1
1
1
1
15
2
8
2
41
2
1
1
1
2
546
2
1
5
1
5
1
64
4
1
45
5
1
2
1
1
3
1
6
1
3
1
22
2
1
8
1
3
5
2
264
1
4
1
5
1
1
1
1
17
1
1
1
3
1
2
5
1
1
1
2
1
11
1
21
1
15
1
3
1
11
10
1
1
2
6
4
5
1
1
2
1
4
14
12
51
1
1
1
13
1
4
3
1
1
5
1
14
1
6
3
3
1
1
2
1
1
102
1
3
1
4
1
1
1
2
13
2
111
9
1
1
10
1
1
2
3
1
331
12
13
11
1
4
5
4
2
1
20
1
46
1
7
1
9
2
1
3
1
47
1
1
1
51
2
20
1
1
2
1
3
2
2
2
2
3
9
11
1
9
1
2
1
2
20
736
7
75
6
66
2
1
1
1
1
20
37
2
3
1
12
2
2537
4
2
1
1771
2
2
1
4
1
1
1
1
20
2
11
3
1
1
118
1
4
13
10
1
1
2
8
79
1
22
1
1
1
7
123
1
3
1
3
11
184
13
1
2
27
2
1
1
6
1
1
1
3
11
1
1
30
2
1
1
17
8
3
9
1
179
16
12
5
3
2
32
31
1
1
15
549
161
85
2
46
2
1
7
10
1
2698
2
1
1
1
2
1
3
1
1
2
1
1
66
2
1
2
1
1
1
25
1
45
36
1
8
2
4
2
29
1
1
3
208
2
3
4
19
6
2
2
2
211
9
3
2
8
2
1
8
1
1
1
2
1
11
7
10
2
1
2
1
1
1
1
2
1
41
1
5
2
3
1
6
62
2
1
3
3
233
74
4
1
1067
1
1
9
9
1
3
1
1
1
1
1
9
12
2
1
11
6
1
1
101
2
4
1
21
1
2
1
1
1
1
3
5
1
33
5
1
1438
2
1
1
1
7
2
278
2
1
1
1
20
1
2
1
49
1
85
29
1
5
2
6
1
1
2
2
1
1
1
2
1
94
4
29
4
15
2
1
1
10
4
9
4
1
1
10
3
3
97
1
1
1
2
2
1
1
46
1
14
71
7
1
82
1
5
1
1
1
1
2
1
63
3
983
2
2
1
1
2
10
45
22
13
4
14
22
90
1
1
1
1
5
3
4
4
1
2
1
13
2
75
1
2
1
8
1
1
5
10
8
1
1
486
1
1
3
2
3
2
14
10
1
291
169
3
2
1
2
15
7
1
1
1
1
2
119
1
2
2
3
3
8
106
27
1
145
1
8
2
1
2
50
1
2
11
9
14
160
2
16
3
1
15
1
1
6
335
26
1
2
3
43
1
15
4
7
5
15
9
5
15
5
2
5
1
19
9
136
2
3
2766
20
8
4
3
1
3
4
4
86
18
2
1
1
1
1
1818
3
1
1
7
20
1
7
1
1
2
2
1
4
108
1
1
1
34
1
1
3
7
4
2
3
13
10
1
6
5
2
5
1
4
1
2
1
3
2
5
1
1
4
6
4
1
141
1
2
1
1
2
204
34
2
1
1
31
156
1
1
1
4
63
3
1
14
1
2
1
4
134
17
1
58
1
14
1
1
1
1
383
1
6
2
4
1
6
1
315
2
2
296
1
1
3
114
21
3
1
1
21
22
1
1
2
1
23
3
1
1
56
1
10
1
1
2
26
1
6
759
36
1
14
1
6
5
18
30
1
2
3
1
1
16
18
30
12
1
2
2
34
6
1
1
2
2
27
5
29
1
4
3
1
1
60
4
37
2
1
1
1
1
17
37
74
7
1
1
1
7
1
15
1
10
1
3
10
1
1
60
1
1
16
1
1
1
1
70
1
580
528
23
9
1
24
1
5
1
1
4
1
2
3
5
1
1
1
4
1
1
78
1
1
1
12
10
1
1
8
2
2
1
108
6
85
1
2
1
15
1
1
1
14
2716
8
1
8
4
1
2
1
1
1
1
3
1
135
66
1
15
3
2
1
1
7
20
778
1
28
1
1
2
2
1
1
2
1
1
266
5
1
3
1
3
1
2
2
1
2
2
7
6
1
160
1
6
1
2
4
5
2680
4
6
2
1
23
2
1
12
5
1
1
1
1
5
1
1
3
2
1
1
2
9
1
3
2
16
2
688
13
1
6
10
1
1
65
1
1
1
4
3
1
22
1
7
3
1
3
1
11
5
1
4
5
5
6
1
11
1
7
1
43
14
20
1
14
1
10
11
1
3
3
1
5
2
1
1
7
6
1
2
2
6
1
5
1
1
1
1
4
10
1
1
5
3
50
1
29
1
1
2
1
2
2
7
4
2
1
6
1
1
3
2
4
1
223
7
4
1
1
1
2
14
6
236
6
1
1
543
1
1
25
8
4
1
4
58
4
2
2
61
30
1
1
3
53
2
1
1
15
2
2
1
9
351
1
1
1
18
40
1
1
3
2
1
5
2287
76
2
1
28
16
1
1
1
1
1
124
1
1
1
2627
3
2
302
1
2
2
42
1
1
4
1
7
3
11
51
105
257
13
1
2558
1
2
1
3
3
4
1
1
1
1
2
1
12
160
12
1
3
24
5
1
2
2
2
1
1
4
6
35
261
7
13
1
497
6
1
4
5
73
9
4
1
2
4
518
1
7
2
3
1
18
2
28
3
4
10
2
239
11
7
11
7
10
1
5
18
3
1
1
1
9
6
1
3
113
36
955
313
21
94
12
505
222
2
1
29
1
2
1
10
7
9
1
1
28
3
53
1
1
59
17
7
1
49
2
1
1
4
141
14
2
1
1
1801
14
168
7
120
10
18
1
5
7
16
12
570
1
4
6
3
2
45
1
8
4
1
159
32
14
2
9
2
1
1
308
1
34
41
1
1
1
23
32
149
5
1
1
42
4
1
14
1
2
1
2
15
2
4
1
1
5
3
1
1
25
2
2
12
16
1
1
12
4
1
2
9
5
1
1
2
4
5
1
1
1
1
1
9
2
3
6
1
1
1
1
1
1
6
1
3
1
4
1
5
1
1
4
3
4
2
1
3
1
1
1
6
1
1
3
4
1
63
1
2
1
1
1
4
6
198
1
3
12
1
8
1
11
1
3
3
1
2
2
1
1
1
31
7
1
1
712
16
1
3
1
5
12
3
36
1
3
7
2
3
1
1409
3
4
11
1034
1
25
105
5
1
1
4
1
1
8
1
1
1
2
3
1
4
1
3
89
2
4
2
4
1
12
2
2
1
25
1
2
1768
3
1
13
3
6
5
148
2134
81
1
1
1
305
1
1
1
1
6
1
1
1
1
1
1
10
3
2
1
2
9
5
249
73
1
114
1
12
3
1
2
1
1
4
2
67
8
3
3
71
4
1
3
2
1
11
1
2
1
1
1
2
18
2
1
92
1
1
2
1
1
2
48
1
1
1
5
517
3
15
10
1
7
2
1
1
1
1
1
2
1
1
2
1
407
1
5
1
3
1
3
1
1
3
13
5
1
101
5
1
1
2
21
4
1
4
1
3
19
1
3
1
1
1
2
3
1
1
86
2
14
1
1
3
1
3
1
1
1
3
1
1
99
2
5
1
1
37
5
165
3
4
54
4
2
13
2
486
28
1
1
35
1
82
1
372
51
24
1
2
5
1
4
3
76
125
1
3
30
20
3
10
11
6
11
9
4
3
5
1
793
1
224
206
3
2
2
1
1
2
12
1
1
97
10
35
33
1
1
1
6
1
19
15
1
2
1
1
1
2
16
1
1
50
9
7
1
3
278
2
56
2
7
1
8
1
646
6
6
4
2
1
82
7
1
1
1
1
7
1
50
3
1
2
20
1
16
12
1
2
1
1
9
1
2
2
4
1
1
2
7
26
15
1
259
2
18
2
1
1
1
1
1
4
33
2
2
9
2
1
4
1
10
1
1
74
16
38
916
5
1
25
2
23
1
1
31
64
17
1
3
2
3
2
1
77
5
6
3
3
1
21
2
1
1
1
1
1
2
15
3
7
1
1
20
2
1
1
124
1
1
1
1
1
62
3
55
2
57
41
1
4
4
1
3
1
3
111
2
4
2
25
1
3
1
3
1
1
13
5
3
3
1
1
1
1
95
2
23
30
63
4
1
4
3
1
1
84
1
1
6
3
6
1
11
1
3
8
2
1
19
2
25
15
1
23
7
19
2
521
1
2
2
2
4
48
1
1
54
1
2
2013
12
14
1
1
1
1
16
9
46
8
8
1
4
1
10
7
3
2
24
1
1
1
76
1
2
2
1
1
195
12
362
1
3
2
2
1
2
51
2
3
3
5
4
1
1
6
4
2
5
1
4
5
1
7
9
2
1
1
1
3
1
3
3
1
1
1
2
3
1
9
1
6
3
14
1
1
2
23
80
2
63
5
646
4
7
1
1
52
4
3
62
2
12
1
3
1
17
2
1
5
1
1
23
2
8
2
1
13
3
1
5
1
4
60
1
1
303
12
2
6
1
6
1
2
137
1741
3
9
2
5
4
8
4
2
3
6
1
3
1
35
2
1
1
8
1
8
213
2
63
2
1
328
3
7
2217
7
1
33
331
1
1
1
1
1
3
1
1
2
4
7
1
2
19
1
6
1
2
4
1
8
1
5
2
4
4
74
1
2
1
2
3
3
1
1
3
9
1
1221
8
1
103
26
1
2
6
22
25
3
7
3
24
20
3
9
23
142
2
48
14
6
1
4
1
6
1
25
270
6
1
1
9
2
1
107
4
1
49
6
24
1
91
1
2
2
3
45
66
1
1
134
30
135
31
1
1
8
9
1
2
1
1
1
1
3
2
10
4
9
43
9
4
3
20
11
2
34
1
1
2
1
51
38
1
1
2
57
1
3
2
1
1
2
1
1
1
1
70
12
13
8
66
8
2
13
13
1766
10
1
1
5
182
1
1
247
4
8
2600
13
28
3
1
7
2
1
2
29
1
1
2
8
228
3
8
3
1
1
8
1
27
10
1
1
9
1
1
2
25
1
6
1
2
1
1
1
1
1
1
1
1
3
3
1
1
4
35
26
1
4
12
2
2
22
1
5
4
1
3
12
4
3
2
1
1
1
1
37
20
1
1
33
1
1
8
3
1
1
1
4
14
1
2
3
1
11
14
1
1
3
44
14
62
21
1
1
4
13
1
1
1
2
1
15
4
6
1
2
9
60
1
1
1
6
48
5
1
1
5
151
1
9
2
2
1
2
3
2
2
1
2
2
6
44
1
55
1
1
4
18
108
1
3
1
1
30
137
2
1
2
46
24
1
70
5
245
1
6
1
1
2
2
1
2
1
1
2
1
1
5
4
1
1
1
2
1
2
1
575
3
2
84
1
1
68
2
2
3
3
1
6
4
1
1
1
3
21
1
1
13
254
2
2
1
2
1
1
5
1
2
27
1
1
2
1
2
1
10
8
10
2
2
2908
1
1
3
2
1
1
3
2
1
2
2
1
6
32
1
25
1
3
6
2
7
1
1
1
745
3
8
1826
1
15
1
11
4
1
3
2
5
336
12
3
1
2
3
3
4
1
75
5
1
1
19
5
8
4
2
1
1
1
1
99
1
1
1
7
1
1
15
1
1
1
1
1
1
7
1
2
1
852
6
453
1
3
1
94
2
4
3
1
98
2
70
2
2
102
1
1
1
3
2
11
221
4
76
3
3
4
5
18
7
1
4
1600
1
1
2
2
7
1
11
2
9
3
1
60
1
45
3
54
20
1
1
12
5
2
9
148
1
1
1
1
4
1
383
1
2
1
1
14
1
11
2
3
18
35
2
1
8
61
1
1
2
1
1
240
1
1
42
12
1
5
1459
5
2
1
1
3
1
1
12
2
1
1
1
2
55
2
21
1
6
7
20
19
2
1466
1
1
1
1
1
1
102
24
3
1
1
3
4
1
1
6
1
1
2
13
64
144
2
5
1
19
1
1
1
345
2
2
3
2
1
3
1
1
1
1
1
10
11
800
1
54
3
2
1050
1
2
44
84
1
2
2
1
3
5
1
2
1
9
41
13
2
1
17
2
4
3
2
2
2
1
99
114
8
2
4
57
6
164
89
1
5
2
2
2
3
1
3
1
6
1
1
1
769
2
4
1
2
11
1
20
2
48
1
763
3
228
26
1
1
677
1
302
24
5
1
2
1
9
1
61
30
1
4
1
2
13
1
1
49
1
64
1
1
1
432
26
1
5
2
1
2
6
1
2
1
3
5
3
709
1
3
19
1
8
1
2
1
2
17
2
485
11
72
6
31
1
4
1
69
1
1
1
11
21
18
6
1
1
1
3
17
2
3
1
2
1
5
386
1
1
6
1
3
1
105
3
25
7
1
1
7
1
23
1
1
3
1
2
43
4
302
2
4
3
1
140
3
6
3
5
1
1
1
2
6
1
2
1135
1
2
3
6
16
1
1
2
1
2
1
1
1
5
1
9
1
6
3
7
8
62
5
40
8
194
1
5
1
2
2
1
2
2
1553
49
1
1
2
3
8
3
1
1
491
121
7
2
3
14
3
2
1
2
3
1
2
2
1
28
3
1
1
1
575
2
218
9
31
20
1
1
11
4
2
2
9
1
3
1
4
1
1
2
2
1
1
4
188
1
10
2
12
1
1
1
1
3
1
4
2
4
2
249
53
1
1
1
1
2
292
21
3
1
2
387
1
1
5
1
3
5
3
2
33
2
1
2
4
1
10
1
3
2
3
4
1
9
1
2
1
1
1
2
1
2
1
3
1
1
2
1
4
1
1
6
6
4
1
1
12
13
2
44
9
4
7
1
36
1
1
313
1
7
182
353
1
4
3
1
7
1
1
6
1
1
1
15
3
3
1
1
28
1
1
1
1
1
3
1
1
2
1
20
7
18
1
4
3
1
10
3
1
7
10
21
1455
566
1
1
20
1
1
1
11
3
1
7
15
692
1
1
1
15
1
17
4
2
69
1
6
1
3
3
1
4
7
5
1
33
16
2
1
4
112
6
1
1
1
997
10
4
1
1
5
1
3
1
1
2
1
3
1
3
201
3
4
3
1
86
2
1218
1
1
7
1
1
339
2
1
4
152
1
1
4
1
2
5
4
58
134
1
41
1
1
1
3
1
1
1
3
4
8
2
15
30
1
10
8
1
2
1
1
2
118
2
1
1
1
2
2
16
3
6
3
11
1
106
1
1
1
1
97
6
1
7
17
5
25
3
1
7
1
2
2
1
1
1
11
10
1
14
3
1
4
2
1
1
1
5
2
7
2
1
1
1
1
2
19
1
4
4
3
1
1
1
1
2
13
1
4
4
139
1
1
1
2
1
1
4
7
11
27
1
686
1
9
178
1
1
2
2
326
1
1
3
3
7
4
8
1
1
4
1
45
1
2
6
1
1
821
2
1100
1
1
1
4
1
39
1
1
10
6
1
15
47
2
1
109
1
1
1
1
13
4
1
1
3
19
2
2
1
1
2
2
1
94
35
2
2
2
14
3
1
7
20
2
13
1
2
1
1
27
1
1
3
2
1
42
1
15
14
1
7
3
1
3
43
17
32
1
415
5
2
1
2
1
1
2
7
61
1
5
65
41
1
1
32
1
1
2
58
5
1
40
2
8
1
8
1
10
409
2
3
4
1
2
39
2
2
4
1
2
1
1
7
1
2
11
6
2116
50
2
11
1
3
12
33
4
1
1
6
2
1
2
1
1
2
6
591
27
14
7
1
5
3
1
18
4
1
1
1
4
1
1226
114
1
2
86
1
1
588
1
1
1
4
2
1
82
5
4
3
1
1
3
88
1
5
2
9
388
29
1
49
1
3
64
1
1
10
1
8
1
3
1
1
1
1
4
2
2
205
1
2
3
1083
6
1
112
3
1
1
2
1
12
1
17
25
3
1
1
1
1
4
1
8
3
8
1
1
7
1
26
5
1
25
6
4
43
1
1
1
5
2
3
1
43
4
4
4
4
565
13
12
5
1
17
1
1
2
1
1
5
1
3
716
9
4
1
1
1
8
1
80
16
5
1
1
1
1
63
3
3
162
9
31
1
10
1
1
3
2
1
2
8
2
1
1
1
1
1
11
8
1
1
1
1
13
1
2
11
1
3
6
5
1
1
5
1
9
1
2
3
1
2
8
1
11
2
1
203
6
1
1
1
2
1
5
1
2
1
105
252
2
3
1
1
46
4
10
1
10
1
6
3
2
82
1
1
3
901
9
3
1
1
1
75
1
1
2
21
1
1
1
17
11
1
1
1
1
1
196
2
1
1
2
2
10
1
2
1
1
1
2
1
13
1
3
2
1
3
181
2
1
27
3
1
5
1
2
1
3
43
1
2
490
13
40
1
5
53
8
2
5
2
5
1
11
132
1
1
2
4
1
1
1
17
5
2
8
2
3
3
1
30
1
2
6
7
1
1
6
1
24
1
3
4
1566
1
13
76
1
2
1
117
10
1
11
4
2
3
1847
11
45
5
5
1
8
4
1
1
10
1
1
2
2
4
1
1
3
1
2
1
1
6
1
1
111
2
1
3
1
1
4
1
32
3
702
1
2
6
1
7
9
2
1
7
17
2
3
3
3
2
11
3
1
1
312
2
5
1
3
1
3
5
2
2
1
4
29
1
10
4
2
2
2345
2
2
1
1
2
27
1
2
1
14
1
24
22
2
1
127
197
19
1
4
5
299
2
1
1
6
30
2
1
13
4
1
14
2
2
1
2
50
1
1
1
197
1
1
5
14
2
1
1
2
3
1
3
1
558
1
13
3
3
1
101
7
2
1
1
1
3
2
2
7
1
1
64
3
1
4
4
3
1
1
1
13
5
66
2188
2
61
3
4
1
2
3
5
1
1
1
14
1
2
1
1
2
2
14
1
3
2
27
1
1
1
2
8
2
8
1
1
2
3
1
1
1
20
1
3
1
21
5
1
432
1
4
4
2
1
4
2
219
5
2
18
4
1093
281
14
46
899
5
21
30
1
1
1
61
14
7
1
1
1
1
15
98
1
1
2
1
1
1
1
1
6
1
8
2
1
14
1
1
4
3
20
4
3
7
3
2
1
7
37
122
6
6
1
2
1
1
3
4
22
1
165
5
3
1
2
7
2
2
2
312
17
1
1
1
2
1
1
2
34
1
1
11
1
153
1
7
10
2
9
11
2
1
26
33
1
1
3
1
1
211
1
1
13
12
1
1
1
2
7
1
1
79
3
960
383
2
9
1
251
3
2
10
11
1
1
1
1
1
1
2
1
7
10
2
1
6
1
11
28
1
1
31
143
28
4
12
27
7
1
2
6
106
307
1
1
6
5
1
18
1
2
1
11
9
2
1
60
63
12
2
3
1
10
5
5
1
1
220
1
58
39
1
1
1
3
1
1
1
3
1
1
3
1
6
1
19
1
1
3
6
6
21
1
1
2
1
1
15
2
914
4
140
5
2
62
4
6
1
6
11
1
1
96
7
4
2
6
1
1
122
51
30
33
2
1
7
1
4
293
1
58
1
3
1
235
7
6
1
1
1
3
1
1
1
8
8
7
1
1
1
89
1
2
1
1
6
2
2
2
1
3
1
1
1
1
1
5
1
1
1
62
39
1
6
18
1
1
8
6
197
1
39
3
4
2
1
1
1
12
1
1
1
2
1
6
1
2
12
63
1
1
1
2
2
2
2
3
1
2
21
1
12
1
17
1
1
2
1
1
1
147
2
1
63
2002
1
280
20
2
1
22
6
3
1
1
3
5
3
10
1
1
1
154
82
2
1
4
81
4
2
1
47
2
1
1
2
1
262
1
4
1
14
1
1
559
2
1
45
2
1
1
5
3
2
19
1
1
2
1
2
4
16
3
4
49
1
957
1
2
14
1
1
1641
1
37
1
3
3
656
1
4
22
2
1
3
44
30
30
5
55
4
2
40
1
1
1
2
18
1
9
2
201
176
8
17
1
1
2
91
20
1
3
2
3
1
2
22
25
2
1
1
1
1
7
1
1
1
8
1
140
1
21
128
15
1
2
1
4
9
3
6
65
11
3
1
1
2
54
1
118
2
12
1
5
2
1
5
2
26
3
1
22
1
1
2
1
1
1
2
3
1
2
19
42
112
27
3
3
1
16
2
1
26
1
5
65
16
2
2
3
4
1
2
1
1
15
12
2
72
1
1
2
61
1
3
3
2
3
4
12
1
3
4
163
1
1
1
2
3
10
1
1
5
2
1
2
1
18
1
1
2
3
2
17
1
1
1
8
229
1
1
1
281
4
1
41
6
1
1566
1
2
182
1
1
2
71
1
1
23
1
2
2
141
1
14
1
2
1
2
39
8
2
1
97
1
78
1
6
3
1
8
2
1
1
1
1
1
16
1
3
1
233
10
71
6
1
2
2
82
8
13
3
1
1
1
10
14
1
2
1
130
23
6
42
1
2
3
1
794
33
1
12
13
2
1
1
3
1
6
12
3
2
12
1
1
2
100
1
24
1
2
74
1
1
3
1
15
2
10
7
1
3
2
36
3
1
2
2
2
3
2
1
1
1
1
24
2
2
109
2
6
1
1
5
1
1
1
3
104
1
2
1
3
1
1
15
4
19
1
108
12
1
4
2
1
426
1
7
1
1
1
127
11
1
27
3
16
1
1
3
50
17
22
1
1
2
1
2
3
4
30
2
2
1
14
216
3
2
2
1
1
1
1
2
1431
1
2
3
1
571
3
1
8
1
2
236
8
1
4
1
3
7
545
1
2
12
100
1
1
6
8
8
73
5
2
3
49
10
4
3
4
1
11
3
1
1
1
4
10
1
3
2
1
24
2
109
2
1
5
1
3
2
12
2
18
1
100
1
5
14
2
14
9
2
1
8
2
1
5
2
1
1
1
1
3
1
2
1
2
364
3
2
1
1
4
13
852
1
404
1
1
14
408
1
7
7
1
1
1
4
2
4
5
1
6
1
1
3
88
3
218
1
84
1
2
1
1
2
1
22
5
13
2
3
63
170
2
26
1
4
10
1
4
1
1
1
1
10
6
4
2
1
3
1
3
1
2
3
1
1
55
1
3
4
1
1
1
7
1
20
1
3
10
2
2
3
1
2
436
1
1
1
1
1
1
3
7
1
4
1
1
1
1
69
4
6
1
1
2
2
1
2
2
1
9
1
2
1
1
6
9
12
1
6
26
2
2
2
1
1
2
3
2
14
1
17
76
2
5
42
1
1
1
2
532
1
1
2
11
1
14
2
2
2
1
58
1
1
1
2
4
1
39
2
1
4
1
1
13
2
2
6
1
1
1
1
1
5
2
2
25
1
2
8
26
6
453
2
1
1
1
6
1
22
1408
183
10
1
4
1
2
1
1
1
1
2
1
1
3
25
9
17
1
5
6
8
1
1
1
4
3
3
1
2
1
1
1
1140
8
3
10
8
1
1
1
2
36
2
37
1
1
1
3
8
1
46
4
1
2
1
5
2
2
1
1
19
15
3
1
2
1
4
5
1
21
1
4
1
1
3
1
5
7
41
1
1
2
1
1
1
2711
1
2
1
9
1
15
1
25
1
2802
5
1
9
9
7
1
1
2
1
1
18
4
5
40
84
1
1
1
1
1
1
1
129
102
2
1
33
2
1
2
9
2
4
1
2
1
2
8
1
1
1
26
2
1
1
3
2
1
2
1
4
10
515
558
12
4
1
3
2
9
1
3
2
2
1
5
92
3
1
1
1
7
1
10
1
16
27
1
3
8
1
2
2
12
26
1
3
9
1
1
66
7
1
1
1
1
4
2
3
4
1
1
1
185
18
1
1
102
189
428
1
15
23
1
5
20
1
1
1
3
92
2
128
4
34
489
6
4
2
19
1
3
1
1
5
1
1
12
1
1
1
1
15
35
1
2
2
2
62
1
1
1
1
2
11
5
7
143
98
2
77
75
1
4
1
1
1
3
1
75
1
1
11
434
1
1
1
4
4
4
28
1
3
1
12
2
1
2
30
2
2
63
1
3
3
4
6
2
2
71
1
10
1
121
1
2
3
2
1
1
4
2
4
1
1
5
5
13
5
3
1
1
1
4
1
3
2
1
4
32
1
1
2
36
5
3
1
1
2
5
4
4
11
2
30
970
21
1
2
1
2
1
1
1
3
7
52
1
1
1
4
1
1
2
5
4
67
1
1
244
11
1
159
1
4
3
2
1
138
5
7
32
1
1
2
9
19
417
1
1
1
62
1
1
3
374
1
190
1
4
7
14
3
3
12
2
1
3
1
8
1
3
25
2
3
11
1
2
2
59
24
1
1
16
2
563
15
4
9
5
151
18
1
1
1
1
1
1
1
3
1
1
48
1
531
1
1
22
1
1
1
22
37
3
2
2
3
120
1
1
1
3
1
8
3
2
1
1
1
4
8
10
10
5
38
3
99
1
123
33
1
1
37
1
1
115
1
182
1
1
1
2
1
372
1
2
1
1
1
2
1
1
1
8
2
1
1
1918
16
1
249
1
1
9
1
56
3
1
28
1
3
15
25
19
5
1
17
6
1
7
1
3
45
1
1
1
1
1
312
1
214
2
7
1
172
1
1
14
4
1
1
2
1
1
4
1
9
2
1
11
165
2
6
6
2
2
1
3
2
1
59
802
1
3
46
15
31
1
2
9
1
2
3
13
2
9
4
2
1
4
1
1
1
6
2
1
7
1
1
3
5
18
2
7
6
227
15
1
2
6
2
28
32
1
1
2
1
1
1
1
2
1
1
22
2
2
1
3
116
1
1
688
2
8
1
2
494
1
4
1
2
1
3
1
2
1
1
29
48
3
1
1
72
42
2
608
3
1
383
4
1
2
2
330
5
49
5
9
23
2
5
1
1
4
1
1
1
1
57
4
1
28
2
1
1
2
51
1
21
1
2
5
5
13
1
5
17
29
7
2
1
1
36
1
7
12
1
160
3
1
1
1
127
1
1
13
1
1
2
2
8
1
2
3
1
1
1
1
56
2
1
77
17
13
2
28
1
1
7
1
1
5
1
3
4
1
1
1
1
2
1
4
49
1
1
46
16
1
1
3
19
3
4
3
1
3
1
2
1
1
2
4
7
11
15
13
51
7
3
2
4
1
3
10
1
2
2
20
1
1
2
19
1
15
4
31
171
25
3
342
1
8
3
2
3
2
8
273
1
56
636
1
3
53
1
2
2
4
1
7
1
4
220
20
22
1
2
5
1
19
3
5
1
2
1
1
1
50
1
2
1
2
1
25
1
1
1
1
1
6
1
1
2
1
2
1
2
5
308
1
15
3
1
1
1
1
2
10
1
1
10
1
1
55
1
48
4
2
15
275
2
68
6
2
76
81
1
1
2
90
194
1
1
1
133
1
2299
2
3
2
9
2
1
21
2
1
31
5
1
5
4
1
1
60
25
1
2
2
1
18
5
12
2
1
9
1
1
14
10
3
1
15
7
5
2
1
2
6
5
1
1
1
310
2
4
33
2
2
113
20
10
24
1
9
1
1
26
1
1
2
2
1
1
10
1
2
13
6
1
24
5
4
390
2754
7
3
4
22
2
15
1
14
3
4
1
10
1
269
1
1
1
1
1
2
1
1
2
3
1
4
1
1
6
2061
21
2
1
2
33
2
1
18
8
2
1
1
6
1
183
2
3
2
63
5
8
8
13
3
17
2
5
2
1
1
2
8
2
1
2
3
1
1
1
248
1
2
69
28
19
3
3
21
8
1
1
1
1
3
57
22
12
53
1
2
775
9
2
3
2
2
105
988
3
1
11
1
1
1
1
1
2
1
1
1
41
27
5
1
1
1
89
1
118
27
1
1
213
1
1
1
2
3
1
1
83
2
6
4
18
15
1
1
2
1
36
1
2
2
1
1
1
6
70
62
1
1
2
1
1
88
1
4
2
3
1
1
2
2
21
1
1
5
2
1
1
1
2
3
6
16
1
3
4
12
1
2
3
1
20
2
4
12
14
2
2
2
1
1
2
6
1
5
1
8
1756
4
22
12
3
57
1
1
1
2
1
3
3
25
46
1
110
1
36
3
4
1
7
1
2
9
19
2
1
4
1
1
3
287
1
1
2
1
1
1
4
1
2
6
2
317
3
3
27
3
1
2
1
4
1
2
65
3
11
74
2
6
4
3
1
1
2
3
30
1
3
1
6
19
2
1
8
1
192
14
1
3
3
1
7
2
1
2
4
23
3
15
210
1
44
44
1
4
17
234
1
2
16
26
15
7
6
2
2836
1
1
2008
48
2
2
1
1
2
3
1
1
39
1
1
2
1
1
2
1
1
1
1
3
1
21
3
6
1
2
1
1
756
1
5
1
4
3
16
1
1168
32
1
21
2
14
1
3
1
5
23
4
36
2
1
7
1
4
8
1
5
9
1
110
3
8
26
1
1
1
3
2
1
2
5
7
1
5
2
3
2
11
20
6
1
2
31
10
1
1
34
7
17
3
2
5
22
74
16
1
4
5
1
3
3
1
59
2
1
5
1
1
5
1
1
11
1
1
81
1
1
2
1
2
1
1
3
4
1
1
3
1
109
13
1
80
118
1
1
1
1
1
2
1
4
10
101
2
3
1
26
2
4
1
3
1
163
293
298
2
1
36
6
1
2
1
43
6
2
6
10
3
1
1
3
1
1
1
9
12
1
4
3
1
1
2
2
12
1
15
68
36
1
3
1
1
1
240
2
23
40
164
713
1
11
356
5
1
2
8
3
2
1
1
1
80
1
7
13
1
15
1
8
155
1
3
3
683
1
1
2
1
4
114
1
63
8
107
35
95
11
6
195
1
1
2
4
344
1
96
2
10
31
1
1
4
6
7
3
1
4
199
21
1
2
8
2
1
1
5
21
129
19
1
78
4
1
1
94
2
4
5
1
1
5
2
2
522
2
184
1
1
1
2
1
2
7
2
2
607
169
33
2
14
1
1
2
1
1
20
40
2
3
12
1
544
225
42
18
3
2
3
3
1
1
2
1
2
3
1
1
1
130
1
5
1
99
3
9
2
84
7
19
1
1
1
2026
2
129
194
34
1
1
7
35
1
1
4
6
1
1
3
2
42
86
37
10
1
1
1
19
3
1
8
2121
2
2
6
1
7
1
2
1
1
6
4
42
1
3
1
1
14
4
1
2
1
1
2
2264
16
2
5
1
4
2
1
2
538
1
1
1
1
5
2
3
1
8
1
1
3
2
9
1
11
3
12
1
1
1
1
6
1
5
1
1
28
1
2
1
48
3
566
4
3
1
4
1
7
2
7
2
29
1
11
1
1
1
1
73
2
1
1
4
2
1
25
5
4
4
519
1308
1
13
1
2
3
2
1
2
2
2
5
1
14
4
1
1
12
1
5
1
3
1
32
1
2
1
1
3
2
1
1508
1
1
12
1
164
2
2
1
10
1
3
144
76
1
4
2
13
1
31
4
1
8
1
2
4
4
4
1
5
1
20
3
1
25
42
1
14
62
80
1
1
1
2
1
11
2
1
1
7
3
5
3
1
39
385
1
1
23
8
1
127
2
5
3
1
1
1
10
1
76
2
48
1
2
2
2
1
85
2
1
24
1
1
14
3
1
1
1
1
9
1
1
7
5
1
171
1
1
5
1
358
33
1
1
1
1
2
25
1
1
6
1
124
10
39
7
5
1
1
3
14
1
8
1
2
1
7
2
2
11
16
23
7
1
73
1
9
45
88
21
1
1
2
1
1
2
3
126
1
1
3
3
2
7
1
1
1
1
3
2
58
97
1
1
1
1
31
41
1
2
3
4
3
20
1
5
4
131
1
1
6
6
5
16
6
1151
3
6
1
1
5
1
2
1
1
3
6
2
1
2
22
40
31
10
1
1
1
23
395
1
1
11
1
2
1
1
4
7
17
1
1
2
2
11
2
7
18
1
1
11
1
4
4
1
1
1
1
8
1273
7
23
5
1
10
2
2
1
30
12
1
1
9
1
12
1
1
1
1
21
2
1
42
1
31
1
2
1
1
2
5
3
1
1
1
1
4
215
7
2
24
54
8
1
1
375
1
1
1
2
1
2023
5
1
1
7
2
29
75
5
1
3
1
2
2
4
1
1
1
246
1
1
7
1
1
1
1
9
1314
1
1
1
8
33
1
1
178
2
1
179
1375
12
1
1
6
1
3
1
1
7
2
1
1
14
24
3
10
3
4
16
6
22
5
63
1
1
4
73
10
1
1
3
7
1
1
2
1
4
1
6
1
2
1
8
1
15
82
1
1
17
3
14
33
13
2
8
7
1
1
734
22
2
2
1
1
1
23
1
1
5
1
2
7
1
2
4
5
2
606
1
9
3
1
2
8
4
8
1
1
5
1
1
5
1
2
13
1
7
1
3
3
1
170
14
1
33
4
5
1
1
2
1
18
1
6
2
20
21
6
1
9
1
16
3
1
21
4
1
322
1
1
3
1
2
1
1
7
3
55
75
1
1
1
3
1
4
3
6
25
9
172
2
3
1
1
1
1
155
130
1
1
164
3
2
18
78
1
5
21
4
1
1
580
5
10
5
1
10
2
1
1
1
1
6
1
1
1
1
1
2
1
12
2
7
2
1
3
3
1
1
3
1
1
5
1
2
1
1
3
1
379
2
8
1
1
1
1
1
8
5
1
2
1451
1
1
8
1
16
107
5
1
1
2
1
4
2
1
3
1
5
1
2
2
1
16
1
1
6
1
1
43
4
15
3
1
37
1
1
1
10
1
5
1
1
1
4
228
1
3
22
1
9
1
3
21
1
1
1
1
1
1
2
3
3
3
4
5
1
1
1
1
2
55
502
3
1
7
1
1
62
2
9
1
1
3
3
1
10
3
22
5
10
1
2
515
1
1
7
3
1
60
1
1
1
3
1
6
1
3
23
1
2
25
39
1
152
1
2
1
204
9
10
77
1
3
6
1
1
6
3
1
33
2
1016
6
2
113
1
7
6
2
2
3
1
1
1
2
32
1
3
160
48
38
4
1
2
38
1
2
12
39
3
7
2
3
4
1
6
1
2
88
1
1
1
2
445
1
7
47
1
3
1
117
3
1
1
1
1
2
1
5
2
3
9
1
247
81
1
2
32
3
1
54
1
145
2
13
3
6
1
1
24
3
6
18
1
70
6
2
1
2
1
2
239
6
1558
15
1
10
3
1
2
81
5
35
23
1
1
6
1
3
1
1
2
2341
10
1
1
341
1
1
3
2
1
1169
6
1
1
8
12
34
1
1
20
1
1
1
1
1
167
26
8
1
16
1
1
6
2
26
14
7
2
4
1
5
1
15
17
1
3
1
9
2
2
76
2
2
1
2
3
1
6
2
1
3
6
7
2
1
21
3
1
1
30
1
28
1
1
38
3
2
4
53
19
9
2
3
46
1
194
1
1
1
29
3
1
5
1
10
40
1
31
2
1
1
10
2
1
2185
1
3
1
1
2
2
1
2
8
2
3
1
1
1
3
1
96
1
1
3
62
3
186
1
1
4
1
1
1
2
1
1
13
1
4
1
1
26
2
1
1
1
15
1
2
7
8
1
2
7
1
2
3
1
1
31
4
70
2
1
4
1
1
2
2
3
3
20
1
32
7
6
48
1
8
7
3
1
8
62
4
2
241
1
8
1
7
2
18
22
54
81
209
1
6
1
1
1
2
2
1
1
1
1
1
1
1
1
1
2
12
1
74
4
1
1
1
11
1
1
2
31
1
1
1
1
1
12
4
11
1
9
1117
8
21
1
3
7
1
3
1
19
2
1
1
2
2
70
247
13
1
7
1
1
1
8
1
45
1
2
1
1
15
3
7
7
3
2
5
1
1
128
608
4
2
3
4
4
1
1
159
4
5
1
2
1
5
3
7
13
8
1
1
1
1
3
2
1
1
5
1
1
1
1
28
1
3
4
4
2
3
2
1
2
1
1
4
2
7
847
1
1
2
1
1
6
102
1
1
7
1
3
1
9
2
1
1
3
10
14
1
41
1
1
1
2
48
1
1
12
9
6
43
1
17
1
1
3
5
95
29
10
125
5
3
1
3
1
2
2
3
1
1
2
1
60
4
4
9
1
2
2
1
17
1
1
1
7
4
51
1
2
2
2
4
31
1
3
1
6
20
2
45
1
10
7
1
5
4
1
2
1
1
1
52
50
3
2
1
2
446
9
3
4
52
12
1
1
1
345
1
5
21
1
2
281
6
2
6
40
1
1
46
3
1
1
1
2
6
1737
1
1
22
1
2
2
1
1
1
98
1
1
1
48
2
98
1
2
1
31
1
1
4
1
1
3
57
31
5
18
2
54
1
23
306
1
1
4
22
24
8
2
1
2
2
210
3
7
5
10
3
1
123
1
1
14
2
1
1
3
1516
2
1
1
9
20
1
2
4
9
1
1
1
15
2
2
1
4
2
3
3
1
13
1
1
1
5
1
1
4
4
4
2
2
1
318
5
3
32
10
16
2
1
3
6
2
2
1
2
1
7
1
33
128
1
1
1426
30
9
9
1
1
1
5
2
17
1
1
5
1
6
1
2
15
2
1
9
4
1
2
1
39
1
123
1
2
1
5
3
1
2
1
482
1
19
1
4
2
98
3
3
58
1
3
37
3
23
1
1
1
2
1
10
30
15
1
5
2
1
1
1
9
1
152
58
9
4
1
1
2
1
2
1
8
1
1
60
1
152
1
16
3
3
1
1
23
1
1
8
1
5
1
11
10
16
3
1
560
3
2
1
1
19
19
86
5
3
1381
21
3
127
1
1
4
2
17
2
2
4
5
2
1
14
41
2
4
20
2
1
1
4
1
1
1
1
3
1
2
1
1
2
24
41
1
1
78
1
36
12
16
2
1
59
2
3
3
1
82
2
1
22
5
1
1
310
16
29
1
3
5
3
2
1
114
23
1
1
1
12
1
1
6
1
1
11
2
1
7
75
4
5
419
15
2
1
20
1
6
1
1
1
2
1
3
1
1
1
2
1
1
8
13
2
3
4
2
1
2
1
16
1
1
1
69
26
1
445
757
94
13
2
2
9
8
1
1
75
5
2
6
1
21
1
1
10
4
1
1
10
1
5
6
52
239
7
3
2
4
1
1
2
7
1
5
22
331
1
1
7
1
3
1
3
1
2
1
2
266
548
8
51
6
1
1
7
1
5
28
1
2
1
1
72
61
2
105
1
133
8
1
583
1
3
5
1
24
2
2
1
2
1
6
2
2
3
3
7
8
248
2
30
142
2
1
1
7
1
22
7
3
1
37
1
8
1
3
1
1
8
1
2
11
10
1
1
4
14
5
2
10
1
2
4
13
1
1
1
1
4
7
17
1
6
1
2
5
10
9
1
1
1
6
6
1
10
71
1
924
2
1
2
8
2
1
8
1
1
6
1
2
1
2
5
20
1
2
88
2
434
268
3
6
2
1
2
1
1
1
25
2
4
1
1
9
1
10
2
6
1
1
1184
2
1
336
1385
1
1
35
1
8
4
1
1
1
1
7
4
2
5
1
2
157
1
4
2
214
4
6
1
1
4
1
10
2272
3
3
3
1
1
1
1
1
4
156
8
9
1
2
1
4
1
1
14
37
4
3
3
168
2
8
1
1
2
1
1
1
2
1
1
3
5
39
2
1
3
10
2
3
1
1
2
1
5
12
19
1
3
1
2
5
1
1
13
175
14
20
13
3
1
19
3
1
2
47
3
3
2
4
115
