36
69
1269
928
1446
61
1667
150
110
948
887
573
99
730
636
703
1989
1106
891
1136
1965
128
1957
55
775
559
179
1414
92
1022
510
3
146
614
76
599
656
424
836
1439
1642
611
1635
1065
1977
64
900
4
1486
84
74
368
6
140
308
191
625
781
658
1201
1545
395
201
1752
25
1941
401
1657
17
4
208
89
14
695
234
5
268
22
616
1184
27
168
14
358
477
60
1014
683
156
384
1
25
909
55
238
271
933
1
16
387
7
545
11
607
577
107
258
50
835
136
803
1078
93
1655
108
1839
1023
1
426
1632
655
88
703
141
819
4
139
3
157
248
1252
1
1301
1037
568
91
1608
260
545
493
221
1419
1822
1391
1896
1087
1255
116
592
36
802
1659
621
726
1877
342
486
28
1440
518
1135
89
1151
1012
1993
270
1875
680
507
232
739
758
4
1898
55
995
856
971
1044
19
1130
353
1970
1147
201
1977
471
1069
141
76
577
1897
656
935
744
375
896
1552
122
1108
1705
55
613
392
741
306
1256
263
609
383
88
1273
503
1997
22
281
1055
768
1449
1715
124
64
884
193
15
1984
62
1248
332
1079
950
93
10
1613
1304
439
1197
110
1632
1324
148
747
459
1827
806
1358
28
882
626
1309
190
20
1505
846
521
1186
133
640
889
34
29
739
32
756
5
675
222
4
89
643
1888
137
247
337
1836
1
6
1656
1479
489
998
1050
634
419
1154
519
210
302
857
1337
938
1814
780
369
1177
1599
976
1690
155
13
1877
392
148
1272
345
652
360
1367
4
576
10
50
1300
36
82
76
339
1229
9
1733
1199
272
57
375
619
158
1009
924
159
505
8
665
22
711
31
895
6
1992
73
17
1867
74
1391
1
1233
755
1669
990
840
793
154
261
1172
11
1069
661
13
1123
1194
198
201
1195
124
1157
1499
334
585
151
804
833
76
662
1432
34
324
1919
343
53
517
782
1063
1225
212
1539
88
1067
3
148
33
65
1775
1114
746
961
498
82
70
946
4
1989
718
1550
2
1234
249
2
34
610
4
21
209
69
141
622
993
419
34
729
304
986
967
18
1319
1113
711
490
313
11
637
296
1374
213
1835
43
185
1693
664
32
966
1091
928
1589
55
45
48
1565
1019
570
13
603
445
448
1306
106
548
1030
54
1104
128
771
1142
73
455
18
1286
1280
6
1250
152
1194
8
1642
489
20
89
586
557
497
1035
341
13
1527
697
905
687
1860
510
1321
109
1127
86
1567
438
1955
1196
370
719
46
1120
1571
1495
1931
3
998
1203
2
175
8
65
946
43
1881
27
121
1
1185
1583
137
201
1973
1036
265
1371
787
540
1821
603
1720
290
94
24
88
1401
28
1855
1418
1037
779
111
1
1294
1189
33
1224
1397
486
568
1934
2
1291
646
228
1126
93
262
16
356
133
66
1978
199
2
65
713
625
519
1029
922
1502
271
664
239
572
26
682
131
1656
1609
222
1092
1220
1222
274
247
1313
1268
1491
534
1162
1545
54
820
54
1325
1164
4
223
347
1394
33
556
1565
122
103
1604
709
450
137
354
1259
19
23
1840
1259
607
707
418
132
1546
1173
12
745
157
502
1213
67
1700
257
23
1050
692
1159
191
289
543
1352
1259
184
182
1479
60
1680
52
270
1672
497
636
1279
1032
1958
1582
16
399
1388
68
170
531
328
1496
95
1710
98
273
1148
36
1456
221
1789
707
1779
327
30
69
130
18
1504
332
1
21
133
1743
166
363
633
14
505
817
1254
1906
658
33
224
1990
344
992
1877
1617
1412
390
430
66
1897
1171
419
216
31
910
1286
469
1232
127
7
8
549
451
431
447
1514
817
238
37
626
11
114
10
271
9
102
215
514
316
118
23
393
278
1493
1403
892
1598
495
1227
704
273
83
239
1328
1336
594
156
732
934
1556
107
868
1015
242
977
694
3
1620
75
1205
259
511
749
3
305
87
1866
973
72
357
1086
15
480
1520
1064
694
524
560
566
363
507
650
1688
1227
443
147
768
287
398
1724
827
240
1751
333
199
87
1
585
25
1011
171
13
311
699
702
783
1687
172
153
231
661
701
12
1297
182
1002
995
1055
129
418
745
1916
814
183
1110
372
331
330
558
1148
297
1615
365
239
387
64
122
683
39
1858
1835
1977
7
1061
1618
1937
537
778
718
997
1584
1216
557
72
410
536
109
1280
844
273
312
25
114
1568
983
32
465
257
1711
1639
719
35
75
1409
1404
1023
69
811
1034
1929
60
842
1400
1893
20
963
1366
682
1371
248
1002
1568
17
933
223
1161
89
1926
482
1920
251
1249
710
237
1839
2
79
32
70
1669
112
1745
898
626
968
142
36
1002
302
528
1741
1008
1
754
300
836
34
35
1439
959
10
1723
118
338
1014
959
85
1878
2
53
1119
845
1338
831
1372
1882
1720
769
618
26
18
1287
1285
676
1940
113
233
1646
30
179
151
97
554
223
37
1382
1982
69
1022
885
154
70
120
50
1487
1086
517
927
671
860
430
85
1654
734
1
1523
534
1425
37
655
350
1951
1993
644
13
138
1
122
4
226
896
641
123
1579
1517
660
85
66
278
627
759
745
1025
1616
1412
116
1085
22
1
1289
18
215
100
41
501
180
39
1372
887
471
680
255
1754
609
436
9
1919
170
1814
898
212
421
1629
978
1433
241
19
642
28
344
270
53
322
1236
1948
40
246
689
1390
162
668
950
1034
39
730
1764
91
58
14
545
547
976
1246
384
632
367
1454
504
136
796
1548
248
1584
2
1034
615
1034
1020
1545
9
1316
705
37
775
29
432
429
1631
52
71
403
1986
272
77
271
1622
173
63
22
1847
230
378
35
362
5
821
1205
8
633
1009
1397
1555
95
1268
192
93
9
1260
14
14
769
248
763
1307
1232
105
1090
144
12
797
166
1
1911
331
35
1
1782
36
186
511
550
694
1164
360
12
922
1522
56
1622
200
1004
49
782
162
10
1387
148
1229
1097
1473
920
375
813
153
418
628
820
1762
1550
528
357
188
210
10
45
9
1228
193
263
1633
1165
41
1828
667
682
222
118
477
1482
256
437
544
143
155
1836
300
274
1590
22
535
570
1
20
962
316
99
333
923
1605
1410
674
232
807
971
539
1656
1553
527
8
1037
1275
1015
165
138
102
887
67
141
158
5
6
112
6
880
1081
292
157
288
855
52
5
1453
895
61
1685
13
1365
676
1870
1897
278
127
29
7
719
241
832
218
1
730
748
221
251
647
2
1222
524
47
267
1415
1867
363
22
2
53
45
382
7
196
972
238
475
1444
221
460
1682
206
1973
166
843
33
65
791
140
636
1490
1097
1309
875
856
190
36
1923
520
378
98
195
1672
444
192
8
1716
551
951
1276
1632
1139
3
852
1748
18
44
40
1387
355
586
1957
577
117
110
1406
1310
852
1017
128
1586
438
30
1401
1938
1181
64
914
152
23
51
156
1460
1516
1298
1940
1216
26
1845
680
501
158
361
228
695
1878
1142
34
1090
120
1228
943
103
759
664
1055
1233
715
1244
1016
560
437
1492
31
1194
1416
303
157
261
706
1576
1386
19
1037
536
676
330
1457
521
843
323
223
1718
447
992
997
1301
1783
316
11
731
1248
807
694
1376
84
1234
293
610
1364
421
766
29
1770
375
1861
124
1
1650
378
59
1677
860
1133
1323
153
823
1245
1
1683
1561
75
101
57
1467
431
512
268
1612
1637
438
780
79
768
1071
669
512
2
1249
141
1316
86
806
365
1797
1047
29
98
249
111
1082
1922
77
204
144
23
17
542
50
333
1
1284
2
250
339
1711
653
201
571
1543
1554
100
36
1880
358
320
125
801
71
633
728
89
705
213
848
1778
2
86
135
1
1591
46
20
747
246
394
38
268
237
471
29
145
1178
119
948
1285
61
1554
90
619
627
1837
1189
88
1910
623
1887
1114
265
790
21
405
455
1876
1346
1320
95
25
156
24
71
1599
59
532
395
1283
379
925
843
188
149
4
91
5
1
508
1578
5
1799
498
705
466
246
129
1133
1025
1021
1007
237
32
1195
1159
1142
759
94
1636
13
746
35
1484
1681
346
233
1
640
295
1361
137
687
876
125
66
73
393
604
566
1100
1
413
1065
668
626
304
115
591
496
160
170
1762
424
469
179
445
49
1519
193
80
73
1491
1659
884
1904
539
1682
1007
25
1120
19
1550
275
459
727
336
1534
68
68
1638
48
1622
782
251
331
70
36
205
149
8
377
1894
231
18
1293
273
1509
501
453
1061
3
390
393
435
284
1
7
691
1177
560
33
16
171
1985
48
998
108
1585
805
929
290
698
559
1218
838
431
115
1022
254
462
761
833
53
627
1775
469
673
427
1943
327
660
869
1293
1680
1658
956
111
1579
2
1893
1608
164
1864
1458
872
163
1845
71
959
1052
450
1047
2
1175
1331
576
153
386
495
1122
1581
497
139
40
1311
1895
107
5
587
40
1932
9
1671
159
413
895
28
266
423
13
1814
187
1770
601
582
1683
299
353
9
550
551
602
82
102
1029
103
398
1931
291
992
1667
189
1720
419
1847
9
1992
83
995
505
3
140
192
16
50
1391
52
411
19
1494
437
304
40
1148
593
366
911
602
178
1562
242
1435
764
70
933
1012
1
193
3
1832
730
1533
1907
248
76
82
1297
1146
1249
115
20
704
1344
1820
480
1155
4
49
1912
1879
2
871
948
272
5
58
381
702
809
362
45
1679
722
617
1068
1705
730
1347
321
1861
163
1466
255
3
1215
61
257
425
1432
50
702
6
10
1164
18
234
198
1275
41
1593
412
112
3
524
430
1280
15
370
1789
17
22
271
641
333
40
3
976
185
71
623
235
1271
37
907
17
5
1334
1148
1390
505
10
167
435
1597
982
1585
940
90
272
120
45
161
1677
298
1861
1250
475
704
249
193
19
606
1008
1
527
729
26
36
1664
1260
662
617
555
159
1591
186
19
1675
1679
992
1411
84
556
22
892
856
1481
437
861
130
127
1541
1306
1880
27
923
148
14
1100
122
1582
25
332
76
1444
325
659
629
664
1378
446
68
1710
16
22
41
179
244
1680
7
102
284
37
265
94
522
1
103
1877
310
54
930
462
126
114
1844
1628
882
26
864
1040
724
684
1517
851
369
1775
957
1964
760
1015
121
643
54
1316
1
62
1
274
32
1119
1514
420
335
1250
701
2
463
746
239
853
1079
275
1225
824
1887
1
1118
183
28
74
4
296
414
1
500
231
449
714
9
143
41
1674
978
719
1449
1772
106
29
1555
57
1
653
1728
1242
1529
1945
360
277
181
975
26
59
131
818
391
117
1629
1353
917
73
4
190
28
1049
460
414
619
1961
284
557
712
696
1969
36
578
317
1350
392
762
1363
206
34
7
248
305
493
2
1392
1759
728
1157
1310
115
611
547
400
1750
611
1821
201
817
351
744
123
444
921
126
1367
264
112
263
1208
966
27
348
687
1076
928
224
187
5
3
238
438
493
17
1962
10
1777
201
170
488
305
372
28
514
92
875
51
1547
1453
92
41
1161
317
120
195
1171
1191
222
207
1298
178
22
397
51
1138
914
911
1246
73
1488
1852
602
1943
194
1
716
1333
1715
1228
1060
586
62
171
425
49
613
88
1429
1191
401
676
892
1633
186
335
292
942
1011
1421
458
270
1201
254
1626
131
121
599
247
1
101
1324
573
951
430
173
1455
245
216
191
579
110
487
1298
1464
71
504
148
797
680
37
739
229
571
971
15
32
487
176
7
920
1991
147
24
1
138
286
419
1258
940
678
314
1172
9
515
880
772
93
1139
799
197
200
4
1615
1781
912
2
1431
158
1126
499
39
275
86
644
1701
185
983
18
14
1338
858
246
808
275
1147
656
221
1554
148
1313
1075
5
1735
332
791
15
973
320
1063
617
163
125
36
612
495
284
72
648
3
9
933
158
23
339
9
114
542
228
444
31
417
472
645
9
1949
1358
125
8
1103
7
728
213
4
215
1379
1133
167
132
1
255
858
234
1233
41
1522
1160
1997
548
379
1447
1059
557
1225
34
1610
321
41
1473
330
1632
1100
2
4
1463
94
842
1711
387
42
16
143
1375
903
628
41
1610
1008
427
1433
414
171
1352
649
799
744
581
1688
655
1315
6
131
37
15
1615
1282
811
1595
733
43
1077
9
1920
744
946
330
804
1735
1105
152
1152
932
1133
85
359
1528
579
258
779
1483
1213
1825
98
631
523
675
1000
556
318
1284
1710
1852
1109
27
227
153
147
791
1162
1499
68
463
118
1678
66
935
36
413
421
1518
854
49
997
112
747
1089
401
1447
1685
440
84
550
1965
24
155
1623
1571
229
20
1706
857
1398
1134
1
623
957
38
17
440
194
16
297
1553
15
548
863
1565
484
61
1023
286
132
531
245
94
1674
1174
267
8
132
465
196
498
7
990
739
1172
1314
742
746
64
1055
465
1629
565
1800
426
385
928
931
1360
183
18
458
574
1450
160
585
1
490
374
36
1785
813
3
38
736
900
888
880
1191
253
1794
1802
1715
11
6
549
205
1559
553
1581
1792
605
133
7
1897
1728
1985
258
1222
86
995
211
713
938
969
802
486
1271
1504
1357
1597
143
241
1977
1742
528
195
1741
729
101
1076
124
167
118
533
1603
1560
655
1658
1206
761
826
1413
392
95
571
36
458
753
423
1760
133
394
28
133
1146
19
420
47
1739
1389
154
1536
40
341
557
1101
1789
1
1616
529
1788
1375
1285
1093
732
542
26
1084
4
587
145
853
1184
5
1344
612
1185
15
959
186
1729
667
60
617
1921
1
1430
102
1641
302
42
250
372
1371
1738
1082
703
91
1128
1
246
1544
105
811
277
1720
407
109
399
7
128
424
43
370
68
1670
281
14
365
56
556
549
969
1288
17
1234
137
11
1350
121
1915
13
1557
1863
349
1750
1840
1411
2
272
259
5
21
716
1524
130
148
61
114
378
1828
609
862
1022
1
77
51
29
15
44
243
2
335
30
1882
1250
545
388
219
1384
1842
740
47
58
107
1778
400
10
1860
1469
983
386
311
1515
1393
191
216
53
51
608
53
1388
834
199
1135
60
522
22
1226
84
883
235
468
4
20
1340
38
1051
14
34
40
1316
1166
88
184
77
38
914
210
1884
291
259
2
579
1149
40
321
170
6
655
1895
720
724
1908
10
1399
443
418
503
977
1291
1381
72
945
548
1562
218
117
744
1327
1134
4
1237
675
1561
91
1702
808
262
62
264
288
1325
194
253
126
338
1677
1996
1916
449
800
100
857
105
9
140
290
1056
102
21
1443
1500
1661
630
2
39
1384
3
190
450
698
1776
706
1689
348
1261
622
526
522
75
1978
5
215
725
22
908
456
1002
3
92
120
220
606
31
94
872
1669
122
216
919
298
541
116
1595
49
1953
1990
14
1177
575
15
6
655
737
24
309
1097
3
5
596
310
317
1144
103
88
140
673
925
558
193
1868
20
126
835
914
65
1454
826
40
128
224
155
1090
674
1507
1577
1222
865
139
1174
13
9
1188
149
576
1263
325
654
9
315
1231
221
963
1298
1577
34
8
1423
252
951
4
1740
91
655
854
580
220
1758
748
1812
401
536
1692
1
119
1246
527
43
2
393
84
48
1393
171
919
21
1227
828
517
1409
84
834
1403
930
491
5
238
643
1666
138
161
543
339
130
347
900
744
1140
173
53
93
1919
296
978
1471
498
1017
56
15
13
182
103
464
100
1840
1155
1446
1516
801
711
1382
592
1385
4
377
113
1610
202
94
94
817
512
440
13
792
25
405
390
429
408
405
220
236
456
208
89
8
1900
32
856
474
738
147
616
144
553
533
1323
1116
61
462
194
15
7
596
528
92
1599
660
599
302
704
15
605
645
444
1222
109
585
534
1934
251
912
1988
406
1353
45
680
30
518
806
1
1942
151
20
1889
1351
1084
180
59
247
1286
778
224
49
250
1473
51
855
310
281
71
446
678
795
490
848
41
876
161
70
21
1622
1741
104
322
455
1284
41
1351
622
478
662
1676
22
1309
1536
1323
1212
69
268
133
158
634
719
964
1223
1046
1497
1837
1150
448
65
44
531
837
57
541
587
1439
913
690
9
1352
185
128
320
1
282
111
1468
1662
243
771
98
29
155
564
1620
1319
1039
851
1412
1096
1754
18
336
867
32
115
1599
1751
1491
509
836
899
1
156
38
363
1010
1114
16
6
607
1910
1143
736
81
870
1
119
828
1686
626
1621
50
145
2
88
3
17
5
892
1144
1102
134
87
617
275
770
1349
142
1616
83
248
1445
190
15
100
613
198
1046
127
24
1104
1939
1474
480
1705
726
484
127
762
1699
872
690
762
149
1679
834
889
82
77
8
1464
724
1907
422
1568
202
655
1980
1232
1615
1122
11
565
13
84
11
510
1340
165
511
1253
1415
1149
1188
606
710
1622
1657
454
795
530
857
1847
267
1781
436
76
592
1657
141
617
398
526
35
1
800
383
1653
19
647
1462
465
240
71
1321
209
69
18
16
1896
1865
637
182
821
223
2
1898
1918
241
1357
1558
1028
388
1971
897
1586
385
67
254
33
1574
47
136
180
564
507
129
1030
527
893
1765
797
440
70
767
95
1741
390
85
139
340
887
1291
2
52
852
1166
1220
1
70
229
678
772
372
94
724
681
1372
203
476
1313
95
273
1931
182
972
234
235
1513
26
1324
234
842
3
484
40
1324
1
1496
1659
1372
163
446
889
590
1847
1891
3
349
1323
79
1
1087
72
1173
1335
859
1467
344
640
854
1465
1154
458
960
40
7
192
397
1999
1651
38
384
614
11
41
1909
934
1318
1829
403
1710
69
713
407
1308
728
1521
1524
36
302
115
174
349
543
1498
1751
13
1755
1866
537
1177
457
845
9
277
774
1600
788
16
13
1650
1319
50
706
245
698
1105
785
33
723
625
1993
453
1477
192
281
7
1551
1971
1562
1472
1355
807
47
1834
1397
140
119
91
580
1090
1239
913
16
1466
1145
36
449
507
480
83
796
495
1627
54
408
50
321
16
371
899
87
1090
1607
39
351
25
30
732
527
616
62
428
1
397
308
138
1878
249
547
15
3
405
658
48
196
7
465
1840
400
66
1739
492
438
12
188
1719
449
281
946
49
7
826
962
200
1084
1447
97
7
439
117
723
5
150
660
1
44
68
657
30
1857
1420
1394
1950
242
29
4
1594
650
136
91
709
63
517
171
115
682
219
1238
56
1781
750
580
1791
200
1135
498
81
400
902
1389
139
38
447
1859
290
60
18
161
1458
361
1780
244
388
705
1021
1084
313
6
655
1943
336
929
1074
1217
871
16
308
59
254
744
82
1242
1672
1243
1659
28
754
84
841
398
703
617
1744
1355
1097
1196
792
103
574
1968
297
15
1724
8
918
8
161
23
154
1407
955
287
781
1288
448
24
350
982
1112
50
683
322
369
189
60
783
502
53
718
194
100
754
127
1300
1694
1218
137
993
241
13
361
230
301
1821
180
1226
948
49
1234
160
1861
1095
856
974
1457
31
1692
492
658
1625
1785
929
686
81
765
301
370
1657
654
872
194
993
404
1
14
657
211
878
1086
556
25
1120
1422
61
1004
403
449
1614
1650
1989
1851
7
395
404
51
223
138
89
952
1269
1906
518
1158
349
407
104
1
187
47
433
805
1838
59
495
52
86
148
801
199
1673
33
1179
760
609
377
1171
596
1420
343
1110
295
642
195
1945
437
72
1460
146
160
16
32
331
513
448
113
19
1176
1649
467
678
537
192
26
314
1963
70
438
576
23
989
919
1101
1
12
239
1385
1778
797
1849
373
520
1908
1105
784
420
124
31
1244
1078
103
730
1361
996
16
743
9
1873
948
43
1126
682
959
334
22
1039
290
5
105
208
625
228
40
1864
27
12
1
661
298
1496
690
251
59
625
1151
1358
14
1035
49
1
559
411
139
936
1478
521
1641
1962
687
1758
322
104
1167
569
683
880
1179
1613
1202
477
1512
942
312
169
43
37
1343
1466
1395
863
1113
1656
1665
188
1259
640
271
1595
396
29
127
168
1832
324
98
1052
1341
139
473
239
117
1947
844
1598
531
947
639
37
38
1187
86
1597
363
335
1864
1282
1869
46
1449
587
34
1446
792
1380
27
1024
1222
44
3
665
988
520
541
1231
1671
151
392
1259
1686
25
2
1849
14
340
399
1861
200
406
441
18
213
321
19
420
180
1105
143
372
1953
1744
231
230
1289
81
422
943
24
2
4
13
1016
253
183
169
63
1984
86
1343
52
65
1277
905
337
1709
457
918
101
198
609
930
3
136
436
5
278
1673
938
1202
1031
1429
132
371
1584
19
757
910
14
208
253
1111
1335
304
62
1789
388
2
917
1510
1920
1633
1313
798
65
929
26
869
1804
1602
1437
435
233
1521
6
675
1202
4
535
97
1740
1107
254
783
9
678
279
844
1919
1678
230
22
386
9
17
1750
130
219
99
973
1871
1600
242
473
1036
458
26
7
5
1792
1289
253
672
165
1312
941
1886
315
1891
276
778
1393
549
320
256
626
464
56
81
2
1
44
1436
179
358
1697
819
955
609
438
639
130
391
7
918
695
1667
1587
502
258
1022
921
21
1691
314
665
91
1758
1212
83
336
1
207
211
19
553
1436
149
728
57
466
58
1808
1517
1517
29
893
156
1739
258
317
70
1005
77
1582
104
663
1192
169
5
667
506
516
534
364
1450
206
15
1
936
826
1624
4
831
46
893
129
940
418
162
2
731
1529
50
993
1788
1385
14
900
561
1376
419
838
297
44
565
85
425
1504
1295
244
868
1912
527
1673
354
827
1010
27
465
30
11
277
249
14
107
1479
945
1605
14
57
1699
119
97
333
5
22
716
323
86
254
805
136
550
78
35
591
1285
15
1
766
70
14
1002
1647
63
88
1968
592
38
1796
28
121
291
1153
146
1792
176
315
709
441
1707
836
1426
1782
246
162
1586
557
841
15
514
139
1315
1326
981
13
195
1640
525
294
66
141
29
1260
562
1052
1861
24
1325
1120
148
847
1711
89
28
15
32
268
85
1521
1707
1457
412
1646
14
1618
1080
1258
65
53
6
28
772
101
473
897
50
1896
46
227
1226
54
21
33
173
261
1
44
614
25
494
949
1134
799
1789
415
423
78
1990
832
7
1045
30
77
1306
383
1947
57
1917
363
1820
882
95
1002
168
455
1160
615
1709
80
1242
68
173
1182
664
16
1232
90
21
904
461
309
1962
1326
1493
1745
1530
265
154
862
525
1476
1798
1193
117
440
1341
692
709
153
1350
1036
639
24
142
27
1496
3
1742
1696
11
291
4
1467
738
881
120
460
1961
571
62
86
1375
48
879
124
662
320
1182
61
494
922
821
806
645
445
1
301
32
51
405
35
16
10
332
940
863
641
198
39
35
1993
535
201
453
1406
178
1071
171
408
317
43
77
51
1417
1225
605
7
14
1270
1151
1006
148
348
573
540
1123
65
546
323
246
348
217
1630
535
115
19
1107
248
5
139
731
3
1342
1965
1096
1751
4
81
1877
765
949
178
890
112
84
302
351
97
144
4
836
741
1992
189
1682
377
34
5
1324
114
1669
169
52
1485
109
494
1726
15
402
32
1203
1436
15
635
596
1515
80
1054
1537
461
158
268
3
1633
1819
1651
1580
74
169
976
389
81
136
93
289
1049
1207
502
1141
546
1556
1242
50
396
359
913
358
272
203
376
762
226
90
59
1646
147
15
565
598
1296
34
1298
1857
1721
780
598
437
1084
916
1393
1377
3
1826
164
1159
115
345
313
762
224
543
1647
4
28
1079
1
690
534
923
71
400
136
1750
226
170
766
427
18
618
1738
1882
546
309
1516
55
657
1842
716
1182
1697
3
1392
1860
1
545
1200
1438
42
16
1981
1966
32
146
19
1406
160
125
582
1103
362
1996
466
863
385
322
524
20
1653
311
142
54
261
769
364
1338
174
98
727
1728
1468
173
2
33
159
619
142
812
126
1706
1559
596
832
1645
129
750
349
375
868
49
1346
5
1772
167
113
1543
116
1820
36
234
560
829
1140
3
335
4
681
1812
637
1370
53
1733
792
176
1747
905
1198
60
155
1518
5
44
1098
150
290
670
1008
868
1457
1123
664
1766
290
1260
24
565
158
142
1224
1097
144
1451
360
61
81
1
70
843
1362
707
2
1447
1397
6
55
192
823
504
165
1774
1800
165
838
6
30
56
901
484
266
202
1086
1628
738
1957
1658
320
126
13
159
377
130
96
1232
835
1700
5
454
81
983
1062
418
1178
287
1207
846
13
346
412
1331
47
842
294
893
1522
118
235
447
112
241
1454
572
112
728
56
592
294
10
516
151
1845
315
116
1911
1789
1
1345
841
769
400
1507
549
778
302
636
1493
313
745
897
401
644
243
439
350
35
1
343
313
1136
128
639
86
12
693
1772
32
501
395
6
139
51
1970
262
353
1871
332
657
187
1420
516
1698
952
1540
126
1960
117
424
1059
150
1553
615
712
41
6
1131
67
1306
157
18
1825
1093
43
1596
81
332
17
8
1222
212
1072
930
967
21
837
243
1894
77
329
736
1044
1052
25
7
1119
191
89
1096
474
1257
404
628
133
1841
165
206
20
9
672
1108
4
524
21
883
1492
551
1178
1239
1696
5
761
371
224
325
1429
976
690
204
981
210
787
481
1763
1878
1128
28
464
