126
3
1
3
834
5
2
8
6
3
1
338
9
1
23
10
1
1
1
29
1
12
1
1
3
3
1
1
1
1
1
2
3
1
2
107
255
2
23
2
1
2
4
108
3
5
3
13
3
1
1
1
79
1
1
5
1041
4
4
1
1
10
1
5
1
1
3
8
1
1
1
1
3
5
1
1
22
142
2
7
3
4
1
6
1
6
1
1
1
1
5
3
1
1
2
7
11
1
4
2
1
7
3
2
2
2
1
2
1
8
2
1
1
2
16
3
1
1
55
6
13
7
3
5
1
1
2
1
1
1
1
1
1
2
1
63
1
1
1
1
25
1
3
1
3
164
23
2
1
2
27
3
1
4
2
46
1
5
2
1
1
2
18
2
1
1
1
1
1
1
1
1
2
5
2
5
1
1
5
1
1
11
3
1
1
2
1
1
2
2
1
1
2
27
4
2
1
9
1
1
1
1
2
5
1
1
2
2
1
21
1
1
77
1
1
1
1
4
1
59
1
10
1
1
1
33
26
3
1
3
5
1
13
7
1
15
79
1
9
3
1
1
3
5
1
1
1
1
2
11
1
1
583
18
1
36
10
1
11
2
1
86
1
1
15
1
3
1
2
2
5
3
1
1
1
2
3
5
5
2
1
135
2
14
1
5
21
3
192
43
1
88
6
6
1
18
1
55
1
2
2
17
1
1
2
1
5
2
117
1
1
1
1
1
1
4
88
10
41
2
1
1
1
1
4
1
1
2
1
6
4
4
2
1
13
1
1
1
2
93
1
1
2
3
1
5
2
1
1
1
1
5
38
2
7
15
18
1
15
6
11
3
1
1
1
15
1
1
1
2
1
6
16
1
12
1
11
178
1
1
36
7
7
1
1
1
11
1
1
4
293
2
27
2
4
1
167
1
77
5
43
3
2
6
2
5
1
2
16
33
1
2
28
1
3
5
1
1
33
19
4
4
1
3
1
263
70
201
2
1
3
13
2
2
1
3
3
30
1
1
2
1
1
20
2
621
3
2
6
1
4
1
5
464
10
2
4
1
2
2
3
1
1
1
1
1
1
1
11
1
85
2
1
1
4
1
1
32
119
1107
1
13
171
1
3
2
6
513
26
3
12
65
2
17
1
41
21
1
1
11
2
1
29
1
11
2
9
1
1
17
7
3
1
1
1
3
8
2
54
1
480
7
10
2
1
1
32
2
1
1
1
2
9
47
35
1066
1
3
1
81
21
1
65
1
2
1
45
3
3
45
1
5
4
12
1
4
1
14
1
90
1
16
4
11
7
3
1
3
1
410
3
6
1
29
553
1
5
3
2
1
25
3
13
37
3
12
1
16
14
1
13
1
3
5
1
2
281
1
2
1
2
68
10
17
1
2
1
2
1
56
22
2
1
1
1
1
14
3
3
1
1
39
1
4
618
3
3
1
4
3
1
5
2
1
3
1
1
62
1
12
1
1
1
4
2
1
1
1
1
17
4
60
5
197
7
1
3
1
2
1
1
2
1
1
5
14
1
1
2
6
1
81
1
1
5
2
15
1
1
1
164
1
1
1
1
3
1
200
3
74
6
5
20
1558
1
17
2
2
1
1
1
1
1
2
2
9
1
1
9
1
11
3
29
2
1
4
1
6
9
3
6
6
2
1
59
1
1
2
1
8
2
2
1
1
2
7
1
1
37
1
26
2
4
2
125
88
3
22
1
49
1
2
7
1074
43
1
2
14
3
491
1
164
1
1
1
8
1
2
5
14
11
1
5
1
1
10
1
1
1
11
6
1
1
1
2
731
11
1
14
24
1
1
18
2
1
1
1
1
7
20
1
16
1
14
4
42
19
2
3
5
1
271
128
1
1
1
3
2
1
2
1
2
22
1
31
2
1
7
221
10
1
27
32
13
2
1
2
1
1
2
3
1
2
1
2
1
1
32
10
1
1
330
2
1
2
1
17
11
6
3
37
43
36
1
7
95
133
5
3
1
6
3
69
13
3
2
8
3
1
1
11
1
1
5
26
5
2
9
1
4
2
1
3
38
1
76
1
148
530
4
20
3
73
7
3
2
2
137
3
166
2
2
1
3
25
7
6
2
24
91
2
1
4
1
1
2
1
113
3
11
1
111
1
2
3
1
1
1
6
1
1
2
6
1
12
3
7
2
38
17
193
1
1
3
3
1
31
108
25
1
4
1
15
1
1
86
2
2
1
2
175
2
1
3
190
2
2
3
1
3
1
1
10
9
145
5
4
2
10
1
6
3
120
1
80
1
6
16
39
4
1
1
1
8
1
1
173
7
4
10
1
877
18
1
66
2
18
1
1
1
1
8
3
2
1
2
5
1
4
1
3
4
3
7
1
2
2
4
69
1
1
88
107
3
20
1
1
1
1
1
1
1
2
5
1
134
1
1
162
2
7
2
1
1
1
14
24
1
1
98
37
5
3
1
1
6
5
5
1
6
3
1
32
1
1
109
6
4
2
1
10
9
12
1
7
1
4
5
2
83
9
1
1
1
18
66
1
1
1
2
7
2
2
16
2
4
9
1
2
1
8
1
1
4
91
3
232
11
76
1
2
147
5
1
2
2
1
5
1
1
1
1
39
1
4
1
1
4
3
4
2
1
2
1
2
15
9
1
1
1
5
3
1
2
1
3
1
16
2
2
9
2
712
1
175
5
1
1
1
40
164
4
10
1
2
52
3
2
1
6
5
67
161
3
9
5
1
3
8
1
74
1
1
2
2
202
1
2
316
1
94
1
1
1
10
9
1
2
1
136
14
26
1
3
3
2
1
2
38
1
7
19
74
4
17
1
2
3
1
1
3
2
9
39
1
226
2
3
1
3
3
1
1
2
2
234
2
3
2
88
1
1
3
10
1
3
1
1
6
3
3
1
2
5
365
1
1
30
7
2
1
49
1
5
85
4
2
2
15
5
1
1
5
127
2
1
2
6
6
39
1
2
4
1
2
1
15
204
2
12
1
4
179
1
5
6
76
4
3
1
7
18
1
4
1
142
3
1
443
1
24
3
1
24
1
1
1
5
1
113
158
1
47
1
4
2
4
3
5
5
2
2
3
5
1
1
6
1
2
621
20
1
81
1
11
177
2
10
1
2
2
6
1
9
1
1
32
1
1
254
1
1
1
3
3
1
5
1
54
37
1
2
1
1
7
2
1
20
1
1
1
1
31
65
1
7
1
208
13
1
14
1
5
2
2
70
4
98
2
10
8
3
13
3
5
1
1
3
644
1259
3
1
12
22
1
5
4
1
3
9
4
2
1
1
1
2
14
1
128
1
10
6
1
28
4
773
1
1
1
2
1
1
1
2
17
2
2
4
16
28
19
1
8
1
1
1
12
17
4
1
5
13
1
2
648
1
1
806
1
1
1
1
4
2
2
2
35
1
1
1
1
1
2
1
15
1
2
1
1
9
10
167
2
2
5
1
318
3
2
5
1
1
2
181
539
1
1676
39
2
1
2
1
1
6
29
8
3
1
8
1
7
2
185
7
1
3
1
1
8
1
1
3
18
31
1
5
1
1
1
1
4
6
167
57
1
2
4
2
2
3
1002
1
1
34
2
1
2
6
13
1
6
2
13
18
4
637
17
21
3
67
11
3
1
7
1
1
18
2
1
1
2
1
1
27
2
1
45
1
3
1
5
1
1
1
38
1
34
6
1
20
1
1
1
1
4
1
7
26
11
12
4
1
1
3
2
1
9
1
1
3
1
50
30
10
1
15
2
46
1
26
1
1
15
9
614
20
1
4
1094
2
5
17
1
2
1
3
1
1
2
1
1
1
2
2
3
1
231
123
1
1
6
17
18
3
1
2
2
26
1
1
1
2
1
1
110
1
7
435
1
2
1
5
6
5
23
4
1
1
9
2
1
1
1
2
1
2
1
1
16
11
5
2
1
1
77
1
2
1
1
13
7
15
6
9
1
2
1
2
1
1
1
1
1
25
11
2
116
28
2
662
6
2
1
7
18
1
1
1
2
4
5
1
4
1
3
428
1
3
1329
1
5
12
76
547
1
515
2
115
2
6
4
1
1
6
1
41
8
1053
1
12
2
11
87
56
2
1
78
3
1
26
574
643
1
1
1
5
11
1
7
4
5
3
1
2
21
5
1
1
2
15
1
3
1
1
7
5
73
2
1
2
1
54
1
1
7
2
1
1
1
1
1
2
1
1
8
2
1
530
2
12
440
2
41
3
1769
3
1
1
11
1
1
9
1
8
1
1
1
1
1
2
8
7
1
1
1
24
7
3
49
1
2
1
148
4
1
2
4
1
16
2
1
3
1
3
413
8
29
1
1
1
5
1
4
1
1
1
9
3
1
1
1
1
147
1
1
1
1
15
3
1
3
4
51
717
11
46
1
1
1
14
1
1
77
367
10
1
1
14
4
1
11
1
1
1
15
74
7
1
4
4
3
1
1
10
4
74
1
2
1
3
1
2
64
19
14
3
3
49
3
3
2
16
1
13
1
1
1
1
1
1
92
1
3
33
1
1
6
1
1
4
2
1
5
1
1
9
731
10
1
847
4
27
1
8
1729
1
1051
121
1
2
7
1730
103
9
2
1
1
1
164
1
6
1
1
2
4
9
206
1
7
2
12
1989
44
2
2
5
1
1
3
1
1
3
1
1
48
1
2
1
1
8
1
640
32
1
1
57
1
15
401
1
2
1
1
4
3
1
8
120
1
2
13
2
1
2
2
1
2
1
2
4
2
1
36
20
2
2
2
3
4
2
1
1
77
1
12
1
2
5
1868
7
2
3
1
14
34
15
15
9
3
3
1
862
4
4
43
1
1
5
2
370
1
70
3
1
52
2
1
6
5
91
1
4
2
1
1
2
1340
7
3
2
2
3
1
1
1
1
3
2
1
21
2
330
1
32
2
1
76
5
7
1
1
9
2
1
6
1
15
75
1
7
1
5
1
2
1
1
4
1
72
1
2
186
51
579
26
1
102
1
2
3
2
1
1
1
2
1
2
2
2
1
4
1
2
3
1
434
1
2
30
1
5
41
102
17
1
20
2
4
2
1
1
4
7
2
2
1
12
2
22
103
1
79
1
2
2
1
1
45
26
14
1
102
1
2
2
3
1
3
1
1
4
1
158
191
4
16
33
9
5
3
1
30
8
5
1
2
1
1
3
1
2
2
2
1
2
1
1
24
1
1
1
1
1
1
2
27
9
1
1
17
4
1
3
13
1
3
4
8
28
6
3
2
5
3
1
1
201
1
2
1
1
1
14
1
1
80
14
35
1
5
1
6
1
9
7
4
2
1
9
1
14
4
1
2
1
1
2
33
1
1
25
1
3
16
64
13
97
1
25
1
1
1
14
4
3
1
2
4
6
1
2
2
3
8
3
2
1
2
1
1
1
2
10
1
13
2
2
1
3
2
3
2
18
7
1
6
2
2
1
2
66
1
1
1
15
225
30
1
1
3
11
49
2
3
3
1
1
1
20
1
20
28
1
2
11
2
8
2
42
5
1
5
8
8
7
6
29
1
2
15
1
2
2
5
9
2
1
3
193
1
1
2
1
2
3
1
3
1
4
61
93
1
25
1
891
2
2
2
1
10
1
1
30
2
629
17
2
28
6
194
28
16
1
2
2
1
1
84
1
114
2
116
2
1
1
4
1
30
1
14
14
1
32
16
103
1
3
9
2
1
1
7
2
2
36
1
1
62
1
2
1
1
1
28
1
1
1
1
2
1
1
1
1
20
2
1
8
1
2
1
1
3
406
1
1
1
3
3
8
1
1
1
1
6
2
1
2
1
4
1
1
89
7
9
3
1
15
4
11
1
3
1
1
1
2
1
20
23
1
1
21
7
10
1
2
6
3
1
1
3
68
30
1
1
1
4
1
2
1
1
30
2
1
1
1
29
1
1
12
11
48
1
31
4
4
1
2
1
2
2
1
1
12
12
2
2
2
7
1
1
1212
1
15
2
1
1
2
1
5
2
41
5
1
26
1
1
123
9
2
45
4
5
1
1
2
4
10
1
159
3
2
2
1
53
1
8
1
57
5
1
1
7
2
1
3
3
1
2
2
190
1
1
1
5
1
2
4
18
1
2
1
1
3
2
3
4
5
8
21
2
1
4
4
14
2
8
100
1
5
4
4
1
2
11
24
2
11
3
9
3
3
12
1
2
15
2
1
2
1
1
1
57
1391
1
7
3
1
1
5
7
1
2
12
1
169
1
1
3
10
2
137
33
19
7
19
3
1
31
1
1
43
1
11
28
1
4
20
1
3
12
3
1
2
4
29
1
3
3
17
1
43
1
1
122
18
2
1
21
1
9
2
5
15
1
4
1
2
2
4
19
1
2
3
78
1
1
26
1
3
1
168
1004
13
1
1
2
5
3
5
1
1
2
15
2
7
1
3
4
9
1
2
1
145
3
9
685
17
1
3
125
1811
25
1
1
3
32
343
72
3
1
9
1
3
101
2
11
8
1
708
1
699
3
1
1
1
4
473
178
1
1
3
1
2
10
1
1
12
1
90
15
1
57
3
1
3
1
4
2
1
2
5
4
1
1
105
5
1
1
11
1
1
18
1
1
12
4
8
6
1
6
3
1
1
1
2
14
2
1
8
1
2
223
5
6
1
10
1
9
30
2
1
1
1
1
1
3
1
6
4
10
2
3
1
1
39
19
47
11
2
1
10
1
18
4
7
108
1
34
2
1
10
117
1
2
1
3
1
1
1
5
1
13
2
15
554
1
176
280
3
4
18
2
1
15
1
1
4
1
9
3
1
2
1
1
4
1
25
15
2
1
16
13
1
1
1
11
4
2
1
78
4
18
2
1
4
19
23
2
11
1
3
13
1
6
73
2
3
34
1
30
2
1
1089
4
2
1625
29
4
16
1
1
1
1
6
1
1
3
3
6
13
46
42
2
1
4
1
1
2
1
1
57
3
1
2
29
69
12
1
10
1
20
2
1
1
5
2
1
4
1
1
1
2
32
16
20
519
1
4
1
2
1
3
1
1
9
1
4
16
1
272
1
14
7
1
3
4
1
3
2
1
1
10
1
1
85
1
2
3
11
5
1
1
4
7
4
4
1
1
5
2
1
1
1
5
3
1
2
5
1
3
1
35
104
2
1
3
17
6
1
3
2
1
1
103
1729
1
17
1
42
6
1
7
1
4
7
6
1
13
1
1
3
1
38
152
4
15
592
8
1
3
15
1
1
1
1
14
182
1
2
2
1
20
2
2
4
1
1
2
3
1
16
2
1
12
29
16
31
9
1
5
41
3
10
3
1
1
4
1
4
1
6
1
1
1
1
1
81
6
27
1
4
193
2
580
18
1
5
6
4
144
1
1
1
672
2
6
5
11
1
102
2
4
1
1
4
1
3
8
17
1
2
2
1
8
2
1
3
10
37
1
2
1
5
1
3
339
73
2
1
6
1
196
23
26
1
4
2
10
2
3
1
1
768
1
3
3
2
6
1
2
8
1
78
5
4
17
1109
1
2
2
1
4
1
1
1
1
12
10
13
6
1
1
1
4
1
154
1
1
1
38
355
1
162
52
1
4
8
2
2
2
1
1
1
1
1
20
1
3
2
128
7
1
1
2
46
1
1
8
6
2
1
6
88
1
2
1
5
2
1
2
1
1
3
2
1
78
11
5
2
34
3
3
46
1
4
8
1
1
216
1
1
3
5
2
4
120
1
170
6
1
3
14
4
2
1
1
5
422
1
6
1
2
8
3
1
20
1
285
144
1
1
3
1
5
4
12
1
1
23
11
10
3
26
1
1
237
1
2
1
6
716
1
4
1
1
4
1
39
1
5
1
2
8
2
14
1
7
40
1058
28
1
3
2
1
1
18
6
12
2
481
1
6
1
2
43
4
3
1
113
312
25
6
1
1
4
11
10
10
13
14
3
4
2
1
11
1
132
16
3
3
4
1
2
21
440
10
1
1
1
1
1
8
1
1
1
7
212
14
1
1
16
2
1
360
1
1
1
111
1
24
1
17
2
152
753
1
3
106
1
1
176
7
1
1
1
112
55
1
1
1
9
2
19
59
168
58
5
1
61
108
1
12
2
1
3
1
1
1
10
5
7
3
1
1
8
1
18
2
2
1
1
1
1
1
11
2
32
567
1
5
1
33
1
39
26
115
4
5
9
413
1
1
14
2
3
34
10
4
1
1
12
3
4
16
3
1
1
121
2
1
3
4
1
1
3
1
12
1
2
31
1
173
2
5
1
1
1
2
7
2
1
1
3
3
1136
1
2
1
3
7
1
1
1
1
2
11
24
17
16
1
1
1
19
4
188
15
81
1
1
1
2
1
1
2
5
12
155
22
2
2
1
1
3
1
1
1
4
125
36
5
12
324
6
1
1
8
1
4
1
3
12
1
2
1
2
36
1174
1
2
41
32
1329
3
2
1
32
13
4
1
5
3
1
12
1
40
3
1
2
1
9
1
1
3
1
2
27
5
124
1
28
1
2
6
16
1
10
79
28
7
1
1
1
1
11
41
16
4
1
1
854
1
1
2
1
226
1
2
4
6
8
6
1
1
4
1
5
33
16
1
8
1
3
1
2
1
217
22
4
4
2
2
1
3
1
2
911
3
4
1
333
235
17
1
1
146
1
1
3
5
3
1
1
2
1
1
1
1
1
1
7
1
1
1
3
13
1
2
1
9
4
3
1
379
1
7
2
1
2
16
27
2
5
6
3
1
9
1
1
2
1
1
9
2
8
5
1
1
1
6
3
114
9
20
1
1
34
1
2
855
1
67
7
53
2
6
1
17
27
4
1
30
3
9
1
1
8
1
1
226
3
1
1
3
6
3
73
1553
20
2
15
1
1
1
794
40
21
4
2
19
8
7
4
9
1
1
1
4
1
1
1
293
1
7
1
1
32
2
2
8
1
1
1
3
2
1
140
288
2
14
5
27
2
12
1
5
4
4
4
1
1
1
312
4
4
1
1
1
81
2
1
1
2
7
1
6
2
1
1
1
1668
13
1
1
239
1
6
3
4
1
1
22
29
2
1
1
278
1
3
1
1
5
8
401
2
1
1
5
1
2
1
5
1
4
3
3
2
1
4
6
10
5
2
89
8
1
9
3
10
1
1
1
944
9
471
1
2
5
5
2
1
8
1
5
1
1
114
1
4
39
26
6
6
2
1
1
1
2
142
1
32
3
26
1
22
18
13
1
1
19
16
2
3
35
1
710
1
1
1
77
6
1
4
4
7
1
2
8
1
57
2
311
139
7
7
290
6
3
2
1
10
115
2
567
1
54
1
168
462
18
22
2
1
2
1
2
52
9
17
13
3
148
2
1
13
2
2
2
3
1
1
4
17
1
327
5
5
3
14
6
2
5
1
1812
9
2
6
1
2
1
1
8
15
13
3
1
1
103
2
1
9
1
1
45
9
1
2
1
11
60
16
17
1
1
29
1
2
5
245
1
1
72
2
1
2
1
7
200
1
1
1
1
2
2
8
1
3
49
24
1
4
6
3
1
64
1
3
20
1
2
408
5
2
3
16
2
1
1
24
1
1
4
105
4
11
1
1
1
5
2
1
9
3
111
1
1
1
2
8
49
6
1
19
33
4
1
880
1
9
1690
8
268
3
1
2
1
153
15
2
254
3
1
2
314
2
1
1
4
23
2
3
743
1
1
1
2
1
15
4
1
283
5
1
10
1
6
1476
1
7
1
1
893
1
1
4
1
1
1
1
1
9
1
383
86
1
1
4
3
1
1
702
3
19
1
24
90
1
1
1
52
2
276
55
1
254
1
85
3
1
2
8
38
97
1
1
1
1
29
1
8
6
1
4
6
1
1
3
24
3
1
1
5
1
1089
1
1
2
2
2
2
12
4
1
1
1
7
21
572
10
26
518
1
34
1
1
6
35
2
5
1
1
3
1
1
9
1
2
4
1
12
1
440
1
17
9
4
5
1
2
1
42
2
1
1
1
170
1
1
3
3
1
2
4
1
527
1
10
17
13
14
35
1
1
31
2
14
25
2
1
1
5
1
13
1
424
1
1
5
1
1
2
21
3
2
309
1
3
23
2
3
3
3
2
1
4
11
270
28
1
10
3
1
2
1
2
36
6
76
6
1
1
2
1
2
2
15
9
4
1
6
1
2
1
9
1
278
1
2
8
1
327
5
3
4
2
1
163
1
17
5
1
1
8
2
2
12
322
2
1
6
62
127
5
137
3
5
1
2
1
1
1
18
6
6
1
14
1
3
3
1
10
1
2
9
2
1
1
1
26
1
12
62
4
1
27
2
1
3
2
13
60
1
1
2
2
1
1
1
694
1
3
7
5
7
2
1
362
537
1
24
1
3
2
2
1
26
2
2
72
4
7
4
3
7
1
1
1
4
1
1
1
4
1
1
2
2
1
1
8
85
1
9
104
1
1
1
4
2
1
1
1
13
2
24
3
1
1
3
1
25
1
1
509
4
1
64
1
1
1
2
9
46
1
10
13
2
1
1
1
62
73
1
1
1
1
1
1
1
2
33
12
1
26
1
16
2
1
2
3
7
1
1
1
1
1
2
1
7
1
3
2
8
6
1
1
24
4
3
22
10
1
24
33
3
1
19
1
1
1
1
8
1
1
2
70
1
2
1
2
1
4
1
1
1
43
3
5
2
2
1
1
9
1
1
15
5
1
4
1
2
640
1
2
16
3
21
1
2
1
1
2
24
30
3
1
4
1
58
2
6
2
1
61
2
1
1
1
2
2
1
128
2
1
232
121
2
1
4
1
2
20
2
5
12
1
7
1
1
39
46
11
23
3
103
16
5
82
1
1
94
19
1
1
2
1
1
59
2
2
5
1
9
3
1578
1
3
2
2
1
1
1
2
1
4
77
17
1
1
2
2
1
6
1
4
330
1
38
1
1
2
1
1
4
13
1
1
64
1
2
16
16
1
1
3
1
2
2
1
1
43
7
2
132
10
80
1
3
49
3
11
1
2
2
95
2
548
21
3
145
1
401
2
8
1
11
22
4
3
3
6
4
1
1
1
1
37
6
6
18
1
1
108
1
1
15
19
8
1
2
2
1
121
1
982
1
4
1
3
2
3
6
1
7
1
2
5
5
1
1
2
3
1
1
4
2
4
1
65
4
19
2
1
10
81
7
1
21
1
7
1
2
1
3
1
1
6
4
12
1
2
98
1
1
32
6
14
2
1
696
1
4
1
3
1
48
3
57
1
2
1
4
180
1
2
1
274
180
2
1
3
10
6
1
1
4
20
3
1
18
3
1
1
1
21
12
1
2
19
1
1
1
70
1
37
1884
15
1
15
1
2
17
1
10
6
3
32
88
52
2
5
1
1
9
3
1
1
2
33
6
14
3
28
1
7
1
1
3
3
1
5
2
15
1
2
1
1
11
1
1
4
1
8
2
13
17
1
2
129
2
2
3
10
22
63
10
22
1
2
3
1
2
2
1305
5
1
6
3
1
1
2
1
51
1
530
3
1
54
2
1
2
1
168
1
1
27
1
1
53
1
1
117
66
117
3
2
1
1
13
2
2
14
1
4
5
1
7
1
18
258
11
1
7
2
1
1
5
2
1
2
1
3
97
1
1
1
1
10
1
2
1
2
1
14
7
27
1
7
1
1
1
1
2
8
1
8
26
189
1
1
24
3
13
2
1
1
1
84
1051
1
3
2
12
1
2
3
22
2
1
20
221
1
9
14
2
1
5
1
1
5
9
18
15
1
2
1
2
1
54
3
48
25
1
3
11
1
1
5
1
1
5
53
2
2
3
1
7
4
43
4
17
20
1
2
1
18
1
7
12
1
1
3
1
1
1
123
2
1
1
1
10
1
2
57
2
4
1
1
14
2
3
3
29
4
2
2
13
1
9
1
1
1
63
1
1
3
2
4
22
2
2
4
1
9
2
1
150
1675
1
1
1
1
1
1
2
4
1
474
34
1
1
1
3
40
4
1
14
12
3
2
1
30
3
1
2
2
5
2
1
1
1175
1
1
2
4
1
1
1
14
3
96
893
2
1
1
6
1
2
43
2
28
1
1
1
6
1
1
13
5
1
2
1
2
32
1
87
8
26
2
1
1
1
7
1
104
2
1
1
5
2
3
8
3
1
1
3
1
36
2
271
1
1530
4
1
1
3
1
7
2
1
1
3
2
2
9
37
432
22
6
2
1
1
4
1
8
5
59
1
32
1
958
4
16
4
3
7
1
1
1
6
3
22
93
1
12
4
3
3
6
1
1
18
27
6
1
26
3
2
431
10
4
1
8
3
4
1
2
15
3
6
1
3
1
62
10
5
1
234
3
2
7
1
1
1
1
21
320
3
3
1
1
1
1
1
2
8
1
1
6
1
1
4
2
351
1
5
1034
1428
143
1
339
31
9
1
44
5
57
37
1
4
1
5
46
1
1
1
2
9
57
1
5
44
2
62
1
1
1
3
19
1
1
28
168
1
1
403
4
8
4
75
5
34
3
8
7
2
3
1
1
1
3
28
1
1
1
70
3
1
1
1
3
28
237
1
1
74
1
3
2
8
171
30
14
3
6
24
5
1
4
4
3
1
3
3
2
1
1
9
3
1
66
73
1
16
2
103
98
9
2
1
1
8
360
1
1
2
3
3
9
2
1
3
2
1
1
1
1
57
1
9
8
2
1
38
3
1
53
3
1
1
2
2
1
1
12
99
2
2
4
1
10
2
6
1
1
7
1
7
2
3
1
7
1
1
14
2
1
2
2
1
4
1
11
1
14
1
6
5
105
12
1
1
16
1
1
1
348
2
5
3
14
1
9
2
2
3
3
1
1
14
1
1
1
1
9
2
1
29
1
1
13
7
4
6
2
1
1
1
3
1
14
1
1
1
1
1
1
12
1
3
720
1
1
3
1
1
67
1
2
1
14
4
1
1
4
4
1
2
1
4
4
1
116
1
7
1
1
1
3
8
1
7
6
1
7
2
1
31
4
1
9
76
1
1
1
1
9
2
5
6
2
1
1
3
1
34
25
5
1
6
7
1
2
2
4
1
1
2
2
1
111
3
7
114
4
17
1
1
3
2
1
1
2
12
139
589
1
1
1
2
2
4
5
7
1
9
1
3
1
68
36
15
2
26
5
1
11
1
2
1
1
1
1
2
1
2
7
1
1
3
12
7
1
6
2
3
1
1
2
2
1
2
1
1
5
2
2
1
11
2
1
3
1
1
2
1
87
6
1
8
7
1
4
1
3
195
3
1
1
183
1
44
1
11
1
4
3
2
1
3
94
7
3
78
1
2
1
1249
25
1
36
1
1
2
9
21
1
1
1
7
2
1
1
7
1
3
2
2
2
10
2
40
6
1
1
37
2
15
1
1
588
12
2
15
1
1
5
4
1
1
11
1
1
1304
4
2
350
1
7
325
117
2
37
1
3
5
1
1
6
7
1
3
1
673
1
23
12
11
2
1
1
160
8
21
1
1
51
9
1
1
1
1
4
2
1
9
3
4
1
1
127
2
1
1
257
1
24
1
3
1
1
3
12
3
1
2
1
5
1
1
10
1
3
1
3
2
344
4
26
58
1
1
3
12
2
2
99
1
3
1
1
6
1
4
7
1
6
1
3
1
78
42
1
598
1
2
40
1
205
18
1
2
1
8
2
3
1414
1
3
4
2
2
1
39
2
54
10
1
2
1
1
3
2
3
1
1
1
1
3
81
4
5
5
1
1
1
10
9
1
2
1
1
1
10
1
1
5
5
2
1
12
42
2
1
45
9
726
61
1
3
36
4
7
1
862
2
21
7
2
1
3
1
1
1
1
1
1
1
111
1
3
1
1
2
41
56
5
6
23
4
1
28
117
16
8
2
1
2
1
1
2
2
1
4
4
3
2
1
182
6
1
4
1
2
3
7
1
69
3
5
475
1
1
1
2
1
22
1
1
1
2
13
1
2
1
1
5
1
2
107
1
1
1
4
1
8
1
1
1
2
1
1
1
1
32
1
3
3
6
1
1
19
1
1
4
66
2
4
1
5
1
2
2
32
1
360
2
19
8
5
3
1
38
3
1
1
1
59
3
15
1
1
255
1
1
12
3
1
5
1
1
8
1
47
8
41
1
1
24
5
1
1
2
1
7
1
2
18
5
8
3
2
39
39
1
5
1
2
4
2
2
13
1
71
58
4
32
1
1
1
1
4
2
5
2
165
5
1
1
3
1
48
1
1
10
2
2
2
5
1
18
1
1
2
1
2
1
2
1
74
78
8
1
1
1727
5
1
1
17
5
18
1
43
127
6
5
1
4
246
1
359
1
3
1
1
1
10
1
1
7
3
2
38
295
4
1
1
9
1
1
2
3
9
4
1
1
9
1
2
8
21
1
6
4
1
1
176
4
1
31
10
152
1
5
1
1
1
3
20
12
3
1
3
7
1
5
2
1
7
13
9
5
1
5
1
5
1
9
7
1
4
2
1
2
1
1
1
2
1
1
1
2
12
29
1
1
1
7
10
3
22
10
1
2
5
1
2
6
44
3
1
171
3
1
54
16
9
1
717
1
8
8
1232
5
5
1
370
1
1
1
1
3
1
1
4
2
2
1
6
8
1
2
2
1
14
2
14
1
1
21
1
1
1
4
1
1
4
1
1
2
1
3
978
1
13
214
2
195
16
1
1
1
16
49
4
110
1
1
1
1
1
4
2
387
2
5
1
16
2
14
31
6
3
2
1
5
1
9
439
1
891
16
4
1
1
13
136
1
1
141
1
3
1
91
10
1
1
2
1187
1
8
2
1
2
1
412
1
1
1
2
6
3
1
5
2
14
1
1
1
2
156
10
1
1
1
1
2
1
36
698
1
7
3
3
1
1
6
2
1
1
12
1
3
1
2
1
1
10
2
3
7
8
2
4
6
16
6
1
42
1
11
1
226
1
42
4
2
8
1
1
7
6
1
3
1
1
3
1
136
30
11
8
1
27
1
1
1
862
22
1
1
2
100
1
1
5
1
3
1
7
30
2
1
1
8
718
2
6
2
2
1
6
30
1
24
1
2
13
1
1
6
19
5
3
1
1
1
1
5
194
49
4
2
2
6
57
2
1
4
217
3
1
1
80
11
3
4
2
9
1
2
1
16
1
2
32
1
51
2
14
1
4
1
1465
37
2
2
2
6
2
1
1
2
1
1
2
4
11
1
1
5
44
1
1
518
2
8
1
116
1
13
1
1
145
1
2
13
5
11
63
1
2
3
1
1
1
6
2
2
6
12
5
1
17
1
4
1
2
49
5
2
19
1
1
1
1
6
12
1
10
5
1
1
3
1
8
1
7
1
650
9
8
1
8
38
1
7
1
1
1
1
1
1
11
5
7
643
48
1
4
3
1
14
4
2
117
1
82
1
1
4
55
2
1
14
2
3
12
3
1
1
407
4
17
1
1
5
54
1
4
1
33
1
885
1
1
1
2
2
3
5
6
8
11
1
1
1
1
1
1
7
2
2
1
1
1
1
2
2
1
9
36
3
2
11
17
2
39
2
1
7
15
1
277
7
5
1
3
1
1
2
4
1
5
4
1
39
2
18
16
2
1
1
10
360
3
5
4
12
1
3
1
2
17
2
1
1
2
1
21
1
117
1
1
1
1
1
5
1
2
1
1
2
2
1
836
2
48
6
1
2
1
1
2
5
2
1
1
2
4
8
4
1
29
3
7
115
3
26
232
14
22
5
1
23
7
1
2
19
1
1
783
1
34
1
1
4
1
2
2
3
93
2
19
2
4
122
1
1
1
111
1
1
1
1
8
1
32
4
2
1
1
12
1
1
2
1316
18
2
1
3
1
2
31
2
3
1
1
3
10
1
3
597
6
6
7
67
1
36
4
23
15
5
1
2
1
47
2
632
1
1
1
2
9
2
2
45
1
5
1
188
1
1
1
45
362
1
1
2
1
2
1
5
1
1
2
1
29
196
1
1
3
1
7
1
8
9
9
18
204
2
2
2
1
36
629
1
1
3
1
2
5
3
14
1
2
43
304
1
1
1
1
3
7
2
1
3
2
1
2
2
487
2
13
1
1
1
101
22
3
1
1
1
5
1
10
7
21
10
2
2
19
4
9
1
3
2
1
1
1
18
29
1
1
1
12
8
36
542
1
1
3
6
1
1
1
23
272
1
1
1
1
5
1
2
2
6
2
1171
20
1
1
1
26
1
1
11
20
83
1
1
207
104
2
5
1
1
8
1
1
1
3
1
1
2
9
1
3
2
6
8
1
8
1
7
1
1
2
2
36
3
11
1
5
1
2
5
5
1
2
22
3
8
271
1
7
149
1
13
1
14
1
2
5
1
2
7
45
1
3
1
3
1
1
1
1
118
1
2
2
8
1
4
1
12
38
5
4
1
1
61
1
1
12
2
1
1
1
1
26
1
1
4
2
5
4
44
2
4
1
1
33
19
1
4
2
1
1
42
167
1
2
106
2
18
4
1
15
1
1
10
4
1
8
12
4
4
2
1
51
1203
179
1
1
1
1
1
2
2
4
11
1
13
1
149
3
1
2
3
4
2
1
1
3
2
381
22
1
44
3
1
4
2
2
2
1
4
2
19
3
1
194
1
8
1
3
3
1
1
1
448
2
477
1
1
1
13
3
1
186
6
1
1
45
2
56
1
1
1
1
2
162
7
1
4
4
13
1
2
3
15
1
1
59
3
1
1
16
12
102
8
1
86
1
1
2
5
3
23
1
1
1
9
2
5
1
1
1
2
1
1
1
5
63
2
281
4
3
1
2
333
1
1
2
422
37
6
2
1
1
5
1
3
2
1
2
1
1
40
2
2
1
34
4
19
1
3
6
2
8
12
102
6
75
2
1
1
8
2
1
9
118
1
4
1
1
2
75
2
1
1
1
1
4
27
4
7
1
22
2
1
3
1
2
1
1
2
1
1
1
4
1
1
1
1
1
6
2
7
1
1
3
17
4
1
1
18
192
55
29
1
6
1
1
11
57
49
3
1
1
1
5
3
3
1
3
1
72
134
501
1
28
1
14
4
7
7
36
11
1
1
37
5
23
1
2
16
112
1
72
1
2
37
165
18
1
1
2
3
8
1
6
16
74
5
37
94
72
8
3
27
19
1
1
1
4
2
142
1
1
1
5
1
1
2
1
135
1
54
8
14
1
1
1
2
1
19
1
1
1
1
1
61
2
15
2
5
2
16
18
1
9
6
7
1
1
1
2
23
3
1
3
113
5
7
2
1
6
33
201
1
539
7
4
1
58
2
2
40
1
3
3
1
1
74
41
4
3
6
1
5
41
19
12
37
1
2
2
27
5
64
2
5
268
1
2
56
1
1
2
5
4
2
141
47
1
14
6
11
3
4
3
1
12
1
75
6
5
3
3
4
1
2
1
28
2
1
24
4
1
44
8
1
6
1
713
108
4
3
1
1
1
7
3
1
1
2
3
1
1
2
996
1
7
2
74
368
5
1
1
659
1
1
1
199
4
17
1
85
6
2
1
3
1
13
91
3
34
1
2
4
1
10
1
2
1
3
8
6
3
12
4
29
2
2
1
2
2
2
7
1
45
1
117
3
17
94
1
1
1
1
6
208
1
4
408
3
6
2
1
1
680
3
45
1
4
2
1
16
1
1
1
17
2
30
1
741
2
1
1
5
5
2
79
1
2
2
75
1
1
1
60
54
1
1
24
3
1
8
1
7
1344
2
1546
421
1
1
110
3
1
1
1
440
3
1
1
1
1
1
22
16
173
1
11
6
2
1
20
1
1
1
1
2
1
1
12
6
2
8
98
12
1
3
3
3
4
1
1
13
1
2
1
6
35
1
1
2
5
1
2
3
1
6
2
2
9
1
49
2
3
1
2
1
1
5
10
4
1
17
1
1
1
1
1
106
2
678
11
2
1
7
4
8
417
3
370
22
1
1
20
7
30
1
1
1
3
5
8
1
1
1
1
9
1
3
32
7
3
41
10
1
1
111
2
2
2
37
1
3
5
2
3
37
1
227
1
4
15
704
1
158
19
1
77
1
2
5
61
90
2
4
11
2
1
5
1
1
1
1
1
2
14
1
1
3
3
44
1
1
1
24
2
1
1
8
1
9
11
4
2
3
1
21
1
62
2
3
379
2
13
1
3
8
3
2
1
606
2
17
2
1
1
2
1
8
1
1
2
1
39
2
1
1
5
64
1
23
6
21
3
2
26
2
15
5
1
5
2
68
1
1
30
3
2
1
1
1
2
1
12
1
1
2
1
3
69
2
2
1
16
1
25
149
1
1
3
2
8
1
2
3
6
1
226
1
4
2
1
1
1
1
2
15
7
1
1
190
92
1
3
1681
1
3
1
1
1
1
2
1
626
2
4
1
1
42
5
3
1
1
4
1
2
7
2
2
49
1
1
1
1
1
1
173
9
1
2
1
24
1
1
2
13
1
1
223
5
1
1
43
1
204
1
2
34
1
1
2
1
4
6
1
2
6
1
10
1
1
1
74
158
1
1
2
10
23
56
5
1
5
253
2
42
1
132
1
1
1
6
1
1
3
7
3
7
1
2
1
3
1
1
4
17
2
1
23
1
1
15
1
41
1
1
1
4
1
2
1
1
1
9
29
22
5
1
363
5
48
21
37
3
5
13
2
1
13
2
1
5
4
1
4
3
2
1
3
1
8
2
1
68
1
1
75
1
4
10
14
96
1
192
5
2
1
2
2
2
29
1
3
2
3
4
1
1
1
67
2
1
1
51
2
48
1
1
1
1
1
8
1
10
1
2
3
1
2
8
1
31
7
1
1
5
1
16
1
7
1
38
3
2
4
1
21
23
12
3
1
1
3
31
46
1
1
1
7
1
3
15
9
1
1
1
312
1859
1
1
52
1
3
1
5
1
11
39
1
1
1
1
16
3
1
1809
20
3
2
6
4
1
105
1
87
1
1
1
14
91
1000
23
32
246
2
2
5
1
15
1
19
14
1
1
29
2
43
17
1
1
1
9
2
43
1
4
4
1
3
30
1
1
18
1
15
2
1
1
2
6
2
4
1
1
261
1
7
3
1
1
1
1
59
1
1
4
42
1
2
8
25
3
4
9
353
1
64
500
264
2
4
2
2
1
2
1
1
3
3
344
1
5
8
872
2
1
285
1
1
58
27
2
1
2
2
1
3
111
1
1
30
42
5
2
28
8
2
2
1
2
2
10
2
11
245
2
3
3
2
1
1
60
2
5
1
83
6
8
1
1
2
1
1
23
3
8
3
139
3
1
115
1
1
1
3
1
2
8
1
2
1
36
3
3
3
1
1
3
1
2
15
23
3
146
42
1
14
3
1
6
1
23
1
15
3
1
1
2
1
13
1
1
3
34
5
2
22
1
82
1
20
3
2
11
5
3
7
1
1
1
2
1
1
1786
5
3
10
1
5
1
6
10
11
42
2
3
3
668
2
12
1
1
8
1
1
4
8
1
1
9
1
2
1
10
356
47
1
9
1
5
2
2
1
2
1
1
1
18
2
8
1
3
1
10
2
4
7
1
5
4
4
7
1
1
6
1
6
1
1
19
2
28
90
5
1
1
4
1
1
4
131
7
1
1
1
1
1
3
1
12
1
18
4
4
2
9
1
8
1
1
20
3
1
1
16
7
73
3
1
2
3
1
1
1
4
1
26
142
1
1
3
7
2
2
709
1
6
1
1
1
2
40
2
151
173
1
1341
1
1
9
18
2
5
85
17
1
2
26
2
1
1
1
113
1
1
10
2
2
3
5
8
2
1
149
20
3
1
1
6
5
20
2
1
1
6
1
4
1
3
1
1
1
1
1
4
1
2
1
2
1
1
1
7
1
1
1
1
1
59
3
1
5
1
3
4
1
1
1
3
22
11
2
1
9
1
57
2
2
2
293
3
665
5
5
29
20
33
2
2
81
1
5
1207
1
1
14
16
4
3
298
6
9
2
2
19
1
294
1
1
4
2
3
1
6
1
436
19
13
1
6
326
373
2
1
1
1
2
1
2
3
1
9
1
1
5
2
7
15
1
1
1
1
1
278
1
1
1
1
1
1
10
1
2
271
1
1
5
18
5
2
1
75
3
1
159
3
2
1
687
2
1
5
256
1
25
2
1
2
1
41
2
14
19
2
1
2
3
1
153
1
39
2
1
5
25
1
4
3
6
1
7
11
1
1
1
6
1
1
49
10
1
1
1
1
1
3
1
32
9
1
1
2
2
1
20
1
5
1
3
5
1
1
2
1
1
2
2
1
1
33
2
1
2
4
1
1
1
1
16
2
1
79
1
1
3
8
1
1
2
8
1
1
3
1
1
1
5
6
1
3
8
8
1
1
2
3
3
1
3
1
4
52
28
6
65
1
251
1
11
8
41
2
1
1
5
1
5
2
6
6
1
3
1
556
2
8
1
1
4
1
5
3
6
1
3
1
19
1
19
1
4
1
1
1
1
1
5
1
1
68
1
2
6
1
1
41
2
4
9
2
1
34
4
4
66
1
1
7
59
1
11
1
8
1
1
14
1
3
1
40
1
7
22
1
2
1
13
202
7
10
1
3
2
1
1
1
3
1
553
1
3
1
1
1
1
12
1
5
122
105
3
1
3
2
1
1
2
11
133
263
9
2
1
1
6
4
12
4
13
2
2
1
1
4
45
1
121
4
1
2
4
15
2
5
2
26
3
2
10
1
5
1
2
2
5
364
1
8
1
5
1
1
1
1
1
1
6
86
1
1
5
2
1
1
3
1
1
6
8
1
7
14
1
1
1
70
57
6
3
1
18
23
1
1
1
1
1
12
1
1
7
19
1
5
1
1
22
2
2
249
24
1
1
1
21
1
1
1
1
1
1
70
9
3
1
5
1
5
1
5
12
1
10
13
8
4
1
1
1
9
1
26
2
5
34
1
1
7
1
2
15
1
10
25
5
1
3
1
2
1
1
10
2
6
1
1
1
1
1
3
1
9
1
2
48
1
2
2
1
1
1
29
2
1
324
3
2
2
1
16
1637
1
1
2
6
1
21
2
15
1
3
373
1
2
2
86
2
24
44
4
2
164
7
13
1
1
1
66
1
12
60
4
47
4
2
1
1
1
1
3
1
25
1
4
6
1
36
1
11
1
24
1
24
4
1
2
2
1
6
4
1
1
2
6
3
1
3
1
1
35
2
1
5
1
1
1
4
3
11
1
3
4
1
1
1
3
465
1
5
1
1
5
9
100
86
1
126
96
1
2
6
16
1
83
1
3
8
1
1
1
6
1
52
1
5
1
531
1
2
3
124
3
4
3
12
2
1
2
1
2
1
2
2
34
7
3
1
4
1
2
6
1
2
1
12
6
211
1
2
3
2
3
16
20
1
4
1
1
1
294
1
1
3
15
14
1
1
3
2
3
1
22
2
1
2
5
67
12
5
2
1
5
1
1
2
1
2
1
2
1
1
5
106
1
3
2
2
16
1
7
58
55
2
1
1
40
1
1
81
1
1
49
4
2
1
2
1
1
3
2
1
4
1
1
2
2
1
1
1
34
3
3
1
2
1
1
2
1
3
1
1
1
1
1
3
1
2
14
2
4
14
1
9
1
5
1
10
1
45
1
2
1
1
1
2
1
1
1
113
185
1
1
2
1
2
42
1
11
1
1
30
1
4
1
2
20
46
420
2
8
1
165
1
2
16
2
183
2
7
73
18
2
21
6
4
1
4
1
1
1
23
1
1
1
2
4
81
1
3
4
1
8
2
1
1
1
1
20
1
5
1
152
1255
36
1
1
3
2
1
1
2
1
3
5
137
1
3
1
1
1
2
1
2
2
1
2
4
6
8
1
3
6
1
2
1
3
2
1
1
1
4
82
1
1
1
1
2
1
11
9
2
8
4
2
3
3
1847
1
1
72
42
132
1
14
5
1718
1
20
3
45
5
1
3
3
7
3
15
2
1
4
1
1
8
1
6
1
34
81
2
1
1
649
873
1035
1
1
9
2
4
9
1
9
6
7
5
25
1
11
1
1
1
1
9
1
1
102
1340
1
171
3
1
3
229
1
1
4
62
4
3
1
1
1
2
64
1
1
2
1
441
209
1
1
7
8
1
2
1
1
6
3
2
2
885
1
2
1
2
1
14
12
4
20
103
1
1
1
1
1
1
3
89
1
9
29
1
1
1
3
4
1
397
115
3
1
1
780
3
2
4
1
19
4
1
19
9
185
1
1
1
8
2
1
2
348
45
3
1
1
1
12
1
3
1
2
2
1
24
1
5
1
1
1610
8
11
1
1
21
47
2
1
1
1
4
1
117
1
1
57
1
12
1
3
7
19
1
1
1537
5
3
1
28
1
4
7
1
1
2
424
1
3
1
2
51
1
1
3
3
1
1
4
1
75
1
2
1
2
2
27
41
50
1
1
11
4
1
152
2
1
4
10
1
10
1
3
1
8
2
1
1
5
5
2
2
4
1
23
8
1
3
3
99
12
1
5
3
842
2
1
2
1
48
10
27
1
2
1
4
2
1
1
1
30
5
2
13
19
15
4
44
3
31
9
1
4
5
4
32
1
11
26
1
6
29
1
25
4
1
2
185
7
29
1
1
35
1
1
2
8
6
4
1
1
3
18
1
7
1
1
4
1
30
1
1
75
1
1
2
6
531
2
8
1
16
1
4
2
7
1
1
1
12
1
1
1
1
1
12
1
2
3
4
1
7
89
1
4
4
1
19
14
1
8
27
4
1
25
1
1
1
1
1
3
25
4
2
1
1
8
13
2
54
1
23
4
1
1
1
10
3
3
3
1
27
12
3
31
3
1
1
1
3
3
4
4
27
1
27
25
269
40
63
3
1
29
1154
4
59
1
3
1
1
1
56
4
1
2
14
1
2
1
1
29
5
1
2
10
1
2
18
1
1
5
1
8
5
1
1
3
2
1
25
4
4
1
2
1
1
2
5
1
40
49
11
1
20
5
5
3
1
16
4
1
1
9
11
4
2
1
6
5
2
1
2
23
1
2
12
28
1
10
2
2
19
234
1
9
1
10
1
29
1
4
1
1
2
11
1
1715
1
4
7
1
2
431
15
986
2
1
5
1
1
13
1348
1
3
4
9
1
4
1
5
1
1
5
3
3
277
7
9
8
3
34
7
20
1
2
3
6
509
1
1
67
7
115
3
379
4
61
4
2
1
405
7
1
1
3
8
4
1
2
76
46
2
2
28
12
13
1
1
22
1
1
1
2
2
29
12
1
7
4
27
1
43
1
445
1
2
1
50
1
1
26
1
1
1
1
3
1
1
3
1
13
1
13
8
1
6
33
4
1
1
1
3
28
5
1
47
1
4
35
2
392
9
1
2
1
65
2
4
1
106
1
10
10
2
1
1
36
2
12
5
7
1
3
1
2
1
1
6
1
1
10
102
1
23
1
10
629
2
2
6
2
2
2
9
7
4
2
1
1
1
22
6
2
5
24
1
2
6
2
1
1
3
5
16
136
1
1
5
1
58
1
8
1
1
1
3
7
2
1
1
6
1
48
1
24
1
1
84
2
1
7
1
3
34
1142
1
1
1
1
23
1
2
305
1
2
45
5
7
1
125
5
1
1
2
7
4
1
85
1
4
1
11
4
1
3
4
4
11
2
1
3
3
3
212
7
2
2
1
77
12
1
2
7
8
105
1
6
1
1
1
33
143
1
2
10
1
1
1
183
1
1
2
209
7
29
3
3
2
1
2
1
1
4
1
4
1
17
1
1
1
1
1
1
10
9
2
26
1
8
12
1
4
2
2
1
10
1
1
6
38
2
1
1
30
1
9
2
1
2
2
1
89
9
4
4
1
9
31
12
105
3
1
7
2
18
2
1
3
1
154
2
1
1
1
1
95
6
1
2
3
93
1
1
2
2
2
1
2
1
1
4
1
206
8
2
13
8
322
4
20
3
13
1
239
1
174
1
12
4
1
26
1
1
765
1
3
1
8
1
1
3
1
1
2
1
3
2
17
1
2
106
3
2
10
1
2
1
1
8
201
1
1
4
4
3
11
4
1
1
19
1
2
1
94
2
2
4
52
13
48
2
1
1
3
1
2
1
1
2
2
1
1
4
1
1
1
1
393
1
10
1
1
60
29
69
7
1
1
5
1
1
2
1
5
3
4
1
13
8
2
1
1
3
1
5
4
580
3
13
3
3
38
1
2
9
25
1
1
5
1
2
1
2
1
7
105
1
3
6
1
7
144
3
2
2
1
2
1
28
18
41
3
1
1
4
118
7
2
1
19
1
8
37
3
1
5
1
1
11
1
1
1
1
1
2
6
2
5
8
1
1
3
1
2
1
122
2
3
24
111
4
6
1
2
2
1
3
31
1
2
2
1
36
3
1
6
1
1006
1
6
1
6
1682
25
1
1
44
3
2
2
1
3
1
9
4
2
14
1
8
2
1
1
3
21
8
27
1
17
1
5
5
1
1
23
220
1
14
1
158
1
11
1
213
1
1
1
553
1
1
1
2
1
4
5
5
2
1
1
3
1
1
1
15
4
13
3
1
1
3
11
1
10
8
9
1
35
1
1390
4
1
2
1
767
1
1
1
111
12
1
10
7
2
2
8
42
1
2
5
3
1
13
406
1
4
1
5
1382
2
7
2
1
1
323
93
3
2
2
1
1
1
42
9
1
5
5
2
12
8
10
3
1
29
1
3
19
1
1
1
1
8
331
1
3
5
18
36
27
1
1
11
103
3
18
43
8
2
6
907
1
1
138
1
1
14
8
67
422
1
1
1
1
4
1
2
1
2
44
24
2
7
1390
1
129
2
26
7
1
337
2
1
1
1
2
1
2
1
75
25
2
2
1
9
1
1
1
8
2
26
1
1
7
4
3
1
3
1
1
1
1
11
1
2
25
1
4
3
1
3
2
4
33
1
1
1
34
1
1
1
1
16
38
2
1
2
1
1
1
1
1
3
3
2
1
2
1
14
1
6
1
8
1
2
1
1
165
1
1
29
1
3
2
3
260
1
1
97
1
1
4
12
3
32
1
1
1
2
5
1
1
1
3
1
1
2
1
4
1
14
48
1
1
2
1
3
7
3
11
4
4
1
1
20
1
26
50
1
2
1392
1
39
1
1
44
86
77
5
9
25
1
1
1
2
3
1
55
1
5
56
1
1
2
4
19
1
1
49
2
73
1
1
2
10
1
2
2
132
1
2
14
1
45
166
1
20
1
10
6
1
1
5
4
6
1
1
16
1
2
906
3
1
1
22
11
60
12
2
13
2
1
2
1
2
4
1
1
3
1
13
52
66
27
7
1
3
1
1
3
1
57
1
1
3
1
2
3
1
33
1
5
23
19
16
9
1
2
7
56
1
2
1
4
1
30
1
12
7
16
1
1
1
70
63
2
2
5
8
2
1
1
57
1
3
1
2
5
4
2
2
1
1
1
5
3
4
1
2
1
2
1
29
3
1
1495
1
3
1
47
2
11
1
1
147
1
1
1
7
1
3
2
4
1
1
1
3
1
8
4
5
11
1
439
1
58
2
19
1
3
5
2
1
42
1
2
1
3
1
3
1
2
9
8
7
916
5
225
1
32
391
1
1995
1
1
900
2
1
28
1
1
2
1
1
4
2
1
1
1
42
11
1
1
19
1
1
5
7
32
1
3
1
174
36
3
1
22
85
11
1
16
1
40
1
4
1
2
5
4
2
19
21
2
3
27
10
1
1
1
1
6
28
1
1
3
1
1
1
7
3
26
328
4
1
17
2
20
2
1
9
155
2
2
1
36
1
1
6
1
20
18
1
6
4
4
2
15
1
1
1299
1
19
1
7
1
1082
2
18
99
4
1
29
20
2
4
7
4
557
3
1
1
2
6
1
5
37
3
5
1
2
11
1
2
19
2
1
1
2
2
1
1
6
1
1
2
2
1
1
1
8
2
2
1
9
1
11
1
1
1
1
1
1
61
4
2
30
5
3
2
1
4
1
1
1
3
7
4
3
2
1
1
10
2
2
1
2
1
3
2
8
1
1
7
1
1
38
1
1
23
13
1
1
1
1
5
1
10
1
119
4
34
3
3
1
1
1
19
22
1
5
1
65
88
1
1
3
1
6
1
1
1
5
1
391
1
1
9
2
2
1
1
3
2
1
1
1
1
138
1
1
2
2
4
37
1
9
4
2
1
366
1
1
1
2
9
9
1
4
3
14
5
3
1
5
12
5
26
1
1
13
1
6
2
1
3
3
3
4
6
2
4
47
10
24
1
4
1
64
5
3
2
68
4
4
2
4
4
2
332
3
1
2
9
28
232
1
2
8
2
1
3
1
1
7
2
8
1
3
2
7
6
5
2
1
22
10
5
14
4
4
3
2
1
8
4
1
4
1
8
4
5
2
1
3
1
218
2
2
3
1
1
1
5
1
1
1
1
133
2
1
6
1
2
4
71
3
5
1
17
1
35
6
3
45
1
1
1
1
9
12
1
4
1
2
1
1
18
1
25
1
1
106
9
23
1
12
143
1
1
2
1
5
1
2
2
2
2
28
2
13
1
6
4
67
1
345
1
2
1
14
1
1
4
2
1
48
5
2
2
1
1
7
323
7
13
15
8
1
1
6
1
11
2
1
1
26
7
1
3
1
1
1
12
727
6
3
2
67
1
3
1
1
1
1
1
1
1
1
41
1
2
2
65
1
1
10
1
1
1
1
1
1
13
1
4
3
6
1
1
2
1
3
2
2
1
1
1
1
1
81
37
1
168
1
3
18
1
4
1
1
1
1
1
1
38
12
75
34
1
4
4
1
2
1
4
1
1
1
6
1
2
1
1
11
1
2
18
69
1
6
3
27
3
155
1
12
5
6
1
15
3
321
703
7
72
1
2
28
41
1
1829
7
1
4
2
1
10
1
1
5
6
1
1
1
1
1
1
24
15
16
252
1
4
2
439
1
7
2
22
31
170
1
370
3
86
79
7
4
7
20
1
1
10
2
2
4
1
2
31
1
3
3
1
1
1
1
2
4
1
4
2
1
39
1
1
3
3
1
1
1
3
4
2
1
39
11
15
3
3
220
1
1
2
4
1
8
4
2
1
3
4
8
1
4
1
2
1
1
90
185
1
1
1
14
3
19
4
11
3
6
1
3
8
21
1
7
1
1
12
7
2
2
5
2
1
2
2
6
9
1
44
2
5
322
19
5
945
2
4
3
2
1
1
6
11
4
1
32
1
36
1
3
6
1
5
1
55
1
1
28
5
1
1
28
9
9
1
2
1
1
18
7
5
1
28
12
2
1
179
1
153
1
5
1
23
71
3
1
244
1
1
2
1
1
5
2
1
5
1
1
1
8
1
2
1
1
1
1
2
2
1
1
10
2
2
1
89
1
5
776
148
1
6
1
2
2
34
4
2
116
2
1
14
3
1
1
3
13
1
2
22
1
1
1
2
4
18
1
3
6
3
2
1
1
2
4
44
1
1
7
1
13
2
1
4
2
929
1
1
1
1
3
10
6
9
1
1
19
12
1
1
13
4
1
1
4
2
1
1
7
1
1
1
1
112
237
1
1
1
1
1
1
48
1
2
4
8
22
11
2
74
110
2
1
4
3
1
1
156
6
1
127
5
3
2
53
48
3
12
1
1
1
75
1
169
1
1
2
1
1
7
1
3
1
4
13
7
7
1
4
1
1
1
20
161
31
4
1
7
854
52
3
18
1
1
2
4
630
1
1
1
30
1
2
1
4
1
3
1
3
42
11
2
2
1
1
1
1
13
1
1
12
59
5
1
1
1
6
6
2
5
2
1
1
1
7
1
4
27
6
2
35
3
5
2
1040
1
2
1
8
12
7
1
15
24
17
2
17
642
19
6
1
519
1
3
34
8
10
1
1
1
3
2
5
1
1
1
2
3
16
1
4
1
1
1
4
1
12
21
1
2
2
2
2
639
1
3
1
1
804
28
12
8
1
5
83
8
1
2
2
1
1
1
1
1
2
2
13
1
1
2
413
24
13
1
97
3
1
1
8
1
2
5
75
47
1
2
3
1
33
1
174
51
12
2
1
4
2
50
1
7
1
1
3
2
5
1
2
2
1
3
14
1
1
16
2
1
4
1
1
12
1
1
1
1
4
15
6
1
1
1
1
19
1
1
1
1
500
1
26
1
1719
1
4
1
2
283
572
11
8
6
1
31
2
67
3
1
9
4
1
1
6
30
25
3
2
2
1
3
1
9
3
2
1
10
2
2
2
1
1
186
1
1
1
3
1
1
1
2
1
25
11
1
5
11
1
3
2
1
1
1
1
2
1
5
1
3
1
1
2
73
1
5
7
1
10
1
101
1
1
1
1
142
2
75
2
1
6
3
1
1
1
1
137
6
1
2
13
8
3
214
1
1
16
1
2
5
2
20
1
6
8
3
36
1
3
2
1
3
2
2
2
2
1
222
4
6
1
98
1
1
2
1
1
1
5
1
8
92
7
11
2
16
1
2
1
3
6
1
1
180
1
25
4
1
1
6
25
4
4
13
2
22
1
1
1
1
2
6
1
1
1
3
26
1
16
8
11
3
1
1
1
1
1
2
15
2
1
1
11
1
44
1
3
12
164
3
1
80
113
1
25
1
1
1
8
1
75
1
55
9
1
7
3
7
2
189
2
1
1
3
20
63
2
15
4
1
186
2
2
4
1
2
2
1
2
53
2
4
1
2
18
1
1
1
3
2
1
1
1
2
2
1
1
286
1
12
1
5
14
21
1
2
1
1
40
1
1
1
1
62
3
1
11
33
2
2
1
1
3
21
1
153
58
1802
1
1
1
1
43
2
1
1
1
81
2
4
1
1
1
3
3
2
4
6
2
2
66
2
24
149
1
2
1
1
7
4
2
1
4
2
1
1
1
1
2
1
134
2
1
1
1
31
4
2
2
7
1
1
17
4
1
1
1
2
1
1
1
4
2
1
2
39
42
3
4
53
19
1
2
22
1
2
1
699
1
1
14
1
327
15
1
57
1
3
2
48
1
5
2
6
1
1
3
2
1
48
1
6
2
270
1
21
1
760
1
6
1
39
1
2
9
1
616
4
1788
52
5
1
1
4
1
1
3
2
1
3
1
6
1
62
1
2
8
1
2
17
1
3
19
12
1
3
1
2
22
1
2
3
249
9
3
2
1
13
2
46
4
1
463
1
1
1
1
2
111
18
1
5
1
8
1
1
2
1
2
8
2
3
1
32
1
5
334
2
1
1
3
1
1
563
1
5
1
1
1
55
4
16
3
3
18
1
2
6
1
44
1
149
1
2
6
3
1
4
1
2
2
2
13
3
4
2
5
4
2
1
432
9
1
34
2
24
3
32
227
1
50
1
9
10
1
2
1
1
4
2
1
15
1
1
4
2
1
3
1
7
7
2
2
1
1
1
47
43
2
3
6
497
1
2
2
3
1
2
1
5
1
2
16
1
2
1
3
10
4
1
7
72
1
1
3
6
2
1
5
110
1
17
1
1
5
2
1
1
1
1103
12
280
1
2
2
1
6
1
5
1
2
2
3
5
3
1
6
28
10
171
1
1
1
36
1
2
1
1
1
27
1
6
1
1
58
1
1
1
1
1
12
2
3
1
84
476
1
223
1
1
3
2
1
1
1
50
1
1
2
3
3
7
9
6
1
31
2
7
13
2
1
18
18
17
3
1
3
1
180
36
17
2
1
1
1
1
2
1
2
1
4
1
3
1
1
3
116
1
2
1
1
21
3
1
1
50
17
26
1
2
89
2
2
14
11
2
1
7
8
1
159
3
87
1
10
1
2
2
5
2
1
1
148
6
1
6
2
1
5
2
7
1
367
1
19
3
57
10
2
32
1
338
1
3
2
683
4
2
1
1
1
2
35
2
1
1
8
102
24
18
1
10
1
19
3
21
115
3
1
1
46
1
11
1
2
1
11
2
3
10
1
1
1
4
2
76
1
38
1
1
1
1
1
4
3
1
9
2
248
10
6
12
1
2
1
44
1
4
52
1
1
1
1
2
1
3
1
3
8
5
1
1
2
355
1
4
1
1
2
4
8
1
3
28
1
20
1
11
1
152
5
2
1
153
1
7
4
4
1
1
8
2
1
14
6
2
496
4
1
2
41
1
1
12
5
1
31
222
1
1
4
1
2
1
1
7
4
1
2
1
2
1
80
26
12
6
54
1
13
1
574
7
8
1
1
1
1
1
14
2
1
1
2
5
11
58
4
1
13
3
3
5
1571
3
2
45
1
1
61
1
66
1
1
1
13
2
1
26
33
1
2
1
2
6
26
2
1
1
4
3
210
11
3
3
12
1
3
1
1
18
1
6
1
1
115
1
37
17
1
1
72
37
12
1
18
1
2
3
3
3
1
3
2
1
1
1
1
273
2
22
49
26
5
14
1
36
23
1
1
3
29
39
6
1
1
2
1
1
2
6
11
11
2
5
1
9
23
1
5
1
7
2
4
1
8
71
127
1
2
3
8
1
4
1
1
1
1
1
2
7
54
13
2
2
3
4
1
15
1
1
3
2
2
9
4
2
4
4
1
10
1
2
7
22
157
1
6
1
2
1
8
7
3
1
1
1
1883
1
1
18
1
3
1
28
10
1
2
1
7
1
2
5
1
38
2
2
1
1
8
2
41
7
1
1
2
1
1
1
2
2
1
1
80
1
22
10
1
4
1
17
1
1
5
1
3
26
6
2
1
54
399
1
1
3
2
2
2
11
1
4
1
1
19
4
1
2
15
3
1
1
11
2
4
2
36
3
1
1
22
3
1
1
1
2
1
1
18
2
705
1
2
1
1
575
8
8
2
2
150
1
1
1
3
16
1
1
1
2
3
2
1
43
640
154
1
1
5
3
1370
16
1
1
1
9
10
2
1
1
7
2
4
2
1
1
61
14
4
3
5
1
40
13
5
1
2
2
1
28
2
1
1
3
10
1
1
37
1
89
27
2
9
2
3
737
2
184
98
36
1
1
1
1
2
1
32
1
3
3
16
148
2
35
1
14
297
2
6
2
1
16
1
1
2
6
1
16
1
1
1
1
6
4
1
2
2
44
8
1
202
51
1
5
2
7
4
1
1
2
45
7
1
3
1
1
5
3
6
1
1
14
2
2
1
1
10
6
625
1
1
1
1
4
49
1
1
21
1
1
1
1
1
255
1
38
5
1
8
2
1
2
54
2
1
1
2
4
1
2
666
1
8
4
9
13
1
1
23
2
4
2
1228
2
8
1
1
2
2
1
55
1
1
1
17
3
2
6
2
2
1
2
1
25
7
1
3
2
13
1
2
2
2
6
1
6
1
14
2
4
3
4
7
1
1
5
30
566
10
25
4
1
3
15
1
1
2
1
1
1
2
1
7
1
4
1
2
15
6
2
5
4
1
1
1
2
2
5
1
1
2
1
2
7
4
2
426
2
1
33
1
9
3
66
9
10
10
3
3
5
1
2
12
1
170
1
89
9
7
38
2
9
15
1
2
1
20
13
1
130
6
4
18
1
56
3
155
5
5
2
2
1
1
1354
3
1
3
2
11
2
1
1
4
7
36
5
1
3
1
41
1
3
1
1
11
4
13
9
8
12
18
1
7
1
11
1
29
1
2
1
1
2
3
1
8
156
1
15
1
1
1
1
1
1
3
1
1
225
1
2
1
8
5
44
2
14
4
4
10
1
1
58
5
430
1
2
4
24
1
1
1
1
18
8
10
1
3
1
1
1
2
558
1
1
1
5
6
3
1
2
16
3
2
2
3
5
1
1
2
1
5
1
99
1
100
6
10
2
1
2
4
1
1
2
108
2
1
55
1
1
1
1
2
3
1
29
2
1
3
6
68
3
51
8
1
3
2
5
1
6
43
1
1
382
173
1
1
27
1
3
3
14
315
1
7
1
1
1
1
4
3
1
3
1
53
1
11
1
1
12
1
7
1
1
2
1
3
1
18
12
1
15
1
6
10
4
2
1
25
43
1
1
5
2
1
3
2
7
1
6
2
1
1
443
1
1
3
10
56
1
5
3
15
9
1
3
1
4
23
9
1
2
3
2
1
1
5
144
20
768
2
27
1
1
1
2
23
2
1
8
4
8
1076
1
1
1
1
4
1
4
1
2
3
2
27
1
1
19
1
1
1
5
3
3
7
5
1
700
1
5
1
3
1
2
908
1
7
7
2
16
17
1
3
1
1
1
1
3
1
2
1
1
186
2
48
5
717
2
3
70
29
3
1
5
6
5
4
17
2
1
78
1
20
4
1
2
8
16
1
1
3
1
2
4
1075
1
3
1621
18
1
1
1
1
7
1
6
2
2
3
38
9
1
1
2
4
1
29
1
1
1
4
629
1
1
1
6
1
157
2
12
38
2
5
5
1
2
2
1
1
6
2
3
2
2
2
17
1
10
1
1
2
2
15
1
2
1
1
1
1
162
3
9
4
1
1633
2
4
63
1
4
2
2
1
71
3
2
18
33
612
1
2
18
1
12
3
2
1
1
1
2
1
1
5
1
2
6
2
152
2
1
3
1
3
1
1
7
2
4
1
1
1
2
18
1
8
15
3
52
4
3
2
1
32
8
3
1
53
39
1
2
1
1
4
17
8
2
6
86
22
78
1
17
1
14
1
1
4
12
480
1
1
13
3
1
6
1
19
1
1
1
4
2
10
6
3
1
1
11
38
5
124
2
3
1
2
7
1
1
20
403
2
1
4
4
4
1
15
1
2
21
1
19
1
5
1
3
1
3
398
46
1
4
1
154
2
132
8
1
1
1
3
1
5
175
2
2
1
1
8
5
1
8
3
2
1805
4
1
1
1
2
3
1
17
6
4
1
2
7
2
1
2
1
8
2
6
128
97
2
2
2
1
3
66
1
1
2
596
1
2
5
99
4
5
2
2
8
1
1
4
1
1
1
1
107
98
1
1
1
10
3
2
2
1
4
59
1
1
5
12
3
144
4
1
2
4
2
1
1
492
1
8
3
6
1
6
1
2
1
1
2
86
1
1
1
1
52
1
14
3
4
5
1
1
1
2
5
1
19
4
2
29
6
141
2
350
2
9
1
1
1
2
1
3
1
1
2
3
3
1
2
1
1
1
12
1
803
35
1
1
4
16
1
27
3
63
69
1
11
1
6
1
94
1
1
16
1
1
2
1
1
15
1
1
1
1
6
1
2
11
37
492
4
34
1
2
2
1
44
648
52
9
1
8
1301
5
1
2
3
1
1
7
2
1424
2
148
788
11
1
1
1
415
1
38
12
8
15
1
3
1
1
1
1
1
1
1
1
3
6
1
2
4
3
2
1
1
1
3
8
6
45
16
276
1
2
3
4
110
18
6
1
1
2
1
2
8
475
1
3
1
2
2
2
1
2
18
1
21
1
2
7
1
19
1
5
1
259
1
2
41
2
2
2
1
2
2
1
67
264
1
1
3
2
2
1
1
1
2
2
21
1
2
101
6
1
6
1
1
1
5
1
46
6
349
6
10
1
2
1
4
58
1
22
1
1
5
1
3
5
6
2
1
1
228
32
1
1
5
1
1
46
3
47
40
15
2
1
1
18
1
9
1
15
2
4
32
133
1
1
1
2
11
1
1
1
1
101
1
1
5
1
1
38
1
33
2
4
174
1
1
2
4
1
3
1304
155
2
6
1178
1
4
1
1
1
7
1
14
1
1
1
1
2
3
1398
1
4
1
16
7
17
2
1
1
1
37
96
70
1
36
1
1
12
51
1
228
4
3
3
4
6
1
3
1
2
1
3
1
276
1
189
68
1
57
273
1
1
1
7
55
2
1
3
2
1
1
2
1
7
2
29
1
34
1
4
1
3
1
5
1
1
1
2
1
1
1
2
2
1
16
3
1
19
1
2
61
1
2
2
1
1
6
2
1
4
18
9
5
12
15
21
1
59
2
2
1
14
16
2
3
9
12
540
2
4
9
27
2
3
7
2
6
8
107
1
1
1
1
724
19
1
4
1
2
2
4
4
4
4
4
2
44
1
30
6
3
10
3
12
1
6
1
7
4
1
1
1
1
1
1
868
10
1
1
2
14
1
4
2
1
2
1
1
1
15
3
16
1
20
1
9
3
5
1
9
