13
28
949
97
110
1406
1
73
1210
2
221
15
622
9
1262
279
1618
39
5
8
38
90
16
136
27
44
31
325
23
3
24
127
190
80
1
32
3
1
1
135
4
332
741
534
423
275
8
1
6
5
1
19
35
154
792
1
84
181
1
1
76
1365
174
1
1
431
134
1
10
3
1
2
45
2
1
932
1
1
1616
7
5
239
12
790
30
49
2
3
237
12
1
79
1
28
10
6
65
532
145
497
1
185
55
29
293
4
14
4
698
56
499
2
893
47
432
74
1586
24
4
1638
6
138
637
83
43
73
24
6
6
13
19
29
12
1776
188
3
13
85
642
136
4
519
125
1461
1453
1
10
13
32
48
18
14
74
1925
810
2
1
94
1
3
18
11
517
1
4
109
45
4
8
55
467
140
1238
8
5
84
615
3
1
9
1
1
772
1
23
186
1973
73
164
1613
883
1681
2
1
1995
6
10
85
1
1166
735
157
878
772
21
94
2
107
168
5
106
20
37
3
584
437
3
334
14
410
263
1
527
1100
1
89
312
51
3
3
25
45
14
40
127
604
110
1
52
2
46
59
3
697
1
2
1798
166
1992
150
66
3
451
688
399
15
43
3
20
3
78
65
71
655
484
284
26
663
3
1
72
14
854
3
20
398
1968
271
9
2
448
30
1778
644
78
46
63
80
3
2
861
135
4
8
56
877
2
21
1
13
1
74
111
6
384
8
12
1550
21
18
828
1
12
69
15
31
61
14
150
431
586
898
1
1
266
171
1
13
2
11
22
51
2
1
308
4
1156
12
23
205
1685
1
15
1
1
2
1
42
2
708
8
697
2
1
10
101
57
2
235
7
381
85
316
31
87
138
5
125
238
5
254
2
76
347
440
794
1034
1
62
17
1698
1
8
41
2
866
11
279
2
2
3
2
1
246
8
19
165
10
1859
109
540
13
577
1604
200
365
1042
1
799
21
75
1419
1
2
27
143
787
4
394
19
35
548
21
475
783
1232
19
94
20
827
525
3
2
2
41
207
34
12
172
105
39
56
6
1
3
1
79
1
3
18
176
7
8
27
2
1
647
3
1599
62
138
36
99
1451
73
18
1
22
31
646
3
5
2
812
723
3
1
89
1367
2
1
26
661
370
7
80
1
1801
22
23
6
148
17
227
1529
2
1
1817
720
1
875
105
602
2
80
1
11
324
39
64
1
652
48
1183
3
101
1
167
17
2
17
49
1
246
22
1
32
4
2
382
1849
30
27
5
18
147
5
1
19
4
1183
551
2
468
22
701
346
340
637
1251
1730
30
1
113
362
1
57
60
1074
92
1
198
361
19
63
1
1
2
571
1
2
5
162
609
22
1198
2
8
2
7
532
1557
8
380
4
25
65
3
12
299
133
20
11
59
6
32
3
1963
545
1
3
70
1810
36
9
325
270
3
888
627
1439
3
2
1887
958
185
2
4
9
1
1287
20
6
1
1
1
37
5
4
1803
12
1
1845
1136
7
990
126
189
16
12
63
24
428
31
36
1
375
1
3
1
68
6
248
1390
135
1480
10
7
369
18
2
1548
8
388
80
30
168
10
11
2
2
9
11
30
353
74
1
132
2
1650
1
2
671
278
835
227
1
7
414
19
31
3
52
308
5
1
17
203
92
1199
4
14
2
249
1
32
13
144
19
6
5
104
835
73
1
137
27
249
5
84
457
13
23
63
1130
4
65
932
8
28
1
118
1899
2
1
5
351
6
10
1
4
1
35
2
1006
95
17
40
148
1504
15
1076
19
3
1
9
136
542
596
62
2
44
16
5
226
14
1
92
1
7
3
57
10
4
175
8
3
393
103
1
6
1
8
1
18
81
1
201
317
3
533
1
1
1
1
39
7
336
1
7
260
639
586
3
40
7
197
918
69
62
19
95
2
90
4
86
2
19
5
693
595
11
270
281
27
1891
1
1322
10
7
67
1317
1
224
2
1
535
1
33
266
12
89
1
1
1216
11
2
278
335
96
43
19
2
126
4
15
13
452
1460
1
98
85
817
16
15
27
840
89
493
577
21
79
1
844
11
203
10
405
21
1
36
731
4
290
38
136
20
35
2
29
6
292
498
1594
914
68
2
1175
85
125
45
195
3
401
53
36
36
2
31
200
48
21
1
6
5
1538
2
2
1
5
488
3
1694
1
494
284
4
191
409
104
1
1
111
17
2
1995
1
5
101
2
12
679
1500
3
27
440
14
13
486
45
26
95
2
2
3
3
18
2
14
32
182
477
22
2
1767
8
1854
36
8
8
498
44
12
2
1
101
3
238
247
480
61
75
1
2
859
25
73
357
3
1284
9
1
742
70
893
4
36
16
29
29
1473
17
810
544
63
5
13
49
1
2
1177
1002
2
968
13
1517
29
235
67
50
1
273
27
10
6
174
248
607
46
76
318
44
516
11
1732
23
45
6
161
14
1517
110
7
10
7
8
1016
228
928
13
2
2
28
1
40
52
6
3
62
7
7
17
1
11
51
20
7
178
1695
1194
542
642
1255
1
4
32
1
111
1
1794
66
67
9
9
13
1
2
8
4
22
13
2
13
36
253
1
131
384
6
148
5
1
87
3
8
16
485
1
78
48
1
134
1756
3
81
31
24
38
283
182
17
324
3
181
24
79
55
433
3
803
602
134
2
366
108
887
18
4
129
4
87
48
13
497
121
28
100
44
21
23
1275
1
87
163
53
363
598
16
1459
2
1
1
9
1
53
6
198
1
223
1
335
14
150
1
54
48
18
1
36
55
22
1447
56
27
17
10
85
74
4
1469
518
39
414
35
2
3
1
1
178
28
1544
276
21
1877
39
87
76
870
15
4
355
1
7
1978
1704
200
140
27
4
22
2
1
50
819
1
865
519
1
1928
806
1
109
27
6
15
1128
2
705
2
173
159
625
520
1720
1152
394
1628
1507
65
4
1
23
760
1585
7
54
176
118
1262
2
5
17
2
49
1
147
4
186
9
36
119
3
60
2
464
35
16
58
1
1
12
86
26
407
89
5
53
1009
18
16
41
1075
5
4
19
35
110
1
26
133
1
138
171
1
840
1762
397
319
40
960
73
14
1
1
52
5
65
3
4
34
44
22
21
2
3
942
407
5
81
1
286
7
6
34
46
4
1
4
1
45
230
1
203
40
3
97
827
331
274
1289
332
657
1
5
2
22
4
1575
59
1261
39
131
3
88
82
487
59
24
51
20
1642
14
3
3
1
225
372
40
140
1
1049
2
23
1
18
242
3
26
6
981
246
5
87
158
1507
3
1
217
12
11
403
1484
3
226
20
1316
991
8
37
59
413
156
12
9
1216
13
7
91
296
11
1
20
5
165
243
58
97
123
56
2
11
3
1
3
15
198
430
1
20
2
155
72
3
94
3
26
214
29
33
125
871
698
14
7
113
433
11
7
91
35
2
1
1
171
19
7
2
2
1644
71
1314
231
16
82
1
54
383
39
7
157
9
157
7
2
8
13
1320
118
974
10
903
1
31
679
75
2
20
197
11
494
61
882
628
4
13
2
1
1
6
1610
2
43
155
327
10
140
20
5
2
1590
2
46
5
5
201
258
50
128
11
107
804
1
14
9
3
656
54
52
1387
8
11
24
245
1
40
212
1170
1
1961
41
565
182
286
28
386
4
8
5
50
2
1250
3
1
3
1455
2
1082
1
2
4
25
18
928
32
923
197
5
7
710
1
27
1177
1
470
263
1
1900
1969
7
205
27
64
491
4
70
987
1411
582
29
35
1
9
1143
359
7
35
1005
7
12
92
57
218
516
864
9
54
1
66
8
135
18
956
1
1
1007
1
1856
231
10
112
4
1
132
115
5
3
2
108
1101
2
28
5
94
46
13
305
256
68
1
2
1814
532
1
1106
10
93
63
9
570
297
113
300
3
1
3
60
461
884
116
7
7
25
1
266
179
16
495
50
27
1
602
102
434
173
4
1311
1
2
17
3
535
2
319
1877
169
2
39
9
159
2
4
401
101
688
65
1
3
236
3
1
2
92
2
16
2
9
133
2
323
1
3
2
28
37
326
69
300
36
9
2
142
61
53
1926
1
3
16
1
1
2
1855
1
2
322
373
239
6
1125
61
2
1
166
1
1
84
1341
78
7
131
5
41
7
173
6
138
25
5
1095
1
1
3
33
1
526
814
4
345
17
43
395
823
95
287
12
551
723
1503
127
422
1
1
4
259
3
11
1654
1
21
1217
5
174
2
1
317
178
3
1
489
244
1111
3
211
4
1
3
137
8
103
9
19
1
25
3
378
112
51
20
251
301
1
1
74
893
23
4
8
38
16
3
83
6
586
13
270
5
15
160
27
16
1844
1511
501
436
45
773
2
4
43
8
3
2
1418
79
182
28
43
1
34
218
9
202
7
385
37
1
9
17
4
8
405
1
40
11
124
30
3
808
29
83
68
1
8
80
8
5
6
1
453
7
1
75
2
135
2
45
12
16
1537
1
2
20
848
5
132
161
57
1
1129
971
321
61
4
296
14
4
127
1
32
2
164
18
843
40
6
1785
3
488
1
520
1372
58
236
22
5
8
5
3
205
1495
1320
261
25
13
8
33
61
5
42
1801
1
835
69
451
18
60
254
430
22
2
56
3
1207
2
178
94
42
54
11
1
5
26
239
2
144
74
426
10
1230
5
37
122
2
37
238
297
491
23
772
527
2
1168
1
169
714
34
1
845
1176
86
2
42
34
2
206
47
66
2
1105
1892
4
41
23
8
767
1103
40
7
125
236
70
417
374
2
2
26
1523
70
504
3
2
917
132
2
165
6
1
71
109
56
5
7
1382
33
6
53
1567
1
693
1
965
1
98
339
3
9
262
3
1340
1
1182
1067
16
29
5
260
6
28
421
93
288
1
8
11
1121
5
3
109
556
57
1107
2
5
756
959
1
12
47
7
214
495
4
27
45
1
2
98
2
782
9
2
795
895
1888
1005
22
5
24
7
2
9
245
108
777
2
562
3
33
6
187
1
31
33
1
196
31
91
115
439
11
1139
867
62
66
3
1
458
3
94
2
47
1
2
85
1101
590
12
5
330
8
150
33
34
901
1
333
1
19
11
15
610
352
226
1
54
28
1
146
142
11
618
1623
2
166
1694
211
2
1
45
1
2
3
1
1
2
6
1507
1
3
460
771
35
12
92
21
1911
6
1
227
3
17
6
375
473
2
1
9
1
52
503
401
36
1347
1
1748
3
1182
250
629
584
1
1609
7
1472
7
642
212
879
6
27
44
868
3
1
151
117
4
47
566
109
71
38
73
3
145
4
57
11
31
595
223
1444
2
1
154
28
7
1
76
393
5
1
1
457
6
7
3
7
3
916
154
10
363
1275
4
1139
1
2
1
105
4
190
647
11
3
259
36
184
203
116
3
2
906
26
324
3
71
1
66
2
7
299
28
345
442
73
87
35
6
1385
227
4
88
21
3
8
253
237
10
622
2
1756
638
224
1
193
38
3
922
7
2
189
642
1
258
1
1
2
785
1858
875
156
319
34
47
3
59
2
10
26
18
125
115
1
12
19
225
6
576
11
3
268
1579
1716
19
412
5
8
445
1
29
15
696
173
243
85
2
6
23
59
43
125
8
38
826
226
4
453
771
464
354
5
761
426
1423
5
35
45
1255
35
13
40
4
64
2
35
123
1
587
2
10
821
214
61
2
5
48
37
820
1
223
3
4
1
8
423
3
84
135
11
4
3
1
361
288
27
4
1
5
263
9
1222
192
222
309
75
192
258
13
744
316
1
22
1
1228
1
1
86
73
1
47
40
169
119
1524
1
3
2
158
1872
106
3
1
5
15
2
2
2
425
1039
1344
2
4
1
726
111
626
7
57
17
115
371
12
1042
2
379
2
240
1
4
604
202
143
3
16
19
614
10
1518
248
22
150
49
7
17
29
91
10
189
1
83
1062
3
773
6
279
41
49
931
3
2
1950
978
410
161
60
1
1
90
4
1111
1993
5
2
2
49
98
13
14
1277
1989
4
167
3
4
474
24
1
2
363
161
1286
5
2
5
1
1002
290
2
557
1
9
68
12
1
1
2
895
1
314
6
13
626
20
1806
4
1294
1
5
1
1260
17
84
352
163
1317
3
26
394
1300
46
1
14
46
97
1
526
1238
1153
33
736
1
19
183
441
1403
939
151
1
1088
1
156
6
2
237
4
1
2
1339
1048
76
2
6
705
535
1
78
1094
142
3
5
122
128
553
6
5
96
1
58
13
1
93
14
60
2
13
373
515
2
9
61
6
1289
2
471
4
4
9
77
122
612
7
6
2
1
5
20
37
6
16
307
99
361
16
1
1
2
1
68
190
33
10
18
1
11
12
1
144
1080
127
2
20
1
1467
3
2
221
23
5
1
700
5
20
1
2
6
456
65
1
145
712
34
4
14
1
19
5
290
126
56
1668
158
487
108
303
18
3
10
138
301
1410
31
7
111
623
29
1315
2
1093
2
2
2
10
10
6
15
1
15
1
5
3
208
199
7
36
6
10
498
348
1155
2
190
906
10
125
88
8
620
35
1
28
1082
1
284
997
106
4
93
4
3
35
1
62
1
2
2
2
398
120
280
6
30
19
1
40
594
1
511
231
4
874
2
1
1651
26
161
6
4
540
5
541
392
1
49
324
11
1675
1
3
1196
1
1
1206
425
53
15
396
428
1101
1041
60
186
863
363
67
1489
2
53
2
1
104
485
681
356
432
1
1
6
7
1
1
21
1
1686
7
2
1
728
45
76
307
469
1
3
1
185
414
4
2
1
14
1
254
1
3
673
87
93
1
951
202
37
30
27
1032
7
1568
21
10
27
1
42
1
152
517
38
789
53
6
1212
1
860
9
38
3
581
153
3
1
1
1544
1
2
26
6
937
2
6
3
375
202
105
3
927
1497
2
14
1932
23
768
1651
1595
628
47
3
368
55
632
631
6
239
876
46
1
23
57
7
2
1
2
2
1
1
25
423
29
2
227
848
760
91
2
51
3
6
56
2
2
3
1
1486
1993
437
6
1
715
333
258
10
10
2
524
335
2
6
9
25
18
5
1
185
41
2
25
194
4
956
1006
1611
8
5
7
345
274
10
94
21
117
354
28
29
14
6
21
509
1
13
2
1356
137
1
1
15
1739
388
94
142
21
901
346
227
761
391
45
4
1340
43
1542
523
1
5
670
512
132
22
6
7
11
8
1
1873
2
59
17
171
8
244
1
1
428
1424
14
482
1157
97
9
1660
603
729
110
4
38
117
139
38
18
2
66
11
3
203
2
22
4
8
1
4
1
240
1
80
133
513
1869
5
3
4
7
1
620
1294
6
1
1320
10
76
1
276
20
1
66
160
31
237
18
16
220
53
7
56
229
100
1
5
1168
44
31
7
76
5
44
75
1
33
1233
41
13
432
8
1
25
122
120
1456
813
8
1
66
28
3
14
63
2
1898
40
5
1082
3
84
1347
1
7
4
529
1
91
1
431
309
950
7
33
20
41
7
47
120
297
90
1
196
506
23
206
407
17
7
51
4
847
595
85
1708
164
4
1
12
16
141
2
289
1
21
55
7
429
20
8
3
1587
15
1
9
3
137
31
29
42
43
3
207
13
21
2
1393
2
173
287
1906
2
30
1
1
5
1
1
7
158
33
337
6
535
56
27
1338
1329
1
984
17
1
36
1
1
1042
817
1
10
31
1
1248
18
15
2
518
62
1
12
536
2
399
325
15
10
2
329
179
920
65
54
316
1
74
1
1824
12
597
4
8
1487
1
1829
23
36
15
384
169
245
1733
9
331
1
16
359
1301
639
1
323
19
15
1
20
424
1663
5
94
466
16
2
376
181
266
19
403
441
308
2
208
1
21
6
715
652
22
1
11
1004
267
56
179
22
29
74
8
23
15
13
3
1
13
1
10
424
1
22
1155
6
56
24
129
3
11
459
69
1106
1091
453
336
602
872
33
4
108
1
107
1382
13
747
1
3
4
39
80
3
1
9
3
520
25
60
3
6
67
23
2
198
1
1
10
1
188
40
19
7
89
2
1
1
258
10
1
46
153
405
1415
13
133
710
4
1
3
3
3
24
16
4
56
145
630
696
25
128
83
43
1
290
1
7
874
1
34
203
1
1103
35
3
246
643
1
9
20
285
299
84
81
322
185
42
161
40
1859
273
1393
921
3
2
8
28
279
23
12
41
86
2
1
1
1
880
1135
6
3
12
112
7
1
12
141
1217
20
6
23
19
18
27
12
7
2
2
3
9
377
1720
447
484
12
2
773
4
2
49
84
5
617
47
1525
21
6
152
89
724
56
1
1
42
1
349
72
38
849
965
755
119
32
6
1103
17
4
210
232
16
1556
1384
167
1
3
2
625
530
32
524
1
3
93
374
324
139
1484
35
172
89
49
159
1344
565
27
133
1043
185
2
7
1285
1
1512
1
1
116
121
1420
136
14
4
69
430
24
17
1
1927
162
45
7
36
2
3
1300
6
235
1678
82
7
1
1135
28
26
416
141
80
12
968
37
1579
501
307
325
1
7
9
35
29
47
1
7
162
43
108
1282
102
443
1055
138
946
1
1
51
58
70
351
3
1726
1310
1
14
15
2
32
748
11
7
606
1
1095
1
1040
54
4
63
49
831
23
3
170
4
11
74
735
213
5
36
2
212
57
1
468
1
535
125
526
223
85
43
405
3
2
63
10
15
1
576
778
9
31
2
1
271
8
453
10
33
4
2
3
1312
6
23
2
10
90
1
142
3
1
230
7
9
553
3
10
8
22
62
4
3
1
2
343
880
1
92
52
81
9
39
33
212
1
2
1
77
70
911
5
32
30
5
45
608
240
243
1570
2
2
2
33
1935
2
1331
8
110
75
1
9
449
5
215
170
6
151
1
419
21
18
72
12
28
82
20
13
339
22
2
23
2
56
1
548
1
3
171
593
2
12
2
3
820
8
887
292
1100
5
299
4
582
4
1417
14
260
1
292
1
82
9
1
1631
1
426
499
134
15
51
6
1405
16
11
16
85
1
198
4
4
52
2
2
30
3
12
10
4
31
1
26
575
357
8
2
3
1978
1045
13
102
85
125
1
70
1284
120
135
1822
1224
2
15
2
29
27
65
1
1092
1
14
883
172
117
8
431
228
214
3
14
1040
1
2
4
943
1402
1
1
307
165
5
689
922
8
189
11
1421
11
2
29
187
22
408
1
44
4
33
169
83
1099
1
2
152
224
108
1780
5
1
5
1
10
25
73
11
54
121
254
2
675
14
8
438
3
2
109
59
55
57
22
2
509
681
1911
2
1
46
1
31
56
141
1
4
58
333
1316
8
1070
1
26
1
14
1
3
239
3
796
6
320
17
142
240
108
12
304
1
1
166
37
12
1
9
18
10
13
1
211
167
60
1
177
55
2
918
1332
1
1411
169
82
51
1
13
15
801
4
106
2
820
6
130
119
55
2
54
24
399
1
19
34
100
1
37
680
1708
17
225
5
1
967
46
1
23
138
4
1
1
18
22
5
28
4
2
4
1
88
21
562
1487
62
1
4
119
120
162
134
302
24
276
2
14
73
7
133
300
899
9
1
696
292
4
302
435
769
69
2
46
5
58
57
83
6
1
7
2
7
31
4
188
25
1
3
205
1029
356
10
201
1672
1868
1
21
6
3
18
2
724
30
81
1887
2
3
757
1
38
2
669
13
2
4
91
92
479
128
2
36
155
146
88
139
1
468
26
59
936
1911
1003
17
767
1
3
4
1
3
180
184
5
1578
185
14
113
454
39
1
399
1
146
32
639
273
34
314
45
44
1344
6
6
801
4
1
4
12
6
826
2
1920
1198
1
108
2
47
1777
67
336
206
27
20
6
2
1
819
5
2
1
1152
187
427
41
16
5
21
11
110
3
509
1
22
17
525
288
1
486
127
57
541
6
46
51
329
11
175
1
16
3
40
133
530
1
2
16
91
1380
305
530
55
1726
35
525
1096
120
1
49
56
29
1955
2
466
3
788
1
3
35
5
222
2
4
1
1209
2
1
2
32
71
18
2
1201
53
34
5
2
44
7
1
113
22
310
23
1997
1577
188
1
1
1499
127
31
1745
16
2
8
2
856
108
206
1
129
5
419
192
579
2
63
139
745
120
1
2
2
857
13
67
371
553
6
6
71
593
12
6
321
200
21
53
379
611
1549
57
114
69
25
28
1
10
4
1
1
3
157
1
3
1
249
26
1
534
1056
425
5
1271
90
1
44
2
8
93
1022
27
2
1600
42
65
11
24
62
1
1
299
85
5
33
107
271
7
654
1
220
47
1
280
24
922
2
32
252
11
6
2
27
101
13
2
1119
623
1467
36
1
3
4
1477
6
4
539
1
19
1
1
464
69
19
185
75
3
377
1
31
48
643
204
1
20
1
6
2
272
39
1
253
154
1684
54
1933
57
5
126
243
1289
2
27
2
5
386
13
6
304
309
18
1701
43
3
797
19
155
427
1854
278
141
1744
4
24
932
328
7
6
58
1520
420
1
27
34
36
123
608
332
620
5
121
276
2
15
242
220
14
1459
11
495
94
1
634
3
1
24
586
7
2
642
320
1
54
52
1
22
70
26
13
50
350
608
2
9
2
252
96
6
99
2
185
434
65
604
60
1493
12
3
6
1381
1
441
32
40
37
508
17
1583
1
1
24
2
210
626
278
12
124
19
10
12
238
72
119
1
32
999
90
57
2
1440
361
2
14
33
15
3
10
192
2
456
905
77
163
80
98
134
16
2
2
1
4
1824
4
580
8
9
2
1
559
56
324
1
115
151
93
343
3
172
96
21
93
324
1223
286
6
910
13
1
1
1
1078
413
1
6
30
2
312
72
1
1393
1691
1
3
122
1373
121
1
77
99
3
605
70
381
9
1
32
1825
82
93
268
1
6
20
194
90
1366
787
735
391
1912
71
101
287
1457
14
56
804
292
16
31
6
55
3
13
1166
3
46
1
361
6
1445
1307
2
1
1580
264
2
31
863
54
103
3
94
722
6
26
800
318
2
4
1566
320
16
1604
3
2
2
97
1025
1732
87
1140
100
1
151
193
599
129
9
257
1174
2
1533
369
4
403
130
1480
1784
1
59
20
84
105
1
4
31
1673
3
9
1
551
2
1479
56
979
17
3
477
3
1030
699
20
8
2
318
336
1
4
1
1
531
2
5
6
81
136
90
3
1887
56
17
55
216
2
698
4
7
829
1817
63
39
1
9
560
182
6
613
1
20
465
1
61
1605
916
1
116
1
1
1
11
1648
81
17
48
136
4
316
5
155
71
427
70
6
1318
355
809
454
1
13
6
26
6
1693
6
14
12
1
4
1635
39
222
26
26
1
1422
5
9
1929
143
2
11
1501
21
24
1
351
6
59
570
1
78
253
26
1
3
250
444
4
16
21
301
95
789
204
16
1
587
1141
1
290
15
282
1289
15
11
1
1990
670
1
746
23
544
2
11
166
641
627
137
3
55
109
112
1772
819
125
151
294
4
2
7
1311
1
38
268
31
3
32
18
2
800
15
25
608
7
31
69
11
77
1593
96
1
37
1
6
38
2
1160
326
940
279
197
1
1435
5
2
13
50
5
575
17
1
7
1345
1
5
423
20
543
9
375
56
718
794
129
2
156
73
502
4
430
24
3
378
107
2
6
1
907
79
264
25
647
1
3
3
14
650
1
6
2
99
1138
64
1
619
499
50
266
84
3
1
170
4
383
6
4
1
55
18
2
4
177
81
1
6
2
3
89
88
43
1
116
32
24
46
349
721
6
56
1902
198
113
1206
17
9
2
1
436
5
1
34
28
1
68
256
1
179
7
346
1
172
271
35
1032
67
1366
1
6
16
111
73
11
337
91
208
1142
696
38
382
1297
200
45
1
520
17
28
533
199
152
20
56
1102
1
185
4
8
8
5
511
65
1
7
140
579
261
2
52
173
42
7
30
1
34
35
129
1849
16
3
1
26
1
1032
1
1
1007
17
733
17
32
7
10
19
22
178
125
369
15
181
66
1
1251
677
2
425
97
9
2
2
11
35
191
1
3
1141
922
76
45
1756
15
6
2
2
19
41
196
14
11
1
3
178
62
28
238
94
234
395
6
72
22
224
548
4
1
254
75
1334
649
1911
225
1
289
14
2
68
123
967
1928
1468
1
2
172
2
34
1
22
182
117
2
54
99
1055
6
13
3
112
73
1842
127
1035
831
34
659
48
290
1
203
1
10
158
1
6
578
96
3
1
3
284
57
1
1
3
9
120
2
899
1
3
294
220
2
4
91
11
229
11
28
1
2
7
53
1
7
347
18
107
205
2
24
41
3
335
13
35
7
1
1025
21
3
32
1
1557
50
909
7
276
17
173
288
1
1
19
1
723
234
1
4
1
3
1980
321
891
21
205
930
1679
7
39
23
1157
123
1
1
3
212
1458
4
121
14
4
2
111
12
1
1730
10
483
1195
139
728
13
15
1394
3
551
796
56
461
201
1
35
8
19
30
196
82
68
1
165
4
627
440
10
106
36
30
10
75
7
59
62
78
21
518
19
4
202
1
1201
264
178
912
14
22
1
109
2
1
1
2
362
2
1131
252
313
57
574
195
1
7
14
14
7
9
2
114
51
51
1576
2
25
41
64
3
1
9
2
4
75
17
100
220
180
3
3
1010
24
965
2
45
1991
3
89
96
879
25
23
42
6
190
13
596
1
14
123
67
1
1
392
1753
1
1
2
12
608
12
11
13
360
1
1
1
37
4
391
97
931
4
235
120
9
345
1155
22
3
870
119
1
1
5
1899
1
5
3
504
7
1
11
11
266
159
13
411
36
1
98
2
1
35
753
2
2
1
1
8
5
3
68
931
1
74
106
1
1158
138
4
1
28
23
68
273
2
5
156
491
7
1432
1032
139
348
781
464
218
65
1
54
189
1
151
936
7
721
42
3
365
2
12
137
5
1088
1
680
29
700
380
254
1657
9
4
584
161
490
28
13
1061
43
8
6
6
829
52
502
86
1
137
417
20
444
2
174
1
112
142
2
1
1
63
1
5
440
68
3
11
1981
1
39
3
500
237
788
174
124
53
133
40
1106
294
9
32
157
135
1036
522
474
145
3
744
1
174
11
10
26
314
4
5
97
33
230
20
159
21
9
1506
1
8
448
81
13
6
22
286
281
178
6
73
1
4
1506
376
1110
672
352
1109
5
1
54
2
1408
44
136
629
85
171
364
5
86
492
31
53
52
45
226
2
501
1914
73
1
1
2
1
64
540
4
220
59
9
90
8
9
2
32
2
4
306
7
40
1249
2
168
50
679
2
53
1
28
2
677
95
5
504
183
43
136
446
79
1
934
42
8
59
733
159
53
52
627
1
28
211
1136
12
7
615
1
198
138
7
257
10
321
3
2
172
3
209
1025
916
35
238
709
273
5
5
235
3
1
460
303
1
3
3
195
176
8
1
6
21
103
76
5
1
485
11
1
1
482
5
6
15
2
37
75
952
12
4
141
260
393
102
1245
960
1
1166
1
21
9
24
38
3
6
4
3
3
1
7
22
2
1166
214
631
445
78
1452
1
5
14
92
3
146
266
3
338
50
1
477
10
2
1
39
1286
112
1
31
1
8
161
1322
88
90
406
8
2
1860
339
758
86
881
16
558
14
582
572
25
857
31
477
111
86
2
18
4
2
15
1
33
455
3
1795
1
1299
702
46
38
2
15
6
1
2
320
9
1825
2
1
26
1
37
93
2
4
411
48
297
41
1024
6
5
179
473
1105
11
1
4
1
19
794
31
95
180
18
34
113
1
12
922
39
152
1034
8
38
10
1855
83
419
233
118
1169
411
71
38
48
1
826
1
424
237
518
32
559
1321
76
485
1
247
322
18
394
17
3
1
9
102
8
1235
745
118
1975
2
53
283
48
16
15
4
115
9
44
256
171
480
17
12
577
1
7
1
7
3
12
28
1
822
3
2
78
26
38
9
355
1
78
4
113
1
7
23
9
443
1
769
9
21
7
551
31
183
5
19
481
526
12
581
1
12
1
565
1
156
747
1228
58
112
5
1
2
39
81
50
3
7
4
10
30
284
1
4
38
1
761
145
225
25
874
8
866
403
1
268
116
791
84
124
508
33
4
424
63
1591
2
1476
174
4
37
7
5
1
457
466
54
326
16
43
57
101
283
9
24
892
1
1823
8
221
7
93
234
4
59
31
1126
14
153
2
6
1950
37
212
2
140
1954
12
16
401
1
148
443
21
2
387
2
1042
2
30
246
194
87
1
498
5
1
337
918
7
1377
111
47
981
625
3
4
395
263
87
1809
560
16
1
10
1
1
297
132
9
103
2
54
692
662
1036
301
172
42
771
41
146
78
846
206
94
1
523
4
26
21
13
93
74
15
332
3
6
1
45
18
36
1448
24
958
9
41
723
82
314
10
2
47
268
4
605
5
5
9
1313
373
19
589
9
4
143
1419
210
1238
305
29
1251
454
356
1
12
3
1
9
7
6
11
359
256
375
4
155
11
32
3
13
12
612
135
69
293
6
3
39
819
4
542
82
1
3
1805
811
50
93
1182
681
3
827
1
1313
1
1641
2
127
44
580
2
1970
2
305
90
1
76
68
1
334
2
32
10
8
270
205
89
2
407
1
355
49
12
15
121
1
17
157
990
1757
36
1263
13
83
1139
96
1197
8
555
122
142
1030
62
206
1
6
182
102
124
15
66
483
61
143
413
50
747
167
7
15
11
422
5
27
5
23
6
1591
38
1785
24
15
864
2
45
1494
1432
3
6
8
104
103
1653
2
14
2
1
77
261
2
9
7
274
9
2
9
695
180
31
244
3
18
115
1
202
29
1208
30
11
3
6
138
372
64
4
63
135
356
4
134
867
734
55
139
1175
2
1947
778
912
1
21
1809
105
1055
1778
5
54
41
10
3
380
250
6
2
145
83
258
13
128
34
7
1285
5
12
1
1228
39
169
27
15
2
753
15
1
3
1
79
3
279
91
2
7
99
1
5
5
83
1361
29
965
16
83
1828
263
1
1
1
22
512
7
157
2
1
7
138
8
3
34
237
100
86
1
14
134
25
1
883
1
17
62
302
14
1
34
165
1
4
9
2
549
34
356
1
1
221
76
381
8
1099
3
1
384
10
2
1950
1
9
142
78
1
898
22
2
4
28
384
25
138
163
4
8
2
211
811
3
697
301
4
1
1
189
443
196
80
175
14
3
2
320
332
18
1735
10
2
475
26
75
7
49
1862
1
38
2
195
79
910
1327
699
2
179
213
58
19
28
1357
195
1625
1138
73
56
1
1297
3
1
57
509
24
11
59
91
1
1
21
338
1
14
1
24
9
5
14
1556
86
14
62
1
17
21
28
1
4
111
2000
1
1088
465
2
42
1
191
55
13
28
1
300
1
1
363
4
7
2
689
12
278
4
239
62
325
23
1131
5
741
442
809
8
44
738
1360
598
67
1220
4
162
9
1165
215
1635
1053
6
1
142
498
27
305
288
1126
9
41
56
4
1
603
13
3
69
21
20
2
2
1
209
33
10
68
1
246
10
3
41
4
7
2
83
11
9
12
190
146
780
23
11
36
70
5
2
1423
5
1520
2
7
86
136
258
15
1231
45
3
1
865
151
3
2
2
17
478
5
104
809
320
1698
1
96
420
46
14
219
312
2
1167
1317
15
44
3
49
1
16
10
581
8
76
114
5
23
1300
3
41
1
2
535
1
22
180
12
4
1228
53
1
5
41
33
1
1038
239
310
2
17
14
72
736
259
6
5
37
1
1392
1676
6
697
1140
1
27
9
1976
3
138
9
193
1440
324
1368
412
1
657
1640
36
4
48
30
88
32
16
180
1
612
1305
812
1204
6
60
7
3
16
164
193
30
3
32
4
57
4
105
1374
124
2
112
15
1382
67
2
208
2
830
9
10
5
3
12
1
296
1632
4
2
231
59
575
1247
1819
858
2
22
507
237
7
1413
99
8
108
1
24
3
120
11
3
1
283
67
3
4
116
78
33
18
8
1477
23
1381
5
29
11
316
140
3
26
2
58
19
591
15
674
1494
7
1
3
14
4
967
85
134
1
2
4
224
1033
610
22
624
16
2
38
149
4
268
8
22
1
1
799
35
19
166
1149
788
2
902
19
1865
1511
1
625
1
2
260
1
1226
1
147
6
447
61
105
2
169
1
992
4
6
5
1
38
1596
40
29
742
48
669
63
9
1
315
121
1
15
459
777
20
1
2
1
298
241
77
3
10
3
23
1046
1
29
15
2
409
8
203
82
642
1
61
33
509
11
377
77
31
37
1
30
2
301
11
22
48
395
104
5
1542
614
13
109
4
21
733
1
650
1144
45
213
4
1
2
47
45
296
617
2
10
5
6
2
32
1
278
81
2
7
91
231
36
5
913
12
3
25
11
450
1512
1762
2
243
51
43
463
2
42
181
426
9
15
24
8
11
50
21
303
240
709
24
11
5
5
761
5
4
571
287
1
533
250
3
9
1692
125
66
1
898
5
217
27
4
1
386
36
24
18
1
18
17
7
2
3
1
3
48
7
1275
114
154
1
6
1
1513
50
110
12
9
506
27
94
2
943
3
1
895
208
8
40
177
144
217
11
1948
3
210
5
318
20
1
11
1046
66
46
19
19
188
2
39
112
6
11
105
4
65
754
29
36
1574
1053
16
2
3
26
525
430
1035
54
48
49
562
33
2
14
941
189
1163
1003
11
15
1501
214
7
146
5
888
65
100
437
37
2
1
14
191
156
3
302
2
1
6
160
73
2
174
1093
1
1
63
345
5
1390
500
363
710
75
19
149
9
1
92
939
3
25
14
1
1
1
202
2
108
2
631
4
140
101
1368
402
7
24
112
9
24
4
1
59
88
1
379
66
438
141
14
51
132
70
261
57
72
2
9
5
3
315
2
8
1
2
2
209
13
500
35
103
2
1
1
30
1
40
1
9
14
5
849
1706
47
3
10
2
5
129
307
1
27
1
1278
148
938
536
3
427
1115
1129
1241
7
7
3
1175
34
1429
6
76
27
7
40
45
717
13
4
2
11
4
47
623
1
2
6
588
319
4
28
1174
1
980
1825
147
725
14
195
3
3
114
787
707
164
2
1695
30
37
7
1115
1
104
285
1
47
653
613
1
13
8
217
2
55
41
13
90
13
23
549
52
14
1
67
1
1649
334
75
4
3
108
93
5
162
1133
1817
384
238
59
271
34
16
626
21
1
1
3
50
1856
522
4
421
602
32
1
101
1791
1346
9
17
46
6
1
2
161
1885
105
1636
1172
1129
11
80
629
13
765
9
21
838
160
496
12
2
233
25
476
15
35
3
15
126
4
795
6
47
253
832
867
439
545
7
1
2
170
2
41
99
551
21
75
160
2
411
49
1
2
1
1
1
1
895
348
1
959
902
19
2
1
41
2
1013
1
39
3
1
860
8
1197
1
20
2
1138
1
26
1938
25
5
564
58
708
27
33
3
1
460
4
246
1109
3
115
1746
1
2
1
17
1
6
59
920
174
5
2
1
1
662
7
7
10
12
284
196
68
696
1
1
1
7
26
5
162
962
1791
7
396
6
594
78
19
136
4
1
3
11
1239
1136
82
29
310
50
19
1200
1966
809
1
190
405
11
25
2
2
168
2
2
135
8
85
1928
14
47
31
1965
141
624
11
483
40
1
1
13
470
21
62
1
545
256
17
28
116
21
2
631
2
6
18
956
1360
5
17
49
144
33
1319
27
13
635
13
6
1
444
13
80
442
266
27
1
6
254
5
32
876
46
13
26
56
2
238
1553
91
1
28
1155
262
3
266
253
92
238
1
1
1
36
222
48
30
4
9
90
239
31
19
1630
1518
1619
1
1
6
1049
3
84
2
2
3
793
388
843
14
1
1252
1
1
2
280
209
138
276
278
314
393
37
9
86
1
68
16
1
1
173
2
76
126
7
118
256
3
760
15
1
276
1283
1854
18
1208
711
126
1
17
2
67
1042
27
86
135
1159
535
171
57
186
64
2
1
1
14
386
269
2
1
191
25
105
46
45
1
1
845
1
8
53
371
3
382
377
46
1984
967
505
89
1346
15
48
6
18
93
323
26
83
502
169
2
4
1414
6
14
1
9
1263
4
18
309
727
1017
18
20
18
48
884
1126
2
616
457
1
1
248
129
511
216
1406
7
44
3
755
41
3
5
225
126
4
383
1
193
45
1
3
356
9
66
915
19
1943
23
43
79
662
1433
12
7
54
79
515
280
74
71
357
246
11
1
26
902
2
43
4
272
990
520
230
968
33
203
8
325
21
672
7
3
5
294
19
29
2
6
5
115
30
18
1622
23
5
2
25
35
8
598
1928
572
1018
399
229
662
2
35
125
444
872
1
15
2
1
145
18
7
71
5
1
65
15
298
1
1
2
14
14
441
1489
89
66
1
5
136
1
9
43
1
50
6
329
110
119
454
502
240
4
19
1
146
235
725
56
264
488
2
364
13
179
2
54
349
24
1263
19
29
121
1233
83
1
62
2
11
19
1
1
831
4
35
189
1919
672
47
39
7
1
1
340
23
5
63
1
126
107
2
7
4
56
928
1
1381
4
356
1393
8
1142
3
63
99
6
14
685
711
25
13
12
1163
1594
2
25
18
60
3
313
802
6
78
118
307
138
4
169
1367
3
8
88
3
311
6
4
46
1827
3
573
17
27
6
63
561
62
39
3
1807
12
1
35
3
908
60
216
741
37
863
7
5
1
541
791
123
9
1610
862
326
1289
28
1
468
2
1202
228
78
434
15
617
1
63
142
11
3
77
937
1
2
60
647
236
2
1
18
16
18
1608
43
914
207
5
18
16
617
1783
22
154
86
1
110
975
2
520
1717
8
24
62
678
3
207
123
3
12
247
5
1
4
500
3
1
302
2
47
21
3
1
11
1653
580
3
19
7
1
1
5
1
450
6
1
30
262
40
722
48
34
5
306
265
2
284
10
2
15
17
213
24
21
12
8
1
10
57
266
9
1
1
6
171
779
4
99
6
153
225
932
17
654
25
16
26
94
75
3
57
39
1016
1395
4
245
12
17
1
56
613
41
4
1612
72
2
374
1
462
42
1
54
30
1
24
128
6
15
3
3
1
23
41
1793
1
134
109
765
1
797
15
61
1251
40
467
158
3
476
5
4
1
1531
25
87
9
1
1
6
873
132
115
56
621
2
144
350
5
1003
94
1
9
2
77
4
1
1
476
10
11
298
28
847
1615
133
64
1898
695
177
333
74
65
254
20
98
1
15
11
12
1
26
209
2
52
5
6
3
18
214
131
89
137
12
3
1
497
1
24
1
194
1
48
6
1456
1
6
19
65
1
2
14
3
3
1
1
154
1
30
2
23
621
1
3
116
65
20
32
53
1
125
2
69
4
47
108
4
1
116
189
373
16
3
1
1
448
14
47
708
4
160
613
26
3
4
50
7
3
1513
34
16
70
422
90
59
456
22
11
428
69
40
47
1
1
718
491
47
43
202
3
60
598
811
1
33
164
46
30
542
12
92
1972
18
195
1544
2
1
563
21
22
1
1667
611
49
59
2
145
52
47
11
2
1
1
4
172
2
122
587
187
1841
520
8
24
345
49
14
28
23
1241
2
1
407
60
52
75
1461
14
2
7
12
19
25
221
5
20
35
303
2
5
406
105
17
2
11
1073
863
1208
8
26
1408
1211
1
13
67
65
1
66
721
1404
6
11
4
15
89
356
39
2
165
1
33
870
56
22
3
393
58
17
16
4
64
3
1
982
65
3
613
13
85
9
177
8
69
1
13
4
35
5
29
293
208
1
2
65
322
19
502
770
850
381
650
33
1727
1749
25
554
153
7
22
20
15
25
99
1
213
33
4
2
31
383
2
4
1
211
16
3
1
215
248
583
21
33
28
340
220
3
14
2
995
5
9
445
136
38
474
121
5
9
232
2
154
28
260
469
15
4
14
61
1
1
15
2
3
348
615
9
317
267
579
405
110
3
2
351
155
7
722
1
578
13
333
744
191
16
38
77
161
76
1
214
22
16
1660
36
9
2
4
9
13
3
2
113
318
106
2
7
3
1344
14
2
5
395
1
1
1858
281
7
2
22
7
1
15
4
529
1
1
77
247
174
544
1187
6
10
2
25
4
395
111
30
1499
1
18
383
544
9
1
1005
10
1
561
1926
1
28
1847
1
63
44
1682
378
1
1436
11
12
197
2
1178
187
28
3
55
304
1259
90
25
18
6
757
8
1
34
87
162
27
83
1
1
14
376
331
1203
386
46
688
1577
279
1911
5
17
286
5
14
849
42
811
1
1
161
1
24
30
712
1
8
9
82
1
45
107
37
47
13
18
154
50
29
821
227
1187
1
259
86
5
180
162
52
1
361
1626
3
2
209
4
4
1167
1675
6
281
5
95
150
177
29
62
37
141
28
2
366
1
33
411
4
4
1
1
192
837
1
6
1
323
12
1947
1458
1418
90
17
105
7
15
18
427
128
1
20
14
283
75
75
11
36
19
2
8
349
571
34
13
10
1
159
1
44
2
826
9
260
27
31
33
983
1
37
1623
3
3
142
1578
2
77
82
103
17
1
2
434
311
27
13
1517
7
1
187
1
6
52
6
1
59
4
3
5
103
749
2
960
659
102
1
1
18
8
2
866
13
7
1
320
6
68
4
1
18
1302
1
5
102
1835
7
11
2
647
3
953
15
457
23
449
3
114
6
19
493
13
2
434
56
316
7
4
1
1625
786
1728
172
1195
12
306
82
96
631
108
11
1
1994
858
816
35
3
42
36
11
300
70
803
1191
296
10
54
835
16
5
5
4
1654
15
429
1601
40
332
1951
1
28
1501
3
18
3
2
277
9
23
1
20
18
151
1528
1
5
1
138
449
1
274
1
8
76
342
2
6
4
98
1
2
1
400
3
17
660
456
357
997
36
645
25
224
22
25
1756
1
291
178
1222
77
106
2
1
202
641
32
2
467
4
12
430
28
6
6
1
7
2
1
1
269
1241
4
1
181
1
1
327
1822
1
54
346
155
93
1878
1
369
5
1
1639
1816
5
715
1455
1525
1248
2
2
162
94
446
106
1
370
792
706
41
50
394
4
1
15
49
817
20
9
164
4
228
389
3
1084
11
81
474
9
22
13
379
1
1
134
21
722
11
617
8
491
57
2
9
340
1
1823
2
18
1311
51
2
448
6
39
242
278
84
268
1
7
116
5
3
42
2
3
183
11
947
43
1
22
1
32
52
386
660
15
13
16
22
23
482
252
783
294
56
4
297
4
74
505
1
18
23
27
6
1143
2
6
1
9
1446
56
16
1311
6
124
1
7
696
18
65
1263
1
86
16
1
1
1267
62
255
2
3
3
93
4
43
98
2
2
92
124
8
346
1213
1510
7
7
388
778
209
21
973
8
16
8
1963
6
24
136
41
5
4
477
161
1
63
4
8
18
497
175
271
10
1
1039
1
41
1
2
45
1
1874
3
17
17
282
340
2
34
14
1
26
7
1
1
179
1
97
20
1
374
1236
1280
52
37
368
878
2
410
18
309
837
159
3
77
834
2
2
631
13
61
1252
1
19
493
1
427
7
64
110
85
38
6
785
1
1735
75
135
510
117
446
42
1
6
15
56
52
218
307
3
1512
12
553
9
3
1640
1
56
2
1354
1
851
233
471
83
1
380
668
1
176
171
1581
2
1741
1955
2
3
600
1941
840
5
393
19
184
18
26
38
95
338
1673
2
655
1
169
778
1
7
420
149
1
1
1408
4
1
2
17
725
2
491
3
1
57
67
436
1316
1
44
15
166
5
147
105
1
9
1
4
91
472
12
1335
1709
2
1
270
6
140
1
1000
449
1658
693
559
432
324
1457
1542
595
1799
81
5
3
7
137
49
180
3
471
5
151
1800
32
1
99
78
11
3
73
9
22
132
1082
2
6
183
3
371
37
2
337
36
7
181
1070
6
460
58
118
145
66
7
11
52
159
37
1
417
1399
8
1
1695
408
32
94
2
26
4
14
82
778
121
4
1494
5
3
255
6
6
660
25
1553
20
1944
998
10
11
25
15
46
19
5
15
36
2
86
2
1363
3
7
34
173
305
1
74
536
258
18
19
480
1316
455
191
17
62
24
1146
24
136
177
68
76
1
934
115
412
17
1727
2
501
2
2
1
25
39
123
4
38
14
39
873
1452
52
1741
1193
471
62
1
375
378
609
7
1
1473
1159
1
1
76
429
6
162
325
1276
841
12
1
7
37
69
2
75
1
660
478
1833
1546
590
16
2
1
222
15
64
37
23
8
340
152
823
3
460
4
6
78
658
1425
41
46
1078
9
1914
72
142
175
473
260
3
290
87
64
471
26
1274
20
2
137
604
27
296
187
36
43
46
118
1
1
854
2
2
17
3
84
361
2
413
276
15
618
43
453
6
1254
6
75
13
3
315
1621
350
1260
304
6
16
47
10
19
3
801
3
7
1
22
105
27
662
1
1362
76
3
476
819
748
641
3
2
47
358
672
117
161
7
11
14
1720
109
1551
1864
1613
217
399
6
1
26
12
13
689
198
1581
609
17
9
157
516
3
101
864
4
274
1
1576
11
144
5
9
166
22
346
2
1
810
82
761
158
1012
840
17
1639
190
142
2
1
1
1566
26
225
2
3
265
1273
1
27
42
10
2
1
979
1
1
733
6
90
1
14
1455
1054
1
1
9
402
1
40
4
731
12
12
1
895
1
3
1
71
66
32
203
2
7
1
1
14
682
8
1
1
1339
11
1
1765
16
1372
171
375
74
992
11
8
791
1012
163
5
20
5
154
250
69
57
14
83
95
11
212
8
2
3
1457
8
1072
1567
1
19
50
28
25
4
233
50
248
1
3
970
111
363
1
2
165
94
707
13
436
19
8
14
512
11
96
47
59
1
96
944
109
75
31
10
38
1
4
8
231
231
392
1
9
198
27
7
4
22
2
15
36
2
2
89
116
174
7
8
429
3
19
7
32
1
10
3
627
10
12
1
500
7
1
57
2
34
1
50
1938
1
53
45
4
203
234
45
1
12
4
1
45
206
1578
4
3
78
411
9
134
199
1067
12
290
124
2
323
1
16
2
29
826
17
1
67
28
49
302
23
11
4
7
944
311
4
15
786
377
10
2
1
2
22
1
104
193
1
78
146
2
1280
1494
1053
23
308
1
733
1074
1335
1162
830
42
173
411
29
257
89
1
152
1828
9
128
118
85
202
246
29
31
807
22
5
67
9
7
3
97
1
67
173
1
760
163
60
39
1
144
481
21
6
309
1
8
478
175
4
270
7
1
1956
46
29
6
1215
2
40
1287
17
11
390
121
20
2
2
11
821
9
37
1126
4
4
6
1
1235
650
1
548
14
42
1
1539
5
1020
537
3
58
53
2
500
86
3
49
27
190
25
154
10
39
10
5
8
701
261
4
66
1
1560
18
1985
5
4
2
1
74
695
1573
1467
334
295
1
907
98
14
1
2
803
6
31
174
291
1
6
2
202
276
28
856
72
293
30
1
482
335
89
24
8
47
962
5
1223
64
594
4
1
33
585
1964
87
61
1
1371
28
1965
149
1442
46
181
1545
83
2
5
785
46
60
129
4
1
2
2
54
1
1
1
91
1
261
1
4
21
5
186
1381
119
4
2
9
3
1
2
1
340
6
42
61
301
3
166
55
488
1
26
21
1
20
65
1683
491
5
3
5
2
1210
10
53
14
580
24
380
368
6
645
20
779
9
404
2
40
192
46
18
5
1341
10
192
43
855
1796
1
298
2
1497
24
16
223
50
22
1
8
1
11
15
49
110
12
34
2
436
477
68
426
33
376
282
3
8
21
94
322
1
53
223
165
105
57
47
37
1
54
3
277
6
2
62
10
1
760
555
1706
1
175
5
1527
351
1296
123
1
3
3
9
5
1976
6
2
937
2
80
9
2
101
32
291
1
53
321
9
2
10
1
300
55
14
3
18
1
1409
258
353
576
124
1
1
17
374
6
1
208
3
1551
1
2
9
121
13
4
1
3
79
10
7
1
883
22
102
1328
2
55
37
1
3
248
3
419
47
35
223
1100
725
447
39
8
7
29
7
24
4
188
40
15
23
1663
37
235
8
5
2
18
1654
2
29
13
247
1
6
2
132
3
1065
4
173
261
286
49
16
77
193
2
687
25
857
429
5
12
13
2
57
5
1
4
59
7
1
1
396
150
4
535
188
91
1576
678
11
538
1
130
1251
117
5
1977
59
943
1
551
1
1
127
198
3
77
1
3
1
70
680
17
25
2
8
543
34
588
105
59
10
1
203
478
49
10
7
62
12
15
81
141
651
1
324
1851
366
364
14
974
1447
46
1
68
5
691
11
2
623
1
1
1
10
33
2
12
69
71
9
4
36
2
11
268
735
2
9
59
344
198
135
681
3
19
46
1
23
444
1558
5
2
24
23
196
234
1
3
9
22
272
1512
5
1
12
111
35
94
197
5
24
661
1
1
136
9
1
15
552
986
7
7
3
30
2
29
346
3
4
665
1528
9
354
63
759
238
190
92
819
2
45
2
44
2
25
14
109
1
1
40
6
4
60
21
10
5
13
123
3
20
1
288
646
625
25
47
157
59
1946
8
57
579
128
3
192
1
1147
70
2
16
282
1252
325
465
127
3
118
406
1
1
5
393
6
11
1006
2
43
241
11
113
8
6
6
95
1
6
40
4
13
5
553
61
706
10
1525
1
6
26
251
1
44
9
518
5
365
104
2
1999
106
125
2
28
15
421
642
1108
315
263
22
16
644
1
10
1
1439
859
502
32
310
402
27
3
2
20
81
1
6
27
1
1
1
1
1
224
2
104
495
2
52
152
1412
356
44
11
231
959
20
1049
1105
636
1615
6
331
1
33
169
4
6
1
48
3
1348
1
2
14
2
1
181
387
454
164
8
14
195
777
110
1
4
393
23
73
202
624
118
1056
536
2
530
1
2
2
1326
1135
502
1738
5
13
51
2
54
72
1013
7
12
7
2
165
1358
115
185
1104
2
263
1232
2
3
4
3
3
2
286
167
3
44
94
1
1
72
66
19
42
174
1
1740
1
2
1
1289
1006
1402
1
1
4
25
95
3
26
222
2
63
1
58
1736
27
547
8
3
4
1
378
863
8
32
11
23
14
69
116
2
972
106
5
23
24
514
266
1
10
540
312
656
1483
170
1
26
10
1
1
842
355
1998
3
3
478
296
1583
19
28
39
144
560
1795
738
114
678
2
160
2
1675
7
1
1
1475
149
175
6
209
2
1
138
28
1
35
246
7
326
2
12
1
156
2
697
1347
854
2
30
671
4
432
785
1173
34
501
1
5
861
1
2
40
1
2
2
185
1
231
4
1
3
260
443
2
550
17
12
73
92
596
2
52
1919
1902
25
49
789
4
1606
14
170
338
112
2
1
50
339
5
276
3
103
14
38
1
21
204
393
295
155
7
942
21
62
2
2
1318
1
147
43
540
15
8
1
1
4
1
9
458
13
5
179
21
4
16
2
7
359
78
210
133
6
797
198
2
108
1
2
1950
12
171
34
4
67
9
1
664
4
642
15
48
1080
1
935
171
231
1
1
13
234
27
111
1576
997
4
84
194
10
2
948
22
1
5
29
104
13
3
755
419
12
6
528
36
258
1076
327
3
316
60
39
698
265
73
1224
27
362
985
300
1422
57
3
17
1
162
1620
15
988
141
1
285
230
40
1
4
50
24
4
4
2
2
1276
949
1
1
881
211
17
1
150
136
86
451
7
3
20
8
2
6
28
11
3
86
38
1968
96
71
64
903
8
440
1773
44
5
46
932
245
1206
7
4
5
14
7
1
32
5
2
90
259
14
2
346
290
271
611
29
55
5
7
29
1
10
892
273
659
1
541
8
14
252
43
4
1
121
570
1741
245
13
353
9
1979
16
2
67
493
2
451
7
115
335
50
2
426
81
678
13
3
1328
2
1
287
72
63
1
1
9
40
22
1
21
112
1
2
1327
17
641
8
44
39
1
66
181
26
2
2
1
347
882
5
9
212
4
42
16
1334
1817
1
226
6
8
111
4
5
8
16
9
8
11
127
300
1
10
15
307
1
41
71
378
42
220
3
108
1
16
77
157
42
4
110
149
2
7
304
1
9
6
5
1
1120
489
106
1
1883
12
11
52
127
744
1644
941
11
30
115
8
32
22
239
1
133
203
313
65
23
7
2
438
68
51
170
1822
33
2
214
131
64
3
38
1011
40
557
11
52
32
281
107
1
1056
1073
64
86
226
11
1
877
2
554
2
14
1
191
1
50
182
1974
31
1035
26
620
439
839
41
5
647
971
1
2
40
49
17
288
5
1
1
1
1
436
1287
1599
9
15
4
3
29
267
36
26
1
242
92
1020
40
1
2
1
29
9
3
1
5
1968
46
1
17
321
6
7
1840
64
271
215
2
497
6
237
49
4
2
14
28
1078
60
371
4
321
23
48
1
252
53
602
2
338
114
1
143
1770
1
799
67
479
11
820
1
20
196
1
1986
1
89
1
661
1
1094
2
4
513
15
6
3
8
232
81
4
8
10
5
80
86
1
23
34
7
147
690
6
2
1541
1
25
793
812
793
196
4
7
7
3
167
4
270
181
13
39
1
1
2
277
1881
5
50
3
7
17
8
882
123
3
140
1
3
261
206
12
1
101
431
1
57
1
47
1
130
11
6
54
14
1
32
116
1634
141
258
22
45
111
1
587
8
422
9
14
7
792
888
1096
309
1
1
11
26
96
12
34
3
1
10
605
5
590
23
1
19
1561
7
3
1
44
5
19
138
102
1
382
300
46
6
23
17
585
111
22
12
53
173
39
1294
5
1
1331
31
680
63
67
105
19
19
1
1
2
1
16
6
24
127
50
119
7
2
5
12
100
199
247
29
614
98
4
4
249
9
65
3
309
1
3
424
1
56
234
1595
117
13
10
1
72
653
9
156
36
1
7
31
877
19
1328
3
43
11
33
1
125
25
43
1
86
4
260
29
1042
5
2
2
10
4
14
729
3
548
446
8
10
6
115
37
122
4
15
1045
181
1206
4
14
24
1
1
35
1
474
30
1
492
844
40
2
627
113
1
3
1
646
3
3
12
520
3
722
519
22
1
45
10
15
104
20
257
1801
45
449
1192
3
2
712
6
6
13
28
2
105
2
7
240
101
770
985
85
129
1067
47
2
154
768
12
431
900
11
2
478
5
167
4
844
38
251
12
186
551
2
324
35
879
55
6
65
448
1
4
637
92
9
1
148
527
184
1051
14
7
289
1
261
14
1
34
3
9
162
3
1332
3
1
199
2
106
36
1
11
1
100
45
1
792
464
117
1442
1470
7
36
53
7
7
31
35
7
1
51
174
76
1153
37
1
1
1
1
186
2
91
101
295
1387
15
6
29
1055
10
5
19
666
1
1
476
1163
4
3
2
654
29
309
968
797
2
438
4
1785
20
360
1593
986
10
95
35
514
10
77
1
8
3
1
15
775
34
76
71
753
5
120
16
3
8
108
1667
6
864
425
802
1983
137
250
5
1
260
97
2
2
26
780
12
462
1
206
116
17
1192
70
10
3
376
4
15
3
1
15
28
1725
46
1816
9
366
791
6
106
59
5
2
4
25
462
105
726
621
648
152
65
1
365
237
1050
30
30
1224
177
188
42
2
448
64
1541
1
8
6
1
1
1750
4
12
1291
59
1104
1
1
1201
147
104
94
17
1
493
30
234
299
23
22
11
1
389
19
10
1899
2
1
102
225
8
10
106
300
723
20
26
4
20
186
5
9
1
1620
202
1820
3
17
2
1039
23
2
1903
1348
96
801
1041
198
1483
1
956
148
105
6
16
7
164
3
262
902
15
705
2
735
6
223
34
442
25
4
557
1299
56
8
60
216
1254
1193
948
2
1030
1
1195
1950
1
1
1
6
44
1179
992
196
16
1
653
17
9
14
1428
777
145
142
264
56
3
4
809
26
1
98
62
228
7
683
748
138
50
912
4
47
1617
34
84
1373
85
226
1
2
9
167
11
2
28
38
2
2
290
12
858
76
4
1480
542
6
773
658
270
1
1
693
1
123
1733
1
1
37
4
14
823
1
827
14
13
89
117
1
63
113
1509
17
2
13
124
15
8
3
9
111
263
463
29
20
72
850
1702
11
2
3
182
6
27
26
1335
2
9
2
235
1
11
67
1462
4
485
104
41
232
2
1
1
92
483
5
1
25
945
5
1492
3
14
1744
12
3
6
1981
1
1524
6
4
832
780
506
88
25
9
79
1089
52
70
890
1018
8
41
482
52
10
123
2
3
598
22
16
761
34
1
220
37
4
64
899
387
1
5
28
7
2
154
8
196
8
3
4
238
6
305
3
3
7
1
2
490
11
37
24
110
1674
607
4
4
64
658
14
1
2
141
6
1136
35
1
1
25
54
195
281
247
1
2
151
2
4
837
18
1
196
4
309
69
2
136
367
73
75
8
1
202
3
68
5
1
112
24
4
149
49
2
1169
1
882
64
81
32
23
1332
8
2
202
569
1082
997
6
912
4
33
10
216
774
3
2
2
817
82
189
1
38
1
2
3
365
9
15
176
381
130
143
33
356
1
288
315
20
29
1
1104
1728
1
18
119
8
3
16
127
4
1
1293
50
3
192
60
15
1630
1
1543
12
1
28
13
664
833
738
1239
4
1
96
709
34
6
5
4
1199
2
272
745
27
1
2
428
105
3
9
1
166
30
46
94
605
301
3
1951
4
4
96
4
5
16
16
33
18
688
103
1
2
1
1
116
10
251
3
1683
177
6
3
7
3
1
25
1
32
4
324
282
81
375
1
860
9
360
8
1
7
3
6
69
280
1934
1329
110
19
1
99
2
1
5
804
1337
38
3
736
1023
159
12
703
5
116
6
1
115
46
5
44
881
67
207
1456
378
714
13
8
1529
630
8
3
30
1
23
143
249
307
1095
157
17
30
65
1849
14
748
60
81
339
1299
1
60
6
22
3
2
1
72
31
189
10
4
33
30
1
88
63
1
1239
2
93
60
2
86
1826
2
52
31
71
24
356
1
44
1
1212
1
1361
475
6
20
405
6
21
4
1813
836
345
15
289
10
966
127
848
8
11
184
826
2
1656
5
174
707
96
5
1008
38
147
6
291
1
595
178
1
22
15
282
1
1794
719
1061
1
2
52
1194
2
1475
10
145
5
1
1703
2
131
48
402
10
15
1401
290
128
9
845
138
1
10
3
1160
10
4
1
3
5
1
8
333
753
3
149
3
1
1007
171
1111
1493
2
469
213
98
13
4
126
3
513
61
57
6
2
1
23
20
27
6
836
1442
671
38
6
842
702
3
173
6
29
1195
15
3
700
3
248
495
5
23
1
930
24
127
3
3
856
8
1
1
1153
156
44
7
745
983
335
5
6
2
1168
19
18
1896
97
58
70
6
1
412
997
1453
1921
4
9
25
3
1
4
561
3
27
3
7
1
655
1
123
3
1522
64
458
9
1219
1
1055
5
103
9
227
1730
242
402
33
1
1
20
22
66
459
24
55
374
187
5
334
23
1
198
367
52
66
85
1
1
2
1
95
168
55
5
74
134
12
107
2
87
59
5
22
482
843
724
1657
14
1
3
44
61
123
1232
9
514
28
1
2
136
73
1208
368
40
39
16
22
1
14
5
3
601
357
1
1486
4
709
25
1
4
3
579
1553
18
93
294
347
55
13
4
1392
1
360
288
6
5
34
4
502
15
131
1
112
56
228
137
1
1
1998
194
1
48
140
153
1
13
48
3
161
1008
651
2
2
1
23
8
42
2
1
719
8
593
635
62
13
460
1
12
93
1
205
166
71
6
262
1008
349
1
490
768
397
220
1
123
1
7
1
26
5
376
1349
4
305
14
4
443
1902
267
18
2
9
1
73
19
261
6
2
4
145
8
9
167
145
39
349
186
168
238
2
45
32
1441
5
2
4
139
201
1420
1
52
20
427
307
20
1
3
1
1357
246
6
1050
27
3
14
1
36
46
1
86
784
4
19
5
124
28
3
1286
460
1889
18
2
50
2
772
183
243
39
1
24
41
131
31
6
249
444
2
114
10
1
1
1
35
2
62
1
5
1227
8
715
1435
1
88
526
1046
10
21
30
4
40
35
31
27
378
14
6
124
1
64
13
179
9
1
154
158
1391
48
709
6
272
172
14
13
209
22
11
380
64
1
2
1560
904
2
127
1
98
1161
33
1476
944
5
3
4
17
1
1115
1978
3
256
2
29
2
1236
7
4
114
8
1
16
5
56
3
39
5
483
91
559
33
11
20
13
3
31
552
1
2
2
105
14
3
124
1267
59
32
601
4
4
377
13
718
128
212
376
1
152
715
1153
1
1773
32
208
3
385
320
54
2
106
12
1
268
46
251
91
218
567
810
56
7
149
1716
1
47
39
1958
25
582
560
628
1
6
1
1
1
1031
377
27
1
3
8
1
1628
150
1050
193
49
3
1
85
163
1391
8
24
729
48
75
23
10
27
2
46
5
1167
35
13
2
210
1
13
1
501
3
9
7
1
87
27
1308
68
19
10
862
15
44
215
1
2
14
1
1
118
15
35
2
7
1
572
1
2
6
728
648
51
730
139
803
1544
3
61
220
766
179
1
108
394
645
4
187
874
5
364
237
81
1843
120
5
376
116
7
1
9
2
3
49
11
2
29
2
763
804
31
785
3
21
26
360
46
746
3
5
82
30
455
2
3
74
1
229
62
30
2
1
149
258
3
1
2
80
12
23
6
154
5
9
616
29
19
54
1325
18
13
14
1
331
43
2
202
374
118
87
11
3
1
34
1
3
486
4
2
16
2
1
630
2
217
2
133
7
609
936
283
191
1
57
9
22
1712
316
3
96
2
201
15
449
228
1
437
16
279
183
182
385
20
16
1090
70
1361
1570
289
6
11
82
1186
1
1064
126
2
1
4
2
327
1
873
3
179
6
15
1
1249
697
2
53
109
1
4
48
19
744
610
1214
1
228
10
3
64
309
446
30
75
714
81
922
7
47
1
198
513
759
173
12
563
120
3
3
7
5
3
119
275
1214
41
77
38
17
561
21
23
11
1
1
1
1695
1047
9
226
48
16
338
73
2
38
1
108
7
35
4
8
3
175
10
851
8
1
117
37
75
1065
14
22
813
1501
63
63
60
4
19
220
1368
612
352
399
1
1076
7
1698
25
517
183
17
24
1
39
1522
18
1
2
2
108
408
259
766
3
5
42
50
1432
381
1
1308
254
55
7
1
1249
16
25
123
47
18
11
109
4
5
282
755
615
23
1121
49
1190
72
1077
211
973
96
2
1
3
36
572
963
559
1
4
417
3
7
558
41
122
5
4
179
24
52
1
84
38
1
2
1798
785
38
6
1
3
44
6
74
3
82
1
1
23
2
673
3
29
569
691
7
47
2
6
46
76
1036
1317
297
13
1
499
19
1017
76
16
38
5
29
6
1
40
6
19
1795
1187
275
867
5
20
197
235
828
1054
138
6
274
1
8
11
30
1921
109
1
128
40
10
131
25
1
14
341
344
113
24
319
352
1
2
26
240
17
1
4
2
1
6
65
71
77
3
90
88
1
20
1
15
157
1
16
1
90
1
1
360
3
12
3
6
12
141
6
1
226
355
30
992
22
90
1
11
4
114
12
49
319
13
1
1
1625
1
551
1062
323
8
58
1
179
8
1
391
526
561
2
5
1821
294
77
9
1
10
53
2
218
54
2
356
39
2
1
26
37
40
1
3
523
6
581
802
1
6
3
14
411
914
403
34
9
507
95
35
26
243
5
623
761
1251
24
342
12
10
74
10
66
159
106
1
18
1014
646
228
840
141
5
1
95
881
3
341
189
110
1
467
6
983
403
17
124
748
96
10
1164
294
65
8
92
177
2
361
23
1
16
1183
1947
239
1
19
17
70
4
3
306
6
1
62
204
8
75
87
1567
784
494
199
7
41
95
18
48
307
67
126
15
1
452
34
259
965
1121
44
15
139
164
60
90
17
6
1
1
897
445
1076
142
632
5
236
335
1617
73
2
77
1433
1629
377
27
24
1
35
1391
213
2
6
494
3
15
6
8
107
3
4
3
1877
99
17
17
113
3
279
106
172
82
1
71
2
1684
1
1
1
666
237
1
1
143
86
3
65
11
2
88
52
506
154
483
107
36
1
12
225
206
2
30
2
36
33
314
1
4
22
238
3
1839
400
45
681
7
3
27
120
224
25
9
26
253
98
851
1801
110
10
1
6
1
7
3
4
48
24
17
16
2
399
7
1
195
53
1
1599
9
35
1
12
399
159
1470
22
3
518
1
770
1
1
90
72
1154
1737
57
6
1
150
197
12
181
1
708
139
2
18
3
38
58
162
1579
1
1218
477
2
5
17
1585
1314
3
680
645
269
3
310
5
61
19
286
52
181
79
1
1340
4
1636
7
294
67
115
158
5
1030
134
12
35
46
1
1
532
4
1
255
315
24
299
101
3
41
497
7
2
249
757
29
2
124
11
4
1
16
2000
366
7
1267
94
308
2
2
68
1
32
20
239
1020
101
1
1
2
128
107
4
96
5
4
1
6
1
11
59
2
2
21
13
166
196
8
323
7
25
63
4
266
374
5
27
1591
189
2
281
4
159
226
6
119
87
2
351
930
81
3
290
515
1
111
3
3
4
349
9
42
8
2
91
326
20
15
1908
1
4
584
1
3
7
6
132
40
96
719
5
62
1230
177
48
4
6
3
1779
386
1035
1
97
1799
6
18
6
703
8
22
6
1
39
14
45
28
6
445
1552
245
978
782
6
23
62
148
470
14
1
3
1326
354
450
218
2
1
7
9
13
65
1
64
3
1178
1
1
6
64
188
1688
13
2
1
122
7
3
635
10
82
32
630
377
1103
2
7
159
667
83
1863
1
4
1
148
5
20
1
137
4
81
1
1499
5
20
14
29
856
466
1371
103
1295
749
1
91
381
56
35
25
7
8
56
257
355
185
1
1
44
105
1
26
483
702
280
373
16
24
1
634
72
59
44
1923
1135
118
345
4
3
281
19
671
69
651
1
64
3
548
435
1211
7
2
588
1633
700
1509
2
70
5
32
22
2
51
157
217
8
1
1373
6
73
141
88
126
160
1615
355
1
54
44
10
1
20
146
184
619
11
211
1
1
566
130
1
1
78
3
111
156
19
2
127
180
23
6
581
575
21
13
152
12
2
2
7
1486
76
56
217
81
41
427
3
15
8
75
1
113
20
3
854
1233
24
56
8
191
84
145
8
8
329
250
742
1
61
1222
38
1
17
1068
1170
787
730
607
15
1
6
369
1
46
1119
209
88
549
1400
998
88
302
1431
50
87
7
3
1216
1921
905
1
27
2
9
1149
1
7
647
589
19
120
24
163
9
234
1
1982
4
1714
299
382
17
32
26
88
5
2
5
7
829
91
3
1
10
407
859
24
4
14
667
38
8
1
3
20
289
130
1
424
15
733
2
131
30
2
4
867
457
1
5
3
8
14
972
215
1208
432
1
27
35
25
88
508
20
10
5
833
1246
5
1020
5
14
6
2
663
1144
4
5
138
39
4
1
28
3
123
6
1
28
964
43
6
2
1
23
1811
75
225
239
292
1
1179
4
1
56
3
1
1
11
2
827
53
3
721
40
21
259
215
35
6
835
5
121
98
1
167
439
252
4
1228
39
438
13
6
91
2
271
858
1
5
21
72
33
5
350
14
1
6
1
1
2
336
10
23
26
1191
42
7
285
2
4
2
33
1162
418
7
364
17
1
220
251
25
6
108
18
232
316
2
570
356
337
3
123
132
368
1
2
5
2
9
1
3
2
7
658
11
165
2
1425
47
379
5
105
1
415
1455
79
1
1
1751
865
1054
53
1
9
35
9
915
1
1
114
260
66
278
25
625
32
654
19
156
197
2
1193
6
7
51
25
90
12
50
32
238
4
140
1
375
165
120
1
105
40
631
3
1
211
1
7
6
612
3
1
2
1753
17
1704
6
40
1
6
540
1294
9
12
684
70
214
23
1
152
825
23
1440
1
1
136
4
32
7
740
1175
14
12
1
29
1757
1
6
1406
54
301
1
1863
2
245
13
2
53
2
14
402
33
1
22
1
3
2
1
17
1631
10
2
1
1
236
76
1
1
73
7
1208
9
75
115
18
2
1
3
1010
2
54
1
5
93
45
123
6
7
570
619
19
1843
588
1
13
1247
1
2
1595
5
6
2
1
692
533
1
297
22
3
1
671
47
1181
1085
1820
1232
1
240
1383
428
2
464
765
10
69
928
813
271
248
10
2
83
1643
150
1168
567
1
1326
1
182
121
205
1
1370
737
185
27
790
806
9
65
1
12
19
976
117
239
639
1251
92
2
2
539
5
7
1
721
752
68
593
1
1644
761
6
29
17
1154
29
725
1
87
333
35
44
980
1
22
1218
82
170
3
7
163
59
1951
13
136
23
11
1
30
56
1
1
211
2
17
3
77
1
224
1033
238
840
285
34
30
2
1
1
8
56
16
1
13
3
38
74
130
2
111
1403
2
55
1
62
1010
578
1974
1688
943
545
16
2
1
4
3
103
526
633
46
1
21
3
22
24
29
13
408
1
5
2
45
19
145
1
4
1
481
4
1
3
9
2
7
70
1
1698
2
32
2
54
149
180
2
4
11
9
5
3
1871
4
4
83
613
52
1945
10
1
1
1449
973
10
124
13
1230
1062
35
7
137
33
1
6
220
89
8
16
339
11
2
7
22
907
204
1
1
375
74
888
5
24
269
3
4
306
142
407
3
116
1
298
13
1238
450
972
379
454
116
3
41
26
1
453
2
53
3
3
5
32
256
2
10
520
8
65
33
1626
3
1
491
23
952
219
3
4
2
4
34
1116
2
1196
47
3
2
3
2
1490
1558
8
504
6
23
4
11
31
2
1293
191
240
22
146
1206
73
236
3
169
76
324
624
11
549
55
2
881
102
78
4
1561
147
13
1188
119
1
14
1
1
18
758
61
642
125
83
1
106
2
204
11
1157
1
1675
931
534
46
238
1096
1
44
36
1976
1217
5
58
3
1
1
16
78
52
1634
1
642
1
185
32
193
9
4
2
314
3
1912
12
1080
99
32
1
15
40
37
915
1
24
22
131
139
353
93
23
63
246
27
1471
13
1
25
1
83
12
661
1
3
685
310
1536
16
1
16
1347
7
1308
24
21
119
74
81
332
10
16
71
13
72
26
3
1176
86
42
1615
364
1082
3
36
5
3
886
18
2
12
36
76
2
1
426
1
67
1609
159
4
2
83
86
11
10
177
5
3
1507
1109
517
1
344
28
1
3
1
90
31
5
4
12
24
219
100
49
157
44
1235
1
7
7
206
1
7
3
631
1321
5
35
31
222
91
1
271
1206
394
584
89
125
375
1789
250
16
8
50
1
8
1
122
1
373
198
661
275
262
2
138
1844
559
15
66
503
3
117
162
1
261
1
1489
1016
1
53
99
98
430
70
3
512
7
32
338
2
42
1
19
536
4
77
103
149
1
39
42
50
1492
1110
39
138
5
220
11
173
1145
1
10
1
2
6
499
187
3
637
64
10
7
1
2
13
73
1761
1
120
38
21
3
4
2
1247
1
402
3
591
7
64
23
184
87
105
12
1
10
2
17
1
881
6
50
1
173
747
21
17
153
297
1
11
44
211
7
5
179
11
43
1
994
48
4
2
292
73
157
29
802
11
75
104
466
13
376
17
130
10
1105
2
11
1
1
81
3
929
348
11
1
10
1
4
2
5
1
12
146
2
44
499
1
71
4
162
11
3
1345
40
1418
70
177
378
104
374
235
3
2
1641
503
56
130
1611
29
1270
2
1
101
88
20
468
1661
789
24
2
35
801
100
414
16
7
15
22
61
678
262
157
163
3
14
1816
22
20
90
13
23
2
122
54
480
1
17
2
15
1499
984
1
3
429
8
32
1
6
1
1863
1094
31
25
531
10
2
823
2
45
1
86
16
1
1196
1386
659
178
1
131
6
10
3
25
95
1
1115
38
3
71
1066
1
1
33
1
1
222
134
89
4
28
16
1
533
24
202
1242
12
264
21
12
6
47
1
48
481
18
103
2
1
1865
2
219
1
320
268
4
797
1
16
954
8
1
210
17
15
134
2
182
912
15
21
1
29
6
1
16
481
75
1264
252
921
3
110
337
4
1
495
60
1144
28
84
3
13
30
262
13
2
1427
18
91
6
1
302
1102
404
3
44
1
79
4
299
1
30
1
14
1
12
4
579
11
74
2
83
82
190
51
1
336
1
418
65
421
8
165
242
947
6
154
2
1
91
60
136
450
686
10
30
191
10
815
39
913
50
252
11
174
1602
610
32
8
911
7
4
785
80
18
1
163
1
567
12
581
41
5
50
269
8
1
18
1593
847
3
44
49
10
25
1
1134
6
9
1
24
12
10
70
2
259
4
1635
6
466
3
284
709
4
1
1878
2
1
83
1519
3
73
3
5
12
9
247
50
1
2
311
1272
530
1
10
2
618
69
37
54
1
265
26
1
23
591
160
1
80
638
225
1691
1932
150
849
1
101
32
16
6
49
18
3
759
1
175
138
7
3
38
114
122
182
21
10
1
12
156
23
2
147
1377
20
1
29
396
153
5
29
1679
1
6
27
173
287
1
552
10
68
103
8
1
2
8
781
272
7
1430
52
127
26
55
145
13
16
55
142
1
271
7
73
1
177
2
129
1862
19
470
258
57
126
3
4
330
213
597
259
10
1
37
265
3
1608
200
96
9
4
288
1
5
1128
222
37
32
1156
1636
1
778
48
1
1146
904
497
33
1
54
38
539
202
25
1
20
1
53
1728
20
8
7
4
1
1
1774
13
38
655
37
1566
333
137
525
1062
412
8
6
748
1
160
1
96
42
1415
1
7
304
455
30
205
2
1
18
130
980
1442
1236
4
683
431
132
697
48
42
22
1413
4
24
2
1329
158
1
4
1
1444
220
3
9
1
963
46
16
96
51
8
3
1672
1
13
452
2
161
9
1
3
95
126
90
9
155
600
10
128
1
345
4
1
10
725
1770
247
815
64
30
552
1
37
1
2
5
47
2
43
7
13
192
16
20
124
52
7
3
9
1050
42
1
911
1
37
4
182
84
204
2
3
27
37
7
2
40
266
100
2
1
2
3
205
909
19
1
1
472
331
962
39
21
44
45
330
94
7
1
1
4
809
3
11
942
9
62
1074
768
2
44
687
217
1
77
2
7
309
25
3
1
494
2
7
414
977
15
9
1
1496
866
1
13
70
87
3
1
8
502
437
375
20
8
3
12
91
53
1
13
1
1445
9
10
67
11
308
222
830
111
53
1463
1248
1914
23
1
21
169
37
47
312
261
6
8
1
21
658
4
30
3
13
23
1
3
95
6
157
4
260
27
1444
92
1559
146
3
277
555
56
81
810
203
24
10
57
1
342
15
872
51
6
261
1487
8
1042
3
10
6
18
3
1
18
698
63
1318
145
10
7
8
50
1
62
3
3
348
1921
48
37
10
203
6
875
4
331
2
1164
3
6
3
6
12
34
1991
226
1704
5
2
4
3
48
129
1
23
398
26
961
1461
121
61
619
17
1
17
6
468
682
8
141
153
371
111
797
1
310
33
966
66
1
1
8
90
23
1
130
7
10
49
586
25
56
130
5
1326
2
2
9
24
82
492
9
1
23
25
1
1
140
12
4
28
1
7
304
670
1493
8
33
49
115
2
12
6
71
921
43
12
265
379
433
1
1147
1283
12
6
20
1123
51
305
4
1399
28
19
27
21
3
3
129
326
262
5
1892
1
7
87
1
1
29
1
55
260
3
13
2
1
1805
1791
293
24
10
1627
398
1135
89
3
11
70
20
1
460
1086
56
1
6
15
2
1257
2
1
50
63
36
6
526
711
8
20
4
727
1
22
5
16
21
1
335
278
24
1
27
926
1
541
418
751
3
410
62
3
1719
30
1502
7
195
27
35
23
4
1333
174
4
8
6
202
10
241
27
2
194
92
34
37
316
1
1
6
1331
15
119
54
30
1572
57
442
9
32
10
947
16
42
74
180
80
443
459
1
130
18
998
10
1
79
64
980
25
1017
1578
1
726
45
504
22
12
7
4
70
2
3
134
5
10
20
23
95
4
1072
231
22
42
1
79
8
1273
52
12
4
1364
1781
2
14
43
250
73
273
367
125
16
567
384
7
1
12
95
3
16
1
5
440
2
16
44
50
420
86
197
11
117
1
535
2
7
48
9
412
31
2
7
3
1286
3
858
4
15
374
1239
3
111
33
494
11
148
57
2
76
37
189
2
1022
39
379
23
15
1
1
3
2
19
9
431
44
298
26
292
1
38
1112
24
349
78
378
26
1
3
38
1282
1943
4
848
149
7
4
3
1
2
1343
80
3
10
14
13
36
3
601
92
5
1
1
48
1
279
97
75
372
170
451
1
1
2
10
62
39
18
6
509
75
1111
366
288
660
25
1
120
81
1054
8
1
33
9
856
29
3
161
17
1
1
2
2
17
768
1
13
1
333
1
75
74
7
5
2
288
176
125
34
73
1
3
20
595
37
1
1
30
1876
745
1113
2
29
88
37
16
178
251
71
1966
1143
1
21
272
2
1588
60
105
10
891
1632
14
8
522
1
5
1027
689
8
1
841
1043
1507
1
17
97
13
10
3
319
1737
453
6
431
22
9
121
82
1
3
9
4
155
61
318
8
280
242
86
1
148
35
13
1
10
297
17
610
18
1
1243
96
340
168
370
4
296
1
1898
8
622
9
1
254
13
4
699
1621
5
1
339
93
10
192
111
206
11
1
17
388
28
24
134
1537
139
254
12
705
731
717
13
1
10
56
2
1
15
1791
1
15
18
442
1
240
7
7
390
299
116
18
61
1
811
27
6
1
7
1
29
1513
3
1
6
832
1
95
1
3
8
6
225
6
16
385
47
57
764
8
146
1515
106
619
656
56
1
13
485
73
25
89
1377
1
138
490
611
28
2
33
897
2
480
131
13
1
52
4
1404
22
20
2
100
524
500
640
16
239
573
471
318
16
27
12
24
5
123
1
1679
154
728
3
604
11
1
121
924
246
4
2
10
1147
302
1
1075
627
99
530
355
4
207
26
814
7
621
1990
2
46
9
1
3
7
734
719
20
26
6
838
486
1
25
6
989
13
181
754
235
818
1
92
1758
28
22
23
3
8
3
11
105
238
522
1
574
1
1085
2
24
770
1
10
99
2
440
538
70
1775
1
1
71
961
444
72
7
111
289
842
284
6
8
57
550
2
1
18
2
1
60
357
2
204
562
496
1527
8
29
5
12
357
1
4
24
1
566
1398
4
31
101
84
3
8
176
34
291
489
159
1505
3
2
91
56
455
22
69
142
80
588
996
54
9
7
15
38
143
2
386
107
43
26
2
143
5
20
7
3
1
5
1174
24
13
1
190
2
1
44
465
130
700
30
56
1506
117
302
2
20
1
10
14
2
1084
3
10
102
1
2
3
40
274
1
68
1298
33
3
78
114
1964
23
1
8
91
2
2
35
52
6
430
207
1724
17
4
189
1
244
74
3
40
72
19
31
501
49
10
7
4
1426
8
12
1
10
19
17
297
35
103
7
3
2
1
141
6
15
388
190
17
4
68
4
1
2
3
1699
1
270
3
102
85
1821
12
163
385
6
228
15
328
573
1
168
2
2
52
545
333
92
65
2
43
32
34
11
2
2
693
1
1094
1
20
57
27
2
10
3
64
1
14
1
1020
1513
141
2
17
3
25
1301
1056
1
27
350
862
1
494
4
38
1
11
915
30
3
9
256
1656
1
6
186
20
1277
70
197
891
870
1
17
648
9
800
2
1338
800
146
3
502
1
167
432
12
37
1
1023
3
850
4
466
1432
3
3
129
956
1526
30
73
24
292
11
3
495
36
1
842
905
19
1424
1771
1362
27
3
229
147
731
1116
2
15
1787
881
5
1
90
5
2
859
85
25
11
6
70
2
1
59
5
4
121
216
449
36
6
101
19
15
61
49
2
337
3
30
5
1
311
266
1375
46
27
21
44
423
36
17
1
1
1
71
1
132
21
54
8
4
10
9
1377
2
4
238
1981
148
1162
1668
46
137
4
2
20
464
1467
293
11
27
436
613
451
61
6
4
2
8
653
77
20
885
611
1735
36
37
2
132
7
245
2
2
3
45
1634
4
159
17
567
7
338
4
1694
1309
48
13
1
1912
10
9
1
9
1346
1
471
35
3
1130
1
281
325
33
299
16
4
53
2
4
1
17
270
2
1
44
114
138
28
885
218
79
2
7
12
1252
1607
1
1
6
25
195
59
43
380
14
1089
3
4
653
1708
3
1628
68
3
107
343
2
30
1
1535
745
6
37
442
7
1800
88
41
1
27
3
116
434
36
101
271
1
16
20
57
1073
2
1
1125
230
489
1825
143
114
362
8
857
254
232
4
2
13
497
1606
1
62
3
1
15
14
17
15
24
2
1
943
7
26
269
1
17
118
516
1
24
10
1
1
1082
141
433
3
5
278
249
1
894
966
2
7
123
15
2
1
31
111
247
1
364
1237
76
13
12
1500
1
20
156
38
18
481
1
2
183
2
70
96
14
1021
1
1
10
41
12
2
19
8
10
68
903
28
1007
487
12
23
1768
21
653
590
189
132
128
185
1028
178
1
24
22
162
25
11
49
122
1
106
6
15
4
26
1
1820
1228
1627
1
92
15
105
6
25
1
878
11
4
525
15
21
1547
374
8
1451
1
1
1
34
1
120
10
188
40
267
493
87
208
84
1271
175
1268
3
406
291
1026
619
1013
3
4
101
15
24
1
291
1
155
5
15
77
278
17
3
14
203
565
1
1
98
1
251
143
887
1353
1
102
489
10
35
4
1
639
1
879
28
32
12
51
60
27
1
15
452
64
2
573
463
1782
417
623
1037
22
3
1
3
2
43
69
396
4
3
293
290
1
2
202
6
69
1
946
427
216
1
186
2
1
3
2
176
642
2
105
233
121
604
609
1002
1
12
24
1148
327
1905
180
3
295
244
1050
2
420
67
15
52
257
9
609
5
330
2
1
811
15
531
21
359
62
2
112
8
75
6
5
1
562
418
1
730
11
5
2
47
244
756
2
59
1984
8
1082
120
17
39
131
10
3
848
1102
612
368
1
50
20
871
4
28
24
61
102
153
58
10
3
4
4
108
633
62
352
1
9
274
2
11
112
2
37
775
33
1
1945
39
338
5
151
1296
113
27
132
11
40
12
5
2
1269
998
16
487
8
42
487
1
10
5
3
1047
11
8
2
17
4
25
211
180
146
5
2
26
2
1
997
16
126
8
1223
42
6
430
30
14
2
39
53
41
235
21
67
45
3
37
488
1
17
31
342
307
8
31
2
5
10
3
1113
165
427
160
3
13
631
2
1171
547
66
82
307
1
1383
1006
16
41
125
133
1119
41
1
86
633
165
3
1
7
430
1755
66
13
126
1
1
620
38
1459
368
3
849
508
97
1
375
12
98
78
152
3
546
7
1971
11
13
316
5
4
1
89
1
4
99
1402
1
5
2
108
5
1
1627
45
1366
14
1
113
9
1
22
89
89
136
2
16
19
6
98
5
109
8
779
1105
103
3
1243
39
7
1172
271
1
137
113
1
1
268
626
13
1
479
42
4
2
1
1535
663
27
2
294
6
354
1
229
262
3
3
47
7
11
11
42
4
29
8
140
1
1
130
10
1
157
1
177
15
436
15
295
7
453
3
13
91
255
767
1
27
1
1038
41
72
6
35
581
1454
8
6
193
24
124
60
1368
2
351
1746
2
596
124
5
21
5
452
1351
14
1
212
1149
72
8
26
113
32
2
5
2
10
4
4
48
48
12
37
1
12
99
12
84
257
20
155
37
287
4
3
332
7
1
7
1
1
10
827
141
13
7
59
42
252
1307
26
2
5
831
114
1646
38
12
9
14
3
12
64
837
10
1
504
4
671
414
153
35
700
1033
2
1
4
781
1
23
2
8
84
31
12
1
1
126
25
16
2
1
2
29
544
5
126
13
1
23
1
6
831
928
20
2
370
49
5
476
3
547
22
325
8
19
1
39
71
28
1354
329
1
812
108
136
17
3
25
105
1
82
54
1
2
1473
1
29
239
10
110
1
622
15
20
1
43
14
411
15
14
77
9
5
94
110
6
15
1427
6
213
6
108
3
75
2
1
74
12
1
110
1118
151
894
54
149
21
26
117
30
32
1
390
187
5
1
116
194
2
12
333
16
1
15
1
1256
10
121
956
1
558
2
1423
4
4
310
2
1
1717
588
161
2
71
42
16
1
197
2
420
28
561
7
40
89
5
1737
1
1739
712
24
2
1
583
2
18
234
2
284
12
53
1
62
1
702
17
51
2
57
16
241
928
1581
1
27
83
6
845
3
290
37
2
14
3
4
906
1
378
266
242
2
1
1
1
84
2
1026
290
106
813
918
4
275
4
1155
54
1
1
29
55
1
9
551
65
1882
2
10
1
3
4
2
21
77
72
16
1
128
193
1400
31
1341
296
6
9
10
284
2
8
13
7
481
1
147
135
19
20
380
10
1
12
15
167
1
285
113
1502
1
141
1
45
1
723
184
220
1
1
3
228
110
18
361
4
183
260
5
2
2
1
1
58
9
5
29
1
147
193
7
2
1409
1
2
23
91
168
1510
48
1166
1
1
1
277
31
10
12
247
1318
5
407
24
6
74
3
5
40
323
171
10
1
50
1
14
244
3
558
234
1396
1329
482
6
1816
381
23
102
8
164
39
6
1
63
908
102
436
17
1019
108
56
1
2
33
781
1
1
2
1
696
2
18
364
4
18
4
22
769
3
8
4
8
445
3
21
10
18
957
39
836
1047
121
18
2
182
971
96
151
1
123
1
1403
319
30
815
7
19
1210
13
107
319
1
16
311
648
19
263
39
7
3
5
850
111
548
1
132
1572
16
12
651
9
530
1
1
5
532
191
46
15
70
178
98
11
92
159
826
1797
16
11
1
108
1969
747
86
5
1565
2
386
10
1241
774
430
8
375
106
1
27
163
1
145
1
7
2
459
15
56
5
32
20
1
66
7
118
3
10
6
2
806
576
1
18
6
4
11
1
89
396
1
1
1010
8
1
223
1048
25
1911
420
847
2
27
3
2
90
7
10
312
38
781
1682
529
2
607
3
25
1
905
17
548
21
1
1
20
471
3
118
2
1745
20
4
1263
67
1
6
23
1
316
172
93
13
1
116
16
1
1850
1
4
1
1031
1
1
2
191
1462
4
17
32
17
19
1
1
27
4
6
6
1054
35
157
339
7
13
2
114
9
59
1
4
20
1
275
1
240
499
491
11
2
1
272
86
7
2
5
6
1016
127
800
1
2
26
2
670
1173
4
10
72
17
122
1287
109
100
1885
30
11
1367
7
120
4
283
13
1
7
1
72
16
1968
7
1155
45
82
6
6
109
15
12
1
409
4
901
3
18
1
58
594
118
66
4
1935
1439
2
213
690
689
176
13
6
22
27
182
10
18
731
343
426
1
8
28
1140
25
2
14
410
3
2
85
3
2
82
130
19
445
422
1
30
1120
266
4
119
331
3
1
1
29
29
4
8
2
4
249
609
3
9
364
15
907
775
274
1159
2
9
1402
3
89
10
5
4
43
198
6
341
2
18
1156
91
107
619
204
1727
97
7
22
32
3
1683
3
1
276
161
33
2
6
4
1369
38
183
1
758
204
249
1405
6
67
11
1
23
1276
29
27
3
1550
24
46
475
1570
269
1815
42
60
1818
8
12
1340
12
23
294
38
102
603
2
1
272
27
23
209
23
402
98
222
1917
48
102
33
1044
5
1
1
182
236
8
1
484
57
1
3
654
11
1
2
68
1200
3
2
1336
396
1458
158
1
238
813
14
2
1288
1
4
203
1294
1
2
1489
205
1
2
1877
364
1
47
96
464
21
1
327
176
25
121
3
4
1429
192
32
1059
158
1856
1086
17
8
1
6
4
705
2
276
43
683
4
1756
184
2
1344
48
352
312
38
16
5
451
84
2
830
1085
161
1134
1
2
7
3
4
11
245
31
1468
10
3
27
2
183
1
1
8
1
228
347
104
52
3
75
1538
8
646
1
40
6
497
70
16
1
42
169
40
212
183
733
2
2
51
1
1
22
1
8
2
21
11
6
4
1295
40
12
1129
3
104
241
402
176
2
19
2
2
126
18
6
403
145
1
2
327
1
35
946
1498
1
144
94
844
8
56
115
3
3
42
594
486
164
1
44
2
335
56
305
2
310
59
4
921
7
426
1
10
620
98
24
5
1401
32
1963
351
276
973
1
1
5
22
3
6
47
1
34
24
1584
159
448
21
109
582
1
38
1
17
44
135
20
123
21
72
63
108
1
38
18
320
9
129
503
5
272
35
2
2
1
4
180
5
1432
6
36
357
74
1498
6
5
3
1
1378
588
18
1
4
25
691
17
534
1545
1973
1296
1911
92
9
1972
994
36
1
26
2
967
232
11
28
1034
156
1
858
15
3
1
241
9
46
311
81
100
7
13
305
196
22
10
10
3
8
67
1100
941
1300
3
12
1
1
5
12
3
168
1527
1
2
12
1182
3
795
2
656
2
114
3
1900
2
1
4
7
4
338
812
7
123
211
9
209
2
298
1
4
2
303
48
542
5
2
15
161
56
2
111
105
628
2
3
1100
4
2
284
2
73
606
12
315
1427
213
45
21
77
30
1913
38
1108
1
3
4
2
2
2
4
1608
12
1569
87
51
12
6
1548
1
10
63
1160
177
365
210
1570
26
23
38
168
12
1744
1
12
8
3
3
11
37
125
8
403
245
17
13
85
1
166
97
22
80
3
13
2
178
8
1
15
61
1
353
2
2
17
5
200
1886
3
1
304
29
34
89
331
1
264
10
306
2
481
55
1
7
56
133
1
2
1
292
8
1
4
115
274
3
1
2
1
642
403
24
3
13
644
1
17
190
14
998
7
171
138
21
668
166
13
190
415
10
1504
1
3
44
974
584
1
38
8
98
1354
3
1
2
212
156
1827
82
3
748
89
85
21
406
10
712
2
2
2
48
319
64
75
109
301
1
509
7
6
1
11
259
7
47
244
1394
276
665
671
1
1
72
230
3
176
4
445
1075
10
40
1155
1
211
641
23
9
2
126
980
120
114
134
99
678
783
1
439
2
6
96
7
6
211
1
72
4
5
2
833
1659
28
17
1
27
224
1062
157
12
307
59
33
1
5
1
1
1703
6
1
746
968
2
9
3
592
4
17
13
30
1
58
2
6
2
1849
862
70
3
13
7
1
11
874
512
2
109
52
578
2
47
127
49
25
314
5
1
1145
99
789
1
133
28
255
22
257
3
2
14
848
1465
281
42
4
77
1
38
5
1533
203
63
74
18
296
167
270
170
203
4
256
161
346
1
21
13
180
1
64
4
857
8
147
1374
11
2
16
1
228
3
14
20
3
12
54
760
74
9
1
313
173
1
1750
393
7
5
22
1
1787
12
647
45
897
1089
440
13
1
346
437
154
1
5
193
889
182
9
46
2
3
21
26
1
162
14
134
26
972
663
2
1
122
17
14
347
47
913
2
1
1
44
35
1797
137
75
1025
919
164
5
293
790
357
78
1
478
3
84
9
86
79
56
614
10
608
16
610
11
29
46
1088
143
47
12
1986
35
2
292
114
376
1
153
21
1
2
2
18
1270
32
530
2
15
141
1891
2
1
1
88
15
31
27
124
1854
452
125
1
1
1
87
2
1
1
56
323
20
553
2
1081
112
354
19
1
6
2
122
11
3
78
833
23
2
146
1708
172
1181
18
354
88
251
2
12
109
100
1
1
77
17
1731
290
106
331
127
252
268
541
1
1
28
75
1
25
30
15
2
512
8
3
10
48
107
10
8
365
1344
346
356
11
1996
1522
1
808
79
66
70
8
2
1
914
91
201
1
1363
1
16
75
5
3
13
28
1
1798
347
949
382
614
161
7
852
291
7
1950
178
8
150
56
496
1
24
210
415
133
765
1
405
1065
1932
620
5
68
1
273
28
14
383
2
24
186
1
50
1
1
14
691
1
1
6
1
1
847
65
14
125
53
1
1569
86
1
442
1
67
241
853
53
2
381
653
42
203
9
344
6
7
1
2
3
10
17
706
40
377
15
41
143
31
52
572
1
310
5
369
45
629
17
294
30
203
1
4
5
975
11
1
1
54
32
250
90
4
1580
17
464
1239
108
14
334
12
9
361
421
1
50
3
44
17
1312
459
18
354
1100
65
1961
256
13
63
55
23
3
264
263
3
275
4
1333
50
89
2
910
60
345
167
555
215
112
4
11
1
487
1207
8
6
388
1
563
159
129
16
42
13
11
5
414
1
492
10
8
638
40
35
278
196
557
92
10
9
4
1
1109
230
28
4
2
1497
1
1606
1323
49
2
154
391
22
349
1587
10
88
911
218
25
176
103
23
771
85
2
8
1
25
10
55
34
43
3
236
8
4
574
784
74
147
48
12
2
157
375
918
203
174
31
765
794
10
518
8
3
10
1
104
887
13
58
424
1
48
482
69
1
1
5
1
1929
1654
50
595
1815
2
232
1039
9
7
448
184
216
6
4
34
4
164
97
35
86
934
13
2
42
60
173
1282
6
100
403
14
62
5
335
238
8
5
582
19
14
1
17
10
3
73
23
4
498
1
238
105
31
69
5
3
1311
476
3
15
8
10
31
295
881
1363
385
1
7
2
390
58
7
89
1
10
86
557
8
1888
9
169
21
30
66
1587
44
116
227
2
2
147
1
2
135
27
841
1
237
4
90
1692
100
7
43
142
9
2
1
22
1
1
432
116
1370
27
6
1
1
80
3
1
10
81
226
6
120
4
4
17
4
187
1
5
7
86
3
15
1
7
1
46
2
21
5
63
1813
8
37
56
