5
1973
1882
2
299
830
65
357
456
31
2320
338
20
1979
129
14
66
1500
2714
1296
29
631
1619
1527
891
2080
1184
1386
29
1276
289
686
366
447
757
906
2137
1151
1616
518
2191
28
2886
1790
2567
528
7
1027
968
610
122
1319
2923
350
43
558
449
532
835
927
2732
655
140
1340
1242
853
1284
259
1348
318
1449
2785
2471
2906
1795
1815
711
182
235
989
17
1392
300
611
1408
1
1913
1352
436
1121
133
2565
1
404
52
1022
2662
1668
31
1599
20
4
1223
2897
257
665
2790
1056
2951
182
50
284
1353
2614
2556
1816
499
1460
2540
278
15
173
592
1753
1289
1999
1007
1803
2718
1218
521
813
2719
184
2475
3
174
588
2060
420
433
1210
269
62
2451
258
1698
2981
49
1772
2173
2331
234
1283
2852
183
29
111
1886
191
368
1
2317
2076
1143
39
1087
494
1670
899
1381
1052
2725
2285
1820
352
237
321
2397
508
2586
4
910
2167
1437
2471
2929
113
2266
1086
116
852
1040
281
777
238
530
902
273
540
2509
1377
633
2853
320
2362
135
1645
593
240
266
352
568
35
2849
6
90
95
725
452
1732
105
56
1545
2227
304
2663
111
1827
635
14
854
1185
1281
2219
2459
353
522
2605
111
18
2247
1189
160
42
1669
307
601
562
1668
6
2534
4
31
192
454
1083
4
576
1297
166
629
1662
2408
1779
1097
71
355
2489
1145
2774
444
2745
773
2896
376
2446
181
17
106
183
1831
998
1
299
38
43
1651
1142
570
15
1935
41
336
228
2512
18
1017
16
819
23
74
131
985
874
866
303
886
2563
535
822
1416
511
2811
61
128
378
1621
471
12
527
158
24
183
101
2614
776
2058
153
1
1395
1493
1837
723
59
267
1691
658
471
2228
2349
82
210
130
2968
345
2771
445
253
102
106
1130
2151
13
642
2
1501
56
2862
390
919
1339
242
22
996
1996
1077
971
4
1418
2019
824
470
1012
1158
281
561
966
69
451
784
223
140
479
252
400
1837
595
38
767
39
1822
2620
1575
2990
1644
25
771
366
2881
370
488
1526
76
147
2176
2694
2727
1733
1616
651
39
1861
9
2934
332
1802
2117
728
51
1673
223
1288
1991
1153
144
487
608
14
47
662
77
1171
2
22
80
259
607
1551
55
1081
2420
282
83
169
79
712
2775
2360
748
1908
787
4
2938
588
268
696
78
2637
333
14
2586
824
107
191
185
1025
106
436
2118
1470
1019
422
621
108
2937
675
1742
632
828
2216
414
57
726
77
885
1601
2832
96
2658
196
2369
2199
360
2760
156
201
3
20
2000
1443
2289
967
275
259
2685
553
892
534
29
2987
2442
1019
280
1761
641
961
2150
30
2125
31
1800
517
2232
2361
419
473
1887
2776
329
1422
55
618
2656
1469
757
1201
544
2068
2166
1978
1314
1271
783
1277
184
8
1444
2455
1542
604
2117
2090
2907
1632
910
591
968
889
7
2756
2574
1458
25
1113
43
1426
274
1748
1078
27
2172
209
8
1591
554
62
2564
1250
662
1753
754
2486
539
2727
239
676
2589
400
2513
1732
835
1200
2959
2947
2177
1828
494
1786
838
2162
796
677
728
216
6
2784
2211
2179
350
624
1567
1674
1439
1988
1538
2057
1121
26
58
164
60
2743
692
568
1486
10
117
2868
2378
190
2732
2216
1007
1158
965
35
2224
437
135
1574
2479
142
2588
2577
1266
865
240
5
1454
451
408
2903
35
892
1108
1122
22
724
2985
2945
1304
2368
138
296
221
126
339
3
2291
1260
127
130
154
1579
1647
1806
167
12
25
1985
344
2538
102
7
990
120
22
110
482
1620
1
1494
1483
96
808
668
2714
692
2671
1155
2648
737
353
523
23
352
1488
158
497
487
1471
2319
1763
402
213
1042
1676
2154
2173
2708
279
562
511
1283
1569
1819
1540
1261
1730
2042
2384
2371
2677
1654
107
87
2780
952
1866
531
387
2836
99
2438
391
687
274
1538
570
1210
141
737
348
270
11
1320
630
20
1
1581
963
123
111
1793
53
2345
483
18
1891
2942
2826
29
2089
166
39
263
2951
1294
124
10
1961
58
1647
34
1738
22
2614
281
1073
1298
1238
38
2165
237
1787
3
487
489
132
778
172
1320
186
2615
480
370
1017
36
1017
353
644
1724
500
525
34
2
1874
2213
103
553
2053
19
1344
495
2598
152
1760
2873
1984
1960
2392
292
310
1811
109
879
2097
2759
180
505
2276
1137
44
158
72
7
687
7
1842
12
504
2734
25
426
1
57
29
1126
59
1511
196
1
15
2294
2769
1092
781
20
295
956
216
1549
37
624
2937
156
1250
443
535
1569
140
1688
867
2049
3
459
502
8
86
2960
77
632
106
971
323
291
38
919
433
86
2444
362
1371
18
110
1101
2361
2372
500
2638
3
1459
1404
1113
1461
1144
2541
427
283
2724
1442
2620
1523
2046
1360
8
876
329
58
7
1449
68
1462
1181
32
1108
113
2676
625
2063
2510
968
365
1976
512
1469
1170
377
796
2273
1747
304
954
936
132
1941
1630
1067
2085
1153
2020
17
2027
424
2372
323
640
106
594
144
7
6
583
1556
31
2485
12
2939
2271
2622
453
5
2604
196
715
695
2116
69
2784
2345
2457
1186
1
157
356
499
2695
378
33
1433
286
947
325
177
652
833
132
2941
2596
1256
1386
598
702
61
2087
466
1448
1448
913
1704
728
2854
165
508
7
1162
30
1463
2477
190
32
2483
685
615
2724
2532
1372
925
109
1
249
2605
1561
1895
1494
343
2045
281
2103
345
537
597
829
21
11
23
1
64
2347
167
725
171
2029
8
238
1537
2781
21
1007
2315
760
502
2495
1387
194
44
2073
220
633
151
2704
1
282
331
45
2273
2946
738
45
164
205
2089
2124
577
742
1334
63
1841
372
376
1679
837
558
1985
1251
2443
658
436
482
1899
2335
592
2711
2721
12
57
2333
1140
2610
101
34
43
1127
1935
24
1158
2272
1279
185
683
46
121
2863
989
1618
275
1885
782
363
1787
2208
2387
2374
2
2604
2263
30
803
18
961
2798
1345
653
63
1457
2393
792
332
273
1140
50
1380
1825
310
1639
1021
2184
197
136
1948
2076
1761
1046
2793
1055
205
289
513
1809
1784
475
1124
52
1269
110
164
12
2730
1847
1221
1283
1154
18
449
99
11
291
1296
399
1542
1177
740
293
886
1394
161
730
1898
1989
97
2289
2882
2140
274
361
2138
1132
319
1077
2557
265
1624
5
313
304
1663
2235
118
169
1233
2277
1489
7
932
2371
843
1089
600
2679
2980
2722
821
216
937
1420
37
108
2236
1074
2954
24
2851
1298
2023
2559
301
370
1212
754
2554
523
345
228
2240
799
6
2160
12
2057
2
208
36
2873
283
66
968
196
1765
2724
1094
157
991
443
1648
1990
953
94
4
524
18
60
2079
206
721
248
310
1406
1559
277
31
917
1902
146
688
2740
223
2062
2592
169
676
2680
385
1997
1439
1831
378
41
747
686
2
78
1
1880
479
293
106
37
1848
39
12
10
613
798
130
1581
1055
1917
161
243
968
295
643
796
642
193
2287
40
50
2543
2147
2396
9
41
123
936
1848
508
52
826
1755
27
2887
1917
2837
316
10
2429
2596
604
404
253
477
354
495
1909
38
70
2821
2996
105
6
2640
737
97
824
547
453
1662
1828
2028
993
63
450
962
240
2591
2944
652
205
175
433
779
1231
1850
1924
728
2353
156
1335
2775
297
199
521
1131
150
43
226
1821
656
47
1813
33
59
1557
924
214
667
26
14
8
2
347
104
2345
786
2125
691
784
313
107
74
1581
325
141
402
125
2046
16
165
2693
19
513
2603
1764
3
1
2544
39
1738
2961
784
394
1536
548
2896
46
689
1799
2507
2146
1142
500
22
1812
2724
659
838
1833
2076
208
2023
18
933
407
417
1112
1529
239
987
39
2
293
1683
70
22
872
145
1845
2397
22
230
683
989
2049
574
1019
2375
206
474
98
616
979
2345
106
9
2195
170
2327
319
668
339
2389
151
579
98
13
221
2629
192
2487
141
1572
284
866
313
1537
47
1258
1027
2589
999
357
1582
254
7
822
201
649
2436
912
35
2237
244
68
113
180
1120
1225
11
579
493
2582
215
544
127
350
1222
1580
1941
37
375
1139
2959
794
59
617
9
1866
584
2867
142
39
118
1159
81
17
2627
1601
2688
1468
23
33
4
1408
12
212
2614
892
458
219
1877
37
650
97
2468
568
1927
58
19
100
275
1210
1976
2
1553
9
1436
2917
853
2854
368
749
1502
621
2849
60
1705
1562
1256
2567
112
368
104
488
201
66
547
981
61
2592
1430
2123
1383
1213
2761
2730
1180
1767
2725
986
2987
92
500
1894
1
1901
214
6
1501
2078
1
210
835
2158
1074
14
287
1770
1549
346
267
1789
2352
317
372
864
353
1626
137
624
379
1206
273
10
989
890
29
290
2451
703
1895
184
1062
1140
1881
1227
426
873
189
229
557
38
451
1275
1000
1808
396
2297
384
133
524
2644
186
2061
945
164
2803
867
2151
1186
893
985
957
140
705
255
650
2392
337
2030
31
890
1791
1882
81
2780
241
543
148
2444
37
2797
217
1020
449
385
2594
497
2071
219
9
474
2525
1821
1235
1422
1037
121
1381
1421
258
441
1259
397
132
1659
2240
1511
247
2156
1
2857
88
858
973
536
1138
651
2740
27
491
33
358
239
2883
182
326
1451
18
803
765
48
1002
1602
716
2240
1163
2869
325
2614
3
819
285
626
611
1296
358
85
1069
1391
1943
143
399
1321
1835
675
761
796
2089
610
784
649
258
27
1183
1235
464
1730
2683
528
2427
2392
1709
587
1494
179
1868
689
283
359
2968
1120
28
731
2867
1927
272
43
233
23
151
33
2887
2730
2232
299
843
1
1391
113
2567
188
1507
95
570
5
222
41
997
930
243
1858
1179
541
1052
179
1286
2384
1962
6
1005
1605
812
448
1664
1885
108
221
261
180
123
1812
1626
21
1316
37
85
1
404
553
804
2009
686
1001
13
2367
1097
2593
444
2302
868
2282
1459
2137
150
2461
454
2263
1730
162
552
714
255
2055
10
1818
2989
2701
1233
932
3
77
2662
2321
76
2802
298
642
160
533
2
480
1579
1638
428
25
1006
66
1213
25
1632
1344
2385
899
282
136
2479
1708
1525
1904
2
566
213
135
781
37
293
634
2819
845
1268
628
357
166
243
1653
547
5
1117
154
1732
26
220
388
781
485
819
1527
978
62
37
108
1462
398
388
1978
901
9
238
1963
311
210
2179
1368
81
28
2125
22
1660
935
636
32
33
1362
288
14
320
1362
402
1197
233
1456
234
1831
2471
1
1064
636
144
2894
2374
11
603
1560
1559
29
200
387
8
18
1181
11
601
79
1661
795
1100
679
421
155
33
84
530
2113
697
1426
1780
2694
706
1531
2079
420
30
1467
254
433
781
148
17
363
43
1324
1820
225
2543
2447
2902
11
314
2435
22
1154
2420
429
290
2147
383
258
2156
672
525
87
1551
566
830
71
501
157
535
599
559
2136
33
185
716
738
2226
29
125
943
29
511
1856
810
887
1
1541
745
289
2213
692
51
2057
1107
110
1121
363
1128
105
98
2459
1591
1211
375
84
856
10
367
1801
2175
1543
1494
2647
42
899
555
181
767
28
8
813
897
1238
2584
2285
2892
105
518
167
37
19
107
31
2381
1
2
597
677
2386
1042
884
35
302
21
23
1889
748
525
474
387
136
250
1426
1255
514
2929
1257
2949
573
279
213
2957
1456
319
130
2446
786
1011
100
2087
2342
2211
78
152
97
615
799
1
1040
282
1566
291
1303
146
2598
1672
1
227
1054
640
458
926
186
1379
297
716
110
2754
2112
2718
363
1475
1
426
179
2715
186
196
192
589
1383
1055
4
278
1584
1933
1466
2344
2460
1268
2262
2967
587
297
965
2476
2
2614
2068
132
8
1565
258
22
756
2931
562
1531
1499
1043
1158
138
966
1065
1682
1710
2410
1872
1260
2878
569
302
87
2626
710
1
2
45
466
1181
70
813
430
64
406
1321
455
1839
264
1577
461
1383
2
18
114
490
1825
1763
376
274
2405
1606
414
578
1579
2
2160
82
1867
1234
187
202
60
2034
279
381
2019
2065
4
250
92
2096
2
340
1853
97
1913
2589
237
5
219
482
243
1914
1809
1700
1691
229
263
2727
358
726
1253
403
1950
1162
139
1921
83
2677
924
116
2039
1623
544
1189
491
1178
427
10
721
187
436
2811
76
198
253
829
1689
62
2261
1898
391
1744
2676
218
66
2805
734
40
135
1097
1024
1822
2672
1111
2397
18
1611
44
2726
337
1770
1349
1292
1090
985
954
150
917
2724
1481
898
3
747
1657
122
1089
354
432
1141
2
955
2206
21
198
1591
1116
1868
87
690
26
16
2583
682
61
38
2688
39
1548
8
2217
747
322
1496
3
1634
53
360
1631
2064
948
1335
653
64
74
2584
2371
2657
1293
1251
49
1238
20
377
163
189
1154
2
21
2860
296
119
841
919
2647
2458
374
237
1512
2025
109
765
1695
506
23
55
2308
1213
469
810
2372
1260
1685
2970
1865
349
291
1
218
2608
866
2036
629
1951
882
663
115
201
200
736
21
188
1555
2135
1887
2004
1574
1
2677
1780
42
500
316
1198
84
2549
2836
52
4
2760
1438
1
1484
1204
991
461
1904
1351
2617
2127
1388
179
2667
2978
1030
23
1315
2072
172
2818
760
2939
14
2175
799
694
2007
1198
1289
1255
34
48
252
2283
782
1990
2019
1006
1581
147
1581
1698
133
2614
2719
1396
1946
3
1042
1359
309
2795
497
1546
1183
1858
607
2383
2351
449
2863
1285
225
157
1329
2946
94
1360
1160
63
49
639
546
561
1378
102
2561
1946
2922
108
235
70
2283
549
2964
1514
104
2347
941
1
894
1017
491
200
1951
1037
22
1932
771
1009
1569
10
197
1080
2493
14
643
156
95
2172
2969
114
1093
934
761
2277
2810
622
602
1661
2360
583
220
1822
2597
2133
2023
1078
383
137
187
400
148
96
14
128
8
2510
157
837
35
1562
489
821
99
880
2056
458
2448
153
43
1217
815
33
368
367
153
2894
517
2479
173
420
2471
122
29
616
879
2283
49
1476
114
87
98
595
406
888
406
49
1051
13
1138
300
1452
317
2206
1451
1166
327
2121
2112
675
2380
298
2103
1527
733
2348
2711
2542
373
1689
137
1286
29
790
11
2184
2954
1926
91
1460
2048
68
1
1958
703
233
2335
1250
1057
2141
1122
711
441
1523
252
2903
1828
689
31
65
544
712
2685
1021
88
71
64
327
386
374
571
1024
57
14
50
2818
8
999
2354
783
1454
82
2288
1079
1691
416
18
911
2073
699
454
5
2362
509
120
18
1802
1061
6
1
212
460
395
1495
2688
319
441
1
297
684
2462
354
1143
2814
936
745
10
994
1296
25
201
1
1800
92
326
6
1613
2549
2812
821
1504
1050
84
746
457
2429
1260
1688
2832
1196
1919
2010
36
232
2076
1603
2438
2337
457
2490
714
140
2292
1086
2406
1550
2233
592
230
431
639
130
1387
985
2919
3
1005
1702
1701
622
13
594
3
90
248
2232
801
1139
1224
1266
2050
1125
538
120
1806
270
1126
1709
5
365
31
343
269
350
3
1145
51
255
120
1736
69
2169
299
2698
415
522
997
995
386
1660
2328
579
149
1
2220
1268
17
18
1599
3
2212
82
1881
61
1548
2124
1119
227
2163
996
679
2741
1099
135
431
87
1
352
300
264
906
1913
1256
691
1160
145
22
2895
431
1316
2905
26
2929
134
303
2972
2478
282
614
487
2533
54
540
1333
368
2089
385
612
692
1900
39
3
361
1172
2997
2627
1966
921
2593
1144
64
806
2403
858
982
1297
1941
422
1957
915
2155
1207
70
2212
291
584
135
498
824
220
48
593
16
559
25
775
1230
2747
2301
612
740
1786
722
611
2546
732
451
36
287
1967
178
1842
1844
332
223
484
82
1776
1386
691
44
654
2771
1614
2273
1
675
1521
116
296
167
2338
395
1194
484
2949
224
859
4
107
16
267
254
327
272
1678
1944
245
857
279
4
25
525
883
359
5
158
2658
2451
28
2193
2506
631
128
2876
1324
870
218
1333
600
2755
2560
1622
908
2545
1
718
373
33
2149
217
335
119
225
65
66
726
2140
380
2346
1241
34
641
65
821
30
1022
1570
2843
819
1666
139
1330
1140
479
92
15
29
881
263
97
31
2699
120
1
163
2502
813
223
191
1828
113
2073
977
404
2804
963
744
474
757
911
676
776
47
2004
2245
2286
1312
551
550
740
392
1
2180
497
1475
1871
1364
2617
2984
1081
72
9
274
59
626
752
2706
587
1348
608
2706
1008
122
42
7
40
1029
2015
639
176
1573
827
53
2101
2999
2383
801
315
799
121
1694
909
24
177
1289
2410
967
2165
1
637
911
2039
2579
381
96
1705
107
545
43
116
1426
1821
91
557
2540
2295
2535
736
2169
644
1023
2118
943
293
3
2490
745
2032
1304
156
2942
536
2406
174
2698
583
19
1275
662
2063
216
2740
1967
1259
1
2775
1477
2598
315
2572
1593
2943
719
2294
47
2982
145
114
586
1207
1
2940
1704
132
1962
53
68
801
1192
2945
475
745
532
29
362
14
1414
627
699
736
7
9
605
2491
2711
65
2632
486
1047
796
2400
1118
117
951
286
71
2499
10
677
166
1376
1334
1319
1033
2624
1908
97
2336
102
68
995
103
134
523
119
2417
1856
677
2399
670
2554
112
9
2767
1966
2487
2043
2918
596
1001
25
935
1660
334
979
424
961
801
1059
1600
719
925
2162
206
283
130
123
931
2374
744
33
273
129
899
413
591
1194
1620
2048
2769
1904
2356
52
517
1585
1393
841
1694
118
1275
22
6
2473
7
1301
1526
80
165
597
23
2469
192
926
1947
1615
1223
922
1965
1301
2381
256
1458
1196
2698
2
741
74
695
489
644
931
581
579
2600
493
201
986
1678
2418
767
2223
2242
786
1545
4
1150
991
525
1789
20
807
199
630
2847
481
33
644
412
187
203
2600
1222
1495
1673
2090
2042
1400
515
228
677
2112
101
1166
26
1709
1602
1596
412
257
207
2888
824
2521
49
103
2596
695
64
652
1616
2353
1866
116
2003
876
1620
1730
1557
1180
2
1317
761
273
693
490
287
311
2049
549
488
4
2763
368
49
680
1546
298
625
57
87
1959
1
2514
1073
2986
2534
236
559
32
4
388
1063
1842
391
1194
168
334
1186
2608
472
939
1608
20
241
1789
350
2108
168
111
2986
2
610
1907
1067
774
1439
2963
2415
154
114
1216
2105
2054
2002
1427
14
2531
1159
170
2223
2917
2577
830
745
1070
2635
1860
681
425
668
152
2318
425
545
4
2067
158
2798
1496
80
1585
114
25
80
1497
9
330
759
289
713
1788
893
1242
1658
1333
2862
261
1478
21
31
2871
2267
829
705
789
313
125
2
2745
241
2782
174
1847
1763
297
850
872
31
607
295
470
180
2
2012
4
44
1204
1498
1830
500
361
372
470
396
479
2447
247
2629
504
575
771
582
480
1917
1715
1457
749
90
2406
1912
2350
1600
977
80
168
2025
2625
113
42
2452
272
150
971
10
2096
1227
922
2
789
985
1178
87
2547
1928
2108
8
190
258
428
23
397
985
100
536
91
5
297
49
260
623
2054
888
350
2075
265
2895
1687
1924
1572
1591
2354
664
1224
1744
38
46
492
138
1967
98
272
420
899
603
1320
2489
5
257
873
1324
594
1127
126
2365
2130
10
548
52
71
4
687
895
139
143
2586
2858
1673
1115
143
1232
2344
11
778
67
30
1819
1111
1085
18
877
2926
1854
575
157
2879
404
93
2020
135
2663
950
328
249
196
2303
1438
2168
120
1566
55
841
21
201
678
1535
1655
2092
924
2596
2453
2045
71
1873
2099
1097
752
1603
1202
2991
636
2662
2357
1148
873
2789
2985
1210
766
55
185
794
891
542
992
669
317
1085
2481
527
1515
1050
27
2806
1127
284
46
1674
410
346
395
2076
1838
1445
156
190
130
2
676
664
1329
869
636
628
569
647
21
218
882
19
605
1300
5
466
1915
161
7
689
875
962
2466
380
51
2961
1165
734
1
2782
185
1588
1249
425
89
1490
313
58
2098
547
337
103
422
2405
2813
209
2247
1660
2116
673
1148
1005
1997
2410
218
2008
757
768
1722
1435
849
1006
192
903
2849
2539
535
272
1101
19
2067
42
38
195
21
327
1215
285
418
968
135
2283
1032
871
1028
119
965
91
316
1512
100
698
16
1453
58
757
62
141
1817
135
222
2480
1594
11
412
7
1096
457
1590
38
2680
1532
1793
366
567
1150
111
261
2
989
1029
263
478
1803
1139
838
717
2441
2680
1258
563
2341
699
839
40
1491
765
313
1288
445
1757
993
86
1884
842
159
2012
2350
1219
1283
128
1402
470
2988
73
181
1791
2877
37
2935
446
1117
1712
938
630
2768
1131
1
64
1393
1153
568
66
1311
633
354
70
1525
118
34
295
36
1015
1001
1335
1284
2029
20
1601
2131
847
2907
2124
1294
2317
2393
2945
2061
1313
1516
2655
229
80
1207
63
4
197
587
2608
556
871
2676
861
188
1749
1583
334
383
1606
2515
1156
601
405
981
1502
1490
1770
234
354
1328
1137
1813
662
1610
2
2756
274
1942
884
340
933
83
63
660
2679
22
836
483
2235
9
1154
773
27
84
564
409
1086
107
75
400
2272
659
10
210
252
2237
2108
107
648
2308
52
913
1
1119
103
101
2737
786
2231
2557
1992
69
659
3
2466
2413
104
126
166
328
567
41
179
1324
123
3000
139
593
2371
2956
96
887
1247
110
2407
64
1169
2427
6
170
497
1494
33
892
66
6
2972
316
2582
439
112
1807
89
61
12
1284
1695
1838
1738
1866
9
2456
1268
153
306
34
278
23
2302
300
72
13
160
325
1207
171
236
1198
637
1773
1061
1214
563
2426
1543
2079
9
2547
2445
859
253
2226
796
42
109
11
420
1228
291
1307
1764
1280
131
138
675
1891
66
2332
1846
1869
780
2105
1387
773
1859
1647
187
1680
292
2189
694
80
2861
208
291
736
1776
700
2872
2271
2668
283
4
712
664
4
331
1906
1940
2
1
1387
138
636
296
202
390
1004
2063
62
735
71
322
78
114
1464
842
24
1505
1957
2032
398
1047
2512
23
2699
422
816
2743
1179
621
1054
394
1751
1866
2389
178
1107
2589
404
562
2054
782
34
33
386
18
356
2
2741
307
64
1154
87
231
2625
23
1637
1196
2660
386
1345
1565
2339
163
1736
419
40
2263
1229
2218
1715
975
33
2160
328
598
2034
522
775
772
262
196
2388
1
2421
174
89
2905
1485
300
2238
2331
1458
665
360
1879
1123
445
508
2449
2
2254
1673
2488
3
17
14
437
1984
2825
1208
2830
368
239
2009
9
2841
1330
2500
181
2447
592
1947
2387
684
449
1966
325
645
653
95
1734
30
2577
158
841
2414
768
434
1691
1700
1063
27
1393
2962
775
1938
2675
749
23
1525
1261
2805
496
467
517
428
1
238
809
135
513
1981
150
2154
74
451
1762
1233
2718
2123
388
632
2016
1411
289
2736
1397
263
2600
2425
759
259
1832
76
1599
26
1804
1836
598
736
10
2959
966
811
2700
2790
55
893
882
2713
1992
1141
3
851
17
636
1121
2290
597
188
946
208
592
578
419
939
2
322
83
484
306
33
1612
1225
2933
1913
2789
51
960
2973
1639
1425
279
1484
910
146
175
6
2118
1155
1840
222
2365
2174
844
105
2537
380
160
1497
2803
1942
1344
64
846
2996
869
188
673
15
1544
498
2666
352
4
1975
559
79
39
85
1411
93
297
2250
635
1455
2446
1523
1422
3
535
812
2388
34
1597
816
504
2
1878
218
1313
2254
2748
1776
595
906
2532
1801
51
2037
401
712
1782
579
2456
1628
828
463
739
1054
1546
99
503
1432
493
1157
796
678
14
717
1998
524
2084
111
2964
2120
1056
871
12
112
26
1535
556
729
570
710
710
1491
2160
35
113
315
2714
2050
1493
29
1551
196
1323
864
965
204
91
292
330
75
163
20
2
9
256
265
163
359
400
2020
505
381
609
1939
930
901
1839
126
817
501
266
43
1743
2340
861
2109
1899
461
2342
903
2051
1297
99
2572
1230
1614
54
1348
505
39
75
302
30
2170
52
845
20
742
1423
1220
1641
2108
210
311
1629
7
793
98
517
999
826
1
372
545
1982
2173
2623
2064
943
2741
299
1264
416
470
928
1134
1444
669
2673
2542
40
381
802
1148
533
2647
8
1935
262
2
2413
1183
165
608
146
27
81
21
500
137
44
2906
1884
32
2780
1196
293
2
476
1223
2626
1093
904
350
9
871
907
566
596
2149
627
317
1886
240
1466
2849
26
952
508
108
2786
109
2217
2073
1098
1447
2
138
731
14
2948
543
1700
37
45
155
652
2
751
58
1183
660
217
1824
2332
837
794
55
293
461
244
58
2389
1146
752
1206
865
1
181
366
1029
2272
117
836
2649
2875
130
347
213
1013
398
267
2922
102
1077
394
1162
17
673
2685
239
1978
18
1818
829
705
1422
470
238
407
1
2
2212
2107
1730
1768
1
169
591
2346
2915
1009
509
476
26
33
626
583
16
382
677
474
1594
1
181
606
20
2323
2021
561
2760
1354
435
2146
1356
1631
2038
42
681
465
187
468
696
2
2518
2
799
2340
1883
1250
282
5
2132
224
707
1208
2503
391
155
1836
637
593
2151
1366
52
2117
1140
100
2307
1033
364
1300
1093
2807
410
2146
24
465
265
850
1672
1556
2918
599
716
499
3
254
1088
1332
2952
48
354
960
9
285
219
508
117
2729
1133
1895
261
234
6
753
2111
171
112
812
114
2150
3
2284
2891
1613
641
502
184
20
2349
624
760
27
40
667
67
2746
2016
3
676
205
2074
580
788
1981
143
481
783
219
74
1957
273
549
1586
1028
359
1088
217
50
184
743
1259
123
763
539
33
2251
910
489
658
134
421
637
31
2339
2159
2435
1751
1954
2737
368
1105
77
2732
2967
23
766
885
474
1453
2973
1999
2816
1956
1122
200
1679
469
152
1084
94
28
21
1507
1938
113
23
107
2235
60
4
186
143
255
401
95
2403
2
48
120
1820
36
37
1810
149
2672
15
2668
2789
2066
198
1192
299
2596
9
41
329
776
995
486
41
566
145
205
226
107
436
573
1693
1309
437
2902
1224
2072
676
260
2236
340
303
434
463
1266
2116
2453
334
141
1807
1159
827
665
2364
147
1515
399
55
2365
1197
406
2384
594
73
16
2432
2127
502
834
1449
659
11
160
100
1171
750
1578
289
1102
34
72
671
739
1226
977
605
641
2843
755
2466
4
51
1973
698
907
475
1518
13
74
929
1746
1572
509
270
742
1381
1995
2240
803
810
154
1166
1570
880
1342
1197
1548
612
2575
1008
547
1131
2297
2
96
137
184
962
2661
356
52
968
173
42
1450
520
296
45
2925
556
2264
170
2775
1557
542
1458
2323
1471
70
9
257
1728
1423
2830
28
2494
313
426
486
373
1396
665
1004
1274
511
2852
197
1
1427
2221
1464
59
2172
117
1641
761
313
189
1434
709
1290
1284
1085
1667
201
806
1462
2
1421
275
707
216
1655
426
1663
1089
397
1654
409
2
699
279
1271
936
1502
1351
2040
622
2129
2235
421
140
47
5
356
52
1161
156
2
421
371
456
63
1417
1152
300
1223
2406
138
1786
92
727
10
193
10
54
374
1418
2
566
1793
678
1040
200
93
686
416
40
827
2008
25
106
2
22
203
2340
2917
291
616
22
392
21
1121
487
355
264
769
504
239
6
148
1065
530
798
576
259
996
1012
467
699
2701
292
491
1346
422
1054
2991
437
36
1191
2113
512
2631
2030
248
1380
443
185
2207
694
1955
322
318
236
18
219
1558
6
772
2203
194
32
56
308
166
14
1449
285
2432
505
50
1713
319
272
165
2252
2771
1098
8
1124
1273
98
69
296
138
187
120
155
823
629
713
1658
1171
1111
2093
1150
303
2014
2502
2316
1895
244
2527
1217
1897
102
87
27
2026
232
417
894
1671
22
1269
8
527
2929
162
189
993
4
342
982
678
2118
36
24
277
512
322
2581
2845
1190
509
492
79
898
356
692
4
1710
1944
1
2922
995
1280
2657
2783
2193
87
363
1369
1753
233
80
387
2044
216
1558
1862
337
895
2
94
2223
454
363
1062
163
1913
1174
1596
2867
1602
2912
731
2354
545
148
2029
116
1204
2737
17
783
2
821
231
221
640
2404
46
1291
552
33
1913
600
1182
1227
193
645
838
1778
14
31
1965
585
685
348
1090
1869
256
13
2237
2255
53
2602
402
2166
1025
2044
1024
509
2890
961
2339
632
309
557
1288
2611
66
290
275
1534
2043
49
48
97
1677
917
1480
1083
2747
2951
1655
2093
1468
552
769
444
473
1446
2201
1714
1379
2825
637
172
2451
307
288
158
220
3
586
2813
2548
2892
2999
770
225
2077
823
1450
282
1976
37
2845
228
17
515
3
479
2684
529
458
1325
2683
115
2137
76
73
189
873
371
292
1056
2
2381
474
780
1155
1825
76
2036
2347
385
1691
37
1519
263
481
2506
60
685
2593
433
61
1663
157
2
501
2192
1862
41
1411
1275
1077
1050
1288
8
318
481
532
295
218
588
1394
377
1887
54
959
1053
1784
2752
1540
18
187
14
1355
14
2737
815
683
45
2419
1659
1346
15
2388
8
1893
265
2477
557
856
350
1195
2433
488
1724
2615
2141
177
2134
3
1699
117
239
86
1095
961
40
187
2109
2466
410
14
2744
182
478
73
2403
891
164
207
496
408
870
2718
1939
286
2349
1525
1826
2396
1720
2228
185
4
2927
2817
67
699
31
518
1398
507
57
182
1467
1752
624
20
88
286
1491
132
1397
13
73
1440
78
7
596
1505
2451
1255
1489
1047
392
1232
799
466
802
734
2069
37
337
59
2519
1288
1744
431
527
321
1526
558
289
37
2982
7
286
1114
756
2040
625
173
1259
733
1482
1337
94
1248
14
618
1218
1136
1260
2176
2367
161
998
55
94
69
845
619
247
84
505
1083
546
2117
1542
484
68
78
2402
427
208
742
1922
34
2678
88
20
1473
109
2873
17
516
233
1095
644
339
2631
22
2957
1460
287
950
135
498
57
1237
702
249
2689
407
1653
26
434
2028
390
17
1182
2
874
993
27
132
145
1643
952
963
827
213
1482
504
1828
667
59
560
160
43
2523
2537
749
298
161
2980
631
1328
2831
513
1860
520
195
2205
2981
259
1
2674
205
77
460
226
2859
551
400
2598
190
1425
207
1877
2350
737
1336
260
382
1678
246
318
2768
35
1894
197
9
2433
581
25
429
1481
917
97
3
2626
1553
434
1657
2251
1806
731
967
115
2918
1035
2124
262
2199
596
1290
1747
386
95
200
1509
367
740
442
86
1577
27
2705
247
2078
1055
41
821
195
1488
2594
912
2667
423
164
66
1610
1193
365
720
304
595
730
84
282
333
921
127
1107
927
2083
99
241
641
2356
1491
1343
960
133
2600
1593
383
2225
1076
163
1222
347
1634
2587
563
954
116
2044
1096
1599
567
102
591
2398
1100
347
1833
1768
475
995
21
1248
92
389
2645
1031
10
1404
747
2884
18
36
19
1210
1437
2084
1465
1289
2753
66
140
708
2286
2908
2
533
2
1708
198
816
2501
48
885
751
20
2725
43
1533
17
374
2790
462
186
745
2920
18
1229
29
1809
2039
1014
143
469
301
1337
254
2225
11
2192
177
1473
211
428
70
143
2987
1266
1527
1402
12
232
165
119
1772
2364
2674
32
688
12
6
1767
220
332
440
36
694
29
230
410
346
109
1610
1542
14
502
331
1351
1572
4
1276
724
933
558
1553
2070
1340
213
2497
37
180
383
584
133
865
2118
1483
390
829
477
2218
668
529
1519
1463
9
2357
2400
4
2118
1377
1083
1242
2150
684
1937
72
2150
5
503
620
1364
1567
918
735
893
159
862
272
2633
1822
43
43
204
1164
2263
226
686
104
512
440
622
967
80
3
405
22
131
1544
248
15
312
1034
43
882
1169
41
443
365
571
197
88
1650
561
5
143
1145
23
1397
1685
2
473
116
2467
2218
2103
1131
2533
581
2511
131
1
2044
631
782
855
2526
263
1921
2879
1407
161
3
979
1203
48
2109
1746
2508
462
913
799
2543
205
37
932
467
1266
239
2048
1
1184
746
2187
1218
1785
2393
1690
1138
2763
2914
133
466
1409
1589
1894
1414
1972
2761
1855
1253
1715
190
1494
1235
2137
1837
2794
1473
12
1194
1391
1558
549
2624
1406
36
33
91
198
730
548
126
2737
1569
229
2985
104
1618
290
5
2807
851
1700
974
311
1468
706
1938
2
2628
1380
1516
464
189
12
1187
2111
536
518
2271
1525
355
640
2254
1058
2
1127
522
766
30
46
2002
48
2865
1271
264
956
1234
143
649
1316
4
93
617
1966
2738
1054
703
316
751
41
141
2040
867
2231
1172
107
678
7
2020
2412
498
52
2468
934
54
2987
2690
95
2874
1269
76
1
560
416
158
160
281
2171
1833
951
382
211
953
1492
2030
2069
12
3
2727
2135
114
2276
2586
1032
813
2851
1926
75
5
102
70
955
3
2053
124
773
1056
1
2790
2650
405
86
2709
2497
99
773
1914
28
151
493
1267
1478
1017
498
1314
110
68
134
92
854
2418
2102
592
628
18
352
1477
192
2248
591
528
2846
1051
37
2616
13
2063
182
591
2081
27
7
111
1198
380
1307
297
187
2554
2636
702
1244
2219
802
748
414
19
102
355
1013
1077
1948
8
2510
1661
10
152
658
144
1192
2802
19
732
524
206
418
541
990
120
420
51
193
1
98
2667
706
8
168
2859
1113
1405
1672
93
94
172
1072
1009
2743
72
96
858
1755
2184
527
409
12
2318
1269
2303
47
1505
61
201
257
1946
82
2049
1178
76
678
691
28
942
290
2349
1631
350
2392
649
1106
1264
99
725
122
204
566
670
2237
177
39
2382
788
56
454
679
1915
553
485
2646
333
606
233
743
2916
43
2534
1510
490
99
1044
98
27
2285
643
2922
1056
1485
860
777
1460
223
2838
83
166
1078
40
422
1532
1497
392
739
1082
984
2606
2826
2378
1368
491
560
2304
257
12
159
1629
1486
36
5
884
1286
342
501
2846
326
2
2232
229
2660
11
1379
5
249
34
756
870
557
2669
1182
1955
2270
1767
360
431
1221
2348
834
1476
66
2400
779
1095
661
2309
680
2113
2952
2850
1
359
446
14
786
2138
1368
316
604
1670
152
580
35
996
187
88
1573
2168
119
1701
2525
2144
2653
2399
1874
315
6
1430
333
2182
1601
42
425
24
2105
669
1210
2477
33
947
11
29
1448
953
1352
2138
6
553
1594
2230
2274
552
564
968
4
463
385
3
1462
533
704
2674
2076
1
15
260
296
1908
2051
614
2112
2839
238
2875
138
1178
2059
1175
329
1280
131
1306
1202
2853
2183
45
5
2015
271
585
1
1570
117
2667
25
2343
83
3
1081
437
11
296
214
933
13
43
1395
1035
67
2658
127
428
1440
801
1168
694
1357
2629
297
139
2505
1821
659
424
409
511
1374
476
261
908
675
189
2637
199
1071
444
2417
2873
902
2070
114
710
649
1147
175
70
2841
2486
1409
437
626
2090
103
1077
2068
1614
136
638
40
2898
1362
2147
1
71
1630
1483
103
2541
2534
31
64
190
2869
1079
404
404
1008
130
1078
1157
6
1754
830
175
1445
1499
1572
1808
565
3
165
19
12
4
2631
154
2403
1307
2484
1326
336
7
551
906
1614
320
987
814
475
688
2466
729
1374
1046
2043
976
1631
2533
72
161
158
207
1012
1376
1948
431
2189
540
459
718
2303
206
1715
7
2566
2978
1828
143
2902
672
2703
328
8
133
1676
395
189
2542
607
2324
215
1
45
1
94
1194
2641
85
146
1251
2664
2436
2763
1260
1314
1587
2114
341
344
316
448
29
2911
2691
2750
1410
53
2488
2980
388
692
913
40
274
267
2026
693
19
647
40
1309
229
2062
1306
40
580
1001
2798
1844
3
1826
299
2835
1336
33
1806
1177
137
1097
1323
1537
6
43
317
39
22
1418
110
289
175
2137
343
684
1256
2201
738
330
42
240
1061
222
13
90
76
1995
91
233
1847
1006
1653
2485
2900
2406
4
1456
1203
863
10
3000
1364
1244
1669
714
1450
35
498
12
1026
513
365
469
516
348
461
371
97
1180
46
99
448
2589
554
1154
996
39
2885
177
60
73
197
11
2412
1370
591
886
6
2
42
2946
2789
1233
642
83
10
1924
2289
1021
1746
1011
138
164
1275
293
1178
54
2865
1889
1336
1945
84
726
1043
14
455
262
47
495
87
2928
38
1003
2015
1628
905
1376
604
5
232
177
807
1659
680
2700
11
380
2898
82
897
515
2474
742
811
738
461
2310
607
1053
2731
3
1759
2260
1991
39
587
1449
339
222
34
208
1
181
752
11
1415
11
1875
650
1725
760
212
45
198
2515
2551
846
20
2552
501
22
659
1
817
306
1344
535
1653
308
945
2503
1474
1707
419
661
1993
206
2120
1768
16
2257
1947
492
1485
2262
2
417
565
891
407
1340
512
2356
1681
1126
629
2510
602
11
43
169
2157
2367
16
12
499
568
496
1311
1055
74
1
459
2011
3
561
45
2489
527
1242
116
2249
648
2723
2363
939
667
1152
996
5
1845
1318
262
959
1475
200
95
485
32
595
787
534
651
958
1828
106
188
881
1
954
1208
739
2615
1
387
624
1353
766
2423
964
1428
470
45
1267
46
105
1503
2729
1508
130
1035
2962
1821
986
22
1845
1003
141
1048
2699
628
15
841
711
1199
843
1904
12
101
238
1705
162
336
1932
1779
2890
1357
1071
143
3
470
1161
2964
24
552
150
2501
922
59
2308
429
2397
126
2208
2011
821
1163
70
247
1040
481
1059
942
70
456
93
11
2861
1392
2745
508
1371
941
2151
11
768
785
1261
212
599
851
2223
186
1823
1135
326
176
2769
47
20
348
245
845
194
879
1601
1110
528
2895
386
415
84
3
237
2137
25
23
239
946
258
62
1177
741
152
516
403
1341
1961
651
2415
167
24
112
82
1923
1417
1799
17
2708
2379
2192
443
25
770
60
1362
59
129
2033
20
1797
1828
269
34
1696
2694
833
169
2085
1213
317
655
1188
151
850
132
768
1893
248
1009
151
1678
24
118
1039
76
1157
82
11
1241
1512
34
2945
791
2016
1427
1590
1274
2956
1208
349
1103
1412
1836
45
1902
1368
762
661
22
390
1017
1882
400
255
758
1060
74
449
1289
699
1797
37
2444
2461
2676
780
483
2966
101
1767
137
205
2012
1799
1
675
1858
2777
2562
1894
741
281
258
632
1925
165
1961
9
1585
1584
2639
761
2641
144
1791
376
1808
608
414
665
12
102
562
69
1344
254
1309
234
21
2664
55
4
611
1490
1479
1542
109
1149
2490
14
808
1284
1040
633
577
1267
40
2405
1621
1471
1235
1742
46
163
5
616
2722
2231
1222
2706
148
2152
1229
2334
125
2761
2043
1866
257
1340
3
1194
1684
861
2945
1940
1349
13
36
85
348
2277
871
65
145
212
1100
2908
453
2602
2389
474
1361
879
109
655
250
1154
2544
1157
305
28
2
152
18
199
342
2774
1708
1719
311
2807
2380
2704
122
1372
1578
160
757
1189
1405
619
17
13
234
1446
283
1251
260
76
655
1569
93
1706
1111
1977
6
845
2231
1914
577
2793
2328
22
25
2429
99
2368
304
2004
7
681
2494
13
505
722
2
2526
2346
231
1136
647
108
1189
9
1554
1858
14
1382
1324
137
2559
1962
409
1651
515
2220
2436
1411
711
2434
1603
1458
1099
620
2281
1906
2221
69
254
33
130
2110
2566
106
1487
590
2605
23
1118
64
146
566
84
614
69
77
206
57
2998
4
880
72
477
276
1808
75
518
1010
946
1509
616
1835
1103
2797
1276
239
1635
19
855
1099
2471
2150
25
35
581
1058
1207
1934
1419
2903
345
2431
6
117
25
788
987
885
2650
2545
2973
1028
92
1825
309
51
1906
894
1097
2602
700
1677
252
44
1317
579
1743
1135
135
1753
131
624
1786
2787
412
1187
36
52
123
80
1184
151
440
2860
16
1190
74
1125
36
1830
1405
2886
701
887
386
312
1594
2
138
1592
2989
149
142
371
341
5
63
64
1412
2966
580
1457
1066
413
1659
686
1359
2826
2923
259
1553
2574
921
972
407
1100
1240
2856
599
788
1643
1014
667
447
14
597
1040
1444
454
155
1440
16
1868
262
2601
2816
290
413
2799
58
929
2982
5
1598
2762
98
1325
942
410
2483
8
916
266
2974
2903
239
465
575
308
2963
1894
785
943
2200
2964
2781
121
302
1258
1789
1653
1202
83
156
20
2142
199
1842
1025
2698
2
827
1639
25
44
335
205
2115
78
865
202
809
1362
101
7
1865
1366
1274
1260
1
2937
1376
1997
282
207
140
1865
419
1047
1174
2180
402
67
2044
1
1171
5
240
2283
2290
115
2919
2501
1149
270
1536
903
1507
2459
2965
118
566
4
1520
1212
2387
304
387
2105
188
890
1841
2161
854
280
313
2779
3
2
1563
407
773
1661
723
9
600
2
26
585
521
114
487
2141
1459
125
2216
43
2912
1168
1158
515
328
756
2027
2993
437
2524
562
1959
99
2494
2506
124
1956
2848
53
1945
1653
2856
2826
359
1302
9
1007
34
838
531
24
153
1368
373
436
2102
362
143
295
90
1095
244
675
2936
1863
230
98
2130
268
791
2575
2591
879
1620
16
929
67
138
105
413
1675
7
228
2422
887
487
380
306
29
1870
1956
1596
1007
663
739
882
75
1080
406
711
2876
10
12
2054
808
48
2874
520
1548
1333
2874
268
1253
436
1498
745
853
54
42
222
1625
1669
13
2570
1
23
2827
6
113
2886
289
4
71
182
271
490
2202
75
1293
640
560
27
1318
2194
214
124
174
1351
773
1896
798
1587
14
940
163
383
2830
2471
1967
2798
1853
118
788
30
2076
2604
762
2646
1685
1203
1209
667
1024
1539
405
2369
36
2348
375
570
53
1906
2252
1596
728
31
2863
1085
1968
321
55
1388
251
329
225
44
323
515
621
2364
1052
427
443
1350
2985
1295
340
1610
1039
1364
2319
1280
7
306
1847
1339
957
77
16
683
645
706
188
1668
752
846
125
16
3
2045
1577
2
1995
373
826
500
2
460
1763
425
2976
178
2116
297
31
1569
316
443
1386
509
2287
772
905
1317
1732
2131
77
587
2988
92
483
1067
875
2419
623
1380
686
1309
1
99
4
23
2512
1004
7
2223
1021
272
500
1882
1878
247
1405
603
1996
1932
1029
17
2085
247
2861
1193
2819
1346
102
577
1255
2785
1083
2954
1271
266
2900
1276
53
1481
1523
969
1235
2520
590
2569
1845
4
554
99
21
2494
2986
796
1626
2104
2921
1591
81
933
659
1672
43
2825
974
1086
228
2961
2846
450
1245
15
565
69
346
97
1406
192
2203
96
307
1383
2691
2550
2124
2508
2338
556
2234
2068
1170
853
2245
208
2253
2108
1892
1801
2220
142
2704
497
1729
2064
2130
1580
1207
88
496
77
1854
44
189
217
1185
91
1869
401
171
2690
2885
2115
1611
134
50
112
163
1863
502
2
1411
1643
781
1078
1296
2000
65
4
141
424
380
1729
235
627
201
2481
99
1153
2824
504
347
486
1918
2038
1086
980
1024
632
197
59
46
2635
77
39
1513
48
1172
96
2192
1428
767
832
143
2858
919
539
609
150
2226
2
52
655
347
288
1481
315
2381
1455
2260
1330
2931
228
191
2068
1605
1654
2122
52
5
108
1462
93
40
872
952
2783
7
279
7
126
669
770
15
12
312
1308
1160
2623
827
841
46
77
345
1729
18
869
353
712
1942
638
2493
4
188
2533
1274
5
1756
766
795
2429
1501
498
2851
1352
196
125
583
290
11
1764
1381
636
1996
2705
2189
13
1522
2002
68
2056
1032
57
2915
519
89
86
922
2181
46
495
2572
1171
308
1518
443
25
142
799
785
2426
23
72
1812
2178
55
1306
35
13
59
474
915
740
2357
699
1386
2404
766
61
585
2725
2271
623
1631
1021
515
701
41
843
280
728
33
1204
293
81
1976
667
23
2129
1350
477
1911
54
9
72
1959
1536
1962
2787
2585
1979
658
732
424
2578
2569
79
43
453
270
1408
624
311
103
361
2058
1314
9
1473
2185
1528
2998
456
1493
122
666
125
1012
1211
321
74
520
172
2437
153
620
2489
779
861
287
2172
30
829
662
2309
432
2092
323
279
77
2137
5
1759
1534
1762
1354
117
1175
6
692
2322
818
897
907
2488
73
710
2514
2085
610
3
828
1020
1005
7
243
645
1145
131
1667
1264
2572
3
2272
1110
245
496
1431
181
1001
592
114
250
1374
83
2532
821
1371
32
2626
61
822
158
1591
2693
685
2269
2731
534
155
2274
2493
758
2689
162
702
2065
44
126
1361
1287
1930
2503
1741
999
66
4
2704
80
1
172
50
1212
151
2
399
2070
2134
1
1400
1183
1098
2529
1078
1489
2424
1954
1321
1521
1866
1608
2569
2480
1329
64
2150
7
593
1821
1844
1444
1074
2
808
2811
111
705
60
714
2172
994
38
1238
528
50
341
2403
2583
48
2569
2489
106
2657
1445
611
1513
980
19
105
1824
385
955
1915
2159
17
1
1612
62
2134
1356
1095
38
1384
898
1180
493
118
2277
630
3
521
2445
2083
2151
2371
1355
263
223
1399
1026
1845
563
2986
343
876
2835
2468
93
2479
1613
1206
20
939
2633
246
252
673
1976
1678
906
243
145
1114
181
2093
427
330
1187
372
1103
1494
2188
953
1144
1586
379
2853
84
77
1019
1355
216
1592
541
2637
950
86
484
988
1105
1625
1115
1120
1307
2222
851
1548
427
99
3
2880
41
1684
786
2646
1015
357
198
1555
2066
1009
2227
31
471
1860
1952
2352
802
2
1469
620
2423
9
916
962
187
79
572
130
1080
2930
2064
243
164
13
84
269
150
276
2820
1
1458
1050
2430
355
65
17
2227
1047
20
1424
769
1907
1576
1760
5
574
136
74
1088
352
162
1865
305
59
2146
964
1800
2352
266
148
711
1513
2567
63
1870
744
6
1323
363
592
515
2013
181
273
2685
90
1743
162
361
2631
1651
2066
6
536
11
633
176
413
627
2884
1177
368
2179
2333
1198
112
2305
483
2722
325
105
530
116
1
2172
2291
2749
8
1095
2559
1506
2089
855
267
270
1922
1625
41
899
802
1191
38
131
2091
595
7
242
2026
100
233
735
531
28
2854
83
760
614
2048
484
360
1603
2255
333
1720
334
2816
287
726
108
854
1246
738
1040
2966
501
75
1624
620
492
1178
614
95
241
1849
1656
170
189
2972
1583
2521
1380
8
1564
1081
978
323
638
1591
739
1486
12
46
2933
2930
28
449
2435
101
2763
196
1296
576
127
812
11
19
356
2994
1282
831
11
145
2461
1
1530
2465
1582
582
1461
1255
1080
552
287
58
631
38
1836
29
978
9
1132
1045
1756
2189
356
1583
2100
2959
262
121
2500
433
569
2783
1997
555
325
2677
735
311
40
881
83
208
1515
86
2598
4
1910
1679
471
2046
2038
671
226
634
1147
2744
2776
9
2456
836
1638
205
382
725
52
1328
684
1716
2454
52
405
24
1035
156
98
15
683
168
576
2267
1370
2958
17
2999
1005
316
903
200
2420
1429
230
2620
2889
98
2
6
2274
15
601
2
2030
82
47
685
2
4
29
789
1945
2028
50
321
177
287
2752
2462
890
2978
2720
249
910
1131
174
233
1528
868
880
506
2599
263
211
24
450
848
957
2156
2762
2694
2314
1
1475
689
2306
652
349
2270
1462
669
2458
2666
46
595
205
1054
2062
549
26
2531
1481
1190
1942
2819
1308
1468
2441
342
2885
151
513
236
100
2982
2884
711
1
1144
986
860
1011
241
810
886
651
1102
2380
2293
525
841
39
1
1485
2885
617
11
330
9
4
490
2295
827
2778
1196
2
351
12
884
1
5
2948
467
223
1838
22
2860
2499
2346
673
60
1093
1595
222
300
528
2688
1289
2156
733
286
354
7
829
166
2608
2631
2834
538
171
1874
1862
1108
285
40
2822
1084
86
1654
823
332
2442
925
2181
545
488
189
2504
1534
1348
1312
50
2455
679
1055
917
2246
2229
2333
1507
2804
462
373
1779
991
1804
1059
316
20
1732
2878
1149
174
2753
651
441
22
2873
1165
14
642
930
141
696
465
1574
321
1580
2457
1096
357
1392
621
1889
826
135
2313
92
721
2121
404
1311
1
1809
532
1209
158
195
645
387
1306
5
1413
8
1125
282
641
4
480
1637
803
687
605
923
348
1298
855
174
5
1399
235
108
33
85
381
1813
552
211
1830
381
1748
19
376
539
1050
451
681
1993
1030
146
22
229
13
61
875
384
231
1448
24
1241
1146
2876
69
4
918
459
2437
2030
658
8
2016
1605
2902
891
1746
376
44
27
490
7
2476
298
27
889
111
1189
127
2522
1010
986
89
461
21
619
1812
2
278
575
184
1272
3
617
457
5
238
2624
8
126
931
1874
2
1443
5
401
210
109
96
2106
966
1066
185
300
82
7
2339
2012
388
1879
26
5
15
133
1573
1539
149
71
634
413
2902
576
555
76
3
936
5
118
2722
1823
629
47
2988
100
1205
161
36
1039
2002
1427
977
566
452
305
25
1031
604
2794
613
2770
220
31
77
1334
54
372
243
1353
1630
2115
1439
565
6
434
186
51
2216
2692
1187
958
134
3
1439
1012
2367
13
491
226
18
2920
2187
1231
2092
982
2046
7
2148
2569
56
293
174
1443
807
2139
524
2178
841
1868
1162
556
347
718
154
2639
524
830
1469
2500
343
87
2133
2919
55
1818
22
1993
1980
6
765
3
416
32
1581
963
422
147
351
388
1768
2313
1965
2493
2832
1942
35
1811
677
817
820
1451
1922
1852
363
436
2345
49
1085
2847
98
2285
2174
1469
2657
1718
510
39
2055
28
2941
685
2018
193
1799
304
1373
143
6
336
1932
9
66
1034
236
1095
412
17
2211
417
52
1397
338
43
1291
959
187
8
642
278
328
2561
17
892
520
6
1781
18
525
907
170
347
1636
22
1889
1667
2827
1243
2634
622
1973
267
1574
339
2727
387
1862
41
851
139
1450
499
1605
135
926
609
330
1519
212
1201
78
80
142
1
1803
931
1382
2558
98
633
16
1183
29
68
901
22
1711
849
1674
11
379
2320
707
2029
21
11
1255
2950
1594
665
400
2960
212
1
726
253
2889
2890
62
2457
2045
395
83
675
88
1969
2901
2985
174
1
2017
2803
6
85
487
24
845
535
1767
2245
1126
285
276
1098
1288
81
1490
657
288
773
371
327
69
469
1054
2679
1424
1431
2
2248
1085
28
1124
2656
2
274
2082
1705
612
1267
1430
822
2278
392
2149
60
2312
1702
18
194
984
5
219
65
270
1313
217
2867
1283
2402
193
83
1278
165
757
2201
1602
123
233
558
2934
131
187
9
4
4
1436
1968
59
1755
865
2733
907
463
680
2226
1791
1216
1727
1728
914
1861
2867
534
827
28
740
317
1750
259
2519
61
2526
643
1021
1806
658
2649
2730
47
571
75
1259
2294
1317
1991
2658
21
1210
2419
2978
1060
149
164
1045
105
1940
711
272
151
1956
1875
1902
1222
876
894
736
76
533
22
1236
2662
358
23
15
828
244
69
109
82
49
258
163
1821
36
2356
832
1972
181
6
512
369
150
207
641
1625
2510
101
1274
2898
29
901
428
88
979
2151
2662
106
2116
234
11
2051
681
1933
695
2258
2558
506
2889
847
704
608
1301
103
672
1046
2309
749
12
203
1836
1263
2781
1498
451
8
103
2773
2492
578
571
1247
567
2298
2848
857
752
2458
1582
1338
917
865
1837
1794
38
1103
31
312
1993
221
391
12
1849
2803
2444
79
2785
120
1837
14
1643
64
2041
13
346
314
447
1612
457
536
122
3
17
2640
2957
1019
2317
829
2333
731
2640
786
1541
2144
2425
221
357
220
729
403
150
18
296
92
1776
591
1593
982
39
2813
370
2779
1259
846
245
1764
969
2987
517
240
566
2694
1290
38
1167
63
1
770
112
241
211
668
371
515
127
540
982
873
1466
778
2178
23
293
1958
880
1924
2512
1497
1718
647
500
1343
11
1044
876
14
42
802
33
110
18
405
2208
2053
18
491
1740
2775
2557
16
536
37
30
646
3
468
271
60
1242
2681
710
1278
357
249
2190
1382
121
403
691
324
124
550
898
7
1117
18
1830
610
13
74
1550
14
1906
478
2049
1462
274
339
23
864
1311
1620
2696
1837
19
1457
172
1155
242
