3
5
929
247
62
6
392
177
13
251
8
36
1
8
1
73
9
19
9
351
346
885
4
13
3
126
6
21
2
371
1
15
1
1
10
1
4
108
99
11
589
3
179
485
16
68
444
321
570
2
139
54
19
103
57
106
14
1
3
1
265
225
20
1
64
16
1
449
19
35
19
347
5
212
399
19
645
430
12
313
57
3
16
49
3
1
364
3
135
64
1
7
391
5
23
283
480
1
4
511
6
27
2
434
1
173
59
1
20
13
1
283
1
2
528
88
358
28
26
11
23
451
402
274
54
134
1
5
89
143
1
243
3
471
1
42
1
7
6
1
244
101
19
29
1
33
75
272
1
10
7
19
3
104
34
407
8
324
48
5
144
37
13
3
468
61
208
428
5
81
104
14
4
39
189
90
151
2
1
5
970
3
31
426
19
144
392
2
824
9
3
343
177
20
1
4
26
162
12
6
296
1
893
463
330
1
562
123
162
38
35
27
3
6
2
3
1
679
14
28
225
13
1
8
477
39
297
10
8
19
33
159
233
9
157
137
1
2
113
969
101
38
112
19
14
1
177
599
51
42
43
454
2
103
120
7
180
2
2
494
3
176
3
3
1
259
231
205
2
73
35
97
5
150
4
12
10
17
61
57
1
893
9
7
54
218
1
20
21
199
110
642
2
1
500
2
69
230
3
106
270
6
4
1
1
8
4
1
56
14
320
329
497
4
63
6
75
13
84
1
32
1
7
3
48
6
41
1
1
127
18
650
663
2
1
29
20
1
3
118
3
17
1
734
15
1
14
30
6
3
1
90
431
21
82
36
11
7
239
34
4
48
1
1
40
361
1
9
86
4
83
44
1
223
12
4
152
12
22
219
97
722
9
826
4
319
39
71
621
9
24
4
678
1
3
50
4
380
1
34
188
13
163
100
4
4
12
31
98
47
908
178
2
6
2
63
1
1
663
4
6
16
610
1
83
64
2
12
101
14
53
5
4
1
3
86
76
1
301
2
315
453
2
11
8
618
700
773
227
23
305
17
4
8
287
77
354
737
19
64
688
646
12
20
56
2
8
2
31
333
9
17
447
347
3
153
58
44
327
6
721
1
3
41
24
5
174
36
14
2
3
168
13
1
3
1
1
470
315
3
4
2
901
1
120
455
23
105
114
4
6
3
215
450
664
521
5
117
1
11
33
16
931
7
26
119
155
2
22
56
20
4
378
33
334
66
272
171
653
1
9
10
866
48
14
29
1
53
9
225
956
105
49
1
1
11
18
1
43
10
970
5
793
12
3
98
14
141
541
455
49
1
127
1
587
5
1
653
1
324
1
4
133
11
1
254
48
24
138
106
411
615
739
298
434
3
1
196
11
4
406
55
25
53
103
5
1
27
670
561
4
3
10
124
8
194
1
19
5
14
606
306
90
749
1
28
180
771
1
102
29
474
2
816
1
70
802
6
5
309
22
162
1
6
216
20
1
485
81
55
7
6
379
108
1
1
1
629
207
8
296
326
2
1
87
10
17
14
2
5
77
1
1
57
79
634
149
395
64
17
62
1
220
387
23
9
93
61
5
87
422
7
1
872
1
95
288
63
1
1
81
29
455
612
3
56
58
32
138
23
123
1
8
153
764
938
82
95
303
143
27
1
22
37
6
178
96
4
160
22
6
189
165
23
800
19
49
8
130
47
19
235
2
7
2
284
2
11
1
247
750
4
5
797
13
2
5
284
1
101
3
15
12
698
3
1
1
25
20
274
2
1
413
1
489
50
2
321
1
3
30
2
26
2
765
1
23
298
50
185
897
859
8
110
1
3
50
748
1
6
1
45
12
3
673
129
1
1
57
936
149
699
704
64
44
49
1
173
210
24
16
26
5
844
74
161
8
2
875
1
58
15
1
1
9
77
277
1
8
12
1
7
236
650
97
6
5
86
452
322
43
600
249
1
7
807
93
5
10
40
553
487
248
13
101
36
2
32
128
44
961
2
133
400
3
6
36
204
51
79
6
147
1
1
1
351
906
1
35
1
74
453
7
93
7
69
185
9
63
14
84
2
353
2
2
50
558
1
45
23
52
105
1
916
608
211
51
410
6
487
582
101
2
24
333
332
276
11
54
4
30
97
4
6
428
1
33
243
420
813
2
50
1
45
3
26
3
1
1
759
13
160
3
7
261
716
3
1
311
1
131
1
10
27
415
4
53
244
83
325
18
20
29
31
24
22
18
1
267
115
20
693
405
557
3
2
4
43
5
1
285
470
304
192
128
65
6
425
607
216
206
859
3
86
417
22
69
20
18
21
71
67
572
13
1
98
568
784
30
31
12
29
15
520
3
17
299
311
2
4
1
8
175
3
417
59
62
901
1
75
9
61
49
9
1
28
21
6
652
209
1
3
335
2
127
990
250
31
25
153
29
5
32
2
5
763
16
1
868
1
3
574
84
9
475
37
291
632
910
155
6
1
178
832
3
5
75
28
29
2
1
56
3
751
256
238
1
1
198
77
1
11
12
7
50
4
7
97
1
24
1
2
22
346
8
46
201
16
1
54
1
88
268
1
44
6
1
1
179
283
3
65
334
310
22
52
1
2
175
29
1
205
285
3
48
31
339
213
572
1
2
2
1
763
59
10
36
1
66
1
119
446
94
48
146
38
10
2
14
103
141
265
13
10
59
698
101
21
43
69
2
81
6
1
1
39
4
32
14
2
6
74
2
1
3
44
4
86
2
47
75
34
376
10
135
7
4
20
1
4
359
7
69
194
4
104
28
17
61
1
114
167
743
136
22
5
4
88
721
71
27
3
3
9
2
653
10
11
4
14
3
335
17
1
78
4
7
196
16
267
54
211
24
18
186
17
28
45
152
1
22
25
6
5
436
33
7
4
532
122
4
8
385
1
5
7
55
74
1
2
409
981
114
17
382
19
7
292
86
859
61
28
1
12
59
2
663
633
950
1
12
158
135
11
485
781
126
11
115
428
373
1
47
11
165
8
19
584
24
29
669
3
78
16
364
6
4
3
1
35
85
45
49
48
3
39
59
2
27
167
200
17
59
1
1
3
329
6
8
3
188
56
66
44
3
7
368
140
1
2
33
55
26
62
7
294
1
610
3
1
100
336
1
315
6
1
493
4
5
15
600
18
929
198
105
25
22
26
761
6
1
1
15
13
32
1
39
943
108
2
120
5
79
61
17
337
241
61
7
561
131
1
204
1
53
51
23
1
91
19
58
825
3
3
11
39
341
76
3
4
5
180
14
12
23
2
1
42
57
574
24
10
472
158
5
6
30
36
58
2
683
8
3
18
1
13
415
807
7
1
24
32
95
22
48
37
725
824
9
4
454
80
16
18
1
3
1
8
154
264
396
36
3
19
15
2
35
23
321
1
15
108
68
120
2
8
99
3
2
1
37
8
278
95
419
91
761
7
1
668
5
7
45
647
1
3
15
1
4
10
2
1
170
1
35
27
38
913
44
472
369
93
10
1
12
1
3
2
148
67
3
2
303
1
351
2
42
1
9
32
26
12
244
1
567
29
35
131
10
34
2
4
2
6
21
953
339
78
70
63
23
1
1
6
6
5
856
236
7
283
684
129
9
5
2
5
1
1
1
59
24
686
84
15
3
2
916
53
313
1
31
18
1
5
2
45
787
133
5
386
76
3
28
94
426
106
2
6
132
477
332
802
5
49
1
5
35
183
2
3
5
2
185
9
291
40
31
13
15
20
3
30
206
57
304
10
8
3
72
3
23
11
1
3
10
62
322
16
9
1
1
598
738
80
1
110
225
1
212
78
37
111
4
2
79
66
6
37
6
777
236
3
4
23
14
31
1
46
106
2
1
2
129
1
6
39
848
49
44
8
512
1
35
172
23
422
12
310
19
73
6
672
29
1
13
8
129
7
284
42
87
555
52
996
14
347
13
14
299
12
15
59
96
8
11
2
10
34
356
245
1
813
2
487
1
1
20
1
643
142
1
64
62
47
30
1
893
26
385
51
90
3
747
44
288
403
40
3
1
169
2
1
1
12
77
142
12
21
1
1
35
83
107
15
2
6
12
106
1
44
2
75
49
2
2
9
7
5
1
46
63
270
11
4
98
3
17
238
944
582
97
26
551
2
638
9
2
3
40
3
3
11
3
8
847
102
54
3
2
55
4
1
2
121
3
363
986
745
190
7
2
78
74
467
11
7
74
3
53
48
15
1
19
248
95
8
7
355
3
4
1
2
119
222
63
834
20
1
1
1
73
10
201
7
6
81
31
57
14
50
86
143
1
26
1
262
1
52
52
345
132
51
933
217
1
25
1
465
150
303
902
33
13
1
17
757
658
2
879
296
7
5
1
239
199
6
3
85
78
2
27
1
1
4
4
857
4
200
189
154
1
420
203
2
344
315
18
1
413
1
7
7
340
154
37
34
97
1
1
272
12
1
22
8
75
2
180
37
220
1
153
115
495
10
3
545
32
6
238
86
6
13
88
43
1
712
4
64
324
20
599
1
61
137
132
16
256
63
1
45
7
17
396
23
19
78
1
8
14
54
88
28
154
30
17
2
334
28
5
1
21
1
26
5
7
10
1
1
193
31
516
43
492
26
8
4
14
4
210
1
6
42
332
537
191
4
232
20
8
7
17
6
34
8
144
6
18
118
19
9
26
7
229
64
18
2
8
637
16
4
86
9
23
1
368
131
17
1
211
65
278
65
117
1
99
50
33
20
56
329
137
17
11
7
11
5
320
141
6
6
23
12
19
1
1
42
548
573
1
1
7
2
33
2
572
34
7
24
31
1
56
157
1
7
2
1
2
4
2
609
805
2
317
1
11
609
514
5
3
4
814
12
178
37
548
9
3
1
1
2
188
5
91
1
236
88
568
347
4
11
388
1
37
7
145
10
1
22
6
1
10
1
3
36
77
179
162
18
247
4
112
25
2
5
49
624
124
1
24
40
354
1
342
633
2
14
1
182
91
286
120
52
23
3
115
21
33
8
16
33
57
8
4
6
717
197
33
694
40
1
478
3
1
41
215
10
5
443
52
7
312
156
2
26
48
276
133
8
35
56
480
1
3
155
142
5
6
973
3
1
150
5
55
5
5
2
19
61
7
1
3
652
5
18
20
20
67
195
57
88
220
680
1
18
158
115
174
758
58
122
534
708
1
16
850
9
38
550
133
9
2
1
1
41
13
405
1
158
1
374
1
77
3
82
53
106
3
284
26
342
4
16
8
250
45
1
897
12
5
2
3
23
173
323
31
9
8
40
6
224
142
5
14
359
1
2
7
28
1
3
73
15
12
2
729
18
1
22
452
5
1
526
186
4
1
89
379
74
2
96
217
624
1
2
1
744
1
1
26
3
32
48
1
49
831
43
82
634
64
57
70
6
124
43
5
1
7
281
495
83
1
1
49
37
37
93
12
194
11
2
39
387
3
102
541
12
202
132
1
1
37
1
124
240
987
13
134
39
306
298
684
1
301
609
94
1
41
1
58
694
10
314
277
327
4
256
589
1
335
187
16
8
48
2
262
11
1
24
6
97
49
104
114
57
31
17
70
1
14
1
513
83
1
3
19
51
71
416
9
2
459
2
273
117
46
1
75
1
51
210
38
213
36
14
4
430
413
15
89
7
48
1
271
41
199
553
53
8
2
5
856
155
356
132
60
134
11
11
172
1
7
1
38
1
2
1
9
394
415
136
5
206
4
961
32
28
17
5
30
32
347
364
3
597
100
423
1
863
1
128
1
3
337
7
388
382
2
117
43
412
6
3
19
1
21
2
1
188
673
3
27
144
2
1
387
41
194
9
1
4
119
1
33
3
355
69
7
20
1
24
259
893
10
201
382
167
10
24
198
98
26
370
966
92
10
39
282
164
549
67
8
938
837
101
1
56
5
1
264
3
73
481
2
1
6
983
788
29
7
1
641
67
22
5
3
30
64
3
4
4
26
1
270
917
194
136
438
17
157
30
17
1
1
1
333
105
13
252
220
6
1
1
15
538
1
600
1
414
69
3
5
60
1
1
478
6
17
2
251
1
1
1
5
1
331
5
80
1
17
228
4
1
127
984
20
35
728
155
3
9
445
863
1
1
173
386
40
33
130
8
379
956
1
1
475
19
911
28
1
191
13
3
412
345
126
891
113
45
36
93
21
2
19
80
150
1
49
69
29
2
1
2
24
4
34
23
2
40
113
19
18
4
6
116
1
26
2
53
2
55
1
18
2
309
1
2
5
1
85
2
1
17
47
206
13
7
41
905
2
3
127
133
1
8
94
41
14
1
3
4
400
907
6
35
4
12
3
3
12
4
50
3
144
3
2
93
133
191
579
1
25
38
258
5
246
28
264
2
1
16
8
3
29
3
2
849
61
31
165
20
1
7
889
3
1
15
1
72
48
221
2
499
133
7
1
10
1
28
165
368
15
484
1
65
7
14
4
2
87
87
6
231
194
225
4
101
165
20
316
413
278
295
124
668
1
763
4
1
1
1
9
377
44
5
2
18
5
33
1
879
41
29
142
31
3
9
418
1
62
8
6
2
886
418
42
1
59
479
28
195
136
2
5
1
61
111
2
947
559
15
84
60
416
3
170
4
1
55
386
5
53
4
447
324
511
15
208
619
15
1
131
2
402
7
1
1
2
398
1
2
270
542
19
18
122
114
377
29
183
507
2
649
533
1
1
21
23
1
1
15
6
266
4
15
3
2
5
672
47
10
39
5
11
1
134
872
1
34
6
44
32
9
1
1
4
16
6
1
7
244
34
46
890
64
1
1
6
485
4
67
47
745
23
1
30
73
3
608
6
88
1
992
79
7
1
6
11
426
96
416
195
4
23
252
38
221
588
3
1
819
2
3
382
249
17
323
20
69
4
4
42
32
9
1
13
1
1
5
4
421
254
534
5
32
28
28
4
82
2
119
2
51
27
285
860
327
15
3
4
117
711
469
1
12
170
10
227
1
38
674
190
8
58
162
3
1
56
146
19
1
13
3
24
1
34
1
82
817
15
23
23
6
395
184
34
294
311
81
6
16
64
104
16
7
4
3
216
5
3
17
14
6
353
4
14
2
1
500
1
10
100
2
20
3
169
1
473
8
5
60
30
1
75
4
115
511
1
113
2
8
1
19
116
24
16
1
104
438
92
1
6
131
221
280
9
9
265
10
5
13
1
1
29
251
40
57
2
55
2
1
18
5
99
219
830
9
5
40
17
3
19
1
35
317
20
1
145
61
956
298
2
517
8
1
1
22
17
39
9
1
135
53
37
12
667
62
1
6
937
40
94
1
1
13
143
18
63
297
8
2
42
29
104
5
2
4
290
412
1
1
31
46
3
30
95
2
1
8
4
53
31
8
4
102
39
211
20
22
1
44
580
27
62
56
8
134
16
376
1
220
197
393
3
5
578
543
2
153
30
13
41
6
1
5
255
148
224
337
4
47
208
357
52
10
4
22
1
20
368
97
490
403
1
24
41
102
2
412
29
601
1
1
19
1
825
234
5
3
5
39
1
70
2
4
25
146
242
3
11
4
317
158
4
2
504
18
34
17
16
51
1
1
2
3
9
15
33
55
47
466
5
21
990
119
72
114
115
231
464
2
48
192
20
208
19
342
318
25
15
53
72
1
1
11
1
15
101
329
1
4
2
318
74
378
13
69
15
21
7
1
1
1
14
5
5
4
217
122
5
108
714
7
384
80
2
797
31
43
2
1
108
2
14
8
3
136
125
3
234
5
40
876
409
7
425
940
65
658
187
90
347
599
167
236
106
8
2
328
517
2
23
120
103
17
3
22
390
590
77
124
8
230
3
2
1
398
1
979
84
955
315
2
1
58
31
1
8
2
863
211
1
1
50
17
297
1
137
13
41
1
3
8
20
251
24
216
79
70
1
2
2
25
32
2
5
3
34
301
6
192
13
1
52
12
382
383
80
61
13
4
26
106
95
2
5
9
6
517
28
5
97
1
78
1
6
160
3
4
2
76
9
237
2
12
2
25
7
2
95
673
3
49
48
52
23
14
257
7
41
187
12
561
1
19
2
1
594
177
3
3
345
61
2
573
1
1
438
2
32
100
91
112
984
65
2
81
210
770
170
13
2
4
5
277
27
273
6
275
800
137
26
28
1
54
405
24
5
203
49
7
10
635
161
2
14
351
866
62
2
596
116
3
184
72
3
31
1
383
19
1
2
335
133
34
2
1
60
24
162
5
96
3
645
11
25
6
424
54
26
14
206
66
41
7
25
2
49
448
21
2
1
691
5
6
30
3
66
2
787
1
2
24
940
182
12
2
17
6
1
1
5
3
80
17
16
1
42
1
92
1
407
33
4
2
36
142
6
3
407
5
6
2
25
234
12
8
8
1
387
12
5
29
35
35
2
3
6
24
6
57
600
3
414
122
676
60
2
3
3
368
7
1
41
664
454
1
15
2
584
11
3
36
748
6
282
3
602
3
102
812
26
4
50
427
1
5
754
8
469
5
18
10
142
64
1
18
2
478
252
23
50
4
1
22
4
497
299
717
514
444
4
5
9
4
1
63
20
584
37
8
5
8
2
528
1
5
66
1
11
292
4
35
562
827
509
1
6
1
1
63
158
17
572
6
2
427
4
7
18
150
4
1
586
17
94
3
23
54
12
5
25
292
3
13
68
222
9
78
7
103
1
1
21
165
42
17
10
7
6
39
7
842
118
546
11
40
144
1
2
40
5
6
3
415
255
180
157
22
644
508
378
506
87
1
2
14
392
173
34
117
411
29
3
3
4
64
2
271
3
15
8
371
101
12
3
7
14
3
18
34
887
172
31
13
2
5
5
2
595
1
35
178
3
4
2
254
195
1
3
1
182
625
11
3
4
1
5
12
56
1
44
11
13
216
1
2
20
17
2
3
120
1
233
58
4
7
14
82
322
25
346
217
220
360
4
109
8
1
1
16
1
512
2
42
250
212
51
1
122
6
11
42
105
710
170
7
308
120
5
44
2
1
28
566
34
13
697
3
394
1
31
1
390
85
23
97
10
35
835
5
1
86
50
54
5
3
1
4
7
1
112
169
28
155
602
235
5
2
639
255
2
8
3
11
19
758
1
620
704
40
199
1
7
6
1
12
3
3
2
918
1
362
7
132
1
3
465
2
1
58
536
1
12
10
182
19
207
226
123
12
2
2
68
63
45
40
2
322
1
29
675
29
41
209
37
19
2
1
504
3
47
2
34
233
387
1
256
423
32
1
4
239
390
610
903
4
3
135
18
4
161
38
5
4
241
56
195
1
113
983
223
44
2
385
274
9
38
43
642
88
1
13
7
6
1
1
372
397
265
10
207
1
4
30
32
12
379
19
3
3
83
4
325
119
12
65
146
477
358
174
4
207
259
210
690
1
209
7
1
29
130
15
60
312
1
3
153
7
52
1
11
71
158
120
1
2
3
607
50
2
1
7
1
28
378
18
156
138
242
3
208
941
602
975
8
867
1
1
21
766
67
34
22
28
117
184
8
1
8
9
86
732
16
569
4
627
68
3
20
691
1
258
127
6
315
5
2
2
983
4
12
22
61
12
821
77
102
5
80
76
895
4
1
319
682
898
1
9
3
1
15
832
138
321
346
50
88
1
1
40
55
442
4
4
10
5
1
3
1
22
9
146
6
169
216
17
179
1
44
10
124
11
579
426
49
3
15
346
27
1
466
286
443
5
17
19
35
1
37
3
2
88
390
25
4
20
3
2
18
2
1
248
100
42
52
137
28
11
12
9
6
3
4
693
136
511
1
519
296
1
16
412
51
6
1
2
1
1
24
6
268
2
2
769
40
41
7
384
155
1
420
751
703
42
10
1
32
16
1
3
112
3
366
10
81
272
296
30
13
1
257
7
595
911
10
526
480
811
159
156
3
37
1
290
45
89
573
753
2
7
513
1
85
8
1
179
2
2
5
2
1
2
316
45
9
489
78
1
1
873
2
1
8
24
4
884
553
2
1
3
9
60
60
600
55
52
222
9
1
243
2
12
212
4
11
1
2
1
98
20
496
876
2
266
1
722
3
12
5
31
59
36
371
129
84
24
18
146
286
2
14
121
103
59
73
12
53
4
339
1
6
1
45
1
1
190
15
31
810
27
27
143
10
7
997
1
325
1
2
18
1
1
11
25
7
39
210
17
42
1
5
1
194
57
7
238
103
198
265
42
94
1
272
2
20
678
11
1
1
4
7
376
171
1
2
2
584
3
939
20
7
176
1
76
406
9
4
648
1
8
40
275
461
224
48
1
34
1
1
3
73
1
17
232
837
3
3
254
227
54
50
11
12
918
1
52
617
1
2
11
3
1
775
8
7
116
1
1
379
514
83
9
1
145
17
6
15
31
289
1
14
532
625
13
29
90
43
758
18
92
8
1
2
12
2
169
109
24
5
324
1
14
22
172
46
2
28
2
65
93
12
1
2
2
1
178
250
1
3
26
1
1
36
5
99
110
310
240
54
4
347
5
1
219
31
6
12
4
193
330
134
21
42
58
2
5
1
3
865
13
140
273
142
635
4
39
1
126
633
4
7
5
2
4
21
1
10
207
152
43
12
270
337
7
2
1
177
55
10
20
836
3
2
2
3
13
24
6
4
2
11
468
126
392
159
266
84
3
35
198
23
17
5
15
18
1
1
864
30
132
6
124
7
132
3
776
6
11
288
8
215
77
47
16
1
718
14
9
1
519
8
4
12
1
1
765
71
9
46
920
426
66
2
1
33
29
1
94
773
424
127
2
3
76
71
8
4
9
35
12
15
159
308
14
63
593
6
602
302
1
58
119
2
449
2
23
14
776
7
2
4
17
1
2
218
82
22
1
1
143
253
86
1
298
215
300
2
2
468
399
53
216
1
1
4
1
2
6
138
6
71
3
9
296
40
12
9
124
1
1
28
27
11
123
2
3
1
3
11
12
17
1
1
1
575
2
873
2
4
5
3
3
1
7
59
327
307
213
12
12
1
25
1
9
1
2
708
443
21
1
225
5
1
62
40
1
1
113
64
31
140
12
5
227
150
2
667
57
254
17
5
91
5
3
52
34
1
257
85
10
97
7
12
1
6
740
21
588
24
448
348
1
1
1
2
2
53
947
10
482
407
16
90
2
585
11
1
156
2
1
12
14
145
75
70
536
3
3
1
739
1
4
42
1
6
1
1
178
8
2
5
470
2
20
30
4
421
11
29
45
11
3
1
90
113
179
1
1
13
5
43
234
36
8
473
21
987
703
331
517
19
1
82
1
30
20
1
13
43
6
1
16
2
91
961
4
3
48
14
140
1
20
44
42
464
12
1
1
26
45
314
15
677
6
7
9
369
11
62
79
160
44
6
14
32
1
234
224
12
11
1
4
129
87
10
342
163
144
413
2
2
770
2
12
683
857
38
605
505
127
531
69
1
30
1
143
36
111
162
51
251
5
339
10
10
3
25
55
1
817
33
12
4
1
1
1
584
6
5
3
125
1
125
2
4
16
14
2
1
17
62
90
1
335
910
42
136
25
156
166
1
4
2
182
16
4
6
197
94
165
9
1
40
221
299
10
57
19
2
228
1
20
1
355
4
71
2
4
56
480
913
191
5
24
1
126
28
130
7
723
3
11
1
463
69
11
263
96
664
3
376
54
26
1
59
352
361
25
8
1
566
89
266
400
110
6
144
33
185
381
6
384
3
28
4
1
505
8
11
550
671
31
1
373
1
75
1
1
14
23
2
166
6
8
21
68
241
3
1
108
12
752
13
400
6
279
235
137
10
106
647
37
5
13
29
421
425
102
1
14
2
45
8
248
7
191
358
86
1
280
2
446
124
3
2
615
6
171
386
327
31
54
22
33
1
38
133
97
20
13
2
36
314
3
1
27
1
307
16
10
4
338
50
20
76
43
2
3
103
139
7
39
5
469
8
607
6
625
3
5
3
6
11
4
11
4
1
2
205
7
1
5
53
1
243
1
111
11
682
1
206
2
107
40
98
2
30
3
91
6
208
74
160
158
19
375
22
4
20
105
81
4
2
1
65
2
6
514
1
20
346
146
436
39
1
480
21
1
6
2
2
7
2
6
2
111
59
12
370
605
2
3
19
2
12
2
23
12
254
310
279
2
40
691
18
91
12
322
2
2
2
1
8
3
3
22
789
2
1
381
1
6
2
2
1
3
1
2
6
83
867
182
435
44
9
99
2
9
22
1
12
226
65
26
18
152
426
73
17
2
2
8
120
231
33
1
39
505
98
1
55
7
21
16
53
496
689
51
936
1
230
648
368
693
430
2
497
192
490
1
5
1
1
23
5
18
27
6
11
3
186
12
8
5
1
4
447
69
7
545
2
4
2
566
10
61
505
102
436
9
18
24
55
1
243
114
15
142
653
37
327
565
548
1
7
2
1
34
19
399
117
8
90
1
42
587
1
445
2
120
402
560
67
1
4
468
928
21
59
9
106
6
4
13
34
6
233
25
2
443
39
882
3
51
317
23
25
1
7
207
8
2
346
450
1
12
10
68
11
99
3
1
3
110
219
26
256
13
3
8
3
1
3
72
13
1
4
2
402
10
4
733
2
547
165
572
39
17
6
676
1
914
56
1
3
1
142
14
412
76
590
30
1
20
1
108
140
3
34
24
24
6
297
3
1
926
5
508
47
52
231
3
2
232
3
6
139
5
8
1
1
14
19
21
1
4
58
139
42
6
36
57
1
11
22
309
345
163
6
167
3
594
3
1
6
625
8
120
22
2
179
2
550
41
277
307
1
5
44
5
4
169
9
6
3
405
257
31
2
4
3
166
15
109
37
516
299
32
6
11
8
30
4
4
396
24
18
5
8
2
102
288
17
22
348
2
37
16
1
2
2
975
81
618
713
4
192
1
20
487
1
3
1
225
1
550
1
10
4
113
37
80
177
4
2
3
10
27
10
828
1
4
4
7
643
296
16
417
40
749
738
5
120
359
10
74
52
363
2
52
279
293
79
3
429
189
3
54
6
67
947
7
5
224
9
6
6
40
730
871
14
34
1
386
35
6
297
4
10
96
31
799
8
207
147
512
4
9
1
573
909
6
24
2
13
263
100
470
15
145
450
35
4
293
286
809
232
496
721
16
2
429
6
549
2
3
81
85
19
5
5
33
66
6
4
113
56
800
194
15
227
4
3
26
425
138
1
121
14
956
60
22
44
45
470
111
56
6
8
26
1
146
36
7
192
3
38
464
3
160
492
26
17
64
10
2
41
719
1
1
1
141
36
31
3
7
900
14
8
188
16
5
115
177
19
612
13
4
574
1
28
2
96
148
84
814
709
52
10
23
580
9
9
11
76
2
42
171
53
224
242
9
253
525
1
6
952
3
2
218
173
11
2
4
138
12
39
151
104
30
16
1
174
442
32
73
775
3
243
1
24
1
802
813
102
208
512
3
2
146
350
260
29
3
5
8
552
474
49
173
184
1
509
32
287
434
538
8
246
293
98
5
133
8
63
4
14
6
188
15
90
16
4
519
2
25
340
12
17
5
79
778
13
568
2
16
4
4
1
301
31
554
12
50
333
73
8
12
1
201
1
5
67
1
46
49
11
398
665
99
35
1
890
173
2
201
2
1
6
21
4
205
9
134
152
1
13
2
270
3
2
1
15
605
1
1
100
853
70
49
2
38
2
4
87
248
8
1
270
1
201
243
894
1
20
1
26
9
69
7
727
25
69
63
540
45
7
11
2
2
542
42
280
54
297
3
1
887
113
1
295
24
36
39
1
943
2
492
444
210
15
8
29
1
2
166
13
3
358
9
145
177
351
6
3
427
1
97
63
10
1
326
349
4
159
31
32
16
77
27
1
2
383
70
1
29
6
6
438
2
1
23
2
68
9
185
1
591
812
7
19
1
43
6
19
3
7
48
1
343
2
1
3
3
263
1
7
646
20
1
36
305
23
21
3
16
16
42
1
1
11
5
2
361
185
7
24
753
1
37
2
74
151
479
36
1
7
2
340
82
1
1
3
1
55
172
13
27
1
2
6
73
6
9
795
17
833
379
2
135
31
430
575
2
2
50
2
26
444
186
80
60
7
1
324
10
2
1
4
12
40
286
103
50
544
28
34
1
693
618
1
667
551
1
591
1
15
4
6
163
220
1
537
36
77
4
1
25
865
232
7
743
113
421
25
56
4
1
1
7
672
6
9
59
281
5
3
667
45
3
831
11
7
133
564
409
5
340
5
710
838
7
94
448
12
682
80
5
5
49
711
32
4
6
1
185
127
210
219
10
11
833
10
89
1
1
275
6
2
63
2
24
12
1
8
199
53
3
555
564
482
445
466
1
13
101
13
176
2
1
280
3
6
2
658
130
195
63
17
74
2
1
3
219
6
4
1
122
812
504
12
3
370
25
16
42
502
78
78
87
50
1
1
1
7
1
98
42
30
128
51
3
3
1
248
16
155
8
3
69
75
3
1
1
12
1
39
7
12
638
1
809
158
9
180
423
10
323
6
249
10
81
6
196
373
601
1
3
52
23
9
240
9
91
105
13
494
849
305
2
78
21
3
3
34
3
67
1
46
4
1
26
438
414
575
89
21
1
140
292
56
37
365
13
48
317
823
50
289
665
424
7
1
151
3
151
1
292
3
107
210
164
16
633
188
5
22
9
34
19
21
84
26
982
4
1
40
11
2
1
68
1
42
81
2
478
83
33
11
160
6
182
3
63
13
24
4
5
38
770
15
6
247
1
4
318
15
7
93
6
3
1
48
925
33
16
4
1
3
125
320
114
21
9
56
4
7
11
679
937
1
10
15
45
5
591
427
11
852
166
134
4
168
1
443
620
1
6
901
11
5
83
942
38
9
7
38
957
14
34
12
1
70
181
1
40
31
9
2
306
4
109
148
1
431
3
1
1
42
831
99
101
7
7
2
567
739
865
291
6
56
5
1
19
135
201
7
18
107
194
17
22
172
163
1
304
22
112
119
14
8
30
540
3
500
1
575
889
38
323
691
654
215
56
15
413
41
16
454
709
2
109
414
21
3
38
567
4
264
8
4
8
49
19
1
12
11
1
3
5
36
92
23
1
2
220
15
89
149
5
3
25
3
558
164
36
41
28
607
2
5
286
292
458
1
154
1
173
22
4
1
19
49
90
15
86
4
2
1
207
708
12
254
218
169
13
2
1
93
13
2
2
62
477
143
688
118
1
1
105
2
61
92
637
148
11
1
4
77
7
2
93
10
5
51
25
12
344
1
230
4
1
57
297
1
262
1
3
13
5
2
8
377
19
48
3
932
558
15
236
20
478
43
458
1
4
7
51
175
106
1
151
1
2
6
216
236
303
11
3
33
2
101
1
2
40
1
5
3
4
790
485
1
649
178
2
349
305
3
74
2
18
154
111
3
6
7
34
37
80
2
288
700
471
257
523
5
9
36
175
166
315
51
69
34
133
55
10
5
1
2
724
291
378
8
3
105
19
315
1
624
321
20
921
466
24
23
1
62
2
307
11
150
3
200
839
780
473
68
461
4
27
88
28
2
1
3
65
27
1
61
597
21
371
30
1
1
1
702
74
17
88
20
18
1
3
3
1
6
24
295
2
40
2
32
14
71
448
86
1
8
1
898
110
463
2
29
92
44
157
35
233
5
176
4
30
680
254
67
17
4
13
115
21
11
12
66
187
1
8
60
52
4
3
256
14
418
3
5
127
241
2
458
1
47
61
2
19
23
1
2
80
39
7
116
4
355
53
559
4
632
2
6
1
93
48
53
502
46
49
240
7
77
34
84
1
37
489
315
34
584
1
1
96
1
39
56
47
283
275
1
1
5
106
2
431
8
956
1
292
10
162
10
516
239
1
7
1
258
12
10
738
100
6
72
25
77
154
70
37
5
2
238
12
119
2
669
827
96
9
27
36
184
2
230
5
979
2
3
122
1
104
31
148
194
317
608
6
14
745
20
806
1
1
7
8
3
44
8
38
22
209
9
919
83
587
18
145
29
295
18
47
168
13
90
14
12
1
86
799
652
11
141
559
2
100
9
133
2
67
163
179
1
16
1
12
42
19
329
3
73
4
801
2
6
1
1
27
2
62
7
2
265
26
77
709
1
57
12
755
2
129
21
604
4
1
15
1
65
682
56
3
22
11
5
320
7
33
3
1
812
61
29
405
69
89
190
1
38
2
760
981
16
513
16
334
62
308
43
2
23
142
3
2
2
249
3
8
1
2
187
69
1
9
110
1
677
296
15
2
79
22
292
7
1
20
128
9
259
4
4
8
631
20
8
49
4
877
658
2
173
35
488
5
6
1
35
490
1
27
47
4
2
14
4
148
289
79
16
7
197
390
23
127
6
1
26
13
1
2
1
241
354
47
4
85
153
182
1
979
235
11
223
168
143
1
636
65
4
45
629
13
17
2
1
1
4
6
4
193
1
10
1
915
119
227
3
9
1
6
1
54
156
604
58
725
27
117
6
44
98
573
2
5
1
8
264
2
3
6
36
9
1
139
4
35
597
7
4
76
44
743
1
211
348
8
2
7
48
80
18
3
14
17
119
2
1
3
84
416
232
17
3
163
3
40
1
210
1
65
261
5
1
27
1
10
83
1
733
270
7
2
195
22
1
76
2
30
34
529
1
396
5
2
66
340
59
151
644
13
124
63
99
1
115
27
1
9
58
1
29
6
1
11
73
4
161
1
1
61
3
38
46
326
294
211
202
2
12
2
272
15
918
25
36
30
4
128
1
173
2
1
106
1
1
121
71
37
3
868
323
4
1
7
10
9
7
29
953
2
7
1
237
10
191
1
984
343
366
90
9
2
1
98
1
209
14
568
1
2
8
459
3
40
1
291
166
315
2
82
25
1
267
5
64
187
237
15
5
189
284
200
23
150
8
2
17
3
20
54
1
215
69
1
2
22
709
2
1
485
24
63
630
18
199
1
224
10
3
6
1
3
6
3
342
74
4
885
1
22
140
4
7
781
18
28
709
50
934
413
29
2
1
18
37
190
409
10
30
31
1
382
2
982
699
1
16
1
487
448
3
12
22
244
716
24
130
219
865
199
3
25
113
15
29
8
392
174
1
463
5
3
8
5
3
5
48
14
64
702
281
12
1
12
12
91
5
142
30
1
2
300
1
2
5
42
473
1
924
98
9
99
2
6
2
3
2
167
3
123
46
21
340
118
526
16
3
3
1
6
17
25
1
3
22
4
956
23
240
1
1
325
333
8
120
6
5
32
1
62
78
400
9
2
1
29
1
9
55
1
9
63
134
449
29
1
691
2
5
237
4
5
977
568
2
59
325
6
1
1
950
2
124
1
1
188
20
104
114
301
3
10
359
22
1
2
75
4
195
100
18
46
10
104
43
8
1
23
5
1
177
1
518
1
51
113
5
4
6
799
40
1
29
181
92
1
4
483
6
785
1
87
338
99
215
209
230
1
2
3
513
1
3
354
998
227
1
574
355
101
1
63
97
1
428
23
64
2
2
28
25
1
29
699
1
356
370
216
183
46
91
99
2
17
1
1
1
1
3
523
1
1
45
96
458
2
1
665
3
43
12
154
1
375
1
74
1
148
173
72
8
189
1
2
6
40
2
305
376
9
14
18
1
655
1
296
3
14
484
27
5
13
2
16
16
45
1
1
16
78
236
10
1
656
165
243
1
9
7
45
50
8
27
29
3
76
3
14
311
2
15
11
4
2
8
294
93
26
1
534
4
97
4
1
23
50
7
730
530
66
177
569
275
452
1
653
9
102
1
5
2
1
205
690
45
1
1
50
14
3
7
8
3
24
1
62
80
1
3
384
1
94
784
33
143
5
21
797
278
1
241
36
449
8
3
295
19
576
4
7
1
232
65
7
17
2
1
2
75
853
10
4
187
7
80
1
20
54
2
74
1
82
83
268
25
996
30
9
466
176
232
69
141
1
38
92
3
122
598
26
130
2
213
3
233
128
980
290
2
364
15
63
7
294
7
322
1
9
1
56
41
33
3
2
704
354
96
784
8
159
1
28
144
82
1
211
15
3
5
97
174
352
381
554
1
1
105
2
85
5
2
538
77
4
6
9
42
31
210
842
172
83
1
1
3
229
278
52
2
1
1
269
49
7
417
32
155
9
1
690
84
63
1
1
439
1
44
108
17
236
1
2
13
112
3
329
2
2
595
68
1
133
204
7
11
108
76
59
310
68
82
2
7
4
6
5
37
249
138
7
520
10
58
1
31
275
660
7
1
1
6
137
1
106
9
593
12
229
10
788
6
27
669
1
2
148
31
1
24
422
90
1
147
218
7
1
2
1
353
2
9
17
22
989
1
356
64
164
1
1
1
2
29
2
314
51
6
6
45
32
69
5
56
16
7
1
120
2
35
46
817
26
9
30
3
326
73
1
375
971
2
239
9
947
20
232
2
9
70
1
30
104
15
39
137
13
541
1
17
14
20
4
23
159
73
45
34
2
2
7
76
4
808
47
2
8
539
127
64
1
7
8
334
20
709
3
18
3
23
2
17
24
99
219
1
11
167
29
10
2
67
16
32
65
84
20
8
20
238
2
1
72
112
24
4
1
7
2
268
478
2
6
1
1
353
19
13
36
45
535
246
202
21
151
717
159
49
100
19
4
67
787
519
51
17
1
287
103
228
554
10
6
116
26
156
1
30
41
3
785
13
61
131
4
2
2
134
193
1
8
208
47
294
22
383
12
2
2
79
2
166
409
41
24
1
71
58
4
52
181
140
2
135
6
14
4
66
4
110
19
137
11
63
1
30
25
4
1
242
140
173
1
8
2
865
8
16
9
34
2
81
354
1
58
10
95
1
71
50
5
46
2
68
137
175
521
6
225
596
12
597
2
745
1
564
942
4
5
27
43
62
389
1
1
888
156
14
1
2
14
1
1
348
144
359
1
801
1
490
242
4
395
2
499
289
66
932
736
6
111
849
346
1
1
132
87
597
2
257
25
6
42
21
147
27
14
24
2
59
129
4
48
27
489
17
34
2
1
31
1
2
21
259
2
9
762
15
1
453
30
1
11
3
11
859
25
389
244
109
48
278
6
2
16
48
47
1
42
102
86
792
187
46
514
971
76
651
762
68
1
5
1
133
101
7
8
4
78
102
34
8
5
22
1
875
871
453
5
97
70
1
1
177
105
9
35
7
148
1
371
9
7
777
311
50
1
671
612
4
4
481
1
9
2
1
56
4
30
139
307
1
740
2
3
14
9
52
563
1
879
91
30
521
7
499
778
577
591
1
10
483
21
153
299
845
190
26
76
4
44
3
169
116
534
2
81
9
1
1
1
3
266
427
1
107
171
293
30
1
7
4
2
3
1
21
288
243
235
215
242
76
7
14
149
7
77
505
397
99
13
1
355
1
355
141
10
74
1
3
2
73
138
147
405
848
846
1
675
77
27
1
1
8
9
825
830
41
1
121
260
206
499
300
1
1
100
945
3
20
10
6
6
21
36
5
2
433
11
227
13
2
137
1
16
3
1
223
5
477
4
1
16
7
47
62
41
162
52
127
1
25
2
66
1
19
4
20
222
5
1
559
38
16
126
256
871
7
2
13
4
43
185
1
9
27
752
3
102
101
2
624
756
437
5
3
76
370
1
770
334
1
865
22
13
5
8
850
66
6
3
62
2
5
1
77
1
590
2
3
2
11
10
2
211
178
53
628
3
1
1
329
1
17
176
24
32
9
1
48
2
332
51
176
462
128
1
186
2
6
1
9
852
5
21
39
19
21
6
1
76
9
62
2
1
443
105
18
1
2
36
12
518
130
92
177
383
8
20
1
5
8
16
872
2
402
15
233
6
232
492
118
218
319
101
11
4
15
123
206
3
1
10
7
53
1
5
4
1
126
37
211
6
1
132
4
352
11
200
14
2
1
3
56
62
6
117
1
741
259
34
341
19
106
16
588
20
13
56
7
50
177
322
106
1
51
953
4
298
27
311
75
6
78
85
2
1
427
4
23
8
84
1
1
4
647
149
6
127
30
10
4
11
20
5
35
4
1
3
1
206
5
3
1
1
106
36
649
21
1
33
19
2
1
115
9
140
1
232
83
11
1
722
9
55
1
526
60
6
410
6
1
35
50
3
5
3
44
79
35
36
54
4
39
112
8
1
2
265
146
7
220
342
13
1
29
8
175
82
1
5
24
7
29
16
1
281
876
1
2
13
1
143
5
6
9
76
3
1
1
3
218
440
43
70
15
2
6
31
113
10
1
872
224
2
88
2
405
100
5
10
1
29
51
7
7
58
49
338
47
4
239
13
3
3
15
441
1
1
1
2
13
377
1
833
355
1
40
44
8
15
67
1
29
1
887
1
3
14
20
76
2
13
47
153
83
14
616
683
202
619
15
14
1
425
25
2
33
86
264
33
36
5
23
16
681
78
185
2
7
770
202
6
2
2
94
79
1
3
675
483
17
206
2
6
221
1
4
2
48
5
117
173
125
20
9
42
33
114
413
5
253
55
65
79
1
2
828
460
2
459
22
2
1
60
2
3
17
551
294
1
10
28
20
1
771
25
3
2
37
897
12
197
23
47
3
894
47
15
104
18
53
305
234
13
2
2
4
11
6
15
23
71
300
108
13
120
757
811
4
76
331
26
3
3
118
2
346
5
31
9
3
80
16
1
797
1
190
73
1
2
2
1
7
417
71
3
983
47
252
1
2
4
175
364
82
20
387
96
709
330
8
2
4
1
539
192
1
790
374
560
737
99
72
107
18
201
264
679
722
53
599
1
362
2
1
9
606
4
4
35
206
1
191
220
563
2
1
1
6
1
187
783
197
151
1
17
16
178
1
196
3
329
219
24
972
53
1
4
1
2
4
2
807
916
1
4
12
106
2
17
163
2
12
21
75
3
599
5
49
69
2
6
5
28
3
12
76
6
57
5
13
101
1
44
16
593
3
62
1
191
45
22
6
3
28
327
10
20
51
754
189
1
2
256
1
9
224
6
25
8
1
32
105
41
1
25
25
1
74
8
190
134
2
2
66
36
3
293
141
1000
677
8
10
1
299
2
1
4
5
223
3
288
66
32
312
129
28
25
1
88
74
43
114
13
4
283
7
22
3
456
13
3
39
8
79
1
16
2
83
173
388
276
4
59
127
2
2
25
4
511
11
417
7
828
1
4
422
1
2
2
1
21
25
2
3
1
5
267
41
20
316
5
1
1
251
136
94
451
5
91
10
53
8
18
7
243
53
17
201
3
1
12
4
539
555
19
6
15
13
397
4
577
3
1
4
87
55
237
54
10
39
539
37
3
12
78
221
109
1
85
287
22
5
27
10
17
5
26
46
1
88
263
23
72
82
10
43
11
142
1
216
3
677
80
166
502
153
331
433
102
55
642
7
7
1
3
144
736
16
1
5
1
47
7
1
30
150
1
52
1
14
2
75
20
1
15
32
563
354
900
80
216
7
2
15
6
27
13
23
13
64
1
6
1
5
464
1
5
2
32
155
17
3
11
22
52
794
28
960
553
13
272
7
5
3
49
273
5
1
962
80
22
101
9
47
94
39
2
91
3
4
19
7
10
62
493
7
2
38
1
318
131
1
540
1
113
305
427
3
6
4
5
5
1
47
2
2
217
1
1
69
3
12
341
17
20
12
189
22
6
2
190
1
124
11
4
257
1
388
129
522
188
4
5
994
37
687
9
35
93
1
10
597
6
3
14
990
3
775
175
6
30
13
2
3
5
42
41
2
1
10
3
21
355
43
183
11
44
12
9
295
35
204
90
43
274
19
1
2
9
7
3
71
33
54
3
1
6
7
3
7
12
852
782
858
141
176
3
44
1
3
82
4
2
1
566
32
1
11
86
2
20
8
282
42
143
8
1
5
85
334
211
42
7
2
1
2
1
668
663
3
3
306
7
3
7
7
406
56
60
39
895
5
2
8
3
2
52
687
7
175
5
12
2
183
248
15
212
327
1
57
8
2
35
292
31
3
15
2
7
294
1
1
299
1
1
974
301
104
93
583
195
211
331
1
205
96
62
353
2
195
11
445
41
2
297
1
358
1
4
29
127
1
4
72
5
29
6
1
3
5
73
49
66
10
11
3
382
1
253
3
29
847
1
2
8
331
3
5
1
13
3
21
2
1
2
48
26
25
47
11
6
11
525
1
61
20
721
6
1
1
54
2
10
159
309
33
50
7
1
2
42
11
588
50
830
104
37
12
740
3
4
53
11
41
191
185
137
594
275
24
13
5
309
1
731
3
1
2
309
1
2
31
5
502
106
48
1
16
481
85
1
14
556
238
208
174
351
11
2
821
197
233
121
4
122
86
162
487
240
130
41
492
3
9
175
2
140
13
5
134
4
461
145
28
38
6
19
47
63
679
67
18
134
26
992
67
1
1
739
313
1
124
4
95
403
601
1
52
750
35
282
22
338
457
22
31
10
5
4
17
941
96
53
143
2
1
7
4
1
1
1
1
1
25
55
75
618
80
223
36
7
161
407
35
1
39
31
112
468
464
2
1
11
503
902
22
2
8
38
2
6
129
2
4
214
927
73
854
22
13
533
74
17
30
2
12
40
43
4
787
26
3
15
5
6
1
1
159
509
898
62
15
117
1
1
1
1
4
261
9
1
322
1
157
127
9
922
1
38
1
12
6
2
16
70
5
838
875
6
1
561
205
9
396
2
127
12
795
24
