2510
25
407
761
42
109
11
4
63
2586
104
2736
1573
5
449
1655
367
177
12
7
2239
8
402
91
2894
1805
189
2387
81
157
1180
5
678
5
1454
32
1152
8
475
275
1281
5
137
34
1
4
1569
318
68
70
2541
194
1638
6
2292
1330
1
1594
113
17
143
265
3
892
44
1112
205
139
5
106
4
131
2
8
31
1906
2
249
1408
668
16
145
36
36
464
1554
2248
1408
1
1443
1100
2095
11
299
497
1695
1019
355
671
932
1
11
1377
156
2261
1961
22
297
1741
1
6
12
913
22
1136
115
1542
2
29
1321
1147
1717
65
13
32
547
913
16
742
830
2701
1257
1604
184
14
226
1
1287
114
1555
2356
1678
251
369
386
432
498
1860
1117
1643
59
2833
783
628
66
940
143
4
447
132
1845
37
131
82
15
20
309
699
407
3
8
526
8
91
207
1198
2
1707
59
50
16
186
3
11
1714
712
873
1474
1
96
7
370
2
1624
152
445
24
40
2959
1477
1899
340
32
128
1601
651
137
1018
59
602
282
140
2919
7
20
4
639
34
128
739
1
16
1
484
29
197
27
52
2
320
676
124
2751
729
11
9
13
2366
135
41
2590
154
58
1939
63
113
458
181
41
1757
512
2
1184
1649
682
384
215
62
339
2
211
2103
32
1463
14
1507
1163
64
15
704
1
74
2
27
1
85
263
292
25
148
2
1290
37
1533
1756
939
49
1690
102
1681
97
24
2031
919
1047
41
246
3
127
2014
2177
1316
469
346
569
26
1278
1788
21
8
1
45
369
392
289
5
3
4
204
2770
3
16
765
1
10
28
122
2
579
3
197
2699
608
85
1358
67
106
627
400
572
29
29
2059
892
414
2228
1902
777
71
8
1308
1511
42
124
8
2054
1736
386
30
821
159
184
1161
74
1393
1645
2558
220
2
488
1643
1716
2077
128
925
445
361
2638
1001
742
94
557
2
1000
734
482
12
345
1967
840
488
50
228
2645
1246
1
1048
631
2205
1114
1
2
383
12
164
63
1375
802
2659
2223
266
256
1016
242
2
258
113
168
28
111
31
49
10
1
2744
19
1681
600
20
88
208
3
338
1228
68
910
76
1616
570
2
1036
15
8
282
113
1987
39
57
2734
2769
2939
321
53
1
2
1742
15
587
717
11
39
208
2456
87
553
1
2580
12
1
1608
8
1335
8
2142
100
1102
42
30
2738
126
565
868
1838
875
12
2937
571
5
13
829
785
313
937
815
116
133
719
1217
1252
1574
1965
1
359
1839
721
387
2296
40
2510
5
514
11
68
75
1754
2339
3
51
1125
130
5
277
497
1554
2355
665
588
457
657
891
316
2
493
734
36
1641
488
17
20
2975
519
8
42
286
3
366
148
335
1953
571
1
670
4
309
3
884
1998
9
1090
1765
90
109
17
27
2119
1151
608
649
2
618
884
35
2
53
1299
2691
886
84
1580
7
1
1244
357
2969
2163
34
2092
743
89
228
406
152
7
815
437
1254
411
1544
1675
225
19
41
2576
180
7
32
386
101
2978
41
298
117
1
4
50
224
867
549
2570
224
811
2764
2682
3
1004
196
372
144
46
2506
29
254
16
356
11
18
2618
2974
929
2835
920
494
168
513
43
927
343
41
834
543
262
1449
96
1661
210
17
157
125
5
2
1
1
1997
2186
92
60
232
854
63
306
2
105
7
697
6
592
317
7
1383
207
21
7
1248
443
534
213
17
35
2778
1692
168
155
15
275
294
19
1725
122
2978
1231
325
1056
4
76
2934
232
95
2
1224
65
1
967
950
78
1551
143
759
2
501
2697
338
34
33
766
552
3
2413
338
30
2784
154
2365
670
24
12
236
2440
749
253
1191
35
218
156
8
509
12
33
13
742
5
69
112
3
107
378
8
341
746
12
1077
482
184
602
8
2554
2898
117
2849
2185
49
16
35
6
1
1
108
10
2011
1535
23
626
2313
20
1
579
2721
397
81
1944
1
552
535
512
878
314
367
2076
234
274
430
1
2344
768
2744
2
131
40
1868
1956
1
305
17
1960
1
1873
1989
1
1336
115
982
25
1366
168
2985
867
550
237
15
2
309
52
2636
866
99
21
682
3
3
14
39
16
5
40
386
21
290
1688
1
1401
306
2
600
993
611
9
2778
1853
10
4
2228
1370
1379
1689
3
251
1488
953
1
978
1224
46
282
12
3
1541
502
8
1269
1705
424
140
1116
2652
321
231
1000
15
81
176
2621
149
611
155
2
783
6
487
365
1761
5
547
333
988
664
2741
2262
90
797
652
528
1039
334
886
1383
367
1119
14
29
1921
1471
227
180
2094
796
4
104
1001
9
1
17
361
4
53
45
68
24
429
60
1631
461
98
33
1108
407
438
429
1797
2525
39
2060
2083
426
215
2865
115
2292
1140
5
1884
1067
16
9
13
518
612
385
1006
608
2412
856
297
2769
110
483
1028
88
1828
1
686
33
2848
172
15
18
1483
446
634
4
1022
24
16
1065
8
843
159
1336
2378
1249
59
1446
16
2850
63
279
1263
1736
385
2
274
2197
195
2354
47
1
2432
175
34
1308
165
52
65
1968
31
2381
1028
262
62
808
2570
39
180
1107
775
1724
53
73
127
181
31
347
2
1248
2
269
132
203
1
1248
278
13
23
1353
2284
1460
29
3
2
368
8
1
11
2235
662
14
1500
508
94
69
475
12
255
231
1
324
321
952
149
1662
1516
448
116
4
58
673
11
136
2811
491
140
15
623
353
52
2280
10
45
100
9
87
192
350
44
10
33
81
418
498
39
17
521
38
486
220
49
1643
168
113
817
332
864
620
2
96
1
836
315
2087
25
439
4
377
2084
17
3
8
100
846
44
531
4
2615
1820
190
1520
191
102
3
989
1933
173
2006
682
172
227
2046
52
78
116
1
1572
47
295
513
18
210
1339
4
307
632
135
2051
2466
11
10
7
16
459
41
2194
1
127
2550
343
46
182
1
7
42
246
41
85
149
158
4
2094
1
2494
2767
2972
1332
306
2
1210
100
647
10
109
1
801
2235
3
473
28
2644
2641
1358
8
59
112
997
331
10
78
1044
130
69
150
322
1958
56
323
20
149
20
1541
1850
1
2427
1498
10
310
1309
75
3
2820
120
3
1199
1259
26
57
295
4
74
1290
74
938
173
1467
2868
183
33
657
246
348
120
229
1
50
73
1138
1093
33
59
460
2166
1
2490
1810
2099
92
1008
1197
17
161
622
1078
9
115
21
2831
279
1
120
2897
489
2045
1734
1
2938
1903
1449
37
1
651
31
544
212
2061
521
1876
10
29
1656
79
357
2385
2524
1
178
699
2999
1
19
28
37
590
1
86
2820
1411
1249
157
9
328
102
2135
70
5
24
23
178
1223
181
39
590
1892
1771
4
895
8
485
2500
466
2826
457
39
692
2
12
246
43
1318
2201
828
54
752
13
1025
2066
5
659
1545
754
72
787
2196
700
875
14
172
91
38
49
140
393
759
1328
6
507
1976
1246
1092
1722
164
53
186
6
2437
27
1
61
34
2542
354
32
696
321
2
2849
1
2101
14
1155
540
5
284
2343
5
1664
21
68
14
5
784
1130
15
1056
90
86
10
47
3
1608
1546
26
7
68
17
278
131
312
9
169
13
130
53
44
35
377
549
61
2382
666
2
2479
2927
1232
244
30
17
34
396
16
683
88
24
2571
823
10
213
50
10
80
15
1388
19
2488
505
5
1260
33
25
755
1148
4
6
2455
48
30
153
409
1192
365
18
30
1211
2888
1
386
1712
8
30
149
136
262
873
1733
2960
417
2583
276
40
4
166
9
1353
2819
868
196
261
1134
822
608
799
1031
1945
2
2
870
15
2683
116
1530
2324
1
270
1047
277
2007
9
513
700
567
855
122
501
22
191
11
61
5
59
2923
1933
1820
565
137
12
32
120
141
1631
2327
2187
217
183
465
588
56
1265
650
21
250
1333
52
27
14
2848
2407
2112
2914
63
992
290
2968
62
2834
6
9
5
2830
2441
67
17
96
179
17
1095
2384
307
2952
629
125
831
1732
566
462
872
399
1215
60
14
539
16
54
85
567
1783
115
135
1415
169
359
225
1017
1246
293
99
174
646
891
1110
1380
153
1364
4
1213
2417
421
3
214
32
23
34
161
21
2132
1030
1937
123
8
22
90
63
172
77
1709
360
713
1742
2676
339
10
108
1
281
1431
1271
7
692
1023
1808
8
41
111
217
83
2967
163
1208
307
556
2904
343
129
53
21
2537
1158
119
1
1415
970
2895
3
1175
2826
337
696
11
1
1024
7
1
1352
117
283
96
836
141
1917
1430
2359
1338
1574
643
26
1763
427
275
1199
714
32
2758
31
1148
9
10
1168
1286
89
230
2114
623
308
1
1622
104
389
1155
975
26
8
14
1008
12
78
168
66
250
3
108
1
1137
388
3
39
38
446
271
449
982
1714
1
2814
924
397
952
825
10
168
2475
298
105
146
453
1
1
1424
1935
61
163
1048
1935
2047
4
52
2755
1371
243
184
253
2
84
8
210
24
1866
513
107
3
2859
32
2
2046
739
1072
961
1277
132
153
1
219
3
25
24
51
2
116
673
88
123
667
414
2053
3
931
476
2706
109
931
501
703
5
1039
2988
71
6
687
336
208
1232
446
1484
53
1
174
652
2
66
494
32
790
784
535
43
89
751
4
276
326
1
842
2880
306
155
2459
67
13
57
1296
7
2871
129
683
1
1
37
1806
2014
1221
276
640
2036
372
266
2352
26
24
3
43
147
55
1084
1998
18
1548
269
5
792
4
2824
775
8
992
6
12
11
680
467
762
1987
27
1377
2071
5
313
396
371
1877
383
8
92
2303
538
313
1201
76
62
2269
133
66
2269
1525
730
43
208
1536
1760
12
74
1883
3
52
37
150
50
266
1414
665
1189
1636
182
6
1113
24
237
41
135
543
90
686
1
63
2797
4
21
49
868
238
1
70
125
977
84
256
2797
14
18
2440
371
11
85
3
2031
189
92
272
43
58
786
367
115
644
99
2513
17
1974
40
1937
32
288
288
1
1
8
653
4
56
1917
1333
2439
293
935
535
59
669
74
334
3
32
329
1315
1
1789
815
71
45
8
134
2293
2981
7
51
114
83
2655
14
354
1163
614
9
171
14
2748
74
361
20
3
7
732
5
3
1
2013
5
2968
83
224
2792
1506
2881
2455
18
52
10
22
77
1378
511
45
512
1137
1
520
2474
343
442
497
1574
360
84
1704
1614
176
879
520
112
64
309
1
3
1
294
25
2
790
292
42
2384
89
15
1
121
439
1738
2802
324
2058
4
75
360
3
167
559
2889
111
34
2333
891
887
515
80
2553
1
102
26
110
433
2
376
42
968
2252
8
2
1703
2652
18
73
19
17
702
251
22
1228
27
1464
79
59
1
1341
5
10
348
19
1191
620
238
12
1526
266
312
5
130
102
2250
1200
2580
2168
16
2837
11
2031
1230
1058
138
10
127
4
1657
21
114
1784
289
3
1681
7
183
2
1113
47
310
34
35
556
49
385
1482
1832
2556
55
483
1811
2689
135
610
122
463
2697
257
961
713
101
966
173
2456
2068
2737
3
57
28
881
2375
1502
1400
2993
2679
497
248
20
1
33
4
1
2951
2715
864
3
2
40
1475
2095
113
1953
236
18
1392
1646
64
1082
2143
280
181
635
14
52
583
2
69
5
1098
323
33
1
275
440
95
409
436
326
2361
1019
172
695
2
2937
2
4
1557
2287
757
291
1240
128
929
453
2296
43
1641
445
1144
3
2147
231
2
452
124
1506
280
2400
1502
2182
669
628
102
257
4
1063
148
1555
494
6
1608
31
185
909
75
95
795
1717
33
1625
119
481
282
120
2326
487
254
11
11
14
12
643
999
1945
13
738
4
293
49
704
339
1759
957
48
768
1
2835
174
5
6
1
2475
999
2569
1
1758
35
426
82
28
19
33
1
1385
31
13
250
28
2615
17
1872
72
1806
27
299
499
5
99
7
1735
922
1319
414
80
1673
282
236
1
62
357
69
1
20
2745
2
244
2157
661
1340
17
2338
4
70
9
1669
282
685
2828
653
294
5
11
22
1614
3
26
533
6
4
282
2920
15
15
1936
208
514
2133
1
3
2073
140
1519
35
2862
467
49
458
177
91
1697
1259
835
1182
1
403
25
324
274
16
1
218
1592
105
766
983
1297
1165
3
145
6
872
1317
66
1886
2626
1
471
12
1133
935
1718
1964
27
321
59
493
112
84
648
1580
88
6
14
1750
1908
318
877
1178
38
2017
1175
2469
56
1293
786
2402
3000
146
392
1302
805
8
120
116
11
1744
1
1515
482
137
83
152
672
1343
3
9
2086
389
18
2259
1
398
1741
23
221
14
220
7
550
193
17
2
308
1541
767
99
673
1600
7
2940
8
2362
152
1
801
1404
1765
1502
560
103
1651
141
933
940
30
6
1343
926
444
548
28
968
1
796
3
2907
2006
1099
1440
2
2560
666
43
28
1
2715
20
13
43
455
2024
5
41
31
17
16
549
880
265
1840
1159
153
951
178
25
345
158
30
84
5
11
602
89
2098
255
3
1402
624
5
462
1719
1637
123
220
422
2
274
2329
3
1290
182
1644
78
723
2
638
2172
19
1383
1236
2
2536
11
1391
321
23
238
841
119
104
7
1913
29
1387
113
137
90
998
40
2942
5
2958
264
332
166
4
342
559
21
2383
276
10
520
328
1061
129
245
686
5
38
38
620
463
463
1969
1892
1707
218
9
122
12
154
85
13
617
2084
226
2569
1
568
1444
60
35
268
478
1144
1341
2
554
1908
329
95
1693
1415
2043
167
6
2830
10
215
73
55
1349
361
130
2809
1034
2961
2910
442
1
1973
707
16
236
1760
151
389
114
437
1471
62
1555
5
10
2559
391
1
1
107
2542
186
2
514
2657
95
1317
2072
113
332
127
319
5
1656
1508
2559
1104
9
1079
355
239
1
199
1006
1354
1086
1898
1
2726
6
451
2086
1583
210
229
21
2755
32
469
23
5
12
1
1700
16
4
698
2908
491
62
2246
399
62
682
1
1247
11
280
246
9
153
85
18
803
1
58
907
2578
2408
36
44
297
1885
931
69
8
1545
1962
940
50
1170
82
10
2371
211
25
23
14
229
71
1556
1279
840
615
1869
1007
197
26
394
103
611
744
1446
1
1860
95
27
1387
1488
1939
2
758
2041
605
1081
1066
279
87
1
2
348
67
53
78
1115
244
577
2
246
18
769
124
1168
1337
2011
234
2138
592
2
906
1531
141
3
1306
1780
559
5
48
2
392
9
3
69
187
827
1
2258
972
14
4
1224
13
424
10
1232
181
1557
7
750
1946
114
1375
5
535
184
25
6
1639
888
601
721
30
990
357
239
179
527
963
842
2
1465
539
8
361
489
152
1363
20
2365
2304
340
1
1465
1888
8
902
1
1109
619
96
1237
1
1253
106
1377
132
4
185
1155
192
81
59
103
399
42
54
1
107
103
126
2196
329
188
136
2441
1451
37
743
119
30
161
212
1913
2206
5
493
1268
55
1598
9
10
12
91
7
115
63
454
1252
458
100
3
773
6
7
12
2216
26
1777
6
46
2662
5
797
35
1764
1565
2344
2469
204
86
254
1
53
306
239
66
332
21
1
288
7
1208
1514
1271
1260
709
2
132
2084
207
21
2
76
12
1232
652
1004
9
581
52
2006
382
496
41
61
1015
18
4
1484
115
63
350
90
14
1199
55
1062
802
1737
707
1023
4
2751
9
3
978
1
61
4
42
1357
372
379
179
209
126
317
86
74
2223
263
2
2
23
1
1
2
221
1411
5
129
97
2906
1473
151
66
69
778
2247
512
1184
13
806
5
8
2372
2881
1292
2200
763
255
1101
353
2266
2968
9
804
2114
1253
851
115
167
2736
241
952
901
12
569
1650
363
6
8
2
620
62
625
1
111
166
652
2387
2015
287
943
6
1189
86
29
1224
113
506
2507
700
1977
1248
1432
812
1457
71
845
632
2318
471
27
2451
498
40
2766
19
343
847
207
35
158
2560
1304
1379
674
1895
2
1272
1200
223
549
1
749
4
219
1
439
498
716
313
109
225
840
517
773
61
1531
310
636
178
1
446
18
629
1572
9
481
487
172
96
19
765
396
2710
105
1
133
4
6
31
1
51
7
837
98
464
657
1146
209
279
407
743
243
1
9
4
1838
31
504
3
551
1263
1855
7
447
303
268
262
30
2
1289
2320
165
1343
2525
20
1
267
1910
6
1499
744
1132
177
1413
1398
639
346
20
187
719
2629
7
1303
296
480
535
286
1
617
1534
426
6
568
26
1633
642
202
751
73
96
909
1
463
292
21
1713
7
9
22
42
943
1058
228
4
96
2
2272
466
73
19
124
14
2018
316
497
377
1502
412
19
24
496
87
105
5
1524
4
3
1226
19
16
725
839
2572
3
785
2724
4
1287
566
26
679
634
1372
12
2315
436
482
328
1252
739
484
109
331
124
752
140
287
33
1163
956
1247
948
122
2
59
177
1820
246
202
1504
4
2427
565
1755
339
533
285
188
54
5
2436
75
2
2216
64
26
358
645
147
2766
3
2070
1092
2951
443
2372
2
373
256
9
1
12
92
935
226
2307
408
2472
115
25
149
889
211
2707
11
46
23
342
92
676
22
255
2
255
537
483
1936
89
227
24
1725
304
972
42
351
1968
1822
44
1
227
71
504
227
2667
67
77
79
2245
2
12
2
3
67
34
250
266
2863
93
207
571
2556
2559
32
2159
1387
38
27
255
130
235
127
412
233
26
2
35
6
1327
11
572
149
264
1
1
6
67
446
1620
193
434
1623
799
47
2326
2290
1114
28
2956
43
1
120
81
219
258
572
528
29
2623
1748
3
153
2277
491
10
15
231
128
26
2922
1451
528
1166
132
2083
978
474
1276
725
288
104
716
362
339
76
2
17
1569
575
1706
71
410
2
1599
2538
1
298
2690
2300
45
2586
2949
6
227
62
4
1515
318
35
2002
2
1123
19
185
16
124
870
2408
1267
1411
41
2
1112
126
1423
1708
611
25
330
581
1322
1342
1286
2958
1271
8
189
45
4
2155
55
6
12
228
15
2434
404
2073
291
1
50
34
26
2126
1291
1942
544
1205
609
3
299
318
13
420
507
410
1619
16
1763
6
524
2040
1
45
702
113
1020
2
396
640
213
522
20
3
1511
603
259
78
57
52
627
63
1
273
181
1563
110
1
1840
1269
2194
281
2672
2739
208
172
59
2104
586
946
15
2867
666
198
1532
65
1
4
1175
304
1435
22
792
2277
56
2296
1009
51
26
2378
32
30
304
46
1266
1
2960
161
30
112
632
18
3
460
269
46
1312
223
1569
1
16
7
2625
268
11
44
1
82
54
378
734
164
1321
2602
2784
150
2
4
2707
1206
55
3
49
843
1
334
23
3
181
1
2990
115
923
1400
2517
1169
113
53
426
447
1485
2335
77
361
317
1684
744
234
109
33
984
50
2659
136
252
6
321
49
20
605
1670
1002
62
2731
152
77
606
2722
1577
55
2970
2586
588
734
93
17
17
2220
395
1647
269
613
2777
10
343
6
1945
260
186
62
2452
12
627
2814
144
2
61
1164
232
97
706
250
188
9
2460
1549
332
2929
436
961
1130
2450
283
310
427
306
4
2924
1
282
250
17
717
24
18
12
762
396
420
700
245
3
1135
295
28
42
4
761
280
568
220
6
1338
376
460
432
449
969
1667
2
1080
91
70
2468
267
2552
93
2637
2361
562
1
1083
2158
1832
147
134
192
99
5
298
841
1343
2627
349
69
1621
417
2825
167
83
5
21
494
1093
123
102
819
1
479
50
2315
3
2269
219
523
1188
1024
2586
855
2391
1
40
861
14
1567
11
1548
1440
224
2
2
729
31
23
492
7
882
2829
5
7
12
5
991
389
1125
1222
135
2
23
266
3
35
1929
697
119
1362
4
1048
42
1
56
1692
1165
517
765
67
4
4
1118
642
507
2299
2
1222
509
82
2484
49
986
237
974
1
5
2309
1221
35
2176
20
1871
14
2
409
512
29
20
608
421
2686
44
143
847
363
607
82
116
134
139
287
1036
26
1100
865
1585
2362
605
1904
2460
578
1246
2122
34
103
1
3
2926
48
155
1992
15
941
1229
25
383
176
1580
1281
161
119
56
573
2090
741
39
62
315
140
1486
513
92
3
419
342
829
35
1949
1279
2451
13
85
201
1412
790
2702
1
1432
1452
2573
2017
329
1
1583
180
1228
2048
2142
120
1930
1092
69
532
12
135
10
599
4
818
33
98
265
2416
932
3
95
1
2004
2855
446
246
3
220
121
2884
4
92
4
1425
2
1566
1427
3
93
2
427
5
66
155
3
1199
24
201
1678
36
462
75
1623
75
1251
184
13
1759
1716
60
170
4
1041
185
5
290
4
244
378
916
583
11
243
34
1399
2417
1791
2
885
536
473
9
222
245
7
2064
653
16
1852
318
64
1132
24
23
1197
1756
537
49
5
245
55
1501
4
999
403
1495
97
105
354
26
33
10
10
41
355
931
19
28
1105
1649
252
37
386
551
138
13
40
198
9
6
516
28
1409
946
8
30
200
8
310
18
2344
3
1
11
138
2729
365
412
133
146
127
2602
2199
1004
556
163
905
16
498
8
1359
54
1172
2511
1197
71
1920
466
966
1511
368
127
54
24
170
2796
80
530
2879
1368
541
1303
7
526
1436
63
302
301
60
96
560
18
2693
326
37
1455
175
1209
119
164
409
229
1092
471
2998
102
1044
203
441
21
26
1286
1790
92
785
32
326
85
875
225
2785
2664
24
14
484
160
1786
652
703
371
2499
5
131
83
1354
2087
764
2
873
611
446
202
2095
794
4
6
427
4
6
2159
1415
141
74
1453
559
765
78
576
1
2
936
11
12
2
150
15
43
2508
2283
397
11
9
119
866
2
2297
422
22
19
37
363
9
740
1543
210
610
314
7
1
2183
4
1
2
339
13
2203
2
232
509
2606
251
2983
2530
451
1
676
3
60
169
474
1075
2499
1707
243
2875
846
501
11
2010
98
93
1
1537
80
1280
153
1539
895
2
325
714
702
1
2
406
76
76
2624
467
68
402
1887
4
2
776
403
1845
7
77
808
1
6
9
71
209
108
13
146
100
1586
738
746
64
16
952
9
489
2
73
4
1494
3
60
26
2
150
833
2466
637
1503
43
416
231
2863
1168
28
1166
700
23
444
143
562
15
13
38
5
1447
261
1442
28
404
7
1322
1572
989
2539
61
2141
829
1456
1699
41
1552
619
99
14
62
534
1
2067
293
1311
40
1644
326
14
1352
1732
1442
48
1
52
97
688
1
51
469
45
2
1501
60
913
406
2
2234
20
1991
9
57
65
114
1
2129
15
17
28
1341
80
2771
48
2944
2
270
181
14
29
1225
2170
2128
469
92
973
93
2239
3
8
64
78
2862
14
154
108
2581
172
1004
385
1559
2442
2623
2264
315
1165
2066
42
6
119
33
31
649
1
5
1
1095
284
65
1019
230
111
1
1736
1730
2705
20
1146
1667
2456
36
110
66
737
158
119
2799
114
133
1507
1006
1588
373
129
1859
165
281
1097
257
607
28
122
1
2586
1107
27
74
553
17
264
11
1796
45
475
30
1930
5
109
270
366
527
68
2485
7
1243
2897
200
1194
1
1262
11
1389
48
1
182
452
103
116
147
1562
50
3
229
1625
1209
357
1123
45
1
105
2140
217
2016
2418
54
2872
759
3
1554
64
179
409
397
1349
117
110
2636
2453
162
1874
929
78
2071
32
88
606
2
260
1513
2349
2854
356
1
4
354
1
2222
212
650
5
196
1460
2622
2503
102
1372
1
89
24
13
1141
1023
1078
2792
469
2720
20
1830
599
165
2567
2
34
356
720
83
204
24
39
94
1
719
419
116
1261
246
354
1711
32
284
1337
27
4
79
2
1327
129
32
347
1899
6
1585
3000
365
87
1032
447
3
4
31
210
502
683
2
1287
1235
76
46
1127
3
5
95
1
129
1
19
40
2963
1493
699
7
1726
2
2605
91
200
3
1
439
2155
59
1425
154
465
2425
98
2074
72
138
183
2342
7
186
693
847
747
357
1592
43
74
1446
838
276
530
116
197
791
2121
792
1072
565
559
8
28
2756
199
2266
1586
2875
12
2
1539
845
539
2865
126
69
987
379
2565
4
433
3
212
601
16
375
1738
1
595
58
1854
1989
2563
783
71
1
15
2015
41
697
46
1528
2
20
2452
64
1795
7
1035
2437
1
2
232
1747
214
2034
1281
353
39
2638
355
148
588
686
1
89
784
168
20
111
1728
1071
705
2694
1
2
2070
160
1190
2044
516
536
20
829
1157
4
95
301
1577
1348
1
2
11
46
2831
132
9
863
2662
145
81
311
173
37
383
1
62
470
409
9
1856
1425
1867
1142
208
75
798
7
732
2904
238
195
70
1279
2
131
2822
2166
108
925
34
65
941
755
2916
260
1767
55
1748
763
16
1219
1932
10
44
2
298
221
216
7
163
1809
164
65
2
44
803
1
61
1
253
1177
1084
43
1409
148
348
6
5
1008
2350
722
454
684
187
2
22
266
56
4
125
673
87
24
