1
8
30
272
1173
2151
356
133
41
163
9
9
55
564
1097
87
1
462
1149
183
19
1233
2045
49
432
1
1806
304
1778
399
122
188
877
108
89
566
124
1678
2
1408
796
62
135
1017
538
3
6
87
505
173
1
189
19
248
199
872
4
7
76
34
1445
502
32
132
3
1340
604
576
2187
651
1
1342
428
224
21
622
1073
4
213
15
923
1
1973
784
83
853
245
2
29
56
10
202
1
79
382
1518
253
1645
571
1
1166
48
1607
142
1182
49
1040
13
103
294
105
143
816
353
1996
12
599
28
62
664
1
883
1279
1
961
1
12
248
592
55
9
278
687
2059
2462
24
9
16
18
12
22
1806
853
17
1206
22
121
1
2214
1078
2442
10
314
259
7
928
1520
1700
5
1381
26
57
562
24
360
1699
205
46
1977
179
190
3
2
1
757
833
4
19
1131
298
154
1207
11
747
485
27
1548
65
870
484
74
168
5
679
6
856
3
131
133
662
470
120
75
29
145
429
187
94
2100
293
70
2086
1819
27
571
45
340
1631
960
27
2238
8
784
1
220
425
60
9
262
268
2314
2
521
22
2341
2447
1987
2279
2
204
10
545
330
1636
89
8
1729
45
2141
1535
1401
808
390
19
50
1448
2263
5
475
348
1841
226
2
212
208
1273
462
82
41
8
47
54
512
55
74
1
6
468
3
1699
1067
76
1329
998
1
1536
718
1269
32
1811
36
106
43
16
331
33
541
41
532
572
12
30
368
28
556
11
22
73
195
1114
585
291
1724
209
483
1847
674
1165
698
38
957
25
434
286
344
10
7
2
1395
7
2404
64
1314
43
119
5
60
160
393
314
327
82
2103
93
1110
1895
846
384
6
1208
557
2239
583
823
1730
682
1285
16
726
1942
594
193
299
1568
1062
251
1979
1019
1534
25
366
220
795
216
1958
460
2413
303
1153
1
2176
420
40
344
2239
13
8
10
1747
965
2050
666
349
406
3
202
1023
2409
4
134
1239
656
12
663
367
551
3
2
59
1336
15
854
1747
2018
1716
2441
1158
1454
118
2059
312
1180
64
1
2228
383
24
13
36
602
41
267
98
250
1372
6
908
1541
1515
523
1266
240
5
7
685
528
6
105
18
96
20
196
16
384
9
524
1296
2057
64
1558
1193
834
376
37
2389
743
1353
782
1
773
27
247
279
125
599
1
571
11
1122
696
1
727
629
33
87
1089
1127
319
672
30
1377
99
2362
957
6
476
1
310
2452
1301
2170
684
1
29
713
22
28
4
902
235
7
4
5
193
1121
137
38
29
100
1085
24
2
950
1007
754
1798
8
1
82
17
394
344
8
68
589
172
193
63
1676
2336
67
22
1
29
1154
852
43
1464
62
6
47
135
291
392
555
71
14
152
1395
313
177
961
401
41
329
2065
652
700
40
853
935
49
631
177
1
2251
583
258
1243
560
363
33
13
4
774
446
11
3
4
34
139
1
163
1234
143
35
110
291
3
15
271
19
289
138
3
2334
122
65
9
6
1479
3
861
533
109
497
2050
9
170
29
103
535
67
963
415
1140
47
127
1617
1377
222
353
167
1069
1853
1
1057
29
2061
2181
132
134
198
1992
1411
197
525
157
152
2318
1580
4
42
184
14
167
221
826
2056
1113
70
1489
3
655
269
408
271
636
2298
1298
484
305
6
709
2
8
672
1
14
48
1061
277
1688
79
338
1
1562
8
31
1989
558
1063
47
4
1072
36
2252
541
5
2264
74
4
104
1798
42
12
28
1024
816
293
1726
695
47
1575
93
339
694
1567
1
390
143
478
1006
119
727
83
19
163
18
25
243
168
55
1853
295
2138
16
163
1243
48
57
133
65
391
678
1535
48
177
8
464
1785
208
60
275
5
303
378
489
5
1
9
2260
1
133
235
7
17
22
58
170
924
1775
44
10
364
375
13
660
955
166
7
98
88
260
1761
627
272
108
15
1298
12
196
57
45
31
630
1343
60
37
2140
900
495
1959
9
1612
726
162
555
134
4
113
6
1937
145
184
35
23
596
697
8
11
1700
271
1775
1445
2401
11
82
1403
178
967
42
2302
2
10
2067
580
106
855
162
2136
24
393
1270
24
3
8
3
572
2
62
111
687
2220
2162
15
12
2116
175
37
1650
2280
176
79
175
581
1190
821
283
1460
10
3
3
10
469
1990
196
831
266
1391
1399
37
1115
1
12
26
1
909
92
118
2157
86
1
1304
1186
306
112
2397
5
509
1159
1061
5
242
12
251
817
2337
94
9
1451
1776
75
77
226
29
1185
161
618
738
410
1
4
1193
52
33
702
49
19
1322
1666
549
57
294
15
512
290
12
83
2353
1068
1
7
638
1
358
618
1770
481
2267
1180
158
418
9
1331
2175
74
77
1470
495
286
1682
690
575
25
2
1642
124
1864
555
7
239
17
1434
240
50
243
150
3
188
1068
1
1963
90
1634
46
1041
524
18
20
191
1029
9
407
1506
2341
22
10
1
229
12
2235
77
264
1
44
363
2390
2398
1065
1822
1258
15
51
1782
633
1858
1241
6
863
33
16
1
1330
442
1661
78
528
2095
74
20
686
306
11
991
19
396
177
857
410
710
70
1
23
1376
50
17
171
6
137
590
3
2084
17
34
1
1627
1
137
1433
15
185
210
560
7
249
137
770
599
55
1636
34
3
627
291
855
1788
17
326
13
4
680
118
370
1230
553
5
30
984
3
659
834
161
558
998
2444
4
68
1434
1
5
709
1579
55
1970
497
6
66
995
127
1272
641
948
2140
2
255
40
1303
2439
1610
1547
646
27
1075
950
1193
50
574
67
1842
727
54
13
106
98
1618
677
110
96
1912
320
216
5
169
30
3
192
865
1
19
215
2065
382
169
156
66
182
102
2169
55
93
112
3
320
734
809
106
93
1
164
1214
851
179
2095
23
12
1312
30
985
1567
1047
578
88
16
1694
112
489
49
2415
31
305
1810
45
1448
899
2053
328
3
231
5
866
649
122
12
219
1283
1346
2441
407
217
2347
1622
1229
42
16
1259
24
16
466
447
6
6
3
354
1948
1
1160
1987
13
109
306
1
20
1363
3
90
1580
171
2008
1393
342
4
261
1780
650
5
300
1476
127
2086
6
171
2253
843
1024
103
35
412
328
1622
2
136
56
1157
302
24
99
60
104
168
982
209
796
657
1166
36
97
985
2448
713
13
141
1854
685
31
901
11
1488
274
1
138
5
205
1294
137
1575
1365
34
488
11
92
3
2413
119
362
2407
633
1146
1828
1975
584
1493
627
1324
436
9
3
71
1
194
1764
92
19
100
1446
780
330
1
37
44
47
23
890
117
443
56
24
704
90
2310
900
99
311
410
345
481
3
29
5
32
451
148
6
209
44
31
2098
575
1146
2075
514
364
224
6
28
911
117
95
1490
112
509
334
2
19
11
591
322
313
24
533
1527
411
742
917
1392
24
722
16
1109
553
197
1795
1708
61
309
598
33
1027
2306
195
879
159
1
1389
42
129
2
597
1519
117
10
503
519
126
418
9
365
229
70
732
1783
1863
105
3
263
6
9
470
41
260
40
31
446
2349
29
291
1663
3
318
3
1156
153
107
544
155
901
205
7
149
181
2268
17
919
4
10
61
125
2051
219
223
508
306
1261
1719
11
697
1124
1996
1508
645
24
1987
1160
218
2
410
2
726
3
433
1060
259
14
373
4
3
217
342
518
553
209
35
132
427
54
728
1
1127
154
84
23
33
3
2420
2069
756
1239
292
140
206
291
1019
572
829
11
956
1406
7
1874
40
516
260
166
7
325
2324
78
3
1710
945
389
7
943
1
209
78
436
2100
44
106
1573
423
51
839
630
7
38
887
1393
1282
317
429
727
934
5
550
1334
1395
2001
1868
26
1
46
8
1
2033
1218
64
2357
723
4
4
113
10
148
1023
864
988
137
2319
4
3
1366
6
392
841
119
72
1958
1844
120
452
1103
190
2323
668
424
713
280
55
2
2496
88
102
1305
191
18
218
351
328
241
900
1
766
102
1
328
396
1166
11
4
1167
3
1
344
1866
1038
21
611
2278
1
4
931
1048
2317
3
76
555
2360
60
336
2
803
163
1017
310
2206
38
60
164
512
69
5
1460
764
143
864
825
1511
474
2039
173
13
381
3
1
1
107
18
870
85
435
45
1674
25
863
1494
455
31
837
10
536
56
2
474
117
2
1096
1098
266
22
501
54
42
555
829
84
512
1691
14
640
397
875
46
247
472
12
2019
1
123
88
2348
142
89
23
1073
1804
1952
905
180
7
84
154
39
1109
16
205
881
52
387
1
313
882
1199
173
250
45
2066
1545
1355
576
244
43
412
1207
9
488
1231
1319
194
36
256
717
1
470
568
4
282
105
18
2203
3
1092
42
2458
226
1712
572
260
750
51
1
7
600
496
1
1278
80
1070
1
649
1803
4
414
258
1
2250
874
38
583
100
76
173
56
2473
12
888
347
6
173
1010
281
1192
1072
49
314
1
263
477
17
2323
370
1311
1432
656
635
2201
80
272
795
1380
1938
2227
1702
13
270
90
26
20
862
204
88
423
28
210
242
37
231
34
931
17
64
1560
1089
1848
86
9
243
671
11
1181
7
3
160
2348
21
1476
140
184
152
112
157
209
1801
2321
381
225
1044
22
50
883
164
124
8
2026
1513
462
231
1657
28
25
1405
316
1318
1
631
1775
88
231
1007
1895
3
4
943
780
24
2
296
15
88
758
21
734
152
96
2037
201
22
2014
213
2
10
2391
86
2281
6
1477
29
2213
636
468
22
137
5
32
1590
317
2313
9
988
4
410
1753
26
8
5
58
209
323
1281
997
766
47
1314
1691
223
726
2385
230
1264
53
902
688
1396
375
39
8
453
651
1004
17
1404
2388
1278
70
1611
8
2307
1155
2
6
983
2
2348
1171
284
89
2243
2159
1516
53
5
271
377
201
1
161
2
306
30
20
31
418
1138
237
50
717
1
2290
10
724
303
109
301
94
446
590
123
225
2
103
52
116
963
1078
2123
4
910
1329
566
1340
612
1342
871
163
246
92
107
2017
539
475
621
477
481
973
1184
26
608
77
25
896
906
56
6
56
626
14
363
1756
531
1970
1413
318
593
1190
1245
71
17
1267
3
51
248
28
237
11
381
577
1840
2259
727
76
10
112
849
105
291
367
145
130
1811
116
44
2
116
67
12
9
304
182
11
1708
51
10
1
7
614
103
278
259
114
680
15
27
2181
7
567
172
182
4
9
44
19
215
67
33
1123
30
17
13
2208
705
501
794
21
473
806
2
37
1573
2121
27
12
30
21
29
280
3
113
15
9
44
14
16
368
1386
168
54
74
37
647
2263
12
5
160
136
15
179
45
68
134
2192
40
1007
2187
21
5
10
91
54
94
13
1200
3
1502
211
208
372
45
686
148
179
245
157
1
224
121
320
280
207
332
26
1903
785
100
332
1497
105
775
51
295
1
834
30
160
683
284
2
69
454
130
2279
320
175
1296
1794
84
192
779
987
596
16
1516
53
902
1
20
28
21
2
45
788
315
1
2123
111
1
1901
200
1207
634
1
14
32
1936
209
1316
26
1197
1895
42
596
575
103
974
5
22
276
681
39
157
1123
1282
6
370
858
1663
95
90
191
518
268
35
2402
27
374
73
589
68
1199
85
11
530
1495
1763
256
5
2282
2427
156
51
147
7
1577
147
81
1925
235
1235
181
820
1
1300
42
170
1
6
1719
1608
801
20
18
1639
25
1
202
683
103
3
4
1543
3
295
6
2132
2279
799
2437
287
8
91
1786
1
233
1208
1568
6
459
573
9
130
25
489
21
1592
700
14
7
1817
960
217
3
117
8
1125
1432
3
4
41
100
2101
2398
63
203
131
19
1625
9
14
1393
145
1
726
537
57
1576
81
1139
1
2442
1006
591
1341
527
311
1
221
916
32
1881
17
954
520
820
2045
1371
351
11
851
3
2174
216
1285
122
661
1637
17
1
277
3
793
9
23
212
361
1760
254
1015
622
1965
3
454
684
44
416
208
2358
227
212
1039
20
143
4
298
43
8
2321
801
119
21
28
92
2
619
831
319
29
1231
4
15
3
57
99
15
1298
38
8
1747
428
7
53
5
2
1008
290
258
553
355
14
898
9
30
94
2
5
2306
11
91
63
707
352
168
85
227
20
917
44
6
32
723
135
2
42
1219
802
6
88
1675
914
178
1
2
157
89
2183
916
156
22
780
37
2
1031
1942
2215
144
438
20
955
1245
143
513
1290
570
140
14
19
107
320
474
96
305
114
1295
2
256
263
431
510
2225
90
1690
278
60
582
12
62
1991
1256
163
1146
4
3
10
1148
4
386
395
5
8
1642
1039
4
1086
21
41
1187
7
161
375
9
35
351
81
10
1158
35
2356
9
846
4
235
35
1
114
1
1051
16
268
2149
325
361
107
656
83
55
405
2
26
108
994
834
176
2441
2341
1
96
46
7
327
606
26
2
2
3
1370
762
15
691
4
63
26
572
1059
121
155
1594
314
7
301
34
2053
344
61
479
5
611
182
384
101
18
509
11
2420
2380
12
2426
27
776
18
42
26
50
1730
1
704
1
311
28
372
1801
1
520
27
3
39
195
140
1819
11
107
362
289
738
14
2087
2450
117
559
226
494
34
1484
103
544
297
185
204
29
214
1245
2451
1418
497
6
1146
3
2184
261
41
2331
81
1358
2349
2002
1
911
7
1597
746
1464
142
41
18
85
287
1836
419
140
32
9
1904
1809
838
1427
24
491
475
3
720
1922
98
1439
589
1830
2
3
29
57
92
153
37
163
284
24
774
1303
1054
747
332
1638
341
1
256
100
1
25
45
934
90
155
3
1275
29
1642
9
4
906
8
74
1260
194
135
23
2079
1
804
11
1574
174
899
591
555
23
4
977
1915
1748
1
2
54
6
350
1308
55
150
131
2342
256
349
756
72
27
56
602
143
666
1947
1758
2288
1569
129
157
955
1051
873
1514
9
41
1
18
2479
1805
1526
3
1
1314
288
42
27
692
381
1163
2
799
1759
7
18
99
9
1
1988
1201
17
378
24
500
621
56
470
658
874
573
4
101
1466
1503
10
203
38
75
1089
436
6
17
7
13
658
98
16
837
769
24
65
69
636
1
477
1393
91
41
14
94
539
171
5
82
51
4
1685
144
419
731
242
1522
803
171
2257
46
4
62
10
809
71
1
40
1639
1700
472
361
12
7
15
2273
8
1
466
18
965
1282
1077
761
171
182
52
727
1941
96
224
159
4
1458
111
1774
31
275
395
1007
25
312
23
64
167
3
579
41
1459
53
116
150
747
1
6
1656
46
999
2265
10
17
645
2439
171
188
785
1273
448
643
1
1118
1461
576
2
1809
968
920
205
36
19
570
264
144
1736
410
190
75
815
9
2323
787
1750
22
16
2307
1000
60
2156
1667
446
1838
71
215
39
1167
8
363
1210
7
130
2153
2162
2
11
17
686
2064
37
2393
116
21
283
46
639
1
921
33
22
5
886
116
136
1567
23
139
2257
2236
4
54
472
15
77
703
2458
1347
1943
882
4
2313
86
598
1
4
143
2365
2358
447
46
2401
1
453
211
17
140
903
714
8
2
12
4
1006
2
1364
164
382
625
12
469
17
12
71
556
2033
1250
12
1621
1664
59
60
1
326
64
2
1858
182
1656
304
2367
198
2149
1074
2226
206
384
65
304
6
114
10
204
3
7
253
51
1
59
29
2
158
34
1993
8
99
101
225
13
289
1136
31
4
6
2
85
1
406
6
801
731
14
13
78
137
1087
11
125
6
74
2
1828
15
259
1341
1
147
9
86
64
1225
2362
358
1346
4
37
235
516
290
1153
91
189
1918
1300
1
1255
51
7
276
2
104
2076
453
2389
995
16
918
2
2372
3
958
8
185
1722
146
235
135
787
1070
151
33
1231
1142
1190
2296
237
91
99
276
1
2417
1164
1040
1143
239
109
908
86
50
819
91
60
941
9
107
108
2060
124
936
1
285
1
12
3
402
2133
2313
120
1539
764
1724
2455
980
104
33
1354
2199
241
1390
394
472
7
1865
982
1515
4
92
1891
1989
10
30
12
183
530
6
4
126
4
1437
19
3
93
163
147
1225
508
28
2454
1201
13
1321
101
60
581
63
196
356
90
1664
1849
111
187
4
819
1647
384
330
75
196
496
1174
1501
476
1115
42
86
585
1250
213
195
1925
1808
8
8
3
105
294
1065
61
16
384
1560
1
109
1766
6
635
1468
2403
485
1901
6
62
24
189
157
1764
531
9
1321
67
407
2
573
4
87
21
541
1564
253
6
101
2346
241
66
2361
223
124
1583
12
947
627
353
120
4
6
756
37
74
4
31
416
293
367
126
65
486
640
266
1407
2379
231
2436
1041
573
1153
44
967
1745
2475
2
18
156
71
1080
1
13
742
133
1058
2120
179
138
101
31
1
677
11
4
107
104
41
13
33
445
1
25
2225
32
192
50
355
19
394
866
1813
284
23
1828
603
169
139
5
27
2041
57
804
127
736
268
456
101
218
47
1
1
551
13
4
1427
8
6
97
2027
466
104
100
914
397
13
83
3
61
93
99
94
53
164
23
351
125
1994
188
2466
43
1456
1
39
34
2287
202
588
691
49
6
619
739
2395
890
872
3
1344
4
112
146
197
481
797
1423
1271
1526
1321
451
1
9
495
8
178
20
726
415
278
1507
1
130
3
46
2309
1263
11
49
29
1421
1116
994
46
5
66
410
37
178
408
2
1
608
1162
4
6
1608
2212
75
1447
62
1
16
206
72
1900
536
1
935
1474
1375
2143
89
13
272
1773
882
568
20
75
36
2
168
75
173
1528
1637
70
1929
4
700
192
77
998
430
5
1967
2105
31
363
1519
79
1544
418
3
39
2176
1003
26
1219
66
5
81
120
124
1516
202
10
816
62
5
35
1
12
759
34
638
113
22
19
35
25
279
25
1411
362
21
504
675
94
761
8
191
79
61
2005
748
48
2098
1886
407
272
1479
387
1904
105
1330
1062
26
1625
1026
68
1300
227
1
537
5
586
1
2181
2
2048
684
34
1337
2063
241
98
398
2249
468
263
762
5
28
280
799
861
839
9
257
155
52
17
1074
49
1055
54
216
935
2341
502
2028
1309
366
8
16
6
1353
681
1000
1378
1
57
24
23
1
78
88
434
2440
608
12
1450
297
5
39
797
847
1753
4
102
520
45
98
11
1140
900
16
2177
143
609
2303
283
93
1
385
699
135
4
1874
357
1358
1553
1
182
2023
31
4
19
1117
340
6
20
667
12
1063
17
9
19
10
85
24
1010
789
1169
54
1645
1
398
27
531
580
23
1
138
458
1176
237
2
241
74
686
41
87
1840
254
698
934
250
1997
1526
137
8
12
943
1768
159
677
1085
525
607
806
237
20
16
1102
569
1736
691
734
2312
742
9
225
1
719
1262
1253
1217
50
5
1148
1
1114
27
1286
24
520
565
505
36
24
56
62
2294
2
1330
2216
155
6
11
454
1668
177
138
1753
1529
13
1901
5
18
950
433
867
1127
38
60
625
495
3
244
4
440
2261
1
265
5
65
1603
2189
35
76
1903
51
1606
1040
91
1887
187
51
1515
310
341
12
2356
894
1
19
9
77
1235
847
44
323
1518
1657
2461
162
2328
502
3
353
3
2347
262
1764
8
1194
885
73
580
37
111
79
240
8
136
266
704
782
733
166
1269
486
2450
14
137
2
73
796
1576
70
480
52
41
2255
8
444
196
5
2
1
520
1252
320
3
221
46
1390
205
396
139
14
235
943
339
96
159
209
10
1941
4
47
40
367
26
106
3
1
2434
2
122
1723
1695
556
45
21
592
1814
280
1
6
2
1885
490
1042
2165
18
103
709
431
62
279
2367
18
439
1003
15
2500
465
53
1512
9
109
1093
1196
1745
1066
2251
5
1745
198
5
3
2333
67
925
304
364
179
1868
18
5
65
876
7
86
519
1706
196
1266
347
22
502
1153
2
341
443
656
2
2438
112
101
152
1149
373
63
103
920
203
149
19
11
272
746
910
77
166
14
1094
4
557
218
1183
1979
614
75
119
17
24
1547
68
2304
714
298
306
69
66
10
2
19
80
1
2446
1456
831
1337
282
13
471
21
420
34
219
1139
80
977
1270
448
2422
1693
577
314
1
181
2436
7
3
3
778
1365
191
135
791
69
60
58
827
3
115
272
39
91
434
534
348
49
1496
63
15
1998
1408
56
1112
79
294
35
521
12
1240
1345
1
4
71
68
1
2326
1066
1479
1068
116
1922
205
297
365
39
3
1
1018
257
6
2189
14
1646
1
74
683
1082
1
1180
17
3
688
101
751
4
67
27
237
108
360
922
669
1164
1323
290
438
348
52
568
1675
2
1514
386
88
35
81
1631
677
1090
104
79
64
2
266
46
240
16
20
221
661
10
10
811
1068
39
438
1149
56
1052
221
1006
754
944
2467
2
2
170
1080
769
11
34
1224
415
43
744
19
453
1034
339
1712
30
1358
1054
70
617
23
29
5
842
27
1
2454
5
108
195
51
195
39
1667
62
55
93
58
2330
1019
2220
8
457
1120
21
1484
2059
540
320
14
1799
14
2
1
61
86
14
2406
603
1
1
304
1096
69
11
297
1626
2
3
2423
11
131
949
551
10
94
1860
184
26
227
17
1191
7
43
2499
9
532
1019
1351
4
341
161
1477
1058
104
12
65
4
4
81
87
457
1
63
74
45
74
5
1074
226
80
2
565
18
495
19
2148
365
29
182
408
84
226
261
2039
8
22
2289
33
3
673
376
122
21
1701
537
2136
3
201
409
4
219
1203
84
462
7
337
387
518
164
2065
426
28
37
916
401
85
1248
37
90
1235
765
607
2
616
41
80
2404
26
126
1609
6
541
628
512
174
371
664
1843
122
1964
71
16
805
3
400
1
232
1196
267
492
51
1
89
517
670
55
769
1
56
662
5
1761
1179
1961
6
3
1037
24
185
4
327
635
1164
2206
39
537
163
1513
65
1761
48
451
21
991
28
748
22
358
4
355
97
1
446
448
884
192
1068
92
1551
72
15
4
29
2482
2013
1228
35
486
173
2
826
17
1
828
20
48
203
53
2
760
2
35
178
1005
62
422
2064
1096
1
1732
22
1954
484
2472
1035
1471
1
218
1
180
103
2377
17
1
13
10
668
5
825
14
2091
1235
2459
1465
783
2
28
73
248
343
1110
1080
1088
1008
1004
84
13
185
661
289
1001
227
16
140
955
469
772
2080
160
682
755
1724
18
1918
305
211
780
2158
2125
1165
6
1088
50
22
1899
2
26
3
34
162
850
1081
2027
459
2224
54
951
20
5
1
957
158
3
500
127
7
1326
1227
373
69
685
1952
2499
1
2
1596
2483
185
7
44
365
43
370
63
4
27
2
425
739
101
1612
1431
1828
4
676
1749
8
106
354
7
1
691
45
13
1828
253
14
2
2
242
132
170
13
37
467
1477
299
2
736
198
20
206
414
206
228
1904
14
209
454
10
117
943
1
4
588
6
18
25
92
13
703
1842
1046
56
1
4
648
19
3
5
75
1
2439
406
1887
118
91
31
410
17
77
596
38
33
1
1292
950
1197
27
10
68
325
2472
572
1540
2123
495
79
58
89
720
779
628
529
14
7
5
7
529
164
87
976
1829
425
947
76
726
76
10
423
41
215
544
1800
671
48
367
3
97
2
574
225
279
13
22
2
19
1432
115
1951
361
1567
1747
556
31
44
1026
50
243
68
306
205
8
275
290
73
1942
21
322
117
246
198
243
179
1387
2274
309
582
35
83
749
1436
347
2
766
275
1
638
4
151
1568
1
431
62
38
164
799
447
2180
3
746
1445
65
191
30
215
1
653
401
828
6
2197
26
1547
6
2415
23
301
70
1180
703
113
1
775
2190
2270
742
181
944
655
1873
71
1085
869
547
107
2194
166
1395
384
858
78
1430
3
1415
140
769
1991
1528
9
35
5
2205
25
9
2117
40
7
264
753
516
450
1386
2
1522
149
30
2
12
2
489
1
1346
207
467
823
2188
492
141
46
750
13
881
84
394
239
2
199
1774
23
14
6
857
356
1155
240
610
133
20
660
216
158
172
168
1787
412
2016
12
343
51
151
1
3
577
1867
731
458
1958
1188
22
5
752
1470
321
903
1316
14
37
1
1068
35
1131
987
1402
1018
127
118
1358
191
910
6
735
8
11
1227
152
24
18
18
1238
322
32
146
1
9
16
887
3
663
3
145
18
2444
413
1
87
2418
339
4
61
1822
14
426
2
18
1238
18
272
1113
1515
403
1218
590
400
1
149
62
979
7
18
221
15
8
1058
81
100
60
76
458
115
606
1139
1299
565
187
126
2249
1136
99
2458
1087
504
2019
450
1153
51
93
105
2237
582
2236
1920
25
126
383
291
58
165
287
1091
278
1565
499
156
114
7
3
6
745
50
2
2059
411
92
185
1634
68
2111
493
37
1000
806
600
16
124
18
25
2006
34
2060
18
1
177
698
13
3
27
109
69
1883
1719
1
18
299
1339
108
653
1882
70
71
1442
1921
252
1009
1185
41
2
5
798
211
42
1
1669
1528
22
409
1763
1697
125
37
47
3
2041
2188
1653
1648
2365
190
1734
220
1523
7
80
2155
11
262
1
217
2218
16
336
703
2057
929
437
745
43
415
3
73
500
52
1067
17
812
1094
383
1
14
13
72
13
1813
17
92
1169
696
862
31
312
32
489
1774
21
1103
6
84
80
2102
476
38
183
1949
226
1131
1841
10
268
10
1880
1498
608
3
58
1665
159
9
2049
112
5
8
1140
1662
1
28
96
10
2
1644
531
879
648
32
843
1
380
2029
1188
105
180
36
12
17
294
372
65
86
147
181
319
37
505
68
152
5
2036
1473
59
27
191
1536
8
333
389
1421
2093
546
51
51
375
1334
314
1525
1897
367
1320
4
7
1226
1
193
472
1366
86
1264
1
616
3
101
489
8
28
2
1580
13
1056
1
51
303
32
172
2045
1467
583
16
52
10
602
50
1719
6
713
1
969
120
37
1879
1054
1202
85
755
1325
116
306
34
1
1007
1230
202
657
765
61
1690
407
1
1872
17
7
14
158
1583
271
2084
83
2
321
61
2
41
1
63
69
2112
259
29
78
216
181
1926
1025
634
409
16
182
1
351
813
184
356
107
12
59
718
238
1
1414
460
22
1182
1066
2207
2286
194
513
1231
1873
35
1242
497
686
7
231
1968
1081
2038
11
476
1268
24
1424
7
93
279
1688
348
134
1639
1308
2340
20
1
78
122
984
349
4
141
119
352
1791
5
55
422
2086
666
23
175
11
1659
386
367
1034
28
31
642
20
6
4
24
1346
29
2
294
3
1448
1230
1208
277
54
59
1913
1659
1540
952
6
2044
15
484
835
1698
340
1278
91
264
3
12
608
1748
69
1784
6
1912
385
2021
108
280
17
67
2232
121
118
37
865
2133
40
2181
516
249
169
622
1571
2
15
146
1332
250
649
49
20
1805
45
37
890
72
3
49
699
15
404
104
687
226
60
123
2478
729
527
725
22
44
2487
258
1
78
2053
170
801
927
1142
832
3
268
552
792
773
2198
25
279
101
4
366
14
104
271
1
583
691
894
107
1500
216
185
39
14
11
33
3
233
1
40
767
1839
7
526
2131
191
124
2031
31
595
1983
1751
1741
32
1892
1327
249
727
1
21
13
2
750
99
2
1
4
1208
248
364
1981
21
6
7
8
22
527
1519
1305
299
26
283
89
193
888
821
855
1026
644
24
971
106
112
115
625
2
2474
683
380
24
720
152
77
1089
4
44
430
2420
803
304
114
9
378
2358
37
169
455
292
4
65
1776
606
3
1752
4
67
6
1
793
1929
385
399
23
1382
2246
148
141
2338
264
18
747
588
6
22
31
39
183
1770
89
1756
721
1
16
31
36
283
93
1
281
1705
1074
265
1987
7
364
22
39
1284
1240
1584
700
33
945
248
1078
87
103
1149
162
759
209
4
45
1207
13
353
1219
151
404
419
31
1528
1903
1176
31
70
2244
3
2
28
1
8
2394
3
94
628
1143
679
1947
11
372
9
996
1319
146
5
909
466
33
17
24
8
1080
7
2114
176
1210
123
87
1246
12
754
58
104
138
241
521
293
1
536
597
682
1010
55
50
267
887
18
1
973
1440
770
153
469
402
837
110
118
169
411
41
208
74
1
1209
54
2
344
855
801
203
94
287
1747
1913
17
134
977
461
1630
724
1
1631
1406
192
536
1231
1147
7
17
170
11
619
391
1119
185
2
545
93
31
1
21
1340
314
624
71
1223
29
56
129
1029
3
2065
690
27
1443
6
12
2414
53
1003
159
113
2127
1843
1164
1605
1743
1197
4
3
150
417
13
2140
94
2022
1473
1
101
52
5
840
726
2155
1
1964
24
67
385
1818
3
955
46
948
1605
1203
22
11
236
600
3
26
93
263
1524
59
4
19
417
7
52
531
1075
9
5
254
468
586
360
6
53
985
301
4
1344
33
2190
8
1464
12
164
11
89
3
122
604
794
162
87
8
358
120
1219
31
1556
1180
253
1138
838
204
3
417
2
67
23
21
21
1843
210
892
250
14
108
5
504
1
1171
1
826
266
1006
1432
1838
8
951
31
1385
1
713
115
31
24
254
497
38
150
111
17
2376
551
44
640
801
1407
317
2080
2
518
1262
547
1832
1
534
873
19
2130
320
1828
2278
1918
629
86
36
6
385
1566
50
10
35
2
1789
128
31
8
1592
1732
45
40
566
2223
1513
186
6
91
4
162
10
11
260
38
1030
95
1581
1414
1406
130
597
385
775
513
5
330
58
207
972
1995
402
479
193
2433
2322
16
5
525
821
45
1090
43
68
262
458
318
172
27
2
686
357
10
84
59
681
13
12
9
59
1537
2
1777
5
920
341
201
49
57
970
56
6
210
2453
71
133
592
2039
73
1812
270
328
33
7
222
1311
71
1471
371
266
84
637
748
31
34
234
1532
2141
1
681
9
2278
1492
602
509
607
2391
696
784
2285
526
2484
79
2394
23
2402
63
51
73
57
3
1138
148
398
179
61
11
207
805
1
127
11
2469
712
247
25
449
2435
45
399
1201
431
345
850
2499
335
825
491
113
230
15
1080
54
4
22
469
229
3
8
12
525
127
443
640
23
15
49
24
24
10
131
8
1844
1381
1380
1092
255
113
795
139
69
8
963
56
1574
577
1670
2053
14
231
1362
1924
445
39
2034
1785
58
10
457
44
591
773
185
2335
686
53
1612
357
22
1318
465
1816
1201
843
29
279
318
105
910
1567
130
604
8
2097
4
425
1
58
122
739
1261
49
81
10
942
250
35
1671
66
1259
4
357
161
23
1698
344
165
44
5
321
9
15
122
448
426
9
223
168
1239
134
153
308
13
12
1333
2043
363
237
310
52
721
644
1637
574
958
2356
19
2220
1130
1545
1018
1398
2138
233
103
294
35
45
1906
2
75
888
504
40
478
665
16
16
219
208
30
909
1070
2464
1413
91
597
4
1227
309
1605
81
670
307
803
1186
1202
284
104
86
3
3
112
1174
232
2124
61
1048
1
799
518
232
1391
7
288
751
1696
1
474
2385
1
662
193
11
2409
85
410
415
2340
448
8
1390
91
141
239
2026
427
6
636
19
1186
1280
872
2012
456
1222
233
57
1692
1003
596
2
1206
1
384
1882
1882
425
12
1748
1
24
61
1210
2375
68
213
1253
37
71
66
673
93
42
119
1866
315
61
1102
2
279
774
111
147
54
93
66
53
2442
386
511
426
1500
956
207
53
1
13
85
2446
101
1
13
65
349
45
57
9
73
1658
261
195
827
17
18
450
177
238
360
7
1242
2321
24
4
1
82
261
36
1776
19
9
34
271
21
327
186
706
142
56
261
153
2367
176
1056
332
58
1614
896
494
1478
56
44
16
108
269
13
230
1026
666
766
1598
2
1325
1280
1274
162
2491
593
22
219
1319
29
2
440
1
1290
103
84
21
31
96
1027
400
929
910
365
1992
205
132
1593
122
310
770
1338
885
367
2456
20
1
11
416
499
1235
389
1659
273
154
151
187
649
9
777
1470
190
1878
13
1734
17
21
7
257
11
722
3
202
1990
277
108
221
991
1780
16
469
6
2461
167
2
1777
586
2227
62
1530
295
978
378
1911
2288
185
178
15
65
393
36
510
530
3
98
35
48
153
1497
2093
952
99
993
308
270
1764
253
41
1243
495
37
253
1185
6
364
1234
701
106
1947
17
26
35
58
1192
826
356
2378
347
969
3
1559
363
2058
35
114
2453
352
425
57
1607
36
129
1704
450
263
5
269
819
48
18
2405
20
74
418
37
881
2
1205
23
1932
125
464
176
214
2248
6
1916
188
1271
315
995
920
169
8
1010
2138
1
512
394
111
31
2037
3
1766
1482
99
66
581
372
219
77
17
2057
2442
17
49
1397
2197
1461
237
60
147
1819
903
5
1
5
250
22
1741
1354
17
943
144
621
1202
1010
26
722
1812
171
17
1
1404
4
16
1
1665
27
7
8
1
189
55
3
1519
192
277
1
1621
4
860
1777
736
1456
226
324
50
36
124
21
1305
130
795
399
2121
2
145
1029
1210
2
693
18
5
34
871
897
1
452
144
44
60
543
2
1672
2
626
30
603
896
309
173
916
19
1
1018
2398
12
243
1628
26
17
9
1
2
2164
39
10
333
3
449
28
1056
86
472
61
4
150
223
1247
38
2339
6
43
428
779
203
91
3
2152
187
8
113
1268
2237
70
759
25
1445
27
11
477
440
199
18
1678
23
1296
1685
258
3
2219
114
11
67
266
11
36
1243
2005
199
296
890
1225
1594
3
554
1035
1
482
1288
2328
617
12
6
11
31
584
11
68
174
622
1765
1
86
52
497
74
607
2409
1263
1847
104
3
877
300
500
2080
256
1126
23
28
306
3
550
465
624
942
45
212
604
527
53
138
2146
473
954
954
4
72
43
3
1319
772
254
32
1657
79
1305
910
1
128
3
2148
2149
604
52
2
734
22
1984
441
1098
924
929
1
28
7
1125
23
47
432
161
371
93
754
39
1
1
4
1
1468
964
314
18
27
10
22
130
884
1041
261
488
1150
950
176
1549
121
1897
144
1966
2479
2264
357
9
2365
1027
31
564
48
2
369
2166
1160
288
3
33
15
1481
45
487
176
1052
946
988
2
281
448
3
77
135
108
33
7
2294
268
577
2276
37
8
1652
574
1276
1
143
542
456
122
160
117
90
742
1054
1559
52
255
492
180
1542
2364
7
276
1740
29
2
991
816
26
18
122
1606
1531
148
610
472
1
667
180
26
408
884
3
98
267
28
237
2053
909
286
2
51
21
301
613
22
71
149
2238
3
28
364
47
34
786
15
150
75
1
156
489
1766
1759
55
5
1213
43
3
1625
27
640
131
3
1085
21
1497
1431
1267
283
606
24
100
35
60
83
125
2078
6
2
577
5
206
212
64
125
18
180
25
52
93
209
1
1346
644
839
807
588
1249
36
13
2001
13
428
629
83
3
380
37
132
126
2053
938
1
589
3
16
2
17
1839
6
2335
48
2012
212
1849
855
502
1459
254
357
9
381
1145
78
39
2421
129
1275
26
2437
17
1218
1166
627
10
1109
1
83
65
2
598
637
1978
138
173
17
1660
2149
1599
1679
421
2480
923
131
413
23
122
1
243
67
2208
367
257
1658
51
531
1693
201
340
33
684
635
20
39
221
406
1637
2474
378
231
1402
2267
154
1237
541
1108
1098
1697
132
14
1
309
295
545
1384
91
2319
1721
8
542
21
3
25
306
13
41
8
14
761
937
7
615
7
10
741
105
7
1863
1292
2292
11
92
194
1
4
100
157
9
13
622
1
13
5
2276
1553
20
1498
1295
52
596
8
1209
1873
7
676
1819
259
31
325
217
2172
2149
566
823
634
8
70
5
21
508
605
460
98
194
1228
30
420
194
236
402
4
50
58
1186
32
1089
571
3
7
4
799
7
121
1870
12
49
22
681
15
2290
6
41
25
912
2035
88
269
2016
28
366
2154
186
810
887
2
400
1591
1774
8
316
527
681
2390
182
468
1683
608
85
2253
188
789
14
80
5
9
11
943
1483
16
231
163
1132
3
113
1778
31
22
1836
21
1
4
69
273
43
413
52
1064
2
1746
68
1524
1255
28
1037
989
431
887
168
276
169
39
16
494
866
1
332
317
7
34
261
145
16
20
2156
2239
35
581
239
4
2186
18
1668
673
3
2478
89
478
197
68
814
279
369
1154
2176
43
3
11
134
471
40
50
1
118
1071
138
1523
606
34
132
9
162
24
13
526
1534
776
2194
42
199
2390
1108
10
33
7
10
49
5
512
181
5
400
983
2207
2470
44
1987
712
1478
15
1
2480
275
1047
1514
1795
21
504
135
303
105
36
335
649
10
859
72
1545
1410
5
122
797
2
3
1
2
282
25
10
29
23
147
5
460
1013
3
461
10
162
217
2042
32
299
113
1
179
135
1855
144
1357
195
584
494
59
113
453
3
365
141
72
1381
229
2290
1092
23
709
42
302
792
8
62
1571
87
2365
477
1150
386
87
30
37
18
9
2
1426
1088
31
139
6
19
292
4
588
1204
1678
40
1270
1569
672
270
12
676
7
1597
369
45
3
334
1205
48
1399
1
9
5
1
2191
6
2
20
74
14
38
42
284
1
1498
1120
344
2
34
1192
1426
844
716
643
44
32
1747
329
317
231
287
204
4
282
650
2433
1125
1043
3
157
2
113
56
19
903
99
434
413
23
2421
17
237
282
1372
3
138
1816
1098
1
738
4
56
919
15
3
24
5
1057
1307
143
1
1
4
25
224
348
353
2334
644
200
336
11
535
2
455
216
397
458
2
1
1
129
975
33
1719
122
262
2183
620
29
1482
1531
56
447
4
1293
8
181
22
1786
176
176
13
507
1663
139
2318
196
2038
1135
1268
1234
118
47
449
656
1461
19
657
1199
2
1300
1686
606
1365
1894
491
18
645
651
760
10
44
994
2164
15
9
1476
203
7
5
303
184
54
239
158
1166
47
6
10
573
906
1944
407
885
443
323
61
133
710
38
5
3
822
26
394
214
18
2
4
318
2015
2243
17
1
28
1655
20
2146
218
1277
875
4
1092
117
337
744
1741
1790
117
443
8
127
16
17
26
158
312
2421
1554
163
54
794
35
413
2408
20
3
1405
31
74
763
987
173
109
2026
6
15
1846
461
571
1
138
239
282
1184
2038
2374
7
2040
816
1358
6
158
61
596
1529
38
74
1990
2
48
1210
1196
138
370
19
64
1134
1829
1509
3
1521
1535
1
45
1
26
637
379
152
1766
2094
524
389
17
36
736
1135
141
135
127
764
14
806
18
614
2
2434
263
283
32
413
1421
8
120
1366
2174
144
1
157
42
682
71
412
107
398
28
1138
870
2352
389
48
2
369
134
190
2
31
21
240
1
604
344
392
25
1534
1410
50
199
1720
1014
151
890
2262
95
2152
1201
730
46
688
1966
5
2012
33
64
1
2319
33
1020
4
5
1141
820
566
426
641
324
2429
788
29
1846
71
2192
1395
32
609
1
271
106
4
7
27
2141
262
4
125
278
121
412
1849
574
366
64
958
351
62
22
402
1945
949
1747
268
19
770
2
119
45
24
10
443
13
158
1737
1908
468
16
3
507
6
103
942
103
39
125
134
632
1578
556
1312
16
20
1427
1378
51
405
372
1968
600
1
46
260
1
761
1059
420
50
50
35
641
1180
1243
14
25
2321
32
1
2
636
545
1042
2
485
32
173
64
1570
359
25
104
20
43
438
812
199
2233
989
1075
79
1718
1727
764
644
37
577
2267
3
82
6
34
6
3
157
12
1877
129
2409
873
6
488
1321
1
63
2355
2041
523
2088
6
3
3
1364
414
1
1
47
859
1807
1908
349
199
12
2154
9
1
392
1266
614
471
171
63
1452
72
6
1187
278
2020
8
840
10
67
336
533
340
1013
1551
1116
111
39
608
77
11
452
16
10
1189
79
665
391
85
1613
554
2167
338
85
224
1904
60
496
400
496
1009
16
225
811
42
240
382
54
7
348
64
1348
671
460
69
433
1535
33
335
412
196
35
19
355
16
40
631
240
262
8
792
1200
2062
244
235
581
1287
687
360
817
49
168
696
958
914
539
480
57
64
83
47
2063
1634
655
118
2
146
4
1
1
1040
1043
178
2134
1687
2154
444
16
43
17
46
1
977
2
1462
962
653
971
64
1
76
2345
1791
21
60
763
11
24
27
43
305
60
1951
1177
591
1520
103
815
2036
1453
4
885
33
2377
2257
14
147
876
151
2302
1
93
100
703
561
1838
1
1
19
347
1
459
194
2283
1892
127
18
526
1197
299
1737
418
682
25
633
667
2362
1595
736
701
63
9
1
656
44
614
30
2187
917
1343
20
491
478
1040
1198
24
2251
11
1062
524
465
1421
203
1
4
449
93
408
16
9
1222
64
1
92
166
5
15
23
136
7
10
118
1879
93
10
6
1525
2
209
1086
1482
2469
12
11
1
401
9
101
1168
876
1166
1282
1359
430
16
333
674
1298
839
325
1000
794
824
134
124
70
2392
975
609
529
763
589
549
2368
28
1460
443
295
1212
54
4
430
105
73
565
1881
8
191
319
79
49
50
227
123
75
2295
436
3
801
579
536
114
1796
98
43
43
1566
174
2204
1957
268
1423
1341
1010
784
6
474
1545
793
11
851
13
55
1956
10
1257
1294
1849
8
383
425
245
62
2384
1
564
10
62
188
216
666
2461
44
535
340
30
6
209
17
192
979
907
133
2272
217
1584
32
1928
52
51
6
214
131
29
403
2309
1031
27
65
2273
21
1
82
1106
875
2272
194
2
233
38
35
40
1791
365
541
51
1437
350
1
115
544
450
13
1
2
411
110
57
158
804
1767
828
673
62
2474
1180
3
1
647
6
554
571
1244
1888
1
795
19
23
161
346
13
10
11
73
13
82
349
68
796
316
1
557
887
302
963
165
1242
38
1
53
14
44
1167
1969
606
1010
161
10
587
309
1649
539
33
543
51
271
1286
1620
1432
473
5
5
1604
196
1
2495
10
274
1864
4
77
379
2
506
1
40
1050
376
487
67
1180
552
1622
2434
2251
1
2188
2301
436
2
3
5
19
783
6
46
840
2
917
1987
762
37
2
76
210
77
22
2311
980
239
81
1952
671
1963
47
61
396
1273
104
1757
23
34
118
1949
262
4
44
59
46
3
254
2107
6
788
867
2
645
6
2
16
357
1038
8
367
451
649
175
572
6
118
1
714
4
172
2431
741
1285
815
1097
942
1508
715
162
2231
513
173
299
389
12
8
977
3
132
1789
1949
64
59
1184
1035
300
772
123
753
2360
119
8
492
781
870
161
295
148
1
203
1672
1550
171
1901
1191
734
30
2
6
1
58
4
637
9
20
45
237
567
1009
91
109
219
7
10
82
23
61
105
132
955
6
1767
603
1664
385
16
2346
11
982
2174
2030
951
59
143
210
286
12
1178
2474
1226
990
209
1162
1892
289
25
3
1
248
1
814
393
6
380
118
236
102
683
2016
27
1797
268
210
1756
199
54
1864
51
15
24
282
357
932
2218
5
26
1
40
5
4
76
125
361
672
223
502
18
258
1
703
541
123
1569
8
2492
898
888
631
71
31
938
5
256
1084
587
2
1
594
2393
434
1354
609
162
446
2
104
4
595
1430
1777
21
24
60
917
1
580
72
2459
31
830
482
2200
420
1307
1
1333
1467
876
1471
12
1224
1573
797
863
928
1893
2467
766
538
836
579
11
2
36
2335
826
7
10
14
733
2158
1191
40
414
24
221
13
332
1440
274
3
575
168
5
45
1038
459
145
130
40
873
104
757
1197
885
29
32
75
750
2070
2439
1326
5
2
509
365
590
866
78
107
301
1
2
210
762
657
361
79
1468
47
1238
83
30
19
156
32
29
758
1195
1058
761
145
1130
351
1235
304
8
225
266
2275
5
557
6
1643
923
2201
27
4
1563
73
88
1
73
1575
646
577
84
52
1131
3
1835
879
8
197
3
687
1477
850
4
2074
50
1268
16
3
1556
706
661
92
152
8
3
1293
47
1
204
1579
1499
1248
131
367
8
9
62
29
973
9
2133
467
730
77
69
1558
9
592
2260
8
272
27
2287
838
2
81
7
240
1420
832
344
449
35
687
66
469
154
1437
69
1026
16
968
6
1
939
78
1828
282
15
92
246
367
85
26
502
22
1
67
126
3
5
704
726
1712
295
3
1552
91
74
3
842
595
827
5
1299
662
590
1181
1629
2241
1028
1275
103
21
1
283
403
523
500
2
1106
1878
34
1218
444
50
519
361
547
219
60
11
229
485
7
917
45
2
1423
2001
1481
81
18
530
369
30
621
1053
60
19
71
20
634
42
55
550
1488
158
556
1673
1119
84
8
408
254
88
5
726
1644
3
383
719
435
112
2237
759
38
754
666
1779
593
230
2372
1828
93
1265
914
500
364
9
41
215
111
1643
1
758
564
660
80
159
680
55
4
63
28
87
1
236
27
2261
1172
1478
353
2233
1
482
485
215
2374
87
581
276
74
1141
34
2
994
1415
1863
66
1397
37
59
84
1467
1
348
127
1448
1543
538
832
1
2
23
30
168
61
606
1290
19
109
87
2427
2345
125
782
1
3
2185
623
34
17
8
184
78
8
100
444
717
21
2170
2377
215
1960
40
1580
141
435
287
15
371
80
268
3
1557
536
153
111
322
2
390
2
757
1102
46
9
346
520
837
158
3
1909
15
1384
548
188
437
332
31
645
22
82
221
156
57
1114
199
12
443
363
44
580
1922
157
411
249
238
60
1
1370
24
6
786
827
450
877
4
2378
1534
64
48
18
462
1415
666
40
733
69
297
2
65
1663
1
20
33
61
339
803
147
1804
433
1371
1586
1
4
55
644
79
140
1523
104
1381
1447
9
42
108
267
127
2211
1
1397
37
1108
2
2
815
11
18
396
811
157
1812
1
457
1300
9
230
1929
91
352
5
55
33
8
20
1154
804
352
1209
392
253
74
13
17
1
352
353
185
498
350
26
2142
339
93
27
4
8
30
64
1
3
2426
2
2143
1727
1
1637
1734
21
350
1144
626
1456
2182
433
678
104
129
518
31
57
232
1062
557
3
1585
148
29
1930
2011
1838
230
145
31
170
1213
609
1153
540
781
2
1351
42
189
283
699
342
426
107
939
8
619
68
2
8
132
215
61
2402
928
19
78
184
9
176
192
958
421
39
4
2057
398
50
1045
854
33
364
92
1
1
503
300
64
13
3
282
1896
520
68
308
5
1720
1648
188
1751
322
161
74
268
91
1374
227
1017
243
2135
1500
2154
33
2083
2
410
33
201
4
81
61
376
1859
3
594
100
34
1780
6
1
470
331
65
1
2139
125
324
1908
1
39
101
987
786
78
378
43
1
957
335
1906
188
106
2
39
31
3
1128
1578
1
1
1134
53
8
30
523
67
70
1883
6
55
873
2203
584
47
202
33
47
3
879
309
437
2108
92
496
22
24
1689
190
751
1704
1651
1822
4
1658
14
934
2497
309
75
2
62
1
10
321
44
827
2316
219
330
1
516
2477
1225
1082
768
218
464
1568
986
34
2437
135
142
45
595
1771
2484
1668
2194
2063
13
708
24
505
389
1609
32
29
69
2463
134
128
6
315
14
728
89
758
1331
1
8
1229
1030
2299
176
2
461
711
11
3
1992
42
386
1111
913
748
111
7
26
505
1178
2
76
1299
15
3
2
919
1291
54
77
1984
2021
260
455
1116
471
1
29
852
377
10
1887
1227
330
442
622
415
1
2322
308
16
1281
352
1083
78
106
255
2466
2
147
896
18
184
861
1442
144
196
78
4
1
2356
468
316
1
63
607
10
5
168
5
576
1703
1432
42
1228
1427
60
351
1235
41
6
949
58
146
26
54
1
125
331
392
68
7
38
26
296
1225
555
1547
596
606
1896
579
1432
279
63
2330
1457
106
68
250
880
12
1114
1389
68
347
14
43
321
420
680
17
236
2
46
16
7
489
144
299
571
6
1388
1642
113
22
28
1017
2005
603
1294
115
1
1477
196
601
37
1039
20
588
1070
910
2245
1429
56
7
316
1918
101
1757
548
895
1436
1
7
747
626
92
2
13
310
757
475
3
284
272
46
578
1183
29
532
1188
500
76
13
67
47
1417
2150
421
548
5
75
2075
639
56
184
1433
116
2
1309
860
246
541
22
561
5
920
2262
2231
142
232
59
1133
781
607
9
1
76
362
237
386
759
7
24
368
1515
472
337
38
2499
100
1722
523
75
2173
27
6
793
1504
28
6
1259
84
233
2213
2488
2239
1050
148
2358
77
505
2211
359
877
2314
71
19
1912
18
1849
1103
6
161
2359
4
353
2043
260
1103
8
104
134
9
183
20
90
170
2248
674
338
1122
6
5
297
3
689
266
53
73
142
545
149
1519
165
533
39
3
24
11
780
1435
801
102
2
671
6
10
1359
232
23
51
125
263
3
488
209
75
1676
44
1801
720
433
248
1893
2225
1878
56
553
1534
989
6
1079
2026
227
2073
231
17
2
523
18
20
1547
138
5
15
1866
1409
70
371
2383
36
426
1263
137
358
2
807
1109
957
66
52
2361
527
5
833
150
104
316
998
1551
1725
180
6
82
48
71
1271
484
35
2
338
210
569
606
2
1848
14
642
3
2330
58
1063
1481
1710
46
1
6
147
1849
328
916
162
2045
1315
366
238
67
916
835
834
777
59
15
5
110
414
1689
151
2241
43
1998
82
1083
2050
5
87
1106
329
1522
2
920
1912
46
1191
3
1
21
1311
5
1006
123
18
14
21
1313
2061
3
899
96
326
223
713
1022
7
227
11
599
297
1131
213
1682
1332
364
8
1153
1
314
2411
31
8
2229
1359
231
2403
3
313
838
333
537
2
74
499
365
116
1081
22
1166
1417
4
2473
1075
2361
960
276
212
4
17
1848
70
240
1628
2160
619
115
1021
1619
76
381
14
12
1384
16
2095
11
141
85
2
153
568
1648
179
1363
122
1191
10
7
270
82
746
1
1
24
149
3
2056
720
969
1115
125
6
20
1749
486
10
19
671
3
1395
81
160
427
43
232
653
104
1
56
160
268
183
1798
290
2
2028
1920
3
664
1061
76
464
1623
25
2156
1303
159
1788
12
70
2
1
1455
8
109
173
271
303
2271
1499
660
35
1868
8
85
1325
1
397
107
211
32
4
230
1791
910
469
11
494
207
1333
36
73
491
100
7
1014
4
27
729
61
31
521
2500
41
251
1127
1110
2385
1116
1157
341
91
2003
10
2368
731
2245
1623
1384
80
587
129
352
5
2488
761
891
1752
148
174
2
101
1305
174
234
214
1578
134
1408
393
1115
1172
18
644
417
1
2461
546
2
59
113
1149
1005
1056
111
973
444
840
1
1119
2311
191
1
1688
1310
1645
1
86
2145
972
1932
1914
1562
89
418
829
4
1128
1531
1
241
2333
1342
21
2200
1
1621
1
92
75
322
81
1471
455
376
2232
14
53
12
332
2223
402
2
193
265
582
11
286
202
550
4
697
1
378
452
27
4
1538
2
47
2
498
575
35
138
226
1617
11
1584
7
21
90
12
2196
1163
430
660
28
2
626
1341
183
33
14
1497
2220
24
715
577
449
1
1407
201
1726
53
356
636
2040
222
19
1686
2352
179
140
28
132
1057
2
73
106
113
434
596
17
88
1
807
79
37
1
71
222
724
452
633
28
148
1013
14
15
612
3
178
172
394
43
4
1
1177
109
1572
1
1
1123
919
480
1490
5
145
3
1027
4
24
216
54
2008
45
45
23
269
31
24
1
88
490
306
2
1435
9
309
22
191
658
2405
2039
205
5
180
1407
1997
45
1792
2352
1109
511
404
421
905
308
892
16
2101
540
1044
61
2
573
1378
557
29
386
658
1455
66
1814
880
2120
31
2
19
508
1035
6
415
700
1783
1320
467
7
2
1222
393
97
179
37
749
888
1990
612
1
1421
7
5
217
28
1837
1575
184
2106
23
7
143
4
49
2092
8
120
356
2370
1
2270
17
1670
1537
1108
398
65
1184
13
92
370
1289
497
68
847
1773
1763
646
1
15
725
130
1456
20
553
5
462
1131
10
209
6
258
1027
509
1000
16
4
1252
988
7
309
4
197
907
2482
467
1
3
547
14
1505
17
225
1
3
2018
16
228
692
159
270
3
745
18
931
1
280
368
2362
2427
1778
94
1613
316
108
62
1838
1227
394
2393
931
2233
81
710
94
4
77
2
54
1520
1290
867
129
1462
462
45
834
1
25
2
206
72
3
1
22
1541
29
1107
1765
66
1055
157
497
541
524
44
49
536
32
213
759
1757
23
957
2
102
12
43
15
2480
9
296
739
93
332
4
69
69
2126
457
30
77
1
1670
285
167
91
1946
2425
14
1798
1023
1
1108
619
433
1066
7
1762
643
1582
917
1601
465
1
24
1572
109
23
115
1179
8
2458
1133
1
4
2079
247
418
13
3
1124
4
1181
22
1499
109
135
2177
105
347
1
2068
6
2481
358
390
23
18
1980
52
30
2
7
25
276
264
32
574
35
920
1897
241
51
2
731
224
1779
1028
734
96
587
284
2216
2
8
30
1353
539
2
1330
1136
938
840
34
14
1
2156
407
304
23
422
1457
36
1624
1411
118
600
11
662
2209
801
1284
1970
93
11
975
258
157
121
2
2456
47
2
1216
3
9
638
327
62
71
161
726
619
1
26
12
54
22
38
483
12
14
42
467
453
818
27
192
384
1041
751
73
970
129
2112
966
1
14
134
7
49
19
750
1922
1319
8
822
37
41
17
1
1892
1236
975
902
1314
1028
473
247
10
249
756
35
239
859
1922
2468
240
282
40
141
783
1366
995
217
41
1937
668
304
1059
1
122
29
1606
37
965
1089
611
165
167
1978
93
64
259
1206
450
665
502
62
2007
360
2430
24
1056
282
133
54
466
1161
26
2196
268
209
6
2056
7
441
22
992
2
19
1386
280
1
1
952
144
2012
64
2
813
1903
175
19
143
715
1850
1870
60
58
2141
286
1998
1291
2101
1285
1
24
70
54
7
687
678
9
180
186
204
7
98
751
525
364
165
1471
1
248
1555
595
780
2059
320
32
6
1720
223
722
33
2144
330
2467
2435
13
120
566
27
28
458
567
45
1944
519
345
10
2
7
90
43
1460
32
419
809
60
22
280
10
3
163
582
1
655
970
1378
1505
313
1265
1733
1220
2215
913
1097
46
31
22
2394
7
841
501
111
1001
3
301
534
2029
2060
918
109
342
2354
346
725
16
95
206
54
160
1203
247
106
658
785
3
51
326
688
12
61
234
437
987
150
991
2404
722
203
849
185
350
1645
26
312
1220
1
1159
49
218
12
1357
47
46
197
85
1196
1819
1
5
2
1027
135
1685
81
2074
2307
1715
234
1473
1981
3
2160
211
10
583
2
1657
536
12
215
129
7
41
2049
790
1366
1241
731
688
339
140
740
203
1083
67
391
313
1626
11
1732
621
254
3
259
760
24
1757
358
60
294
36
935
1300
17
1769
19
768
1048
43
980
1029
64
957
2001
245
17
55
1
296
2
196
74
298
5
494
239
29
60
714
171
3
470
452
51
1
532
18
1
628
156
1378
18
54
1
71
5
642
76
17
89
304
81
5
791
387
44
2
382
20
1577
16
164
16
999
29
1543
1
1552
2324
9
793
5
990
58
272
792
935
9
20
380
59
10
1378
368
305
49
381
1619
1648
216
656
9
95
174
1897
1
398
1497
649
147
5
853
88
448
62
170
1058
2
2215
116
67
82
1291
351
530
1576
451
1786
61
14
1
61
14
1881
28
6
117
1444
211
1457
353
1
45
419
38
3
2
129
5
26
1632
506
8
1
348
30
5
927
147
106
1386
7
1689
910
202
10
2141
152
11
24
364
145
84
2
34
5
1894
411
313
1160
29
206
31
16
587
852
17
38
821
45
135
10
32
568
1068
1505
10
15
1756
298
10
6
27
28
48
1688
1201
2
84
975
1444
214
283
366
183
494
297
1995
955
103
2322
3
884
570
1621
1780
67
2060
215
3
1096
405
2083
202
1064
1770
1495
740
1341
1767
1340
458
182
165
458
170
13
1125
35
1110
17
68
2245
28
90
86
41
5
1753
208
112
25
2
259
21
72
470
2127
1912
792
17
340
888
51
6
230
174
176
271
111
168
2
432
1165
251
243
515
2250
86
17
1174
1491
219
130
79
114
673
1380
7
1046
620
1111
1
672
54
930
625
581
1952
930
1569
1204
8
27
225
50
175
26
499
1393
1037
6
393
654
1
69
171
696
338
1297
62
273
1454
1063
5
473
7
249
44
65
26
55
76
260
2185
341
103
1491
1273
170
414
1
2
488
37
72
408
1703
1620
140
230
532
311
302
57
50
5
1245
14
65
2463
45
40
230
30
2145
1755
144
435
30
46
1060
7
1381
95
449
238
1
114
245
65
1
2401
83
107
398
646
1081
177
4
726
1
954
1038
27
1030
153
1411
1644
384
2
2438
1
1238
233
378
1035
672
682
26
1234
104
7
1260
376
447
111
98
2100
26
206
1
534
391
9
75
4
1571
9
1
209
1955
4
9
353
852
4
274
499
740
66
388
2
1408
1807
50
1337
53
21
66
40
1744
17
8
1035
35
2417
110
1
1631
472
2476
9
138
867
1
203
1182
35
1635
147
517
1
58
67
14
63
1950
1793
856
1993
219
165
2373
761
1
236
1539
505
2348
239
1988
169
33
1066
6
280
180
1
1840
83
1
775
1085
2203
178
1301
755
6
708
2285
1075
5
420
1699
370
661
581
1
4
719
10
18
1115
585
859
2405
66
82
736
12
149
591
1
98
81
653
117
23
11
30
2
363
2157
204
2337
680
508
492
2436
7
4
2
1066
3
304
247
292
1041
38
28
1168
1487
272
2132
108
247
8
933
4
40
2267
621
1836
1849
41
1605
14
222
1000
407
206
545
12
89
39
510
13
1223
402
478
228
1961
1510
2
33
129
82
1532
1
77
2458
152
833
1750
60
1223
902
167
624
163
1
49
10
84
2310
564
39
11
159
415
176
43
138
8
569
460
110
1806
698
797
72
117
1805
106
1191
29
66
1322
98
267
121
301
1521
664
2323
70
602
209
11
16
1045
230
19
1443
19
103
1
1058
76
7
2336
25
2467
2
6
1
736
7
1
13
1605
5
2157
571
1093
4
699
2
176
326
3
37
16
2166
52
747
1797
981
2181
984
2
490
4
136
225
1063
2211
2
2108
76
92
1190
2477
2
16
917
41
9
124
24
837
332
4
5
865
42
77
243
2
1158
916
527
35
33
26
53
3
1465
1470
233
1679
1054
34
592
1243
1226
2088
344
1036
150
112
17
243
37
51
2042
24
147
840
1518
341
4
31
14
223
2
423
14
3
107
2374
41
976
407
609
161
779
56
3
21
208
1
3
1981
846
1
283
233
14
169
4
198
673
5
105
206
2
49
752
320
762
317
90
2192
56
77
68
12
1048
59
3
1320
30
190
2184
427
228
1459
58
6
231
59
20
1467
2
1389
241
1551
45
1642
167
1927
686
49
12
23
341
504
2353
855
155
690
2489
122
18
857
124
1
409
5
1
2372
2395
13
726
159
1
45
484
28
2471
12
393
10
68
633
1282
1047
9
183
371
189
1148
125
1038
2312
88
2194
26
224
1165
1956
1933
1603
2328
7
1741
1123
147
79
2090
24
2118
2388
32
1174
1514
38
2202
208
188
55
9
117
103
2399
3
1562
353
2185
1
664
1157
9
43
2
788
217
2
1
6
18
2168
146
1
27
1348
373
1113
2200
59
1
163
1
15
7
23
2
1027
1538
12
14
1525
159
8
1048
3
1319
1872
267
126
86
2391
204
4
1177
1
10
966
1508
2117
91
119
157
13
31
144
73
113
964
34
364
190
1
14
1
2262
4
2001
284
82
897
47
122
16
7
746
603
1783
112
2182
98
11
1570
1521
2
9
220
1814
1240
3
759
68
10
21
43
170
1550
236
2052
14
1572
2310
205
1349
935
13
244
5
2028
176
6
28
8
7
227
16
1
535
363
20
962
2237
227
1
459
213
1348
179
46
261
189
879
10
563
110
8
1922
196
1
753
925
864
42
74
3
3
372
338
428
112
1102
26
301
40
8
10
141
1448
126
122
2409
61
3
277
535
11
959
4
2382
1619
397
1138
10
1
1419
210
1496
13
87
199
877
3
11
1894
899
4
14
76
1120
1436
127
1128
245
904
1600
622
246
3
372
1859
7
624
2143
39
7
398
2
1343
175
973
59
106
400
6
6
79
1963
20
144
4
1428
711
1616
1929
48
768
16
2122
2335
403
513
50
1899
1953
200
162
3
1231
74
832
9
1015
98
685
1362
13
41
198
824
478
1745
2350
1
57
322
12
26
282
1707
781
457
25
286
758
542
1038
1334
2157
27
4
1018
1183
18
474
386
81
591
22
3
539
45
1578
285
1
227
1593
1197
263
2259
603
2256
273
79
57
108
185
33
131
71
732
1777
1933
1447
385
1
1
24
45
965
2
5
139
743
49
25
99
9
41
704
120
297
292
23
3
1619
881
565
6
1595
760
648
324
18
704
2
1690
2
315
26
15
2054
13
25
87
48
655
589
306
1074
67
167
2498
54
3
919
136
533
537
204
3
1335
155
49
2
564
1408
64
632
432
23
76
2256
125
7
820
1669
2143
300
8
72
852
38
3
132
14
118
28
10
44
128
273
184
195
818
17
206
1167
64
385
3
181
96
65
2290
683
756
635
2485
9
6
535
360
169
378
28
612
1705
1038
101
252
1304
308
1480
880
14
1219
107
461
23
327
1532
255
247
112
128
14
119
159
776
279
253
1125
215
52
1092
16
208
1
179
876
494
5
3
426
1
24
20
369
1917
58
259
20
2324
65
39
1
250
6
1016
189
1101
1
49
126
5
222
3
92
4
1261
1
1
3
1934
310
771
7
12
606
1201
1885
676
248
302
2474
333
1045
44
1697
388
12
247
69
835
1615
58
39
6
979
226
3
1161
1864
453
1951
15
322
260
1976
1956
372
21
1556
2400
98
351
167
185
81
122
51
96
2275
1080
552
2452
2
2394
43
18
166
103
68
1561
631
34
74
68
995
1325
68
856
1560
698
2279
912
1296
1873
42
3
2308
243
59
2
747
98
11
498
4
1402
332
5
98
1378
24
2
20
10
46
78
45
68
1
339
92
127
686
15
412
624
159
10
292
275
501
108
208
225
139
13
89
569
312
389
1337
167
1200
2
114
10
60
1550
1
6
68
1
381
238
1781
249
87
1520
2471
2
505
271
936
4
150
508
243
885
21
1394
190
21
2
2
927
519
123
736
11
64
1665
1455
10
1926
171
38
17
23
18
48
101
1730
2250
958
130
1
510
2
347
42
13
1
148
1860
1749
200
915
966
1923
213
21
772
2345
1221
580
680
1080
2
2
19
15
10
241
152
1999
2245
298
40
17
170
89
195
3
2
1380
186
2412
28
72
55
240
1077
1574
19
647
766
483
1077
11
191
3
26
1
119
2222
37
9
260
1350
144
157
319
1058
71
810
409
92
1747
432
1386
94
1345
370
280
6
149
96
87
168
775
1
6
84
4
83
252
788
453
3
420
578
728
784
328
616
63
222
240
356
538
2282
39
417
1846
104
681
2222
135
843
990
21
352
38
142
120
8
647
1073
1920
189
110
7
5
2
173
2380
788
124
2296
6
2165
69
38
52
889
4
1
1356
1563
1369
75
907
136
1018
524
6
14
2216
647
124
1483
2
196
2
52
12
320
135
1107
6
65
1916
153
56
84
6
1228
119
215
1752
2246
252
2252
293
417
1
6
1095
25
845
1791
461
726
2
2107
77
17
33
394
102
671
1
1
138
10
24
1910
879
1004
475
194
506
183
1
1735
232
378
103
4
691
37
63
1094
1
13
162
51
35
1248
432
2107
1903
53
17
7
1634
73
945
931
43
382
2414
9
57
1830
1190
2
1605
61
187
49
430
259
289
1419
245
811
377
31
5
2154
1
11
7
22
532
1824
1592
82
1071
21
394
183
52
2
303
2121
32
313
542
684
1989
595
182
71
28
357
1476
100
2062
28
2200
1475
87
4
17
5
861
103
271
264
1583
901
5
2
174
59
2424
1013
200
959
97
62
753
722
1641
816
528
12
315
25
422
5
8
266
1128
219
28
1614
12
241
1
513
1
137
842
18
1450
312
483
181
2359
7
3
426
9
108
117
2385
153
506
2021
1003
137
12
1
1090
340
7
834
2374
808
1
211
52
380
1132
1
259
226
1
291
37
750
165
26
1616
166
19
398
511
7
490
3
325
953
586
1440
381
3
276
96
1
154
1206
1282
2170
129
1519
450
958
340
3
55
11
2
264
19
10
1
6
434
1075
92
1987
103
355
2096
548
1
56
1793
37
1515
2104
46
158
1374
709
11
1929
3
2397
61
586
39
2
539
574
66
541
2441
14
658
1
1375
784
8
95
458
30
353
150
318
352
63
1196
461
708
309
422
848
393
57
165
674
205
1222
7
1907
145
700
40
334
298
4
35
2021
1363
229
255
262
13
1463
23
1979
17
382
1128
2163
706
673
467
1389
8
4
702
1637
14
1062
178
5
40
333
504
281
4
1722
431
595
837
7
59
210
920
113
157
39
7
1822
41
32
137
90
2
1265
1342
5
1542
53
39
2
64
236
10
1
5
210
1
83
1242
22
167
387
1781
39
249
984
81
84
124
10
841
1
2378
4
189
401
702
232
1179
1747
1
2440
1197
823
7
781
2058
355
1
2355
1957
122
87
1913
335
1350
645
65
1
883
1081
1
78
6
1863
1675
24
193
1515
570
179
150
58
86
38
1750
15
240
1
73
273
2
27
1332
44
10
970
1343
2221
170
107
697
36
963
28
1
57
2203
1855
96
1011
315
1885
69
200
5
43
7
339
1254
646
30
17
8
373
142
526
692
1362
1957
3
989
30
624
1400
73
464
1
1844
41
1872
1610
1881
3
388
496
74
816
7
659
3
15
1
39
369
259
7
7
39
782
60
23
1
817
60
406
1450
2176
171
229
33
1006
139
794
732
2
982
320
245
1
32
354
2485
240
1932
174
554
403
1821
3
14
1180
41
385
78
1
1
2198
1436
1
115
1404
34
106
95
201
4
13
15
100
2127
915
2369
229
2310
1218
89
564
7
543
186
37
1019
214
103
287
106
1459
443
1088
1105
636
190
54
1
861
1026
812
802
1459
142
240
1854
16
1394
146
276
608
224
63
56
9
1689
52
185
273
1038
149
76
12
2066
2052
11
883
1374
1748
225
217
640
24
993
2090
285
1585
630
335
1229
1
7
1192
587
37
397
1
227
165
1225
1105
7
1174
14
227
8
680
173
897
1004
1985
3
2022
55
286
1
562
532
183
126
36
38
1449
307
76
302
2374
59
274
771
608
1
8
670
828
105
11
18
4
438
1030
134
33
2
24
140
117
363
1332
654
1961
16
2198
281
140
6
1
815
1301
189
3
326
431
1347
16
2449
47
1767
65
508
33
7
70
255
321
1232
331
963
1368
150
251
35
23
629
705
7
2
1702
3
563
223
23
80
1945
714
130
4
1025
2249
364
1
1137
274
1566
83
30
977
1637
1
115
234
2018
264
126
315
622
2500
921
307
1
325
1049
1831
17
13
148
18
296
34
107
1091
1091
26
36
7
1
918
1009
318
29
11
3
141
493
2024
360
2
129
247
348
1765
709
40
170
32
4
509
122
1303
1270
1
209
23
2066
7
349
122
505
139
2412
1774
1292
740
158
1046
183
5
32
25
112
101
814
1992
2471
55
38
2
76
332
2
1979
1
1923
2
1
10
26
147
1266
19
19
150
1812
8
2175
1223
70
885
90
1998
1794
1928
1
527
1136
2018
168
321
4
60
127
31
5
1049
7
15
664
545
97
1174
133
30
48
801
86
3
59
1885
1277
67
6
959
615
69
1042
127
222
36
8
94
19
8
2422
18
115
2133
4
1
176
43
41
1
118
83
10
1312
2097
239
2
1074
144
1401
2425
31
2102
4
2333
1284
968
22
46
20
197
2330
253
6
82
854
1
606
65
292
53
166
216
277
554
104
68
3
1784
1
2
1731
76
1
195
67
912
195
138
30
17
290
1
275
893
2092
381
7
6
120
59
17
53
22
38
1535
3
23
654
2278
194
6
578
19
518
19
971
26
666
1050
74
1
910
120
408
6
2031
131
2
131
3
5
19
105
49
593
10
847
136
1638
1
128
2438
4
44
79
313
120
2319
24
49
1315
452
754
1371
1528
1836
1174
496
236
3
556
6
142
24
47
72
1691
3
1544
2439
173
19
24
758
1
9
2156
426
86
629
1400
8
232
30
1563
393
356
1699
13
667
68
199
4
340
4
442
48
1327
2487
9
126
7
12
336
65
65
1023
2304
58
160
7
10
178
19
120
2479
934
169
72
45
1569
85
264
2192
1495
1266
1684
1461
191
1702
590
391
253
2111
128
23
354
231
1011
20
2
699
2013
1
5
505
3
159
2309
155
159
323
1301
14
3
1
1433
1
1
1522
11
105
378
156
2
2201
1760
514
1
1363
2359
358
157
152
56
770
117
356
227
1277
896
23
822
77
1899
5
1157
629
10
522
2
33
996
15
977
291
417
6
161
356
19
1320
22
1256
1434
1
3
1405
695
285
487
14
977
1167
2387
729
122
2131
19
40
195
1
191
1311
92
457
6
123
55
250
1715
7
7
1220
41
102
413
132
386
61
751
2148
56
23
9
556
111
217
22
207
5
46
63
1017
42
5
119
46
6
31
2486
153
607
7
165
47
68
786
75
5
984
137
554
392
623
169
29
1
1
785
678
32
477
348
199
104
23
121
1470
1429
614
1610
1584
1335
23
21
1637
161
421
6
55
107
2137
2476
5
1777
124
4
2071
198
559
822
1687
20
1527
28
403
23
15
144
617
1
1640
393
1570
1595
151
6
1092
285
416
10
19
303
2
829
15
226
694
46
1351
2455
65
1
1428
42
130
32
1
1
93
1896
106
1946
1610
14
1349
1006
536
1
127
1083
1079
173
20
269
1
2344
201
1
184
113
330
8
34
246
7
67
1516
624
148
152
73
165
164
26
6
88
1558
29
2300
417
519
805
289
1746
307
411
2402
2002
2368
424
1173
1269
53
708
5
1087
15
31
1657
1104
1159
369
166
95
1287
1378
647
1
345
828
49
126
859
128
134
318
397
66
939
200
3
31
1134
523
1024
44
1902
78
1507
57
23
1011
274
318
153
3
1228
93
142
46
32
1076
9
2320
900
149
3
258
196
13
50
512
1020
2055
21
1739
20
209
6
529
11
1
6
1044
229
1
120
159
1
2207
5
12
996
92
1938
66
5
6
1
90
54
195
5
1829
3
191
2292
3
1161
592
46
440
1371
5
1963
1
1710
29
17
6
2088
2471
2
3
1
2228
112
49
15
1889
32
1013
3
6
396
841
312
784
1067
7
2401
623
99
991
888
279
11
104
1828
646
562
87
1112
534
1
41
2054
78
1248
288
559
197
41
2182
55
343
2328
2168
759
1903
627
1797
886
500
2141
387
1043
64
241
17
2
1
31
7
2229
418
1781
978
68
5
177
1533
506
789
2427
641
140
162
368
1382
304
229
14
309
124
12
287
362
1771
13
6
1444
388
112
1127
415
846
11
836
84
598
32
59
322
139
6
662
387
206
1023
1
1810
10
491
6
49
27
63
165
87
733
1796
1
909
321
2426
208
2017
58
12
1249
42
2
713
117
75
1513
1927
418
1501
1704
2095
76
234
5
2
3
5
1906
2204
561
55
440
1469
10
1384
237
3
1006
726
1611
223
4
121
993
1201
2459
1957
757
421
43
2382
796
498
150
14
84
52
331
86
1811
20
88
65
489
6
5
1304
815
837
1685
414
68
1142
1552
363
400
755
2
1233
11
51
1354
1060
6
73
260
111
230
2467
1184
1
188
8
39
1270
130
864
812
46
1587
2
14
1460
110
4
4
9
611
2
1018
22
245
173
1467
7
651
747
10
6
477
2400
42
20
140
388
38
30
301
3
236
22
824
1211
126
1341
1149
269
625
188
466
308
34
1454
447
46
2026
5
1119
144
2
708
317
1
41
1224
2191
26
5
486
3
466
1622
1551
1270
3
1139
960
10
493
2497
826
171
5
20
2284
294
1739
418
267
143
1969
214
136
14
1024
787
107
315
42
1033
695
378
1258
3
2500
2
22
748
1251
276
341
1370
604
1213
3
105
16
126
1242
823
12
2266
1417
611
27
903
1893
101
1058
36
485
804
2271
116
2215
259
1539
29
25
1419
379
53
556
734
8
8
16
2020
185
1733
1262
459
96
86
368
237
787
1792
645
5
305
19
86
144
329
1
1980
678
28
905
395
1213
1388
1901
667
43
1576
601
539
33
1022
71
21
2
1292
775
7
6
1414
13
1471
1212
22
5
171
113
2133
80
267
2
73
15
43
1264
1
890
381
11
695
45
26
1
31
3
454
424
1231
1976
3
17
59
2270
141
846
2062
82
1
1686
739
27
618
17
170
1
470
1266
1470
672
135
280
51
1097
105
453
1689
723
1548
17
5
8
6
69
50
2489
532
31
2
958
1175
813
2115
366
690
1702
4
79
2
17
1
694
1965
1302
11
398
568
72
59
161
1041
301
185
2272
50
712
222
1008
20
2
608
606
51
373
260
419
330
47
23
337
809
1711
1884
4
29
1582
401
529
2154
1413
287
20
23
932
1846
68
101
1701
459
13
513
336
1606
130
14
29
2213
50
1
36
2
1705
200
3
155
1075
526
368
3
213
165
1686
13
2441
220
81
1740
217
1
59
1098
1804
1401
9
2
975
1715
29
11
70
1118
1
1141
16
1566
74
272
180
222
2
3
666
740
51
2214
3
1296
59
90
28
1
12
204
352
78
1031
50
1
18
3
1228
2210
568
103
694
4
34
1
1268
1
19
591
369
1243
46
396
334
1
2
6
313
1178
7
69
1349
3
78
219
302
1504
1080
1
314
60
1389
50
5
260
10
1225
42
318
305
139
866
1386
123
1858
2468
793
1378
1
56
40
93
1589
119
1383
1463
55
1048
123
706
62
2119
10
262
249
1201
3
442
1784
1657
90
2042
104
7
1140
9
1031
1943
116
8
2459
1
730
4
93
6
613
88
437
2057
2288
90
925
506
2433
1164
1252
250
80
34
428
290
329
5
422
897
1780
58
1958
1
2224
424
887
950
1037
29
942
245
5
305
651
9
1103
650
1300
11
103
668
1
122
1167
578
4
999
1
3
844
116
747
2
1055
2
33
2
1
228
2440
2354
2
10
682
237
1545
233
2184
461
1647
2487
338
150
235
1499
1737
788
78
7
533
10
11
1
314
1032
216
3
104
1371
2
56
645
321
3
784
187
99
1
834
47
877
1
85
301
185
531
14
198
10
582
15
1407
1064
1168
173
258
400
1794
109
1020
17
57
339
1516
507
222
3
3
1
1170
29
2497
151
99
156
17
143
999
2492
110
224
112
1
650
1
484
599
40
38
148
690
16
1963
1931
1374
18
2230
4
114
2
25
269
3
2
53
17
1
28
192
142
6
2269
31
558
457
437
381
1148
112
510
579
44
810
9
5
1334
598
1
57
253
338
822
89
35
624
84
25
1185
407
32
2388
61
536
41
2064
367
74
733
36
152
192
1546
1332
1054
694
209
32
1579
580
1339
1284
15
1483
158
246
1259
321
1
739
108
2
2
406
2
673
452
93
2498
411
6
1689
11
1
1011
320
753
318
2022
551
2285
2
1508
2197
24
64
556
193
74
1266
131
616
1300
1194
29
24
675
92
15
1859
1098
495
12
49
2149
1
1053
5
685
547
513
50
26
13
998
464
46
236
506
1375
102
34
4
1773
153
303
1675
1183
17
664
2
1
270
1521
1221
580
950
83
1
523
2
6
63
2031
421
26
169
4
1
1196
441
12
6
1137
2101
86
1230
1650
50
1458
32
1797
21
622
4
53
8
373
494
25
1018
380
509
1874
3
1555
545
36
440
538
825
1953
1544
475
54
12
1800
47
632
35
60
1604
1638
68
984
1914
6
121
692
1
259
1582
98
1
444
14
4
377
1161
8
20
15
2
97
1530
2286
472
54
1897
1271
1809
786
13
1557
96
37
316
150
295
1
162
168
193
3
1
124
411
485
317
6
217
44
49
1456
688
44
1481
2358
2159
700
32
16
22
68
186
98
1
106
13
255
122
2330
1370
330
468
17
15
1608
1
1239
34
97
1651
1166
10
1224
682
299
1334
472
825
1573
788
660
43
2486
1
33
1
21
10
666
12
603
2480
2124
446
15
3
1
65
13
1221
123
589
134
2109
13
41
2068
980
411
166
130
1279
15
152
1136
1104
6
35
29
70
493
39
2181
2
1197
938
86
357
5
53
195
61
15
418
9
1168
8
488
630
95
1998
11
450
210
3
3
10
172
1459
659
1302
929
95
1601
138
542
803
53
1
17
1216
1
100
300
1413
1712
908
1044
59
42
21
84
39
1
5
1381
711
9
56
529
63
284
2100
324
327
44
1557
299
1
786
2
122
1837
316
1462
292
4
1832
2
2300
2048
70
26
779
1
92
7
1214
5
768
427
288
820
1896
645
41
240
691
1628
28
13
118
241
1248
319
2
413
127
193
314
1964
1907
872
2073
53
3
637
380
40
1330
7
3
42
1161
1690
581
396
6
1152
1571
18
312
1151
40
26
1796
1441
33
1386
900
578
634
684
494
717
920
231
1727
4
67
1932
28
113
1
771
46
30
35
1
1013
1
7
138
608
208
1054
3
355
664
249
79
22
53
694
2341
1488
26
131
926
128
461
498
51
10
147
114
176
157
142
319
159
2042
18
67
828
1204
4
1017
1589
1454
954
226
14
127
280
3
3
1616
125
7
1871
700
46
467
238
39
1779
1537
1
848
232
8
1077
222
2
2239
327
1250
219
23
506
2
1093
6
2053
611
528
228
607
3
1189
64
1373
471
478
21
3
194
2
905
2
729
17
273
367
255
7
1569
7
61
26
52
1
848
49
1839
679
1077
11
121
15
10
787
385
164
1
740
237
2311
409
36
5
8
164
1071
422
24
4
60
368
1209
375
3
350
408
1945
3
1657
1
5
20
26
11
4
863
221
88
75
526
92
2232
1
348
34
1014
342
31
727
223
2431
3
760
309
1857
1503
1
175
5
242
61
23
35
2252
166
1065
59
1383
2238
1153
4
228
583
1
2373
364
2219
1
850
129
586
931
649
47
103
123
2182
54
1777
233
11
379
1688
223
813
113
720
2266
242
1084
1
85
299
76
47
9
57
801
227
1329
2224
286
2367
635
32
101
39
15
723
2176
191
254
1353
368
2383
183
1842
650
17
37
1675
785
41
49
60
242
8
1462
757
586
2
1673
526
745
29
3
1089
18
2474
283
20
61
36
2007
92
41
1
62
4
670
1
1
960
506
775
835
112
3
142
202
40
101
399
687
155
807
3
23
419
230
771
30
314
1976
1059
58
240
1
2005
1
30
2365
38
14
284
7
2100
1042
308
43
891
885
587
698
2353
2380
310
36
1597
25
4
725
227
32
299
143
57
879
105
591
6
21
849
952
180
985
434
624
4
21
79
200
82
2031
34
146
63
2263
184
240
1087
27
892
44
805
100
670
1487
271
12
2105
229
2
101
2046
1571
373
192
1230
1120
80
111
468
2289
49
214
1304
783
2383
189
610
939
175
2259
348
344
1709
7
263
1785
18
405
2
215
2
1
1492
20
40
181
51
199
22
316
305
969
1155
1052
1
4
163
1319
1087
4
3
1327
299
730
1339
5
532
11
983
189
708
424
1657
302
1839
1
888
92
479
3
493
1354
1558
288
2428
73
48
244
2353
20
1706
1644
188
772
54
1487
9
9
1292
38
552
18
183
7
3
1434
1
1948
1009
220
1902
193
3
15
35
792
2085
499
2122
922
25
12
1642
943
71
82
26
1598
475
234
345
146
1045
1174
116
62
2154
1127
1254
1119
450
760
109
922
1297
301
28
1250
16
1391
7
698
1258
1
495
193
106
2185
473
993
5
606
593
558
16
22
163
522
527
2406
106
84
81
231
923
1279
2425
56
1895
1252
65
35
1
32
407
5
6
96
614
81
3
110
211
272
9
1370
818
253
877
21
1555
3
15
184
834
2476
111
829
2
1
176
518
2070
853
2
2
1638
1331
1000
65
36
374
113
300
149
1071
207
2029
1779
90
613
152
576
138
700
2
10
309
176
322
161
782
1
275
518
43
1512
4
1
1929
1675
22
448
2084
48
2352
1709
1024
1315
4
1
836
2391
70
43
367
9
1730
269
640
638
215
6
1
15
160
1356
23
312
1671
96
5
1051
1
74
204
186
356
14
661
174
88
161
2062
1391
55
1335
161
81
713
25
3
31
15
91
56
3
31
621
4
136
4
378
537
1546
437
926
283
1
134
102
1
869
409
358
279
550
229
15
740
20
515
295
2401
15
1642
2214
242
11
479
2465
402
115
393
602
1755
17
1428
753
927
2
245
20
1685
687
5
11
1333
23
7
22
849
12
2071
294
1928
10
1019
14
2331
1571
1909
2482
1720
8
253
627
710
1065
31
640
2452
418
34
12
377
2426
927
1266
36
24
1
206
137
121
1
2038
42
549
242
2
12
1
648
30
90
1066
296
494
1
1770
650
8
255
1345
28
1287
2122
44
2037
1
908
1067
266
381
179
10
1338
722
1993
412
2422
16
1
35
358
105
2348
530
45
21
1048
2270
207
257
2165
1619
496
385
1387
15
625
628
86
1646
2
6
1903
111
719
194
260
3
502
1
9
169
4
4
1
293
199
152
54
158
1
54
2
1449
359
2452
13
673
1443
1359
1480
808
881
134
254
300
16
260
609
1459
315
81
2
950
116
77
339
733
17
182
274
368
9
1550
22
198
885
18
26
533
68
89
712
199
247
1181
1411
405
81
308
205
342
1632
255
142
45
14
486
4
8
659
728
891
545
229
926
429
193
2065
1023
1731
630
1218
3
2429
1321
12
1273
12
271
53
592
849
1306
61
116
82
52
76
9
7
31
2493
1526
704
33
6
4
54
3
2
7
737
61
1
8
44
51
1784
2152
221
3
942
190
440
528
2282
138
198
1
172
111
60
56
98
1072
1079
334
2405
468
1641
121
323
1477
392
7
1087
1657
791
1582
104
1894
1922
1096
10
300
706
11
258
14
372
118
1235
341
2143
1721
100
832
2378
1299
1956
1777
29
823
209
46
573
160
860
71
220
249
75
70
760
506
28
105
569
2313
2463
1
2040
73
140
276
8
1406
36
1351
555
1
1712
544
7
12
1507
636
75
537
598
397
1
56
1552
62
351
146
30
93
1133
163
29
293
913
682
463
14
495
1364
137
930
30
1195
1485
515
2296
311
16
155
67
227
401
1829
2295
53
412
2018
160
580
307
16
7
48
777
1734
1750
17
640
9
538
6
38
631
2456
397
225
107
50
2470
167
1075
2141
36
140
157
839
155
923
58
39
460
47
179
2
4
65
9
214
323
685
193
244
27
310
1774
1443
166
1275
198
1322
2136
15
239
35
74
392
119
70
81
126
322
1602
44
21
151
1005
460
1072
54
56
2470
2
1229
13
540
1
12
1967
53
4
1353
98
52
50
1036
21
210
25
881
5
315
1
722
478
1149
390
2
110
2
355
6
2392
155
971
2
5
136
1356
1697
949
1423
188
792
189
2165
197
294
29
67
5
22
210
3
1657
7
876
543
226
4
1677
1218
542
163
1
1034
1739
31
346
20
50
1349
456
11
250
1087
124
325
2
784
1140
80
1580
1002
1143
1375
272
1609
938
72
331
1709
64
7
1486
5
1
2086
33
1726
62
50
845
73
959
239
35
762
1019
2435
721
165
1435
1
76
124
11
1
702
982
854
240
86
37
424
15
1323
17
159
153
1
748
1400
1148
502
32
937
1296
470
348
2
1
394
831
6
1577
8
1700
5
86
102
337
7
56
9
893
868
4
167
24
2133
75
116
1259
89
20
5
734
556
2
1
1166
1526
1
200
300
35
714
168
255
24
51
2002
414
696
40
28
2134
1
12
164
640
49
1
45
42
119
1
27
2220
1252
1395
178
252
1518
45
37
195
311
260
16
205
859
91
9
213
327
1
166
505
1896
25
396
166
112
4
2029
69
5
941
1014
755
987
361
43
24
166
1945
1999
23
586
2104
2101
72
161
3
400
6
52
1928
1212
268
1
415
302
560
144
7
856
15
110
369
2421
331
1
155
13
10
39
494
1938
146
2344
19
1909
121
828
1635
6
4
5
17
1204
923
1439
597
12
355
1793
1344
1
1
32
14
2165
96
10
6
599
1659
5
5
209
11
1377
2405
36
1887
2211
2384
1502
1183
14
1198
61
1231
377
50
574
11
592
51
5
3
1104
492
283
132
189
537
12
1640
379
16
662
20
1841
2489
1318
142
1362
67
589
1
2
252
1899
1
1998
3
1345
572
486
424
15
4
800
748
20
2063
20
184
2004
558
39
2397
235
820
674
5
2341
2
532
280
1479
1695
667
159
226
16
240
1195
22
2248
1502
26
1153
16
495
493
356
941
2206
6
1270
1564
1551
18
1
39
1289
1760
170
1314
2
1663
966
3
2186
1280
15
10
991
126
1386
13
1470
1008
378
376
305
1584
83
177
120
118
1573
289
374
1028
5
1977
1
1203
528
3
2
3
305
1
11
777
861
1429
2161
58
239
501
1372
323
499
94
2
3
23
2227
1
243
1270
642
188
2
36
1645
16
141
215
25
1573
1240
541
9
19
375
578
843
100
14
1963
2304
435
197
526
2301
230
338
1926
265
607
102
1695
822
2
31
59
1990
12
1812
6
548
125
50
112
2163
10
701
456
433
2117
152
9
177
374
105
4
2189
1007
1073
61
122
20
48
1
247
4
160
248
240
446
16
162
12
1614
27
1572
80
9
944
106
2
12
5
2212
380
2319
987
62
110
1069
12
102
557
2
456
5
702
74
2221
55
300
48
532
1893
338
17
2
3
1371
19
905
203
1022
1493
536
1309
1716
1
397
1
953
21
1
9
469
524
204
164
384
149
853
858
202
49
16
2208
13
110
2
60
719
7
471
632
18
54
92
2469
1911
777
654
1135
1279
234
892
567
181
224
91
9
120
1253
1216
80
1398
120
8
1
187
101
2250
2164
1140
411
1986
1357
155
92
1997
2
64
40
144
9
1608
256
285
1933
2423
302
62
1187
6
1826
604
1080
2182
57
262
587
8
28
778
506
69
54
2148
859
599
1405
1238
13
1169
1
2024
412
275
1132
1373
180
262
400
158
73
12
1050
459
75
3
454
2079
14
17
990
682
2276
19
35
414
361
5
291
55
10
53
906
273
1
2
33
2
792
1
111
2022
701
117
56
279
543
9
997
3
320
21
2234
46
560
214
66
5
421
11
17
118
946
905
857
1634
79
310
40
138
86
1223
591
3
186
339
426
9
122
82
9
981
1
42
526
37
1070
8
1788
590
33
141
653
2499
112
11
236
1586
153
1477
7
335
1661
718
1334
1655
77
685
2107
1061
49
21
229
661
1837
1690
68
1
16
2025
148
50
1917
192
2024
211
1187
2111
89
1
3
33
808
576
417
33
892
309
1879
473
4
2212
704
61
4
201
182
35
326
1028
86
2234
116
5
109
404
209
23
17
8
2059
22
7
27
104
1204
1538
1252
1659
1231
176
81
24
131
13
153
1691
1713
46
258
1218
61
1264
1630
582
1895
1501
440
1004
93
1518
4
272
2263
1851
2204
1330
1502
1319
165
21
3
2
31
625
63
160
112
507
25
1308
203
307
2297
115
969
249
410
40
3
532
1306
10
489
745
1060
1
256
2
34
3
1178
760
127
2325
413
91
6
153
1059
897
2024
261
268
2
35
239
230
4
21
135
929
1842
646
1864
783
114
1
907
32
1403
2297
941
23
1
3
26
139
1871
164
1713
51
71
271
66
2377
5
276
69
32
76
1375
12
21
3
2195
680
81
803
2273
6
13
2075
511
300
279
76
10
312
82
5
107
42
434
715
22
31
124
2
18
681
20
42
24
2097
9
186
2
598
392
1277
286
30
8
2215
1776
822
8
8
179
4
235
74
100
32
1680
39
1492
602
1482
385
17
1093
1383
2396
876
39
26
102
897
1557
10
1477
7
63
57
118
1683
1808
267
630
1
2151
1
248
376
18
635
1273
82
466
106
64
412
2385
126
53
4
15
75
37
1512
1372
1323
839
60
160
963
387
1467
14
1
1720
2345
9
195
25
812
237
666
542
3
4
259
1428
496
2449
917
176
369
1
2211
180
143
163
19
44
526
15
17
968
314
1
2335
78
14
2315
33
5
604
505
227
920
337
129
687
941
76
41
2
270
1018
356
12
401
1080
51
2400
5
7
10
1316
87
2399
1467
1121
129
139
1000
2191
47
1225
594
1062
2474
1148
209
151
1
1755
567
64
699
134
65
892
9
1016
1643
413
201
1012
26
132
810
5
65
628
53
14
68
171
7
224
1880
1
2394
133
308
340
14
387
2425
1378
2255
1957
1948
1693
12
8
2091
54
30
11
273
914
1
2380
2026
78
1013
17
1309
575
453
816
89
336
503
181
222
2
20
1146
1387
1465
19
6
2374
1751
1921
12
57
26
208
42
904
94
283
215
50
106
130
37
233
943
63
103
80
377
1
1
77
23
95
1275
10
397
774
107
1
114
390
10
6
604
680
387
2
62
644
143
1184
6
76
802
60
117
12
278
123
22
1264
878
529
4
1910
2314
69
942
228
510
118
53
2192
3
1040
24
853
1606
575
34
244
22
1164
24
167
1
1085
1911
1602
67
1554
328
1
18
575
820
269
2259
122
650
546
265
224
2156
641
2
673
116
1018
625
1773
2225
85
15
751
352
2040
1868
351
72
2
1117
206
1926
1739
1308
3
745
1646
1
1863
296
1041
692
1822
130
1982
15
460
1
46
1273
626
34
992
543
1363
79
1467
1
355
42
767
67
2302
716
1
1161
87
362
81
112
62
413
436
23
24
368
21
216
99
71
158
72
1
148
3
33
11
22
1394
87
1807
214
193
264
219
2093
1218
1000
1997
747
2399
82
1391
333
36
3
1210
153
291
1423
1379
307
1141
406
308
126
319
72
395
596
204
168
2322
12
2286
261
2
17
3
96
48
386
20
738
50
146
1
252
1720
37
288
43
1905
2192
1
172
2
2
334
6
21
501
1865
1
1283
12
90
673
63
261
9
1046
210
2489
1
699
1842
1
1532
3
2251
16
434
301
2419
2019
117
67
386
546
546
3
123
3
1045
17
3
1885
8
1533
2
17
118
515
764
1015
24
1669
3
754
4
13
341
13
1
304
1440
27
167
1910
836
145
940
84
1736
1150
39
2090
159
59
290
2
536
1
58
1560
33
52
230
1
7
37
89
25
440
2025
1
220
57
298
988
899
818
526
3
152
1453
98
123
25
2000
342
76
944
1727
132
997
2053
61
444
9
1696
2158
143
243
323
14
425
12
1257
1826
324
314
32
77
4
44
62
4
328
24
1
2268
4
1784
7
391
38
120
162
749
37
101
539
349
1
1305
338
9
205
2220
134
6
82
18
152
5
29
223
691
680
36
20
1372
128
1162
1299
18
1
3
131
503
1
605
598
276
384
105
651
351
724
12
2
4
3
6
2264
113
1
15
38
1009
466
6
1213
3
1503
14
45
1547
506
43
157
718
1319
2082
1723
2015
473
271
13
3
171
411
4
4
1467
50
446
62
2037
2
85
488
2272
392
690
362
1005
13
56
1408
767
408
63
40
1316
60
187
9
846
1070
1314
1107
1986
180
718
156
1984
1920
915
2
823
2455
566
947
1154
2
24
115
4
441
1532
10
108
1262
840
83
2367
17
107
1818
1848
1331
70
1688
600
57
103
1351
1220
12
290
1010
380
57
1780
31
15
2427
51
438
167
2173
2136
2193
12
26
2358
374
28
536
4
1111
335
131
1
746
1319
60
53
1340
1235
36
1039
299
1331
1078
150
981
234
74
2275
889
317
6
124
438
1278
816
25
2028
283
944
150
128
1083
2281
1523
61
1404
8
47
1485
435
2
25
2470
908
113
90
1973
428
268
291
73
1196
155
1091
213
307
1
608
1764
1212
84
1805
427
601
3
546
1
320
885
10
2041
2269
9
6
223
1875
28
927
1919
314
1420
963
532
1901
1359
69
2
2125
197
2176
821
493
79
179
10
1
44
387
14
39
390
36
835
14
2
1670
1219
1927
60
435
18
8
9
848
63
95
385
14
1
33
357
566
615
1428
146
102
9
1628
56
1782
233
2490
5
29
443
1630
442
2209
241
510
852
283
118
267
1276
238
1273
448
2058
1333
417
749
982
206
4
750
1
129
1649
918
132
4
68
419
738
302
352
2328
885
765
132
520
295
79
152
284
58
6
1354
507
30
1693
107
21
2338
2278
10
1098
1941
246
83
775
3
267
1204
36
1888
776
1450
461
58
55
1037
635
56
190
1376
1355
6
11
111
188
40
174
1228
1278
1768
163
165
702
653
2019
743
766
296
36
97
151
39
5
10
427
1200
40
93
3
1687
739
416
935
185
19
406
138
23
11
3
66
24
630
503
994
33
1141
79
696
58
1048
2006
141
228
518
1
1993
1706
352
29
1185
16
1
59
897
188
1995
849
826
682
195
6
126
550
1773
184
51
241
2457
4
10
69
1769
18
47
10
1790
244
16
651
2037
678
1508
8
74
6
1640
218
617
2097
11
54
110
2445
2151
709
1695
189
2
1073
1
204
2366
675
1805
155
130
2187
20
15
12
66
1929
1444
8
23
374
1707
623
2353
1417
821
996
50
238
468
2007
9
610
7
1261
440
2251
2284
26
182
2
284
993
260
114
1658
100
49
1549
454
4
337
1449
2
465
130
13
58
530
1
197
1
242
21
141
1688
96
1022
82
1332
1650
224
172
82
748
291
138
307
1595
219
84
233
77
974
45
1
46
37
489
1
1505
1013
4
528
7
135
39
1573
204
1181
4
342
147
1671
588
894
32
1082
16
816
1216
118
158
8
955
152
5
1133
1164
5
220
1409
26
2306
6
368
64
27
428
1276
1924
1509
35
1079
1621
27
904
5
3
110
808
442
3
1116
1248
3
364
1426
3
1065
11
3
27
1
993
203
74
722
140
2070
562
38
2213
710
13
11
991
231
1514
4
260
99
59
1081
233
811
767
673
1145
23
116
110
1463
1350
929
348
191
386
36
4
240
3
220
27
11
293
251
37
124
152
1593
402
1816
70
2068
32
156
124
31
175
2285
1602
449
119
902
27
176
46
2187
1962
337
7
57
1069
1488
1355
2
2427
1594
117
133
268
909
61
1
275
2073
4
52
821
5
12
1
902
676
114
583
40
48
17
307
7
151
178
630
123
237
11
116
397
124
40
1
41
141
1127
84
139
1744
84
2196
59
57
1666
960
68
1044
1604
722
186
32
956
26
2177
1568
1424
57
265
25
1077
78
199
1549
2446
559
458
1703
2021
1698
87
2126
1106
139
2098
252
2
686
444
1055
1308
257
698
147
474
60
1197
2069
610
1410
1512
183
127
215
2442
1637
64
294
1795
6
127
19
742
457
181
145
378
1447
1091
35
214
215
30
545
81
6
366
8
49
11
243
1
462
53
524
2053
161
410
1
33
443
200
912
1299
1668
414
836
408
54
104
173
123
1
1022
779
984
5
29
135
888
2
22
1859
623
1320
495
865
27
788
52
2020
2458
402
109
1927
367
1670
102
279
51
24
1
1795
961
3
159
8
991
1
5
426
95
90
349
29
641
175
2410
2
2098
113
1484
26
628
2175
17
1655
763
1717
145
794
9
31
2049
104
1182
55
5
3
36
3
170
1684
3
1185
2316
821
302
11
201
27
2205
116
55
935
70
670
109
2494
909
1452
533
1347
322
40
1775
10
1
1970
1688
4
227
224
65
1598
1109
1869
694
1930
91
1861
375
978
98
3
611
2416
16
841
91
165
2043
136
2002
726
576
153
2271
16
1240
84
56
2312
872
753
286
346
1865
3
3
165
10
323
471
13
382
737
228
26
348
2435
490
631
8
16
1406
31
672
8
138
2219
2212
921
1280
282
280
2
746
365
799
46
24
80
2065
83
711
30
66
3
1
326
295
398
1047
1857
18
42
13
1316
2433
183
3
2351
2426
477
796
1829
623
251
99
1603
240
119
1
178
801
1947
974
1
1246
242
47
1528
1
515
422
296
2037
2090
23
101
271
3
321
2151
5
966
36
668
3
261
9
58
327
20
185
38
1702
257
1920
9
11
1086
241
68
750
13
725
438
45
16
23
162
1791
1
2
189
446
645
277
10
1038
224
489
213
806
281
926
372
362
29
2472
1365
1491
618
330
1794
399
1228
230
67
162
1983
10
175
2
1964
838
6
558
16
7
1306
969
1780
1318
8
38
45
1020
13
45
574
5
2
241
7
233
1588
1241
1327
2261
21
271
1564
375
85
7
1371
2
1323
612
840
1698
3
431
873
182
119
2300
3
94
292
2423
1985
23
2056
7
68
934
2381
918
575
1
463
557
6
26
58
1734
160
690
2
42
144
367
82
266
122
194
915
8
263
56
288
707
22
2032
2
145
146
11
2067
2
74
365
269
8
742
8
1
1545
2291
66
2230
2224
621
69
2411
2139
2
335
1321
925
257
1
27
1097
387
694
987
2296
2
534
43
92
1619
9
1755
1974
844
23
888
255
2343
47
137
35
2337
16
6
1909
374
2345
1
1377
389
111
943
37
107
18
753
2224
123
1738
141
429
251
687
941
111
809
1
397
34
2
954
29
109
1340
293
422
130
9
35
438
400
35
445
23
2
114
119
116
1557
1085
14
1739
692
1916
51
74
12
1358
72
284
737
61
854
49
1
858
2041
8
1788
1110
1
8
84
1
1442
3
152
996
675
196
1509
165
872
889
1
46
1111
1292
10
1230
893
1323
2154
2295
26
44
2
281
4
1552
67
48
692
65
8
1635
1096
380
1004
904
2
44
83
731
1035
574
2
167
150
94
1
867
36
2133
4
2079
1746
190
32
698
2
7
500
603
603
674
452
1750
429
1882
474
877
174
16
20
18
1049
2405
90
1060
534
1448
2356
903
279
310
132
84
1145
16
1375
2125
207
14
84
1400
349
190
493
1037
2205
680
2045
609
328
56
3
95
2
114
16
18
1
365
138
2261
2387
91
1689
8
5
1
592
1781
9
208
1656
986
2112
2
80
1077
2420
1732
113
11
22
1363
29
43
13
477
1907
1000
260
304
1
1113
322
26
801
32
1490
450
1380
11
10
2377
2
741
411
344
16
160
1104
9
128
702
57
1252
1179
548
1662
1018
1
763
41
4
465
523
236
87
644
489
119
768
106
172
15
62
498
182
37
1697
851
67
4
1362
194
44
1286
48
1812
458
510
1027
135
175
5
1
1709
5
80
2236
922
53
25
1249
3
1150
242
4
547
632
45
85
9
15
548
193
301
2161
1
433
15
2
1060
8
879
12
1
1702
1
284
1490
2018
2256
371
773
43
1477
10
925
58
69
1068
1
824
2210
1369
48
1027
992
118
3
28
379
1566
101
405
2110
1117
1152
19
1
9
187
209
267
2355
12
95
186
3
2133
1036
140
920
1635
914
19
96
1040
762
37
1930
93
1466
1641
1226
708
379
53
80
2064
232
2
2442
107
158
2428
2490
1879
88
859
917
4
154
35
159
2
70
1029
91
203
965
703
405
