1
29
208
62
126
9
64
111
4
961
2
18
71
59
199
2
100
211
497
17
988
537
75
51
4
875
65
25
1
137
669
5
20
49
295
356
404
115
413
629
12
98
836
134
15
286
1
311
192
313
48
37
384
871
921
45
10
5
117
95
38
191
493
2
75
611
38
752
912
655
315
240
17
643
711
2
14
2
536
238
303
8
112
613
14
470
238
275
746
191
445
584
100
1
675
4
103
9
2
28
873
127
6
384
36
613
21
171
2
33
390
436
153
34
107
65
462
105
956
162
77
7
1
160
82
89
2
303
1
36
45
11
43
1
9
229
31
629
56
263
1
470
1
776
38
178
312
79
49
97
546
5
852
565
494
21
131
555
947
374
637
3
36
1
287
6
13
557
210
3
99
434
470
1
49
700
508
534
900
1
353
694
47
1
219
2
475
78
160
863
29
742
4
518
22
706
768
171
6
340
547
40
229
739
177
743
87
598
2
24
170
2
37
15
5
23
117
581
1
114
234
1
959
77
75
784
209
3
347
70
1
26
64
20
13
15
8
8
44
30
26
57
183
24
1
1
15
954
74
679
109
449
387
39
10
98
4
643
316
85
1
248
107
56
70
653
213
1
390
29
381
70
141
794
184
371
829
46
80
157
260
275
341
599
25
268
24
999
459
5
929
11
12
139
11
7
261
37
490
520
775
781
801
38
4
64
435
123
38
442
196
6
203
1
309
980
719
17
653
4
259
168
11
413
138
63
26
743
7
26
558
171
95
3
20
418
248
160
37
340
274
4
429
23
1
1
843
7
34
152
35
248
1
150
323
65
103
5
51
973
30
120
57
179
6
62
1
115
780
24
459
199
2
653
793
454
937
112
9
160
482
577
18
778
289
160
367
285
21
37
16
503
103
282
17
68
30
95
169
1
70
15
57
2
351
24
177
204
53
72
559
64
3
227
72
95
67
25
422
1
876
172
9
4
163
933
517
95
51
318
224
169
10
63
2
786
459
1
55
47
362
138
1
175
99
698
486
37
140
337
2
215
4
53
185
72
9
4
376
307
23
25
8
651
336
940
14
6
1
6
115
816
106
82
1
301
1
323
104
572
555
979
194
31
3
252
257
8
645
441
100
524
159
505
213
207
2
27
382
859
65
958
734
8
9
344
31
432
22
104
129
218
28
625
36
1
1
136
467
7
16
442
33
604
29
115
39
7
623
363
219
1
105
1
127
72
48
42
24
265
16
59
2
68
1
1
781
769
13
551
584
2
1
6
3
972
64
562
547
4
236
428
55
5
9
269
110
464
971
116
230
3
30
528
195
37
137
4
6
18
2
181
314
26
233
171
2
3
210
46
40
215
172
329
9
22
607
336
6
322
3
915
51
971
4
1
394
132
2
250
8
1
689
48
893
604
640
662
5
403
526
491
23
3
449
469
345
857
462
180
58
615
4
76
35
544
15
5
69
334
482
226
27
325
438
424
1
43
285
81
119
5
1
720
5
672
127
26
3
5
163
360
16
612
46
989
98
5
295
47
188
214
243
60
242
691
198
25
72
17
35
224
83
13
144
92
84
43
562
732
122
3
1
37
801
34
16
385
168
7
689
6
968
70
74
18
59
935
74
301
104
317
596
18
3
406
42
226
720
115
169
187
711
1
29
413
56
828
621
18
1
661
7
21
17
11
374
4
665
822
789
243
3
85
28
34
30
33
35
507
7
125
224
242
5
1
2
18
138
61
976
273
370
640
7
2
140
730
44
114
263
179
29
418
121
12
3
4
4
712
772
131
981
454
506
27
35
2
41
4
23
1
5
23
932
205
513
12
481
201
3
47
118
244
2
167
744
312
19
31
552
466
498
206
375
5
2
844
205
2
2
24
30
514
116
45
519
36
770
15
4
14
125
375
1
8
25
95
438
1
360
483
329
128
705
419
23
462
127
350
11
137
81
137
237
189
683
1
982
90
733
196
751
8
28
3
23
52
3
8
486
704
919
9
6
130
786
16
273
504
14
24
1
104
932
3
109
763
96
1
6
174
443
682
332
45
643
61
214
740
47
28
529
515
252
89
162
382
798
626
26
3
32
684
27
44
59
6
19
390
7
4
16
6
518
43
855
164
388
554
10
374
131
578
14
59
1
1
33
290
939
238
23
234
154
290
116
9
6
259
416
8
633
4
138
553
166
408
253
1
719
16
368
258
1
364
5
12
77
507
27
551
272
4
325
19
22
9
97
589
305
861
3
70
904
136
18
382
693
3
71
256
381
361
64
23
384
131
586
252
616
466
786
415
235
245
2
954
453
114
15
2
281
1
75
96
40
47
411
1
166
40
717
337
11
32
459
333
658
112
10
5
7
428
3
743
13
3
696
154
68
809
379
814
2
1
766
71
414
1
94
44
4
359
56
21
409
111
49
548
6
139
3
106
795
357
64
104
84
701
11
1
77
149
28
271
339
268
106
1
12
38
6
115
2
32
23
39
4
98
123
523
1
237
194
13
22
1
205
32
377
87
729
131
858
2
379
15
439
444
260
1
198
233
58
23
995
94
785
418
17
2
77
84
962
376
537
239
1
25
868
113
1
232
141
26
184
317
251
545
68
1
334
476
1
280
331
5
297
826
82
28
186
127
191
486
248
16
39
276
154
391
186
256
137
1
2
542
239
42
1
122
9
355
314
44
209
191
30
19
433
114
2
159
4
262
983
448
3
17
20
211
945
23
2
468
112
109
40
178
41
431
56
6
4
1
254
6
5
5
66
339
54
65
532
383
2
197
556
197
4
141
344
150
2
308
769
784
2
12
333
31
131
82
13
229
429
277
491
5
15
6
956
728
256
42
243
307
129
5
906
895
315
16
392
294
3
9
746
74
317
289
813
14
16
73
386
298
2
3
597
16
33
153
907
233
438
608
36
81
934
3
157
80
9
437
113
6
112
459
138
1
22
62
633
944
5
99
137
121
56
16
378
554
954
384
68
2
73
38
558
9
393
391
38
140
8
38
43
291
253
518
111
248
364
338
522
784
247
571
182
78
27
83
439
60
743
172
170
42
951
181
1
38
238
2
19
364
153
24
201
277
171
2
1
167
147
15
1
76
368
117
90
408
806
492
82
151
22
319
161
1
338
883
754
23
122
22
14
44
40
27
12
508
902
1
27
44
40
315
201
47
321
50
83
1
46
142
41
2
2
120
7
563
295
33
542
69
65
402
114
579
640
24
66
80
32
135
1
416
132
24
338
145
43
132
468
28
33
46
865
1
3
1
90
132
92
443
316
95
15
2
3
71
537
122
5
309
3
31
739
2
288
377
195
11
754
408
670
8
2
562
888
729
86
2
50
7
4
775
1
89
325
494
58
230
465
8
4
58
17
23
1
15
232
372
956
148
110
85
418
961
1
29
398
22
477
221
1
6
20
1
646
277
6
1
24
910
299
3
387
1
27
386
103
284
397
11
5
17
618
72
136
609
114
66
18
362
108
238
2
47
170
755
102
788
207
393
2
1
177
32
2
18
377
2
1
189
740
4
501
228
8
41
907
220
86
25
137
1
982
164
2
349
497
151
1
559
10
4
22
2
20
676
4
84
91
836
395
16
110
655
3
166
195
170
31
253
228
17
916
465
118
11
3
38
202
74
38
647
89
6
847
19
11
42
2
843
436
483
66
11
8
44
631
49
46
856
55
4
60
23
46
483
7
500
11
268
28
82
800
784
1
739
2
4
366
146
6
642
34
13
60
408
168
91
243
63
365
371
628
22
66
4
27
14
742
130
977
7
705
183
14
883
439
951
140
812
553
160
269
769
32
38
876
170
276
5
86
487
217
132
573
20
538
216
32
3
77
93
321
61
1
667
3
4
6
343
645
253
59
16
35
142
2
13
118
9
211
4
1
62
782
1
15
110
37
602
7
69
404
960
16
34
337
230
7
52
2
586
34
363
982
2
6
811
992
737
18
375
491
1
22
843
11
88
117
22
141
14
31
282
18
49
100
5
597
525
325
1
1
146
8
90
15
319
48
105
245
4
6
860
762
134
83
3
712
19
22
346
182
280
191
761
2
11
28
8
850
824
3
4
441
78
65
2
9
182
3
574
23
797
293
289
21
295
779
12
527
233
35
4
1
194
86
17
264
24
175
12
312
5
15
26
40
966
23
102
375
565
436
95
1
2
928
7
166
224
249
125
4
4
102
7
473
227
240
45
923
329
6
115
297
950
259
460
459
666
10
27
391
253
5
881
24
151
347
711
16
142
81
366
21
520
2
27
748
2
9
47
406
451
6
64
675
892
616
738
3
33
233
1
96
97
5
418
9
415
108
367
101
164
239
8
1
29
192
510
314
815
32
107
6
455
60
175
41
22
3
620
114
285
44
181
741
24
1
63
40
135
9
789
361
982
760
140
44
43
251
162
7
2
157
4
290
3
479
42
571
14
287
9
960
943
180
253
147
130
339
60
701
215
21
285
5
13
2
48
548
58
675
146
477
7
333
1
1
92
4
2
309
907
747
144
73
763
289
48
8
799
69
702
60
263
143
8
508
86
78
92
91
538
14
48
148
490
14
227
1
228
441
448
1
38
816
253
220
77
19
133
79
100
266
64
9
175
26
8
60
3
141
522
524
7
159
370
979
300
299
2
3
957
523
6
103
527
67
31
30
24
108
981
173
716
8
716
11
3
42
396
4
444
560
826
36
16
71
396
209
101
39
36
495
172
68
514
340
390
356
738
53
41
71
364
25
595
9
67
137
143
78
462
945
294
5
165
377
21
2
446
1
766
121
17
792
733
237
19
885
200
41
986
391
6
771
116
21
803
489
682
86
1
1
438
51
380
92
18
861
491
153
821
345
20
8
156
9
121
47
36
323
9
35
24
4
844
22
147
534
243
11
31
33
291
278
82
35
558
295
211
38
9
151
202
13
465
262
1
40
483
21
14
591
3
1
76
61
270
3
190
125
10
64
41
104
884
80
277
190
548
3
140
2
182
579
12
125
861
24
30
208
435
61
155
1
270
114
28
289
180
423
22
797
667
762
38
145
100
13
808
50
234
34
3
423
133
138
317
2
44
886
473
5
28
323
371
814
478
740
81
26
11
475
2
350
10
4
83
236
13
88
2
1
25
154
127
81
949
107
24
2
10
81
643
12
74
20
81
135
484
71
146
446
146
965
37
4
23
3
913
17
32
71
173
749
267
486
105
219
43
101
62
4
1
5
354
33
6
1
11
109
191
15
568
52
62
95
475
128
60
641
673
352
21
2
575
436
189
283
345
37
604
139
99
20
75
59
16
525
417
1
149
71
58
128
481
2
137
188
488
590
11
83
203
53
256
21
6
59
7
558
85
36
400
12
82
13
2
502
469
4
272
696
3
523
8
93
394
576
612
635
25
191
34
721
171
25
765
26
117
642
44
8
766
869
903
24
8
182
701
1
17
186
112
914
72
49
21
3
584
507
454
73
17
129
55
2
26
568
5
852
331
285
235
77
5
5
6
5
63
49
13
461
920
55
24
33
27
437
13
296
993
1
54
83
8
19
6
232
397
4
126
4
885
262
29
516
358
424
40
180
109
3
627
4
70
321
101
11
228
222
18
1
26
265
293
614
145
92
701
23
191
2
78
95
525
124
76
214
527
119
19
701
157
7
462
2
11
138
998
207
848
10
69
46
8
51
319
400
21
48
17
6
4
6
1
3
130
13
21
980
502
8
59
386
639
393
349
163
45
4
470
37
20
531
448
829
311
245
44
115
14
1
3
27
3
33
384
2
519
45
182
133
181
9
7
46
87
712
5
4
3
56
215
744
640
2
138
1
6
296
25
105
907
118
498
735
33
190
501
19
1
956
237
3
162
6
538
13
696
697
825
83
191
258
579
5
1
824
260
1
54
4
136
15
39
608
383
4
146
77
377
2
28
50
17
156
24
393
10
543
279
608
540
582
753
172
10
11
17
8
581
25
93
54
3
482
307
616
768
237
322
9
15
263
74
296
339
324
877
200
1
823
58
461
224
203
7
217
196
66
570
2
6
129
74
2
1
95
67
5
17
332
194
467
432
569
137
198
423
5
643
776
66
205
416
158
1
853
5
9
69
266
569
12
375
86
427
293
30
10
47
1
125
713
403
67
456
23
378
1
249
805
969
16
60
769
989
149
6
92
4
756
758
91
512
169
10
72
22
549
88
711
319
29
381
420
60
699
1
1
63
57
15
2
208
410
20
862
538
108
322
3
338
4
155
518
280
2
79
935
2
12
2
380
5
92
859
204
176
442
7
17
39
232
10
440
577
85
2
151
149
914
19
181
820
3
242
414
65
689
169
24
264
3
13
2
339
49
623
228
76
911
9
68
325
261
1
77
11
404
473
665
15
11
196
923
8
53
140
218
512
168
85
8
80
476
2
19
79
73
714
21
190
29
240
164
396
3
248
28
256
12
97
48
487
2
209
136
76
1
121
207
1
7
812
942
586
3
12
174
7
165
85
818
17
352
8
4
876
7
983
388
633
2
1
94
139
111
4
476
4
2
161
40
42
53
89
387
45
7
466
431
91
17
354
541
167
586
223
16
2
15
145
168
735
168
766
56
11
24
650
2
20
183
944
517
18
643
47
447
754
6
319
35
254
115
41
10
67
578
531
25
15
9
191
456
1
127
283
197
299
38
11
281
5
26
411
53
4
22
1
1
997
268
335
197
285
16
816
35
36
198
6
378
54
30
700
3
53
90
14
16
8
1
69
61
724
369
157
72
2
881
352
137
314
90
334
1
368
3
337
92
53
760
113
2
68
809
11
253
1
51
1
304
344
10
20
394
38
270
16
15
295
206
192
889
145
419
1
571
1
654
464
7
34
43
1
70
13
310
532
3
19
4
97
137
4
523
101
292
656
2
722
364
561
1
120
55
1
185
360
406
70
3
109
47
58
516
46
4
729
20
639
919
275
285
41
7
2
486
108
13
570
887
879
272
17
67
684
1
380
75
829
31
8
164
410
4
768
9
5
100
722
13
325
726
231
124
974
1
118
760
14
11
11
413
60
3
6
4
929
156
1
18
117
8
848
6
748
73
800
113
910
58
1
80
433
3
5
245
784
13
200
459
5
311
15
26
271
94
30
723
14
185
65
74
34
428
2
455
132
431
112
33
38
896
6
17
69
282
33
377
149
257
41
141
12
111
53
648
43
54
207
24
824
12
62
41
589
4
957
82
103
14
4
19
4
970
3
28
109
1
49
2
2
287
817
1
25
492
405
252
78
55
520
61
763
453
115
4
185
161
677
29
3
274
9
15
755
290
100
5
128
137
72
82
85
403
11
135
1
1
89
9
673
882
671
77
334
114
417
591
490
236
1
118
275
412
193
164
13
267
121
3
134
663
15
94
30
274
113
36
212
35
74
88
52
205
394
920
5
5
842
7
890
192
35
12
67
258
2
274
142
92
671
996
1
52
105
26
30
3
106
35
816
254
26
16
10
15
17
370
18
15
490
1
447
518
86
28
24
561
178
1
27
1
528
55
128
179
28
7
175
68
185
1
76
450
76
81
120
15
10
2
96
93
5
74
160
20
33
68
179
20
452
2
949
378
905
980
505
5
349
217
88
698
73
36
12
857
228
686
584
10
13
174
145
1
14
492
259
28
728
49
17
920
69
22
203
8
27
473
85
34
322
880
63
81
10
20
52
1
994
629
165
4
3
54
65
1
307
27
5
4
3
239
2
5
23
5
76
661
27
3
961
11
3
105
403
580
3
27
145
1
326
814
252
2
554
32
940
653
6
352
36
187
196
167
15
243
69
1
30
108
186
829
88
334
1
40
646
220
502
485
8
116
4
903
5
26
139
664
639
625
451
67
2
569
170
3
854
4
394
631
8
27
580
194
109
1
3
791
23
25
646
4
101
277
9
141
1
397
326
123
949
189
244
278
328
23
7
1
349
190
245
591
785
362
320
77
606
3
30
355
717
1
2
221
615
1
2
797
8
134
28
200
363
302
773
266
300
870
57
13
40
1
164
46
139
176
9
1
7
159
1
102
138
107
1
120
160
8
102
14
1
43
24
42
631
909
42
661
987
7
19
319
63
487
1
955
676
720
641
113
316
148
64
4
116
816
18
395
770
400
150
315
830
21
5
705
526
177
457
874
276
7
388
134
517
140
34
262
8
31
525
185
1
306
8
754
479
486
514
638
884
5
342
90
164
32
58
34
146
12
334
45
810
3
38
237
1
113
273
12
64
113
373
11
803
806
14
764
32
86
7
612
31
809
24
2
4
4
441
9
148
101
639
133
161
585
153
64
597
48
5
5
4
255
223
196
9
2
9
59
192
532
7
329
544
2
24
95
199
56
53
252
683
10
2
174
2
434
451
171
11
123
33
31
1
230
499
28
561
10
4
7
758
466
3
797
300
11
4
37
25
260
9
2
34
26
114
6
143
844
1
147
56
18
457
2
48
36
321
613
264
378
914
296
20
176
60
850
267
23
123
127
454
1
99
479
172
165
179
70
22
21
310
258
7
20
248
108
585
284
335
383
37
111
26
78
130
5
718
98
59
420
887
153
41
372
610
404
20
102
5
13
855
15
118
1
14
772
4
701
53
2
1
652
403
74
484
988
85
272
979
3
22
56
272
780
271
30
256
98
271
180
30
692
2
360
89
226
258
1
1
22
289
896
25
66
40
461
44
310
7
373
118
1
251
1
411
28
353
155
379
571
505
15
51
2
4
776
25
15
196
2
2
483
53
1
732
146
1
230
2
162
1
438
76
148
327
37
3
960
57
734
608
522
16
36
28
1
1
454
747
264
216
51
438
62
166
4
460
891
25
2
432
999
708
274
92
159
586
2
534
8
2
1
33
481
1
1
452
665
262
16
580
5
27
913
204
994
70
357
20
88
9
21
686
670
266
12
27
589
314
111
82
714
1
1
92
201
2
19
109
3
1
650
636
403
543
268
723
57
9
537
2
60
296
51
10
825
366
449
7
977
816
76
379
6
267
12
8
460
34
15
918
128
115
268
616
197
19
654
320
4
50
249
11
186
160
29
514
28
64
384
2
25
5
5
1
27
347
39
390
406
622
501
41
69
101
69
312
426
80
568
175
51
1
5
5
252
20
795
777
572
720
55
337
136
315
223
206
1
907
1
37
63
253
111
6
653
636
725
291
1
246
230
136
82
292
702
490
104
37
354
760
546
43
450
886
1
21
66
28
1
10
975
15
95
5
14
8
668
60
248
828
163
658
411
51
2
38
77
725
28
64
40
69
714
782
708
648
258
16
193
187
476
328
949
663
24
699
63
986
81
119
26
1
586
4
1
889
1
2
237
8
2
1
819
152
1
869
704
184
25
1
133
400
776
10
103
330
22
850
9
13
319
3
15
1
80
31
961
999
94
89
50
963
62
282
3
50
24
454
1
319
429
18
45
1
19
162
135
205
3
57
578
1
14
630
160
454
40
358
18
113
141
54
6
691
982
5
636
472
163
5
263
3
436
824
95
6
2
221
162
107
561
940
855
7
199
2
30
123
1
85
255
43
273
26
903
136
135
308
18
6
524
511
1
63
331
19
173
35
26
4
224
521
190
740
680
2
147
30
294
7
206
2
32
4
5
299
108
14
334
3
817
549
1
2
344
653
61
945
11
10
514
147
425
27
1
983
3
111
494
92
701
256
873
114
97
521
34
142
902
44
599
95
33
259
410
13
232
243
137
91
96
381
20
985
648
8
1
404
42
369
53
15
385
6
78
10
71
136
393
6
31
23
199
412
7
523
2
50
959
33
36
697
72
770
98
800
30
3
55
903
158
259
3
343
18
3
49
72
2
1
1
306
3
945
222
839
56
185
153
279
173
316
145
164
2
50
123
610
10
819
417
643
147
1
942
466
589
193
120
4
462
18
534
37
20
20
568
8
2
526
26
93
858
250
906
8
12
298
444
6
821
11
161
127
912
64
40
27
136
496
3
6
80
6
969
22
306
9
138
98
23
161
218
537
6
180
15
337
752
443
58
145
125
57
820
251
448
9
383
16
599
158
143
673
65
600
933
3
277
868
74
372
581
36
33
784
426
549
24
179
170
227
14
14
39
3
10
350
970
925
302
650
14
122
1
221
2
3
544
45
1
1
588
105
25
311
535
6
4
14
489
207
569
112
141
10
4
839
123
2
91
110
49
628
451
518
193
1
229
125
334
52
484
245
862
496
840
80
12
4
7
273
185
80
334
714
22
142
25
196
166
346
59
449
89
135
82
104
21
320
122
401
10
179
1
363
1
11
2
88
519
24
306
117
723
630
374
28
254
6
3
420
986
5
78
112
2
88
335
3
128
543
71
660
90
1
61
467
780
9
971
4
5
141
176
931
702
423
97
1
160
427
171
46
9
207
11
394
46
15
785
117
1
24
2
15
38
1
12
39
1
533
240
153
95
352
6
2
456
36
81
181
15
43
535
3
718
84
267
34
1
65
197
1
13
224
1
89
2
125
51
28
79
14
71
947
633
581
2
870
235
17
576
31
126
38
361
154
23
298
479
530
296
3
35
472
10
320
137
549
313
13
14
287
1
236
38
299
857
658
90
87
1
424
212
948
230
30
821
911
24
272
153
128
27
1
477
690
609
848
49
11
533
198
2
419
865
38
9
504
48
83
484
362
988
952
27
3
167
15
438
106
148
315
329
46
401
7
831
124
55
191
612
294
424
72
4
74
25
117
200
112
4
262
708
34
804
7
336
1
1
685
726
2
6
2
342
9
229
447
175
282
48
284
573
409
852
1
50
616
206
81
32
224
214
450
4
19
44
4
18
848
780
155
35
724
307
116
6
804
55
252
202
591
2
5
701
829
109
18
675
172
32
792
1
584
49
303
79
917
70
1
1
91
267
6
264
25
930
489
46
427
946
909
63
374
491
74
312
409
135
692
1
31
9
259
430
28
599
1
2
4
41
735
67
96
170
40
1
490
961
3
376
742
200
415
1
108
4
71
43
15
273
391
612
55
3
719
1
663
200
315
172
50
248
39
424
2
4
722
507
863
502
315
563
3
8
27
774
41
45
8
153
244
11
361
315
243
22
14
170
154
544
14
442
1
3
13
561
78
190
35
843
561
147
194
24
151
544
53
11
1
50
382
2
2
658
524
956
120
654
8
506
818
202
589
4
447
719
4
22
20
106
106
334
406
798
4
24
175
116
280
447
541
8
98
631
170
588
3
1
330
417
480
186
284
36
69
12
4
64
863
474
12
916
944
77
520
58
4
742
2
29
1
174
62
2
127
908
44
163
114
368
151
635
40
982
102
65
14
720
374
561
37
50
11
169
290
650
878
597
833
705
14
8
460
780
59
26
272
3
44
