1301
595
2495
1013
741
42
2060
1953
2294
738
1863
581
239
1942
2724
2738
1324
1507
1798
41
1409
725
1628
149
2932
208
18
994
950
565
135
1457
2901
2886
486
888
2837
1685
1332
475
761
376
1691
2321
848
2035
1084
83
1533
707
2750
1631
291
1803
2795
2354
917
443
2534
2812
2469
1559
298
2367
919
406
1199
1096
456
1915
167
2891
1858
454
2961
2005
1079
2942
2650
1590
1850
1241
1234
1367
2386
18
1605
1756
1400
2654
1146
1237
834
2784
2073
1099
418
1429
1486
2966
1261
763
1604
2431
2470
1767
2619
91
1500
1732
633
690
1114
1602
2636
735
1671
930
943
437
2870
969
41
964
1223
812
433
1780
2656
1550
273
2266
2687
2573
1639
2056
52
313
400
544
2716
403
1458
2182
2255
1215
1552
2852
821
1021
2457
1953
1602
115
1983
2782
1040
1377
808
1403
1130
390
2541
437
496
79
1040
2928
896
1093
2856
683
2291
319
630
746
2256
773
1125
1714
252
2338
939
1261
801
682
98
1351
2363
944
1267
143
1489
2252
2362
1703
2504
2133
1640
72
1573
89
1427
150
890
412
2039
2655
2652
1894
679
549
2110
1398
399
2280
1715
2041
1218
2387
101
687
732
760
710
1702
970
1431
2502
363
1261
1249
2777
2309
1101
1875
536
901
2337
2113
121
712
1880
2087
1218
596
2677
2473
903
1216
49
2551
1297
2081
475
2211
2456
79
2476
579
658
2748
1748
678
2095
2597
426
299
1085
2773
2491
561
1747
1847
1563
2130
222
2788
1896
1901
2793
2504
2930
2196
2257
1623
1608
1188
75
1054
1814
452
2495
435
2397
2305
2111
976
1618
1094
2885
2255
1686
2650
2656
2902
505
2103
1409
2085
1492
82
2437
2815
2512
2984
2672
2663
2063
1296
887
2649
1368
2504
2180
2303
742
2129
2518
1991
1187
758
46
2025
164
1705
2125
2282
686
424
1088
753
157
1471
767
2004
1183
1960
1427
1026
636
1444
2435
1907
589
1869
2272
2400
2940
2025
2165
1633
2559
2166
1437
1484
108
143
2475
1061
1041
2227
2676
1178
1703
1800
2971
1286
326
539
1386
2500
1447
2593
1904
1510
2894
2721
523
1394
2272
528
1795
16
2679
1714
1903
2665
545
994
1683
1224
1587
1675
2042
2935
1536
2493
1403
1140
1317
739
2928
947
2265
2585
69
232
2815
1064
2220
265
1175
31
1823
424
1309
1390
1877
1056
2290
1270
1013
2354
2556
369
701
76
2096
1679
215
2546
738
2160
2007
1193
979
2126
2716
1929
1132
1549
293
2655
2836
2653
2109
478
2456
321
2246
110
838
304
15
1429
795
1756
1158
101
1429
2654
153
808
1708
259
1055
667
2829
514
2431
158
588
2977
2353
1522
1502
2335
1225
598
405
1042
162
1172
192
2409
2672
2033
1805
407
2807
2756
626
2029
1501
2248
1050
1663
1866
1356
510
2952
2914
2600
1802
1938
2667
2519
1898
1794
2467
1082
833
498
2423
793
2424
1141
419
316
2996
332
2560
2099
2163
1055
1688
2233
798
331
213
440
1262
1241
1044
353
775
1579
1765
197
2850
146
2207
2524
7
727
2108
2166
1849
1226
1003
332
2102
141
158
2276
2673
1367
500
2656
607
1352
1126
277
389
1379
2389
2123
135
1222
217
1200
2680
197
1050
147
723
2515
1087
797
352
1342
350
2399
1037
952
843
1575
1656
298
997
2037
2103
666
96
2868
2054
1932
1423
2803
2381
852
310
251
477
1386
1943
2955
2050
1847
2705
2486
1993
2246
623
1792
2445
1911
1662
1840
1045
764
2859
1500
1392
617
1066
1536
488
1284
1595
2656
2596
1577
2627
656
847
652
402
285
660
1562
2874
2634
711
499
1582
569
1743
555
2201
2349
1288
691
941
808
2550
490
666
393
1431
2857
872
756
421
1948
2830
486
2412
1755
488
1261
1545
1941
2632
2464
1662
2271
227
1553
647
941
2180
641
1519
1193
1075
628
1270
1635
1605
307
1277
1870
1731
304
936
2799
1849
1615
9
516
668
1052
1857
216
396
928
2222
2734
512
533
2334
2417
36
1304
98
797
1485
2279
1424
932
900
986
1017
2518
1679
1785
1234
503
2548
2971
951
915
1073
949
1125
600
737
287
1819
2449
123
827
204
2627
442
2865
2304
431
415
18
1421
2384
100
2307
1686
2733
183
2375
1108
2746
667
1416
535
2987
2135
1770
1854
1108
531
2117
2811
1808
1157
2264
392
2495
1464
468
923
495
2541
300
2168
1691
1394
221
2525
543
1395
1336
168
2291
2291
1728
2114
2993
1524
2856
1139
2684
397
612
2824
1923
308
1779
2266
1461
2957
1085
2584
2807
303
2161
2749
1226
1750
811
1363
1223
1590
2304
1238
1022
2680
2525
1615
2900
1657
723
2714
1633
1480
647
1289
713
2849
294
2474
2532
2128
699
2889
876
1758
2958
894
1140
2913
584
247
119
2618
1890
607
954
2835
4
978
647
531
70
1607
1689
546
880
2305
2325
1039
426
591
2987
906
566
751
1683
370
495
1185
876
291
2449
1332
111
2210
542
445
2278
287
1493
343
1911
2857
2565
1125
53
2375
2049
1462
2743
1828
2834
556
726
2109
2531
2612
2059
2506
2926
2739
2526
2152
2938
2158
2788
55
1577
180
853
1236
235
380
947
2503
647
617
2954
2201
2909
2339
1215
757
2697
1967
2698
1607
1492
972
2888
2740
2764
1948
2986
2560
633
1115
1868
211
2701
124
1551
336
457
617
1972
973
1383
1905
1818
530
2838
311
1046
2010
858
1575
1335
888
1351
2127
2192
273
736
311
58
832
420
1475
2543
1429
1770
2675
433
900
115
755
2881
2121
1898
199
1166
2189
1541
1367
2940
1345
2061
490
1534
1955
1237
162
89
453
847
2131
1273
1001
392
2750
837
1943
1633
2682
1403
2386
887
2774
1019
2166
2093
955
418
426
1689
1503
363
208
338
239
2188
2097
1768
274
2035
169
1348
24
2076
486
1762
1449
455
1491
2827
953
587
700
2038
494
1865
2491
2138
250
1757
129
1599
831
2133
2938
2689
22
867
2432
319
1842
679
887
1085
46
943
855
2212
2316
57
2116
809
359
2531
1185
413
1282
2669
1999
2682
2620
2043
2656
2837
2714
615
20
2244
430
420
2556
180
2116
498
1095
892
1965
2916
1125
853
2678
601
1717
295
2788
1808
1086
2308
2917
108
2740
1746
1176
2883
2638
1838
1274
2197
645
2505
2221
1923
104
1968
772
1474
2446
2198
2397
2052
2073
1880
576
2377
1912
1681
2835
131
2205
362
1745
470
761
2748
965
2606
227
2442
1944
2614
1015
254
660
2674
562
1477
685
2502
2448
331
891
1478
2234
1628
2336
1831
2583
129
841
2951
1256
572
2057
566
961
1397
2134
1455
516
723
838
1230
1938
1368
1246
2637
271
1604
2101
365
890
2469
2974
3000
2965
1499
1341
321
2699
2471
190
367
2209
2309
1864
310
820
333
597
1069
1633
1852
1017
1645
489
1652
412
2194
2074
2513
2339
406
652
2167
282
817
2993
1546
1480
2044
1954
326
2812
1227
1393
652
2162
511
1798
1133
1005
2889
2519
1110
1174
768
1606
2074
915
780
2236
2767
2381
2647
1378
830
2703
2444
603
239
2623
1888
2453
2538
1361
2170
2701
2291
674
1315
844
122
1981
1764
2049
1758
2546
1103
600
878
1774
2041
1161
537
2929
2576
1619
800
766
1103
2383
1679
749
1375
1222
2317
1234
1676
2696
2449
2560
72
2122
1148
608
1350
1600
1902
1743
1845
1209
1218
606
2386
2738
4
2350
2039
1523
1440
2856
2820
2188
2475
1903
2223
744
981
32
1387
1928
2567
1795
2469
2861
2858
1930
409
1225
1453
722
2237
2111
1319
2722
199
781
1519
2356
2124
2581
1516
2708
1429
1952
2338
1642
769
2026
2371
1551
634
2262
1520
2305
2984
2561
2603
586
1268
466
277
341
14
2137
49
1235
1876
2396
455
644
1731
2543
1844
1737
963
2718
203
1833
2397
1627
2244
814
1734
624
1410
2168
568
789
531
1004
682
2164
1364
2502
1369
767
1273
2424
348
53
1503
2640
2005
2615
1848
2356
1382
1429
502
2079
578
1330
1137
2853
1994
2504
633
2540
1101
1668
1336
15
2494
1185
1948
2934
923
1343
1521
2098
2109
1236
31
1850
2649
295
1857
1950
902
1780
2167
432
206
1184
2968
1708
1678
1243
171
957
2614
2558
1843
2621
1215
925
2
2941
2023
191
1635
2717
2823
1174
422
553
761
1913
1071
254
2998
477
1855
816
789
1575
2222
457
387
802
1053
243
173
1430
760
2760
2874
1613
1709
2245
1375
2214
2145
2129
1333
238
528
691
1279
982
2160
2326
2
2794
2862
254
2057
147
642
1755
1017
2164
1362
1668
2462
2102
566
187
377
42
1095
2679
2871
2718
1326
1399
311
823
1635
1250
1576
2275
197
2590
120
353
2819
2790
1712
320
1028
1302
2051
2925
932
2039
150
2362
409
1332
938
1042
167
2155
1770
2377
630
2393
1225
2144
212
784
119
414
1672
2927
1383
842
1204
2506
2330
1133
2528
476
311
1205
2820
2308
1506
2820
2745
677
2116
233
2990
639
2760
2052
383
1005
132
2606
1066
1736
2223
187
899
373
1102
1306
1371
2601
1602
2582
687
198
542
1310
255
2985
379
1022
1257
2233
2383
236
1319
2945
1923
2595
61
1579
2143
2327
2540
1844
1542
1340
2513
1467
485
642
1089
1562
25
1308
230
1856
2962
2015
541
117
1608
2846
352
1560
1040
633
108
2506
1921
1096
349
1328
2006
2432
2332
781
231
1415
1862
2598
665
13
2437
2929
219
1168
1634
2541
2340
958
1982
180
1203
1059
1361
2685
685
326
1107
1880
539
2071
317
529
1682
2006
2466
621
2852
2356
2081
749
47
519
1738
414
1946
2429
2095
316
1314
1641
1238
1103
2134
121
586
1785
869
175
132
2042
1839
635
434
1266
34
1446
198
976
1688
1329
539
1482
2980
2787
99
182
2679
236
2801
2559
2058
2483
1947
519
95
238
1611
1028
110
583
1673
450
605
2634
2299
2104
549
358
2148
1190
634
866
1721
2818
3
1179
584
34
2799
1766
2592
1692
940
662
1534
1891
313
2809
1211
2596
252
2195
597
1322
2641
97
2514
1703
1025
948
1970
1254
2172
2497
2401
2886
113
1047
2138
2878
2953
2610
1174
1347
1575
2244
2050
2539
122
2198
1968
22
1810
2527
1554
1853
1569
582
1899
158
1528
1840
1884
144
2962
2929
1164
266
1592
1221
2169
1781
920
2309
1719
2641
880
917
528
53
2874
2227
2240
1324
2941
373
2267
175
615
2139
2127
1140
2935
2719
519
1070
2947
2356
592
1935
2451
1108
2118
1532
1827
511
2521
2523
201
2901
2197
793
2280
1213
290
1312
1799
815
2268
14
771
2171
2462
644
1474
2066
2397
1404
2266
2687
2600
2677
2600
969
2316
682
1248
2461
434
2688
932
949
587
2654
188
1114
1107
1779
1606
332
2927
618
116
1739
1869
645
1638
76
587
2623
2248
1738
2832
147
1394
1785
1112
424
2084
1964
1040
2048
1649
1137
1051
1304
519
955
2353
2921
309
1871
1759
687
987
1312
1735
2156
1165
1775
1677
2233
678
1843
2826
745
67
1499
2024
1640
1917
2344
1825
2978
47
1390
2690
2649
2078
259
1256
455
15
2519
312
914
2315
2057
2613
1971
2348
501
2570
2147
1374
2194
2933
2489
1494
2118
851
517
432
2128
1119
2661
2022
1679
962
1722
2937
2489
322
1021
2148
2581
1802
1636
595
1792
944
1986
1575
1634
2640
2755
2084
2551
130
500
1247
1616
2653
1369
2273
1404
1196
2344
1073
1655
415
1819
441
2937
2258
1832
1778
1584
1279
2361
690
1830
239
2601
2940
1000
592
660
638
2247
1083
159
1717
2008
971
1918
1964
233
2655
803
2545
2103
2897
1400
1684
463
1864
1034
1562
2969
2747
1015
594
1773
1354
758
2769
2373
1677
295
787
1619
307
305
110
2344
2825
232
2981
288
2208
1482
1683
657
2830
2073
1754
649
2618
2499
1891
1726
2111
965
181
1406
1859
2181
2100
2027
2895
649
218
1785
1774
1160
711
2460
253
1187
2335
2598
1397
2525
2640
2850
910
1602
2768
973
2749
870
463
607
2346
665
2322
644
54
1450
2962
265
2328
539
107
1266
643
1471
2250
47
1474
167
2868
935
2204
1452
472
2325
13
532
2775
2243
2885
2272
1701
1348
1500
132
862
535
591
2159
541
735
2677
1665
2865
1480
562
443
2758
1047
1001
1183
1922
1315
2155
2474
768
1546
588
1044
3
331
1371
470
2981
2192
82
1025
2415
2909
2266
1564
656
2710
2847
1113
1971
406
503
1254
279
261
2058
1170
1289
2657
1801
2458
645
1641
2966
2072
1989
13
2026
1136
560
2519
519
2432
867
1109
1225
2553
1337
641
1997
510
1781
2549
1569
455
443
1072
1168
2868
2576
1274
543
1556
1556
2728
222
37
2892
96
2766
2371
2884
1512
765
582
221
2872
2392
1590
2586
777
1021
1536
928
1991
2410
2139
2235
36
424
2305
1740
848
1683
1163
112
604
2157
2173
1172
212
2369
93
2976
978
2401
2157
19
125
2734
2844
1505
97
2969
2785
397
951
2554
117
2825
1562
529
206
2978
1360
1782
169
2756
1081
2479
414
2093
2040
2278
2838
1612
1329
348
113
2140
1406
335
1564
25
1719
802
308
359
1690
2927
2599
1127
208
2632
2490
2812
2230
2271
338
2070
1408
873
1379
2214
2676
2837
2787
158
36
1345
2280
183
1722
647
727
1221
2042
1598
437
1006
1433
259
2724
880
2158
2664
2769
2269
2261
235
1324
727
513
2989
1864
1038
2622
1805
1585
2113
2674
853
1772
2492
1562
1524
721
2143
656
580
1879
881
2120
2708
824
167
1323
615
2115
2774
1148
2055
2024
858
2509
97
2740
177
1946
390
218
2544
717
936
2978
591
1122
89
2110
1154
2760
2681
1416
703
1261
2572
1368
164
2332
1947
262
2466
476
2270
1079
1714
939
36
432
1464
617
2117
682
2162
2864
2841
1540
2486
1027
2215
88
21
1240
2982
1898
2624
847
2130
1877
315
1097
2606
418
1303
1569
2655
1965
1796
2992
2166
2564
1203
1198
2331
2845
2377
1482
2415
640
1628
1847
213
796
2923
2835
2939
2480
64
617
1355
1251
1281
2011
1762
981
770
292
636
2098
45
152
2357
943
1046
1949
2798
2595
260
103
2093
2764
731
1767
1132
1784
2561
963
2350
159
1257
2112
658
2657
857
2383
1793
2968
1591
1968
1114
126
46
1264
2821
2091
1240
1461
1979
2988
1095
618
1933
2476
118
1613
918
650
1916
1984
2511
1566
45
795
1796
2158
1958
85
1515
153
1325
680
1237
525
2141
2262
2982
2075
1955
1483
1695
2462
116
351
2236
2198
2243
1933
1957
920
2716
2024
816
993
320
394
137
401
2468
1139
765
1766
749
1922
2839
2203
1358
1452
2863
1390
941
2171
433
2840
834
1786
476
611
1818
400
1265
1757
1927
1249
2253
1065
970
2201
155
2833
2887
11
1046
1746
2000
1008
2407
2506
1992
2713
2997
2145
2852
2656
1955
12
2298
2160
1077
1991
1086
1350
1530
1515
1762
1206
2383
2977
2477
1498
958
454
1380
683
2922
1389
951
252
969
1382
433
2320
9
2322
967
625
2356
2442
485
1655
1491
2040
951
1655
1788
965
70
677
265
427
726
600
2164
1060
2532
1532
2734
1051
2909
1538
426
853
1925
483
2140
1826
2206
1297
1758
2617
779
1414
596
311
348
622
1426
2368
2519
2819
2881
230
624
364
1169
2469
1908
26
1758
1532
1670
758
775
1272
2357
1526
505
1940
1137
1203
1648
1317
241
416
467
2438
1744
1814
454
2733
148
152
2145
1714
2909
727
1211
1919
2132
113
1222
1452
2265
2496
2020
5
222
1441
1720
2277
562
2714
1939
473
51
1413
2091
434
1427
2647
347
492
1003
697
427
940
2107
968
2021
1176
38
1488
1026
857
2011
1770
2875
2464
2678
1208
1081
2050
2290
1932
931
1279
2738
1414
2027
1874
2261
1415
2690
49
1901
2607
1924
2703
2778
1945
400
645
427
1075
904
519
416
2563
2313
118
1620
2437
197
301
2975
27
505
2198
419
416
2368
2611
1004
2645
2676
889
1350
1244
935
666
2823
2462
1101
2179
2361
2836
972
1497
2814
929
1899
921
2185
304
2679
2562
2166
743
621
2746
336
1296
2910
1295
744
997
2360
828
2794
2469
2321
2855
1567
540
2852
684
2314
1240
1337
2021
1128
1176
240
540
1177
1554
1485
2573
2551
2985
2636
2755
1419
919
2359
786
381
1544
1501
1953
1036
1551
816
1444
2470
2409
2026
1269
1694
1402
107
1020
815
1025
376
49
1533
1288
2081
1025
276
1267
2844
2029
1823
2553
2142
1533
2102
2832
2660
424
1005
868
1746
1091
623
2165
908
1416
2432
1403
2298
527
2368
613
2094
1602
1907
1345
231
2024
1447
2943
1395
1722
2352
1758
2460
578
1105
1344
1682
663
397
184
2396
1205
1835
411
1448
222
195
1372
1547
1668
277
1470
275
1245
1046
2205
2998
1717
2779
397
646
30
906
1098
2014
2441
1662
2246
916
656
1411
1737
1286
1393
1133
195
2257
1639
2844
986
2897
1401
558
2642
2116
2868
1065
2281
1891
2639
1111
2967
631
2944
2405
746
77
1119
67
2578
2337
801
1249
30
2591
569
1094
734
1636
56
314
2716
2468
1785
740
1642
370
1193
487
757
1779
1743
1924
757
777
364
2262
1498
1134
93
747
9
2961
2380
572
285
1477
2368
1632
2390
2943
999
1791
791
124
1477
2563
1668
69
2074
122
1029
1611
290
581
2991
378
2330
1258
40
5
1417
282
640
1855
405
2496
1125
1439
1095
506
929
253
1410
535
684
92
2286
1496
2995
611
622
2633
97
1466
2647
865
1208
1481
1235
241
1755
300
1297
2814
879
2752
1962
1075
870
1809
2414
2750
2387
2358
312
2079
2597
2912
2801
2234
1782
271
1386
2705
829
2571
2361
2386
1936
2647
2828
81
2164
1325
1920
1428
1987
1926
1622
1340
90
2162
2915
2819
676
2842
1087
1537
2223
1859
1263
1948
1446
1918
2828
830
2764
1757
767
542
790
2386
2710
405
2099
2972
2416
97
2753
1015
203
1424
576
2563
2828
1665
2542
1941
1575
1819
148
1689
56
806
288
1832
1722
1601
1182
869
2185
134
1615
2632
1934
77
1663
2379
2263
719
2777
1364
1501
2750
2306
618
125
1511
1209
480
1963
1742
1742
2501
686
2112
202
1552
2890
1234
1764
516
2285
1789
1632
48
2473
282
1245
471
1049
343
898
314
2286
60
9
763
816
2014
2753
858
1455
2770
1968
2807
245
352
889
2732
177
2777
160
191
2007
388
190
1181
946
1832
49
795
2076
1757
2341
1144
825
204
2279
913
89
2667
2619
2696
1776
124
10
1964
2475
2743
1092
2497
2973
2651
2105
2289
2180
2218
592
902
838
213
253
2073
2022
1527
2207
466
1655
1227
482
2082
322
908
711
1389
2644
2780
1028
2188
1364
1727
10
2327
883
2124
210
1382
271
30
1156
2698
2968
1113
1000
52
2159
2729
1514
1975
2769
883
2777
160
829
2698
1831
1668
2994
343
2477
2168
75
856
1047
2440
2843
194
48
2330
249
305
121
2169
2313
2393
4
1048
974
824
1712
1486
2955
1791
753
664
2021
962
1019
2672
1771
437
1050
1928
796
889
884
1318
2769
1174
446
814
1903
1895
1758
643
2262
1389
1468
2561
1117
1226
2275
1960
1743
2802
1697
2201
2023
24
1903
2474
1145
598
491
1354
233
1743
2073
785
2190
1855
686
1271
125
1306
400
2621
2574
1267
1029
937
1072
2473
829
2682
837
987
800
1855
1119
2770
701
1014
1512
625
637
30
2930
2165
2280
1798
2129
2162
2341
1613
464
1134
2078
881
762
2991
669
2014
2023
1805
2063
12
381
2286
1483
1436
948
2389
933
685
1624
2600
2422
1128
1409
983
1607
163
269
209
2608
2353
1728
482
2053
2034
1053
2580
1524
2266
200
1034
2749
1297
2175
310
1944
2941
692
749
1947
1754
2780
723
2874
917
627
274
1867
2915
2038
1131
2715
2874
907
1547
1572
262
252
1875
2806
1508
2066
1266
771
2995
1925
1142
2673
2653
1750
813
850
385
2938
2967
960
2242
213
2818
404
1851
1940
209
1772
2018
1860
1377
2636
1197
2003
292
843
2047
576
1804
1736
2923
1126
1063
2122
2586
2618
1637
1633
2279
281
1023
1048
1494
833
2376
54
2994
2820
57
857
2350
2681
1987
132
1470
2632
2596
1099
1451
2572
2068
1186
2135
2469
657
715
1962
1006
1640
1163
788
1077
1789
2534
750
1254
1612
1632
2559
2193
248
12
186
2822
1709
1558
2231
373
471
1660
1327
1908
230
2607
1480
613
115
563
981
653
222
2916
1086
1513
2622
664
2008
1678
2201
467
566
1469
2426
2047
543
575
2423
212
2972
267
155
2916
2273
799
2790
992
963
2035
185
151
319
450
2387
2438
163
186
771
587
1834
2944
2910
2581
420
574
312
1188
1675
1016
1123
1540
492
2
1212
143
2294
1954
1182
690
134
281
2159
1482
707
1336
929
742
1431
1461
176
539
1907
1103
2242
1180
731
1137
513
2815
1810
567
83
2106
2067
1550
778
2343
1815
2976
810
372
1042
1706
2779
592
676
2371
280
126
728
2884
843
2392
2562
1180
1127
2772
2965
1150
2789
2350
772
2336
377
2031
2041
2260
1586
66
676
2755
2495
2569
1217
2003
1478
2013
1237
383
726
1216
1077
1451
853
1838
1914
2453
2338
2630
2221
1219
1493
671
2443
2162
1900
1090
2266
1040
1714
2956
1455
905
338
295
2784
2007
2946
306
1944
1580
151
2144
2008
2896
627
2707
2895
2787
350
1123
458
504
2468
1682
2176
9
1976
1892
723
2772
226
1099
1248
1223
2679
2157
2399
311
2450
2659
887
749
1961
508
2089
188
1868
935
645
2547
840
1543
2895
293
1040
2430
2932
109
2453
1678
839
1912
1699
1532
275
2095
1914
2158
1787
2041
2748
772
508
1376
2466
46
2442
609
115
1666
2868
2831
298
510
436
1456
2593
2078
350
948
2149
1930
1010
720
30
2441
1177
3000
1515
1247
719
2351
660
444
1600
2577
1953
1676
1432
2082
2813
925
1596
1485
1119
1013
411
1280
756
2676
44
2607
1429
581
929
2267
851
2899
2090
2774
1860
803
834
2312
2713
1856
2033
1993
2561
990
2797
1900
1153
1275
2587
2458
710
2185
120
1044
2003
2418
1809
2427
1474
2170
1735
2700
1689
2000
600
541
2821
1936
595
1435
1367
411
764
1335
2494
2317
783
87
1199
394
720
899
994
2073
2041
430
2671
14
69
2113
1606
904
500
832
1669
1974
110
2667
1833
1214
2251
1271
1568
660
457
761
1813
1781
1417
281
1503
2686
806
2051
2887
330
293
1006
2115
816
1236
1464
1280
958
960
2618
2120
2761
412
1813
1579
1826
2905
2662
2865
1057
2825
2421
1820
259
1268
1254
1638
1078
1503
2031
2659
1125
970
1524
1797
800
1354
2248
688
766
1779
511
339
505
187
390
1847
781
862
666
2034
585
560
274
1099
62
426
898
2362
1984
1589
1466
887
1918
1203
1115
2316
1930
1959
2687
1083
1110
683
3
2072
756
2653
2502
2387
365
1585
1219
699
2535
1666
2675
197
1436
922
657
2328
1476
326
432
1612
1248
2705
2723
1323
1130
311
2524
1713
1709
1162
23
2253
2795
325
2492
1524
18
2533
2479
2468
872
2021
1749
2623
2456
2655
2845
2117
2317
293
1721
1152
1381
2191
1597
1095
2007
1937
377
1936
1640
2555
2333
2480
1635
1859
275
2182
1094
2306
1817
1767
2989
2825
115
1594
506
2207
1706
554
643
2035
904
1592
860
841
2095
1583
2664
2403
2258
2838
1445
272
14
2251
2906
2623
382
1047
2172
1689
2252
545
1082
251
1261
1742
2082
2705
1491
2075
1632
1237
1218
2029
901
2230
400
906
1938
2849
1509
2488
1854
1836
1202
82
2795
1341
2163
1831
291
1029
727
2994
2343
886
1519
2042
901
1476
2638
2165
10
2341
2300
2232
2978
696
521
601
1903
2287
2544
815
2329
2002
762
2277
2156
1711
1034
2686
1591
372
2741
2506
744
12
2717
1728
2856
858
1275
60
2713
339
2531
2023
2204
308
2550
2538
2024
2125
1887
1394
1532
1158
2215
2955
1762
999
1704
35
2054
2595
2101
1110
2971
2011
907
2698
1171
2536
535
132
868
1730
2302
1449
2336
2376
2889
1685
308
1648
1632
1774
1609
1145
303
1229
937
1374
2260
1983
1047
459
1502
2638
748
2776
2421
489
831
1903
1997
562
710
1599
528
1853
248
1277
2153
1532
1571
557
1530
403
1847
2924
2527
268
2274
2997
1369
277
2628
1060
1514
520
1090
821
617
1288
239
65
1569
482
1279
768
1092
237
2280
2844
1234
1045
610
1315
2948
2838
391
2197
1838
492
250
1138
2176
1316
1746
197
302
207
2563
1210
1408
1516
2799
1990
2695
820
2234
2786
1263
1286
980
1526
1262
297
2002
2186
1465
1839
778
176
539
1674
2244
1586
863
70
2507
2509
2891
387
1915
1339
2707
800
1231
2373
310
1002
2384
1104
2142
952
2995
2066
1419
2119
2708
1739
1571
2202
2161
459
1391
2213
699
1996
2311
2953
9
1452
323
1631
236
1248
2064
1922
18
1083
2886
1255
1689
2249
2709
402
803
1019
192
694
744
951
1850
693
858
177
2709
795
928
2202
2346
2342
357
1704
256
803
1210
968
1686
976
873
1684
2672
474
77
1794
441
1875
2200
2406
1510
2088
729
194
2064
1845
2681
304
1738
2104
687
1132
2423
1109
1968
2181
2222
2282
1907
592
2727
13
1744
2235
235
725
2094
2781
575
2822
2808
1095
982
422
2360
220
1176
1705
2705
2121
1559
1591
1260
14
2435
891
1266
250
437
2663
2315
1378
193
2524
1342
805
367
357
2834
1747
2195
1095
2299
1940
925
1605
1993
140
1946
2267
1299
1567
1256
1978
2209
313
448
1644
2273
499
1385
418
2865
2666
2577
527
2283
1068
44
2450
803
2236
71
2663
1834
542
2702
2987
506
1348
560
355
1611
2598
403
1508
2182
2189
1433
522
924
1250
1762
2566
302
1520
216
1259
1847
409
2514
137
1891
1802
1729
1178
2127
2216
2079
2911
1011
2445
2348
843
1578
2873
1395
905
2260
1371
1980
241
2201
706
2794
874
99
1602
1464
1481
934
257
2193
2525
2505
2346
2431
1023
1395
2164
1928
1528
2459
506
1613
1301
1914
772
2778
363
2948
2002
826
2314
1951
1455
1785
243
1930
2680
263
1978
919
783
739
817
2464
2385
2515
816
196
872
384
517
1739
1745
94
2939
2574
133
1791
2935
448
571
664
2351
1757
1255
2302
1576
2853
2503
47
2245
1291
66
2543
2443
1957
989
445
2170
851
1237
696
2933
1543
2401
1764
2195
1733
2265
1636
2182
651
1907
452
1590
338
1258
1223
2187
20
2521
2586
1215
2025
464
501
1146
1120
56
247
2276
2201
1381
2343
1167
786
333
564
1116
1577
795
552
1333
2345
489
1753
1591
863
2894
1063
1959
2042
1069
1727
839
1101
762
237
970
266
434
2511
2562
2327
2916
1989
2229
10
2213
1271
2491
506
2226
607
2174
2051
2290
1172
748
1821
1197
1798
698
2183
1517
1565
2864
36
1025
1697
1927
1273
1709
2445
674
2408
2452
2849
2332
2820
1224
1540
769
2443
1623
1070
2908
108
2400
601
298
327
1335
2394
1719
859
1263
754
1363
1904
62
2328
2358
661
2115
2233
1884
2449
2153
2764
1166
2337
17
1366
1951
2674
735
2789
2414
1668
1070
248
2260
520
2316
1390
2632
1680
1781
888
2130
1759
1180
209
1508
2055
384
2818
61
1409
1509
1601
1511
2380
577
2897
1327
2733
505
1383
575
1647
855
1733
51
2714
1020
827
938
2070
502
1577
2468
1983
1839
481
153
426
2882
2898
1413
1200
1510
1158
2821
1901
243
2693
938
1874
302
2055
2183
1911
150
535
354
2608
905
219
2253
2031
592
1219
1163
1801
1156
914
2037
2695
1328
2423
2990
842
936
958
2736
1057
2458
2764
338
656
1907
1665
2719
1481
2996
2668
2273
679
410
954
1777
1276
624
263
1572
292
1634
2248
28
698
749
2733
1412
1622
2250
559
730
2277
2073
1422
2134
2028
2345
965
2950
1659
2215
1360
1395
1723
2274
2190
903
546
2054
1286
754
1609
2211
1575
2917
2144
408
137
2430
289
2888
2989
350
2835
893
526
984
2933
2442
2253
915
265
2400
1263
2579
252
898
1083
1368
2445
655
1445
885
1930
1958
2165
2616
601
1015
934
2885
17
429
1935
2070
2060
448
2632
290
1407
2199
2424
2247
1280
2698
1036
247
2399
1777
368
2815
123
2326
752
34
2879
1975
2644
11
2520
1907
1545
1508
801
2762
667
1281
2335
419
375
1312
2428
510
652
2768
1834
2475
1419
1080
1461
2500
2190
2870
91
2821
1353
2045
2309
1165
2199
1880
1560
1109
1895
2496
1387
2833
1052
2203
1382
1146
1401
2390
1762
445
1818
1060
1806
1468
2059
2472
1044
1474
1181
657
2800
1262
333
1078
756
1577
1445
2643
1628
297
407
1637
1397
716
676
172
387
1708
677
1543
499
2332
1328
774
2649
865
1710
2400
1974
207
2318
1871
386
2256
645
482
448
697
2470
283
1643
1343
2008
840
2386
554
2418
1417
931
2716
1029
2286
2883
2174
718
1153
899
583
178
1884
2266
587
2030
796
861
1916
1969
2309
266
904
708
1918
557
809
2749
2329
2175
251
248
303
1655
925
377
743
1889
902
1925
420
103
172
2539
1733
2719
1413
732
605
897
2160
2822
976
2354
829
680
2834
667
2247
697
1296
981
702
1103
1933
363
1686
2403
1908
1275
1990
1065
2938
2203
2678
79
2037
25
2946
704
242
335
107
1312
2674
583
2062
2469
572
785
329
1725
2075
144
116
2686
2735
1503
1484
2671
1574
844
2870
2275
418
188
1390
1097
856
515
2687
791
2419
132
2862
1465
1854
1305
1404
2246
1296
701
1557
1955
2013
2209
2630
1143
2602
789
230
1865
823
2179
1317
791
2535
1457
2911
773
1026
1398
161
492
1619
295
468
2291
1584
2011
112
2022
1001
2229
1815
417
531
964
2593
2415
2483
738
1906
2033
1803
536
2094
271
1136
2138
428
1454
2195
1234
1930
226
194
1925
914
594
1204
1258
522
2114
215
803
1721
1263
71
1479
20
445
1614
978
1072
872
2423
1170
1931
1487
1787
2041
2673
296
2509
864
283
2775
1531
1543
1413
439
1290
1450
1184
574
988
1380
528
609
1114
2583
2814
244
2873
164
1807
793
177
2324
104
1373
506
67
2601
2965
1799
2675
2778
1178
1839
2804
447
2984
2662
1541
15
2376
2829
351
627
545
2748
2572
2034
580
2660
1710
2114
1965
2252
1114
38
2374
2024
2124
262
2428
2057
91
2771
1300
2087
2824
346
1538
587
2363
2121
2450
774
1918
355
2915
883
795
494
394
1875
617
119
656
208
886
2396
2213
2615
2426
95
2853
1697
1764
398
1353
869
1853
399
917
1847
2266
2452
1692
790
1881
1007
524
597
2751
285
1391
2809
2603
1880
1389
2896
1071
2379
1554
2519
2235
1498
819
2532
1707
1586
2667
647
1301
2822
1430
325
232
294
2739
2955
2523
2542
513
1278
1780
1447
1715
99
1461
527
1751
1160
1866
1690
2556
610
1795
1551
1319
538
1724
2659
562
243
2447
2374
1754
67
2142
619
2313
2558
544
2621
1464
2055
1118
1106
825
2915
2200
1264
43
710
1802
1397
314
2956
2427
2789
132
2552
2915
1275
1428
2728
2269
2184
882
1059
177
1750
1744
843
2489
172
260
1251
1333
241
966
2457
143
485
1997
567
1645
2100
1181
1801
1180
2388
1328
2647
296
1974
362
609
2397
1367
1722
2359
2379
2312
1528
1569
273
2391
2534
2356
1198
1609
134
864
2218
1766
340
2182
2624
567
2279
2495
326
1559
403
2656
2346
2737
216
2555
1648
634
2291
2973
1781
525
493
1260
1266
1819
1844
2915
2422
366
603
1334
1552
916
1597
1083
603
2669
1390
2074
436
1881
110
159
851
2931
1093
273
2915
321
1042
1236
1106
441
839
54
2876
1617
2491
2867
2671
2167
998
1519
2195
1521
1601
2654
1225
949
1137
556
2048
911
1099
1915
1891
2463
1486
356
2342
119
211
916
1081
2630
2820
1422
79
789
1137
2471
1904
2413
744
2416
2220
722
288
2725
2117
2218
874
1930
257
1242
833
240
1927
341
1825
2094
198
421
745
2350
694
760
1973
1327
2253
2047
546
272
1882
518
1859
236
1073
1821
2773
285
548
1341
1754
1052
1864
2342
1263
1900
2483
1938
341
1001
1357
876
1649
1912
1554
618
270
2908
455
2895
1486
1424
1812
3000
2246
2806
2644
2962
72
1126
1301
520
2951
1868
2293
2200
1558
1372
1291
2526
1004
861
1197
1184
1961
363
2265
1511
1806
2490
2236
1368
2468
413
156
1073
58
2832
2905
1245
2555
159
2530
684
1343
1511
461
366
1566
2539
1117
688
1155
2788
341
901
2876
9
1454
2096
654
2621
1832
814
570
1170
432
562
2532
772
1291
1619
2667
2388
952
2296
2122
2520
204
1657
419
1673
2483
2157
1570
2257
432
1046
1188
1290
351
1227
2180
172
586
1030
659
560
1132
1897
591
2260
1218
1764
1761
511
530
1414
2099
216
2013
1048
1127
1638
2571
2523
1979
841
2187
566
2065
462
296
2960
2576
1979
428
1249
533
1567
200
2293
2517
526
1504
205
1464
1966
2465
1877
980
868
1061
924
2428
2387
504
1273
1398
1127
1398
722
718
1418
417
2734
864
2143
2203
1826
2618
92
2510
2040
2538
762
145
1425
427
249
721
1268
2013
9
895
1724
2340
2831
973
160
1178
2214
2168
2044
278
532
1590
865
690
1702
2315
1378
229
2653
1734
2034
1792
2940
322
2377
2658
2561
1604
2122
804
404
2186
1578
1017
2006
2856
2936
2878
1627
1521
530
1666
2917
2674
2915
2454
1930
2176
896
1578
2732
617
948
108
464
1898
1660
64
2641
809
2396
1732
1410
189
2438
952
953
348
2683
1786
2008
1807
2836
2986
1317
1563
1314
636
728
263
1475
863
321
2470
2298
2862
2349
2236
1239
1071
845
2635
2675
1392
2475
758
2416
99
2779
2611
1408
81
543
1135
235
2844
650
1286
181
2875
2363
2248
642
1300
995
2765
1906
339
2605
1272
2368
31
1090
1461
1917
2190
2625
1129
223
1637
2604
726
595
699
1160
783
1222
398
2157
1911
1526
1044
1558
511
207
954
2891
2432
2092
1734
1872
761
1160
2543
2448
2275
2687
1330
2284
2820
686
28
2805
2206
2821
90
314
843
2671
53
295
198
1296
2818
2686
1751
866
542
3000
1747
402
369
1199
796
2370
1914
678
1732
1679
1493
1357
1974
1875
2390
601
367
2826
2392
134
2151
2850
2017
211
989
1419
1475
1430
1341
2348
548
14
832
2890
465
39
840
861
214
2294
1193
2225
1858
54
1874
797
87
911
2513
2119
1874
139
2073
331
918
906
2518
613
1608
1607
24
1823
15
2100
534
404
1674
498
2122
2380
34
1419
1109
2773
1808
2539
1802
2728
573
1245
153
2390
2377
1829
2224
1398
2369
2964
889
102
2246
733
392
1438
2868
2333
500
1818
1545
887
1440
918
2054
772
2607
2920
1213
1742
959
2364
1823
1044
48
1183
677
1908
2447
2106
1733
314
188
1137
2548
713
2636
2068
2026
738
2896
2090
2695
2588
1812
527
659
103
2947
2926
2002
514
843
2769
2413
1626
2319
2287
1708
2204
602
733
1188
2070
2269
2143
1703
2355
1408
20
2956
890
2335
1870
522
2439
1257
1744
2015
775
38
735
2258
1500
2441
375
540
835
2503
425
1414
2864
1448
1309
2127
1440
1719
2591
1394
2886
2436
2249
1677
2161
2659
1883
1510
962
1879
1168
1639
1396
967
2549
1839
623
1243
1897
187
2281
928
526
2477
2041
2539
152
1748
2307
1023
2222
1546
2695
2823
2421
2781
1388
552
1385
1352
759
451
763
2394
1596
1064
2927
1469
1585
879
755
2584
554
702
984
2012
1372
958
2971
849
1691
682
1941
1777
201
1490
2415
1925
1455
2213
2501
1572
1426
1295
1055
852
2773
172
2862
2413
1237
470
2386
2599
251
1301
571
2043
1253
2628
1195
1720
1868
2156
1588
2416
1416
335
431
972
1240
1987
594
2702
2964
1292
2139
2415
1853
1561
1111
46
476
727
1848
1399
2774
1838
1393
658
2041
2766
2180
1443
2270
2826
2008
1200
822
2230
2780
138
77
146
2296
2954
2219
984
2869
101
1299
2379
393
1786
2422
2265
276
343
1117
2693
800
656
1557
564
8
861
2798
1447
2537
208
1644
2024
2243
623
2678
104
484
640
2985
2410
1799
2930
2246
123
2531
462
1457
2132
1006
2154
2377
2651
1965
116
2753
807
2749
1238
2936
343
1742
535
1295
1857
905
848
2357
2622
1296
1582
1206
433
1827
632
329
56
441
2726
480
912
354
1464
2152
1888
96
2654
2209
964
707
1336
207
2310
2784
1699
1676
493
2286
2225
2073
2239
2762
2035
1831
2150
1559
1854
2556
1972
1907
2775
2143
2891
1004
1416
66
2561
1626
1497
1462
736
2399
1662
2697
2091
2043
2583
1869
155
1007
1333
1623
1050
866
1039
2950
1434
2713
651
623
2274
2274
2565
924
2591
1135
2271
719
1709
2606
2646
22
2159
2016
1689
1661
2213
2069
1478
1653
509
1326
1962
2265
2636
216
1075
2995
389
762
1267
1692
270
85
1559
1283
1112
2196
683
2846
1125
597
1708
2447
687
655
2733
2484
2259
1452
2021
2672
136
489
2533
38
2121
2381
1180
227
495
2610
1040
324
1721
2191
2594
690
2836
2020
1611
2308
1390
1091
2769
2367
274
2109
401
784
2811
285
849
1323
2977
894
1778
192
2213
725
1468
373
2495
124
1023
2943
1751
1901
2191
1780
1561
2438
2372
1575
2900
1124
2254
2453
2902
808
1838
1525
1062
1509
1103
2978
584
1080
2807
798
1340
2755
2253
2117
2188
2907
2991
2471
1746
2911
469
1109
1414
2158
1564
1611
2622
2008
2059
595
1808
1090
1164
1498
1290
2486
2825
2330
950
2011
273
783
2025
189
1772
1662
2684
2775
1039
2000
149
2815
1572
160
966
1411
2524
251
1554
1388
388
632
670
1785
2871
2458
1965
1184
1714
58
2691
2734
835
2607
1971
149
865
762
2440
622
2109
2324
2860
936
2082
2222
2353
2901
370
840
39
138
527
480
161
1846
2152
2923
54
2029
2032
932
528
841
437
1489
2526
44
2807
1479
1282
2393
2314
1463
1188
1411
2974
449
1156
2209
1902
2493
2589
1876
173
2656
185
980
1568
1754
672
2501
422
28
1374
2258
2021
1265
648
1206
2532
2461
1917
2033
1711
2235
2800
2534
2218
760
2461
2456
2201
1013
1260
2890
251
2129
2243
631
827
1414
1229
1894
2459
2108
2706
2005
2032
731
1449
1237
1334
716
518
2834
1522
1474
1914
982
28
1704
1691
1462
812
1875
25
2650
2362
494
711
4
2401
2160
746
2867
52
1925
1040
847
120
254
2579
1784
1454
1340
1978
2736
2628
1518
2316
2256
1458
574
2357
73
2742
961
998
2947
105
311
2839
1437
1051
2653
1759
1519
2728
1060
894
1258
474
1714
3
292
1719
2018
549
639
418
242
133
398
2308
1775
2139
2012
1090
1503
1630
2193
2020
2556
1132
2040
2996
2140
904
2850
69
673
1359
2653
1464
1240
850
1366
2204
2738
1429
1324
319
511
915
683
2056
1835
1143
2454
2339
30
770
178
1535
1654
2103
43
1009
2043
1329
65
765
1402
1282
1729
2
1036
759
2919
2094
83
478
2332
496
484
192
42
1951
6
2280
2024
905
1839
1409
74
2613
633
131
968
1199
2405
2780
1658
25
2170
932
111
2552
2859
1420
2697
396
2336
1400
1540
1299
2181
2405
2264
500
983
2334
2076
174
2158
1405
2357
245
2035
620
513
2966
2890
670
607
2074
969
2850
2778
2252
744
1702
2958
180
1706
1138
1487
327
656
2672
873
47
2821
1744
93
2555
173
939
1644
1264
390
1565
2803
341
1090
1977
2807
1214
2041
1879
2441
2975
2944
2764
2508
1933
2632
2750
2388
749
1756
444
2912
1813
1668
419
2454
1532
1552
2549
254
2670
2757
1550
75
2525
530
1711
2047
728
1155
2701
1352
253
1206
2185
242
2393
568
460
2644
419
364
1326
1475
1029
2524
204
2510
725
1138
1204
2421
2313
2257
951
1646
225
609
1573
2154
800
2025
2241
2802
884
1042
2616
2542
1655
2277
914
2147
432
2776
2591
2087
2087
1075
1580
1652
2198
52
504
2297
2142
1316
1853
1451
579
1166
879
573
660
1426
2472
1383
124
1295
1119
2972
64
164
2330
830
1960
2815
338
2867
229
2909
994
1985
135
1177
1377
2812
1668
2778
2407
2504
2654
2513
1492
1533
765
1378
2022
80
2313
2587
758
2730
2906
682
2979
2292
1757
85
149
2593
1518
2028
841
2988
2367
2977
2830
173
1311
1330
800
1899
1770
1397
657
73
1662
1177
17
1997
2306
269
2917
1122
1729
96
2931
2812
2548
1354
1502
208
76
548
716
2809
2891
172
2943
1856
2424
2845
2202
997
1558
2585
445
2784
518
1862
70
2507
1609
2131
2113
1133
1770
2483
346
2394
401
1572
1865
2503
1751
1887
2633
1058
1884
1553
2196
2985
1638
2519
692
252
477
1975
1474
1163
1699
1274
2483
1049
430
2104
2491
1057
2689
475
2319
1970
140
2589
1
103
1772
2454
1935
2993
2793
2093
2012
166
1821
864
2591
471
2342
2503
1263
1422
1638
1267
226
2481
528
1829
650
1727
1945
807
2457
2951
2021
2065
2170
59
804
406
2105
2871
2681
1335
1524
2389
363
181
1270
1628
405
1558
2070
2081
2723
1063
1676
1510
1738
2039
1401
879
428
1523
1891
536
116
2945
50
1378
2458
882
1888
178
1929
1593
2535
717
541
2609
1930
1569
2957
612
2330
2040
2525
1093
1856
2052
487
119
2052
2055
1370
747
1622
1444
2233
585
979
1820
2097
415
1129
2814
1829
2690
740
255
2896
981
2678
1136
45
1399
970
2058
2377
1501
82
2814
2128
1520
350
635
1156
1990
2306
1842
676
857
2433
799
1569
2233
1313
1792
1012
1384
1670
2095
2654
544
1259
2410
2712
879
1938
2231
402
2259
2031
210
2971
2073
1843
2117
958
149
2759
1033
2504
1268
2884
1305
1588
2621
1860
2667
1000
631
2678
2982
1005
1477
2734
2678
2812
1555
1240
1195
1649
223
1965
1204
338
2675
516
1880
1848
622
2198
1070
137
2702
2728
2538
1463
77
1212
1593
368
1170
1620
2707
2958
798
2643
480
2699
1169
2231
188
2526
158
1157
940
967
685
1822
1444
2542
712
2042
1549
1073
267
1139
877
298
2189
1132
681
1873
2070
2254
987
1390
398
2659
1910
1587
399
2078
1033
1539
23
10
1554
1904
2821
1210
1731
41
913
39
1873
2691
236
142
374
2239
2687
2074
2231
2108
2838
882
452
2898
2784
183
2137
1034
2708
97
49
2061
2060
2856
2406
1956
2094
406
2910
2603
786
2662
509
1492
2498
2032
2642
247
618
2791
1226
2307
7
898
1745
2976
139
1319
259
421
857
1517
432
799
1804
187
1315
500
1280
2739
133
2631
460
2242
962
2219
2908
2772
1280
558
2862
497
300
2953
2846
793
2575
2242
2434
1305
2637
2750
1463
585
862
2673
946
2903
294
2602
36
452
757
1118
2161
846
776
450
142
1953
1326
2109
1933
2834
2791
1901
1670
976
894
2887
1954
2433
2027
2233
1615
2242
2267
946
1101
807
1806
1884
1517
1518
692
771
531
146
2258
2107
539
31
2382
741
1996
1061
188
995
1177
126
657
1840
173
1262
206
392
305
1771
623
1632
2664
937
1260
1929
998
557
2528
901
1938
1685
2751
2674
5
994
1469
945
1447
2979
927
2871
625
287
2836
2826
959
1292
2515
2809
2770
1513
965
672
2088
221
2489
2781
303
2966
344
865
1481
2712
2864
1377
1857
1092
2649
982
1590
2596
2031
1527
1697
343
442
689
2757
1716
569
1878
214
804
878
1942
1496
412
105
2597
1885
1701
2226
2663
415
2151
2365
2215
70
2679
2282
2075
2064
260
2950
2993
2582
2896
623
1520
2264
1293
1329
2096
1370
2677
2505
669
2769
1902
280
239
1343
238
677
2426
1182
1599
2067
1677
1713
714
2349
654
175
1361
2256
1127
2469
781
2248
1155
1024
2421
1504
2180
2061
1389
501
1332
2938
1989
419
612
1730
2143
199
1512
700
2080
1740
1344
787
564
2821
448
627
1907
1334
1904
2791
1835
75
1981
752
2218
2241
2653
824
533
482
1728
2034
2207
2814
1104
861
1620
487
1548
639
2900
2985
1581
547
2137
2143
2924
2781
2205
138
417
353
1561
434
5
2778
1483
1813
2413
2023
1104
2263
2840
1339
20
2110
607
402
2462
2479
1118
310
1836
431
1568
1248
1091
740
710
1831
493
1591
606
622
1600
564
855
1059
690
102
2769
939
1783
600
821
2630
396
2141
2127
1106
2566
2118
1048
912
1748
794
2207
1861
2503
1561
1434
2610
1208
1263
150
318
368
2594
1679
2897
2871
730
676
2688
2395
2608
135
2490
230
2777
1348
1793
2869
795
420
610
1939
2812
1335
819
1364
15
1088
1156
2585
900
228
863
2521
2547
704
2494
1207
2208
2019
1300
2688
2656
732
958
1718
1321
2012
914
249
2920
1976
871
766
1581
2467
597
2300
2536
725
209
1311
2927
2687
2990
2234
2384
275
884
1267
2564
168
2265
245
48
1445
2249
1560
1606
785
829
1516
2062
603
1023
2456
2226
1889
2440
214
1575
258
824
1019
720
1618
845
2114
935
2795
1184
2489
490
845
2728
2015
2892
795
2818
1662
2820
1074
1731
2721
1309
50
2973
2050
334
196
2283
733
471
1623
567
951
1047
1504
794
1041
2242
580
1299
102
1844
1898
1424
1932
23
2260
1064
1380
1792
90
73
962
2784
2016
290
1765
1620
2664
974
295
429
1523
526
1657
763
2178
2371
2643
305
237
1183
1956
2118
194
219
241
1291
843
405
2412
937
2499
2052
1711
1210
759
2035
110
2309
2706
2511
2557
2368
1642
1836
828
1167
1977
1589
2103
310
508
2864
2191
2913
1484
1544
2207
259
336
1092
2795
824
2706
2208
1280
1290
2629
1025
2006
988
1645
589
223
2033
2072
1688
1970
245
2564
2414
107
1762
413
1025
2131
2451
782
2863
1020
2279
311
1588
1023
67
100
1777
1598
2202
462
2550
725
878
2775
12
1158
1595
324
1984
2701
284
1969
182
2492
2004
1900
512
71
2762
2737
1164
2917
2628
1413
1945
1845
2707
1534
1637
2803
1780
1814
329
423
2067
7
202
10
980
2039
1506
479
1049
2907
2501
862
44
2337
2432
1994
2062
2733
2997
1665
2677
1509
2983
2641
498
255
124
1628
114
1710
165
2505
2248
1615
1328
2595
1324
428
238
27
970
329
1533
2966
2969
2329
765
134
1967
1327
1616
2104
1352
1876
2866
1319
1049
167
2630
2332
1549
1531
1746
2556
1920
2721
2372
364
1106
733
1988
1117
2921
2466
211
969
2835
1271
1336
2037
450
2476
649
2627
204
675
2632
481
862
541
1789
1378
2465
968
1371
592
1581
1627
328
2180
2687
891
2099
1840
1191
1012
1367
2902
2345
2019
580
2675
2529
2387
2373
12
2504
673
6
479
1005
1727
1780
2541
1732
1440
1049
1879
2329
19
1428
338
2100
397
2031
1319
1610
2541
1036
2554
256
1906
2869
2941
2066
2591
378
2449
1749
419
2416
2189
26
2130
2902
2890
2410
2381
738
808
700
1111
194
1853
2805
876
2840
894
2918
772
2008
506
1579
2296
2207
28
2579
1345
1072
1465
942
2609
1676
794
2682
2869
1171
1949
1756
2783
298
150
2158
2329
1300
828
2414
62
2572
1832
840
2374
107
653
1745
294
1576
689
1225
68
1701
1335
575
660
2038
2151
247
1510
1486
1433
1610
2085
203
695
95
2847
523
33
2790
615
529
329
1420
1166
860
2146
366
1984
2247
1855
2332
387
2755
1903
463
2285
253
345
2952
1208
781
2620
1716
399
2596
1571
1779
1612
779
2004
1006
2627
2808
1817
2747
1250
542
2272
2433
1104
1051
2386
1193
618
1447
2037
2834
2508
318
1565
650
12
1532
1684
953
2106
2962
1138
1785
106
385
1979
1059
1906
1411
617
2314
2939
320
2435
2902
1519
565
401
1289
1087
1883
127
2540
1496
147
1223
627
781
50
1964
1980
146
2274
1186
2081
386
1534
731
1809
96
926
2486
1618
2064
1181
642
10
2847
2799
557
842
1567
1540
1731
2196
135
114
46
2621
1418
2558
1290
691
1735
2519
1635
1944
214
930
1160
187
2392
1569
1218
940
2980
2690
348
308
290
2019
1446
541
531
2550
1831
2564
1662
2985
2330
2598
994
2131
2045
626
1303
2509
977
511
2360
1719
2695
2233
1528
2748
2811
2479
688
1620
2374
1505
278
789
1878
467
2949
98
1463
734
492
763
1892
137
861
1712
1437
414
768
920
2841
2372
747
1002
61
103
1010
2570
129
1570
1082
1938
2523
180
2850
2938
1556
1735
1132
131
2521
2267
2995
2360
1014
2862
426
2094
2832
2720
1168
2658
1094
440
1239
1571
1235
584
387
967
360
919
2472
2362
2143
1969
2510
2661
1019
1112
2285
1090
2272
957
309
79
2368
2575
2981
1473
127
1843
1316
68
2695
2120
168
1251
212
1709
3000
2159
2684
870
1097
810
249
2931
555
2992
2472
931
228
1477
457
700
2976
467
2615
2032
760
210
2265
337
1733
1554
158
1497
222
2644
1610
430
2704
1167
1228
1448
544
118
893
1523
1472
803
2211
528
2509
203
145
401
2144
194
1598
160
1133
1990
2348
1808
2127
1839
2045
2765
18
1924
1084
1481
1488
2743
853
456
156
124
2227
548
2990
1635
2555
642
836
405
777
2558
2556
1720
215
1096
444
2730
2623
2867
809
507
791
1078
1597
2551
213
2578
2823
372
1610
2746
2538
1631
980
287
2142
2101
527
519
2125
2188
2912
2359
2082
2049
1015
1057
1639
610
2726
1605
516
120
2968
1852
2008
696
83
2506
1634
368
1792
1683
234
480
213
704
2491
29
1604
2668
2533
2911
2326
2838
2788
1061
1520
872
513
207
1098
50
1607
1704
1528
937
308
622
83
2058
1257
2056
229
1972
29
820
565
992
2664
2079
139
1171
791
945
1617
2297
2322
995
2712
2647
2769
372
437
2066
1115
2383
2559
164
1667
1858
2856
2006
158
2888
1096
2714
1778
566
2622
1152
549
2273
2790
1464
1536
117
2274
908
2518
2520
597
801
1042
2614
1957
1624
2729
728
699
2543
2173
817
496
1973
2107
2526
888
1348
2552
1395
2546
2731
172
1705
2001
1581
946
2166
2827
1152
433
549
2814
2938
2810
2939
2425
1998
1587
529
1000
2198
104
2568
1298
2304
2453
2399
1265
184
1972
509
1315
182
2935
2499
2312
986
1996
1702
2665
581
1874
1243
2350
238
1348
2012
2615
1615
910
714
1988
217
193
449
1393
2996
534
1980
100
315
777
2817
2828
440
373
705
1755
2050
764
1745
834
1630
1759
2388
1370
178
2184
1567
2329
1676
508
2006
2541
589
1132
1647
1825
2664
229
2872
727
1031
1231
116
1430
1603
1217
564
1977
970
474
97
365
2270
599
764
626
677
351
1583
1800
2854
614
2377
715
1823
920
1389
1354
760
1704
1627
2969
2080
1414
20
1410
948
2332
1122
480
2749
1500
2034
216
2684
212
694
304
2502
1768
1463
179
689
2360
2331
2360
255
146
1972
2178
960
2198
731
1694
1746
1342
218
2104
2885
1795
991
2514
944
2163
2879
690
2344
608
1569
2850
744
2825
2313
69
1647
2377
1505
2141
2827
2680
1209
1721
2068
41
446
1199
1686
1461
1192
2911
2217
2402
2102
1091
2823
1216
1649
2273
446
1565
224
46
2299
652
2975
636
390
1473
123
2725
2022
338
666
461
864
91
1738
1220
1023
797
1241
180
2122
758
2524
1740
2759
1928
1285
2235
651
1387
559
1040
1263
1227
966
163
2806
1232
1618
2439
1949
2436
752
425
287
2164
1770
351
781
1926
327
2390
2188
324
732
20
1042
2928
1288
1852
1704
1531
693
2272
281
1673
842
80
2900
1586
2163
2063
2178
1323
2083
880
2755
2380
142
2024
1074
222
1565
2227
353
2505
1999
1549
733
2954
155
1957
2602
1355
1565
2463
15
552
376
2881
2230
101
1
2027
2563
467
608
497
1736
2599
1797
2561
1732
583
1438
314
2181
2224
2570
1427
2879
592
2311
1887
1211
2699
1097
2878
2819
1588
2075
1609
627
2053
875
22
1156
871
599
2696
855
2158
1274
196
1744
1521
2428
1414
2345
1988
761
2796
1131
2408
2446
1652
1909
1134
1632
2466
1307
1129
2676
2628
1149
1661
1796
1719
1126
785
1346
1445
746
2709
123
353
2047
54
1404
1684
1305
1606
2198
199
2764
2137
230
887
2296
2695
1541
2391
2785
2027
882
1686
1652
351
937
1482
2801
1320
2723
1125
224
1754
2922
1038
2039
2279
939
1992
2611
827
1808
1194
614
775
2372
1371
416
2629
1586
1283
2258
1864
1635
2396
2897
1257
1440
154
1679
1125
2732
222
938
1233
587
2061
964
1131
1368
1782
167
2892
101
748
2252
1638
2889
314
557
2064
800
105
2851
1347
175
2359
2041
1384
1999
327
1065
316
267
2183
1498
2023
2817
2327
283
1137
1857
751
515
47
1626
2599
1241
1704
2436
2339
393
786
1993
2191
680
1315
2907
2361
1092
1057
2576
1923
819
2488
1300
526
1638
1181
941
2748
1867
2378
634
750
676
2422
2729
1531
1252
268
2894
2846
1122
1848
1224
568
76
187
2834
397
2738
1032
1546
2269
1976
1036
1919
435
2870
1692
2052
370
1541
221
1215
2626
1332
319
1820
2870
1757
2060
201
1633
909
2932
90
682
1660
1098
95
1982
1299
814
2524
1977
329
714
2227
575
1300
410
2645
195
1373
729
2780
2341
2957
309
1936
1833
1567
1779
822
66
1204
911
593
1237
223
1450
2559
2593
1695
340
779
1093
2866
2302
1095
35
2633
2886
1139
2544
2996
532
2880
2189
2280
2485
1143
331
1755
756
254
1829
1524
819
2958
605
1645
1254
2565
121
2977
1671
1326
436
1948
2135
2282
537
423
1611
2403
2269
469
609
475
190
380
1655
840
2494
1818
732
2209
2294
1430
328
1514
2565
204
1926
233
1212
576
25
1093
2911
1177
1158
2350
2216
1768
1040
2750
1815
2806
2159
1947
1548
2582
340
2297
745
184
234
814
1702
2166
2673
958
339
2129
2966
626
2997
920
883
2015
2192
610
1621
269
2574
1800
2194
1191
2300
1297
1649
468
1371
836
984
100
446
1056
1699
2566
812
85
1988
1231
1147
961
1328
502
1047
1539
1929
1935
2292
1603
2880
2168
867
2073
1841
12
2942
2427
817
722
2625
1702
699
1284
1808
2160
2095
397
1578
1467
2681
2404
1336
742
2172
2466
2143
1767
2940
1230
2072
2899
2973
1980
1183
2229
2605
2924
2314
2249
1864
365
2235
2472
2077
1135
1390
1422
2606
901
2403
1022
1965
2545
799
2241
2342
2362
2716
1257
1709
2360
2094
411
1655
1010
2499
1256
1464
1539
2521
928
251
1396
1957
547
2203
181
126
2501
221
2722
883
2087
1434
1448
505
763
1829
2622
1324
1045
1353
1997
691
1109
555
323
2886
963
1727
2054
2177
593
1778
2565
573
2916
95
2401
2782
2061
2859
2424
1322
723
1264
1052
733
2880
39
350
1848
2312
2939
1005
2988
1643
1335
1543
1939
2995
610
322
1525
1599
1810
3
2529
1986
1592
2241
1302
1072
967
864
2894
1121
2166
1801
1266
1526
1156
1935
2353
461
2967
2166
642
83
985
816
2855
2947
2238
2817
247
304
2808
2497
1050
2349
2979
83
2241
1714
1269
356
674
337
881
335
1359
2272
99
604
2899
226
935
2856
1076
162
1938
1588
1965
740
1735
1322
1454
834
2734
2820
2931
2873
2593
2896
1167
1759
68
928
1549
1952
245
2724
1115
68
2378
227
1975
2328
2379
2151
2055
2245
2305
1945
912
1914
2940
58
207
1574
938
1356
1436
1973
352
1263
1138
1078
2376
1606
1200
929
469
1965
1133
1119
794
2962
1498
1921
2579
879
2653
162
2663
2360
2353
2370
2348
982
2484
793
2525
932
50
2472
2431
132
2404
726
2369
998
1715
1960
238
2351
697
2425
1029
2940
1421
351
2689
1588
1512
1448
229
366
2368
1510
1043
2233
2399
2984
503
1677
1920
2908
2745
1366
2163
1847
333
2934
43
1755
2009
1792
845
2970
1758
1770
2897
1844
776
2098
1887
724
1715
2235
1823
537
803
982
2776
1840
416
700
2403
1328
2098
384
2320
755
1291
2662
2610
1846
62
146
1061
1266
216
2454
461
1094
1510
2755
2575
2219
1726
691
1569
615
851
2507
1989
382
1724
756
2682
1360
1318
1644
5
804
2149
1527
900
1640
1238
2330
1296
1861
1515
2345
1128
1629
2054
532
681
2910
515
2703
1845
1192
1850
2477
1741
2225
1890
383
1360
1557
1611
2050
899
2839
2502
2037
258
1586
2869
431
1834
1329
2750
215
958
600
1274
2867
192
745
1015
2517
2476
83
1568
2281
1827
2770
215
977
125
903
1464
512
2219
1375
166
514
1970
235
2091
436
2181
1972
1133
747
2960
1708
1058
1541
1383
2298
1757
337
306
1838
2407
2299
2933
761
2365
971
917
2141
1492
452
303
841
1193
741
2247
2876
2866
1988
2885
1313
595
2647
916
593
2378
2971
302
2703
1446
1572
909
703
2880
1955
16
1165
1722
2435
336
1194
1329
2322
346
2534
2150
2561
2654
2880
1038
2206
380
1254
1252
1246
58
843
2876
494
875
1537
62
2642
2963
2180
1711
80
2560
2016
2951
925
2766
2484
809
2970
1719
1100
1497
367
2209
1422
1858
2970
892
725
1895
2037
2434
2218
1411
758
1500
2391
103
2194
2488
123
1507
2216
2826
97
2520
1367
1616
494
698
1815
2593
2741
2520
2238
1707
2458
1084
2284
2721
318
647
453
2372
459
476
2713
2783
1907
929
1481
98
37
1225
846
2645
880
1429
1429
2091
1778
1304
463
2749
943
2975
551
1642
2107
1567
1824
2992
1663
2852
281
1513
166
2908
2260
2992
1693
883
317
2571
1497
1599
398
630
777
2978
319
1840
729
2437
1575
2242
1916
478
130
169
1189
2719
1173
1713
1557
2548
2565
2045
480
31
2082
2805
391
2209
720
1573
412
1722
2353
692
651
1222
1033
135
795
465
539
2518
1370
700
2392
2567
1169
52
1504
1379
1511
2091
689
144
765
1073
93
2351
1854
2388
155
2934
2470
1028
1811
1859
1499
2696
2648
1131
1901
992
1372
2874
2903
506
2545
2865
2766
2151
1502
1067
567
2027
1757
1192
113
2427
131
1033
2313
1716
2094
2287
2528
524
1286
2705
1213
2571
2739
2298
970
1708
306
1885
2216
1816
32
2740
232
2820
249
386
1189
1710
1627
2271
338
1147
2481
33
812
1886
266
1057
379
2726
2924
1692
510
2871
633
125
2863
65
2531
43
654
190
2517
2423
1845
125
941
87
1725
1473
2343
2433
1319
1781
2874
413
2071
1666
2422
2708
1921
1951
2261
911
2741
696
1491
1746
1537
2646
120
1608
259
667
2791
1499
74
572
2358
745
2858
2339
256
236
756
1441
2034
2528
105
2421
1021
710
1559
1523
1030
1843
1947
222
596
1556
2076
1657
883
2414
2762
1971
610
1
93
2178
2676
1392
2216
1213
2036
438
2771
242
1429
838
492
676
1871
2302
859
828
2981
2492
1655
949
1184
2636
56
664
187
2178
2359
113
1474
778
2395
986
1706
1231
255
906
2839
1098
192
2747
2173
709
2895
167
579
1557
1545
2153
2731
2220
1952
2464
2647
382
1991
662
2766
2804
2015
2282
338
207
1247
429
267
2626
2330
1113
995
1091
1225
1370
2654
1722
939
1597
1918
581
663
2781
2175
156
913
2060
428
1151
922
2678
841
839
1110
63
943
1583
1383
1562
1278
647
2456
1432
2128
130
2236
286
2037
2885
2309
1093
99
2294
1701
1500
1121
2595
710
1285
1112
1431
2363
1979
1823
1547
1477
689
165
469
24
155
346
1004
2528
382
2951
718
438
325
854
233
2694
1576
2255
2338
1666
2533
583
94
2458
422
2180
2146
991
2693
1869
2341
2647
1300
2278
31
658
2582
483
2317
2157
1155
2727
1489
1223
1350
543
2500
2173
1532
2180
127
1937
2765
22
2949
195
792
2809
2813
618
1456
1880
1217
118
2200
1223
981
698
998
1362
2338
2342
535
29
1839
2094
881
2535
142
2746
1327
1854
2695
2818
2964
2124
309
1290
433
2807
187
1458
1927
2521
1034
2067
1263
2730
2144
2370
835
1173
1483
259
77
1970
703
2946
1819
1381
2303
2322
191
2041
1868
32
1327
1808
2517
2015
2589
1509
2346
815
2972
630
1283
1194
2581
2385
1714
2990
1386
524
1163
2637
2398
59
139
2388
2692
2223
1947
2993
2243
1195
2957
2487
845
2482
2364
1274
814
101
1125
2701
484
168
1406
2788
118
2886
297
2247
1636
1183
923
2018
1246
1142
2073
2164
1304
2480
638
2619
1584
992
2716
1117
2936
2105
1168
1344
933
1990
542
813
2614
2517
1595
2377
202
2643
1985
2018
2155
996
1701
2007
1040
2005
1419
654
2454
1221
1388
635
2860
1159
1447
333
1756
1259
2129
2292
1194
1722
158
1370
1137
978
1921
2880
886
793
2500
2226
1937
2642
720
2903
809
340
2234
2586
682
1588
1042
1431
1625
1855
507
1712
2556
2586
1054
607
895
1376
1415
2154
301
1162
1727
112
77
1111
1705
2799
666
2741
2961
702
1873
487
2120
2167
2728
485
1534
2836
960
1170
1173
1180
2658
460
1606
1100
2886
2266
1109
41
2914
835
2913
2898
1787
131
1727
1904
2920
58
2739
1909
372
273
113
1981
724
1496
2613
1083
2914
318
1531
2350
1936
1867
2396
1506
278
2318
2485
250
1724
164
250
690
11
1961
547
2885
1406
284
2967
2310
1047
2190
1381
2253
187
2227
1700
1792
104
2853
2705
894
2320
1938
92
1744
652
905
2399
1444
874
506
2214
1051
2906
2972
2718
2712
2517
1791
630
2466
2672
2231
2409
2982
1672
22
218
2960
595
164
2109
2323
2912
1347
2278
1496
84
2089
775
1604
98
2877
2771
615
386
653
1121
361
629
2787
2315
2432
2540
1111
887
759
1630
2371
19
1973
2492
1976
2732
1844
2747
60
2950
1801
2727
1621
943
2163
2585
1728
861
2925
908
2678
655
2010
802
510
1475
2497
2648
2078
1665
2705
2466
667
1946
1404
2202
490
2107
2069
354
1706
1804
2112
2999
2317
1981
2163
1812
1455
1802
2157
319
1306
2663
1483
710
1846
315
1034
2518
492
1194
1148
1687
1534
2783
46
438
2814
2665
2172
2517
1210
332
1756
1137
1827
697
2727
2152
734
968
1742
197
1565
2428
1985
724
984
1074
2545
2197
2001
2595
2841
2430
550
2718
2051
2016
447
2637
2486
604
2684
165
2660
1746
265
2126
602
1611
12
440
328
2113
229
1990
1992
1453
445
1260
1525
590
2329
2079
2216
2821
2175
1788
2218
2573
2714
1549
1120
882
2837
511
1539
1436
2762
338
1899
2070
1179
919
2430
1554
1049
1524
411
1602
494
2307
2182
1980
882
344
903
2561
771
2769
2504
2294
2749
2059
1691
360
1390
493
2438
2872
932
2142
2739
893
2442
1283
881
755
17
2464
2389
1325
2004
636
680
1229
1139
1055
1082
1626
104
645
1434
2114
1482
1654
1702
2326
1524
2743
1116
2072
521
693
1368
315
441
2962
1615
2575
2446
959
989
1036
1256
2381
292
2829
1478
2918
1093
1786
2756
183
1860
2468
1357
2668
138
905
2347
2597
555
1847
142
2320
323
1094
1783
677
1214
581
2265
227
2024
2533
1237
1378
1929
1159
1193
2379
2669
600
1544
1369
2117
1086
1468
2536
603
1579
495
1085
2858
2988
1819
889
2347
1188
1912
1695
2403
2273
25
602
1223
2794
772
2239
1759
2505
1372
1557
2561
461
993
1597
562
1202
434
223
2742
746
2165
1676
1700
1514
1472
2241
2214
71
2637
2488
621
2493
2938
2299
1393
2799
2146
599
2183
1593
2970
2069
1483
827
1258
1929
1920
1803
88
1418
2326
185
2463
1077
2923
1012
1606
805
2965
2167
412
2747
700
2868
445
188
695
140
651
2128
626
1774
2179
1770
2328
2084
2914
670
657
494
331
2057
1948
616
601
504
820
2690
383
711
133
2210
2312
2117
1920
2596
872
1267
130
1932
1304
533
1213
1331
42
2299
1554
2300
2576
1052
2825
565
2946
973
1259
501
2641
1100
245
235
2875
917
1664
2077
76
2960
850
1083
234
375
119
2016
2994
1618
1141
2558
1295
2866
766
1963
1283
18
2019
1697
1988
2758
1904
1784
2218
635
117
1396
2934
2398
2384
2975
33
2815
1630
2477
1496
2132
1635
2052
1729
2764
2468
1914
1071
2207
2850
1076
1931
2282
201
1066
2500
2289
770
641
1203
345
572
1718
2667
2912
2334
1444
1440
1808
238
1468
2784
2408
2581
598
378
1725
1546
2727
2367
1741
2012
414
2679
1353
784
214
1448
2283
769
2454
226
2650
1081
947
494
2944
2801
1000
362
2070
2798
2839
1988
2074
333
1586
2774
2009
285
2848
745
991
1353
1720
1197
2274
776
2094
1388
1292
624
130
2895
743
2702
752
2596
2641
176
1656
2678
508
1594
149
1455
1178
1396
1591
259
295
800
451
2942
1945
294
2213
1048
562
2780
2545
2137
2305
1534
1190
2309
1927
1542
233
280
2665
1710
1241
1693
779
1216
1386
581
623
2040
596
488
1664
1159
2539
1524
1044
4
1017
1996
934
630
1364
997
325
2190
1208
1555
107
1283
2665
797
2886
1480
1748
2795
5
887
515
1937
1342
568
1922
1521
1791
621
614
2004
204
594
379
2878
2591
596
1029
2177
818
917
377
772
1052
2200
1769
2236
1527
2082
70
2736
2967
1058
80
168
911
2974
2963
1112
81
933
1684
2688
2498
1274
468
1838
917
1936
995
347
652
1854
867
349
2221
594
2824
1425
1305
2427
2412
125
1968
2223
2150
1583
2249
1791
2871
1532
1143
28
152
395
1040
2087
2084
1958
242
978
1549
1046
2893
113
2038
614
1791
1404
811
808
2168
2677
956
1089
752
187
1458
1492
2842
544
1684
558
788
1069
1950
2646
2536
1849
589
2363
1463
1506
2117
121
2346
680
1188
2238
2704
1720
1892
177
2784
2272
1180
988
1494
2242
1281
1692
1155
2903
341
593
588
1326
1064
1292
392
889
925
1364
2417
347
2560
686
1768
2699
2043
2826
2872
1744
982
2511
2084
2319
2303
1573
1413
1899
2008
1628
1937
428
2499
2248
2648
2341
843
1547
712
2187
696
1998
2575
2970
1335
1966
797
609
832
877
1700
1440
129
2580
2994
1553
777
473
1438
1320
2831
1499
2409
2298
2002
1770
544
809
1328
1960
1776
2249
2545
2211
2632
2730
431
2960
373
2497
1611
2440
261
1736
2141
1461
451
1242
97
2586
1660
1510
650
916
8
1323
740
2099
596
128
2809
1704
2508
2611
2321
79
661
2615
1891
2073
120
309
2626
1292
1373
2019
2622
902
1683
533
2562
1881
2608
668
2972
2181
1849
557
1992
2171
1075
2258
2232
2502
1175
417
2713
1582
1961
2527
2489
766
1488
66
1284
2016
124
2012
2846
2240
2685
1967
2988
2527
1663
655
2067
2186
1052
210
2590
839
2584
1905
2260
761
2491
1059
2640
527
926
2768
2010
795
548
2681
1370
1137
870
1764
319
771
808
914
2864
1958
1782
2285
829
34
1440
1780
1607
2608
1437
1434
950
2204
1064
2185
167
2327
712
2393
2627
1881
1970
982
2980
2754
1825
2242
1141
1380
2588
1418
985
542
754
223
1948
702
2483
2370
2780
1153
2459
2828
173
623
1719
846
1868
777
1172
2441
1349
926
595
1224
932
2403
913
95
1992
2669
196
807
1478
1863
1910
870
320
1850
548
291
486
93
1826
1835
2336
332
1557
2483
1672
381
1089
2886
966
11
1168
1793
207
2325
35
708
138
2491
2722
1263
1581
548
2441
725
1320
2065
957
1334
1271
227
4
2137
1788
1390
2767
813
1336
2033
1022
2289
567
1496
1862
1401
1804
2495
1729
1901
2991
2690
1343
2953
1879
129
2237
144
1551
2195
1358
2820
1909
1400
1146
2584
1629
1006
915
289
59
206
1308
729
1926
1577
2475
2893
2702
2852
2519
2637
818
2030
826
277
1558
1617
624
2682
1567
2704
2663
1405
833
901
293
602
1862
1827
2923
1111
1195
1554
2733
2959
2311
446
1282
2694
1675
466
2170
2864
1953
2324
2487
1559
161
1317
250
219
665
857
1350
1506
2192
2149
309
2777
262
224
621
321
2878
1798
166
1744
184
2313
1896
437
841
233
2944
646
73
2261
2664
101
2955
1021
402
1485
1429
2423
2704
1112
1760
2221
1345
480
1332
119
2270
1866
1449
2432
3000
1543
308
2103
798
2753
1472
2858
2835
54
1942
1822
916
371
1897
2061
1675
2348
1903
972
1695
1481
1404
1458
2319
2262
1104
1353
1078
1566
1890
290
2525
407
788
384
2979
892
2351
2817
734
1819
426
1023
784
1319
2946
196
222
2790
1139
2252
184
1900
685
1424
2018
2802
39
624
1934
2244
2863
2983
97
1472
2113
2700
788
2420
1640
923
2996
452
2620
2446
1698
2921
1304
1699
2033
1454
75
1009
2477
2098
2612
2738
1334
2170
78
1696
426
266
589
748
1163
2181
2121
337
1107
2840
482
2479
2592
966
2206
469
932
487
628
252
2869
2366
2426
540
1724
1785
2781
1477
1247
2209
1958
1433
2511
1029
2019
2765
2483
2129
1585
2795
156
783
1392
1760
1603
2551
2452
2815
1042
2640
1793
2714
1347
196
1764
2193
2366
2552
473
275
1519
370
24
1737
2702
360
92
2893
2697
217
2715
1575
1791
2408
2365
2005
860
2768
1385
1079
2734
2551
269
1075
1088
2471
460
1312
1998
2409
2912
312
1336
1538
2665
2077
2473
1303
2498
125
2349
141
590
2696
2359
1049
1340
384
15
1389
2494
566
1656
46
2371
617
1204
2874
1694
56
620
1400
1171
2829
711
930
2325
1661
788
1537
2138
2512
226
1974
2047
1529
2708
2292
2864
2922
569
348
1063
701
2497
417
1943
2746
562
1168
1761
1469
1360
888
1457
1162
815
1286
129
1313
2160
2460
1417
2721
1209
1703
1091
2029
2197
705
2970
1973
486
866
2857
2940
2855
2803
841
74
258
1569
2041
1170
1197
590
728
1857
1167
1863
2563
1636
2333
1023
2654
1503
2126
2568
1218
1716
2908
961
2375
2141
846
715
795
2932
2836
1608
2384
2460
2299
2342
1830
254
2459
1541
1887
2274
1194
985
2549
2344
1531
1130
2912
418
1084
1313
1496
238
110
1627
881
2662
1037
220
739
675
2797
566
515
1175
611
755
2972
1031
2232
2476
2089
2123
1542
182
2604
891
649
2529
1740
2721
1994
2286
1189
167
1020
345
1097
144
1261
2188
2692
568
1699
2709
878
1354
2170
1542
673
745
1829
1483
2887
2539
1421
1569
2249
889
1549
315
386
2207
2622
164
62
2046
1569
83
586
727
560
1524
1395
1666
1489
392
625
1374
383
1966
226
724
2063
1849
2243
919
493
238
2132
1441
440
2369
1655
1738
1590
2990
1794
1059
1560
1520
1304
2437
2540
2768
2346
697
174
1447
240
2110
153
982
2236
67
1232
319
1540
1463
2407
2216
263
1067
1644
153
856
2986
1727
844
2935
2660
1591
1807
1344
474
2623
1714
319
1363
1066
409
1804
309
1457
1092
2089
923
223
2819
968
2901
632
570
1694
364
2213
126
951
49
2591
2240
507
1529
2903
1670
470
286
2098
2288
2746
2218
2282
2226
735
2411
1874
410
2648
2771
1602
2809
1273
389
1989
1582
418
2734
2331
1784
650
1572
777
1837
2253
2039
544
2883
1496
2950
1473
203
16
1858
332
2259
2712
904
1904
1520
437
2689
2692
597
2430
518
611
2068
321
1853
1189
2703
2508
2620
139
1480
769
476
2197
2870
1424
981
709
883
783
805
2311
1685
1870
2421
2854
2941
1621
2205
2310
1309
178
677
473
2110
2503
92
969
373
2519
2502
1967
2176
716
1693
773
243
1176
2209
1531
557
1447
1446
195
1010
1434
1717
2765
1999
754
1777
1058
2214
2979
2918
33
477
289
1531
5
1435
875
2587
2096
1457
669
842
823
1190
1909
1901
1085
1976
2676
643
442
1840
2656
360
1955
228
2568
1836
2251
1424
2867
2285
301
2026
2639
26
1325
1300
1886
1632
1146
1807
2673
1118
2385
2695
2277
1453
676
1489
1182
2882
1093
274
1862
1521
8
1131
2812
170
1246
2621
2367
2017
2435
2844
2447
1466
1919
2632
696
1031
2932
2323
17
2149
396
2475
371
2362
1270
1362
771
1438
1905
2198
1305
2171
2183
180
91
1652
2176
1700
1885
1119
634
2769
99
1806
2974
2416
605
1772
815
2758
145
380
2418
2314
237
1281
1044
2945
1081
131
1635
2145
2928
1586
2732
2429
2089
517
1578
35
2618
2822
688
357
989
974
1167
799
2453
1282
834
2781
17
2090
1844
399
2922
1278
1389
747
2067
1233
2324
1150
2635
2947
954
2531
912
404
985
382
1046
1290
613
1149
161
2855
23
621
293
1040
352
1983
2254
1807
1873
651
1866
2160
215
108
308
574
2769
2122
341
324
254
619
792
2035
2474
2906
2356
679
2961
1866
2781
319
1696
476
2041
1892
1431
2592
494
538
993
2371
1471
447
2355
522
2688
1592
1611
332
794
2674
1325
1146
923
1239
1302
2563
2439
1317
2013
2646
1001
2926
2806
2096
2061
699
2208
2516
360
736
2801
2136
7
1522
2536
948
1408
636
1508
566
118
388
293
2710
1717
367
1327
794
1034
1752
402
56
1870
2664
2604
1783
605
363
1903
1281
1620
1657
2427
6
1101
1422
2033
2906
2171
1298
2253
2484
1575
1922
458
84
2398
424
1960
1968
2913
2788
2802
372
905
2376
1325
678
2488
2902
502
1480
1648
220
1122
56
799
1932
155
148
2947
2313
1034
2144
1473
1268
560
1053
1959
1948
1450
2299
1683
1554
597
2536
482
40
538
1281
616
887
3
2071
648
2802
704
1724
2158
488
1683
1008
1251
2050
577
1285
1112
2952
1623
58
612
2546
209
2090
668
993
569
1023
1299
1689
1018
1821
445
2240
1643
2610
977
291
1059
953
1595
1263
43
1383
1088
1969
811
1742
1012
931
1443
2838
1372
1608
2941
2880
1316
991
305
1852
13
2460
2901
744
1542
505
1951
349
209
833
865
1073
1949
2265
441
1291
248
2009
2181
1212
1856
2336
1008
235
618
2681
1152
1200
2663
2107
37
392
899
2771
402
1708
1304
2387
1350
1472
1913
453
1028
1083
2685
253
315
2137
2127
231
1612
1786
1620
1336
1170
2700
943
901
2598
2201
1001
2313
2590
2075
1651
1080
690
336
2466
2323
2932
2257
1279
1162
199
849
1454
1263
83
824
1093
2024
2032
1133
1216
2965
413
653
2785
1569
2773
2092
1411
441
8
2996
240
1827
479
2398
2368
1354
38
2174
2843
1924
2856
1903
2488
2029
960
165
1988
562
1134
607
2853
2735
2261
2539
1711
1537
834
2881
593
1942
2759
1139
860
1505
127
2937
387
2401
157
2220
555
2886
1424
1558
1458
1893
1529
2506
247
1327
2612
16
1454
1324
1279
2941
82
2322
2254
1381
21
945
2690
1707
1073
80
1989
374
928
2137
259
1118
2756
622
254
959
937
292
1555
790
1165
1209
2489
404
2368
1634
335
2015
2055
2965
679
2305
1506
84
2801
1434
1048
1196
2960
723
656
2244
1357
429
1905
974
1943
1554
248
1321
2019
881
1311
2391
2359
503
2336
118
1854
2373
2318
2842
620
937
2655
2456
2351
2480
2901
1282
1940
2214
138
657
2611
765
2725
280
1567
2913
335
731
1434
1726
768
1356
1547
1452
2163
2085
1708
1651
1966
2430
2897
2007
1032
2731
721
2521
2636
632
77
700
2055
1508
2140
2512
2603
657
1708
620
2956
788
967
1232
2708
2576
917
75
1175
2143
2940
1831
553
2897
2348
2150
1000
972
892
2061
1798
1933
530
1136
2062
862
2190
117
2898
840
721
2102
1634
2416
1064
757
1271
1428
832
1046
2899
830
823
1716
2285
2530
2958
856
2708
27
1569
316
2977
680
2449
1358
1148
1314
76
507
2390
1484
885
1585
2790
2398
483
1370
979
42
1962
1343
747
2771
1989
2299
1753
2615
2263
2221
66
1176
2479
665
1273
2654
1714
2318
1556
326
1364
2029
904
2343
461
2870
2925
1314
1590
1326
1592
2219
1924
1951
1436
1745
81
897
1519
1824
1476
2306
2795
2656
1538
1807
2677
1412
1086
2083
2368
308
2538
2481
1772
403
751
2311
1843
1535
1355
1176
2931
500
1055
2103
2462
201
1692
1159
1374
2682
630
343
638
2233
1410
1770
2648
1956
1061
1513
2661
2591
2780
157
65
2202
2622
253
1565
1728
935
2837
1840
204
410
41
2184
2801
2126
1419
1451
2475
2684
2454
135
1824
1616
2175
1165
2440
2547
1328
53
1692
1722
281
668
610
2681
2896
1102
1272
2731
469
477
2464
624
1495
373
2824
506
2812
2131
1678
2754
2611
2181
2861
2206
1390
1686
1216
1168
2604
2601
2958
2021
2257
1255
2494
1586
1292
1612
167
557
554
1871
1025
1429
1063
2150
1634
883
1013
1574
2271
2798
1184
1447
1929
1590
798
777
2300
2924
1886
2480
2412
1436
1403
1282
1128
1631
944
403
382
1023
607
1418
973
1875
2424
1532
2916
735
2953
1432
2934
2549
1716
616
348
1191
969
2799
1063
1010
641
659
1020
1566
351
1651
2336
582
1146
350
1452
965
1605
1982
2961
1225
2555
280
431
1674
995
1747
2441
681
1042
1942
2788
1126
2654
1627
1585
712
2835
995
2194
94
1301
761
1976
1259
2514
225
283
1574
2344
96
2733
2408
1120
1084
2945
687
1590
1916
2977
2778
1969
1669
1640
2283
1677
2522
2749
261
1472
1244
123
2128
1155
2090
368
2839
2177
125
1409
902
2366
1843
690
2928
1566
2079
2135
2865
1934
1164
1411
1051
990
594
1632
320
1309
1205
396
1512
1846
2656
1498
1458
199
726
203
1489
155
1129
1870
249
674
1240
773
2303
2185
1469
345
439
2561
94
1098
398
1253
1850
490
1298
161
1952
2383
887
852
664
2756
1199
484
2260
2161
2276
2782
2704
113
2630
1349
2858
1675
1550
1675
15
2999
1671
2308
2298
1608
2352
197
445
755
787
216
2407
483
2129
415
285
2667
1314
225
1275
330
795
1141
2682
647
46
1885
619
159
1337
274
1661
651
170
2723
502
1980
2190
2999
814
2878
2637
2590
586
1887
1595
2035
1382
520
2539
2829
1216
1306
279
109
2122
2388
1973
2874
1824
1536
2767
2252
2469
2895
2073
2747
2522
1502
1458
836
1785
1095
1179
2937
944
365
252
670
34
2654
1521
918
431
1291
586
422
1421
1082
2705
2512
1656
1204
2742
1346
2172
2892
2872
770
2071
593
2660
52
1840
888
1967
1692
1655
441
112
2830
1928
1525
106
989
593
733
2959
605
11
2967
1017
597
627
1771
2975
1459
2214
847
2863
2117
703
496
425
30
378
275
163
1574
1128
1140
856
824
1258
1717
2150
2470
2142
1833
61
2197
306
2161
2680
2475
2446
1512
2096
583
2506
1343
2622
702
279
2171
2806
2469
2617
2859
1974
356
1154
2310
1668
1724
1991
1952
171
1229
2483
290
632
550
64
1
1403
1884
1484
1346
2133
1942
2833
1223
1568
40
1049
467
533
2787
169
668
1311
385
1489
1445
2353
2066
972
2846
632
631
2529
2508
1923
1904
1921
2599
651
59
124
71
45
1989
2840
980
168
920
704
276
2736
327
1402
34
2238
2053
910
2774
1734
2527
1338
527
2482
635
2295
233
500
2863
1874
1398
806
2673
1438
311
1263
505
1983
1872
2809
2210
1936
7
2912
559
1238
689
2445
681
1336
2462
2967
147
1860
2351
1993
463
2329
2028
802
849
1588
841
1929
1395
1653
201
232
1319
1010
495
2997
982
1637
914
1180
2217
2428
193
2016
106
2289
1665
2702
2852
2812
1240
1081
2314
1022
2397
515
1547
2745
2098
2983
167
2377
240
1673
2854
1870
412
1490
2372
2744
1191
2899
2461
2618
2816
2607
1836
2124
2420
2368
961
2567
2228
465
5
1386
322
1664
844
755
2026
712
166
986
786
270
2442
92
2646
1866
2691
2074
294
19
2065
1092
2267
1598
2867
1072
2635
584
2384
850
2241
58
803
1591
1210
1947
194
517
100
2832
2402
1660
2523
2786
2567
268
2505
2149
1248
1381
1052
2964
1608
497
2458
2525
392
2664
161
2609
1003
2042
2580
224
868
1997
2589
1886
1032
393
1110
1997
2852
1111
815
1769
2088
2854
1456
2179
2012
1360
1498
168
87
911
908
650
300
41
531
2219
880
186
2682
1315
2233
1946
1630
256
2240
561
541
1398
1874
1050
2572
2850
1419
2572
2820
1175
1570
1383
707
931
215
2203
1923
915
898
1593
1500
2089
435
722
2616
577
2137
1607
2737
1406
628
2966
1787
2499
1882
122
35
2095
102
905
1664
245
2208
2957
1264
1557
2736
2077
2732
720
2272
1615
2078
1208
1630
1334
1418
370
309
1830
2185
2194
2607
500
1009
2074
439
1835
1660
2310
252
1412
1900
2095
2485
1480
1959
1715
1233
2474
2439
152
1583
1422
2406
2761
649
2328
2602
906
2090
2440
478
1634
462
758
1959
1451
191
2534
1311
1314
2594
2996
310
2525
2757
1927
2672
2485
2265
2152
306
2734
2641
708
190
1987
1289
321
2407
1614
2303
1354
317
1559
2807
1876
2193
253
2403
2607
1347
2248
2387
550
875
1164
1226
2595
115
531
1647
1549
2989
1063
2947
32
2864
110
2998
1537
473
1136
999
839
787
223
2809
101
680
633
1582
2055
1693
381
131
1687
12
36
1668
1942
1575
542
1711
1621
591
1581
1216
583
1890
1617
1874
780
2520
2958
37
2663
1292
1916
1285
184
211
1563
174
2661
1174
1131
962
1686
163
1516
220
93
1600
2533
397
1700
2613
2013
2425
1390
1149
2532
450
757
838
2179
162
949
698
2739
1576
2767
431
2953
1316
1699
70
448
2085
1380
258
240
2568
916
43
867
2142
2774
1355
1257
660
2716
2559
1054
2783
2855
2858
1830
1139
1923
2229
825
2599
2225
1616
1750
2434
2602
1076
1879
689
687
1317
2456
1258
2576
1866
540
81
206
1936
577
2808
371
1666
478
231
2181
2495
1821
203
2842
2734
171
1103
1689
2660
801
2065
1659
545
2062
2522
526
1068
524
2774
1789
2554
1406
2020
1062
1555
1258
1847
1125
1760
1635
2318
2268
2964
1084
2470
445
358
779
2599
733
1481
2960
2538
2860
517
1334
2315
771
2533
1440
2532
2913
943
418
1827
1883
1344
2712
1298
579
184
1595
2015
777
2681
1917
1625
236
2994
1740
806
1160
1372
1957
2437
1190
2314
476
1352
281
1871
723
622
2715
1050
1797
2663
28
2420
791
1862
84
545
305
531
1615
89
2401
1865
2702
1254
2237
273
416
383
492
2738
146
2740
390
971
1950
2139
2154
212
1753
2960
2890
631
2516
2924
1141
1851
2454
540
2582
2446
1024
1462
504
2478
2767
1086
1333
2766
2093
2528
1069
1758
641
1670
540
2167
126
2074
535
2848
2553
1403
2434
1279
2464
2769
2063
90
582
2783
1018
1428
2630
2896
858
2161
2508
328
2014
1575
1112
2314
1317
1269
1341
2835
1531
1428
2142
724
98
1044
1722
104
116
1454
313
2532
2966
1867
2659
2960
34
2143
749
1661
630
1568
292
1666
220
1085
2119
2721
1226
2793
659
2666
383
2126
2618
230
1420
2125
1863
156
797
1191
152
1327
730
2284
309
2273
1956
1331
99
519
316
1793
1682
1760
135
870
2001
1478
713
2625
962
61
537
100
1157
2286
1872
2346
1188
1881
2689
1897
1973
1709
457
1450
424
1260
778
1323
1236
1602
2811
2272
269
2850
1622
2351
1774
123
2774
2243
2666
1636
787
2724
985
312
80
1661
2963
2293
1140
2972
2517
1607
59
1652
872
2513
1029
59
2597
288
1425
2724
2992
2367
2775
1270
1175
1664
2065
153
654
1018
1556
2053
2193
1747
610
699
807
456
1186
2955
1326
1921
317
797
2522
227
2011
685
2467
2340
2697
754
2743
2703
2039
2621
2818
736
2446
1021
1365
655
1380
2241
2583
648
53
1432
2772
2646
2402
1511
763
39
1654
1492
2657
1511
407
2437
2773
1729
853
2061
63
2969
180
1346
2497
2725
1664
1255
903
633
2523
1142
2050
1882
2618
1982
456
2958
1088
1948
2716
2020
2291
1086
2795
2005
663
698
2035
1385
870
1724
2477
105
407
2303
852
1844
2637
1224
371
61
1105
389
2869
1706
1758
941
1682
2482
82
2128
1765
2489
938
1111
1181
1303
1423
2748
1304
397
2044
480
115
1754
847
1291
367
473
1564
2748
1748
2108
1073
796
2284
159
2734
1613
2843
1417
954
2867
2390
463
2145
249
1248
802
679
1335
228
1631
42
856
204
2457
1097
142
2198
332
1774
1182
1223
2866
2448
882
1135
646
896
1478
1238
1394
2764
588
1591
2914
2083
2912
1753
2030
2687
2139
1189
487
1767
1290
938
2928
1294
2954
2710
1563
2932
1243
409
742
2183
1177
2698
361
81
2028
1454
2937
611
1275
1030
1956
821
297
1961
2691
2729
1354
2973
2524
91
1207
1796
1331
852
2248
48
1578
1664
2886
2857
669
824
2741
1953
1039
1691
230
2991
1311
2214
1891
158
2642
1959
286
137
271
1534
400
2829
1228
375
674
61
1142
1470
2442
1154
2595
362
2898
623
2462
2063
112
565
1251
1435
2687
63
2778
1908
1359
1893
693
142
1106
208
690
158
1451
2065
2669
1472
3000
2960
1523
592
395
1367
482
2241
308
2461
2669
1605
1970
2155
2697
156
175
1480
406
1244
447
2477
1408
2221
1736
1261
2533
1015
1562
2848
2653
494
2488
1298
2187
785
341
2974
1745
761
412
1129
812
2426
2999
1375
2844
1660
240
850
1252
2236
2430
1555
2002
783
2122
2484
1128
1135
952
2081
1020
2458
484
504
1600
394
829
1346
2214
179
2589
2072
2668
1590
1442
1046
509
2711
2379
913
1016
2268
2318
14
1049
13
493
1382
1720
856
297
67
2011
815
2954
2193
2208
357
890
431
1610
1663
1751
908
2592
1752
1301
207
2917
930
2887
148
2688
270
432
2775
1713
2643
2664
140
2279
2258
610
2137
2182
2739
2939
2650
2146
1697
683
1710
2675
2808
1861
2035
2384
1778
1275
18
949
2684
1854
609
1080
2513
1617
1309
133
1001
74
682
1983
308
1918
2630
1538
1901
783
1009
2004
1430
1280
2094
1261
626
2520
1419
2753
1490
2848
1825
2390
1130
1993
618
3
2233
2651
2103
2352
2843
2875
722
1305
2916
652
2834
1809
1886
1175
536
564
1713
2954
2807
2640
2984
2086
796
2687
1960
856
2595
891
940
2785
2435
2856
144
1773
1202
893
1183
2792
1171
1157
1964
1493
1880
1305
1496
2361
729
1043
1229
2558
2651
2503
2188
962
1377
2926
1039
390
710
674
1131
131
993
2317
1604
74
1030
2618
843
334
2563
34
1982
661
2898
760
2567
1369
1960
1352
1017
1180
1050
2888
2390
951
1561
2308
1444
1949
2727
981
1751
2693
998
1143
2952
2745
1691
1075
518
2403
672
1881
1265
2960
621
967
752
135
1256
1212
2320
1790
972
1314
2496
663
2952
1523
2723
1224
515
2688
1213
197
2417
654
2841
1648
1563
1814
803
2091
2976
1771
2748
2147
403
2262
1681
2039
78
336
838
3000
2019
1689
484
285
450
2693
2308
199
2631
2361
1385
858
625
1552
2392
410
216
2762
271
62
2055
2111
1802
1220
1114
516
104
1444
2714
2781
1048
2061
266
91
2385
43
627
713
968
200
574
2880
817
2706
2247
1686
939
37
572
2201
1918
1139
2241
2463
531
2781
293
2519
734
524
310
644
2989
2967
129
2201
576
1613
2676
97
1632
743
91
1322
2497
398
1616
868
490
2137
2829
1107
376
1533
212
1975
2059
176
718
1563
1061
187
1273
2378
1307
1557
1058
2088
347
1083
1031
1335
2156
393
1373
860
2686
676
1768
1073
1964
306
886
150
1445
769
2659
917
685
2818
2708
1309
1648
45
375
1104
2312
2871
927
1159
2953
2876
1386
1091
5
950
1212
1701
2567
2604
2975
2002
800
1366
656
2414
2788
2803
2309
1288
1557
2191
1681
2157
342
1510
93
487
1990
1237
970
826
2962
2656
1842
2325
1276
791
1167
2682
2346
2142
1034
1101
1348
1402
1619
1044
670
1401
1501
1402
1489
411
786
172
2484
602
1973
392
324
1079
1528
1706
428
997
1748
331
1785
2870
2800
80
1897
1135
174
179
1724
161
1704
1645
1720
1173
2621
1769
2922
1476
211
398
1179
272
1853
1686
2498
1490
1048
1479
923
1118
626
918
1521
2438
2872
1196
1853
2111
349
2136
2636
206
1045
2058
859
528
1459
1718
2669
617
1644
921
628
164
1191
1442
776
42
1311
793
2818
2923
1427
1865
2631
1504
523
2647
1206
347
2425
1869
2814
799
2349
1753
322
2936
2850
237
560
1713
2922
1885
2648
1698
2549
1355
2267
165
951
640
2340
1061
2952
1036
1235
179
13
850
909
1286
879
1335
1591
2563
1666
2415
1868
1416
2206
1468
976
2790
776
691
879
1900
36
521
1168
1055
2762
1282
547
2605
560
179
445
2804
2051
2223
2774
2717
291
2166
1246
2064
1861
92
2056
694
1271
839
976
2745
1931
2390
664
1328
2519
2986
2413
733
1443
2591
2475
2672
864
2686
1926
894
1870
331
1623
3000
440
2372
1307
414
208
1877
248
2067
1182
1929
2937
464
1465
2823
2424
225
974
1249
1070
980
1526
1785
474
1890
450
1212
456
2301
316
338
498
2422
193
1076
1317
2656
969
2272
1044
636
2060
14
706
763
1967
1974
1951
923
1800
1304
1249
531
566
1220
353
361
508
1509
1669
721
2585
1804
1965
1976
82
136
2743
2164
1226
314
2796
2714
18
550
1713
757
2280
2429
1798
2825
1511
2861
2274
942
2032
2861
865
785
2420
2510
638
678
2442
1473
2971
696
583
521
437
1013
273
2250
1444
452
1252
264
1079
890
715
2816
2646
2247
1772
2098
1110
1067
698
1356
1715
1497
2622
2040
2573
2217
1510
2685
1528
577
2300
1935
1045
1762
817
1295
109
400
997
193
2059
2389
970
1753
1890
921
2230
1018
1363
2171
333
426
2565
956
536
849
2752
1425
1326
978
2235
1697
11
754
467
1946
639
1391
1895
2359
1841
2407
1233
2885
1151
1753
1557
669
2020
1509
393
1737
682
1704
2445
2101
1023
458
1074
1778
305
187
302
1822
766
1699
545
2488
1822
1822
724
438
2614
1686
2938
2232
931
1748
943
2610
2463
2206
1339
482
62
114
2303
739
2625
2502
720
2672
2412
1673
667
1142
780
2345
1254
360
2331
1165
719
1978
1290
2687
429
1453
1636
1436
1931
1646
2882
843
1736
1671
2665
2326
277
939
862
2365
382
605
1672
2071
1275
2268
988
1914
1357
1808
14
2251
688
2359
25
1104
645
228
97
1370
1997
2303
2710
1406
2049
527
1175
918
2068
2547
1178
1172
1346
2257
1812
1657
1036
1016
489
1632
1897
2849
2340
1247
928
2052
2864
2374
537
1878
186
1585
37
960
574
2652
9
2720
601
1867
1895
1606
1401
1310
2101
337
2290
1072
2228
509
581
2275
2125
184
1557
1309
2453
1156
1747
1610
691
483
1238
1496
2346
1889
2835
2320
2375
742
2907
2905
1893
1073
846
2254
782
2181
2304
2648
790
825
939
706
1704
1799
64
1716
1159
1864
2640
1077
1831
1698
952
1513
2852
2548
1614
455
1074
2194
1691
2750
449
2610
2172
220
1385
798
520
1336
1956
40
2378
1053
1170
222
730
1913
1174
665
816
133
2524
1756
613
1568
1706
2585
50
1614
678
407
824
1950
34
109
406
2838
22
958
152
643
48
2328
2144
630
2849
2654
2289
1740
2695
743
2092
1353
271
2398
493
2735
137
2000
251
1268
40
2707
2625
188
2561
2043
1826
1162
2469
2975
399
1357
969
2468
1494
974
2131
2518
2102
778
742
2764
1346
2809
2088
165
859
300
1088
1079
2576
101
567
2835
1549
2532
1449
1259
1949
2107
1307
2176
796
132
2477
904
1424
1097
2849
871
1360
2397
703
2603
2825
2372
2986
141
884
927
1262
1411
603
456
2982
406
2702
2312
1415
2273
120
932
236
50
1474
1981
2119
410
336
1329
2638
1988
1135
1040
1510
1362
194
1680
208
311
1218
559
1641
1310
1600
2356
822
1092
305
2457
1904
530
2849
520
2198
2191
565
2325
2791
1713
2799
2865
2988
2936
2231
644
2409
1711
504
1859
2052
44
766
2327
1356
1020
2061
2688
2657
1381
2789
1893
2749
2798
1657
2836
2045
1733
303
1377
2584
766
851
502
1802
374
1669
2436
1575
986
953
634
1300
446
1965
2418
1504
263
2610
1486
450
743
2496
822
851
617
446
1887
303
2367
2969
2399
103
2520
1443
2896
977
1272
904
2910
2252
977
1927
419
2453
336
1589
2992
1224
1058
1592
790
243
1734
1109
1244
1618
154
2271
2993
1700
2862
870
421
1580
2845
62
431
2225
2958
1747
2327
1818
870
2053
2383
2373
2752
100
1106
795
1710
1728
1216
2345
2422
207
1696
33
1572
1793
206
1785
746
1294
2241
2969
2133
843
2283
2922
2815
1947
95
132
2140
1722
1884
1963
1739
2061
1102
919
1300
142
2704
2526
2651
2088
1622
2561
647
994
2813
1821
2739
2117
362
1345
2042
264
580
2118
1499
626
1436
383
2775
1693
685
734
2583
365
920
1982
1825
1133
446
2161
1831
1023
1860
851
2936
363
1031
1465
1567
899
2481
2734
2260
2964
1583
2371
2978
2978
2936
2485
2347
1323
703
396
2298
946
2987
2280
563
2578
2996
174
1291
329
109
2324
773
2678
41
290
384
1938
838
2015
47
1037
1387
601
1342
841
616
1873
2083
2798
458
1025
1793
2177
594
774
2274
2689
881
87
2014
2688
2041
145
2230
2934
5
1935
588
1310
2281
716
882
332
2969
167
1327
1718
1057
2461
349
2508
1335
509
1849
2742
1348
2285
1753
2544
2807
2670
660
190
709
1118
1614
1935
951
988
1323
1122
153
488
2700
676
324
1134
2083
2255
2840
1395
1924
69
1433
1880
2712
2539
1002
704
1537
955
2913
1602
2118
1929
1739
378
470
1286
814
968
894
1784
2656
2648
1906
557
458
355
40
2891
2292
2687
2735
2552
2811
1481
2938
2411
1032
2097
1513
752
1867
1486
797
1129
1779
2719
936
2222
780
2356
1340
194
2143
1815
736
2834
393
1302
610
158
2693
2716
622
1836
63
452
2505
2444
712
1831
982
830
1706
1819
2310
81
1852
1671
2749
2601
576
1615
2129
2918
1483
520
2113
910
2372
1977
2734
1974
903
2499
2108
326
2990
40
551
620
254
1600
528
1632
1816
2346
2921
2451
1744
1918
76
5
829
2685
181
2043
2471
2365
1102
203
1613
1634
620
1886
315
489
468
2570
1340
1202
333
2145
620
61
741
454
1105
1285
2916
2717
2507
2609
978
1503
1259
2551
4
1854
566
2628
2937
1364
1401
2207
577
2413
2110
455
2177
2977
834
2049
1051
254
366
909
2196
231
367
2237
2878
991
805
1099
1430
63
487
2779
891
2111
6
2888
1312
1023
143
264
1135
2184
1001
1996
2539
978
2710
1710
1092
551
909
823
1839
331
903
2926
189
2077
2444
726
2995
2713
63
2409
2723
1488
1735
2521
23
2440
542
1706
513
1248
101
1011
134
1255
810
429
2405
665
229
1197
2376
234
2165
248
2560
2529
2906
716
618
2011
120
2804
801
1029
1838
2818
678
1495
1644
839
2822
1760
1490
546
74
2848
2160
2825
1121
2075
2841
2353
1035
1474
1235
1703
1750
2684
1661
1578
1695
5
1995
2257
864
2001
885
589
920
1008
2205
1697
2626
433
664
2470
208
1570
1640
96
1939
1288
1217
1807
1098
2872
666
2755
2688
1433
2738
269
2908
2422
2297
803
986
2788
211
2027
691
23
1465
2375
2306
2184
244
320
1126
1792
2676
127
1728
1383
853
969
2789
2597
1495
1327
2312
810
655
1172
2629
500
574
1110
2278
1746
2521
1183
2801
583
1732
561
594
1422
1680
179
201
939
2900
2975
1081
1606
2694
2175
1682
960
998
19
2554
1323
1793
832
946
780
43
1785
1463
285
1345
1939
838
175
1418
730
1352
1080
2144
1005
1617
2016
2661
2768
1171
2076
165
206
2897
1532
2421
2179
2179
2878
343
2977
1198
1678
1542
58
6
1011
2332
2846
2242
2046
1867
1055
1929
538
1720
1108
2550
1255
987
1900
1473
1385
109
1013
2011
813
1265
643
2350
2281
2294
2159
613
1430
2675
1038
726
1488
2279
612
1295
2773
1915
550
1337
1986
249
1817
2471
2199
37
1315
2354
2063
1242
1602
1112
2216
2982
182
92
688
746
1550
1210
181
1142
2437
1086
2292
867
1463
538
2083
1874
1222
21
1253
1555
905
2526
2889
643
2796
1953
427
899
2387
1180
262
1803
2695
1487
2906
172
2329
1655
409
531
74
2538
504
2290
2808
2725
2888
2061
272
2152
2966
2980
2457
1851
705
1911
2960
2145
1534
1773
2677
2293
263
426
1641
508
2979
2347
1399
2736
283
1720
1864
2631
513
1559
516
2024
2971
1788
1565
1907
679
2865
1969
1093
2708
2114
101
553
780
1652
2786
1843
2647
1453
307
955
1370
1265
2435
1211
2119
247
1632
2996
1928
1514
1218
2242
1480
1164
2707
2830
1507
1499
1670
2625
1303
2278
1152
1772
2626
476
2218
1896
2187
918
1156
241
1062
297
281
2434
663
563
1568
1565
1110
85
76
955
295
2895
986
2729
1586
368
456
1763
128
2391
1268
899
11
2164
2310
536
1844
1343
151
1951
408
2568
2592
1900
1570
1091
1415
2852
875
1012
2825
1879
2700
622
1116
1026
1003
2391
2854
2282
807
351
2974
659
712
1256
472
2102
2155
1794
1354
1987
841
189
1250
843
1833
579
1794
372
1176
708
82
2405
1217
2823
2026
2740
1551
718
359
1928
1026
2538
1788
2250
21
1787
1352
2382
2678
645
1046
2237
969
1683
1758
151
738
1721
1857
522
2762
2512
2570
526
2957
245
872
1359
510
2085
292
1458
841
1255
2993
1722
2859
2107
1031
793
529
20
2577
1104
1043
2470
1369
1577
257
2005
1899
1292
838
774
1196
2089
139
2158
1998
2522
1583
720
408
1437
222
286
1504
374
1590
1026
2692
1706
2313
1846
2967
2969
1144
1370
1456
626
1333
814
780
2603
2889
1720
1709
1286
357
1823
692
1290
2446
1850
305
551
1350
151
307
1556
625
2949
1355
2676
1635
2768
1159
2282
1018
909
2817
250
107
2978
1369
1641
165
536
375
2610
2517
2089
1459
274
2715
2929
682
1512
1973
1091
763
1448
1422
1382
1142
510
800
1876
2956
2201
1223
604
2446
596
2235
2010
1615
1902
2531
2726
2018
747
2741
2056
1916
710
2303
993
1122
2001
129
1905
822
2115
1037
2996
2374
351
41
2879
1663
2068
2467
1969
2491
129
1997
2227
2906
913
1522
315
2201
2244
432
1939
59
1753
854
169
355
2441
1789
1660
1024
1084
1114
1475
145
1188
1327
1405
826
905
509
945
463
671
715
1808
1398
1983
1993
1823
1242
562
216
2340
1772
2454
88
2958
1200
1112
2014
1511
1188
2236
2452
2652
1744
2379
2528
1209
522
1760
1881
1289
2032
2194
1949
2052
2146
1068
1570
1644
516
333
2856
1885
2063
507
1235
2659
2075
1034
711
2874
877
1873
1779
486
2892
2375
1781
1233
2216
1835
486
1901
1854
104
2361
980
2932
2275
2086
2605
2115
2659
1777
2685
1511
1759
1902
2770
1688
2540
2842
2497
366
831
1097
2365
162
2790
798
1758
1984
1783
221
991
2310
904
384
1673
7
279
2786
2708
2000
451
1384
8
2387
376
2071
1803
919
2604
1088
2664
478
635
2789
308
2924
1003
2883
1768
315
2311
312
330
1346
2829
1924
700
784
2234
2535
2395
1837
2404
2412
1059
1981
38
1192
575
2233
2825
1904
2351
1307
1081
202
1704
882
1741
1434
2300
2587
2893
2366
305
2310
650
2521
2536
822
1716
1484
865
199
1883
1273
293
206
1811
1236
561
309
451
1372
703
2627
499
1039
2047
2441
54
2707
2390
596
1487
388
2715
2095
1682
683
1002
978
582
1811
986
817
1879
1324
990
738
2218
854
1034
2884
329
2656
1982
2473
2959
2565
1576
2077
1178
368
505
150
996
307
211
2804
762
656
853
1009
2425
1289
1230
949
928
1876
2034
2739
590
1385
2769
2082
926
1493
777
659
2885
1274
1379
421
2813
178
658
294
1859
40
309
1781
818
1529
1746
1395
1171
450
2764
395
499
1220
1038
1788
531
1805
1468
190
1964
318
245
2753
2265
921
574
2220
1994
2442
1326
2080
987
1211
2761
1765
981
1499
1780
277
651
1184
1869
1345
594
2532
1867
1726
1857
2696
681
203
975
136
2957
1882
574
1154
35
1990
2999
172
1430
1136
2232
2206
2963
2975
544
1511
2986
1248
762
1299
1475
2772
334
1926
861
2327
1422
2129
674
445
673
298
2935
180
267
1456
2209
331
594
1841
4
576
1559
1887
504
2453
2184
1108
374
32
33
1865
1938
1387
598
1286
1814
1544
1159
1960
2227
568
82
944
2169
2109
1041
1157
653
666
2063
1517
298
1814
979
1473
1443
18
1120
209
1173
2152
230
615
680
1626
559
574
34
787
2878
391
1034
905
2396
2684
1552
46
1516
2947
2916
2300
1350
464
976
922
885
1698
2987
2257
777
559
993
331
112
98
512
1608
1263
2644
1232
2114
1933
1589
2141
1832
2235
1396
1615
435
268
590
2033
1225
2582
2808
401
2300
2018
2690
2868
778
1262
2140
1854
1476
1725
15
1848
1004
782
1963
1726
2303
444
2379
303
2854
2854
181
2456
2709
1665
1921
215
876
1084
2115
1511
2699
1965
1268
1074
1144
2589
1697
2280
2036
838
999
2853
2463
2047
940
2244
1635
2747
2004
2522
2043
2278
111
2717
742
2562
2413
1356
1882
2740
463
2903
1152
2490
309
2135
1907
1053
28
3
1771
2045
755
904
365
2104
168
243
1965
48
1212
2361
2127
705
5
2833
516
864
657
440
2538
2289
809
46
504
36
1030
6
1840
400
1128
2805
2339
2149
500
1782
449
1535
1777
1127
2765
773
228
2712
882
2938
2859
955
1069
566
2983
504
620
2440
1310
321
2521
497
658
2541
758
37
650
2478
865
2130
524
215
1407
2995
473
2022
1285
1430
1229
594
2641
343
2330
2567
2383
2751
1724
1772
375
1089
718
620
1741
805
2884
1353
1387
831
1424
235
2308
2948
2108
2379
2998
2434
1881
301
751
683
1398
563
1818
2792
2
2742
334
1272
575
623
349
2696
71
1219
501
941
1758
455
775
1732
2279
451
1625
1566
594
1203
972
9
2609
1306
944
776
1374
1019
596
569
1957
2882
1911
2705
459
1774
743
861
482
2212
494
564
942
1968
1650
52
654
1360
1342
1871
777
2479
2111
2547
816
1286
76
2191
1754
2548
1999
2529
1303
594
147
2671
2220
2091
2909
2014
2673
1566
353
2001
368
2141
1290
1583
1840
1131
900
2415
2129
415
2076
2125
1952
2385
726
135
1270
2155
1741
1635
2411
1220
1832
1383
987
2665
2057
413
1448
882
2001
2753
910
2745
992
1522
2887
1597
1185
688
214
1882
1700
2776
1449
1193
459
15
321
246
2842
2484
191
1262
2449
1740
515
2466
1111
909
2522
1048
2989
620
1732
807
1552
80
1846
927
884
1015
1381
1657
2220
877
2645
2334
1200
1703
784
2092
1156
654
860
1092
1999
12
1356
1371
2042
1864
301
2800
731
888
2659
370
2350
2417
1106
2722
1198
2247
2121
703
2853
268
1869
437
253
1832
835
659
102
2355
1007
197
2232
992
198
2321
1833
1747
372
1615
886
2025
1185
1768
1198
1195
1620
663
1725
1965
1375
1842
1486
2291
1539
732
1735
2313
470
1209
1398
34
171
2302
2195
815
2343
600
1722
739
546
341
519
913
123
828
931
2733
2687
2478
2912
2719
1018
1401
375
280
2832
598
812
1635
1173
1025
1053
242
1648
2834
6
255
1175
2980
1455
2317
1770
906
1044
2174
419
331
2722
546
2940
989
1124
592
2482
2280
2308
2192
20
1418
890
586
964
2899
375
2350
945
464
2230
1812
885
1269
548
2480
1040
2094
2126
434
317
2443
46
2735
2335
2816
556
620
1312
1867
593
1616
396
424
136
2434
352
576
1252
1336
1166
1800
1723
2358
2050
2412
2832
375
1309
1102
1730
245
853
2766
1487
864
33
1466
2332
2163
2747
2160
2709
1694
1421
154
2592
1699
1419
1179
2619
246
249
1744
369
2333
2644
2425
1474
2578
2196
2541
1412
1038
855
1118
521
832
975
1838
715
1733
16
1587
810
2554
845
1323
1987
1300
2339
2258
984
348
2556
1598
2237
2560
2256
1209
2867
1651
2779
1106
2947
2889
1846
604
57
1814
778
170
1435
1977
411
36
1817
1954
747
2591
2235
1428
2675
488
1825
388
1093
864
261
1622
1040
100
459
2615
2870
2201
572
1130
2026
1835
700
1348
261
149
2082
1241
2386
220
451
2910
754
831
158
1944
2429
1791
2071
1298
111
1735
2070
1346
2843
592
947
2170
712
1040
1130
1325
2678
2821
204
1112
1768
1414
730
2419
1964
310
1545
2244
922
788
1353
2634
484
724
647
2697
974
1210
2809
1709
322
932
2327
135
656
2519
2998
754
1450
2668
660
2483
1498
520
259
2960
355
147
703
2820
2936
2966
1241
2469
2657
1859
2913
1098
807
2695
537
2458
2845
2490
301
2296
2579
61
1604
1838
2241
2617
2015
1059
141
900
328
12
2831
1525
705
793
314
2365
2379
2735
127
672
2811
2272
1970
1550
64
1155
1019
717
294
1495
140
378
655
1370
1324
2649
2892
144
2609
857
1784
1830
1110
293
2371
692
690
2478
2794
187
1656
2261
367
2594
369
2665
538
703
1739
766
934
2695
2995
2035
65
611
31
403
356
484
658
986
1273
283
1417
1731
45
2513
1109
396
58
2602
847
2975
1270
2921
2101
2730
1015
2077
750
1477
381
341
1960
453
1538
786
1057
1881
2086
2381
1403
2113
2622
389
983
710
2497
80
1711
1241
363
2919
615
795
599
2220
2451
573
2602
36
1537
1646
348
1928
2561
1341
2045
1854
2211
582
1281
1889
2410
1130
2663
2873
767
738
571
2933
1779
2588
76
5
2148
2698
1774
314
39
1438
2292
2206
780
480
2406
2426
2436
980
2981
1954
1273
2489
920
2204
2269
1526
1939
2834
2826
934
2127
273
2131
1396
2935
2202
2925
1454
2169
670
849
619
853
2967
230
1871
2806
2472
489
1650
2482
459
2739
19
2420
1499
150
1346
1353
214
1420
435
1328
1082
1599
2587
222
1978
242
1043
860
1431
1612
408
756
628
2649
713
132
99
607
97
1232
622
1573
890
2071
320
1308
622
956
1700
2272
2044
2343
148
147
194
331
9
1757
266
664
667
1372
1508
2764
2210
1476
1693
2516
1753
39
943
613
2619
814
275
1551
996
2886
1629
2045
2481
472
721
140
362
1585
2296
2209
789
2116
795
228
276
1900
1242
2166
1170
717
2503
2294
640
2974
2959
1380
2331
2255
1312
1640
1102
2825
2607
497
95
2800
1613
636
2270
1908
947
742
1190
639
2346
1242
181
2098
1085
1533
1081
979
291
793
2133
2137
2349
802
492
1304
40
2699
2839
916
1443
2822
398
337
1638
654
1475
1883
2600
216
1380
754
1551
1289
2616
1144
2268
1360
302
438
1624
377
345
712
954
886
2831
1642
2965
215
1923
1659
1422
454
1490
1063
2442
2513
797
1229
845
1702
2635
1664
964
2328
692
1049
1621
1144
27
2573
1049
481
1918
2755
1000
1686
895
848
1774
395
436
346
2512
1102
659
609
1306
83
1682
298
833
1923
1227
2110
792
2903
2699
1813
118
1955
2988
2977
21
2719
580
2186
139
2733
1442
994
2180
348
2170
510
1502
1213
1887
2649
790
2902
2569
924
620
78
25
958
1070
2710
330
2309
495
2328
2086
2507
1504
883
2436
1005
985
2726
1948
1548
361
2197
1732
1078
1580
553
1227
2776
2827
1979
1800
2660
42
2025
2192
1975
2030
481
2531
2310
1629
2893
2525
1875
2919
2490
1108
1647
2470
664
2240
1134
2796
1884
2506
2255
1845
2005
382
1075
2744
1322
1352
699
524
2306
2881
1198
2780
2146
275
2655
2910
1448
1313
52
2229
936
2992
1214
437
2879
2271
1087
1878
1341
209
201
2003
1097
1489
1179
2459
1537
730
66
562
2674
816
2792
1295
1690
1011
2846
242
1498
2794
2663
1343
2944
1462
276
88
2870
1648
746
1105
393
351
1704
2633
1241
889
2305
1555
237
2281
641
1037
1133
996
1630
356
2304
110
1308
624
2973
205
319
1186
2474
2065
1767
2726
1721
1160
1937
1974
738
546
1317
1667
1316
2489
232
2947
2111
1236
104
1576
196
242
199
2131
394
792
972
1271
828
1465
2725
1018
135
2250
6
1169
407
2295
1947
872
1862
249
1786
1098
2311
2060
714
976
1866
1908
2109
1443
2880
2768
2290
2979
2827
1907
2594
287
365
2352
838
2605
2436
2530
614
695
1950
2126
593
1890
2357
782
246
1764
2567
1032
2465
2047
1547
1650
830
1074
2994
1159
1846
445
976
447
1573
2316
138
1109
2499
91
2965
1565
1684
1340
1376
999
1334
343
2266
1695
1547
1971
1279
2146
362
1750
1850
2146
2961
1279
2886
1441
806
2070
2676
1729
1490
1190
1974
2292
1122
1451
146
2604
120
1016
1682
2837
652
1421
1816
986
377
955
348
437
2468
600
1724
221
1582
1474
2152
861
2097
2747
1230
2767
1506
152
466
572
1587
2420
77
2354
1999
2012
553
2849
2998
2952
412
1525
2061
1511
40
331
1742
2742
805
1853
2034
1579
317
498
2897
2292
2453
502
1957
2359
1404
1320
237
919
650
2413
1766
852
2107
1573
1586
2524
1427
921
2811
148
2988
2157
2063
650
986
1388
1947
2016
218
1341
2715
2877
2820
2273
2676
2741
699
1650
2293
68
631
2102
1639
311
1777
2573
177
426
2045
957
2028
1326
2366
2711
1033
329
428
2140
2420
2600
151
881
2609
1884
494
2765
494
2462
1893
2459
683
2817
1394
2623
1761
2441
1527
153
2964
289
531
435
2116
183
1522
10
549
1493
675
1070
1747
1047
2104
1996
388
2123
934
1971
992
2295
1780
1271
2586
64
2236
1626
324
2486
1353
473
1312
1091
2603
2231
2600
1337
1384
982
219
2758
1042
1550
2326
10
307
2948
2768
1152
2612
2391
1960
2154
1447
294
531
1197
2311
1743
2315
2932
848
676
2786
2773
1609
2535
785
1307
242
1535
1730
2745
2485
2766
1525
1945
935
1738
1712
1588
2643
1479
2128
493
1736
528
2770
230
711
2603
1653
1644
1596
638
2001
863
9
856
363
378
822
100
1876
352
761
218
1176
2283
1522
2524
382
2348
1237
1141
1233
2634
1627
1336
2420
2953
149
51
1979
2556
2295
600
2332
2513
2503
2460
1634
903
2473
864
24
1125
2012
2042
2357
978
2060
749
497
2095
918
715
2671
2861
639
1691
678
1344
2365
2774
982
2426
1752
1616
2345
1052
2169
2001
2713
1016
1324
968
2829
1680
2488
775
1965
748
1634
1552
1677
1753
2240
1287
1180
1665
2406
360
1364
367
2763
1144
820
182
2943
481
517
1109
2612
1841
1031
1830
974
1348
2760
2426
2669
1144
1076
770
2553
466
1411
2650
1994
840
2266
1557
982
2554
1892
2565
2033
1263
2853
119
492
1333
2488
964
1724
2858
962
192
1386
2907
2051
1754
2455
1882
503
358
133
1664
121
2273
984
309
2373
100
2444
1904
2981
2607
1369
2442
1430
811
842
1747
2308
1006
1302
1290
2796
276
2912
2691
2534
719
1111
2935
413
2402
2528
565
1292
1588
1336
2855
966
1307
188
1357
2696
2838
1001
1381
2631
536
26
2237
1873
1131
1270
2730
2883
898
1526
1281
2612
529
605
2330
1487
2486
613
2698
2345
989
968
422
2331
2103
1234
777
2529
663
693
1382
246
150
1778
824
2363
211
1236
2723
600
2727
56
2762
1084
622
2646
2250
28
1443
675
141
2973
350
2783
1456
1391
784
1916
1256
2327
31
2207
351
728
2904
2890
2371
2356
1980
278
136
2870
1861
265
870
2767
750
2888
209
351
373
2775
94
1540
582
264
2365
595
823
1125
2483
712
2587
1898
1178
482
2824
2513
371
2461
2461
792
1689
1672
2186
1905
235
2281
2897
2650
212
2638
2219
2383
361
441
2293
13
82
172
1049
1900
2099
1002
466
2824
767
2528
1099
690
2048
1438
1611
1654
1997
1277
306
1846
1225
72
989
1771
1605
119
1745
1231
155
1844
2893
2468
2708
628
2897
