289
63
265
4
305
36
139
148
321
95
64
10
302
277
35
431
245
163
109
55
4
321
19
457
498
86
270
20
1
243
148
497
484
99
30
247
78
217
292
298
183
121
99
326
434
19
27
21
293
499
2
134
182
228
175
413
307
235
237
119
6
278
2
312
387
347
3
122
68
145
251
362
365
163
82
208
19
306
51
76
9
26
307
38
427
52
271
162
278
91
64
78
250
158
48
293
460
1
119
218
219
453
24
38
167
2
288
331
101
11
301
415
158
70
45
64
23
306
57
356
98
387
273
103
277
4
74
2
1
246
215
129
41
232
96
105
79
50
337
488
178
165
26
296
442
452
467
33
488
156
262
34
1
210
260
27
251
496
13
179
32
361
94
99
461
3
433
4
10
207
138
283
95
89
305
457
334
202
71
296
319
188
9
2
379
184
157
51
318
170
2
268
296
26
374
296
45
31
180
357
2
243
359
160
27
162
127
152
130
3
19
17
300
3
242
423
36
4
85
55
125
52
52
478
251
313
68
45
207
229
67
221
351
8
432
22
121
37
81
187
2
374
422
18
50
435
209
36
87
399
248
58
360
366
148
196
211
196
50
28
208
453
101
388
434
295
17
64
21
369
163
266
57
78
236
247
11
414
291
467
409
389
77
247
78
58
105
30
209
171
154
232
348
109
407
379
444
93
331
1
42
20
342
139
428
261
16
443
152
20
379
111
22
280
127
212
147
358
31
421
273
58
137
4
196
37
331
39
361
111
42
18
89
126
123
52
279
196
248
315
4
20
1
254
102
67
57
430
25
108
151
395
12
204
26
51
184
200
7
469
69
97
322
20
61
38
32
119
66
143
162
212
1
245
242
29
37
484
230
217
116
211
401
287
62
66
494
328
73
35
313
62
180
57
407
382
317
42
7
19
151
204
343
7
345
319
1
264
53
348
202
469
452
308
474
323
209
199
258
6
171
49
6
162
397
205
70
146
281
217
281
476
15
262
466
303
432
13
318
19
3
437
120
31
95
406
162
65
340
26
10
115
18
291
266
39
206
323
391
248
395
150
115
302
5
68
449
51
326
338
262
281
72
3
56
24
221
82
51
30
234
102
60
5
435
43
21
155
179
159
15
1
110
273
4
375
101
153
13
98
468
156
333
33
226
471
2
60
250
409
427
440
229
19
438
13
174
165
69
1
60
208
182
42
452
299
34
294
304
99
36
246
401
105
183
415
70
39
71
97
3
174
13
68
393
239
131
212
142
97
144
283
93
254
50
175
8
11
291
3
11
351
3
383
405
14
36
58
395
55
60
469
15
149
353
179
281
98
25
25
327
20
264
158
75
133
6
155
315
53
7
107
334
48
53
44
90
30
159
10
4
368
232
95
194
418
217
249
195
484
365
9
14
241
35
25
26
9
323
8
499
361
367
178
444
264
357
17
314
208
69
36
415
280
177
65
360
107
7
6
409
118
131
41
8
281
13
195
398
136
323
149
269
38
402
247
205
392
401
69
359
1
338
365
37
165
2
228
127
446
28
44
112
43
19
475
24
282
62
344
1
1
1
218
116
109
116
155
205
203
63
18
40
1
152
1
300
2
481
26
111
390
191
39
166
216
42
205
332
3
120
5
66
73
4
328
31
76
347
96
390
21
18
381
32
105
436
226
17
21
166
238
483
8
463
278
321
332
288
447
245
61
59
2
59
410
125
469
255
5
268
8
383
482
212
101
188
159
54
46
417
126
9
485
11
206
28
37
208
23
15
169
498
341
18
29
294
52
61
29
144
61
125
342
1
4
3
18
6
155
37
95
348
1
232
215
299
447
395
192
155
200
336
232
417
268
19
340
267
144
10
180
184
190
227
466
435
36
13
200
135
124
77
49
62
106
107
282
318
268
342
383
174
486
418
11
373
455
410
4
471
186
374
45
249
369
212
1
6
92
175
24
185
27
189
247
46
406
405
6
3
6
2
80
98
175
378
287
466
3
55
488
335
473
435
17
371
56
28
361
224
8
284
56
8
208
452
162
118
143
300
146
211
326
280
27
8
8
26
19
421
415
351
276
470
15
328
195
36
156
143
9
7
37
164
370
59
130
63
18
233
92
80
417
133
111
144
451
393
178
226
89
258
347
461
38
128
323
33
63
407
2
221
11
266
220
154
457
29
188
266
380
72
493
257
18
186
233
466
247
121
368
49
398
49
186
184
7
27
31
3
29
132
194
144
191
344
13
152
142
447
379
309
372
4
141
226
490
133
135
225
15
404
316
3
373
70
253
47
190
77
14
409
6
45
200
121
445
96
337
72
396
174
231
223
50
69
155
174
11
198
116
32
252
58
255
308
16
403
49
64
80
16
2
111
1
6
106
112
479
254
460
10
62
300
152
26
217
92
16
382
34
227
201
70
41
24
131
372
43
245
436
4
488
23
384
231
192
9
335
193
46
16
374
118
1
182
110
29
43
254
53
36
323
480
13
153
18
10
98
9
383
430
23
329
316
207
195
1
2
206
43
156
55
253
67
210
59
386
54
132
152
344
12
5
232
1
67
150
5
62
355
276
13
105
2
218
240
7
414
99
20
19
332
55
490
321
189
455
82
1
177
174
371
310
237
2
306
463
210
2
421
73
1
99
91
105
225
71
164
23
213
437
4
322
176
35
10
110
228
210
71
27
64
3
328
37
357
70
251
44
198
78
315
66
447
195
217
415
167
388
40
6
232
153
217
166
14
401
3
77
118
100
491
7
385
6
231
2
424
225
254
26
69
427
272
87
387
156
89
102
30
469
267
3
184
5
136
104
41
190
232
151
150
128
158
114
242
110
24
277
224
98
430
5
26
114
81
452
377
385
199
492
450
72
163
50
29
498
140
364
88
46
221
139
486
1
272
274
116
46
40
7
161
337
1
336
70
34
5
273
6
39
480
3
307
113
1
144
53
363
405
368
363
129
165
96
128
356
47
291
87
19
405
2
172
349
1
73
30
102
84
24
166
394
29
467
26
69
64
183
13
322
105
112
46
107
74
337
4
429
111
1
2
19
91
37
339
14
13
67
233
470
98
21
401
23
169
39
433
392
56
331
382
191
306
380
186
8
495
79
479
382
394
191
139
15
23
409
160
42
294
140
342
13
337
123
283
50
93
25
1
9
82
337
311
195
359
238
319
405
176
488
145
70
214
147
173
52
480
111
165
47
27
51
241
328
45
33
196
150
84
76
93
46
97
5
2
172
27
495
63
12
12
7
453
150
387
70
1
256
140
164
496
2
9
261
10
81
281
33
214
136
211
85
5
76
102
232
408
335
52
287
201
154
346
2
398
390
209
23
45
1
255
317
278
210
8
12
61
446
342
47
474
21
52
365
31
84
328
18
176
453
234
477
5
108
394
52
29
197
2
432
1
76
44
148
5
450
219
419
82
20
45
43
3
37
118
243
3
22
339
145
10
303
274
13
431
47
144
212
9
146
254
5
287
165
160
172
10
36
12
344
16
27
474
127
2
7
200
441
68
127
283
146
34
12
255
173
117
39
75
204
36
33
203
345
54
152
159
131
39
161
125
346
80
30
6
249
116
377
440
407
270
33
83
18
382
135
5
25
7
400
351
28
457
73
452
5
88
201
242
323
256
74
217
199
195
264
468
66
251
13
308
40
56
4
259
64
253
112
496
96
183
8
82
78
396
486
182
10
239
182
87
28
17
422
5
26
38
20
9
310
8
40
190
3
398
140
132
80
89
25
116
78
105
221
221
72
60
33
39
398
108
240
470
8
273
256
167
43
2
23
231
148
95
471
64
451
143
2
191
336
493
97
27
426
276
199
106
498
118
241
1
4
256
423
17
5
78
256
65
258
2
429
166
479
29
451
1
390
19
114
328
1
122
444
15
8
173
162
36
115
216
244
222
2
482
410
404
24
205
109
197
76
52
21
393
20
41
2
32
164
267
284
490
493
120
106
1
147
1
253
465
24
51
281
383
21
240
483
361
146
37
409
89
327
249
30
133
270
389
48
37
159
330
99
86
37
78
230
48
134
360
137
267
160
268
4
1
17
260
37
260
357
35
107
108
149
43
1
11
469
104
134
30
173
11
154
116
131
3
176
244
212
1
4
99
88
211
212
1
111
212
486
59
113
198
382
72
4
317
276
95
64
10
154
263
320
118
31
230
3
36
235
142
177
113
255
116
235
434
248
40
14
93
352
425
355
12
3
73
156
330
50
27
383
30
4
222
16
356
271
178
34
15
31
425
147
17
379
150
98
15
12
58
306
56
279
1
98
4
441
10
123
346
305
7
27
29
46
247
475
41
485
153
461
132
6
16
238
49
330
337
227
288
302
405
266
58
471
18
45
25
373
90
134
35
279
384
158
3
253
160
4
17
299
238
295
19
170
183
26
167
112
80
368
12
162
42
1
134
1
4
71
233
6
13
212
4
423
216
242
123
8
5
9
22
234
35
41
48
54
13
200
25
21
4
84
137
244
323
304
12
348
54
6
143
217
120
4
470
227
21
38
116
445
368
441
353
1
353
4
16
117
155
480
34
281
466
85
208
2
286
338
30
73
239
375
91
23
33
20
11
427
7
181
16
2
75
147
105
310
215
21
261
1
21
1
79
38
9
4
59
185
3
282
49
2
6
3
387
1
36
418
25
1
288
134
207
12
216
289
473
125
92
88
40
396
8
160
369
3
282
425
45
435
72
257
260
109
2
118
18
47
481
478
71
312
207
22
63
61
52
299
21
88
277
316
208
21
35
207
281
31
329
185
1
76
321
456
81
437
2
226
180
95
371
427
61
170
4
49
27
45
28
67
49
225
160
22
39
29
205
55
2
2
18
166
5
115
98
90
32
11
213
174
25
483
222
54
253
130
273
115
15
289
87
77
244
365
87
111
387
5
6
232
67
98
92
220
215
414
54
30
142
476
422
12
273
2
6
122
9
121
448
296
453
145
106
134
64
15
6
487
400
124
21
1
390
27
392
110
481
194
460
309
10
14
73
423
12
490
117
392
342
343
35
399
21
3
354
197
47
251
127
331
282
304
448
53
32
19
75
306
284
181
187
313
137
134
378
28
73
24
54
217
130
55
323
55
290
393
369
59
193
4
35
276
99
389
476
29
460
37
341
484
19
356
241
214
145
151
4
147
23
123
237
3
33
78
7
189
484
216
48
257
8
19
414
76
3
13
172
104
277
10
3
151
97
405
336
107
482
159
107
499
409
58
7
165
120
85
156
100
73
88
11
16
77
41
65
112
212
12
229
43
34
184
60
57
10
161
216
497
125
3
228
217
16
123
10
10
62
264
50
233
34
157
20
189
213
5
237
366
55
287
192
413
388
25
41
30
401
162
468
99
40
290
42
234
86
466
13
92
81
476
440
19
310
65
25
337
115
251
1
25
218
83
312
129
33
1
15
154
100
48
151
48
26
166
406
67
54
261
67
373
440
4
4
223
122
8
351
6
256
241
464
350
2
128
174
356
299
3
334
17
116
199
69
68
397
364
41
136
23
108
84
226
2
29
391
384
8
10
139
105
8
6
47
214
14
13
216
462
2
33
4
411
383
239
235
372
209
154
169
180
199
280
347
152
237
72
454
278
339
372
462
105
420
38
87
289
2
5
242
106
10
144
6
77
29
135
2
227
26
253
193
425
78
15
8
351
394
25
10
110
203
445
500
7
262
115
23
303
127
44
94
40
167
221
27
92
123
358
94
116
262
175
465
141
244
435
217
165
52
151
400
55
193
4
406
421
449
92
4
94
440
415
406
18
77
98
379
420
136
82
3
419
2
1
145
33
478
69
4
195
334
330
54
146
27
277
45
12
19
489
119
352
307
147
99
82
17
197
492
16
52
100
3
285
447
133
451
335
59
12
235
451
333
47
13
166
48
100
66
283
106
47
251
290
17
121
44
51
61
288
60
42
240
273
58
86
78
30
182
318
10
338
194
7
94
44
111
219
107
2
100
174
99
228
37
48
10
500
201
377
145
3
51
259
204
28
134
314
1
180
93
69
122
12
498
154
7
6
451
165
221
21
174
402
24
333
458
386
182
65
295
328
259
9
298
1
191
180
149
68
152
91
239
196
223
15
140
304
314
211
430
336
117
108
23
52
458
4
428
194
9
144
312
3
143
422
400
453
369
59
220
13
488
43
60
213
423
95
485
104
128
148
315
182
52
284
170
77
398
254
1
34
16
109
11
449
32
465
38
392
105
484
8
230
369
330
32
73
365
392
2
222
335
117
1
266
67
401
89
334
124
251
58
439
2
355
296
451
59
102
372
26
72
141
269
15
242
72
38
257
3
114
341
307
1
446
414
62
62
68
125
207
453
1
11
442
163
175
185
65
7
415
294
344
419
237
158
407
39
96
281
5
33
242
117
257
84
402
5
9
251
321
116
22
40
130
97
64
183
21
170
208
39
13
314
46
117
2
40
141
272
89
58
274
1
204
334
4
3
249
51
1
279
158
8
157
383
71
311
162
1
124
4
217
2
16
87
161
433
35
450
440
16
92
481
109
24
28
117
92
239
205
164
220
147
52
156
38
370
19
147
2
35
65
71
82
67
212
98
48
198
72
160
126
168
194
140
490
30
330
248
19
360
37
40
275
295
480
483
188
41
331
136
267
23
284
170
341
445
349
2
110
215
366
274
433
82
50
259
359
125
196
134
421
4
386
31
308
73
246
10
257
71
224
15
88
34
1
3
12
404
376
293
26
234
157
198
44
330
291
52
291
41
256
205
57
17
305
2
245
98
105
251
53
66
18
11
96
46
2
482
247
141
498
154
478
320
174
96
375
205
4
196
3
417
393
126
246
345
3
8
481
113
77
440
167
269
11
25
72
492
48
258
49
452
78
414
71
302
22
155
5
45
268
104
393
441
245
113
338
257
62
1
466
370
282
389
338
307
107
331
55
58
363
63
57
30
465
152
4
163
158
7
87
440
224
62
11
270
132
3
461
249
22
111
440
139
357
1
40
109
253
273
33
492
162
196
427
4
136
102
39
231
416
2
364
85
124
148
110
314
56
82
341
126
222
73
234
7
12
7
48
133
280
55
461
150
76
97
1
198
180
276
86
158
47
81
40
151
442
298
179
7
148
8
60
384
351
69
128
88
5
52
15
56
424
369
1
55
187
93
33
335
377
42
95
87
73
216
60
1
3
146
11
227
9
25
28
1
37
76
262
6
189
11
71
500
238
156
81
24
226
162
373
335
356
56
352
67
327
1
108
241
69
102
478
61
132
187
356
187
94
152
8
19
197
201
52
341
203
154
292
77
152
387
1
251
227
72
381
30
250
471
116
220
301
110
407
181
229
451
408
357
8
11
186
295
6
78
137
497
72
333
460
4
121
24
30
447
51
272
395
7
71
366
180
28
100
32
227
14
43
54
309
1
3
183
117
4
14
156
1
100
132
42
120
116
149
334
99
297
64
314
124
177
36
34
5
152
1
83
24
145
1
271
1
391
398
83
235
53
452
10
120
219
491
259
101
371
98
1
79
30
28
42
386
255
149
13
28
400
138
257
1
46
152
216
7
233
273
62
386
1
78
465
229
5
160
156
285
188
325
13
43
415
239
117
201
73
63
160
491
184
314
304
290
186
89
15
256
53
57
164
95
159
454
177
75
153
2
161
92
222
15
14
197
139
86
15
271
149
262
3
29
74
15
379
138
29
47
303
16
293
56
100
117
99
467
170
26
387
2
68
396
1
234
337
27
182
208
371
23
175
5
124
271
12
47
374
235
302
250
135
146
473
418
20
25
194
466
89
109
26
327
251
340
15
291
12
95
31
398
40
289
45
334
70
448
8
42
158
446
235
273
396
31
8
36
7
278
4
236
231
113
11
250
174
389
144
248
474
81
194
77
321
374
426
19
1
133
243
260
26
1
354
251
219
28
14
134
23
195
267
269
429
130
465
84
195
4
218
8
406
336
285
344
279
158
63
254
16
250
284
239
34
13
128
160
35
45
116
106
405
443
14
291
3
281
170
22
28
485
2
462
135
40
43
191
400
244
334
74
285
103
368
46
117
35
400
154
121
108
1
492
236
31
226
312
73
186
11
156
303
183
76
410
232
451
108
455
318
395
42
343
370
363
200
15
433
34
271
181
3
135
67
31
477
125
205
1
34
25
1
314
83
66
260
67
97
35
143
59
183
416
211
293
158
120
22
319
401
4
177
2
187
378
46
383
362
436
269
239
75
334
47
154
326
44
13
185
15
186
22
129
109
71
24
360
154
194
279
14
172
3
460
35
336
370
10
135
36
1
43
113
80
16
62
73
4
252
266
305
152
455
438
441
22
129
60
8
128
38
166
218
164
319
286
13
128
353
417
410
24
211
176
2
9
303
220
1
25
26
90
321
428
3
279
472
2
231
17
42
48
294
460
115
115
431
111
52
346
237
277
287
5
201
60
33
175
166
4
115
351
457
12
21
60
192
11
241
184
97
54
85
1
104
364
216
35
110
49
130
334
31
336
493
312
31
36
137
6
166
65
115
21
195
373
35
410
38
67
328
498
368
8
7
382
132
166
31
350
180
276
475
79
16
213
353
187
275
455
8
257
138
45
193
75
7
4
171
441
29
45
44
70
134
1
450
95
27
70
67
150
315
9
119
355
309
37
25
188
5
1
175
259
2
433
6
337
2
322
317
86
174
11
23
31
240
379
242
6
128
464
6
381
27
435
40
64
396
162
26
18
230
20
420
328
2
76
72
426
39
331
59
280
110
145
41
8
263
48
357
111
309
188
83
75
1
54
213
74
261
67
123
7
188
338
482
470
155
140
1
83
74
62
3
10
446
246
141
67
281
3
398
18
398
246
2
3
80
67
128
6
150
60
32
3
396
183
23
440
112
432
112
157
4
71
439
454
64
114
225
362
177
45
23
59
13
1
31
174
81
62
63
163
403
246
452
46
459
155
239
219
42
241
306
17
1
36
404
52
488
113
112
188
30
19
2
109
243
349
220
293
23
22
335
193
1
24
371
75
142
243
37
268
42
75
389
314
162
499
41
9
111
344
85
1
45
2
162
42
6
83
234
342
227
1
43
37
161
21
418
334
3
32
180
462
8
332
40
215
41
105
488
13
1
254
232
15
326
447
454
20
251
258
36
82
11
385
21
184
289
472
37
288
53
229
51
429
354
307
36
328
299
137
110
302
188
5
28
490
138
82
46
22
249
119
415
142
11
433
206
202
419
1
151
30
44
128
251
113
93
15
173
415
217
11
5
26
67
156
40
82
211
301
119
415
38
165
1
17
371
187
215
153
161
48
443
70
29
294
69
230
132
103
401
68
15
380
12
270
312
72
264
469
305
72
218
235
80
119
217
364
15
2
74
32
131
243
28
118
202
258
31
92
266
411
130
211
121
2
401
32
1
295
395
8
97
393
279
66
4
19
70
355
85
140
6
348
13
6
25
247
2
203
59
391
241
449
19
158
305
261
125
269
370
40
4
337
60
204
20
327
384
155
52
283
369
388
76
50
439
39
203
188
471
18
57
487
289
191
132
1
321
436
69
208
73
99
66
70
167
306
41
28
191
185
328
185
5
1
300
281
21
55
169
54
326
52
468
9
33
41
489
157
2
89
282
119
176
269
154
134
477
386
339
212
1
249
154
346
44
63
466
4
419
381
388
409
123
31
249
232
350
180
322
10
159
62
271
4
200
11
412
3
26
7
2
23
314
3
93
21
133
96
71
54
417
74
22
97
382
182
416
6
99
490
168
323
265
47
84
398
474
422
465
170
329
31
21
2
320
430
233
244
130
79
181
8
23
110
17
72
65
70
77
166
471
30
1
1
73
404
181
185
16
463
25
480
142
121
1
31
283
338
10
25
12
136
229
3
151
56
26
9
281
175
492
267
90
214
123
59
420
5
290
195
233
185
23
30
25
215
30
200
183
373
33
220
93
209
450
19
156
139
375
270
65
45
257
208
208
287
209
2
118
4
487
235
341
122
224
431
41
395
30
46
439
347
117
5
63
14
74
90
351
176
63
170
249
327
11
202
134
157
129
242
99
110
158
421
382
81
316
170
36
145
6
448
123
54
125
424
56
427
200
11
239
48
266
471
252
484
16
238
64
87
80
97
159
50
278
480
173
89
150
69
17
12
228
88
346
13
159
394
59
313
195
317
1
58
402
71
95
113
153
211
14
5
117
41
20
82
13
1
42
19
236
36
448
221
398
163
382
149
1
431
191
285
338
311
282
237
103
17
1
399
42
217
351
469
19
210
10
298
59
279
297
37
379
43
336
99
266
396
469
421
170
15
294
182
231
9
122
135
3
337
1
2
488
97
17
45
46
111
5
290
161
55
196
52
282
386
74
45
37
69
2
74
305
184
14
83
99
31
205
121
81
315
338
157
440
83
76
134
230
374
89
1
4
4
278
332
3
206
21
164
70
20
214
132
315
307
338
88
340
32
40
70
196
4
9
3
470
236
432
154
438
126
442
140
229
202
64
62
284
180
182
52
395
177
8
126
76
81
128
468
79
1
89
403
9
76
87
419
2
33
357
493
88
13
78
239
187
79
390
9
31
213
437
343
39
17
406
10
283
313
371
81
311
114
350
462
3
121
191
6
14
49
14
226
89
208
121
88
80
431
57
93
43
325
226
483
1
87
6
298
424
387
394
220
17
148
136
135
344
176
127
354
445
304
368
136
151
45
7
461
72
3
76
49
149
158
170
90
281
113
322
11
41
198
426
256
234
481
364
1
2
165
332
159
12
64
97
16
6
89
188
326
1
5
328
329
382
14
5
111
448
107
68
40
79
403
275
155
361
45
137
498
146
297
355
429
106
4
39
41
121
449
41
60
284
19
87
13
125
488
5
32
238
240
144
127
429
397
10
1
4
21
1
39
3
170
103
226
35
11
244
23
72
312
334
2
2
301
167
450
249
117
472
100
194
462
2
140
392
127
409
311
107
174
470
3
32
19
31
224
389
467
341
22
13
477
28
102
55
120
291
7
170
96
48
182
472
396
12
122
129
87
8
137
464
24
70
376
51
273
27
444
443
252
186
193
1
213
237
34
134
53
264
81
25
163
404
1
267
135
156
65
83
406
1
42
371
143
489
16
198
401
5
133
2
186
93
4
3
210
117
77
347
46
11
23
53
75
44
29
134
12
185
203
263
455
483
139
92
99
161
202
412
171
477
214
89
117
1
11
24
272
25
138
222
197
481
54
84
277
246
141
294
82
214
265
67
40
1
219
33
44
10
134
197
65
309
226
18
178
416
261
165
256
459
209
136
19
39
3
197
79
2
25
169
255
77
187
8
39
136
163
234
398
497
262
99
90
173
8
27
301
338
404
94
163
341
372
29
463
291
1
250
140
17
160
50
143
45
46
1
482
468
56
128
473
324
273
92
197
245
15
153
343
2
113
6
430
219
74
481
22
327
317
168
178
483
255
91
74
189
37
143
2
5
310
130
374
130
97
126
6
27
160
292
156
128
134
252
389
358
240
297
331
10
3
63
2
4
196
35
134
8
2
178
35
155
304
346
165
1
248
95
463
248
12
38
144
6
146
221
178
91
46
35
224
239
247
156
23
478
123
57
73
30
444
318
83
69
1
49
32
37
38
83
243
440
214
1
6
1
281
84
71
22
231
192
4
288
43
105
454
331
330
454
214
330
105
275
349
63
13
136
185
456
2
249
168
360
120
172
81
6
64
120
65
28
319
223
29
95
138
121
367
341
138
67
403
15
19
1
103
103
46
405
1
14
487
35
273
242
355
122
207
59
176
347
67
153
14
200
240
91
310
473
1
278
290
68
47
90
186
150
72
148
255
13
433
9
79
131
153
297
111
340
3
466
170
146
187
444
64
6
389
41
21
434
414
110
320
12
2
88
260
1
99
220
360
259
135
9
312
397
85
11
84
20
160
126
78
18
336
1
46
336
75
51
269
11
3
288
453
29
451
34
342
197
212
305
405
275
464
78
483
12
17
65
10
11
2
411
53
264
496
11
16
5
259
156
35
479
347
97
311
281
345
9
154
36
46
280
235
18
220
194
416
93
97
304
348
76
270
5
248
399
30
327
52
478
3
293
330
49
295
26
289
82
211
249
14
204
228
428
332
2
314
325
266
195
388
100
26
179
430
84
178
2
99
309
81
19
182
412
92
332
291
248
332
4
300
70
300
89
113
2
462
73
54
13
397
30
366
62
5
347
200
410
242
1
125
295
2
247
4
448
201
246
407
8
52
297
300
495
23
67
364
135
51
23
36
70
166
7
36
240
13
241
181
64
484
209
83
127
177
101
56
168
339
10
2
5
5
176
439
1
17
3
25
195
66
414
494
155
6
330
474
411
304
29
214
313
10
183
377
438
81
417
7
332
61
19
239
21
259
13
9
87
219
6
21
160
92
447
46
70
30
484
281
42
2
1
223
361
113
246
76
3
192
209
262
54
273
2
1
417
13
35
26
96
301
2
500
283
26
2
107
310
246
52
43
203
30
298
37
5
52
66
121
22
465
2
77
17
30
102
214
152
50
29
290
27
184
89
324
285
157
498
209
76
30
7
2
106
76
225
171
356
473
439
84
144
138
12
74
114
45
128
47
33
267
319
335
62
162
230
228
130
84
164
35
7
28
2
272
357
8
477
42
9
202
203
457
208
397
172
320
302
242
12
125
137
4
335
382
438
199
36
3
3
46
302
268
122
136
24
395
331
1
31
46
34
337
10
60
14
3
60
38
185
38
160
416
278
167
5
17
141
10
262
12
7
19
109
54
221
114
191
30
316
23
156
73
31
442
365
31
15
281
59
88
68
56
52
457
176
479
9
228
421
389
123
49
10
249
68
483
88
245
222
199
70
355
70
120
22
26
96
77
126
375
362
483
265
213
64
141
476
227
55
123
170
336
7
297
51
345
166
177
2
11
33
428
3
61
21
115
5
283
228
179
230
4
212
15
483
204
57
8
460
71
8
2
116
94
27
3
149
182
248
47
23
334
32
126
306
13
279
8
23
189
4
7
292
242
353
43
45
59
70
67
42
21
478
319
227
211
197
31
287
199
128
53
417
7
18
252
369
2
109
464
382
50
44
11
77
44
169
6
156
285
124
347
224
493
280
136
4
132
37
293
111
236
390
10
260
316
366
3
66
382
105
143
234
365
441
49
111
15
191
83
26
36
79
17
1
289
153
41
282
123
93
117
318
338
461
366
2
101
231
345
291
254
11
332
120
303
67
38
176
25
149
116
470
402
217
27
333
249
52
450
6
163
17
234
15
154
47
293
13
387
389
307
25
193
327
103
212
7
16
297
174
81
187
23
100
11
78
120
45
11
2
34
51
31
87
421
171
139
9
57
384
139
379
59
1
44
1
115
429
441
118
26
286
62
29
35
125
153
403
148
355
23
13
38
66
423
132
165
415
150
278
105
191
1
95
438
268
30
179
261
300
301
9
243
2
55
254
36
455
285
150
49
19
1
270
36
54
58
148
478
298
70
38
242
310
38
255
36
279
297
37
20
1
422
462
385
71
131
11
32
16
270
42
340
12
347
294
51
3
79
70
290
120
232
110
271
129
225
152
37
78
423
130
49
346
238
223
132
254
66
191
207
136
210
128
95
46
5
299
83
84
455
6
12
112
147
17
55
385
359
1
375
168
69
372
474
14
91
431
140
119
227
16
110
140
288
232
131
8
327
213
31
1
97
430
344
107
299
31
423
1
8
79
419
256
384
134
103
217
307
278
497
411
7
19
95
483
71
102
398
342
326
29
255
201
99
10
164
70
382
382
95
17
32
394
357
30
143
206
143
53
374
157
87
317
13
106
88
240
80
499
53
252
160
47
24
232
11
273
8
34
402
1
24
1
478
26
266
3
177
231
345
319
36
264
401
39
256
472
51
260
363
82
19
313
136
231
122
361
2
396
397
144
221
1
85
39
98
246
172
371
1
260
335
15
68
181
279
355
202
11
26
316
19
466
4
58
21
448
4
309
230
219
43
1
222
72
447
20
480
69
285
363
76
365
7
383
2
80
298
290
398
124
448
479
22
101
346
96
37
449
121
282
5
354
4
39
173
112
153
111
36
35
240
43
140
10
46
5
430
8
497
221
270
277
1
224
412
420
135
165
153
49
49
296
461
127
50
20
17
1
355
95
310
318
478
350
49
294
191
46
100
271
152
31
273
233
460
53
117
10
26
474
177
1
300
387
447
77
49
426
179
134
300
240
163
63
136
38
24
243
26
6
233
5
22
249
7
128
79
49
142
381
48
37
453
16
4
358
310
454
4
329
133
256
55
120
389
335
7
78
424
420
14
89
291
471
291
9
318
164
30
223
94
218
2
495
50
185
161
313
380
6
398
428
487
366
336
1
481
230
163
151
277
424
285
65
137
2
68
206
55
252
27
10
11
54
317
39
34
8
314
5
188
131
32
13
45
10
212
59
7
10
12
21
441
371
171
202
1
172
353
6
274
15
127
331
38
142
132
184
292
43
142
96
239
472
192
8
356
418
122
4
10
80
148
27
22
21
7
26
291
285
66
23
408
276
101
131
426
79
391
221
493
217
11
198
234
168
19
406
274
59
77
310
1
213
184
20
9
225
23
22
375
244
143
286
97
62
22
138
2
229
102
163
64
6
2
153
297
5
414
20
125
452
211
8
110
173
127
252
20
8
468
3
360
169
28
70
3
335
331
138
2
115
117
124
223
115
21
98
45
173
134
230
216
295
315
109
146
112
69
2
13
419
353
465
60
47
191
22
5
10
81
1
38
357
449
15
91
167
12
427
1
96
119
8
63
412
212
482
19
106
183
80
75
354
209
469
221
449
22
292
69
179
483
351
55
224
289
287
63
9
1
189
43
308
301
3
76
11
8
7
378
213
98
163
204
2
215
213
6
10
419
65
5
122
146
173
3
55
199
35
3
188
301
48
99
79
1
1
278
23
26
344
1
21
1
182
143
327
317
330
79
9
85
54
204
367
115
58
8
299
36
84
149
366
472
362
433
492
19
2
3
339
175
86
160
88
316
49
12
267
76
61
351
248
62
22
435
2
35
108
391
125
48
92
27
10
11
441
200
9
355
39
65
10
40
55
2
25
162
85
5
93
432
5
460
399
32
320
376
142
234
178
12
436
241
309
434
92
327
4
101
332
55
131
261
42
6
449
266
13
458
91
16
253
467
235
96
26
84
155
273
447
298
138
55
241
58
1
222
268
201
204
168
250
13
405
90
20
462
201
29
74
425
17
69
118
184
436
153
443
2
21
18
2
107
224
225
181
350
82
249
51
229
147
123
437
160
1
310
451
326
11
150
315
122
129
153
44
17
149
23
278
6
351
453
370
57
97
2
114
99
3
24
459
87
43
30
79
262
493
124
377
8
273
205
143
194
378
414
257
78
5
23
183
361
45
215
380
335
37
6
24
2
392
122
37
42
19
33
94
44
178
119
4
6
356
217
14
40
26
3
128
43
15
8
1
362
42
249
452
166
16
46
83
368
66
39
194
18
297
42
233
195
85
40
24
69
380
188
266
163
381
12
100
82
91
218
490
202
272
27
361
34
17
256
315
143
3
341
403
125
13
23
30
321
365
346
285
3
161
184
194
241
233
492
219
19
14
7
448
84
196
138
67
57
297
65
4
325
343
424
236
89
17
371
137
43
302
195
274
64
464
271
54
261
471
5
270
293
498
156
46
148
366
345
115
59
29
471
79
27
487
170
293
53
322
295
42
139
32
28
199
368
2
428
25
480
40
29
212
46
443
2
223
39
384
10
10
93
16
62
225
54
57
211
36
108
230
100
72
38
14
132
320
438
1
280
427
185
11
136
225
486
30
259
184
247
415
8
332
34
237
287
327
2
94
165
128
223
68
79
47
6
154
361
88
290
309
41
42
258
289
30
373
350
312
494
153
86
360
13
34
184
120
200
10
453
433
349
361
56
50
328
7
309
450
4
247
77
476
385
72
108
96
65
394
193
450
38
42
105
206
319
290
276
100
145
280
109
42
127
42
250
22
152
191
198
9
85
301
2
48
175
131
125
13
413
126
153
214
409
282
500
116
6
27
277
383
47
1
185
394
9
2
340
260
37
1
18
30
37
60
2
207
7
355
63
7
29
102
62
77
201
369
34
310
353
5
479
151
18
231
225
173
293
458
64
332
84
399
27
150
471
391
303
128
191
444
335
3
10
32
192
178
458
19
39
13
326
273
36
242
6
60
188
65
140
8
171
373
154
12
5
55
1
121
241
63
30
13
292
11
376
84
170
17
406
299
1
96
156
341
255
459
273
191
488
177
35
472
72
137
488
111
170
145
43
21
351
16
13
435
151
6
25
287
42
384
16
217
52
437
8
69
453
196
174
55
48
346
2
285
277
394
194
40
157
81
339
192
443
362
248
290
202
39
8
68
249
238
42
120
454
1
237
153
67
197
397
2
266
192
32
163
272
298
314
34
454
2
89
127
34
9
183
8
296
6
152
105
132
496
296
21
61
150
92
143
249
293
22
137
236
119
1
162
35
291
16
180
149
365
313
116
330
32
151
38
55
132
161
244
95
84
320
113
245
476
470
297
6
33
307
366
99
1
144
18
308
137
229
150
180
146
203
46
5
474
52
1
266
481
341
194
66
425
29
494
235
4
304
44
110
121
491
9
85
310
320
374
1
204
355
358
266
129
113
281
458
159
168
17
432
153
41
352
53
234
89
460
3
190
13
12
103
243
71
106
330
1
42
7
461
243
2
81
22
339
151
291
201
438
190
231
346
389
2
291
101
32
1
225
117
138
70
461
60
306
356
191
91
396
361
290
53
52
163
37
340
140
30
195
6
342
46
493
42
133
77
187
4
19
175
324
497
205
421
32
6
30
96
3
30
17
103
151
351
164
483
56
256
147
114
256
191
234
377
31
480
465
498
136
37
37
39
283
256
40
492
97
383
65
272
6
372
10
448
9
297
335
11
77
2
264
75
494
473
422
47
401
303
43
111
264
363
152
400
36
143
346
42
21
283
307
61
198
383
102
237
1
85
70
78
483
281
68
24
474
468
1
464
15
233
185
2
377
317
356
46
237
327
51
69
6
16
230
3
62
131
12
278
230
35
490
14
247
314
114
13
3
239
14
251
489
20
264
484
14
2
344
101
498
254
259
213
1
333
461
437
19
47
108
3
209
3
43
145
66
67
286
308
177
3
79
170
2
91
126
431
79
230
279
87
4
179
8
253
393
425
411
2
2
323
20
391
53
80
295
78
17
54
98
70
26
105
422
310
42
385
177
311
383
236
36
470
419
112
134
41
9
38
7
242
3
293
17
20
75
336
209
4
177
181
153
63
61
385
294
38
82
111
222
87
25
142
42
178
496
178
13
271
7
84
34
396
49
30
251
3
31
30
33
229
415
293
54
331
341
206
197
83
48
468
379
78
304
412
64
255
31
81
231
6
18
240
456
7
81
422
272
107
106
5
2
318
314
289
250
203
28
1
49
47
177
403
123
443
13
343
2
1
28
46
1
85
465
454
186
96
310
226
287
33
66
152
15
37
186
17
293
277
3
2
5
217
290
493
2
453
246
85
63
481
99
163
234
101
62
41
407
219
402
68
316
1
162
59
19
254
168
370
56
81
398
87
11
239
319
5
81
249
57
243
8
208
280
305
223
416
19
438
30
22
34
77
15
117
417
113
414
317
486
401
21
238
422
75
76
15
132
106
28
120
59
109
266
377
33
8
213
394
255
187
174
24
8
40
143
261
118
418
52
32
108
52
113
1
14
383
98
202
52
45
89
79
293
7
19
4
44
106
1
83
191
55
108
68
489
310
187
248
373
141
493
226
32
9
8
285
122
364
472
133
445
11
171
33
310
27
58
160
86
49
236
5
100
10
8
66
16
42
57
223
8
379
1
17
378
463
352
40
428
112
273
270
387
389
246
10
43
88
364
397
13
1
38
38
51
159
72
284
52
67
180
29
346
371
78
24
109
113
326
4
52
16
5
189
221
220
27
290
253
239
29
329
1
337
20
61
57
342
448
13
303
238
86
48
129
61
124
173
330
17
77
193
498
1
14
161
51
1
14
132
113
71
70
28
440
490
119
86
16
9
37
472
33
441
304
32
46
401
87
456
163
186
182
371
301
57
228
22
212
59
242
366
50
433
4
428
156
140
363
1
76
18
412
91
162
374
205
368
42
341
2
41
17
8
10
273
355
4
86
1
299
5
125
131
85
47
446
395
31
146
270
464
125
151
305
136
237
36
449
327
324
422
122
247
110
2
28
480
21
71
326
303
19
264
26
117
459
294
2
101
87
184
8
69
113
28
395
258
487
408
38
370
145
1
473
177
378
410
186
24
80
182
104
14
398
100
15
293
285
185
7
427
34
4
116
238
4
364
489
249
59
153
438
61
24
305
265
248
12
87
2
50
120
255
230
197
433
2
43
477
3
240
174
180
48
218
90
91
272
45
395
469
76
178
22
12
292
273
405
213
18
199
256
103
5
283
334
230
77
16
349
187
21
32
76
82
331
70
228
304
175
237
243
6
46
33
187
3
189
441
116
448
103
69
96
71
87
300
7
33
206
25
41
13
161
337
183
141
367
313
285
423
153
393
298
36
63
149
25
6
2
30
157
104
294
13
40
137
137
376
166
4
126
86
213
411
471
103
68
363
405
50
4
463
43
13
16
171
440
116
1
5
221
256
67
86
314
294
467
488
176
192
159
83
219
112
198
82
180
30
102
456
77
349
10
341
2
109
347
58
22
2
357
42
5
361
226
171
142
90
15
1
43
68
59
308
80
480
74
498
22
409
160
339
224
27
229
377
341
2
64
119
260
151
276
493
43
379
180
104
61
117
222
489
264
13
81
186
112
150
226
261
47
400
313
101
306
35
11
78
258
246
400
12
430
148
361
57
34
370
95
230
422
241
64
193
77
230
266
79
115
328
44
81
9
230
16
424
141
7
86
372
124
13
3
117
476
32
216
18
38
38
433
41
96
67
134
3
80
37
454
459
235
137
183
311
426
421
36
376
402
18
60
178
28
495
194
103
123
51
156
276
146
51
301
62
314
17
107
266
203
50
33
111
369
289
117
19
287
231
82
152
90
13
24
101
106
28
28
11
387
1
404
176
492
191
189
325
1
124
69
291
20
333
43
5
477
224
363
8
54
8
177
146
4
451
128
241
148
183
134
267
7
23
40
367
146
381
3
374
163
85
181
72
23
67
10
133
184
334
60
481
176
185
439
290
306
138
11
26
115
6
460
9
343
3
39
13
10
17
12
55
350
2
84
396
79
159
105
329
62
160
331
141
219
483
170
39
267
343
151
267
1
40
21
157
63
333
159
38
8
23
2
252
291
112
303
58
1
359
52
390
42
362
5
173
52
1
23
205
50
3
40
16
157
101
2
237
31
454
402
362
80
314
228
485
153
350
200
367
62
331
371
268
8
16
112
172
368
33
132
386
362
1
332
18
91
14
337
103
24
116
171
468
26
5
464
253
101
141
49
240
89
147
219
427
368
228
439
386
54
140
81
142
49
422
46
371
378
90
463
407
128
204
124
121
3
338
289
1
1
34
384
78
402
425
43
5
175
241
45
253
356
397
79
319
410
49
4
295
226
307
166
40
135
9
414
88
128
6
108
412
127
14
486
500
470
104
202
361
12
407
290
2
108
322
140
48
177
199
92
44
45
111
62
211
493
331
143
59
57
18
205
18
9
161
370
130
37
145
81
270
81
16
253
195
256
1
183
258
300
159
1
25
417
176
449
245
17
193
5
361
396
13
220
179
4
92
11
360
99
89
330
286
127
151
218
14
50
127
20
3
452
169
474
45
474
17
452
138
315
213
113
461
10
14
14
333
9
17
232
61
80
8
27
440
28
64
55
195
41
2
494
121
171
326
105
13
89
423
244
72
361
86
68
2
2
11
86
51
166
50
19
6
320
77
150
335
16
277
26
231
244
475
88
50
326
327
9
58
4
249
310
414
31
389
302
181
445
16
171
207
486
4
35
7
404
1
17
114
14
32
228
106
211
305
483
35
58
296
169
49
279
39
31
473
352
211
211
442
264
350
1
166
68
75
480
61
108
389
33
47
344
12
463
79
138
24
36
125
68
109
138
262
329
467
415
7
342
193
105
151
347
143
442
450
114
21
179
373
66
3
433
152
1
477
15
168
190
454
337
32
388
106
11
7
3
115
10
81
71
88
218
106
68
130
486
91
176
175
56
44
367
17
391
8
149
271
97
86
1
291
133
95
287
72
107
208
111
376
46
75
54
312
160
251
110
21
132
8
100
6
210
11
458
450
498
227
36
440
191
21
116
60
447
207
139
156
20
439
9
403
87
104
355
6
12
265
359
359
370
15
419
420
142
114
97
16
43
254
198
8
283
496
296
248
124
62
12
1
9
248
468
132
253
446
3
43
116
243
196
6
60
121
146
165
73
262
97
38
73
45
67
351
238
8
71
297
86
12
372
118
225
376
345
116
413
36
104
49
313
282
190
462
62
36
266
32
4
52
1
413
116
153
212
15
73
69
139
428
147
5
207
180
16
33
35
399
394
301
487
9
274
34
37
362
409
305
33
64
20
9
49
5
267
1
171
351
323
170
20
418
91
383
4
70
331
138
1
138
157
14
52
480
361
401
11
26
334
339
2
38
466
8
479
192
26
64
41
112
232
120
237
61
138
45
429
85
16
18
76
332
375
47
327
71
478
313
138
1
27
174
52
7
227
489
175
356
372
484
419
123
4
160
5
467
257
80
258
55
378
136
142
214
22
382
34
60
428
296
60
493
411
61
24
353
61
420
435
114
292
48
368
274
233
291
209
7
99
4
196
292
116
21
343
355
275
3
289
401
469
218
213
148
1
77
189
32
36
426
268
101
230
40
418
118
23
122
405
386
74
129
55
58
174
406
188
360
73
50
264
16
118
31
259
66
68
316
195
1
457
1
48
19
68
226
286
250
5
366
3
210
2
110
210
66
34
144
17
38
336
359
243
34
85
16
64
441
188
142
5
77
176
117
315
291
14
24
128
104
158
5
423
168
134
1
398
55
493
269
210
30
401
64
16
368
3
41
190
225
29
76
230
255
402
5
1
57
336
182
1
200
70
1
5
494
310
39
433
289
136
482
408
115
434
51
252
124
6
488
218
165
144
134
321
430
67
2
427
22
39
347
78
56
10
130
215
43
347
34
163
208
3
154
21
1
209
341
262
79
164
439
3
109
5
31
477
10
19
88
248
68
470
259
25
354
41
275
260
142
233
91
379
2
344
113
100
352
475
79
485
174
401
396
28
311
115
59
446
71
204
133
190
263
65
93
145
174
152
15
18
176
243
234
391
5
14
448
3
263
421
371
5
219
43
41
47
462
79
157
379
30
161
149
82
20
250
320
66
20
40
426
5
365
3
260
408
13
146
401
167
309
191
142
54
139
28
293
6
57
6
207
58
302
312
463
272
181
82
110
96
70
269
59
73
261
147
100
473
142
401
119
160
155
430
119
160
468
94
390
37
90
2
264
128
1
33
495
19
31
437
1
316
47
132
1
281
84
156
52
3
229
29
14
80
69
262
227
71
3
423
76
71
36
134
29
453
414
52
485
150
278
204
60
150
218
256
260
312
120
15
68
281
30
464
106
34
247
295
167
61
133
1
158
220
439
43
212
280
262
277
1
201
69
8
70
21
194
43
272
351
278
258
292
107
38
88
56
81
16
335
454
139
191
28
46
14
30
144
240
453
51
310
1
138
188
445
23
389
100
39
224
96
17
371
1
230
21
243
348
165
254
262
72
403
170
458
201
161
106
98
41
225
153
77
217
310
405
246
275
258
279
87
11
312
105
31
100
7
18
17
68
438
21
243
432
11
375
40
341
442
45
455
373
2
36
197
183
212
242
215
10
292
37
239
38
24
325
154
200
188
21
51
353
5
145
360
52
117
118
24
3
92
275
467
257
39
216
178
68
97
389
54
18
496
57
186
151
6
6
174
96
88
278
404
338
453
238
27
1
500
31
9
34
488
257
24
369
97
151
364
114
448
334
264
82
237
424
350
108
11
361
303
85
317
11
227
493
2
276
278
2
15
105
496
192
1
145
4
13
160
451
208
166
259
174
185
365
402
347
286
17
46
42
328
10
73
36
6
28
341
330
453
108
13
144
316
151
69
140
447
56
53
4
151
234
99
21
343
133
38
311
60
4
99
26
335
496
18
29
376
3
50
3
43
13
130
463
206
357
202
7
331
46
87
240
58
12
133
9
196
41
87
180
484
63
498
2
3
66
279
37
36
2
249
59
159
371
362
23
272
225
500
183
280
365
13
84
1
232
111
202
7
385
2
111
1
256
126
357
26
179
373
432
8
7
39
222
303
1
134
281
305
156
2
241
112
280
278
28
232
13
202
255
140
8
8
23
100
130
21
90
14
362
365
245
253
330
3
156
282
207
67
357
409
252
31
37
23
84
87
363
9
107
127
140
427
126
198
150
282
151
3
191
492
153
51
121
194
49
404
9
173
52
111
11
3
61
421
410
16
260
294
36
451
69
18
8
177
441
11
387
265
360
425
373
5
439
464
73
213
2
7
52
423
254
49
194
149
259
9
49
56
81
8
272
222
488
8
81
23
231
88
60
412
56
55
271
236
346
65
126
69
186
37
81
328
53
1
402
140
335
6
12
69
88
291
340
34
96
4
280
12
163
24
365
240
13
307
427
75
236
5
31
244
447
148
89
420
351
205
99
171
32
8
26
65
78
229
35
397
477
34
137
57
152
64
285
145
303
454
96
223
75
321
29
288
4
62
227
389
226
433
2
462
476
61
4
397
115
314
34
276
178
135
8
449
15
30
16
248
161
4
133
84
7
495
403
467
14
2
88
4
348
5
9
251
70
29
350
393
47
45
93
97
118
495
285
367
16
35
45
280
239
53
15
133
247
12
135
55
350
32
93
178
414
373
295
127
207
232
54
3
464
308
346
439
267
209
100
71
61
500
109
394
294
285
150
157
48
139
52
424
190
2
216
411
83
242
63
88
440
22
1
32
442
76
252
423
137
135
21
72
3
377
6
165
234
21
262
98
7
462
1
386
213
490
370
174
261
434
257
473
366
161
10
212
36
139
290
63
204
44
32
119
481
53
31
458
25
196
10
34
97
274
247
17
52
468
251
3
269
9
342
30
11
69
61
301
77
44
23
242
302
339
257
325
202
466
15
132
204
81
49
144
273
11
40
31
359
127
148
257
120
269
1
193
96
49
163
204
285
2
39
32
56
385
254
104
280
488
339
121
116
73
400
109
117
99
124
8
80
318
228
2
68
413
64
167
294
187
61
43
2
48
224
322
23
247
235
18
1
147
28
13
124
221
386
443
253
205
332
1
181
90
264
229
179
61
243
36
326
89
317
11
133
43
121
43
328
90
316
291
106
276
351
263
73
75
202
94
97
384
100
36
115
119
258
206
36
2
138
252
34
472
104
100
3
17
206
89
79
48
439
8
103
73
264
82
17
5
93
81
35
144
29
364
421
38
230
56
147
9
61
108
51
153
139
152
351
1
185
428
203
21
475
131
195
2
28
473
3
4
150
222
414
39
42
351
19
293
1
17
142
4
1
209
201
328
376
37
464
60
160
260
70
1
357
1
13
267
9
220
1
151
91
3
73
263
20
491
477
314
329
82
33
194
13
194
309
52
2
233
195
66
73
305
41
303
164
42
101
306
229
3
75
159
156
196
202
235
448
410
246
80
117
105
149
440
442
254
204
7
74
337
52
436
376
107
14
23
19
354
106
306
262
457
247
80
141
187
41
138
152
379
7
97
454
29
338
300
82
47
296
103
112
188
389
174
360
10
51
61
168
20
174
196
225
172
344
13
108
153
300
90
53
6
163
339
201
117
41
292
43
86
83
95
151
439
111
207
320
64
33
73
59
169
103
8
385
164
490
101
413
140
444
230
30
24
97
343
37
8
5
62
12
271
457
180
68
425
468
252
90
3
102
84
34
65
94
461
132
368
189
285
43
77
13
81
43
170
434
194
312
103
173
23
380
59
194
4
401
313
380
16
480
129
27
38
16
111
74
187
24
248
248
106
374
33
400
292
85
156
271
5
65
165
159
50
164
23
117
14
16
457
271
435
438
227
74
143
76
106
107
419
140
446
130
220
282
3
182
303
161
224
35
1
89
445
64
316
191
146
420
5
300
2
444
12
36
53
314
434
59
357
3
83
411
148
42
85
485
8
18
269
206
363
9
430
361
2
189
274
63
15
207
332
469
203
327
111
90
435
109
6
7
15
244
4
30
219
432
19
141
199
12
100
233
94
4
16
71
15
20
94
343
479
38
407
237
250
68
301
429
35
363
1
354
31
48
376
54
7
62
252
108
56
233
146
353
163
303
90
79
62
171
260
103
277
412
8
448
326
293
227
373
1
326
13
470
150
253
436
174
2
52
224
477
143
345
10
76
234
2
17
3
439
383
134
396
57
6
5
150
48
167
201
1
14
407
36
32
9
112
424
86
21
2
398
7
5
111
380
37
430
191
22
60
398
19
74
10
224
337
68
2
64
123
213
34
66
216
364
42
468
40
1
56
450
486
191
65
326
49
355
493
2
404
276
413
19
20
210
139
26
302
36
45
143
315
288
2
18
40
414
97
174
224
262
8
421
12
101
1
5
113
220
227
457
206
25
4
56
107
24
6
90
1
14
326
278
301
197
186
212
52
358
15
125
93
1
277
171
423
47
49
184
64
50
150
72
343
1
22
280
120
202
405
241
217
288
242
94
42
173
496
475
37
423
182
271
70
316
56
49
33
10
403
64
282
243
114
409
155
355
22
282
243
467
131
18
233
255
157
500
1
444
215
67
4
153
97
104
4
172
105
29
28
65
213
163
105
98
312
425
199
432
258
12
9
82
316
8
264
110
178
224
117
127
68
275
70
117
182
268
202
2
239
18
12
45
491
352
391
291
463
113
403
474
490
336
53
124
27
16
162
461
198
32
25
43
13
35
222
3
20
9
232
476
10
467
61
20
127
381
64
165
381
443
352
116
461
3
40
7
199
8
484
417
205
57
447
253
24
14
57
437
94
257
7
172
332
145
105
34
30
28
427
54
313
12
453
214
143
114
191
20
315
54
11
4
49
292
1
155
174
120
330
399
72
87
205
57
1
3
1
5
433
25
45
9
493
185
36
37
271
269
266
80
377
290
121
143
345
297
414
293
177
120
40
20
169
136
251
330
458
321
39
1
224
324
408
48
43
99
26
350
252
36
28
297
11
249
40
145
69
55
268
69
18
229
95
55
33
4
213
127
121
1
49
132
79
276
117
8
73
74
213
424
51
91
197
1
101
23
28
140
308
159
23
440
98
280
13
173
5
1
459
66
38
38
441
78
320
161
229
96
56
388
252
7
19
8
345
263
379
238
20
7
64
312
272
480
135
15
167
35
25
25
194
242
76
198
72
140
202
291
320
40
186
45
3
381
97
29
191
345
305
41
87
3
41
305
467
184
49
153
10
433
1
1
18
60
59
61
132
25
278
322
4
152
140
128
108
181
69
434
381
310
259
430
308
475
75
155
52
50
26
18
462
117
215
164
266
118
45
197
254
498
25
347
219
137
230
10
238
292
28
365
198
199
84
99
139
376
224
63
157
123
215
483
55
489
21
127
240
1
328
40
479
225
218
5
2
254
273
83
3
450
15
425
10
63
156
156
449
170
440
57
14
111
75
3
213
92
321
13
25
393
265
20
150
198
10
9
129
116
223
338
3
60
220
395
109
4
282
214
93
5
168
119
37
342
133
46
4
143
72
491
17
181
378
130
201
21
18
5
18
122
2
492
13
99
105
124
461
155
169
2
207
263
3
120
340
37
332
496
61
15
312
445
246
21
17
398
17
254
427
224
129
162
394
353
252
243
235
460
70
139
121
17
129
274
163
18
316
13
27
77
369
307
435
256
418
31
190
236
356
249
3
199
68
258
32
169
18
90
116
372
12
89
11
1
253
6
113
38
302
190
71
10
47
33
40
57
4
50
258
410
2
4
7
293
34
381
11
28
115
127
65
170
376
3
11
53
310
386
184
414
114
470
7
1
2
202
96
193
4
139
47
162
160
354
381
286
355
390
9
22
6
212
262
155
79
50
287
73
373
43
34
124
400
229
175
5
19
370
413
291
160
443
2
32
35
385
316
102
16
146
18
202
346
264
399
257
227
15
2
123
7
115
293
391
141
6
17
214
29
479
249
402
21
8
137
107
23
190
192
334
179
420
8
327
258
153
405
5
33
138
230
117
449
332
189
161
399
3
89
276
5
208
404
277
80
73
170
71
328
27
212
13
276
83
52
280
385
189
123
153
3
29
289
358
133
273
333
486
125
10
89
365
153
116
206
122
93
157
231
63
155
322
100
103
160
31
63
495
46
273
4
8
498
167
495
122
13
499
31
150
150
7
99
187
78
59
221
55
440
229
2
230
437
339
177
35
483
183
376
69
176
422
356
474
256
265
323
78
150
3
429
307
12
26
201
175
14
236
457
437
269
376
221
11
347
133
11
287
17
7
252
235
5
57
438
28
133
248
442
367
207
455
92
352
57
311
400
181
315
69
367
475
12
93
108
39
31
9
414
87
9
289
238
292
17
168
4
157
82
1
496
496
21
239
371
381
19
370
44
58
292
227
451
21
28
14
36
129
190
1
33
8
492
123
143
1
256
3
15
165
163
7
170
2
328
295
149
132
280
134
262
150
112
48
391
210
20
112
408
214
53
214
362
459
330
45
425
86
48
303
146
85
313
80
119
144
1
212
259
170
123
277
78
173
158
168
7
1
1
175
1
126
28
86
216
3
23
158
272
315
72
279
386
56
297
248
8
346
9
86
1
336
432
18
316
110
139
112
288
412
70
102
50
1
421
123
251
208
142
74
88
3
120
15
258
452
87
268
79
54
275
445
98
277
83
348
104
385
133
168
60
68
50
1
140
15
39
99
438
11
54
463
230
474
7
41
281
173
19
1
278
410
4
146
18
16
331
315
192
241
1
1
209
193
274
1
3
163
402
162
477
313
20
31
13
93
27
106
26
491
1
16
225
211
362
15
82
77
439
18
288
184
164
226
120
402
158
282
31
420
5
292
10
118
70
449
247
289
162
2
143
286
4
268
453
18
69
58
393
409
21
234
35
140
39
216
42
282
139
19
137
195
343
494
176
341
98
246
402
374
68
37
143
228
77
76
85
184
409
403
233
58
78
3
39
7
159
456
146
162
256
262
496
206
242
431
495
263
140
89
53
131
48
70
9
32
451
2
25
52
354
64
342
122
8
20
484
72
119
102
45
32
54
96
308
161
154
54
265
225
38
39
121
42
147
45
260
95
12
433
13
369
304
91
367
226
103
10
16
40
173
216
473
292
181
304
239
299
149
26
44
34
98
60
498
35
303
327
412
39
301
72
136
17
463
356
84
385
404
206
49
292
87
23
27
150
291
108
217
261
18
16
80
336
386
313
407
443
74
59
59
136
272
200
263
5
24
297
65
49
450
9
335
404
28
388
328
424
171
499
42
16
13
7
99
158
10
91
29
213
2
193
10
473
10
267
210
420
85
268
112
342
370
60
17
270
424
69
412
39
162
174
14
8
185
1
17
266
145
47
24
201
300
420
60
424
107
15
39
412
492
355
393
1
33
148
265
321
225
354
474
110
443
459
42
199
69
115
2
114
222
270
469
364
260
23
26
186
205
208
47
301
133
80
95
7
39
64
397
179
411
89
109
182
135
55
13
148
468
320
178
51
12
408
358
35
13
406
434
238
87
42
106
353
401
48
263
5
345
46
377
236
18
128
444
33
361
137
424
37
29
56
434
410
383
326
183
275
407
17
158
476
132
481
168
356
45
491
419
84
13
172
77
28
3
405
26
49
262
149
365
286
177
440
189
246
152
26
6
49
162
130
67
252
84
9
254
49
237
308
20
162
33
38
44
166
32
59
358
33
125
259
11
41
193
470
332
6
380
59
147
173
185
312
247
10
287
85
191
66
247
18
289
260
157
328
15
105
249
433
159
491
256
6
405
288
1
33
34
494
1
101
3
87
26
194
135
194
110
295
48
6
25
70
24
421
399
59
20
199
405
201
14
439
319
237
314
141
131
178
125
150
457
188
57
56
243
1
127
158
179
5
467
26
123
18
429
298
78
10
414
39
394
482
478
5
439
344
260
115
176
399
33
217
14
80
215
81
182
318
29
142
24
278
34
327
423
95
37
179
6
243
211
12
160
130
264
39
14
157
340
7
233
7
3
6
264
1
453
186
156
287
354
491
462
466
85
22
213
67
34
406
487
87
49
210
302
113
1
46
306
26
251
433
60
57
338
125
4
51
417
47
20
11
481
66
192
1
69
37
85
363
18
5
102
88
54
372
1
461
79
309
54
409
38
10
185
108
498
466
155
123
9
441
278
177
266
61
435
431
40
22
36
84
67
4
213
321
334
425
280
4
92
412
38
66
208
396
245
438
398
295
425
80
159
6
169
54
92
145
121
423
101
7
345
36
25
286
59
299
483
8
238
459
403
163
56
41
2
468
90
251
10
267
138
166
417
128
50
19
148
312
7
284
429
278
396
368
476
3
316
28
388
69
30
354
4
487
141
115
66
293
329
23
70
5
123
302
41
68
429
203
49
9
221
460
391
400
409
43
431
10
393
450
203
333
496
273
62
365
248
2
94
165
56
66
3
37
113
152
150
4
123
1
119
405
181
312
143
412
284
4
21
156
1
47
23
382
27
25
331
13
309
33
33
244
388
362
62
50
43
24
32
334
8
2
102
40
283
167
358
1
106
1
420
177
369
3
249
94
101
192
42
18
354
329
47
17
6
359
54
476
184
16
433
493
296
112
55
214
85
21
256
33
25
180
56
60
290
94
79
323
5
33
34
3
213
182
380
135
265
226
4
7
8
265
354
63
210
114
8
15
495
67
51
395
330
354
241
129
44
99
118
41
473
228
16
266
339
272
209
77
188
340
76
348
6
8
336
40
123
321
258
24
102
2
3
59
361
239
285
1
421
21
9
39
3
227
73
9
454
149
1
344
36
109
67
151
78
80
5
41
111
360
123
295
22
116
366
94
259
42
103
15
2
110
40
349
38
453
43
252
64
354
161
206
263
6
214
110
5
147
5
369
34
194
423
245
6
205
7
99
131
377
293
463
149
132
266
403
17
133
325
34
354
49
225
133
89
397
204
113
11
61
31
236
3
61
172
235
177
55
56
196
403
12
14
3
29
129
410
13
13
258
39
465
441
2
384
7
50
2
27
14
162
442
446
9
10
496
65
376
318
445
418
1
48
41
366
189
491
302
54
154
239
379
37
299
64
26
225
93
139
158
157
60
71
396
216
418
4
162
277
11
195
9
184
3
17
3
394
146
400
439
88
88
4
171
67
7
281
248
326
55
263
67
152
200
229
98
428
126
9
40
64
12
2
389
338
60
83
264
495
26
150
73
425
4
56
58
496
181
49
4
231
430
208
2
201
233
8
137
89
404
120
143
271
308
1
114
219
451
65
364
72
45
395
494
42
20
31
30
467
44
497
6
151
343
3
127
1
229
452
1
477
355
275
31
352
142
127
354
238
422
453
58
14
148
218
230
297
53
86
335
240
75
30
165
266
5
3
14
123
12
404
182
41
246
89
166
33
62
155
240
258
6
323
477
259
320
356
132
14
297
129
46
262
115
12
109
395
59
99
7
167
273
269
71
500
331
287
66
84
145
180
343
139
25
5
373
69
201
91
119
13
181
142
140
371
478
86
1
15
291
448
491
146
99
131
126
64
450
90
380
140
135
479
29
71
37
396
52
389
16
197
484
250
5
22
421
43
99
10
201
43
66
320
36
412
316
177
318
1
443
40
7
225
350
348
19
85
154
5
259
197
170
188
450
28
336
63
87
4
333
222
442
333
206
20
39
394
83
378
60
12
107
2
34
9
248
24
24
13
210
437
469
53
106
105
80
436
59
353
246
354
444
206
67
140
127
73
16
142
6
100
16
429
43
19
167
164
255
295
387
109
169
412
121
293
305
4
84
468
465
145
465
64
342
11
14
394
63
47
175
65
453
408
378
271
81
16
80
303
33
68
228
17
14
348
11
42
69
151
270
279
16
380
423
187
338
12
141
464
180
13
246
19
39
5
296
474
216
138
5
9
24
6
2
60
350
10
299
179
269
74
441
32
10
349
201
163
241
310
89
237
352
85
38
421
284
49
297
64
41
17
172
76
2
7
46
119
22
12
8
60
101
146
94
193
86
306
237
45
179
395
291
289
67
169
433
30
114
299
116
240
156
20
26
312
218
240
99
393
73
202
171
228
341
2
463
33
39
84
313
280
145
301
61
162
252
83
165
118
205
197
231
349
401
397
287
332
9
92
36
321
3
296
262
403
82
121
26
113
3
3
32
37
201
4
453
1
1
8
81
12
180
101
201
124
195
114
34
25
364
1
130
136
3
224
109
241
18
13
143
43
33
339
3
162
233
103
35
262
24
39
375
273
221
435
227
45
9
39
420
60
358
5
213
325
82
150
39
26
488
355
17
78
24
370
10
312
182
55
268
120
328
366
5
50
63
120
8
368
12
11
28
68
52
2
1
490
109
61
345
1
11
2
39
280
76
5
15
31
285
152
40
96
6
4
207
10
17
350
8
239
27
32
249
285
143
337
3
2
391
233
417
25
4
3
3
178
190
400
166
22
24
286
100
70
95
40
229
352
328
163
300
46
144
408
110
162
196
17
67
277
291
68
141
256
4
41
214
297
85
491
400
35
2
306
69
14
214
8
22
360
225
6
281
6
119
107
189
86
134
36
112
245
6
177
81
134
101
276
419
365
474
106
116
75
227
486
72
463
111
365
251
68
5
86
178
76
102
46
231
481
337
217
345
10
51
171
130
135
132
142
54
84
464
92
182
7
92
6
21
8
330
314
53
144
145
1
48
363
308
110
139
1
53
287
476
58
366
68
39
95
12
125
57
91
19
40
16
244
20
362
3
1
479
9
63
112
97
150
320
59
127
40
24
269
68
280
61
252
361
350
154
89
80
13
296
75
102
182
59
428
86
149
46
395
36
283
13
237
306
245
455
9
48
61
59
158
70
9
19
112
168
383
26
63
19
104
311
190
234
68
151
58
440
7
51
154
128
154
111
86
163
216
452
225
69
428
190
22
394
189
195
357
195
6
362
20
105
246
28
342
428
40
300
27
75
11
361
106
16
99
192
81
349
93
31
1
15
211
264
22
65
439
400
142
216
162
323
130
433
249
126
43
303
124
118
99
48
1
210
86
62
456
29
1
2
3
199
477
116
47
9
40
47
457
481
161
124
326
17
201
161
16
58
18
1
418
134
217
39
1
103
173
235
40
11
112
30
104
50
154
19
58
278
26
112
473
30
166
297
82
93
59
57
187
19
185
345
44
6
82
267
210
14
317
110
392
428
54
47
7
109
5
317
443
225
63
394
48
1
133
143
66
430
3
362
12
131
134
443
129
6
150
345
454
138
364
141
17
312
305
9
168
38
2
107
269
39
2
453
455
59
9
74
226
5
9
430
186
358
8
197
31
9
20
273
15
417
79
9
125
160
28
121
19
149
327
4
437
431
138
94
128
19
29
259
2
375
282
280
491
91
30
398
370
389
175
299
112
477
83
98
122
374
113
333
6
1
153
236
139
156
13
371
22
358
246
54
43
66
125
13
146
400
92
133
133
245
20
111
406
147
3
99
464
142
291
77
335
28
5
1
260
131
161
61
22
39
82
98
438
58
10
439
287
305
155
221
418
354
51
168
15
212
4
344
40
160
359
119
30
12
100
133
363
30
258
336
157
401
57
141
60
132
32
55
279
14
417
273
8
476
19
128
137
50
19
372
348
202
94
198
360
6
5
70
6
229
495
428
248
201
284
13
120
378
283
50
319
136
38
54
34
27
116
217
399
54
485
6
304
6
227
12
77
69
24
372
11
275
109
264
428
111
376
32
478
333
392
7
5
33
31
56
189
96
423
1
130
168
17
9
209
7
142
154
434
106
12
225
260
254
486
296
344
17
449
34
130
293
2
385
22
65
18
2
303
41
73
79
8
437
87
315
41
9
454
28
140
476
10
232
193
128
148
186
361
157
202
366
207
125
427
8
42
189
39
182
462
128
1
3
70
85
290
478
41
206
30
133
26
154
145
401
119
456
185
343
6
61
161
214
490
38
19
181
67
430
153
252
323
27
475
284
19
185
57
159
205
203
113
74
3
350
17
252
76
51
61
236
130
29
141
33
34
66
192
203
182
100
259
51
96
291
211
206
374
490
212
35
224
378
75
291
419
4
400
17
178
8
8
42
160
11
38
472
71
34
340
45
408
32
237
144
5
39
146
351
44
260
37
278
395
100
2
10
400
34
12
248
48
120
30
10
110
53
325
96
78
28
37
475
335
141
18
59
60
124
11
400
105
27
244
9
260
27
301
292
51
333
3
18
118
197
13
403
233
356
76
187
5
7
255
343
431
174
59
32
396
27
174
30
243
1
354
441
250
19
365
9
422
130
218
204
405
14
17
256
231
55
316
478
310
263
270
321
195
93
359
346
151
21
203
27
202
193
307
299
449
384
105
337
7
366
243
94
342
15
162
64
91
468
427
107
103
79
9
86
86
30
73
363
306
339
16
215
409
302
11
20
83
162
149
9
35
4
183
413
499
34
207
432
28
336
477
24
407
12
184
285
379
98
237
6
467
231
407
137
35
354
30
236
477
10
111
215
440
9
122
217
120
63
135
63
169
187
397
88
13
136
360
227
391
10
107
108
317
3
62
175
74
436
92
38
206
1
225
3
402
405
112
100
327
10
398
28
272
421
60
81
73
61
4
103
84
319
3
96
2
410
345
9
10
28
6
5
49
317
3
180
239
47
98
161
310
365
303
4
228
304
130
461
41
1
42
254
11
282
155
116
24
5
490
35
107
37
403
290
110
53
245
5
91
96
7
211
111
62
12
302
48
12
62
42
143
70
102
2
332
329
16
177
76
495
437
71
388
391
328
98
4
1
155
77
406
13
36
1
8
12
389
220
324
220
215
270
22
245
329
37
288
226
35
201
233
154
15
37
78
4
55
58
19
348
3
48
91
20
71
441
31
115
135
321
24
122
17
28
188
493
55
26
475
10
10
153
252
63
200
352
26
14
148
178
425
456
390
93
142
320
22
158
1
53
298
25
32
210
24
215
419
228
314
25
11
172
352
173
148
220
120
442
2
9
154
407
224
7
87
387
61
90
3
496
4
1
185
147
71
84
72
433
176
204
500
5
63
173
109
4
7
12
180
286
154
36
1
89
227
148
465
238
95
66
84
91
60
104
103
317
67
163
11
60
348
218
176
413
84
431
141
55
200
112
27
300
476
53
285
64
374
30
47
265
254
1
25
2
14
52
32
6
125
103
8
264
78
10
45
50
391
84
145
392
135
175
102
80
434
352
145
8
29
224
86
392
6
225
373
403
487
238
13
215
130
123
203
266
8
2
187
314
167
127
174
33
454
76
418
5
86
22
356
286
4
45
459
300
20
256
51
52
179
356
89
112
438
66
128
175
290
19
432
11
160
36
78
469
91
245
2
381
165
462
121
46
62
2
431
429
307
9
276
303
272
202
142
71
58
40
138
122
71
277
294
50
471
338
21
133
162
134
466
2
174
54
373
182
49
426
3
30
117
210
482
375
109
15
267
299
62
15
19
213
3
115
281
182
27
249
220
1
184
462
39
181
114
402
280
381
29
1
391
215
484
35
329
189
220
96
14
411
437
127
263
153
329
136
145
7
269
5
2
45
17
480
3
206
2
61
263
66
3
286
453
309
163
4
285
438
207
476
37
4
32
67
187
315
15
41
1
192
118
22
74
35
41
19
4
73
17
401
7
17
29
169
6
69
473
144
142
352
447
11
63
419
325
158
33
65
8
279
233
3
2
132
322
377
463
22
153
182
65
219
172
89
289
112
144
64
2
1
54
5
174
50
4
101
494
254
142
55
1
277
313
14
128
459
131
456
373
486
40
88
48
275
383
145
7
250
236
4
30
39
93
83
261
406
492
120
323
16
196
93
126
444
440
87
332
110
478
161
182
152
366
26
486
1
251
17
125
141
166
152
429
8
12
289
29
477
55
153
488
203
7
167
321
86
470
1
153
38
112
22
72
6
195
324
96
28
116
478
113
103
432
89
178
64
199
452
65
456
120
4
459
428
17
136
5
63
63
2
61
36
151
39
208
14
428
152
60
47
15
113
457
54
30
5
21
186
379
278
33
2
4
65
54
257
353
430
17
6
55
444
189
179
411
20
378
49
440
308
4
191
32
435
190
38
450
65
79
148
12
16
430
42
108
331
4
179
57
45
4
180
1
3
6
39
142
498
71
16
338
107
81
15
349
341
38
469
497
135
332
150
104
171
253
95
206
378
401
3
297
359
478
2
85
42
15
174
376
429
6
475
278
244
32
72
320
256
428
48
69
9
402
215
310
416
2
106
275
3
265
319
5
12
6
41
241
70
23
195
242
125
32
203
409
141
345
216
233
4
163
89
469
149
127
212
25
197
95
160
27
256
159
9
122
460
384
10
179
301
25
88
294
349
317
134
50
256
90
329
130
165
2
110
311
71
112
261
100
363
101
474
260
10
19
26
339
43
192
43
37
108
46
1
84
90
87
119
353
13
40
287
32
311
266
27
385
185
266
104
293
380
152
51
228
156
179
4
310
2
300
422
12
192
183
87
43
184
123
195
321
328
185
77
450
1
216
202
329
111
281
479
44
7
40
59
139
185
437
467
298
7
235
37
9
168
191
10
64
50
466
178
124
10
263
131
474
374
287
20
223
414
215
5
179
267
219
12
271
226
205
14
331
214
66
229
410
428
264
485
153
336
1
87
141
226
62
341
245
36
378
247
368
51
134
246
97
82
488
261
227
2
438
104
89
96
220
120
273
17
36
47
374
199
316
6
213
194
348
313
161
189
3
77
308
150
485
22
117
106
16
103
118
13
2
94
120
72
59
192
33
266
275
361
109
162
196
5
394
1
145
236
238
99
338
86
95
87
166
3
3
122
3
315
7
126
19
14
3
280
118
318
76
3
47
152
375
7
421
354
115
2
1
207
161
264
244
233
11
366
153
94
3
66
245
24
401
184
9
376
67
26
35
67
425
8
485
56
377
291
36
65
24
21
421
20
36
151
494
132
286
30
6
13
74
261
168
63
357
257
121
246
162
130
53
354
361
222
69
471
83
6
12
415
94
221
41
224
258
6
194
1
392
3
68
362
137
328
380
171
328
16
321
130
8
76
345
90
129
375
205
312
221
167
232
424
189
472
260
417
2
150
234
447
7
152
444
18
239
31
29
252
9
81
246
494
8
17
216
229
112
44
115
21
468
223
220
124
75
349
353
43
28
30
449
2
8
15
400
24
340
2
115
40
167
232
235
81
100
267
252
275
458
41
194
359
22
420
215
381
70
28
395
279
5
234
343
7
462
296
10
54
446
299
36
6
18
50
450
179
251
190
222
435
77
490
146
15
129
48
1
173
82
320
496
187
296
263
315
196
330
481
352
413
1
11
46
16
182
29
30
225
153
468
49
9
453
1
14
285
39
107
6
59
66
48
316
251
10
202
346
153
258
1
486
247
59
202
109
254
6
194
66
401
28
18
154
286
400
218
2
90
45
34
131
317
37
23
239
447
90
66
73
160
366
29
483
40
136
96
29
279
317
28
161
99
17
453
102
429
1
178
55
216
302
43
400
83
325
106
342
8
45
250
226
12
1
350
372
303
419
15
382
288
93
73
88
52
261
497
268
454
12
83
268
55
312
77
456
8
91
3
1
231
275
416
2
469
395
46
7
1
292
446
247
156
83
92
150
4
212
43
153
333
248
402
352
17
14
32
13
179
7
57
304
170
444
10
96
213
135
69
19
53
491
141
30
134
44
356
475
144
239
142
3
76
243
41
475
129
30
318
190
3
444
284
481
263
2
494
284
313
9
298
144
412
87
244
118
228
381
30
484
155
2
459
213
1
173
1
50
38
95
233
41
305
13
56
71
40
17
351
330
290
274
52
440
301
34
1
3
57
196
245
152
166
406
42
156
224
190
12
189
18
14
241
267
231
123
108
98
17
119
148
139
12
337
212
152
362
20
132
217
117
66
179
72
414
102
286
315
95
18
59
349
80
44
402
478
8
415
386
77
156
325
449
281
205
106
468
494
133
419
1
31
17
225
152
138
92
2
239
377
186
183
128
66
1
184
30
74
18
46
239
141
10
400
15
264
301
359
185
435
25
69
83
106
22
478
22
204
425
150
499
7
6
115
208
233
135
319
125
2
434
221
5
247
231
133
54
187
4
334
22
201
2
200
421
422
338
4
5
87
116
104
206
193
160
457
285
39
303
14
47
152
76
57
288
41
15
31
6
151
165
144
335
201
3
81
11
43
222
357
1
174
85
317
418
394
60
141
2
152
1
155
298
10
287
252
426
124
134
351
213
63
342
372
26
215
20
66
42
378
47
28
305
103
200
63
320
282
73
94
372
95
65
27
452
4
13
315
16
70
45
143
340
399
97
19
154
214
448
38
46
406
136
257
363
28
101
32
478
4
141
318
164
246
331
140
286
4
98
61
35
54
18
216
286
190
46
296
120
462
8
368
487
10
80
113
188
295
155
289
438
151
258
497
73
82
485
18
20
107
426
257
99
455
345
294
215
146
6
147
200
21
246
318
335
85
322
105
8
9
203
28
31
2
383
434
97
312
303
202
228
21
23
342
97
33
73
108
49
398
343
460
55
131
483
154
481
9
1
424
21
27
393
33
92
344
181
157
394
248
88
107
138
93
4
2
14
113
472
133
17
174
60
425
141
246
4
196
206
265
288
437
312
298
96
117
75
97
143
1
191
5
157
112
156
78
87
471
124
315
448
32
55
1
2
99
1
218
187
59
467
131
207
14
53
31
328
428
86
48
25
14
437
471
6
234
192
156
61
347
311
7
77
96
211
429
102
461
341
103
1
94
3
65
384
224
202
10
343
65
2
67
360
128
126
279
128
265
7
83
470
67
279
442
121
94
105
223
130
3
241
114
22
17
18
147
19
8
450
161
497
469
35
280
39
284
3
439
31
381
89
3
22
198
305
77
89
56
35
428
199
98
236
254
43
110
1
97
77
82
308
1
10
357
2
196
17
336
208
378
130
250
88
448
6
86
214
40
259
67
179
18
306
499
28
125
188
1
296
290
226
196
91
194
347
420
318
408
150
37
6
103
117
170
425
19
120
400
53
64
470
4
93
485
3
153
6
114
138
282
92
97
55
145
42
213
323
202
64
40
90
81
7
266
452
96
17
138
313
348
393
146
28
27
1
211
60
229
148
30
131
23
452
263
35
117
105
355
13
293
56
267
11
455
85
448
58
156
451
103
398
467
454
96
120
31
499
39
466
8
18
20
23
8
20
69
132
19
465
42
63
53
315
93
344
452
447
409
61
9
35
69
29
37
394
13
322
59
11
25
14
202
111
1
155
271
41
68
68
184
345
1
273
33
142
288
495
180
35
422
304
395
227
99
373
492
384
201
4
155
125
218
87
332
311
103
42
82
2
291
106
17
45
42
239
443
314
456
194
350
475
108
124
4
155
67
440
68
244
16
54
111
168
20
191
274
70
100
40
19
52
95
223
141
38
36
132
259
3
12
255
325
23
192
470
244
211
306
64
26
434
286
22
337
366
14
18
480
413
30
248
482
45
8
98
182
9
12
475
107
25
303
29
5
481
81
48
312
176
1
9
342
2
285
3
384
184
53
68
207
2
381
195
362
8
437
261
6
77
38
1
26
330
362
20
69
247
11
395
367
25
31
5
199
304
84
352
34
472
444
221
32
56
453
4
207
80
34
420
147
196
417
37
2
11
399
274
90
97
486
13
109
7
400
470
219
52
438
1
16
54
48
315
161
398
210
404
1
79
55
89
222
1
267
5
181
390
32
95
35
295
70
47
61
39
36
97
341
314
229
324
207
57
181
417
55
273
17
242
284
7
64
363
286
11
283
117
37
456
309
16
323
287
425
96
212
249
345
51
148
143
31
21
327
339
404
93
332
47
25
19
142
246
75
258
131
26
322
294
10
222
423
71
2
322
157
415
223
492
64
160
203
353
36
477
81
21
488
27
124
494
332
397
464
3
356
241
31
221
256
198
350
218
405
16
58
271
46
80
111
152
9
2
21
126
19
251
17
56
23
302
110
281
464
89
96
166
109
360
6
5
332
283
476
46
89
5
275
319
13
2
330
221
499
85
498
41
187
369
463
374
484
193
119
32
3
131
14
2
239
451
97
253
82
491
414
65
354
390
201
20
279
100
173
455
427
21
103
84
49
489
62
393
115
210
3
60
46
477
58
211
10
124
281
5
462
447
101
19
308
298
78
74
370
107
155
446
1
71
167
409
209
17
227
278
317
196
197
240
152
13
342
130
168
83
200
27
164
24
173
260
307
274
384
491
379
9
221
320
178
41
82
4
19
9
29
240
188
66
397
104
139
395
217
164
81
177
418
330
267
132
481
330
1
151
22
338
109
126
256
10
149
191
211
58
19
257
55
159
93
63
399
10
263
409
302
24
4
30
11
16
143
158
109
1
83
219
202
197
110
356
2
144
26
164
252
251
1
44
274
458
133
176
457
213
113
25
7
307
72
293
141
282
146
244
8
360
472
457
26
19
18
327
25
47
10
265
41
2
14
208
2
32
391
415
259
1
40
326
2
406
4
201
350
309
9
110
334
1
457
455
456
402
236
343
4
161
87
10
134
123
31
312
388
262
446
207
373
1
489
177
139
105
17
183
249
30
268
173
355
207
8
6
19
297
125
28
285
388
271
235
33
443
201
4
3
182
472
331
13
499
372
72
451
106
464
25
315
63
173
48
1
216
60
300
333
137
454
241
336
10
148
75
265
1
475
12
127
14
8
143
466
31
53
303
207
309
182
351
1
309
301
5
6
36
187
456
279
15
169
1
1
424
2
267
299
124
181
446
97
133
10
77
45
128
493
388
221
7
45
152
114
14
433
268
177
132
87
469
52
117
228
126
109
137
222
373
224
219
94
93
382
145
179
407
1
12
18
469
230
439
288
252
102
401
112
72
70
148
174
208
338
252
34
174
105
61
89
176
78
132
252
224
53
82
80
305
177
379
418
43
297
166
406
291
4
329
104
257
264
131
84
490
149
82
17
199
190
7
39
42
266
40
8
381
31
24
258
42
37
50
200
130
5
5
273
2
24
23
65
120
205
53
1
323
258
421
121
1
82
1
6
113
332
195
1
62
378
198
3
238
4
133
91
253
69
379
17
85
10
321
155
46
76
185
140
25
15
80
165
327
34
10
92
302
45
117
117
167
64
15
466
4
427
63
357
61
4
403
205
353
277
493
138
268
373
236
43
272
7
55
94
137
240
101
45
31
495
10
158
8
307
365
460
386
68
366
145
468
138
223
338
315
48
421
429
201
465
13
36
256
166
121
83
55
42
219
22
123
287
152
258
139
12
57
346
158
8
41
235
3
97
480
119
405
430
356
61
307
58
445
333
100
41
204
204
73
5
263
233
207
57
70
472
419
258
253
36
1
17
412
5
217
192
375
170
164
266
2
74
228
33
106
6
161
198
4
329
209
443
198
11
79
75
414
60
18
159
287
25
51
52
182
158
1
58
369
10
61
5
210
373
342
481
142
494
100
470
39
351
452
196
77
9
422
225
7
32
101
43
338
471
488
56
174
444
100
266
13
424
490
411
141
107
49
430
165
95
4
7
88
2
221
55
38
13
398
483
437
112
207
275
405
3
3
35
3
88
460
457
50
26
110
81
492
244
18
21
48
213
3
194
241
20
16
220
485
441
478
1
91
56
300
297
292
338
6
21
262
132
18
7
39
3
473
301
80
38
169
401
125
39
243
10
411
23
9
476
180
353
33
135
1
87
183
1
278
439
137
149
289
34
13
182
1
75
304
76
405
4
1
73
204
205
420
5
424
7
43
377
21
61
47
390
170
2
126
360
25
321
45
5
407
231
2
301
103
429
140
385
2
83
432
156
51
315
5
200
118
109
155
4
22
119
36
1
109
63
42
169
133
28
151
3
301
391
46
431
301
111
24
21
2
479
342
161
3
372
304
453
133
73
28
47
432
487
217
428
257
1
37
18
2
70
25
125
233
155
390
48
3
287
89
311
313
485
431
184
6
33
6
1
441
205
234
17
64
2
111
36
18
5
239
11
26
163
305
157
429
459
2
320
43
359
15
284
21
402
349
23
49
91
500
234
394
316
38
76
256
499
97
162
9
260
8
162
15
305
36
12
300
3
204
59
10
158
162
474
47
148
257
131
361
222
43
449
189
288
309
98
14
90
50
7
88
294
442
373
14
8
261
63
37
2
19
224
219
46
18
2
486
496
151
3
90
317
76
13
235
349
112
12
223
8
49
8
5
1
115
4
1
353
6
261
145
177
72
372
154
42
321
155
87
5
22
171
25
171
95
448
351
378
183
86
157
119
399
233
4
409
380
244
75
251
454
105
94
221
5
1
226
169
99
93
260
218
150
151
62
317
17
26
242
71
12
389
487
228
1
279
117
10
107
15
13
170
59
30
49
202
132
91
500
23
360
220
231
283
63
81
57
226
103
8
138
498
85
139
257
488
307
418
35
1
329
208
38
21
76
497
461
9
6
228
493
149
54
1
62
282
269
9
370
19
367
57
196
126
146
159
370
279
431
225
74
73
221
151
383
411
216
45
229
274
24
8
16
349
212
292
199
164
270
11
232
1
53
6
41
235
144
338
460
293
11
18
34
96
135
409
278
367
56
9
11
51
335
12
477
492
7
4
313
99
218
301
26
10
400
211
78
299
136
24
1
494
272
30
271
375
11
241
200
231
203
9
92
7
100
420
467
45
30
10
283
172
242
166
76
174
7
217
146
459
9
128
25
474
82
267
384
466
367
330
442
227
3
441
42
4
355
472
461
286
5
165
205
365
27
334
386
13
35
372
374
122
24
281
181
104
5
263
105
58
33
1
2
391
13
29
46
5
81
322
460
500
184
321
201
132
204
224
192
55
23
351
395
85
428
119
137
217
7
46
5
94
103
458
102
16
78
30
107
201
124
172
110
126
11
142
3
125
458
125
6
187
295
44
3
8
350
205
20
380
1
29
40
81
12
466
390
304
78
329
500
24
8
2
180
250
101
192
5
169
9
30
38
183
130
28
11
62
134
44
3
480
238
229
14
350
1
8
76
145
135
15
12
64
372
208
18
80
162
194
27
278
401
246
27
313
106
95
436
31
65
83
46
377
450
5
86
1
29
145
84
130
98
221
49
3
297
189
2
459
5
70
130
106
159
32
110
5
9
37
249
297
27
445
2
259
320
58
46
122
31
66
1
274
68
332
471
66
192
139
438
356
274
401
51
343
105
243
61
426
296
463
20
398
3
91
271
451
368
87
45
32
3
384
165
4
24
182
128
12
15
25
188
162
305
4
364
8
185
45
407
346
147
12
11
65
485
448
30
4
64
21
209
479
367
70
4
21
1
32
199
406
64
93
4
30
229
315
256
95
438
1
422
58
15
247
219
457
13
32
225
72
470
218
66
435
364
166
415
33
352
8
493
273
311
39
37
126
35
1
89
77
275
194
1
236
189
1
7
38
333
179
416
246
432
1
111
15
236
494
5
235
8
76
50
68
93
51
194
238
488
348
244
87
349
90
87
446
458
446
160
150
394
392
6
145
40
354
473
439
24
71
271
132
370
149
45
500
2
300
71
25
56
168
32
71
264
387
40
347
229
13
36
192
182
60
12
299
115
23
245
11
59
3
384
144
258
382
372
17
145
37
96
331
5
134
72
474
75
176
2
184
373
148
6
48
30
31
8
8
121
477
13
35
44
202
25
21
196
260
355
129
1
147
4
21
29
5
1
317
212
16
206
73
97
421
1
316
50
121
215
12
331
14
276
289
1
18
8
386
136
244
36
353
365
24
254
31
3
19
455
12
144
112
81
100
35
165
17
462
355
261
110
347
269
274
50
338
479
209
99
447
314
115
17
85
305
47
40
30
55
82
77
42
193
335
379
2
12
302
301
255
5
247
48
413
224
23
155
2
169
456
408
8
114
196
344
245
320
137
1
39
237
131
82
137
302
14
472
366
7
308
401
1
488
12
118
42
254
211
221
422
340
196
405
69
77
1
226
215
247
299
93
294
12
167
30
441
90
166
456
7
7
59
28
33
154
10
54
68
365
215
454
28
141
164
230
275
416
396
17
49
36
383
190
6
54
135
373
407
203
8
6
237
329
6
4
493
34
144
58
11
419
302
34
434
108
178
148
348
82
47
9
434
159
326
314
7
165
254
447
58
18
366
441
8
71
1
418
77
382
58
113
247
19
222
7
419
89
39
398
301
103
224
88
53
39
348
1
137
484
4
422
9
249
112
97
220
105
111
326
207
18
326
14
356
35
72
200
324
317
212
86
282
37
32
447
104
66
14
39
345
3
493
100
105
108
15
161
1
208
7
3
150
5
73
92
430
73
4
2
315
234
328
19
24
99
6
142
482
222
334
189
154
44
2
9
328
262
47
223
468
488
252
142
80
25
75
363
302
29
11
215
12
336
23
38
120
85
378
88
335
189
87
35
195
10
370
189
140
45
6
141
318
85
306
2
52
203
326
1
493
158
402
41
216
2
28
450
126
392
1
190
380
20
492
4
363
74
157
1
13
100
197
219
75
8
390
37
20
139
13
431
234
69
117
82
275
97
323
165
260
97
51
27
426
264
39
127
137
1
333
14
314
461
219
7
160
165
178
11
21
1
124
170
298
115
21
193
331
129
287
26
5
22
141
172
19
484
214
169
19
313
124
431
2
441
487
42
327
159
363
183
5
250
255
72
268
18
401
206
25
11
18
479
302
15
48
198
146
272
150
113
8
148
15
1
17
491
473
320
242
143
1
50
242
42
1
487
373
132
316
150
22
6
55
88
243
80
255
327
80
75
425
131
165
1
2
98
2
223
151
132
339
207
11
414
376
33
240
158
44
218
57
340
108
379
3
466
35
194
325
106
10
203
491
99
447
100
360
460
235
431
75
6
251
39
260
402
298
4
137
366
153
45
131
57
122
169
10
9
336
229
195
114
323
45
115
146
88
86
84
77
6
110
207
228
5
321
32
35
343
189
459
386
10
251
71
452
56
2
468
110
429
240
77
14
275
6
176
264
91
54
142
108
415
266
250
201
92
105
240
109
384
371
229
46
447
2
251
131
449
282
494
395
438
417
43
6
269
407
380
222
439
194
265
67
377
22
258
474
367
49
293
7
26
165
473
1
435
160
42
311
89
48
7
202
14
43
19
129
122
187
81
235
107
317
47
191
24
237
52
335
467
19
21
181
84
2
60
482
374
173
71
14
40
98
1
349
376
14
335
155
18
424
8
31
132
340
148
10
108
6
53
297
122
231
105
38
442
67
4
40
196
156
380
137
276
218
3
268
271
4
48
2
72
113
360
289
469
429
114
145
32
27
58
255
179
267
288
21
27
5
172
176
188
205
192
14
156
227
172
133
260
142
10
386
373
12
74
45
483
9
73
92
33
398
170
4
110
6
1
80
99
328
3
380
473
415
18
42
269
196
266
422
410
331
438
4
16
51
443
244
313
88
471
26
24
458
377
273
28
3
23
405
78
61
2
345
478
42
98
49
303
154
423
19
12
284
83
211
16
475
132
163
7
194
166
107
27
87
31
40
70
138
420
6
4
205
12
420
277
87
419
198
1
95
322
244
36
53
88
310
54
473
8
262
86
131
162
86
330
228
68
313
237
273
6
27
73
1
78
20
298
75
257
2
250
3
83
1
43
115
10
196
364
98
147
3
1
13
103
137
59
9
273
11
44
101
478
4
235
47
344
14
1
310
74
337
49
14
260
9
37
57
336
268
240
442
171
148
342
46
1
94
457
332
101
176
240
420
271
26
55
500
196
408
1
447
226
230
4
79
13
450
166
52
61
179
36
454
62
195
148
39
3
396
269
230
20
40
120
152
85
177
193
27
47
5
259
450
378
193
9
75
8
493
312
24
2
1
16
11
221
349
187
12
319
143
349
461
107
86
11
403
206
282
2
57
297
75
55
140
195
11
5
6
132
183
201
2
274
52
1
100
336
113
51
455
162
94
414
214
61
395
202
32
70
313
389
84
377
269
154
150
211
71
12
320
430
109
69
414
463
165
355
173
174
284
416
29
219
98
252
13
156
455
37
421
233
11
85
46
276
214
389
98
11
425
124
263
213
325
7
268
222
200
67
225
55
373
18
8
492
22
483
25
1
4
165
68
212
268
196
142
20
19
20
59
155
356
290
99
108
496
10
394
71
308
5
431
169
99
205
272
1
84
6
453
480
328
451
457
326
9
9
255
9
265
16
166
32
353
224
21
10
100
435
363
322
84
131
222
265
492
262
39
2
13
9
212
497
54
69
107
7
4
117
390
1
134
85
465
49
397
329
78
28
283
120
21
320
226
25
171
53
272
58
173
42
56
64
4
500
451
447
192
107
416
489
128
292
2
10
1
112
32
418
153
18
47
8
65
296
401
7
4
432
425
11
69
39
39
30
296
155
215
120
14
441
389
7
215
28
370
155
212
37
25
4
1
20
193
96
30
321
419
176
120
12
103
8
13
3
132
185
148
66
15
186
19
208
221
42
214
237
249
418
171
26
481
256
125
26
18
310
242
47
58
151
1
120
66
2
112
383
240
156
210
99
297
351
246
251
57
171
8
210
381
99
70
245
12
9
117
46
44
357
137
51
142
32
5
329
160
412
91
489
313
364
1
201
1
326
43
85
439
143
12
157
244
78
44
454
223
1
2
60
99
30
141
154
122
184
110
70
203
339
24
10
230
442
62
11
27
15
116
320
70
11
439
245
101
443
346
195
330
282
196
409
459
316
58
5
295
131
423
24
24
497
295
343
176
27
255
393
17
188
49
72
55
98
155
98
54
59
176
243
213
142
466
67
38
92
11
16
342
89
114
364
191
17
21
250
75
47
1
33
142
14
25
284
390
339
88
357
102
145
116
68
8
8
2
286
36
23
287
24
464
498
468
169
147
313
328
27
162
20
56
169
429
109
164
3
175
483
246
114
408
283
299
190
102
132
81
43
281
37
370
27
70
475
30
24
375
13
25
350
177
68
16
3
223
37
282
219
53
4
7
85
40
498
10
499
101
472
88
113
241
478
12
275
431
197
483
46
233
64
436
457
167
381
81
399
135
140
47
31
326
132
13
142
442
359
212
97
486
251
236
10
188
69
6
47
13
265
315
443
278
66
341
19
42
245
161
41
346
122
81
258
490
2
90
197
71
2
49
466
114
286
5
197
5
17
11
477
47
26
72
288
381
58
333
273
440
339
149
179
217
33
275
332
8
11
36
63
4
255
266
225
27
280
104
20
23
166
74
482
65
306
233
29
286
30
46
357
222
82
102
422
225
350
217
328
339
408
128
155
11
253
29
358
51
238
33
58
13
125
136
275
23
168
475
181
120
259
351
23
125
407
21
418
96
132
127
201
5
53
382
8
85
349
215
35
401
195
457
4
43
321
161
254
111
8
485
219
217
57
23
157
246
24
76
378
492
3
146
13
33
152
3
244
22
497
101
221
147
91
2
136
121
281
328
70
17
135
49
15
24
76
446
45
31
3
240
385
120
151
29
2
196
400
5
78
5
272
123
5
334
15
178
201
96
225
423
20
309
317
237
456
7
182
174
1
48
21
460
13
80
19
439
401
75
81
42
91
35
120
433
2
278
103
194
8
174
2
237
44
270
300
121
105
328
3
50
279
324
7
64
358
487
317
9
138
30
285
360
364
364
35
272
84
139
30
20
7
255
314
2
329
266
403
11
208
327
12
34
197
4
58
93
11
4
126
329
234
2
332
313
234
486
11
320
37
475
321
83
394
216
457
3
46
46
4
6
67
158
222
199
366
223
65
73
15
81
64
6
221
333
18
111
259
10
42
40
11
420
89
162
430
20
120
173
25
8
303
268
36
190
382
348
152
122
283
181
16
62
21
117
142
24
236
414
494
410
238
97
401
174
45
373
231
198
264
494
7
199
19
54
404
294
422
74
96
387
18
331
2
29
257
35
355
140
125
324
241
101
24
461
45
219
326
468
328
201
422
202
433
28
273
29
120
304
252
200
259
72
17
55
76
8
5
16
94
242
95
1
271
77
463
251
480
127
338
497
5
90
139
152
440
169
485
177
250
212
38
15
13
28
401
21
159
2
97
378
4
250
69
356
12
374
25
56
192
1
317
223
39
15
131
190
131
91
305
165
45
70
472
425
398
10
449
68
330
58
433
135
345
398
238
6
350
11
36
229
297
14
19
1
442
175
446
448
169
119
287
308
277
417
416
429
229
3
1
183
466
6
91
185
48
44
163
470
171
4
5
306
135
55
102
16
442
214
363
366
158
317
3
169
434
328
257
146
223
152
377
371
308
31
158
27
173
342
149
58
492
269
407
485
83
47
400
144
18
308
1
365
233
1
120
351
15
66
220
294
188
453
168
41
97
61
149
398
415
491
427
40
19
105
232
23
30
95
131
369
292
67
50
37
341
344
152
492
337
149
67
67
95
147
139
263
334
66
102
447
54
12
67
338
42
275
445
1
220
41
141
137
11
490
256
28
83
11
169
97
8
11
171
119
265
116
9
115
12
1
113
58
20
14
387
226
38
55
243
151
101
330
81
201
423
488
446
439
48
206
53
57
271
135
40
172
7
271
281
310
30
218
284
11
75
331
15
388
272
143
487
6
283
50
9
192
4
31
410
235
49
211
180
356
492
26
2
300
1
16
108
49
97
4
4
3
5
40
52
240
43
187
217
50
415
317
397
136
198
184
188
287
115
235
304
119
351
270
197
10
36
18
6
130
3
139
185
298
495
135
404
468
149
209
308
270
253
216
87
110
2
277
1
6
50
347
72
333
300
350
353
417
107
171
5
471
54
8
327
39
180
186
448
453
160
52
1
104
141
370
94
381
68
31
171
318
287
1
226
417
204
137
20
19
13
276
3
167
124
370
184
20
219
178
144
185
53
242
84
374
373
294
351
162
399
34
209
30
41
326
297
10
7
42
167
51
43
276
3
483
71
30
26
41
206
315
462
14
18
25
86
341
5
25
162
3
307
294
362
25
32
176
256
77
45
1
175
52
202
115
66
369
482
390
48
133
218
52
185
318
370
473
200
197
130
136
446
103
181
19
83
455
317
137
100
145
34
309
115
4
88
251
346
19
36
23
215
236
408
3
46
445
312
1
420
143
156
1
363
5
359
342
45
377
21
83
21
20
23
107
96
126
176
156
441
127
53
384
481
34
28
234
52
32
136
494
394
174
119
100
98
443
30
110
68
457
361
18
247
494
121
477
129
43
19
95
117
7
278
91
432
87
42
2
1
392
6
216
57
25
67
24
313
67
8
38
333
1
126
53
375
343
319
282
196
284
41
160
409
238
343
254
13
392
347
219
53
309
5
27
20
453
25
258
31
34
173
360
24
471
409
421
373
139
292
230
178
53
41
29
186
267
169
15
46
136
225
6
229
94
33
16
469
352
132
320
423
59
60
317
228
333
346
429
67
102
71
61
13
404
32
441
371
39
382
145
367
376
187
492
30
83
248
8
32
48
6
411
382
44
186
469
1
332
463
369
6
251
249
94
190
370
54
309
42
91
6
313
131
2
54
179
478
58
147
23
394
19
259
17
205
152
45
328
175
115
61
1
190
169
128
4
73
316
21
32
331
290
151
186
56
12
3
217
77
16
20
494
32
7
15
242
6
162
196
199
9
336
66
203
162
10
158
82
190
51
21
145
17
37
41
225
4
2
73
97
72
27
5
196
324
267
89
313
63
187
53
21
487
123
420
74
12
333
301
204
169
28
138
298
366
158
219
496
17
10
174
77
31
41
10
246
89
199
1
500
88
134
5
1
378
37
116
286
52
2
76
482
434
227
34
332
437
491
300
378
236
2
40
7
212
450
1
6
17
485
277
484
205
300
178
310
8
143
456
15
245
395
447
5
176
57
25
6
218
84
293
42
33
3
245
215
6
266
3
57
181
3
7
384
452
74
175
46
497
69
37
112
36
351
62
421
2
203
340
142
2
246
46
198
287
200
407
161
389
3
191
2
276
486
122
350
273
58
94
333
19
9
436
415
314
210
22
1
180
378
418
82
37
347
142
288
23
49
88
122
162
374
187
288
37
8
279
40
384
402
251
22
134
3
302
87
234
7
1
75
119
373
485
360
302
76
325
2
111
335
105
110
10
271
1
425
82
21
36
18
10
7
22
500
145
254
169
17
29
43
270
63
3
7
310
1
281
4
211
26
32
23
62
462
98
71
99
146
369
359
314
177
461
273
218
102
71
413
331
153
365
2
185
307
207
74
147
405
1
222
336
128
3
14
149
70
329
486
31
102
46
103
2
112
11
356
344
235
36
85
51
91
103
420
350
498
467
193
104
346
449
409
85
88
25
406
39
227
150
397
306
30
368
360
426
187
444
254
28
302
293
1
79
302
120
19
482
356
219
414
414
457
9
34
3
201
463
420
12
129
300
196
405
11
49
304
205
15
20
179
368
136
1
59
210
262
317
386
222
420
491
2
276
7
8
103
466
237
38
180
5
165
203
4
129
128
316
268
85
253
65
104
70
89
12
296
9
167
98
2
7
155
135
376
336
199
31
25
281
220
484
27
490
350
6
227
295
457
18
44
8
74
218
93
87
34
378
11
377
265
141
6
86
472
31
400
376
207
3
299
350
391
31
21
84
484
106
1
31
175
28
57
121
362
77
67
325
221
254
363
29
17
1
321
447
207
406
86
105
1
32
375
117
490
91
176
107
461
210
140
296
173
153
283
1
4
51
4
57
40
207
1
73
109
239
187
2
359
494
370
338
313
4
364
395
371
62
306
422
63
42
4
329
11
89
135
2
9
1
414
231
16
42
196
254
84
72
111
2
38
67
247
475
81
384
49
31
37
198
266
371
267
218
317
263
315
73
477
145
3
174
114
119
384
226
409
263
486
414
252
100
330
1
381
55
271
33
258
6
451
37
384
396
21
4
4
134
109
409
44
370
188
49
79
21
67
60
5
472
14
6
432
444
18
17
195
22
194
5
227
1
129
197
21
32
91
131
462
290
128
149
163
215
11
174
32
199
394
189
282
218
21
156
52
208
34
354
91
462
90
73
16
245
341
452
35
262
434
160
3
23
394
48
173
12
360
96
381
323
232
37
145
498
111
283
242
22
203
231
389
421
61
319
276
422
13
3
36
27
367
252
92
50
216
365
149
177
44
318
214
176
15
470
50
32
102
402
436
492
86
488
434
99
497
56
485
278
315
2
388
191
58
290
5
441
40
298
240
1
44
414
134
3
367
223
308
64
437
211
48
81
47
187
302
75
436
103
193
68
5
145
17
152
145
23
266
70
236
95
172
373
8
130
138
94
44
333
1
82
36
156
425
3
148
42
249
134
266
33
45
51
424
413
159
206
140
34
1
171
27
311
305
222
66
248
356
304
9
163
49
10
281
71
123
377
1
434
19
4
129
134
449
210
323
235
6
416
274
41
13
358
126
363
12
369
1
311
3
60
296
20
70
9
342
1
437
2
46
6
444
144
272
6
48
126
47
259
480
385
204
259
378
49
400
380
88
207
111
128
444
255
162
293
358
42
92
197
8
265
19
211
135
147
5
163
9
357
350
155
295
155
159
337
456
248
200
29
420
13
371
67
8
21
329
88
69
333
417
9
81
116
63
309
110
3
416
1
43
131
99
493
284
222
407
88
310
7
412
3
96
96
373
6
87
101
11
13
157
111
276
131
455
2
451
16
8
202
462
3
109
396
126
16
8
46
438
303
207
1
426
61
150
306
267
133
26
172
35
275
100
123
320
111
1
339
285
32
5
272
8
387
2
475
25
57
81
361
256
17
86
2
50
362
37
412
468
154
1
1
126
72
98
183
237
218
98
1
296
389
30
1
235
9
174
21
46
293
52
355
2
18
233
39
71
278
430
83
411
360
232
25
6
371
36
409
24
35
128
48
363
42
100
44
62
116
11
4
67
251
8
153
312
388
225
198
460
9
156
281
50
6
499
73
51
458
175
127
186
64
94
15
27
410
140
1
73
498
51
362
201
200
182
400
487
250
28
328
4
156
3
5
25
383
76
42
8
1
88
47
126
31
291
9
29
74
21
176
331
190
24
87
80
9
161
42
15
36
386
96
383
41
6
151
79
9
3
8
3
13
263
194
371
324
30
297
60
200
345
244
292
109
204
2
444
321
10
210
37
22
5
24
52
161
19
37
496
23
38
292
7
488
102
91
117
74
223
319
160
73
1
437
134
3
155
379
89
275
37
80
261
264
62
189
140
429
476
274
111
417
484
52
58
341
3
271
329
296
138
5
254
100
430
326
127
371
137
11
259
183
485
5
279
3
169
197
73
261
313
55
185
13
14
203
455
118
231
170
264
1
26
80
129
40
108
37
152
1
314
28
303
81
273
144
394
2
5
361
1
118
346
8
181
50
49
197
13
113
441
160
101
43
70
5
63
209
13
312
416
331
307
292
341
53
265
3
254
66
272
3
2
149
166
419
104
9
420
138
38
4
13
237
182
14
14
15
96
1
339
296
37
11
145
113
6
82
320
7
121
223
370
350
125
80
345
312
161
93
54
18
122
457
8
9
10
370
113
94
64
3
204
330
145
222
2
69
292
498
333
213
72
291
2
134
294
145
467
163
173
1
299
34
83
162
263
266
153
4
423
97
277
340
27
156
4
263
12
321
145
61
260
366
47
180
325
351
181
171
229
415
216
279
171
473
20
247
77
12
127
95
65
283
3
491
76
17
113
26
54
77
321
52
104
93
200
4
76
348
179
20
200
149
402
292
310
110
246
213
284
317
44
174
110
7
90
144
1
452
201
377
411
372
437
24
1
468
416
275
353
467
206
65
99
267
248
483
31
414
7
50
432
81
237
197
45
7
288
227
207
69
435
61
495
377
300
458
352
76
466
3
257
309
21
73
200
499
278
256
152
99
37
204
20
365
212
152
265
450
70
284
128
41
5
257
6
411
95
289
251
419
133
373
160
453
29
34
92
416
2
52
246
428
14
468
3
105
435
142
300
194
8
387
202
491
151
251
9
221
45
239
174
1
2
238
342
232
221
156
21
254
286
8
171
1
156
334
438
188
319
67
91
5
318
152
90
12
53
27
76
17
259
31
305
91
307
128
266
93
6
152
20
431
32
12
75
136
305
105
89
145
258
345
185
211
1
233
53
429
9
221
474
154
7
232
421
60
71
270
390
82
105
3
162
169
2
100
361
232
4
188
162
112
297
249
13
182
60
109
52
316
218
447
436
227
400
198
394
47
491
195
325
1
9
459
24
7
56
423
301
91
87
312
184
211
11
11
459
172
380
386
350
107
120
262
472
65
273
14
9
12
311
31
14
94
353
43
134
206
181
287
466
197
443
411
258
178
176
30
131
138
2
64
12
219
130
98
304
65
1
360
267
84
346
45
49
16
1
302
16
161
376
422
487
76
6
278
424
62
47
14
2
156
7
90
4
45
109
38
2
126
68
53
229
407
68
18
485
22
6
1
231
302
20
1
107
313
425
19
21
100
24
132
70
297
316
172
444
14
87
360
43
24
236
170
427
68
43
28
101
20
18
5
37
41
223
308
401
420
18
38
1
365
2
100
41
1
423
1
472
387
84
12
268
74
144
270
82
78
117
124
158
336
149
38
169
269
371
492
221
177
192
4
330
38
39
248
194
1
130
222
321
208
109
165
63
291
494
2
309
364
287
254
5
157
39
73
68
72
17
21
125
44
166
88
478
76
19
42
195
49
2
243
345
32
301
26
466
57
11
371
484
35
474
86
361
102
7
9
89
117
116
52
82
8
20
7
147
38
39
193
66
144
349
98
191
377
263
244
272
379
109
45
73
173
140
11
365
27
243
11
302
184
382
373
10
151
106
158
187
28
42
4
277
31
76
14
32
228
195
274
14
15
171
466
385
329
183
210
146
125
304
499
294
64
20
264
382
3
143
403
498
24
38
159
106
231
8
405
144
64
446
250
163
306
74
281
70
11
16
489
488
464
1
208
198
182
38
55
415
4
22
129
423
338
114
496
193
474
27
21
113
21
379
218
437
431
113
81
60
225
119
3
166
294
1
499
339
26
87
389
442
123
61
57
27
269
65
333
178
205
136
424
4
27
117
29
185
183
3
345
4
115
482
108
230
402
55
78
383
33
5
193
314
47
470
154
22
247
17
23
407
3
1
348
327
250
2
86
302
54
87
5
50
6
124
436
110
86
495
13
289
1
6
220
27
403
220
158
88
219
342
126
463
45
8
28
293
36
26
51
76
38
451
250
338
172
37
25
209
89
5
165
447
153
262
64
1
1
437
1
277
21
314
319
136
25
41
338
87
100
64
384
494
351
235
238
1
1
32
378
13
150
47
484
216
151
233
283
454
71
5
330
277
91
4
23
285
332
8
6
363
71
99
23
162
461
23
4
91
309
445
7
8
21
46
480
280
114
10
104
266
467
17
58
191
173
254
5
42
445
178
33
1
235
77
493
17
291
330
81
233
88
341
357
497
395
169
190
103
345
3
45
68
144
285
15
50
5
259
132
5
451
193
43
239
283
79
55
138
47
46
378
251
41
117
232
5
350
424
303
424
284
48
318
89
412
352
406
205
46
401
441
404
4
180
284
127
162
29
33
7
17
3
152
19
71
5
128
130
201
334
293
333
280
420
177
82
286
331
499
113
154
400
71
143
58
377
79
410
242
11
51
33
495
341
205
409
157
50
11
56
337
437
164
6
20
69
380
347
424
2
13
48
455
461
94
98
111
27
93
36
421
82
46
393
407
128
197
32
33
394
166
403
14
221
268
392
3
8
13
66
6
36
64
8
9
153
22
250
61
170
105
141
3
62
13
386
27
9
201
6
9
356
365
425
306
163
25
382
125
98
327
134
168
37
248
125
139
442
268
295
14
39
306
52
352
5
493
72
96
64
176
30
281
337
132
14
381
10
141
158
318
75
357
38
107
476
14
210
257
209
34
451
99
128
145
231
405
275
396
12
8
44
254
102
56
48
440
273
2
258
175
361
260
121
210
52
129
212
133
467
82
155
353
200
25
124
365
108
54
39
71
297
251
207
20
5
84
14
405
329
45
323
490
442
424
39
122
14
142
110
410
13
44
179
106
435
239
175
12
2
95
101
376
108
456
429
371
319
176
478
1
4
61
118
85
16
53
287
313
469
157
52
12
32
4
209
439
459
2
42
113
244
99
293
70
39
197
136
148
142
378
179
50
279
441
100
84
62
53
307
2
37
451
376
50
299
3
432
222
74
275
121
297
51
331
119
23
35
301
270
428
339
28
63
91
404
108
424
71
67
16
1
220
365
78
370
383
34
9
383
2
9
3
182
304
307
140
59
3
293
251
290
13
499
228
114
5
203
210
83
298
224
154
324
296
65
62
191
16
104
1
260
91
443
38
8
356
40
318
4
450
52
21
22
66
28
10
5
310
105
369
16
33
19
47
73
33
97
40
46
45
418
186
4
253
245
57
182
196
220
219
65
39
67
1
236
16
4
90
180
25
39
30
208
220
267
468
116
189
153
82
68
134
95
98
13
108
1
36
2
83
190
25
81
228
84
286
87
134
294
339
156
50
494
45
46
126
22
456
296
18
104
339
139
10
1
52
250
223
258
145
485
13
10
203
268
173
12
445
102
137
73
106
274
290
32
328
122
196
190
199
281
99
263
11
424
494
4
126
420
29
112
15
32
34
231
41
107
2
77
297
67
113
111
190
45
3
480
86
208
36
491
245
1
344
274
194
157
171
23
25
25
180
15
8
182
139
389
10
292
133
6
41
22
36
376
430
483
396
6
8
499
208
359
349
42
26
216
16
198
188
1
284
32
429
411
370
240
82
41
27
286
7
2
7
375
16
441
21
27
154
147
317
345
335
165
430
128
31
453
118
14
13
361
153
231
15
81
220
100
134
24
463
42
42
424
107
329
181
196
38
15
23
185
23
434
277
252
49
328
152
398
213
247
68
60
48
125
65
35
206
19
140
71
7
121
359
95
59
21
234
60
286
170
6
51
33
43
104
219
427
87
309
26
181
227
213
9
10
158
276
261
78
194
204
117
472
352
150
1
340
412
19
203
224
364
201
14
71
117
500
167
35
113
10
1
76
195
48
222
208
255
123
335
89
37
16
68
174
163
303
391
221
334
52
347
6
114
113
206
362
15
139
95
310
58
154
4
154
67
400
229
97
181
24
362
30
327
68
218
19
381
173
88
242
324
119
426
3
160
49
8
7
295
430
207
7
1
196
7
185
336
100
14
182
319
170
134
39
49
39
177
290
106
6
420
1
7
266
305
189
300
106
132
7
324
14
317
35
30
449
308
294
148
296
74
262
3
292
184
357
15
191
213
183
4
351
10
478
11
212
125
106
450
22
169
7
151
221
12
75
23
39
28
13
1
218
211
1
205
200
111
21
451
94
350
63
2
161
277
165
341
20
2
16
417
1
358
124
418
223
216
306
29
324
72
21
6
442
34
350
1
57
40
105
9
2
93
7
433
63
10
182
486
47
6
174
2
427
436
1
21
26
93
169
428
229
260
325
217
26
181
144
28
2
483
368
103
13
23
365
285
1
373
52
262
27
84
250
195
43
11
334
14
124
197
119
350
92
13
150
131
11
66
304
259
20
143
390
81
238
301
6
91
11
1
1
5
166
407
130
4
119
134
320
94
37
124
45
28
139
26
83
119
264
349
230
35
193
15
24
39
433
392
6
132
380
27
370
357
63
69
469
187
346
75
13
29
68
384
8
47
337
400
20
85
187
4
6
195
244
228
281
243
157
11
316
13
35
486
95
5
86
364
1
361
177
483
484
224
3
500
164
24
110
22
131
426
270
157
303
176
486
413
105
96
331
80
12
92
3
113
1
4
173
10
39
283
103
271
381
413
385
211
352
51
35
106
89
483
91
175
285
5
465
15
13
180
461
149
227
243
416
364
1
70
116
83
207
365
360
473
255
25
185
11
8
1
198
341
451
64
204
5
269
307
101
80
36
457
27
29
91
226
128
7
157
54
302
4
87
8
164
93
225
180
330
58
343
1
250
2
12
262
42
155
92
105
354
75
236
5
51
7
382
174
28
143
82
464
338
193
21
194
259
55
490
154
226
362
13
248
179
152
17
104
334
100
98
60
296
12
273
68
310
296
189
13
73
142
412
448
107
381
191
489
83
9
1
253
481
345
67
116
134
276
498
35
171
250
193
124
32
25
129
164
2
1
215
145
162
319
24
34
65
11
57
283
40
469
88
371
103
391
2
310
59
264
428
498
91
179
226
350
51
15
434
224
113
244
22
156
363
5
112
220
481
81
4
45
391
287
150
12
331
32
307
1
159
6
199
293
216
5
183
130
408
192
181
178
288
14
212
4
449
233
189
116
171
4
277
460
44
41
366
385
61
155
248
114
171
452
235
194
186
346
9
17
496
29
8
3
432
21
48
217
135
296
146
422
211
97
488
249
6
38
23
1
6
39
298
91
37
241
203
50
197
5
2
239
427
468
237
36
271
199
421
451
6
18
273
42
249
351
3
350
178
306
289
293
104
369
111
199
214
338
38
187
70
384
58
118
76
246
257
226
382
77
267
16
291
69
397
89
426
124
34
57
129
289
341
114
15
319
301
1
491
3
142
349
80
272
17
263
48
1
2
1
149
70
401
62
61
460
212
182
34
25
206
52
4
12
109
9
58
394
275
397
8
20
454
246
277
31
19
256
44
82
67
64
8
110
238
307
169
402
106
1
405
92
6
221
51
51
397
346
55
120
304
438
377
498
189
1
92
75
1
64
149
383
34
350
306
62
322
99
143
106
345
463
15
160
13
27
318
137
43
159
267
134
205
44
58
225
335
190
160
141
393
221
279
25
214
7
375
40
5
278
90
232
366
15
499
10
255
208
104
210
4
35
40
307
118
362
303
121
1
261
407
390
35
14
154
195
242
328
111
403
121
45
241
1
156
5
8
184
32
148
160
278
16
434
38
1
168
200
4
48
269
295
490
202
184
472
20
306
118
457
2
11
461
85
1
368
184
19
213
118
24
117
405
39
13
412
156
23
68
44
6
292
25
103
40
2
9
330
364
472
418
1
58
262
73
129
310
234
246
179
147
209
7
40
276
234
428
85
82
205
440
492
159
373
230
154
494
121
218
369
31
166
233
34
193
22
473
347
9
184
76
135
10
20
18
97
39
1
476
8
222
321
249
115
50
374
228
7
188
8
320
226
65
130
42
52
39
334
16
97
14
20
384
5
3
243
226
46
145
466
6
461
297
311
175
354
6
45
48
106
196
1
191
69
95
315
109
12
249
217
467
68
37
31
211
48
42
55
194
316
77
87
24
105
221
8
49
13
309
84
36
112
70
124
5
8
112
1
293
