73
1
188
17
4
8
183
401
18
267
975
27
1448
1569
2
2
2
1
9
1413
18
363
1505
31
649
2
2
4
9
46
5
17
586
35
331
1
1
2
794
1479
46
2
3
1
57
3
859
1
4
461
66
197
260
969
2
1533
55
1
7
1242
40
436
888
829
1
2055
675
519
82
1
1028
1038
190
6
84
19
94
78
6
254
29
253
569
3
1
1
1575
152
12
2
1
438
2
9
4
1157
197
2
18
1361
5
1
3
1
9
2
2
2199
2
198
3
1849
2024
1
2
300
174
324
520
171
5
3
341
1
48
8
3
57
232
1
1
228
1
28
105
800
176
379
31
166
6
238
6
203
1
108
135
499
4
1
67
171
9
2
1
134
822
11
1
3
1
527
1992
7
4
3
1048
11
78
1
1995
4
241
193
40
3
6
324
69
38
33
1866
601
240
17
2
17
13
9
21
2411
148
8
3
8
36
34
15
1
186
171
35
132
49
639
26
952
1
1
1475
22
1
8
91
2
559
10
791
13
2
1
2302
7
3
2
17
7
115
12
1
1
1027
2
1935
211
5
5
6
147
123
267
1373
3
1
1516
1
807
13
1
155
159
1
9
2
2
291
735
652
806
19
45
328
99
22
164
16
153
428
1
1
233
1352
1984
5
4
3
1
116
224
1
1
8
22
7
1
82
18
14
140
96
8
2
4
1
232
117
3
1
302
10
43
64
76
45
39
2
362
278
49
2113
1566
598
7
26
2
60
575
1060
5
30
23
206
249
1727
5
1060
1
191
93
7
851
588
1
1603
8
5
3
127
1
721
648
1069
4
1627
21
3
17
114
44
14
1
28
1
1
119
1
25
337
1
2
24
71
20
16
1
34
5
83
18
15
869
6
1928
43
187
47
36
22
243
335
222
812
23
29
1
4
179
36
3
822
14
935
12
606
1
2
11
12
6
2
606
11
26
522
1015
884
1
41
4
1284
3
60
5
64
575
1
1992
9
12
4
425
51
56
26
1
1
6
96
531
450
5
42
5
17
2
1
126
1389
21
1
1
38
68
33
1975
1500
8
1
1
366
478
166
96
16
28
10
5
1744
11
1
17
72
444
5
15
1
212
2
94
57
22
2
2369
4
2
63
111
14
3
468
369
435
24
50
39
4
2247
3
194
1941
2362
17
158
13
2111
12
144
36
158
4
1536
4
1
1475
2
14
1036
58
6
2
2
154
6
55
629
21
2
27
2
16
246
1
5
92
12
448
1
2
1
490
11
1
10
654
7
15
185
82
933
85
24
2
933
81
1
1
25
1
1082
244
279
1022
4
43
1
1
3
2
5
500
30
64
1470
5
884
11
806
1
1
71
1686
6
34
1
28
50
4
5
826
1324
670
538
135
22
1
4
2
2173
1032
1
2440
845
1
17
1
162
1
51
1
13
5
30
546
1
1494
28
35
23
27
218
3
1461
223
6
9
1523
1
2
1
930
87
4
216
30
267
583
1
38
5
2
1
1117
922
865
1
674
22
9
117
1880
69
212
3
71
7
1
456
4
573
720
2075
179
298
222
511
3
19
21
1
132
3
1714
1005
13
60
623
11
1
410
10
25
70
28
850
41
54
13
4
2
7
1
133
108
2
91
3
2351
30
247
47
265
1731
434
533
8
16
337
1
26
2
2372
1
16
1179
5
71
7
24
7
14
17
7
35
57
135
2
34
90
6
840
1
247
319
374
166
11
1
4
953
1
304
65
6
8
1
1
8
29
11
9
3
101
26
957
20
250
5
544
434
1
235
249
623
498
308
3
286
43
8
175
5
5
3
10
172
1
1
684
2155
15
2
1
38
5
421
2371
359
4
225
886
292
329
965
575
17
245
186
168
5
145
65
240
3
1
1
1
762
141
2
7
3
45
1817
225
1
47
1876
372
4
18
3
2
1
2
1
218
370
877
1410
2
47
135
1
104
5
30
1
88
1641
4
10
19
2
1
2403
717
14
2006
4
20
50
15
17
110
11
3
21
4
6
1
2
3
288
3
1
110
35
97
1
31
61
375
16
1259
1064
8
1
7
115
2087
782
1266
34
1229
30
39
2
17
355
4
41
7
408
1661
1467
2202
4
1090
2
332
21
27
6
305
2
1
132
2
9
7
6
11
118
291
4
4
1939
39
99
202
11
1
118
65
203
291
374
569
135
581
423
441
267
8
5
989
17
97
1
718
705
3
1
1
2
1
32
1
1968
616
168
1
341
6
21
2
1145
9
4
295
1400
966
3
2
26
2
28
763
119
424
19
20
48
16
8
1
1905
66
2
3
6
2
6
1
314
2046
1
549
26
20
1301
1241
1161
313
5
39
570
127
2
7
1
914
258
13
2018
884
751
62
2
1
70
33
80
1
2092
5
115
1259
913
1
21
57
8
58
108
73
26
691
85
994
42
1
3
1913
2
1
175
1245
2
5
1
17
443
250
669
13
2
108
37
1406
32
1509
55
277
1190
21
25
605
3
840
273
1076
143
41
47
17
1
1
970
84
60
901
1
447
3
2279
40
4
14
146
88
40
16
928
169
49
1
1367
862
688
237
19
8
3
195
186
1261
2
68
275
92
39
76
2485
1196
773
25
14
40
1681
872
934
54
1
81
1
57
6
57
48
1
962
2329
2440
1715
18
48
946
5
2194
79
33
66
1278
2
302
1
3
213
2
8
160
4
416
34
19
427
1589
3
3
585
114
5
1
20
140
2
3
2422
3
73
181
1502
268
25
1
2
92
29
56
3
203
97
19
47
4
319
15
1308
15
10
162
1
185
19
168
1
379
1
645
1
3
144
2
310
5
4
1
1
240
448
28
144
18
3
1
2
14
2
35
2168
7
1717
1
1
34
14
128
216
2
64
9
1443
1401
45
136
548
30
46
350
3
67
1
4
2
6
1
37
1292
263
62
8
585
3
75
1109
242
779
2
21
1505
1
257
50
1
3
19
68
1885
1
16
88
546
3
4
1
16
78
29
1
325
7
550
121
3
5
250
4
155
75
295
2
12
10
2
4
104
1
1
6
10
38
26
4
813
429
2
8
110
51
2
58
4
1
84
24
32
10
1
2124
8
25
42
327
1508
2321
2
301
439
1
226
1256
36
140
4
211
5
171
1
1304
23
685
65
87
346
1
10
53
138
1964
10
27
774
171
1
47
18
476
541
1509
3
2377
843
581
216
92
230
2
39
39
3
357
1
277
8
172
147
2
945
286
19
55
209
9
33
41
272
5
14
1981
15
20
68
90
3
1
1
1
841
860
2
263
2
717
12
114
1840
226
122
1788
289
290
2
101
858
23
8
155
17
1
5
17
970
503
1986
312
2
3
226
4
63
116
441
24
43
1446
1153
63
137
1
318
7
412
42
3
197
268
7
1663
3
1868
1
14
157
106
276
66
6
1
8
4
494
115
4
55
130
547
48
558
575
22
806
9
78
119
135
194
1
4
97
59
63
31
15
124
2235
348
8
74
42
2019
238
203
2
2069
146
90
233
3
1
1
22
1328
11
235
1
1
22
3
371
54
5
271
1297
1799
223
520
4
126
5
23
8
227
12
1306
572
1
2
1
5
84
1408
57
9
1922
1
1
25
1485
20
405
3
5
427
17
19
2
207
5
11
33
3
847
2
11
729
357
4
2
6
12
1544
3
3
47
59
5
32
9
141
658
12
8
30
403
119
202
1
1474
557
35
195
6
9
48
9
630
7
162
7
1602
1
437
334
2124
48
208
149
1
42
2
2241
5
1972
1
119
318
42
780
264
22
6
1909
12
36
384
1501
74
2
2
1200
703
857
121
48
3
179
310
23
18
9
1
54
2
24
97
33
359
10
150
56
3
52
814
1
509
2
580
327
716
3
2
1570
1589
1
5
6
5
473
15
3
89
4
70
21
37
47
1479
49
2041
395
236
529
4
45
1
2426
534
107
86
4
5
143
113
248
1
913
265
6
371
1189
4
12
23
986
651
11
3
1
1642
1
137
9
1
11
6
88
25
19
2
2431
1
774
1
1595
33
243
2
387
1
311
98
4
2206
81
416
257
913
157
2
9
9
235
4
1
1
1
42
1303
1
495
1
3
920
16
1610
16
88
49
1973
190
1
1
2
116
24
22
392
2
2
2
1
1029
28
28
771
15
32
1
24
17
6
1675
1
159
3
18
10
17
1221
1113
56
10
704
16
454
284
29
324
951
190
5
1499
4
132
4
82
307
478
21
14
175
2137
176
6
3
76
2376
13
97
448
1
1213
427
1
43
23
5
6
408
1
25
17
2427
1
12
3
16
1
5
16
2
1254
4
9
270
5
30
4
330
925
564
41
1
17
1
77
66
10
210
435
76
4
163
12
1203
49
5
257
13
53
7
473
114
1267
8
1
71
1333
514
218
19
1
1
716
10
442
54
1615
256
465
1
3
3
5
38
272
2390
1104
1023
271
26
893
1023
8
716
6
660
1470
3
8
288
20
35
5
6
17
4
50
7
393
4
60
1
210
1
14
854
960
136
172
223
35
2
3
1
14
1
17
715
12
241
212
1
7
1
2
217
434
1818
598
1
1
852
1
333
17
1
1
10
299
2191
3
341
348
26
1
1004
1570
1727
1
6
1
10
247
25
696
16
12
1861
2
1
216
9
1735
1
3
2
2
1033
1776
74
10
424
59
8
343
18
8
22
650
2
18
4
28
6
2
134
9
15
48
265
1
48
7
259
9
3
25
4
1
1
2
365
258
434
748
128
21
4
42
1356
2
35
12
52
510
424
818
10
36
288
92
1
1443
3
1044
18
1846
113
2
644
28
2
1902
1
16
68
54
437
1
1983
306
615
11
36
401
824
182
79
102
640
2022
134
12
12
1
1
146
24
5
34
1
5
2
15
6
20
2250
1527
1
1832
187
13
32
62
844
31
12
1685
242
1784
106
1
161
1465
2390
23
11
1
501
307
51
1976
615
16
41
363
2
1506
138
10
1253
4
16
34
68
212
26
584
173
1
274
623
1398
7
321
1
342
1
143
45
81
1
3
1
231
79
1135
1289
1
2
8
416
45
155
4
21
3
341
1063
110
1324
147
154
243
5
246
1992
281
1
1425
2
1
1420
2
1
277
506
155
1
264
349
2182
3
8
4
2
273
2
5
4
1
57
8
26
170
124
2
110
1
18
2
4
1
407
16
15
6
105
766
1080
156
2
10
2
8
9
1696
1
1
1
7
2265
83
58
2
478
6
332
64
46
1082
11
28
6
13
507
561
32
1
7
1
2319
554
16
59
687
16
60
782
9
3
15
2
1058
2
25
320
1
2
13
366
168
4
1
67
1
3
139
5
7
8
102
21
149
1
148
13
405
9
1
1
2259
16
1
1
128
35
41
23
8
327
130
15
109
4
1446
19
15
40
9
1700
740
5
6
8
2
6
3
104
1
1146
40
244
71
378
707
61
280
38
6
384
3
63
163
129
1097
36
67
98
360
1
11
1
521
279
553
421
21
76
1243
33
60
3
35
273
564
1
211
1247
427
13
1
1
2
3
753
67
40
11
1
560
9
1
1
10
343
1140
1
13
4
1474
2
402
1
913
1
2
1
5
5
10
91
22
349
16
3
2
1416
1
11
2
57
1
27
27
68
2
167
3
74
760
2
714
14
65
1
18
58
8
327
1
2
5
1390
5
793
406
26
656
68
1507
380
4
14
11
676
1901
68
210
1
17
15
148
54
54
638
166
27
20
24
70
2353
15
1
616
12
55
211
262
903
643
2
7
63
475
8
42
1
199
13
86
1177
939
11
1
154
103
484
16
209
1
5
4
1
136
1
509
5
1
552
1
47
723
1184
38
621
2
2394
1
9
7
54
128
23
243
861
19
1
353
10
86
70
239
238
2
587
1
450
230
7
160
7
5
381
173
4
17
245
558
1
292
461
65
1153
22
15
16
8
14
1178
1
1
3
1685
292
9
1841
45
32
2042
1
1032
1184
47
1187
7
6
2
1
16
188
13
2082
1
784
5
1
7
1
117
21
3
1
612
3
685
7
1074
5
30
1692
8
11
709
1
3
2
8
609
88
1
250
3
42
8
8
1726
3
1
10
2
289
2
89
1955
567
2268
380
1
1362
7
1
310
7
57
1
1591
2137
43
34
42
2
8
8
57
888
2161
16
2347
38
70
1
1315
2
272
198
33
1
9
449
372
33
10
149
46
1339
10
742
63
86
196
7
166
34
1757
1
27
3
12
3
8
209
39
353
36
505
84
2084
186
120
260
1294
2
50
846
563
155
3
10
1
1
3
99
35
102
58
9
205
43
483
48
168
391
263
1301
480
16
30
68
1
461
67
32
1867
2
1
158
13
143
844
6
998
792
5
1062
15
8
124
275
14
136
442
35
784
1128
93
4
77
2223
2397
70
6
9
47
1
1
147
56
452
21
271
3
2
2
41
278
1253
49
183
48
1
173
74
11
62
1714
5
7
490
1
1
2
19
1180
2325
338
39
297
52
13
19
17
5
67
2
1
2
2
19
22
21
4
15
3
54
1
216
1
1
10
1
3
2411
1
2
15
661
1406
1248
1317
6
29
183
229
4
216
1
10
42
806
438
79
1
29
5
17
2
1401
22
32
7
593
17
333
172
52
6
125
69
150
2204
449
2
97
1
639
12
365
36
2212
43
1
1
76
14
98
71
227
1869
17
1
3
277
3
29
53
673
8
1
86
35
1
41
23
2
758
210
6
72
375
14
1043
776
1816
616
8
52
64
451
2
1115
11
143
4
32
6
2
921
10
1
1914
30
462
8
1
1556
35
290
59
37
1036
2010
1
31
4
398
154
77
194
181
836
1949
44
134
2
1714
21
39
44
661
1
1
4
665
290
39
222
1
579
5
19
72
31
1
94
10
1161
4
1061
59
3
1418
5
1
87
7
4
5
2489
42
44
16
2
1
2
9
17
1
1
18
53
385
191
38
45
20
7
2
3
37
2
2
4
24
32
45
7
1
803
5
1
539
1
292
157
39
2130
30
495
31
426
38
618
24
413
22
468
6
1
29
6
163
112
2351
2
408
3
994
16
413
26
706
395
1279
2
51
15
3
691
291
5
13
3
60
13
38
2
537
254
1304
1
408
1723
42
239
1
1
2
7
336
1
116
262
3
38
584
9
195
1673
222
144
301
6
1919
1
202
29
5
1
8
8
95
174
1
1238
82
6
59
158
56
1
31
34
1
1744
3
1150
9
4
10
113
3
1873
78
6
6
32
100
83
2263
36
21
41
1
30
1578
1757
9
101
60
5
97
151
57
4
1
1282
188
3
1
1
16
158
53
833
43
1316
1
160
334
1
6
9
1
3
43
2
2
338
39
163
2030
379
2
320
4
305
534
3
11
2151
2
47
1
12
14
1852
8
247
8
659
229
16
1
5
392
44
223
67
317
1010
1
2
259
24
21
10
2242
191
1
72
712
1
164
1413
64
5
7
1
1492
133
96
1
41
6
23
108
195
99
7
1
4
1
50
4
48
1
210
14
14
1356
249
91
7
20
9
69
13
6
19
171
2
119
1
20
3
253
10
1325
900
1749
6
100
376
4
207
63
13
8
7
98
170
337
8
5
69
1475
406
76
1
217
678
5
1708
325
1
4
43
8
9
2
1137
30
329
23
150
227
1579
14
37
3
303
7
3
704
9
2
42
15
181
5
3
7
17
669
251
1
305
36
112
1
303
329
2266
11
85
83
12
102
1633
6
5
2
3
3
939
49
49
83
80
22
7
679
2
1
124
11
620
1
94
846
5
135
1
6
59
9
60
66
400
32
327
325
960
155
86
536
1
9
1
10
480
1
1814
1
3
25
12
81
81
2
1
2
137
1
2374
2011
378
561
37
1691
269
152
1
8
623
1
73
2
2
17
1
238
80
8
383
740
5
154
2
139
7
467
3
8
2
1
862
22
2237
3
6
1465
102
232
1068
1087
3
3
1
6
18
365
4
165
8
4
1
1
1
2
1420
1233
15
3
676
39
1157
1
1
515
8
69
1
4
526
948
172
125
12
4
8
3
3
1
2
18
1
3
1720
7
14
48
861
1
23
90
7
9
186
1
71
26
436
14
1
1589
17
33
688
2
77
2
2342
2258
7
1942
1
338
923
18
2471
193
2
2
13
1
150
29
2
7
24
106
38
1376
1
477
9
112
7
22
4
1375
84
5
116
769
8
1
1
2450
1
32
39
1
3
3
615
403
144
1
52
3
3
55
97
4
27
103
8
43
773
2451
1364
2
212
221
10
465
1692
23
236
650
1
25
180
2074
1497
1554
10
567
18
19
1184
18
675
103
7
743
2
77
1223
1337
46
116
414
10
21
209
829
1
68
72
19
239
31
1
99
85
2025
41
1
46
44
1307
73
12
1
1
818
69
2
97
523
1
209
1
15
595
6
100
1
11
1084
1
828
898
941
22
55
1776
23
1502
1963
58
50
4
99
102
9
690
916
76
391
32
3
2
1
3
51
7
9
4
13
28
178
1492
3
289
452
74
2293
9
131
1047
139
89
8
37
24
92
1063
614
5
1
168
52
1
40
95
21
2
55
4
28
577
2
2096
2
19
357
6
8
26
279
217
17
45
386
1125
2437
138
286
30
1
1
250
2353
2027
813
846
202
2
2
32
1
548
148
2
32
64
32
104
410
38
191
53
19
14
392
1148
698
27
70
526
2314
5
83
274
15
25
86
43
3
1
1
2
2451
1
12
1
1416
2
1428
147
95
21
19
7
487
346
4
10
1
842
208
320
14
2277
1612
98
32
8
1
198
4
1
63
283
45
42
479
50
1
1992
25
6
29
22
61
9
3
5
2
14
1
2
30
110
1316
54
363
33
31
832
1
91
70
99
1
6
1
96
6
54
758
1633
11
6
1
1
16
11
243
307
1
514
393
19
3
261
13
366
507
1289
5
524
491
25
1826
2238
1054
2464
2
233
353
256
3
1
2061
124
1
10
2111
4
325
29
95
21
1399
6
1
12
1284
76
258
8
954
405
2
112
548
2
1
2279
3
40
12
2479
1
45
93
50
70
48
23
7
98
1
11
78
505
45
11
332
602
462
1988
524
10
416
237
1073
332
612
9
8
15
12
4
1786
4
3
2496
3
20
12
145
200
20
45
63
315
681
22
959
134
3
22
1
59
558
854
2409
232
1766
2
6
403
3
369
6
2
2
2
3
22
29
4
179
394
1
23
4
118
30
21
2
1
6
6
9
10
2013
829
68
11
5
800
610
36
3
39
78
619
38
2181
1
1142
158
1
14
241
16
9
1
18
1311
104
172
543
581
6
825
274
948
198
39
656
22
31
3
3
3
5
1
260
155
166
1
815
214
1
853
36
34
1581
120
8
32
22
1
3
215
806
885
1
11
61
9
1
8
5
39
13
1528
73
452
201
26
1
1
474
292
2
980
53
106
2230
2219
1
32
10
8
151
2
4
38
2
225
171
11
2211
3
1
36
1671
516
352
19
22
400
1
1407
456
1209
114
2
11
32
10
1
13
87
1
5
3
184
117
1
2
466
16
51
1
1
312
48
873
32
1529
532
1
216
90
18
4
11
51
50
1
4
128
45
13
1847
144
29
13
1
2
2109
342
5
9
2
12
5
1663
1495
3
22
6
5
1
43
194
12
20
1829
5
1
1
2237
6
1
338
617
1
3
963
90
113
569
622
1
35
1175
67
2
20
1
183
1
21
9
23
1026
267
1529
12
2
6
3
25
4
186
1
1323
4
1
77
1
387
545
4
146
431
9
923
1446
46
6
93
1
38
2
747
33
849
2
20
104
10
2
182
1621
2300
1922
1
94
379
1
88
1183
281
1
991
3
207
712
1
1
874
648
6
1
336
53
40
2
41
13
1
3
240
9
3
493
1122
86
1
93
16
1171
4
103
1
99
2
262
52
87
423
253
34
4
682
2
26
154
164
1
22
585
2012
1
4
342
508
48
9
877
1861
2127
1
26
3
92
137
11
130
4
2
268
1
6
2
23
17
2001
937
53
116
42
5
1
452
8
3
137
545
2
4
210
788
45
45
10
77
383
316
996
60
382
32
186
240
579
2
2
362
642
328
52
15
1
1
17
200
769
2
52
14
334
2
1
15
2
109
1
1
9
70
12
5
578
27
65
82
2
94
45
2
1
72
619
258
330
1
65
83
192
55
4
2
2
2053
50
1905
1
6
35
5
704
1
97
1942
40
30
124
829
42
3
15
814
1
1300
268
257
1
1
1
313
59
21
909
70
341
308
1712
23
4
19
3
356
653
92
144
369
2
347
88
1
2
48
1
11
10
266
1309
66
178
32
1412
6
6
107
7
5
19
1
19
610
266
1444
83
102
29
2
243
65
1115
54
1740
13
834
8
133
8
60
32
257
10
29
10
1564
8
923
34
1
469
57
1444
340
53
1
79
1
108
26
1177
1
20
48
1
11
13
64
335
6
593
994
1566
2
1612
46
51
123
3
459
36
5
2
2
238
637
108
466
95
1735
226
1983
2
158
49
37
62
61
43
13
27
48
31
1
8
23
419
4
18
305
1929
591
62
25
57
1
2
1
9
1
2
28
1611
37
10
4
1990
1407
1853
9
967
11
2
2055
41
731
689
9
47
33
5
175
194
20
7
1021
233
234
11
1
1559
462
165
289
1318
92
1
18
44
6
3
32
9
42
945
356
1
1
1
1
708
4
4
15
938
175
29
1
10
1
732
865
1975
168
64
5
14
41
55
1
113
3
1
103
8
28
7
14
1139
3
1105
518
10
139
2144
8
846
1
5
97
463
6
1942
7
2435
56
627
666
1180
10
1
37
803
15
65
2
21
176
808
151
3
1
12
17
83
75
4
106
2
38
1
2
6
658
369
1
66
33
5
2
420
13
46
14
10
6
2
1
1
1
1
11
39
2
1
381
1
21
233
164
108
630
4
93
328
572
489
169
9
5
2
2
14
157
21
3
397
1
621
9
19
27
1154
324
41
143
162
50
708
4
2
9
57
371
1332
167
12
100
512
1
183
782
51
114
2
1
2
7
60
5
1
2
65
2346
184
99
29
697
1647
2
117
3
23
89
58
3
10
200
576
298
1719
237
5
1
38
2
2
2
522
1
8
1
19
354
1
45
1
852
9
1158
294
9
99
4
2081
152
224
1
8
3
913
441
1
1
18
463
252
16
166
2
250
40
429
16
1799
20
1
175
1013
1
1166
70
11
7
1810
2
43
14
287
13
1774
2
222
79
9
1
57
56
167
2
21
7
1
73
41
1
100
16
2
54
690
66
1517
1914
730
545
34
23
72
1
1
1
1631
86
20
1
86
770
31
57
190
13
218
4
2
1122
2
1146
13
5
5
53
724
540
7
2
83
3
1657
1
269
8
9
2097
53
3
31
116
1
45
144
57
1826
941
7
1246
7
5
47
12
60
50
1
11
1870
1461
1
329
1
73
855
6
167
181
628
1027
95
205
52
4
2063
1
280
7
25
1
14
16
547
4
484
2
95
14
10
997
9
1986
188
24
1826
199
11
14
1
10
33
24
29
17
11
828
50
581
89
1678
19
3
189
1
8
51
2496
3
724
668
132
63
1
1541
899
1183
1
1
1
281
353
13
729
467
17
2
51
9
532
155
24
235
61
36
3
47
1
111
4
2
23
869
2
2
1
284
9
487
2
1941
1
39
45
2057
165
37
6
2340
1
2
76
208
17
17
14
5
6
1
6
289
614
209
220
684
1142
10
30
56
4
402
237
296
155
11
88
29
36
34
364
499
1349
105
2
1
6
28
41
2318
2
1
12
347
7
163
1908
100
17
13
10
52
1
264
358
35
3
2
375
1055
36
2
10
29
349
24
2
140
24
215
1251
7
11
158
3
127
498
49
640
37
209
336
16
1335
5
48
852
920
14
1
2318
127
248
11
3
17
8
382
3
14
51
1960
10
1
75
1
43
1756
2064
1437
60
740
14
4
1122
2
101
21
1511
270
25
3
559
5
79
1442
1
802
434
23
877
14
3
1616
2144
2062
2
1
50
761
473
9
359
1290
1562
441
62
661
2
2
6
97
1
11
102
266
87
8
10
784
22
13
156
1
1
475
2
2
335
27
5
12
6
212
10
6
168
476
61
81
4
1
3
1
53
1
686
50
12
250
2
4
6
4
1
4
79
44
4
207
50
26
654
89
3
1
2
47
433
581
1245
451
1
154
1
1
1990
117
138
26
5
1597
9
147
4
6
549
132
10
886
4
7
1041
3
15
232
16
1508
35
366
885
72
8
39
30
2189
159
1136
1372
2420
170
27
38
1440
888
4
76
6
1264
7
198
611
293
992
195
3
2067
132
3
7
65
283
13
11
494
1
54
4
1763
73
789
203
117
184
11
3
673
3
10
115
24
323
1080
1609
233
3
22
1
1977
8
139
313
1598
7
8
11
1
1
17
19
1214
1180
178
9
7
1224
76
20
1
65
12
1
1169
34
19
241
32
15
1320
7
608
304
1
2
10
7
1
1
49
286
12
18
44
64
164
5
5
29
11
837
4
1478
13
151
166
2115
12
16
365
1839
1
2
53
1
416
754
1964
14
310
2
16
1066
446
41
1032
11
2
5
26
1044
598
190
10
1056
3
283
415
855
28
742
7
1
1095
157
2021
47
3
69
1519
1716
14
4
1
339
4
32
335
80
39
8
25
2102
1784
164
978
1
493
1
15
2
61
1
19
189
48
11
37
119
155
156
248
1
33
9
52
274
1223
5
133
44
11
2
3
1108
4
8
710
12
121
5
1
2027
898
239
19
682
3
1285
6
267
1
1078
86
1191
6
666
124
13
3
22
379
3
17
41
211
3
12
2
741
1
312
259
536
1
33
3
44
516
805
25
606
18
58
1
20
1
86
81
2
33
5
341
3
726
1359
451
3
1233
1
157
76
38
53
3
89
110
179
244
2
2
6
82
204
852
3
1
36
1827
11
11
2281
4
896
113
1
1338
8
1
1
2
42
2
532
3
3
19
2
295
1
11
954
3
804
102
3
140
857
6
1
2
257
91
8
24
123
421
149
4
2
66
1
409
1
6
431
9
2
134
1
45
106
4
388
5
2
25
255
18
8
588
92
13
240
133
8
270
8
1
1
7
10
1
24
401
39
1049
23
10
239
638
7
1053
1159
436
1986
18
7
6
21
3
14
2365
4
115
5
17
66
675
183
32
11
203
21
1
2
66
59
2
1
613
182
135
1
668
659
1989
1
224
1
2
846
26
3
446
13
2
585
407
1
131
1686
375
2
635
290
1
328
60
19
5
1
14
108
1211
362
289
1322
27
56
2
2101
50
257
288
627
12
2133
977
353
57
173
27
1
20
1
2
643
29
1
12
5
67
4
202
2
32
2
6
537
9
74
1362
150
561
69
321
616
1787
62
34
345
1021
1
28
25
143
10
51
135
4
4
33
1809
797
76
98
2
9
1
1321
6
1482
968
37
67
1
1
8
450
26
56
1727
5
3
626
3
104
165
3
136
10
1
7
157
6
497
95
39
318
20
1474
5
83
90
888
3
1
2
110
49
957
146
1580
550
2
1
62
937
49
81
599
81
7
3
115
3
630
1
5
3
1
1315
4
2
776
7
73
52
1134
1
1
3
251
5
2461
6
6
272
516
2
268
5
506
22
1441
103
24
65
1
6
56
6
2
137
742
77
63
1290
41
4
42
5
1
1
1
2
1
1
26
16
1206
3
445
839
1093
23
1
11
70
16
1885
1
629
12
87
4
5
4
2
2356
46
113
4
25
943
254
345
800
186
1
421
1487
1
364
1
2
1
52
122
285
1
10
48
15
1628
152
613
36
217
39
494
2
6
50
56
6
978
15
2
166
1
94
3
49
30
1
32
66
2
1
2
11
2
413
6
1
7
1
2
752
118
454
11
1
1
390
11
530
153
6
5
928
114
28
875
719
1778
83
2
14
1243
1484
240
46
11
596
7
2
294
776
115
15
88
1007
6
89
1
56
1
27
107
219
238
40
1
82
20
16
62
357
152
18
105
1
70
366
28
305
920
18
211
48
6
3
97
4
1
308
242
534
1
4
2
2134
41
566
3
2
39
3
459
2033
9
1
8
11
5
1
27
6
111
1491
224
1814
27
756
45
1261
2
1
613
3
1
2
9
1
4
2379
5
1287
1
71
28
3
3
25
99
32
2
1046
4
2362
309
5
26
5
2407
6
265
707
1981
106
86
4
172
10
91
125
13
41
8
2
708
218
88
584
552
2
21
2
17
47
86
1428
32
13
1605
62
1
88
25
2
1
63
62
34
2
28
2
33
39
795
16
5
103
15
325
566
1335
9
72
2
86
84
153
6
29
3
2
476
69
74
1
10
52
15
1172
1
1517
4
18
199
1
246
3
136
4
216
7
31
1
1
1
8
1
4
1241
1
1
707
51
65
168
6
1
22
8
375
1355
2078
1662
47
1211
1829
1
458
50
35
1657
12
1547
84
85
1
1
1846
1088
708
3
8
1
17
11
35
45
1
36
451
221
1058
357
2334
222
15
3
23
11
1219
4
10
3
2
30
2
615
12
2151
5
1
602
610
309
2
42
2
1
67
1304
1258
314
262
63
1056
43
23
230
435
1
209
3
2288
613
4
4
1136
377
2
99
34
6
20
16
5
62
768
613
2
10
2
3
96
2305
942
75
227
1
82
11
103
10
1606
24
5
1
1005
14
2075
21
5
11
409
359
1828
96
1243
6
1
16
2272
1244
714
1
1011
1896
19
966
9
174
10
70
97
19
497
62
1
1
254
621
22
13
1
411
49
1
1
315
13
129
8
2
80
7
50
56
3
597
3
126
152
23
1
21
81
200
444
576
6
2
408
739
2
2068
954
5
7
3
2
2011
135
964
1191
72
94
1089
1
2492
13
8
1
1
12
5
181
54
20
5
1537
216
105
636
17
10
598
15
6
104
130
845
2
1
520
529
543
1798
77
7
42
34
272
1
55
30
241
8
3
13
1405
348
206
31
797
8
3
7
3
88
8
2
60
447
2
353
8
3
158
23
1
2302
1358
1022
19
136
75
237
8
52
1
2
3
1
10
1
4
1
17
164
732
1473
15
20
2151
244
774
908
853
72
43
58
6
526
1881
6
1
6
2
252
3
4
9
306
1144
96
19
51
1
455
404
224
227
3
55
5
82
95
37
466
3
601
4
86
1
1
3
32
594
10
1
2
6
120
8
1641
8
606
196
233
161
335
1
12
2
3
1
23
37
3
76
145
749
24
9
4
754
10
23
4
3
8
36
2
1
2151
23
7
2479
1
3
29
1
6
198
25
130
89
1013
12
13
590
48
121
196
132
2
1037
2
1
1
206
65
1313
39
1
280
1637
970
146
23
1462
4
4
1267
1
165
147
1
64
55
1
267
1
3
7
29
162
1277
11
4
2
283
5
16
131
2035
41
439
3
7
17
1466
2
4
512
1
52
335
5
172
199
644
433
153
13
2
42
1378
47
18
39
1086
1
53
786
4
374
1
1
169
78
28
41
2
167
61
535
494
68
394
23
1187
102
3
623
22
228
11
1
1
823
817
4
5
3
67
12
679
51
1200
44
18
30
1348
12
228
203
4
1
377
1629
1
7
10
9
103
107
2
729
20
7
1991
136
43
836
333
219
915
2
2
3
221
15
192
120
396
52
199
1
6
2359
47
1903
466
6
1626
15
1966
8
1184
77
18
8
10
88
1257
6
2420
241
1742
19
4
46
1
1
4
226
2
12
4
50
1485
96
2
40
2
103
82
13
1315
375
2
4
17
3
50
396
5
4
489
1
31
16
5
3
3
28
15
154
3
259
178
1812
50
190
1
32
1
60
5
140
1
23
1
222
3
4
604
59
162
7
33
613
1
1205
13
1004
1
504
2
8
67
8
372
14
2
84
209
79
309
803
4
283
958
8
849
1043
13
102
42
45
2430
9
12
2
3
4
479
67
45
1
32
172
2
15
148
37
21
578
1535
452
91
4
60
84
1935
17
1
6
791
3
2
43
1732
5
19
418
5
4
2335
50
1562
23
6
8
389
1537
20
362
2
7
1641
538
9
1
1
422
6
230
1
507
3
4
64
16
65
2014
70
11
5
1034
1280
1
236
384
1
891
83
1
1
2
2150
1578
3
2
34
2
937
246
2369
594
1079
24
3
1
144
1
12
2
1785
1
3
1
34
142
2
4
143
14
935
9
1350
1
46
2
17
135
15
71
1
2
4
6
3
7
10
553
3
65
1
316
304
259
2
1
235
693
3
383
85
1720
4
66
1
4
691
15
1407
49
1
342
1
568
1208
1
76
12
2
44
1895
152
1126
2395
78
2
3
54
5
132
5
6
8
734
2
4
163
3
4
4
1973
1479
2037
188
76
235
3
12
757
159
53
1
1
1108
533
538
162
8
2
16
1
97
381
9
868
584
1
3
1169
16
256
39
3
43
1
5
1
1118
4
98
297
2
10
1
18
1
9
14
373
606
5
2
26
78
25
128
48
5
45
2
177
56
4
40
33
5
4
34
20
83
87
121
612
3
16
1
121
131
1296
802
13
10
12
108
11
482
2
188
4
633
150
4
27
306
5
373
28
2
9
20
2
27
515
1
341
7
36
4
56
171
142
2171
30
1
3
43
32
14
371
6
943
289
14
1010
1408
147
2454
1
612
232
2193
1
1826
62
3
7
2
1488
2497
17
674
383
327
5
59
1
181
9
20
1965
1
701
1
77
744
10
233
1
31
10
2
4
71
28
1040
2
2318
514
11
595
479
4
1
162
1
2
1183
6
12
12
101
189
13
8
1
10
8
115
62
40
36
6
212
282
6
223
255
1
13
20
336
56
491
17
1443
3
4
868
2
1
1
71
1
20
3
248
227
374
305
43
290
8
294
31
1
1
1792
2
2
3
1451
6
14
1043
30
888
23
2
1262
1
96
828
2
224
2046
12
3
6
68
3
122
14
110
2464
103
2
762
98
42
3
1
4
1102
31
10
17
1294
14
118
3
1
3
28
2077
17
973
1871
75
2024
6
246
132
44
57
554
1
8
531
646
1
187
3
8
671
1
2
52
3
891
3
1
3
213
8
1019
7
2
1
252
35
1643
3
4
73
5
337
2
1991
550
89
11
1797
2
7
2
67
391
8
3
1
3
1883
13
2
64
89
2473
1381
4
49
38
7
347
10
68
48
6
694
391
1
45
1
13
4
780
3
26
4
189
95
614
9
10
2
1641
9
1
6
765
2296
10
58
3
8
4
8
4
825
11
1
39
792
7
65
13
229
14
143
1
106
90
1
136
778
1
123
96
1
7
185
27
1326
7
292
68
2
6
29
167
32
290
295
57
45
150
1
146
172
1308
5
120
4
1
331
1149
38
240
34
710
3
2396
453
4
1
1
1077
2177
1
1
538
1933
9
29
23
1
2111
9
43
9
24
287
222
31
6
2
7
18
149
41
26
16
252
2248
70
5
2023
249
88
30
1607
7
9
1
1
2
3
133
81
269
2023
1
3
1306
1
5
3
1263
7
42
269
423
38
33
508
16
25
5
3
145
126
942
2282
801
522
1
2
108
21
400
268
408
2
2003
32
48
2
11
14
197
24
1
42
1337
1
9
4
1
33
6
4
52
1
632
79
63
154
1370
14
1
2
2
226
57
360
31
3
1
18
1
6
3
53
3
159
1788
144
271
26
79
12
13
302
235
3
1
75
2203
1461
7
18
8
4
16
12
174
6
1
1308
12
149
262
826
4
41
7
771
15
2289
1
4
7
3
172
1
6
6
1181
1854
4
478
2
2
16
1187
45
30
2
485
70
1
239
147
50
336
517
2
15
770
262
1
20
1630
1
206
216
385
1
64
27
4
778
1
1
913
59
4
1129
11
1
2
296
328
21
38
1
13
732
1
42
1
3
2
2
51
228
1094
2
2010
42
5
9
84
2
82
7
1253
391
5
115
1
6
1
600
99
1
191
7
43
199
72
84
417
6
1524
2128
1
3
13
476
19
64
1
7
855
44
118
1
1611
26
15
765
5
371
140
4
6
6
6
361
1
1
315
742
2
1064
23
278
748
45
105
98
1
1
1
35
234
1
96
21
30
9
1948
28
24
3
36
24
5
2
2
1355
1
4
1
3
369
1
41
2373
1
7
1258
42
4
6
1
3
10
1
763
36
2
22
223
1
1
2
4
1760
100
405
144
2
28
174
35
1
1
9
1707
91
3
11
2491
1902
2
475
2
2
1870
1657
17
1417
35
2
295
195
381
3
27
1
464
1193
2
199
4
14
8
720
16
1
90
1237
1
6
17
10
1360
46
891
49
6
110
1
43
2
2
699
58
1
4
3
17
100
44
9
2195
966
35
1
8
2074
586
1514
42
726
4
1193
349
90
662
1936
3
90
10
20
505
560
1594
9
1552
152
12
12
25
167
1562
234
2384
75
1
1
58
18
753
889
2115
97
2
247
1
1
1120
34
650
151
51
378
343
1
475
3
622
308
647
57
7
244
7
1
4
111
430
2332
551
2
6
1332
2051
3
2
763
10
90
58
1560
2
200
14
95
9
71
65
5
2
1194
14
6
1
466
6
465
13
76
5
8
1
53
56
452
3
4
9
70
19
8
13
6
351
1984
111
774
139
966
2
1194
14
12
53
181
2
1
3
335
240
59
371
16
202
349
31
30
267
620
3
79
1
337
1057
843
50
2
286
1398
533
1267
9
1263
211
1
12
1290
256
522
2429
2404
8
23
13
22
7
1
1938
16
11
1
13
2259
23
7
198
116
84
11
8
46
267
2
969
1
2
95
1
1
130
66
104
2070
1
2456
153
14
156
8
3
7
19
54
100
577
15
2
1353
298
3
223
44
405
102
45
1
2
11
75
2
3
2
1
2
1
1
273
707
7
42
1295
3
522
624
306
43
433
1992
1
2
1
2
195
64
280
301
5
203
480
47
17
104
54
611
2
1
25
81
2
68
88
285
15
4
2
103
353
358
21
11
1436
2
17
2411
114
2406
2
21
16
36
90
168
6
19
8
263
102
401
17
2
5
545
2
3
19
69
170
317
148
3
1
13
223
1790
59
4
127
103
1
2190
1135
3
9
605
772
3
2139
1
592
1
213
4
53
1
4
1
407
1249
1
3
2
1
2240
34
3
3
1
11
9
98
28
195
206
17
19
8
1
160
1518
1
1012
59
119
1
1283
14
67
1
447
350
28
8
194
288
11
79
2102
127
1
2449
1
1024
130
415
269
29
2
646
2
5
3
61
97
2
8
19
4
2064
304
5
774
13
54
118
976
1928
1
1323
2
14
1641
7
7
1
84
7
162
524
2381
65
20
1
590
1318
26
1
13
159
7
269
2012
568
1584
572
30
2
28
2007
39
22
145
43
1
8
1452
1
831
1
4
1
327
844
10
848
39
1
18
257
15
15
3
310
11
1
5
41
1
397
206
118
68
8
4
677
8
1
1
12
1
1
1
69
489
6
12
1
256
1015
341
67
2
634
127
9
1
2007
5
1
146
523
1459
45
528
12
462
1
285
191
1
72
1
437
5
3
565
282
374
4
34
1
1389
3
20
36
366
1735
2260
442
118
2
152
9
550
1127
13
23
2
230
23
1
641
1
160
27
16
15
1
1
301
15
1625
285
1
18
51
2222
569
1145
1
13
16
1
1886
6
2431
4
2404
1
125
6
226
825
197
7
5
441
121
98
3
520
1014
1
12
76
13
53
102
4
354
10
8
21
2
2
1
2
9
11
26
25
21
158
280
1
110
2376
151
312
6
1061
147
6
98
68
1
47
2189
624
2
1461
1979
456
2
840
1
305
351
72
441
2
879
819
802
119
15
2
187
944
30
101
30
37
189
13
36
10
13
498
2225
1
88
1423
276
134
11
154
10
13
962
34
176
2409
111
2439
1
3
40
456
404
2326
375
692
1
1
3
4
1
559
1
817
3
2
1
11
435
5
1
2138
5
87
659
3
25
1443
1322
45
18
1788
259
8
1
178
5
22
306
11
10
4
1
310
10
1
3
76
1
1006
51
846
43
3
5
23
159
1
7
1195
455
34
1
64
11
388
4
5
3
4
46
189
61
6
1
39
842
676
895
224
16
88
4
68
1058
5
21
1
4
1
119
33
1
46
130
1
9
1804
6
13
2
3
2045
45
801
3
1432
1
45
2
1803
977
586
124
148
61
29
22
83
2
3
3
141
4
71
136
7
45
6
799
64
404
7
1
106
11
1112
3
195
99
97
21
1194
21
405
6
2
4
1
2
1856
7
132
13
4
247
39
1
8
2
8
1
105
2
35
18
1904
39
11
444
16
1291
2
1
30
7
530
1
4
365
3
3
3
5
23
1
4
32
9
1
1
99
147
1
667
77
4
2
6
358
830
71
832
457
58
486
1323
1
825
8
1047
9
8
633
88
5
1
11
4
2
35
1
3
2
24
1
886
110
699
2159
124
4
1524
6
1112
1
3
463
724
18
1
382
1810
15
1364
48
14
11
304
1
6
9
19
24
23
1679
659
64
176
4
21
1406
30
392
26
1251
99
28
188
1
151
69
95
110
19
204
4
2089
2079
2037
130
541
40
125
325
24
494
3
24
274
1
31
35
7
355
172
17
1145
26
94
7
61
63
111
126
8
1
12
14
11
805
349
158
269
30
2352
1
12
150
472
1
16
1
16
2367
78
41
3
1402
533
23
1
2
9
2359
13
104
304
2
1
6
357
12
176
21
4
95
23
29
1095
1342
583
42
386
35
21
863
290
1
4
17
10
1
19
2
14
2
24
3
19
1
12
21
9
2
1109
4
4
161
10
787
1
52
1614
2
13
632
3
12
6
26
1
736
3
5
1239
8
2
1263
2116
8
6
2
365
253
2
1
2160
1
19
9
5
10
627
252
1
18
273
1
250
434
61
458
46
108
17
1380
4
1
130
225
526
437
3
49
277
1
18
65
505
920
212
468
10
2
51
1
251
2206
1
151
28
227
4
13
286
2193
414
428
23
1
99
2182
9
1140
8
153
6
19
870
39
1
12
2
10
4
7
1
261
2
1002
1
1
2151
3
5
1
3
618
4
204
1
141
71
5
380
1
2
904
120
60
6
236
29
2
1588
1198
2
13
822
119
115
1659
113
132
54
2
265
457
2280
10
1
32
2
1
146
1
152
2
1
1227
401
82
1
1
11
52
257
2444
74
213
538
2175
12
22
1380
9
781
4
679
1
46
1489
1
724
2363
91
142
1622
4
445
12
1760
1
289
1020
19
567
58
5
1894
2
105
1
3
5
1071
1130
1932
117
1181
112
2
1093
7
5
2295
4
1
1
200
737
1265
45
66
9
459
1542
8
21
20
2
9
88
6
305
7
4
20
47
1762
13
4
1
150
149
865
188
70
6
36
149
11
2383
50
8
17
1
7
124
29
1
119
1693
2
1
1
1
9
20
38
526
3
253
21
74
19
14
9
663
3
1
4
5
1
10
356
693
66
1
797
2
16
790
19
3
7
24
7
7
50
787
240
1
11
9
1129
363
1
41
2378
9
1
43
1
2
14
37
32
1
4
55
889
598
39
57
1
1
5
16
1
11
262
22
492
309
85
8
21
2
10
4
168
2387
7
2
19
1007
9
20
9
47
4
178
93
1
17
8
9
1
11
1
62
3
1
30
35
17
534
15
40
77
1491
499
40
7
2
1
54
988
3
140
1
1781
211
7
459
42
2
776
2207
95
2
930
474
8
45
248
51
30
9
605
2341
14
14
4
8
75
1278
556
392
1
236
6
65
37
2
914
1249
290
39
5
6
280
1034
157
1976
6
28
11
55
69
1088
21
237
1961
3
638
690
418
1
66
1
9
56
1
1552
11
4
930
3
502
557
1
62
98
1315
1452
2306
1
87
12
2
1218
16
20
105
3
562
42
44
265
11
17
4
872
1168
305
1
642
513
26
2
2
9
1
284
2226
1795
1
2
1
1
209
2022
67
2430
21
12
407
33
27
3
2392
6
234
499
175
536
18
1400
49
1869
17
1164
947
1
16
283
2
197
109
22
20
13
1037
38
1345
1
26
110
433
384
7
18
2
5
54
29
21
39
170
147
378
1757
71
27
144
1
411
7
128
1
33
192
350
61
25
133
28
8
639
14
13
1667
52
102
141
1850
2
1249
169
928
1432
2
98
2
1881
86
2
7
5
4
44
1
653
496
5
179
152
1724
1108
4
5
231
32
1
64
7
1
27
1
5
1138
1
2
3
862
30
127
5
2
29
1
15
8
468
284
52
3
7
510
33
1
5
29
1
775
220
1
11
44
32
1
21
69
2
2231
51
11
258
2
1
1
878
41
1
39
1
3
7
15
28
10
1364
134
218
65
247
1817
7
1657
2
51
3
393
62
19
1159
26
4
1
2
97
62
1
1
1
9
257
62
663
1360
31
29
69
1
6
3
118
622
138
669
558
3
15
33
1
22
3
44
24
589
29
30
24
512
16
1
947
1
1028
1914
3
56
62
3
21
1651
10
770
41
187
54
3
38
2
164
697
1
75
107
1
222
196
97
1
39
125
107
28
1
380
53
2
1
181
1129
501
1
1
2
1
889
1647
12
1349
16
255
78
5
2
4
17
5
2
1593
2
73
445
5
3
2266
1
1
1
162
46
5
1
4
1593
34
184
22
31
5
311
1
99
5
66
179
1
3
1653
26
1
67
33
1136
205
458
146
744
4
1
25
1
12
1
35
57
22
67
201
24
182
2350
493
11
9
5
7
3
1
261
11
608
6
2
590
497
28
2155
1
708
57
3
48
515
2
43
4
700
17
4
381
1
9
3
2322
1
56
3
117
1
828
1
7
79
17
1283
28
100
1
41
92
59
2
1719
4
16
844
19
984
13
1878
48
4
4
78
195
882
109
38
1806
1
28
55
321
1
150
13
23
424
637
124
473
449
812
2301
228
47
77
506
54
21
163
263
1
52
1
7
22
40
28
1280
1
6
14
19
75
1156
1107
1
2
6
10
252
2208
20
30
150
2264
169
287
52
1
143
3
1915
1
1892
1
125
83
89
6
1550
1100
615
95
497
5
5
22
61
1
1
33
1053
514
142
82
24
13
790
1369
1253
1
574
1
1673
63
18
88
47
180
2415
1008
46
11
26
24
2
1524
14
69
1680
3
92
10
600
163
108
13
13
6
208
4
155
135
46
5
1
127
1709
43
1
518
1981
1
4
45
1887
1638
2
4
617
2
19
4
52
1657
256
790
21
1
1055
76
75
751
34
744
3
8
1
57
8
395
2
5
3
1998
37
7
6
49
2
82
15
2
1841
170
79
643
347
2410
3
630
1884
572
1
45
329
37
3
680
1561
1149
5
2
361
399
13
2
2
2
30
364
1
9
2403
378
4
1
18
82
1167
28
185
103
5
3
126
742
20
855
592
19
80
2352
1255
405
786
1350
48
2
2172
1
1
1305
3
1
7
7
181
34
57
25
20
807
538
1600
4
1
35
1
456
92
666
3
163
1
53
741
4
5
519
30
1
1
1
15
2342
1
414
5
23
157
1
158
2
20
6
159
69
23
9
1511
2
1130
143
2
8
2312
35
9
13
808
325
1936
2
1
6
20
32
4
7
1442
21
28
906
1
1
2394
1
394
1
792
95
8
423
6
7
150
627
3
1823
1
194
4
2
589
60
1
14
2
2
2
1
469
1
168
67
1
9
2
4
108
667
2376
14
56
1745
40
40
7
270
486
107
6
3
1
39
219
1
1483
92
8
2
13
432
22
3
