6
4
3
1402
1
1
24
1
47
205
2
1
1
5
1
2
2
71
1
2
3
5
5
4
1090
1
1
1
290
1
76
1
1
1
17
5
1
5
165
62
153
1
1
152
1
71
3
7
1
1
6
84
1
4
38
3
1
5
2
2
1
3
1
1
2
5
2
5
151
1
8
8
1
9
6
1
1
1
15
19
123
4
1
4
1
4
950
949
1
2
1
1
1
1
3
1
124
1
2
1
2
2
1
1
1
34
2
1
46
1
8
8
1
1
1
2
2
1
9
22
3
2
2
8
11
1
36
5
3
22
1
1
30
1
2
1
791
9
1
1
2
1
76
1
1
1
2
2
66
73
1
1
1
1
1
2
1
1
28
192
61
1
1
1
1
3
1
3
1
1
1
8
1
147
3
10
2
1
1
8
1
15
12
49
1
5
135
2
3
1
1
38
4
2
3
58
130
9
46
3
1
17
36
17
1
65
1
2
2
1
2
10
2
1
2
6
5
1
30
3
1
6
1294
1
2
8
3
1
2
2
1
387
8
16
1
1
1
2
2
4
1
3
1
8
1
83
2
129
1
1
1
1
2
16
6
1
7
1
20
21
3
6
408
1
7
269
12
3
33
104
6
1
1
1
6
8
30
4
10
1
1
4
3
78
217
4
12
2
2
1
4
1
2
23
1
813
3
120
7
5
2
3
1
1
1
1
1
4
1
2
23
1
4
2
13
3
1
1
9
1
1
174
17
4
1
488
1
1
1
1
1
1
21
328
181
1
1
1
5
1
14
496
2
1
1
50
4
220
1
3
2
3
1
1
1
1
1
1
1
1
1
3
3
16
28
1
1
1
1
2
2
1
6
3
1
16
9
150
1
1
2
2
5
1
11
3
10
2
3
2
1
9
4
103
9
8
6
2
1
1
2
1
2
1
2
1989
1
1
2
1
110
8
4
3
4
792
2
1
1
7
5
3
1
7
16
1
1
4
8
3
1
30
2
3
287
1
1
115
3
2
1
3
8
1
26
1
1
1
8
88
351
1
8
1
2
1
2
1
1
1
1
1
6
4
16
1
5
3
12
6
4
10
1
5
8
4
2
14
3
34
1
2
2
37
2
1
74
1
1
4
1
1
21
44
3
1
1
3
1
1
1051
1
1
9
47
184
7
1
2
3
41
7
1
105
6
1
1
7
1
1
6
6
1
1
3
25
32
1
2
4
2
12
1
3
1
5
6
4
5
1
3
7
4
16
3
1
93
4
54
1
1
1
1
1
6
6
8
2
1
16
1
2
1
714
1
5
1
1
53
105
7
147
1
468
2
289
30
2
2
80
11
2
2
37
36
5
1
2
1
1
6
6
1
1
12
2
27
1217
67
2
1
1
1
1
5
1
1
1
1
1
3
1
1
1
2
16
2
1
1
2
7
2
8
20
36
1
13
1
1
1
117
1
2
8
5
3
1
2
1
1
2
3
9
1
6
12
1
1
1
5
3
2
10
1
1
75
1
13
10
1
5
2
2
2
1
3
4
1
1
33
1
1
1
10
1
4
3
44
4
5
5
910
1
4
1
1
1
1
1
1
2
3
3
11
1
16
3
1
3
18
1
36
1447
3
1
1
23
126
2
2
2
3
4
5
4
2
2
1
1
5
3
4
1
2
564
1
1
1
9
1
3
1
22
1
1
1
2
2
1
9
15
1
3
5
5
14
3
1
5
2
6
34
10
8
1
1
1
1
57
35
2
4
1
4
1
5
1
7
8
7
2
1
1
2
181
8
22
1
3
3
4
2
1
3
1
1
3
9
1
91
2
2
1
3
25
1
1
1
30
2
10
1
8
4
2
3
1
2
1
7
1
5
38
202
2
1993
4
240
22
1
12
25
21
23
1
1
1
1
6
1
1
2
2
2
1
6
1
1
9
25
3
1
9
1
1
1
32
1
11
9
1
4
4
7
1
3
1
1
2
2
1
400
8
645
1
1
7
6
3
1
1
1
21
130
235
2
2
1
1
37
145
59
2
3
2
1
30
2
6
2
3
1
139
1
2
2
34
2
1
89
1
1
3
4
5
5
1
21
99
1
5
4
1
1
4
1
1
1
21
2
40
2
11
1
3
7
94
1
11
4
16
1
4
360
2
23
10
1
1
8
1
1
9
15
9
8
5
1
1
2
4
1
1
2
1
2
7
1
32
3
1
5
3
1
8
392
97
11
7
16
3
3
94
1
1
2
1
2
4
2
16
1
1
3
15
2
1
1
1
26
1
1
1
61
3
6
2
1
49
1
1
1
485
2
1
1
1
62
1
2
3
3
2
2
2
1
1
1
5
1
1
374
1
1
1
1
1
2
2
1
1
1
104
1
275
4
2
2
122
16
180
12
1
7
11
1
1
3
5
1
1
15
8
1
2
8
8
8
5
1
2
25
34
3
1
5
3
3
21
1
100
1
32
5
3
4
1
4
6
1
1
1
14
1
1
2
2
2
1
1
1
2
2
1
4
10
81
8
46
1
98
1
4
27
2
5
2
1
1220
3
1
1
12
1
10
4
2
1
2
12
2
1
11
1
111
8
10
15
22
27
2
13
137
11
2
50
2
2
2
11
1276
147
17
1
1
2
2378
45
4
1
1
1
1
1
2
1
1
1
1
1
30
3
1
3
2
1
5
1
3
1
1
1
1
2
3
1
207
11
2
1
2
2
1
364
21
35
3
1
2
2
4
1
1
1
3
53
28
4
1
1
1
3
6
1190
2
3
1
1
1383
1
1
2
2
4
10
7
1
7
3
1
3
2
1
56
1
5
1
2
1
2
30
101
5
1
3
1
1
7
11
2
2
3
2
2
1
37
1
1
1
1
1
4
6
1
4
19
2
1
5
419
2
65
21
1
3
2
1
3
8
1
2
19
1
6
1
1
2
4
2
1
1
1
2
8
531
1
6
13
36
1
14
1
1
15
1
4
204
38
11
6
1195
1
1
4
59
1
4
1
3
2
2
3
24
41
1
13
15
1
4
17
823
140
49
1
2
1
935
5
1
44
15
3
4
5
1
58
3
1
1
367
2
1
179
2
2
2
1
1
7
1
1
3
2
1
7
25
4
2
1
2
1
1
5
1
1
1
141
1
1
2
1
25
1
1
1123
1
1
1
394
3
1
39
1
7
3
4
3
1
4
2
1
31
1
1
8
2
85
6
4
2
278
4
3
2
2
1
1
1
2
1
2
54
2
1
2
5
13
4
4
6
1
8
4
345
33
1
1
1
1
1
1
1
1
2
18
2
5
1
3
2
5
1
2
2
1
26
54
1
2
10
50
1
1
1
1
1
20
2
1
6
1
1
2
1
2
19
1
1
1
42
59
11
2
1
4
1
3
1
1
1
1
27
2
1
64
5
10
61
1
1
137
17
17
33
5
1
24
14
1
4
1
4
2
1
23
2
1
1
1
1
9
1
2
1
106
1
1
5
1
1
1
1
6
1
1
31
6
1387
1
1
6
8
2
148
1
77
3
2
12
29
20
1
57
19
3
227
1
1
1
4
42
43
1
3
7
1
4
1
95
2
81
42
3
10
6
2
119
2
5
595
1
216
111
1
2
1
1
128
51
4
896
4
5
42
216
17
1
1
28
1
4
6
6
15
6
3
6
1
1
2
9
30
428
1
4
97
1
10
1
25
2
1
1
2
1
3
20
4
11
2
41
6
3
1
2
1
10
1
1
2
1
1
41
5
67
1
9
1
1
1
1
1
3
5
3
1
1
739
4
2
1
1
1
2
57
1
2
1
1
18
1
5
1
8
142
1
1
1
4
175
1
1
4
3
13
2
1
3
1
9
1
5
2
27
1
32
34
178
6
3
1
1
2
1
1
2
1
1
2
13
1
162
1
68
19
1
1
13
1
1
1
1
1
1
1
1
26
1
1
2
1
18
4
6
1
3
1
20
1
1
6
52
1
142
1
6
2
2
4
1
51
3
3
6
3
1
1
7
1
12
1
1
1
311
2
2
4
2
3
1
12
1
8
17
1
1
1
2
1
1
4
1
2
1
8
1
1
1
3
1
1
1
1
5
1
31
2
2
1
42
1
7
1
3
2
1
3
11
1
4
1
3
18
1
2
8
36
1
1
1
1
1
5
2
44
1
1
2
1
2
25
1
1
2
5
30
1
3
37
1
1
2
3
1
1
1
14
2
1
3
4
2
1
1
1
1
2
22
3
1
3
6
3
269
1
1
1
1
1
1
3
2
1
1377
2
1
1
11
12
2
3
1
1
4
1
35
1
1
1
5
7
1077
1057
1
1
4
4
1
17
1
3
5
2
1932
5
2
1
4
1
1
1
2
2
8
1
2
1
4
35
7
1
18
3
3
1
2
1
220
1
262
1
3
1
14
1
2
11
2
4
7
10
3
16
8
3
1
5
16
2
4
1
1
1
2
1
14
1
6
2
8
238
1
38
1
1
24
6
1
4
2
19
5
1805
9
9
1903
2
1
9
13
2
3
12
1
2
1
6
7
1
110
313
2
3
1
41
42
1
3
7
5
4
6
17
1
10
1
1
4
7
1
1
1
33
6
1
1
8
515
1
25
2
1
18
3
23
1
87
5
1
3
2
1
2
1
1
2
1
1
1
1
1
31
1
22
4
1
1
1
2
16
1
1
1
3
2
1
1
11
1
2
11
1
3
224
2
2
418
21
4
5
3
1
1
2
2
51
4
2
1
4
61
3
1
1
1
1
1
3
1
4
1
10
1
201
24
2
3
32
404
5
1
2
2
2
34
7
1
1
2
1
5
1
1
2
2
1
2
3
1
1
11
1
11
2
1
3
108
11
1
4
7
2
1
1
1
2
1
2
1
2
31
13
2
1
1
1
6
1
4
1
2
1
5
19
1
1
2
1
2
4
1
1
1
92
7
1
19
1
1
2
26
2
2
4
1
9
3
4
1
62
7
4
1
2
2
137
1
1
1
14
19
1
61
1
4
1
1
1
7
7
2
2
7
21
1
1
2
6
1
4
2
4
1
10
24
3
1
4
9
1
1
77
1
1
4
7
1
11
121
1
4
3
4
1
7
1
34
5
2
64
1
1
1
11
134
1
1
1
8
2
624
3
3
1
1
11
1
91
249
1
1
3
36
2
1
6
131
4
1
161
2
1
1
270
1
1
5
2
11
1
1
3
2
1
11
2
5
5
1
3
89
192
1
2
6
2
1
24
12
5
45
1
26
4
76
6
26
122
1
1
4
29
35
1
2
1
5
2
1
1
16
1
1
1
7
212
9
7
1
97
1
1
13
1
3
6
6
74
1
3
18
1
25
1
25
1062
1
1
2
1
1
975
82
152
3
2
1
1
1
1
1
4
9
9
1
2
16
89
3
10
1
1
55
3
1
1
1
3
1
1
1
1
1
1
1
11
4
6
5
2
148
1
91
5
7
3
1
7
15
1
2
2
14
1
575
2
2
1
85
5
1
33
11
1
2
6
10
3
3
1
11
1
3
3
4
1
1
1
77
1
2
2
12
1
1
1
1
1
1
6
19
129
1
1
4
3
1
8
1
1
5
1
2
61
1
525
303
1
6
1
2
2
10
1
10
13
6
9
35
1
97
4
1
3
1
9
1
3
11
5
2
3
1
31
3
7
1
1
64
5
1
1
13
1
2
4
4
1
2
1
10
1
5
15
7
2
7
4
3
11
1
44
1
5
4
718
2
5
1
6
1
1
2
44
7
1
1
1
6
2
3
1
2
1
1
11
6
1
103
1
17
6
1
3
1
1
1
1
12
9
2
1
8
29
1
1
1
1
7
2
1
795
1
7
1
5
6
277
1
10
2
2
5
1
3
1
7
1
2
2
28
1
2
2
1
1
34
3
322
2
2
1
48
3
72
283
3
4
1
3
1
116
9
1
4
9
3
1
8
80
8
6
21
1
1
1
3
1
1
1
1
1
4
1
3
1
3
18
1
6
1
46
4
54
237
78
13
6
19
1
4
1
2
1
8
2
2
200
2045
10
18
4
1
2
6
68
1
1
1
401
1
1
63
1
2
4
1
3
8
1
1
5
50
1
1
1
9
2
2
3
16
1
7
80
8
1
19
4
2
96
3
10
10
1
4
3
1
1
1
1
2
3
11
1
8
3
1
5
7
1
1
2
48
1
1
1
1
8
3
1
1
2
201
12
697
1
1
4
13
4
9
1
1
2
1
1
3
1
2
1
1
7
1
2
2
1
4
41
1
2
3
1
6
23
1
1
1
1
15
11
2
4
360
6
2
1
1
1
3
15
1
7
328
42
2
5
2
1
1
1
78
2
1
2
1
2
1
2
1
507
4
7
223
17
4
1
13
69
1
2
1
1
58
3
61
109
2
4
1
13
1
16
115
1
5
1
5
29
1
232
1
3
2
1
6
1
4
2
4
21
1
879
2
12
1
3
2
1
30
57
1
10
3
1
3
2
2
2
2
1
1
2
1
10
2
7
3
99
3
4
7
1
1
1
1
398
902
2
2
2
241
15
4
1
1
3
18
29
30
9
5
1
1
1
18
3
19
1
2
2
1
113
18
8
2
4
4
30
3
24
5
1
12
381
35
2
6
1
2
26
1
1
1
1
2
3
7
2
6
2
1
4
1259
1
441
1
2
385
6
4
19
2
1845
30
1
2
4
10
6
2
12
1
1
1
52
1
6
30
1
1
4
4
7
30
2
1
1
1
1
1
194
1
1
2
1
49
2
53
1
4
2
1
1
17
7
1
1
5
1
4
12
2
1
1
3
1
31
5
2
2
1
8
2
1456
1
1
3
52
2
2
1844
65
3
1
1
1
33
5
32
1
4
1
1
14
67
2
1
2
1
2
1
3
3
13
20
1
1
3
1
4
1
1
14
2
77
6
1
11
7
1
1
3
1
1
59
28
1
1
54
12
4
7
1250
2
4
1
1
5
1
1
14
3
2
1
1
4
1
1
5
55
2
1
3
1
90
13
12
3
5
3
2
1
17
3
16
1
1
1
1
3
1
1
1
68
1
2
1
6
117
3
1
2
1
1
1
30
2
192
14
2
3
3
4
1
2
1
4
1
1
1
2
15
5
2
4
6
1
1
1
3
1
1
2
1
2
5
72
1
1
3
1
2
4
3
6
13
1
5
17
4
39
7
3
1
7
555
686
11
1
34
1
6
2
320
1
3
1
763
3
126
2
1
18
7
1
24
1
10
2
3
2
1
2
28
1
1
18
2
21
4
7
4
1
3
8
1
2
4
2
8
1
4
1
1
1
1
1
19
1
1
1
1
1
1
25
4
1
23
2
2
901
29
2
9
1
1
6
2
1
1
25
20
1
13
1137
1
3
1
4
10
1
1
1
21
1
2
2
1
1
2
1
3
48
1
1
1
4
2
4
1
3
2
3
1
2
2
1
6
1
4
23
450
1
3
2
22
2
4
3
19
4
233
1
1
1
1
2
2
2
1
2
5
83
1356
1
3
1
37
2
2
19
3
25
3
1
1
2
1
1
2
1
1
8
1
5
1
3
6
2
1
133
1
3
1
720
1
8
1
1
2
43
29
12
1990
1
3
69
19
21
200
12
1
4
1
6
1
5
1
1
3
12
66
9
1
6
1
1
43
8
1
1
1
2
1
1
1
1
2
2
7
1
50
1
17
1
3
11
3
3
4
1
1
1
88
8
7
10
9
1
10
1
2
1
2
1
14
1
1
544
1
1
1356
2
10
1
1
562
6
3
3
1
70
108
1
2
36
1
11
4
2
1
1
89
102
3
15
3
1
4
2
2
15
184
1
4
2
1
26
31
19
309
1
14
3
19
415
1
25
1
5
2
1
2
5
39
1
18
5
2
5
47
15
2
1
4
2
40
1
3
1
1
17
23
1
2
7
1
1
1
9
1
1
2
70
1
2
18
2
1
1
6
12
1
1
1
2
15
1
1
1
1
3
1
1
10
13
62
1
1
35
5
1
2
1
1
482
2
1
12
19
2
18
1
22
1
43
1102
5
83
5
1
1
7
3
302
55
1
1406
1
1
3
28
4
4
1
1
3
3
1
2
5
1
2
90
3
2
1
1
158
1
1
9
2
1
1
1
1
107
5
8
1
2
91
409
4
1
1
7
309
1
4
476
2
4
2
9
8
1
1
3
2
5
3
3
2
1
558
10
4
9
6
5
2
1
47
154
1
1
1
2
7
2
2
2
1
1
101
1
1
587
15
13
1
3
4
2
22
5
2
175
526
2
65
1
1
1
1
3
3
4
6
1
1
7
1
1
2
1
1
3
3
6
2
4
1
3
11
4
1
424
2
10
1
16
19
2
2
6
8
1
3
6
1
3
2
6
1236
5
1
34
2
25
1
170
3
5
1
1
2
1
62
6
1
29
1
79
1
6
81
4
2
1
1
1
1
15
1
1
6
1
1
4
1
1
19
7
14
2
47
2
1
1
3
4
4
1
1
1
3
1
1
7
1
1148
1
1
2
1
1
1
8
2
1
3
2
11
1
1
99
4
33
26
1
9
1
4
3
8
1
25
1
1
11
4
29
1
14
7
1
1
2
1
2
2
6
4
144
1
2
1
1
849
2
1
1
3
60
1
2
6
1
1
7
184
17
3
6
1
5
29
1
3
1
171
2
1
1
1
2
1
1
2
62
1
36
14
1
1
261
2
1
36
3
29
34
3
6
14
5
62
5
2
2
24
74
12
1
2
11
1
5
1
4
1
2
1
3
1
8
10
1
1
1
39
1
44
41
385
7
7
2
332
1
4
1
1
20
1
4
367
1
16
1
2
1
8
5
15
5
1
151
1
1
1
1
2
196
6
2
434
25
1
3
126
1
1
1
3
12
1
222
2
2
4
1
1
69
3
5
2
1147
270
1
50
1
436
1
1
2
60
26
2
56
1
12
4
1
3
2
18
18
467
5
1156
1
2
16
1
35
8
1559
1
2
53
14
1
8
1
2
1
162
9
1
19
320
2
1
16
163
84
5
1
2
2
2
301
5
2
12
3
1
4
1
5
1
8
3
33
247
2
1
1
1
6
2
74
2
45
2
3
4
2
2
3
2
1
225
1
1
1521
592
5
16
3
2
9
1
1
24
1
1
187
1
1
288
60
2
2
3
1
2
32
1
1
3
112
498
4
1
33
2
4
8
1
3
2
5
1
3
20
1
3
1
910
8
2
1
81
2
1
1
1
1
1
1
1
1
3
422
249
13
116
1
33
9
6
1
2
2
8
3
4
1
12
1
5
3
5
1
1
3
1
1
2
218
136
1
1
1
2
2
1
1
2
1381
40
921
1
272
2
2
1
6
235
8
2
1
1
18
2
29
2
3
1
1
1
8
9
8
3
1
2
1
14
26
1
29
1
1
11
4
2
1
39
128
184
2
1
44
3
1
11
1
110
1
18
2
26
47
7
1
15
14
25
22
3
1
5
1
5
190
3
4
99
3
1
1
1
4
2
2
9
24
15
8
1
1
6
1926
8
1
35
85
2
3
4
1
1
3
2
706
1
1
5
2
1
1
1
9
1
4
33
2
2
1
1
1
1
13
4
10
1
1
1
2
1
1
2
31
2
8
1
11
3
1
1
1
10
19
2
3
3
2
1
2
2
10
1
575
1
2
1
8
2
1
4
1
1
2
4
2
1
1
1
6
6
3
1
4
1
2
1
1
12
1
5
16
1
1
3
5
1
2
1
4
2
1
1
106
36
1
1
24
2
1743
7
1
1
1
1
35
1
14
3
1
44
1
2
1
26
2
1
4
5
52
478
3
1
22
114
1
17
292
24
1
1
43
1
1
6
1
3
1482
1001
3
1
2
1
2
5
5
5
1434
1
11
1
1
30
3
1
4
2
1
1
18
3
2
1
2
2
20
5
1
1
1
2
5
2
3
26
4
1
22
3
1
1
56
16
2
3
10
77
1
3
3
11
1
2
6
4
31
1
1
14
1
2
3
2
1
1
1
1
54
3
1
3
9
1
1
6
5
1
2
1
3
1
1
2
1
2
5
4
23
2
13
1
1
3
3
3
39
1
5
1
1
1
3
1
42
3
12
1
4
2
8
1
2
4
4
10
1
1
1
1
13
8
3
3
6
1
1
1
4
1
6
3
1
2
6
5
1
6
1
4
1
2
1
1
2
12
3
4
1
4
1
40
1
907
1
36
6
1
1
2
8
1
2
4
1
2
20
2
1
1
9
1
1
1
3
1
1
36
10
1
1
6
95
107
214
11
2
1
1
42
43
2
5
16
3
1
40
1
6
72
1
3
4
6
1
1
1
2
4
3
1
143
1
1
5
1
1
1
1
8
1
3
2
1
3
1
1
2
95
58
5
2
1
5
18
3
8
647
1
1
2
4
60
4
2
22
2
23
1
2
4
2
7
2
10
18
3
33
80
1
4
1
36
1
130
22
3
3
2
1
1
4
5
1
2
56
9
3
1
46
61
5
1
1
2
2
2
1
1
4
47
1
1
7
14
3
3
1
1
1
8
43
28
6
1
3
8
1
1
1
2
1
1
2
10
1
390
1
1
3
3
1
1
48
2
1
1
1
21
17
1
1
4
1
1
2
33
1
1
2
1
3
1
764
1
5
4
1
1
1
31
1
2
1
2
20
18
40
7
1
1
819
26
45
90
1
1
3
1
37
3
2
1
3
1
2
6
2
515
6
19
6
1
77
3
3
4
2
1
15
4
3
8
106
1
1
7
1
80
1
1
1
3
1
404
1
210
1
1
1
1
2
1
3
32
1
1
2
3
44
1
1
9
1
3
60
5
137
1
1
1
17
1
1
15
1
1
3
1
3
6
1
1
20
1
1
54
1
6
1
2
1
6
12
2
4
3
3
1
1
8
5
1
2
349
1
4
3
6
1
53
1
53
4
4
2
933
1
1
4
58
12
2
119
4
1
1
1
1
57
1
1
1
1
5
1
6
1
1
20
53
4
1
1
3
1
2
3
3
9
2
32
1
1
1
1
1
1
2
8
104
6
3
4
1
1
1
313
1
1
3
1
1
2
593
65
1
6
14
2
3
1
4
551
2
3
829
4
3
3
4
1
3
59
1
1
1
1
72
1
1
1
46
250
1
12
21
5
8
2
1
14
4
3
311
10
1
1
1
1
7
32
25
1
1
2
3
948
1
1
3
5
2
18
1
6
1
1
1
56
1
6
2
11
12
1
18
36
1
118
3
2
1
1
2
1
1
2
19
1
4
1
1
2
336
2
14
6
4
2
1
13
1
1
4
2
3
5
6
279
2
15
16
45
3
1
3
1
1
101
1
4
9
3
2
2
1
2
7
11
1
2
1
3
1
1
1
6
2
2
2
2
2
2
15
1
239
2
3
254
7
3
1
1
2
8
8
255
4
3
21
1
2
1
2
2
2
2
13
4
19
1
1
1
180
16
1
1
423
2
375
1
1
864
38
2
1
2
2
40
5
2
12
21
11
1
2
1
56
3
103
5
3
1
1
1
1
339
2
9
1
2
3
1
1
18
5
1
19
2
3
373
1
1
3
42
2
6
9
38
14
14
1
1
6
2
1
1
1
3
9
17
2
1
3
2
4
1
1
2
1
1
3
1
1
9
1
141
1
3
1
22
4
1
1
4
34
2
5
3
1
3
14
1
1
1
6
10
33
1
2
5
7
680
1
1
2
12
63
1
4
41
1
1
1
3
2
5
28
1
15
1
1
2
2
97
159
13
63
59
2
1
14
2
1
10
1
1
2
10
1
2
374
17
1
10
1
2
4
2
1
1
1
1
3
1
13
4
2
4
2
1
3
1
1139
64
2
1
1
813
105
50
1962
1
1
4
56
830
1
2
34
4
1
1
4
2
23
1
1
4
56
10
1
12
3
4
1
2
135
1
25
17
1314
1
1
3
1
3
17
3
1
3
9
7
4
61
1
3
24
3
1
2
15
1
8
2
12
3
1
4
2
1
4
2
32
1
2
2
1
1
1
4
2
1
1
3
1085
1
1
1
1
10
3
1
4
8
6
53
33
8
2
1
1
10
1
3
1
8
1
19
5
5
1
3
2
3
2
1
2
2
1
1
4
1
17
4
2
4
6
4
1
1098
1
1
9
6
6
9
8
1
355
2
2
22
2
2
1153
10
1
41
74
29
34
1
1
1
2
7
1
1
12
1
32
38
1
15
5
3
3
16
1
3
25
13
1
1
3
27
4
2
1
5
19
12
1920
1
5
7
3
3
2
3
3
105
1
6
1
3
7
10
1
1
2
30
1
56
1
1
3
24
2
1
1
9
1
6
71
1
165
11
6
1
7
8
1
24
3
467
1
1
3
1
3
1
6
1
5
15
2
2
15
4
1
4
1
1
2
1
1
15
1
83
321
12
2
1
77
1
103
6
25
4
364
2
3
4
16
48
1
1
1
1786
2
5
9
3
1
10
2
1
3
20
14
1
2
5
8
2
1
43
1
2
48
3
1
23
42
5
1
2
1
1
1
36
3
13
8
1
3
2
6
1
120
2
1
3
1
1
1
137
1
3
1
5
1
2
2
7
1
1
1
1
8
4
11
35
1
1
19
1
39
4
43
1
1
163
1
1
4
1
2
2
6
10
25
1
1
2
2
2
1
1
1
10
216
88
1
1
3
14
3
45
1
1
6
2
1
1
4
1
1
1
1
1
2
4
3
1
1
109
1
118
14
105
1
6
21
4
10
11
4
1
2
3
5
1
1
12
1
109
30
1
1
3
1
23
1
112
1
1
20
15
6
1
1
3
3
1
1
1
20
1
1
5
4
1
33
7
10
1
4
2
1
1
5
2
3
1
2
1
1
3
49
1
45
17
2
14
4
5
1
5
2
2
1
5
2
1
12
1
5
1
6
468
1
2
23
2
6
1
3
1
9
1
7
11
32
2
1
11
3
14
35
1
3
10
84
5
38
1
3
2
1
10
29
3
1
1
1
45
1
1
8
1
1
1
3
1
37
1
59
2
4
2
3
1
11
1
1
1
7
3
1
4
41
1
293
1
4
2
1137
1
2
1
13
7
1
11
1
5
1
1
53
1
12
1
1
471
6
1
24
3
81
1
1
308
2
2
2
1
4
2
8
1
1
38
1
1
1
1
108
3
1
8
1
14
1
9
1
2
1
1
7
3
1
4
4
1
9
1
2
10
26
421
2
35
2
1
41
3
1
1
1
1
1
1
78
1
1
21
16
3
11
2
1
2
1
2
2
12
2
79
275
1
1
1
1
1
2
1
5
1
8
2
1
48
3
1
1
1
34
2
3
2
6
21
2
6
1
51
26
1
1
18
14
1
1
2
2
63
6
2
11
1
5
4
1
5
2
58
57
1
1
4
1
4
4
1
1
86
1
1
1
2
26
2
1
1
117
1
1
111
4
1
1
1
2
2
593
4
1
2
1
4
1
13
21
1
1
5
4
3
1
1
1
2
4
7
9
10
1
4
26
1
1
20
1
2
1
1
2
46
10
1
4
6
86
3
3
1
2
8
16
1
1
2
3
1
1
1336
11
23
3
1
1
2
1
8
1
2
88
36
2
41
1
4
1
1
6
1
4
2
1
1
1
3
198
1
1
3
3
45
4
1
1
1
1
8
1
2
64
1
1
1
18
83
1
66
2
45
3
1
7
1
9
1
1
5
190
2
67
2
8
4
1
8
3
1
4
226
2
6
71
1
1
2
1
1
10
1
1
6
1
1
7
2
5
3
2
1
1108
2
1
2
1
80
1
1
11
1
1
60
8
1
3
1
1
1
2
1
1
2
71
1
35
3
2
1550
5
3
209
8
1
2
6
3
12
16
2
58
3
3
1993
12
2
5
19
3
56
6
43
46
1
3
1
2
3
107
1
3
1
13
1
16
1
1
1
6
76
1
1
1
1
4
5
155
1
1
1
1
2
18
5
6
1
4
8
842
6
2
1
2
1
1
5
1
1
168
206
20
1
1
2
4
1
1484
1
5
1
1
7
10
94
1
4
15
1
11
2
1
12
119
2
1
3
710
1
2
43
1
1
2
2
1
1
6
1
1
1
1
17
34
4
1
1
4
1
1
1
10
1
1
1
1
1
2
10
1
7
65
1
5
1
67
1
8
4
1
1
7
4
2
3
1
1
1
2
3
2
2249
24
1
1
2
91
349
6
1
1
2
56
4
1
3
1
2
20
30
13
7
1
3
2
130
1
1
1
4
9
2
1
14
11
1
1
1
20
31
9
29
1
7
1
2
1
1
4
13
1
4
36
2
1
12
2
55
1
2
65
9
26
136
1
1
1
8
4
1
1
1
32
1
9
1
18
5
2
1
24
67
6
4
2
28
40
3
1
1
4
3
6
2
5
4
6
19
1
1
1
10
11
1
1
1
2
4
13
1
3
2
43
424
1
13
53
4
2
2
14
2
2
3
1
1
3
173
1
11
4
1
1
1
1
22
2
3
3
1
1
6
5
48
22
1
1
60
17
1
6
7
2
37
1
1
1
3
76
58
1
1
1
4
10
1
1
2
1
2
1
1
3
6
5
50
4
110
1
1
14
759
1
1
566
124
4
14
1
48
95
1
185
6
2
2
1
1
4
3
27
4
1
2
9
1
5
30
4
232
9
1
7
3
1
4
16
14
1
1
11
1
1
1
1
3
5
2
3
1
26
1
1
3
8
1
2
3
4
20
8
1
1
1
45
4
2
2
63
1
1
2
2
1
1
1
1
8
1
261
1
1
2
1
1
1
2
1
1
1
1
2
2
13
4
7
13
91
1
2
2
1
2
8
888
1
1
2
5
1
1
563
1
4
487
3
6
1
19
2
2
3
17
169
2
5
5
4
2
4
2
11
116
5
19
17
2
1
3
344
1
3
2
2028
5
3
55
2
3
23
4
46
4
478
1
6
2
160
2
4
1
1
2
1
2
2
2
4
20
2
1
2
14
9
2
11
4
1
1
4
28
1
2
7
6
1
7
18
3
1
2
1
1
2
1
5
132
2
1
3
1
2
1
4
9
6
1
135
1
32
1
19
2
1
732
42
5
3
28
28
1
54
1
29
1
27
1
1
1
3
11
1
1
5
6
1
1
21
1
1
44
1
1
1
4
6
1
1
303
10
4
1
6
2337
1
6
1783
10
3
2
1
4
3
1
8
1
1
1
12
4
2
2
2
2419
1
10
4
3
115
5
1
1
2
1
17
1
1
85
1
2
2
4
1
4
1
5
8
2
1
1
1
10
2
1
2
2
1
1
3
57
1
1
816
4
14
1
1
3
459
1
4
1
1
1
1
3
3
1
1
12
1
1
1
1
2
7
93
22
10
5
2
1
4
1
1
10
7
3
2
12
2
2
32
1
1
2
20
12
3
10
63
76
3
5
2
1
21
1
223
124
4
1
12
1
3
12
64
47
2
1
1
1
3
4
2
1
1
12
4
321
4
1
7
1
50
327
1
103
18
1
1
7
3
517
6
1
3
1
1
11
9
1
1
14
1
134
1
1
9
1
4
1
1
1
112
2
62
1
1
1
2
1
8
5
8
1
8
1
1
2
2
2
32
13
1
6
1
22
1
1
257
1
1
56
2
16
5
2
2
1
3
1
1
3
2
1
1
4
3
1
17
1
2
1
20
2
1
2
1
1
1
2
1
1
5
1
787
78
2
1
5
114
4
1
292
1
1
1
16
3
1
4
3
1
3
1
3
12
34
6
2467
1
1
2
1
3
1
1
1
1
39
302
1
1
1
1
1
1
1
740
2
8
2
7
3
1
1
1
1
1
1
1
1
1
2
1
2
2
20
1434
1
9
230
2
13
14
7
1
1
420
2
47
3
689
1
2
27
3
1
9
1
12
1
1
14
4
1
1
1
3
1
1
33
4
3
1
6
1
8
17
1
24
1
1
1
21
4
10
1
4
174
2
17
1
1
1
14
6
3
121
1
1
1
3
3
4
656
1
1
8
1
8
1
1
2
4
22
1
8
3
2
61
6
185
2
1
6
1
2
4
62
12
1
1
1
16
1095
1
16
2
1
2
1
3
8
1
1
1
8
1
8
1
1
1
15
2
1
30
1
7
54
3
1
2
1
1
6
58
8
2
4
5
1
4
1
4
1
1
2
18
1
1
216
1
1
1442
3
2
1
17
2
33
2
1
1
1
8
16
1
19
3
9
8
1
6
2
622
2
14
5
19
12
1
1
156
1
3
1
6
4
1
1
768
8
6
5
12
1
2
6
2
1
324
6
3
11
1
1
1
1
38
24
9
15
18
92
31
12
2
1
14
3
3
1
19
1
12
2
6
3
1
11
3
2
7
2
1
1
1
1
9
1
1
3
1
9
53
62
8
3
1
43
1
1
7
1
1
1
1
11
1
1
1
1
1
1
7
1
1
4
7
1
5
665
5
5
1
9
977
2
169
1
22
232
689
2
1
4
2
1
1
3
2
1
2
1
18
1
949
1
7
1
5
1
2
1
7
1
6
1
2
4
3
2
17
1
1
2
6
2
1
128
158
114
23
2
1
1
1
72
6
1
1
3
2
2
1
18
2
2
1
1
1
2
1
1
71
1
1
3
2
3
1
1
19
1
4
7
1
1
50
151
10
1
22
2
1
3
2
3
1
2267
1
1
2
1
73
1
3
5
1
1
1
1
2
8
2
3
6
1
4
3
16
1
7
2
389
1
1
1
1
1
3
30
1
1
1
125
2
1
46
1
1
1
1
1
6
1
18
1
1
1
2440
4
1
3
12
32
5
1
4
9
22
1
1
2
1
2
5
1
1
11
4
12
21
1
127
46
3
12
1
1
159
9
1
1
3
1
1
70
4
1
63
13
4
7
2
18
1
5
1
9
98
95
18
1
1
3
2
4
1
3
9
1
1
2
9
1
2
1
2
1
1
2
1
2
1
1
1
10
1
51
1
36
1
1
34
2
14
6
2
3
5
60
11
7
2
1
15
1
1
1
3
1
1
2
1
4
20
9
1
2
18
3
1
113
1
288
1
1
1
1
1
1
1
5
1
58
49
12
1
13
10
2
7
4
2
10
4
1
880
793
2
1
1
1
3
7
11
1
1
1
1
4
2
1
3
9
6
1
1
4
1
1
6
1
4
14
67
2
19
27
195
1
1
2
1
10
5
2
39
4
37
3
18
5
2
35
10
427
1
8
4
1
1
1
4
2
5
1
34
1
1
18
1
1
18
1
10
3
7
2
1
1
1
104
8
2
1
1
1
1
1
3
1
2
21
1
1
6
1
1
1
1
5
14
2
6
1
9
2
1
3
1
2
1
3
578
1
2
555
5
1
1
11
5
1
1
1
1
8
1
8
4
1218
1
1
5
5
7
3
1
3
1
1
9
1
1
1
1
1
6
14
1
1
2
1
1
1
1
3
4
1
9
5
2
2
1
1
5
8
1
3
2
22
8
2
19
1
1
20
15
1
3
1
1
31
3
6
1
3
1
2
2
9
1
7
14
10
1
1
5
8
2
3
2
2090
1
1
1
558
32
7
6
11
3
3
3
7
1
9
107
13
1
7
2
131
25
14
5
3
5
77
3
5
5
3
2
1
3
1
2
5
4
1
4
2
2
1
1
74
1
1
4
1
1
93
4
3
800
3
1
1
1
3
13
1
1
34
3
7
3
1
11
5
1
2
1
2
63
4
3
6
1
3
1
14
1
2
6
127
2
1
2
1
1
2
5
16
3
2
1
175
2
1
12
41
8
4
1
27
2
1
2
1
5
218
6
73
2
1
1
1
2
1
37
1
3
3
5
1
1
2
147
7
2
1
1
1
2
1
1
1
1
4
2
82
3
58
1
2
9
3
509
49
5
2
1019
2
3
6
1
4
3
4
2
1
3
4
11
71
2
3
13
3
16
1
8
1
6
38
1
4
129
7
19
2
1
3
2
3
11
6
4
5
5
21
1
1
5
1
7
161
1
3
3
4
145
14
1
3
1
1
8
2
7
3
3
1
1
2
2
22
1
1
3
2
153
298
1
9
6
1
8
28
1
167
61
1
23
1
4
442
1
1
2
1
1
1
1
1
1
1
2
43
1
1
3
49
18
1
4
2
38
1522
32
1
10
1
1
8
2
2
3
15
1
9
4
623
26
67
15
1
1
1
1
46
1
2
1
11
89
2
4
4
1
171
2
1
1
1
4
1
1
6
2
456
5
1845
14
2
2
1
8
1
1
1
1
1
2
2
3
3
1
1
2
1
1
2
1
1
30
4
3
1
2
1
10
9
2
1
1385
72
1
27
1
2
1
3
5
32
4
117
1
1
4
3
37
1
7
1
109
1
22
10
5
1
194
3
13
2
4
2
7
736
4
150
78
1
214
2
65
1
1
7
1
49
36
85
3
3
1
225
1
92
7
1
1
21
1
839
13
12
1
1
1
3
12
2
2
2
1
11
2
4
2
1
2353
1
12
23
2
2
1
8
1
1
16
2
2
3
1
17
66
1
9
2
1122
1
5
5
1
7
1
4
15
1
1
11
1
438
1
68
1
1
3
1
17
11
2
3
1
1
1
2
41
7
2
38
31
2
12
1
1
1
1
1
1
70
5
1043
2
4
3
3
6
24
2
1
2
2431
1
2
9
31
2
1
1
2
2
2
1
5
1
26
15
10
21
13
1
1
3
8
3
13
1
1
7
1
8
11
1
4
6
1
13
2
1
1
1
1
4
15
1
7
1
119
2
19
3
3
4
2
1
55
1
1
1
1
1
11
17
1
1
3
1
1
1
90
3
1
2
6
1
88
1
2
4
1
3
14
45
1
1
4
12
2
2
5
16
1
2
1
9
1262
1
2
1
1
1
1
37
1
3
1
7
1
1
4
1
1
3
15
1
11
5
4
1
2
36
37
85
9
4
43
1
1
2
8
23
1
1
2
22
4
1271
1
5
1
1
5
234
87
1
1
106
41
4
2349
7
1
18
1
1
26
87
1
6
1
1
1
2
13
2
1
102
1
1
2
1
2
5
1
7
7
2
10
1
19
1
1
8
1
2
1
1
1
1
1
1
10
9
43
1
1
5
1
5
1
2
2
1
7
4
1
1
2
14
74
1
2
1
2
1
1
1
34
2
2
5
2
1
5
2
3
64
3
1
10
1
11
2
33
2
2
1
1
1
1
239
12
18
205
1
6
2
2
71
1
136
3
1
26
1
1331
3
6
4
181
1
1
1
3
2
1
16
6
2
1
3
1
9
1
3
2
40
1
4
6
2
2
12
2
1
89
163
2
2
3
142
1551
1
11
4
140
1
1
134
4
4
1
928
21
1
66
9
5
1
2
2
1
12
2
391
1
7
1
1
3
1
1
2
2
2
49
1
1
25
3
84
160
320
16
75
3
1
3
1
10
1
1
1
477
1
2
1
24
10
1
1
16
12
1
5
4
1
1
1
19
12
18
1
3
18
458
52
1
1
74
1830
402
1
10
15
1
57
63
1
1
16
4
1
1
1
2
1
1
1
1
4
194
1
1
24
26
1
1
1
80
1
3
12
2
559
1
787
12
4
1
1
1
2
11
1
6
1
158
1
3
12
1
1
1
20
1
46
1
1
1
61
2
1
1
4
16
4
1
5
6
1
38
84
2
1
11
447
7
2
57
1
1
1
1
1
54
39
1
3
66
1
1
1
2
6
14
113
2
1
1
1
1
8
1
1
3
5
14
1
380
2
1
2
5
1771
4
1
2
3
1
1
5
2
10
1
2
1
1
114
1
21
1
1
47
21
13
2
127
1
41
1
31
28
2
11
1
1
2
5
7
1
1
7
1
26
1
1
2
3
1
5
37
2
3
1
19
1
2
10
5
1
2
4
5
3
1
6
4
33
1
1
1
1
1
1
7
2
1
10
30
1
3
1
2
1
1
2
2
1
2
50
13
3
1
1
1
10
1
2
2
2
1
1
5
3
3
19
1
4
2
2
4
21
1
6
1
1
5
1
1
3
2
1
1
2
116
2
1
5
7
1
1
1
1
3
1
22
2
1
10
1
37
2
7
2
7
2
189
1
129
1
2
1
2
4
15
4
75
1
1
1
4
19
2
1
65
1
1265
2
6
4
4
1
3
1
1
1
3
1
6
15
2
2
19
7
2
4
1
29
4
1
37
1
1
6
1
2
1
207
1
1
2
1
1
35
1
11
2
1
3
41
10
2
1
1
6
37
1
24
1
9
44
37
1
774
3
6
5
4
1
28
4
1
199
1
10
1
2
2
1
2
1
1
86
1
140
1
5
3
83
1
61
1
2
1105
1
7
7
7
8
2
2
5
1
2
7
2
2
1
1
1
5
8
10
4
2
2
1
1
1
1
1
18
1
49
6
1
1
120
1
7
1
11
2
8
1
3
1
2
2
1
1
1
13
933
1
1
4
4
7
3
559
1
1
2
35
2
5
1
14
4
49
5
1
1
4
1
2
1
1
1
2
1
1
1015
1
27
15
5
1
1
3
1
2
1
1
2
59
1
1
2
21
7
2
4
1
1
1
6
1
1
4
7
6
2
2
1
5
199
6
2
6
159
10
15
7
1
217
4
1
54
6
3
1
3
1
1
19
15
11
6
3
15
2
1
10
25
4
31
2
6
4
3
15
1
2
1
2
1
5
1
3
1
1
1
1
6
1
1
1
5
5
2
2
1
16
1
8
1
2
4
8
1
4
1
98
1
2
2
4
1
55
17
1
1
1
3
3
2
1
38
1
5
86
4
1
1
1
1
11
4
4
1
1
3
21
1
200
1
1
5
104
1
1
7
3
1
159
2
7
1
1091
8
2
7
2
1
1
6
8
1
1
1
1
1
3
1
7
3
2
7
5
9
20
2
1
3
1
66
4
6
5
1
10
2
28
1
1
1
7
20
4
1
2
499
1
50
45
629
92
1
1
1
24
19
1
3
2
5
2
2
4
1
1
2
14
18
1
134
10
1
1
1
33
1
1
1
65
1
2
3
21
1
29
106
1
1
8
2
1
12
1
2
5
7
4
355
8
1
13
2
3
6
7
1
2
3
1
1
2
1
1
16
5
30
2
2
1
1
1
3
8
1
4
1
9
1
1
2
14
357
2
1
902
1
1
2
273
1
1
1
1
3
1
2
28
1
4
2
2
3
1
2
1
1
2
3
1
1
1
1
2
55
1
1
222
1
3
6
6
2
2
1
2
1
1
36
1
1
82
4
1
2
10
3
1
2
2
33
1
5
2
1
9
2
2
14
1
1
4
1
1
11
45
3
26
2
1
1
1
3
1
3
4
201
9
34
1
1
6
1
1
5
1
1
1
1
1
1
5
11
15
1
141
19
12
9
23
66
1
4
2
5
1
1
2
1
1
1
1
1
2
5
1
104
10
9
3
1
2
1
1
2
26
1
17
21
1
10
1
1
199
6
3
18
2
1
3
4
816
40
2
7
2
4
1
23
1
1
1
1
631
33
19
2
1
1
2
1
6
2
1
11
1
1
3
30
1
1
8
4
4
1
3
2
37
1
152
5
5
1
4
19
1
1
1
1
49
248
16
113
1
77
1
5
521
1
36
7
1
1
33
3
1
1
8
3
12
1
3
8
4
741
2
3
1
1
8
1
1
1
3
2
8
3
13
1
6
1
1
8
4
1
1
146
580
6
2
4
412
5
3
1
1
1
1
1
1
7
3
4
41
1
1
1
2
1
1
1
1
296
1
5
62
1
2
3
2
2
1
1
5
297
2
1
120
22
20
3
6
1
2
3
5
7
2
2
93
2
9
1
1
1
2
2
5
1
1
1
1
2
5
99
3
1
2
383
13
2
12
1
6
14
3
11
1
4
2
74
4
6
1
82
1
1
147
2
2
196
1
1
3
6
19
10
1
5
78
280
14
1
3
4
4
1
2
576
1
19
6
3
715
10
2
3
18
4
1
7
2
3
10
252
3
466
2
1
1
2
1
62
4
1
3
1
5
9
1
1
19
1
2
1
80
2
1
1
16
7
210
1
5
53
2
346
1
1
9
1
4
1
45
1
13
1
1
2
1
1
1
25
1381
21
1
2
18
1
22
2
6
1
1
1
544
3
4
1432
2
12
29
1
3
1
1
155
1
2
1
6
2
1
1
1
4
890
1
1
2
3
1
1
1
6
12
5
2
338
2
1
29
7
344
3
5
1
21
1
10
1
4
7
83
1
4
1
1
2
16
2
19
1
86
25
2
1
1
2
3
1
327
26
3
2
14
1
13
2
4
1
3
22
7
1
13
12
19
131
1
1
22
87
3
3
125
14
1
5
26
5
1
2
174
1
41
1
2
1
2
1
4
1
1
2
2
1
1
4
32
1
5
1
1
3
9
1
8
2
1708
12
1
1
26
2
1
1
1
1
2
40
24
28
10
2
10
13
6
2
12
4
1
1
4
1
1
14
2
117
2
1
4
1
1
19
2
4
1
436
4
1
7
5
11
6
1
537
1
1
1
5
73
8
2
3
1
1
3
1
1
75
15
4
1
9
3
19
3
11
11
308
1
2
36
1
2
2
1
219
13
3
14
587
2
1
30
35
2
24
26
1
188
1
1
2
1
1
6
1
1
1
27
1
21
1
1
1
4
308
1
1
1
1
1
30
3
9
1
4
1
3
113
1
1
1
5
7
4
3
2
30
89
6
22
1
2
1
6
1
3
1
4
6
10
1
1
43
1
3
1
4
3
6
1
1
1
1
2
2
2
2
1
1
3
3
1
3
1
10
1
3
3
13
1
1
2
2
16
40
1
1
1
1
12
6
5
1
431
1
53
1
17
1
1
1
1
1
1
7
1
1
219
1
10
6
1
4
57
1
17
12
3
1
5
64
3
8
14
1
15
1
2
1
2
28
1
2
30
1
2
1
2
1
3
38
1
3
8
1
19
103
1
490
140
3
87
2
158
2
1
2
1
7
3
1
31
3
1
73
18
2
20
1
1
145
2
6
3
8
1
288
2
1
7
1
1
407
1
151
13
1
4
23
10
2
2
7
2
1
1
3
1
1
1
7
1
1
181
2
1
3
12
8
1
6
1
1
24
3
12
3
6
1
1
2
5
1
1
142
2
2211
1
9
400
11
3
7
1
1
1
2
1
1
7
3
1
5
1
1
6
1
189
1
1
1
1
1
1
1
2
2
2
12
10
4
10
3
12
1
2
10
1
268
25
5
17
2
62
2
2
2
1
134
24
2
7
59
1
3
2
1
13
1
1
14
1
22
1
1
1
2
13
57
1
2
2
1
2
1
1
3
20
1
7
234
1
1
8
1
8
1
1
1
1
1
1
40
1
1
2
1
1
2
1
1
1
2
1
2
31
6
1
1
1
1
22
3
37
3
79
6
9
1
2
5
11
16
1078
18
1
8
3
2
2
18
27
1
31
2
2
10
1
1
1
2
45
1
2
1
398
42
3
1
4
5
1
19
1
7
1
5
1
53
1
1
13
1
1
9
6
1
43
2
5
2
20
3
1
11
18
2
1
1
1
3
11
10
1
141
2
3
9
1
2
1
1
24
15
280
4
3
43
7
54
1
9
1
2
1
33
3
14
1
1
1
1
1
1
54
7
3
190
42
3
3
31
1
1
8
19
1
1
68
1
1
14
3
1
1
1
70
2
10
2
1835
4
1
2
11
9
5
5
3
1
67
1
8
1
3
1
3
2
1
1
2
5
2
2
27
8
96
1
1
1
3
1
2
1
1
2
5
8
106
2
15
2
11
3
2
722
2
1
2
1
626
1
321
3
7
1
1
11
1
1
1
1
1
1
4
1
4
1
2
218
49
10
12
1
1
1
107
18
143
2
1
1
3
13
5
14
1
1
1
1
70
1
1
1
7
1
2
1
1
1
1
12
216
1
1
1
42
1
57
4
1
4
1
45
1
1
12
2
7
2
7
1
1
6
1
1
2
12
9
4
1
1
1
1
91
1
9
7
6
86
1
1
3
4
6
1
103
5
1
1
60
4
4
1
1
1
5
1
2
7
3
2
6
3
3
2
1
1
1
3
5
50
1
1
1
1
1
1
13
14
1
3
7
1
4
1
5
13
5
3
1
236
2
14
1
5
1
1
1
1
1
131
6
2
58
1
1
4
1907
1
35
7
4
4
5
1
8
46
1
7
1
1
2
33
1
29
1
12
3
1
1
1
4
7
1
1
1
3
78
5
4
4
2
3
7
1
1
1
2
3
22
3
38
2
2
1
3
1
1
1
1
4
13
2
2
1
44
1
3
1
1
9
47
3
2
1
19
1
2
2
19
15
26
1
62
11
1
7
2
8
2
2
1
11
4
3
1
1
2
1
1
1
1
1
5
1
71
2
19
8
2
4
9
5
1
2
2
1
7
3
5
2
4
90
1154
1
3
2
2
15
1
1
4
1
71
47
2
1
28
1
1
1
6
2
1
10
2
2
1
4
4
1
1
52
3
1
234
3
72
2
1
10
5
35
1
1
4
93
6
1
61
3
52
2
1
5
9
12
1
4
1
12
30
70
4
1
1
2
2
14
1
1
1
2
1
2
2
29
9
3
1
48
3
10
29
4
3
1
6
12
85
6
1
2
1
28
111
1
1
1
4
2
3
1
1
1
1
1
1
1
9
3
1
1
2
3
1
6
9
2
4
1
1
1
1
1
2
1
2
1
1
2
1
2
2
1
1
1
1
1
3
1
7
6
1
5
1
11
7
3
3
2
4
2
48
3
99
1
1
1
5
1
1
1
6
12
3
1
1
1
6
523
3
15
1
1
1
1
10
2044
45
1
2
1
2
3
11
9
3
1
18
6
4
41
1
4
1
1
1
1
1
1
3
3
2
6
152
24
1
2
2
2
22
7
15
195
2
15
54
1
2
1
1
8
1
9
2
12
3
2
3
1
2
3
1
1
1
1
2
19
1
2
7
1
1
1
3
1
1
1
2
4
5
1
33
25
78
3
6
11
1
1
1
5
3
1
3
1
22
137
1
2
1
7
9
17
1
347
3
1
18
2
7
1
1
1
8
7
5
2
13
1
1
2
1
1
1
1
1
1
1
2
6
12
21
1
83
259
1
1
20
2
4
2
1
4
1
1
1
27
3
2
2
2
1
27
43
1
8
5
1
1
6
7
2
10
1
13
2
3
44
1
1
3
5
3
155
1
4
5
6
1
47
1
3
2
36
7
1
4
1
4
1
1
1
1
3
4
1
9
9
11
2
5
1
10
232
2
1
2
1
5
6
1
15
1
3
2
2
1
1
2
2
1
1
38
1
20
20
89
20
6
1
1
1
1
1
2
1
2
1034
1
1
2
1
3
1
46
2
5
2
21
4
1
2
60
2
3
1
2
1
18
65
6
1
2
2
6
3
1
3
1
5
1
1
5
1
2
3
50
1
56
8
5
3
2
1
5
1
3
116
13
1
46
11
1
1
1
2
2
60
4
1
1
1
1
1
2
3
3
32
2
1
51
1
1
5
1
1
5
5
5
3
7
18
3
2
13
442
10
2
1
2
4
1
26
50
1
1
4
1
2
8
2
2
2
1
1
2
4
1
2
1
3
779
40
3
1
7
3
1
4
1
1
9
18
10
1
21
4
1
24
1
19
1
1
28
17
4
18
2
2
23
3
1
46
1
2
1
7
395
1
29
1
6
36
1
5
11
126
3
1
5
28
5
5
2
2
20
1
1
16
1
2
1
3
39
2
99
25
10
3
1
12
1
8
1
1
2
1
135
1
4
3
1
4
2
4
7
1
2
1
1
1
12
45
1
1
173
179
15
1
4
3
1
1
1
1
22
80
1
1
1
2
2
115
1
2
6
127
2
2
3
4
2
13
1
2
3
3
1
3
3
1
1
2
1
1
9
1
10
1
7
1
1
7
1
1
2
8
8
2
9
3
2
899
13
136
9
1
1
1
1
1
1
1
2
2
1
3
12
2
1
1
93
3
1
1
1
1
1
5
32
1
1
1
1
4
1
2
8
1
1
6
18
1
1
8
6
3
1
228
1
2
13
1
2
1
7
1
1
1
1
1
14
1
4
1
1
127
1
29
35
1
1
4
6
44
55
16
3
12
1
1694
1
1
1
3
1
5
2
2
3
25
2
1
1
2
1
1
4
39
50
13
8
1
1
1
3
55
1
3
21
1
1
14
1
1
8
3
6
40
254
35
8
17
20
1
1
3
3
6
4
1
9
1
1
1
976
113
261
1
1
12
1
2
3
56
39
2
1
1
67
241
1
9
2
10
5
14
13
86
1
1
4
5
1
3
1
1
4
5
8
41
1
1
56
3
160
1
10
1
1
1
1
1
2
5
1
1
1
83
252
1
1
9
3
3
1
1
29
1
4
1
1
1
11
5
2
3
1
1186
115
1
1
3
1
1
10
11
50
20
2
3
1
7
2
1
5
10
1
1
2
4
4
1
42
51
5
1
8
7
1
1
2
2
1
6
2
10
1
1
2
1
16
1
442
5
5
23
18
1
1
1
5
9
3
6
8
1
1
5
3
1
3
1
1
9
1
950
7
2
154
1
134
1
6
1
17
2
1
1
3
3
1
5
2
2
3
347
1
40
146
1
2366
22
4
1
1
403
1
4
2
1
1
6
1
4
1
1
4
68
456
2
1
13
2
1
1
1
3
4
2
1
3
1
1
4
1
17
89
1
54
37
1
1
87
2
36
1
2
1
3
2
1
6
2
41
6
2
2
1
745
4
1577
5
1
2
2
1
4
2
6
9
7
1
1
1
1
1506
1
2
1
12
1
1
2
7
2
11
13
6
2
1
13
7
1
1
12
4
1
1
29
3
3
1
5
11
2
1
2
1
1
1
37
1
1
1
1
1
1
22
7
1
9
68
3
1
1
1
1
3
1
2
1227
1
1
6
3
43
9
1
5
24
217
1
5
21
24
7
371
7
2
4
1
1
4
6
3
1
12
3
1
70
1
1
1
1
1
1
253
7
1
572
3
2
3
12
1
137
15
2
9
2
2
2
1
1
41
3
2
9
1
1
1
5
6
1
1
107
63
1
1
1
1
2
2
6
1
2
3
1
1
2
1
1
1
1
3
2
1
66
1110
1
1
2
6
1
3
1
1
2
2
3
3
1
85
2
13
26
1
1
3
18
2
1
3
8
2
362
2
7
1
7
1
1
4
2
1
7
1
1
1
1
186
2
265
1
1
5
23
15
4
2
12
1
10
6
196
1
1
15
1
143
12
1
1
1
4
22
3
1
16
2
9
1
1
4
1
7
1
1
1
78
1
1
1
1
1
2
1
1
10
3
1
3
159
1
10
42
3
2
9
5
1
5
223
1
148
19
15
23
1
6
1
49
1
1
17
2
5
2
1
5
5
65
160
9
37
42
148
234
2
9
798
1
1
1
1
1
6
30
7
15
16
7
6
1
36
4
83
1
17
6
15
4
47
25
13
3
729
3
4
18
1
1
1
112
2
2
17
1
1
1
1
4
2
1
19
14
1
1
2
13
13
1043
27
85
2
1
3
1
3
26
1
1
117
1
1
1
23
1
4
1
2
1
1
1
3
42
13
1
2
8
12
3
1
1
3
3
1
22
1
12
24
4
3
1
1
1
1
4
1
1
12
10
2
8
2
29
17
119
1
1
4
7
2
25
19
1
96
1
1
1
1
2
11
1
1
74
3
2
1
1
1
5
3
1
2
1
2
63
2
71
3
45
3
54
2
1
4
3
1
2
14
9
32
1
5
6
1
62
1
9
1
1
2
7
1
11
143
1
43
1
1
5
2
4
1
1
1
20
14
34
12
14
1
7
8
35
2
3
123
3
416
4
14
5
15
32
1
38
2
1
1
104
8
1
1
36
2
569
10
124
505
1
2
447
1
11
1
1
1
1
2
2
4
11
26
36
1
1
7
3
3
1
1
813
1
2
1
40
21
2
1
26
1
1
104
2253
2
6
26
6
1
2
1608
1
3
3
2
2
691
3
16
1
1
2
3
1
79
12
1
2
36
5
3
389
1
3
1
6
1
3
1
24
1
1
87
4
24
1
1
2
1
1
1
4
2
17
8
1
30
3
4
1
35
1
1
1
2
21
51
1
2
1
39
1
34
1
1
86
1
34
2
1
34
2
788
23
2
114
1
1
2
1
1
1
3
8
2
9
45
4
2
3
19
8
3
1
3
2
13
4
1
8
2
1
1
1
3
1
1
1
1
3
2
1
328
4
2
5
1
1
5
1
2
47
1
1
579
5
2
31
13
3
480
1
1
1
2
5
10
64
1
11
1
1
1
103
1
56
1
4
15
6
1
1
10
2103
13
1
192
1
1
1
5
1
163
2
1
1
1569
4
5
105
13
1
2
8
11
4
1
699
6
8
4
1
1
3
1
1
10
1
1
1
1
1017
1
28
20
1
4
54
4
2
4
1
1
2
2
2
5
13
1
10
7
2
5
19
896
3
2
1
1
1
1
1
4
53
1
11
2
66
1
3
1
6
1
3
1
1
2
2
7
63
3
1
2
11
2
1002
1
3
1
1
2
1
1
6
25
6
1
10
21
1
1
1
1
772
1
1
3
1
18
1
1
1
5
16
75
1
2
2
1
6
36
1
1
3
2
1
6
2
14
10
5
6
7
3
23
1
1
30
3
182
1
1
3
3
6
5
1
2
1
100
1
1
1
8
1
1
6
39
1
1
1
3
3
5
2
2
6
78
3
11
1
4
3
154
1
1
131
1
14
4
5
37
36
23
1
9
3
1
33
5
1
2
6
112
1
54
24
2
1
6
1
1
8
242
2
55
2
4
5
5
1
2
28
1
2
13
13
112
8
96
2
11
2
1
6
3
198
16
1
8
25
71
21
1
1
25
13
44
9
2
5
2
2
2
2
18
46
3
5
11
1
1
1
2
1
6
86
10
2
14
1
1
13
1
5
4
53
282
2
346
6
21
1
1
10
1
1
4
2
28
1
20
1
1
3
4
1
2
2
2
4
9
1
57
1475
15
46
19
1
1
2
1
20
2
1
47
4
1
6
1
72
148
49
2
1
2
4
3
2
1
9
123
10
2
1
30
1
14
1
1
1
1
1
9
52
35
2
4
1
1
32
1
12
2
50
1
1
214
3
83
3
11
188
3
5
1
2
5
7
1
1
1
2
46
1949
4
19
9
1
25
1
1
6
3
1
4
1
1
2
2
1
9
1
24
3
4
1
15
1
1
5
2
5
2
2
3
9
1
4
21
678
8
1
1
1
87
10
1
4
5
1
1
168
2
4
1
7
2
206
35
2
6
5
1395
337
10
5
7
3
1
4
15
6
4
1
2
6
1
21
2
1
7
4
7
1
1
1
238
19
1
1
1
1
1
1
6
1
1
2
1
5
15
1
4
1
9
3
7
1
7
10
1
1
2
2
15
1
19
6
1
1935
45
2
1
1
1
8
1
6
1
2
1
98
84
1
1
1
2
14
1
3
3
1
1
4
16
1
1
1
49
1
1
17
5
3
1
4
1
1
4
166
1
39
158
6
62
10
11
7
2
1
1
1
1
1
1
2
1
1
3
2
39
1
1
1
16
40
1
45
37
13
12
1
2
1
1
149
3
1
1
4
62
2
1
38
24
1
9
5
1
1677
1
5
11
1
894
1
2
74
4
1
1
2
2
4
2
2
1
1
48
1
1
2
1
1
1
44
1
1
2
1
5
313
83
1
68
1
1
1
3
1
2
5
3
1
1
6
11
5
6
19
4
1
4
18
2
1
2
1
1
1
4
3
57
6
2
2
1
4
2
1
2
5
2
10
34
1
3
74
5
1
1
2
1
3
2
1
1
1
1
4
3
20
5
13
1
1
1
15
1
1
2
5
14
6
3
2
1
31
5
5
165
3
2
1
1
1
3
34
1
13
1
7
1
2
5
4
1
11
3
4
2
1
8
5
8
1
2
37
1
1
3
4
2
3
6
2
2
4
8
1
1
1
360
2
61
11
4
2
13
113
1
7
1
6
2
1
1
19
3
1
1
1
1
1
12
1
1
5
1
17
3
4
2
4
1
3
1
1787
8
3
1
1
19
6
2
3
61
2
2
580
1
3
7
4
2
1
16
1
504
6
11
247
1
1
2
2
166
8
1
1
7
79
2490
214
252
2
1
9
11
1
10
1
1
1
4
1
1
2
67
6
1
1
1
2256
80
4
81
3
1
2
6
2
1
1
57
22
6
3
1
2
1
18
2
1
1
2
1
1
2
69
2
5
1
54
26
1
136
1
2
46
5
3
3
8
2
2
1
140
1
1
2
1
3
1
1
1
1
1
34
2
1109
1
3
2
2
1
1
1
6
2
2
1
1
52
18
15
17
2
1
1
1
1
3
2
1
8
507
2
1
1
4
1
5
1
1
3
3
2
1
1
1
1
89
35
1
3
58
5
5
1
34
1
3
3
1
4
1
1
3
6
9
8
2
50
7
5
1
1
4
2
3
2
23
3
1
1
2
1
18
1
16
1
11
147
1
1
1
1
21
201
1
1
1
1
2
1
41
1
4
4
149
478
143
104
1
1
1
2
29
2
16
3
6
36
6
4
12
1
1
6
2
3
2
297
1
2
11
1
1
1
6
1
1
7
2
1
1
3
3
1
16
1
3
1
7
2
3
1
4
1
6
2
2
1
1
243
3
4
515
311
1
8
1
2
7
4
1
2
1
4
99
2
1
4
2
2
43
56
1
1
1
1
1
1
2
7
14
1
2
28
3
5
27
5
1
8
1
5
191
54
1
1
9
1
3
1
2
1
1
3
3
1
6
1
3
2
10
296
11
1
1
3
1
1
1
1
2
5
3
1
1
327
13
1
178
19
1
3
26
2
6
2
1
74
3
32
5
8
2
7
1
1
5
4
1
1
2
1
9
5
1
1
1
1
1
1
2
4
2
2
30
11
5
642
2
6
2
2
206
5
1
3
1
1
44
45
10
1
1
12
2
2
10
1
1
2
30
20
3
1
2
1
5
1
1
38
1
3
1
1
1
351
37
1
834
2
2
53
5
4
1
2
1
1
1
335
1
1
28
11
2
1
1
1
5
920
1
5
8
2
9
14
13
5
4
7
5
2
4
1
1
6
8
3
3
1
4
1
3
1
32
2
82
1
34
21
2
4
1
11
11
149
1
1
3
2
1
5
1
41
2
1
1
7
7
2
2
68
1
1
5
1
78
23
3
4
2
46
2
460
2
1
4
1
1
1
1
1
13
1
4
18
1
2
17
1
11
12
1
547
2
16
218
1
1
1
1
1
1
2
1
1
1
24
2
1
1
1
2
9
2
1
2
1
5
9
1
1
479
2
22
5
1
1
19
6
1
1
1
9
1
9
13
1
4
1
7
1
14
7
63
1
8
1
3
3
2
2
1
8
149
65
93
62
24
1
1
3
2
10
1
1
2
2
4
31
1
1
1
3
1
10
2
1
255
7
1
1
2
1
1
4
1
35
268
5
8
583
9
1
1
1
4
2
1
9
1
2
2
1
176
14
3
14
2
3
22
2
9
17
1
2
1
2
1
1
1748
1
1
1
1
141
1
1
3
1
2
60
1
1
1
4
1
1
1
16
1
1
1
14
2
2
1
1
1
1
61
1
2
1
1
2
1
2
1
9
60
180
3
2
8
1
1
1
6
6
2
2
66
5
1
39
1
53
435
3
1
3
1
3
3
2
9
1
2
1
4
2
13
1
2
48
3
3
2
1
2
3
1
1
3
1
1988
199
2
1
4
449
2
1
22
1
5
1
4
1
1
5
63
1
21
79
1
2
1
1
1
1
2
1
1
5
10
1344
111
24
159
33
3
1
1
46
2
2
5
5
6
1
8
9
26
2
1
4
2
5
1
45
1
1
1
4
279
1
16
131
1
1
9
1
1
3
32
15
183
1
1
1
3
1
5
629
9
210
1
61
677
28
5
1
147
1
1047
3
6
5
1
1
1
2
5
1
1
11
24
11
1
2
8
8
4
8
104
15
2
1
1
47
1
1
1
1
3
1
2
1
1
2
5
56
1
1
1
1
12
1
13
16
4
2
32
1
2
1
1
1
1
1
2
1
5
1
1
1
1
2
2
32
42
2
1
1
1
8
1
1433
1
1
1
5
4
3
10
1
1
9
2
1
1
1
2
11
1
1
2
1
61
1
17
11
1
10
93
10
29
2
3
4
1
1
30
28
2
1
1
5
1
2
99
170
100
12
2
12
1
2
1
22
168
1
1
1
2
1
30
1
1
1
1
1
1
2
257
6
1
3
1
1394
3
1
5
2
1
14
1
8
1
1
2
1
357
3
3
1
1
20
13
1
1
721
1
75
4
1
44
3
1
1
1
1
1
1
1
100
1
2
11
4
5
1
1
3
67
6
1
11
1
60
3
3
3
1
4
141
1
1
3
2
4
1
6
47
1
19
1
1
1
20
44
7
1
1
827
1
1
3
2
2
276
6
1
3
3
1
8
1
19
1
1
1
1
1
10
4
3
1
6
1
1
1
3
1
1
1
3
1189
9
3
104
1
2
25
55
1
1
3
1
4
69
2
62
3
1
14
1
1
2
1
3
2
1
1
20
24
1
4
1
1
3
3
5
7
1
2
67
1
1
116
2
2
2
365
1
2
1
1577
23
7
4
1
3
1
166
4
1
1
1
597
1
10
8
1
1
2
1
4
8
4
5
11
1
2
2
2
1
8
1
6
9
2
1
1
374
292
4
5
6
3
3
1
4
191
1
131
7
5
2
1
4
1
53
2
6
1
1
2
512
1
1
11
1
2
2
1
7
76
2
9
1
1
1
1
2
76
64
3
1
10
1
9
1
5
4
6
1
1
1269
120
1
3
1
2
1
2
112
1
1
97
3
1
59
1
214
1
2
1
2
24
2
22
1
40
2
21
2
1
1
1
1
3
1
66
2
3
2
1
3
4
1
1
528
1
4
4
2
1
82
1
1
20
1
1
1
2
1
75
19
17
1
1
6
213
1
1
5
1
695
1
1
6
1
1
1
4
30
1
2
1
2
3
2
356
1
36
38
24
1
37
7
1
2
8
5
531
5
3
3
8
1
3
2
1
1
1
1
9
3
1
2
1
1
1
1
1
345
1
10
1
9
397
10
1
1
19
1
3
1
1
3
80
74
3
2
19
1
1
3
1139
62
1
1
1
2
1
1
1
1
1
2
1
4
2
2
1628
1
2
1
20
50
1
1
743
1
1
2
1
47
3
1
24
1
2
5
1
21
18
1
103
1
8
85
96
3
4
9
20
4
2
29
1
5
1
3
13
1
22
1
5
78
1
3
2
1
17
1
1
2
1
1
1
7
1
6
1
22
2
9
2
16
50
9
231
2
1
6
3
1
6
1
3
1
1
3
920
1
9
1
53
1
1
3
1
1
1
127
2
6
707
20
1
30
1
1
1
2
18
10
12
1
1
214
2
4
111
1
10
1
2
1
1
1
541
30
1
2
11
3
4
2
14
2
520
1
30
59
2
3
1052
3
4
11
4
6
1
1
3
3
1
1
3
1
6
1
2
3
2
1
1
1
3
1
2
1
4
1
3
1
14
2
27
6
1
1
1
12
1
1
1
1
55
2
5
9
6
1
3
3
1
34
1
1
32
294
1
3
3
1
1
69
16
3
14
1
137
2
4
1
2
55
26
1
1
1
1
1
2
1
8
6
20
4
4
2
2
1
7
1
1
13
1
1
2340
1
3
5
1
343
2
1
1
1
16
1
254
178
2
34
136
7
1
3
1
44
277
1
1
1
2
1
1
13
9
2
2
18
1
358
1
3
1
1
1
8
4
8
5
1
1
3
2
4
75
1
2
7
3
6
14
17
1
2
1
20
366
37
1
3
1
2
33
2
1
1
27
8
1
1
1
34
1
3
9
1
2
1
1
1
1
9
11
2
1
1
2
2
1
74
51
29
1
2
6
2
1
3
301
6
8
3
128
1
4
58
6
1
4
1
1
3
26
1
1
67
2
8
1
8
1
1
3
97
1
1
2
2
1
1295
1
5
1
1
2
1
1
3
1466
1
4
10
13
4
6
1
1
1
38
1
73
4
4
6
2
17
1
11
2
13
2
1
2
6
51
9
1
18
95
31
45
1
1
291
78
157
3
2
2
1
1
3
1
