76
121
1138
2
1582
2377
1828
243
27
797
1277
58
1093
2412
352
943
2434
1872
1149
1263
2163
606
616
1352
2855
1728
36
1180
1000
569
2296
85
2182
2011
1678
2825
559
906
920
1985
74
2
141
1254
156
2288
660
2302
7
378
2107
1539
80
727
48
190
597
1834
825
1076
609
2975
1118
1325
126
2678
1147
174
343
351
1535
2272
2999
386
235
108
1003
1581
2408
818
664
359
395
1792
139
1699
708
891
720
557
829
963
1293
1130
142
1486
654
2816
183
1282
205
964
8
1131
264
64
2064
20
916
1488
26
1343
856
1917
178
508
769
1076
1872
325
2179
1369
1144
37
16
850
2618
572
1048
312
590
2820
1443
2489
158
282
1498
284
915
858
1876
2666
195
79
320
2167
741
1008
13
901
2574
2494
1061
838
735
1849
2470
46
1830
347
2871
2470
464
1814
151
999
2363
1086
33
1453
15
2132
2851
1679
197
534
6
798
1
920
1286
1577
1601
56
809
116
2732
71
1644
148
1079
2698
2278
25
2474
2032
1522
36
167
15
2177
2465
972
947
2976
319
1690
33
55
236
86
93
896
1013
108
1294
728
629
2763
1866
1064
346
746
1
796
1039
600
18
1236
856
126
51
597
657
83
1
1674
158
238
1313
20
1548
2400
836
1350
273
2051
2333
1456
484
10
41
621
46
717
1312
1480
539
2456
110
2241
63
1439
1301
41
914
1881
1707
208
198
78
1054
2434
211
200
430
405
2
2488
24
1378
2561
1
13
494
1347
83
43
2721
73
305
17
2403
95
1709
117
48
1630
1792
876
1867
2369
5
5
311
1961
1508
2406
244
1
1614
2712
4
744
1975
1401
2581
2891
2295
976
317
812
206
3
56
482
1729
1307
436
1743
311
110
654
880
1
1574
486
144
263
245
610
367
57
1418
494
227
328
2006
468
3
2655
503
1938
2871
941
2134
2058
46
2059
476
63
1007
1194
770
14
1708
529
2530
2095
1911
353
742
1947
384
1710
1886
1500
2840
1119
1102
1174
732
735
2984
1215
6
1991
872
29
102
847
1423
445
930
79
42
216
1587
1928
2508
2531
1110
1918
1089
715
2432
145
2898
1143
2558
350
76
115
1500
457
622
2513
1123
174
3
1456
30
668
595
2639
1018
273
529
1163
2235
2397
150
4
676
956
78
2844
2517
51
57
130
4
893
1881
2690
5
1057
1915
890
490
230
230
409
74
2837
1524
1
6
874
308
2941
51
824
268
549
1201
364
1280
2086
1088
2544
1746
1880
908
102
2034
2060
9
1101
1562
2677
857
322
2
43
851
435
1367
1241
509
320
677
1691
910
161
2447
2372
1420
15
34
69
21
1643
167
1996
2520
1947
171
409
1168
274
16
673
32
44
109
118
1060
2937
1
418
1427
980
1137
2058
1488
2750
653
2185
432
206
713
1103
2431
29
2333
899
2975
1447
257
121
1558
1037
629
1346
1972
508
2185
404
1900
382
190
119
2718
75
360
201
2772
2597
885
1862
1954
809
71
1446
108
2094
12
906
290
668
2473
11
652
19
109
2977
1359
847
202
639
5
211
160
285
1745
1780
32
308
296
70
497
241
939
18
92
821
319
753
1800
1833
2892
77
1984
2705
2634
1272
1692
490
198
1286
1857
2181
1933
1928
2160
548
1681
10
2662
1091
519
647
1808
728
381
2977
16
615
536
8
669
2197
1879
1104
30
2819
37
93
14
372
686
659
760
493
1743
1206
3
2626
578
728
1118
488
2689
58
2103
1100
172
14
1155
1172
352
83
254
1528
1689
162
40
567
2975
3
1365
554
2069
1821
205
184
343
75
1103
1346
256
28
118
2128
490
2953
551
1747
528
1518
2771
207
95
245
26
223
240
74
2819
480
688
1319
812
1065
225
545
1646
228
77
1608
1659
408
340
948
2333
46
2068
1336
176
619
1005
1951
1021
180
650
421
176
801
2836
1672
150
1080
118
120
889
305
1866
464
2180
2401
238
732
1971
84
2841
2481
376
2065
12
196
522
789
165
1867
2348
879
1706
367
2426
1355
1502
2799
1804
377
650
27
50
406
1706
1224
2403
41
1788
81
372
1954
297
225
931
252
2298
1663
391
53
1646
2563
1529
467
303
2179
531
2550
12
1695
17
367
179
2207
424
5
100
1051
1928
2054
1168
305
1930
2093
96
75
61
803
584
1914
1798
289
2977
243
2014
544
144
1862
1157
2622
1240
1336
1789
1788
2145
10
1
177
880
2518
203
305
4
920
1108
1981
2501
363
2796
400
468
145
2589
2041
2734
639
439
888
2278
1956
392
1236
35
2590
945
6
1263
559
1326
875
1141
1749
958
427
238
272
1487
846
1136
165
1165
2635
1310
2391
179
23
23
1974
594
400
33
1415
1123
179
2
1980
1211
1379
279
163
153
8
977
477
175
320
1353
1316
1
2160
1773
161
418
2296
642
2194
184
1289
1389
403
1718
417
1290
1481
108
2
683
237
68
327
1389
410
966
923
427
1312
488
1998
107
130
1288
235
126
1322
924
836
28
2004
84
7
2121
410
1789
636
2205
2943
41
2090
1170
136
294
95
1237
1182
2206
1812
2074
2941
572
515
710
2392
2368
141
16
119
814
2
749
1302
70
2466
2527
430
450
3
338
3
838
1884
15
1195
40
1006
1468
960
412
44
945
2093
1281
2842
576
28
299
1383
1200
965
21
698
605
1403
1405
93
1712
362
1418
2413
208
2184
48
187
758
1897
2317
151
39
1128
2535
1807
1789
18
213
1180
1685
2711
517
543
316
1055
1056
2851
261
2797
748
589
519
2347
2013
6
1446
1454
936
2188
1470
258
301
2107
728
2124
439
2057
2085
1490
648
3
251
505
764
1103
1334
584
384
28
59
239
398
2032
482
163
59
1145
12
2742
67
322
194
320
1213
458
1749
559
2911
853
675
2171
1295
315
397
25
218
109
2126
804
18
1107
2690
581
2348
150
2151
620
2487
5
878
615
2191
1225
151
1685
1656
2444
578
1608
685
305
236
252
126
932
330
62
973
200
2923
2318
1207
32
695
15
90
1280
2308
390
850
13
2335
2721
2932
1347
1492
457
1597
2
1408
319
497
2420
2879
283
1183
782
1546
1610
35
2658
59
2997
1228
2680
2618
999
102
179
1957
129
2050
540
1338
1609
2098
180
700
1584
2298
1985
176
459
163
503
465
388
390
1770
33
1385
2336
1161
174
356
2638
2218
208
221
1415
1638
318
173
6
17
856
1430
963
129
2081
16
422
603
1261
355
889
1972
1224
430
1760
1786
1586
2954
825
928
100
7
68
380
70
308
782
1
2707
118
2072
307
179
2918
2240
843
291
50
307
722
262
898
2269
1198
376
2570
446
2213
1959
8
137
2736
1832
1464
997
445
55
2564
109
142
873
14
125
67
373
1725
1244
2262
756
552
360
2742
230
2236
9
38
5
2786
23
4
1816
2362
385
351
276
2710
2907
1093
610
286
761
99
1082
955
9
2049
2694
622
206
405
302
303
60
1019
1328
268
2248
439
2907
2852
557
447
1340
80
136
2323
1061
70
2857
453
93
3
1844
831
1146
33
922
2890
690
1676
1950
287
1009
394
578
1894
888
1114
404
1501
2255
604
152
154
2770
631
220
284
619
350
1490
2089
1
831
716
901
199
2922
1805
1475
1643
1653
1330
2013
303
1549
617
78
1778
688
187
343
2051
2826
1776
956
1609
2265
46
700
1824
127
235
513
44
1215
574
785
1019
102
325
918
173
1788
560
138
364
884
281
1142
155
105
205
478
1602
1292
1080
2199
983
249
32
513
845
550
2080
2774
194
2404
8
2479
151
1979
537
952
152
35
93
2257
1370
871
2360
433
2777
1680
2209
2719
712
78
334
805
295
69
2212
842
54
877
260
2711
409
81
2194
2142
2729
2829
1536
1579
799
609
1563
2146
2562
1158
2234
2195
1735
231
2186
1473
558
625
8
2892
569
304
7
16
1684
738
1551
606
85
1087
2168
63
56
1954
2361
1506
592
1837
108
185
1371
1666
1657
187
8
50
894
517
2482
1869
196
624
90
93
481
508
1662
49
1021
2826
253
1290
134
939
68
14
1167
139
2062
1006
158
363
1933
2635
2281
708
2419
29
364
155
964
1963
1912
327
1346
890
624
2898
2687
1990
2698
131
2835
218
365
1197
2037
8
650
127
35
19
127
2768
135
165
129
130
31
1053
3
1055
1230
1899
25
731
2514
82
1120
1585
1087
1437
2888
864
1602
18
2394
2735
5
134
1615
44
2610
517
8
705
2247
2189
876
280
575
835
52
127
1134
1517
100
309
2080
99
191
1083
60
2771
2206
29
581
393
798
299
1118
2041
2711
101
2134
759
17
1333
172
1
458
13
1063
20
1866
1585
2954
5
153
45
215
13
1286
480
2933
2622
129
1594
93
431
132
2751
48
1102
1822
1731
1963
842
129
2887
2017
1813
1791
331
1138
834
1696
5
1593
927
888
319
2217
121
59
24
287
191
2262
1358
1138
347
1142
4
1096
1454
2453
2770
686
1060
1970
20
332
1493
310
614
401
2421
759
14
240
635
359
857
2906
2911
498
1145
2535
1126
972
556
2299
710
76
21
1062
126
2
1396
2354
1881
473
222
2470
112
736
2011
523
443
2110
10
2328
1298
1896
1475
424
246
4
60
9
2431
2822
1610
139
382
19
911
2683
796
2802
39
1848
2340
2712
1765
1915
4
57
163
320
1515
455
2649
362
2174
6
517
84
1211
285
90
21
1053
900
82
1403
1521
2954
2102
504
275
10
118
572
651
1689
4
723
2874
854
264
181
27
2820
2494
367
1799
934
250
1178
2430
69
143
1270
85
1889
210
755
69
580
2898
302
2404
1025
724
84
770
1100
2414
2699
2706
1105
2286
2372
1404
1282
991
2819
11
2584
1190
362
298
2746
1947
168
355
1228
12
339
714
592
554
2782
2543
1637
1829
985
2222
596
718
438
2034
58
1504
2455
1191
2120
279
312
1322
490
564
1084
1960
866
1844
2262
88
2563
1965
915
1700
2327
532
309
12
1233
92
24
971
2442
34
19
261
693
2826
33
11
252
1602
1690
498
386
2630
1
1627
1266
119
2464
2464
2809
308
481
1584
2494
160
230
2494
2850
1598
2995
931
2737
2850
1580
115
375
531
142
83
1283
1853
465
1969
2921
469
834
1362
2364
1276
36
559
182
1819
487
627
400
1398
1038
103
35
1194
552
39
1965
408
1624
1757
28
141
2611
2137
2009
309
1078
172
255
458
1047
1740
1907
7
25
1340
90
184
228
366
542
586
619
701
1125
2349
7
1263
1334
5
538
41
193
1786
1235
950
394
280
89
571
25
2085
2492
426
16
40
389
1
897
1400
403
1981
747
2528
28
523
372
2064
407
1595
2486
39
322
299
761
20
287
28
2065
2247
2657
142
39
1140
326
888
12
1590
1402
1375
1112
1915
289
906
1595
549
1749
118
975
2628
630
15
109
38
2705
485
472
6
86
426
2669
191
948
2090
47
193
1223
1881
321
65
2810
407
276
2219
1
656
1488
2534
1319
1249
1330
2749
772
87
401
18
333
21
603
361
1351
159
206
575
1074
1908
1110
96
787
619
363
1549
747
43
27
1662
1827
491
65
1111
1465
1503
5
2743
2728
578
994
1703
1728
2919
350
1123
1774
2476
4
519
681
1183
853
133
1842
2044
381
2503
2603
117
2038
735
1198
1
2508
2806
2724
652
75
1976
758
1694
174
2617
2
103
38
1935
705
960
1922
1782
1564
133
14
786
1692
1413
170
1010
2159
2066
768
366
11
237
35
2325
231
259
369
396
5
446
2665
828
2458
1729
640
2808
1255
2406
2257
1900
695
1134
290
1626
2231
1935
238
398
2566
426
1899
1640
4
326
675
205
2856
262
138
2155
2283
1551
246
1986
626
830
208
2511
2111
44
230
12
912
928
221
625
48
2171
668
184
27
2414
2011
2829
14
53
1290
2290
1087
2622
1409
28
1100
446
696
302
132
37
20
1287
705
2388
350
215
1105
1135
3
2781
2131
2846
502
2463
643
1711
1196
830
210
1271
220
874
998
1520
217
1707
881
36
644
409
130
955
522
1915
96
3
1177
195
3
391
626
1
10
76
2671
2220
125
182
1778
233
470
1530
703
2993
2322
47
170
1893
1148
1667
262
327
1248
9
126
451
223
532
374
212
1770
10
2520
186
4
121
2395
920
1138
223
103
886
855
756
1453
61
605
11
2282
1971
206
1840
2761
879
376
589
575
435
261
867
1615
1174
59
58
1507
834
107
2434
668
434
56
54
445
1302
849
333
1631
2184
44
849
839
724
397
1411
1786
18
1170
2813
1836
1661
1879
594
1643
1714
113
1203
549
2080
814
812
53
1680
2515
8
185
804
176
304
1001
92
964
765
1072
197
1237
66
1089
879
195
1488
2419
2995
63
2615
1632
1172
8
410
2691
169
386
193
361
357
1281
380
19
3
824
1862
2191
2669
538
2039
43
2490
2505
210
2840
1361
361
2854
391
122
1006
676
2962
189
202
428
892
74
2350
1083
1519
11
1095
545
1335
252
1735
411
87
2782
1631
10
2566
459
529
520
1868
2056
1755
184
2201
2918
1611
1889
2736
12
2839
12
168
1079
467
2181
26
1798
235
1629
534
172
1253
73
268
1755
92
309
1042
759
1062
749
1631
2990
7
454
1878
2408
158
385
2525
362
2443
1751
497
414
197
807
192
235
2818
475
1744
991
1315
168
1373
1418
124
2759
12
674
1464
325
5
38
258
2051
2122
194
1132
150
582
168
158
1827
502
302
5
1
2025
254
2706
2728
505
2364
149
175
1397
308
833
343
1499
65
2
1568
2328
200
113
239
2823
1055
1225
74
1945
2887
80
2426
2723
2084
1073
35
481
606
1954
32
4
36
1
133
726
2996
309
2633
2934
686
1815
397
812
131
1240
2267
1530
1
139
1108
967
2065
465
2915
2732
2979
427
241
12
59
2913
84
214
148
468
939
241
2224
8
1312
259
33
737
789
2142
181
496
107
869
4
870
226
140
1967
1269
685
1732
1606
458
2692
1560
670
519
2788
585
624
1802
507
1128
499
1661
1607
335
105
223
1501
229
1313
85
379
313
1401
1507
2425
13
608
2365
1633
1164
495
304
2823
131
1383
660
2622
1332
62
230
1113
463
151
707
165
1316
16
34
54
959
646
638
548
1852
1994
1459
173
1191
248
1
2833
794
1027
422
1313
2469
1642
58
109
522
46
2827
2210
14
76
506
378
4
315
49
1549
4
454
9
72
2642
10
1502
754
2715
563
1318
2864
1564
687
1162
2872
2910
483
15
982
1844
1834
1088
456
856
470
49
512
492
1204
1439
2335
721
1518
17
1398
1395
208
1095
868
150
472
303
2942
204
26
1741
550
1441
489
1365
1624
80
216
1
160
266
2941
389
273
186
440
584
601
1822
728
142
195
50
1232
428
814
848
1824
52
49
879
2945
2461
1147
18
933
87
459
920
1847
2061
2998
156
1408
795
389
1897
356
16
20
2060
597
461
1112
2976
2110
1474
2673
1989
1370
2
2440
2055
1475
1232
2793
351
337
2350
1158
208
1889
2702
189
2251
206
1169
185
829
479
2154
2259
2132
1833
3
267
2370
15
1703
2430
1767
1374
70
953
689
566
164
2955
508
1059
51
2598
2755
378
2
2810
1348
990
2500
177
2306
1623
2454
209
266
331
1993
36
492
675
91
101
1286
181
2249
2075
55
59
837
648
3
57
507
2300
294
1610
969
2004
2698
733
407
1065
2907
1953
2037
2222
2028
423
1737
2109
2728
2396
103
201
59
1016
643
1396
2300
2253
2588
1470
239
2614
1733
60
738
598
1087
2666
587
2701
2440
10
1067
1351
1422
1194
5
460
5
68
2572
878
1156
2057
2205
2658
1983
2519
1200
748
630
1205
418
2187
10
839
1581
2909
446
2925
1398
2659
241
1267
1219
1418
620
762
1781
1546
81
290
2566
183
158
249
682
89
99
545
2427
52
94
2603
609
125
1830
1779
524
1227
114
5
78
1604
51
1363
130
2528
147
406
427
2623
1821
1642
614
1264
217
2185
2745
214
1495
2266
450
267
975
1910
6
1099
1489
159
1910
177
1932
15
1239
1650
483
462
2880
2524
2899
5
2731
988
147
2622
814
1252
42
1433
684
2920
1602
1245
1
62
30
517
433
2649
1001
102
1292
1390
240
2495
11
2477
306
1822
246
115
1928
1479
701
1070
1
18
1947
689
114
223
68
2414
2697
1937
1067
688
350
724
1286
66
112
2127
355
91
868
209
173
232
938
230
1443
2626
1887
56
495
1228
38
657
210
34
639
1980
112
171
1148
1158
1368
647
1
1183
257
1433
2943
660
1136
155
483
3
933
131
87
1209
64
62
514
1462
70
2491
540
1726
664
1567
121
1396
663
2298
323
191
865
94
2111
57
309
2473
1161
103
1012
85
186
1994
177
1451
35
831
1537
1183
2884
33
1162
125
184
2394
2410
403
383
202
95
997
2520
68
549
506
2056
4
2232
193
42
7
458
1533
1470
82
1822
2841
106
618
424
193
1728
1009
1936
393
2117
298
1193
1624
1749
1451
290
2585
2932
1341
1108
5
1007
2225
461
137
820
4
1109
1486
190
899
149
21
2190
2929
1404
1185
2774
941
273
822
2210
1780
2782
776
203
1187
845
1156
1446
759
1158
2311
2361
1318
2899
1920
2686
13
9
460
1457
147
104
2896
547
412
1814
462
2211
2174
21
2036
1113
201
12
1197
278
2125
1500
1489
616
2874
293
369
1687
169
11
2195
1461
991
961
63
1019
2656
1947
1948
152
211
1206
2816
1574
7
12
68
832
1532
1066
36
280
2600
472
87
1799
2072
1764
1474
2720
1418
3
723
802
120
140
28
204
762
1912
1525
2055
1054
976
2412
2010
54
1075
722
249
2162
1174
2814
352
213
169
842
544
2961
524
1172
2629
337
6
2053
213
316
863
917
1
303
363
227
13
277
434
843
1040
1825
2695
1385
1150
2660
1423
42
2686
27
2364
2746
1485
1192
1597
783
777
53
1082
2232
103
30
2049
57
2359
837
360
269
190
539
2527
235
2564
1594
713
51
725
906
643
90
2126
1838
1332
1530
144
1767
8
2928
417
494
123
175
1621
1267
392
12
941
671
2795
193
2606
2148
1049
5
635
7
211
426
918
996
44
1535
389
120
2657
1
678
4
2819
2271
844
2388
381
772
808
4
4
876
1262
700
41
1373
128
1040
1736
2836
913
148
23
9
169
1848
2901
259
4
1282
447
261
2525
84
1868
1922
187
179
240
1682
309
1521
11
562
2790
629
355
645
267
6
788
2231
336
202
35
689
2091
94
1414
1594
101
686
2005
1953
914
2702
373
2848
506
704
50
685
113
1412
58
363
2296
2220
1844
1848
2539
287
130
2
560
13
1673
894
690
1591
1827
690
28
2542
1270
1231
446
1657
1347
637
451
92
2854
493
588
1188
47
1593
1727
183
442
742
320
1342
52
404
2291
973
668
838
652
248
253
117
490
76
1975
2193
2137
23
1964
154
211
1820
1990
1
1205
900
1119
136
1098
249
1889
254
2544
2131
1282
1035
2638
1954
526
914
1185
1608
2261
538
167
146
2230
1199
296
844
831
509
603
597
260
68
1466
1592
2811
130
1831
104
1953
2317
213
2190
151
115
107
243
1187
2681
1621
68
2774
685
1005
2124
8
161
28
497
1817
1008
638
2679
26
424
75
1631
2148
2812
1508
996
2403
412
223
847
2091
7
1289
1504
802
266
2367
118
1834
152
1760
1
557
279
1
603
2820
1234
2434
2227
762
1004
36
1876
110
583
1
226
771
1320
132
1285
2237
320
2334
621
142
1425
2182
344
39
98
1100
335
438
618
88
2723
625
347
1902
2051
2979
140
831
18
1182
265
2860
2418
1481
4
183
850
2984
75
497
18
596
2131
77
265
1123
1874
211
1934
28
2336
26
1090
28
827
2286
47
498
1593
54
592
27
40
792
1427
80
74
216
26
3
1446
2567
512
7
142
2958
1150
80
2215
3
455
1873
1155
1845
105
772
2302
2
1140
2214
645
558
922
514
2239
162
2069
262
1551
311
1547
2117
1903
2297
863
94
806
10
23
2376
1096
1068
315
26
1659
921
77
66
1234
1106
34
1140
509
790
1958
1855
87
41
1894
750
1833
582
2
508
9
1353
93
196
508
115
846
116
236
2644
661
346
863
2144
241
313
196
929
7
206
2597
1916
387
240
89
1623
2916
997
1187
176
691
2550
2134
233
360
18
1691
2749
534
1593
1034
176
185
1792
1050
2062
774
139
1339
751
1029
147
2343
1324
608
288
741
737
698
1304
65
2410
154
357
1614
2037
26
2931
1542
820
1603
9
2860
138
577
2266
2530
206
1005
2759
643
2036
721
458
936
1514
1958
240
483
115
2957
1999
719
540
744
140
803
911
1018
383
1
133
1305
2748
2051
996
2826
283
2875
1491
279
1422
10
1324
35
145
923
199
2125
8
1037
274
2613
1534
1134
1707
1346
2361
157
3
2
1705
520
1031
1584
250
905
479
2913
1379
407
2133
35
2840
998
217
184
1772
2527
11
2629
290
221
492
1194
1488
2684
329
202
636
1046
1357
1504
355
2612
620
118
181
1
876
52
179
2193
14
929
547
2573
179
19
822
518
2501
14
98
518
6
1302
401
1779
898
1690
4
491
157
549
1771
671
1431
754
70
1085
1041
60
7
66
1144
376
1996
846
483
43
110
156
70
168
20
1247
288
1065
542
2
1369
136
2486
2530
59
21
574
549
30
380
1836
978
2803
1116
287
22
2244
1470
84
2978
11
2652
1520
868
1967
1631
182
22
1429
64
2589
557
151
896
204
540
1266
683
923
829
739
2948
2539
2002
1819
2911
2262
900
519
2484
236
298
1428
63
149
334
1900
1757
973
1491
1227
134
1794
2128
431
36
2484
1332
2170
26
444
2882
294
1720
39
1959
50
517
2793
2
773
867
1617
2632
747
32
615
18
270
41
2398
267
1695
815
2043
9
922
1410
123
157
2081
2443
1529
1084
2915
163
1220
1941
1978
466
110
894
1395
976
2209
3
865
17
1046
300
61
2370
1
1056
2431
541
1397
17
2015
1795
26
278
1098
1035
1355
2
2742
2628
728
50
376
2915
619
547
2471
1175
542
1288
638
1046
2810
935
9
107
15
520
758
408
1190
404
1157
2870
2313
210
1971
52
313
21
2156
2183
19
1416
2218
1106
2594
871
137
1146
244
2232
329
394
8
1823
2174
119
26
19
2310
345
765
2665
377
436
295
364
1202
37
967
2707
1913
2814
2038
819
52
2632
1227
1394
432
14
777
63
2073
14
79
893
54
449
554
986
52
463
421
487
687
961
2139
213
450
1593
78
1114
2588
200
2449
943
1596
43
2627
5
615
2531
243
2796
471
2926
2525
260
246
1999
4
745
2467
52
1753
1016
1488
1493
1267
990
1702
448
590
54
351
1464
332
195
1648
1174
124
517
2186
196
381
1147
2
2208
1522
1605
480
835
331
2117
684
956
1570
2158
1886
130
1181
46
2801
206
13
175
1165
948
123
40
1108
574
485
1064
74
593
637
515
6
137
900
80
2562
2538
1897
1553
713
2643
2357
2360
1
82
2725
161
2182
879
21
1200
26
350
1162
1344
1504
944
1115
299
568
693
2991
1724
801
274
501
338
78
530
159
97
2167
2534
2284
940
267
1819
1644
2391
12
863
1997
98
157
2467
686
502
1072
1835
190
1
136
64
2341
2009
223
2
2034
161
2944
6
553
1226
1456
1265
2847
30
946
1844
23
603
23
1
200
41
2512
23
2715
2
2642
1693
1161
13
2233
547
2156
790
1191
833
1981
990
129
15
1885
455
378
229
2757
750
11
142
1149
1809
2723
226
231
82
833
50
5
1178
161
1085
1614
2007
1
8
559
28
18
401
445
2653
703
310
827
1727
21
430
430
1098
1006
824
2837
95
11
1909
198
17
1150
1313
19
860
3
317
395
6
113
13
2360
2221
81
146
1203
164
592
2069
870
2166
1438
2907
35
1140
2436
786
42
364
179
554
2374
192
571
1714
870
2264
664
8
1033
109
1857
60
504
2589
709
38
93
1515
2767
2928
1662
2011
6
105
2828
3
623
139
2003
76
1441
4
13
1266
500
1194
1843
1026
2001
2854
5
1915
7
2822
1313
1962
976
604
542
70
1912
203
1335
154
21
538
2159
1711
2
1225
915
1022
893
2767
2017
1091
1039
2914
300
558
23
2406
1978
2729
1645
291
2414
41
1065
487
2210
2647
1980
1239
1589
788
1940
2246
313
290
1868
1792
43
28
202
2661
2172
595
884
821
2835
343
1346
1079
3
2899
902
650
2999
910
2269
3
2745
1773
1945
442
1005
1649
1789
104
2342
2265
1485
147
1892
1632
4
2197
343
1269
579
52
140
675
664
618
349
1209
136
15
2546
795
1721
909
52
1710
2244
9
1508
1245
853
2
1952
11
1822
2218
1588
1628
94
1406
2901
2104
101
326
48
63
2490
1381
639
1113
1368
691
16
24
91
2
49
1978
1292
112
2965
9
1472
2340
245
876
265
30
4
934
2106
356
815
2214
225
2189
164
510
1964
319
217
1082
2327
2148
2516
896
271
119
11
2788
2853
62
2804
1814
648
945
416
155
424
1558
2527
2883
9
196
2883
139
2990
1890
1530
1527
1952
1699
907
702
479
152
306
1910
1920
1032
1052
226
692
1322
2721
1637
1359
2430
2155
2899
912
991
63
513
318
263
12
248
1348
1348
40
80
1204
1167
11
1698
1604
1840
27
1748
63
2648
51
611
65
2393
1953
2333
2060
2249
1755
1936
2585
659
1096
46
336
204
2157
1731
1742
2352
585
2292
1384
1396
843
2259
68
2721
1786
2460
1202
1126
99
1141
805
662
33
238
772
71
2
1380
97
32
2938
190
1140
13
187
2749
122
2895
2805
263
1482
2578
978
287
2286
4
1766
2206
513
699
9
1285
1078
1312
1052
446
627
345
223
2431
2429
1484
1561
557
2162
1343
76
2560
1368
378
495
471
1755
1619
74
12
1243
847
652
1942
67
2435
796
1020
23
1992
229
2158
118
1792
92
1390
92
481
1279
212
870
533
1005
1980
12
900
314
930
364
2866
856
1817
1273
129
67
106
595
1790
1285
810
861
2926
296
39
389
651
2837
1
21
115
53
20
1583
1984
2422
702
34
1362
1652
478
1739
1426
4
461
778
7
1162
1916
1476
684
65
1969
2737
2836
399
515
1210
1397
489
6
2332
117
268
397
184
1073
877
300
2379
24
2592
2
623
901
438
116
2084
205
1670
2107
107
5
200
354
2
2224
63
680
171
1865
1665
1035
1616
574
383
1832
1112
1678
1
2540
953
76
2591
493
3
797
1570
862
2170
737
200
2213
53
680
1
