898
942
689
43
679
94
55
14
380
470
331
820
697
797
891
851
837
277
715
445
920
237
272
8
720
763
591
365
836
742
515
426
826
462
400
573
615
28
822
222
654
928
669
893
574
719
596
361
14
295
260
291
441
23
657
839
412
987
111
527
400
998
505
362
637
743
474
330
989
820
57
446
491
728
1
624
896
882
182
856
136
322
305
516
510
383
633
177
736
574
940
191
28
141
507
953
736
53
119
105
56
848
710
391
934
889
559
831
993
820
677
412
278
72
297
844
954
241
847
112
309
380
922
745
283
980
653
598
365
133
969
264
232
685
93
834
670
537
109
933
56
665
922
835
925
477
980
656
137
218
897
686
993
896
74
804
545
833
310
574
442
383
883
609
701
153
181
159
868
523
306
424
362
32
349
491
168
93
48
47
803
519
910
528
269
436
190
88
135
38
398
897
600
268
835
121
308
518
873
578
654
544
809
325
719
368
896
516
468
334
944
620
582
256
969
485
407
191
867
90
969
757
15
418
62
117
355
412
769
514
766
832
140
247
154
100
422
498
787
245
977
926
973
282
487
804
809
387
207
126
367
612
486
14
339
531
78
899
252
307
982
233
697
822
44
495
464
49
544
460
33
448
770
604
471
139
797
283
407
687
695
903
570
404
111
863
755
698
107
649
620
437
573
903
425
614
29
327
603
440
142
138
24
880
85
509
750
444
546
694
79
165
423
865
327
56
688
530
855
112
964
353
371
235
941
32
400
706
767
143
422
44
215
364
982
948
40
723
503
770
218
309
848
878
198
50
45
700
727
130
204
865
216
126
610
281
360
528
991
433
742
126
721
539
21
327
399
9
569
244
231
525
299
650
157
573
430
911
62
784
17
387
696
826
10
15
162
581
776
120
613
909
539
965
440
93
498
744
544
804
454
892
430
756
966
108
219
813
865
546
203
831
853
403
687
453
484
201
296
469
874
31
793
34
825
235
731
89
440
358
65
873
424
529
454
863
39
679
44
630
856
342
689
406
360
354
580
613
473
410
864
958
723
6
248
727
881
1
370
640
942
887
193
328
163
66
943
707
844
914
634
290
528
458
42
442
663
374
222
323
369
530
45
334
153
32
252
107
305
318
991
633
447
369
803
693
959
133
639
542
707
248
91
283
367
463
166
802
814
970
300
421
102
65
540
84
642
403
832
683
748
264
229
868
725
824
936
290
717
583
758
610
596
172
644
626
959
973
511
153
972
897
401
189
165
582
695
869
486
892
847
443
649
235
898
112
301
156
780
914
205
369
166
41
524
682
457
196
446
797
751
995
411
469
353
134
270
292
204
82
898
784
729
316
768
636
286
59
266
2
187
113
5
454
20
448
51
12
6
380
570
236
746
137
302
957
764
70
347
334
908
854
97
210
527
85
149
881
485
454
215
728
756
120
570
761
873
154
903
617
646
65
992
587
165
533
713
267
643
164
769
361
316
481
54
658
925
954
77
23
302
900
524
67
899
855
390
973
60
771
435
619
793
402
471
912
969
11
791
799
366
116
380
110
105
554
888
433
316
427
591
394
899
704
986
911
271
493
952
232
579
613
67
932
558
901
398
708
9
525
910
168
705
722
109
773
686
338
58
17
422
357
660
877
889
955
32
848
512
530
983
316
395
532
764
989
189
817
877
229
996
793
60
332
462
854
994
478
407
460
401
926
507
685
339
547
745
191
365
333
902
102
622
172
593
549
518
301
824
979
233
201
782
101
207
689
663
410
541
421
668
485
553
358
488
742
221
762
733
93
509
539
690
409
441
471
532
579
11
619
402
239
396
154
720
999
999
410
18
184
439
160
473
529
761
644
248
14
550
165
225
32
28
293
883
790
73
572
193
793
860
464
411
670
334
669
35
929
819
66
721
111
943
239
766
701
659
773
869
49
919
904
491
539
646
905
859
986
124
723
893
473
185
65
443
860
454
753
945
39
334
692
573
321
45
51
626
852
689
529
605
449
250
202
599
563
150
689
120
146
29
970
805
131
936
458
99
779
357
29
25
76
104
464
301
295
664
765
27
870
859
975
31
505
768
631
588
309
370
293
190
843
626
234
555
914
471
166
186
650
897
238
815
606
205
418
919
351
93
544
927
647
757
374
536
644
307
369
98
306
301
722
141
728
736
570
951
175
966
916
751
539
190
373
281
70
362
292
697
571
35
411
277
527
5
295
705
192
416
318
865
206
433
818
78
65
424
663
659
405
275
671
713
861
549
499
815
876
511
142
500
914
439
485
961
498
421
267
760
973
486
567
352
735
267
994
440
849
663
639
648
432
568
522
58
250
644
577
39
488
578
332
119
629
643
948
217
297
93
752
410
59
843
238
366
779
170
67
604
205
747
603
873
63
504
574
142
265
797
368
631
841
489
872
136
270
809
54
46
303
880
733
534
608
606
117
261
655
766
223
103
91
497
31
226
576
977
831
36
496
594
186
461
729
44
58
18
410
236
793
18
775
134
247
53
259
864
486
844
131
248
360
538
585
495
350
285
261
704
327
726
411
562
575
908
52
814
451
437
160
356
465
35
758
42
414
143
14
119
711
223
674
586
585
450
574
81
437
290
900
503
922
470
936
79
731
68
324
32
489
454
587
688
752
886
924
51
107
60
265
119
790
275
779
1
962
495
749
982
202
948
674
411
624
48
260
529
576
850
868
475
267
303
155
828
609
381
231
571
32
347
914
986
372
977
970
952
932
405
973
479
522
373
348
87
207
737
30
800
275
578
187
376
957
145
989
543
780
709
29
792
815
670
779
66
941
850
329
557
264
552
671
944
520
376
815
417
871
652
719
190
996
870
308
206
185
616
231
751
253
248
789
650
946
662
57
6
248
720
602
293
837
32
117
37
581
941
326
311
704
496
954
52
225
249
652
708
706
864
732
421
554
115
760
430
534
191
308
88
436
765
385
644
647
393
141
696
871
36
387
507
781
954
697
46
555
665
205
229
773
242
699
819
395
918
732
748
791
504
321
255
364
643
416
268
908
594
184
914
14
274
532
147
513
447
200
602
512
58
365
985
417
681
662
906
607
537
58
948
213
691
183
902
521
784
60
784
933
834
179
150
158
861
565
519
900
395
901
832
257
173
656
616
996
628
520
129
207
528
226
409
136
456
755
135
995
485
13
485
542
825
59
918
286
679
92
436
162
854
619
994
434
510
560
959
225
691
747
344
657
45
827
783
664
266
124
13
425
801
861
168
563
563
898
335
505
417
138
853
983
432
779
556
349
614
717
264
965
942
417
577
652
235
184
806
242
635
231
473
830
959
818
733
851
252
67
920
231
444
615
874
95
718
468
643
148
655
721
701
762
72
558
736
23
556
505
54
40
718
245
883
744
945
168
619
664
49
587
196
622
803
47
533
68
300
997
597
705
590
498
658
946
681
581
976
162
396
565
934
377
305
670
780
581
531
717
713
876
171
763
437
357
226
679
703
178
645
910
880
843
275
191
736
562
427
277
306
92
364
392
84
966
246
190
658
918
563
471
153
228
729
889
988
863
552
882
220
72
389
37
709
766
552
309
712
900
579
313
233
828
619
507
488
33
915
661
833
637
447
137
467
901
476
421
783
724
582
146
416
414
200
839
355
456
111
217
206
334
955
375
74
309
793
609
428
4
836
172
503
188
300
237
183
198
463
678
552
376
539
247
525
668
644
593
483
93
282
342
208
754
562
487
2
879
860
620
264
886
961
304
613
441
761
150
149
866
953
9
404
362
876
48
259
874
829
686
816
339
39
763
979
102
337
776
388
348
600
520
354
826
754
285
621
364
407
652
442
377
14
55
706
564
932
557
499
351
892
272
440
752
781
955
796
650
573
815
332
407
944
41
232
729
177
279
417
668
898
699
988
873
930
762
511
327
871
678
501
596
296
9
513
872
336
699
306
805
480
980
509
582
804
636
887
503
574
687
742
262
629
697
492
836
991
258
148
732
861
576
400
400
587
480
941
735
34
364
55
478
448
879
160
308
973
532
715
506
844
570
230
522
710
440
554
197
526
781
257
233
615
553
764
353
838
592
484
408
718
458
375
839
627
814
847
231
249
153
84
455
756
166
538
569
410
425
535
79
828
8
102
995
170
571
500
751
364
37
422
271
437
311
140
244
560
715
650
546
769
988
370
889
306
356
380
449
203
708
899
394
291
128
920
554
202
728
53
449
637
452
971
703
324
173
827
876
294
43
894
259
163
84
358
269
198
478
470
78
462
649
991
377
430
482
556
98
600
671
142
172
143
4
533
830
852
16
14
100
259
610
198
593
474
244
549
312
946
519
765
306
708
931
472
531
137
676
60
617
778
947
32
117
149
515
349
915
673
852
575
277
881
239
338
519
920
190
37
41
833
121
394
166
686
543
365
127
233
562
119
801
359
75
23
27
640
15
114
527
609
26
446
788
366
207
188
30
594
397
365
2
473
298
673
273
48
982
386
272
806
718
150
104
75
685
338
433
881
140
719
935
148
497
184
576
312
381
565
255
474
469
708
214
944
470
315
332
825
559
95
341
776
45
453
851
883
933
602
233
861
39
658
913
809
346
535
742
637
177
405
577
2
347
948
764
26
596
745
189
278
426
111
57
348
698
109
893
940
195
148
807
173
876
7
630
577
698
208
366
33
676
989
683
308
783
864
588
605
250
331
813
906
214
681
766
525
646
588
731
838
118
996
190
658
624
634
671
196
391
938
377
754
554
708
450
55
16
880
95
771
412
515
246
996
199
7
142
292
881
84
879
390
612
480
468
994
162
392
232
278
359
340
546
718
872
654
954
321
658
497
247
62
870
833
924
808
929
52
498
995
148
267
785
8
882
574
450
355
496
658
249
337
283
118
816
370
531
997
710
784
667
75
223
588
237
995
587
159
666
572
539
390
75
164
426
903
298
929
66
201
383
655
417
215
459
180
588
360
599
998
481
92
426
88
374
591
914
585
530
15
791
403
404
235
139
647
593
229
451
35
62
296
314
233
411
50
232
382
893
728
613
828
767
129
65
173
3
86
478
251
822
976
34
875
802
578
81
131
924
587
807
131
932
325
605
315
985
19
896
306
101
346
864
683
756
426
112
642
731
892
336
888
359
1
549
171
699
840
483
504
586
830
707
903
663
524
94
850
714
29
915
560
972
39
833
436
820
187
848
507
606
86
718
934
554
394
651
647
124
627
944
749
571
49
151
742
337
189
298
739
290
391
795
706
521
583
974
800
921
234
648
674
720
859
265
641
884
82
401
587
778
526
767
612
372
951
85
119
451
334
113
832
930
303
205
714
943
89
470
486
349
521
101
375
287
569
177
138
233
136
503
458
117
723
903
517
678
22
563
827
815
920
458
802
899
422
667
803
730
23
698
216
30
67
502
310
659
511
989
153
161
287
111
327
913
201
195
408
30
646
789
506
480
118
650
351
973
222
914
82
667
559
505
634
42
548
911
244
452
589
988
480
475
841
845
577
924
735
773
539
548
403
277
496
379
102
396
767
149
922
457
562
216
796
917
318
429
81
215
852
954
505
969
751
528
712
395
61
393
975
44
904
619
662
841
246
444
365
828
159
66
312
767
17
13
92
862
111
400
120
310
180
620
599
791
901
363
874
834
361
225
24
346
120
942
227
840
409
563
143
338
6
23
381
66
271
29
929
187
213
211
585
953
53
617
109
704
133
421
406
841
983
505
685
636
2
670
863
358
522
731
750
628
863
209
469
586
802
854
66
64
920
1
297
594
407
419
879
544
322
51
755
255
974
558
467
884
58
745
981
9
761
594
372
505
941
782
227
738
41
263
779
419
700
692
734
72
376
524
214
670
692
895
544
815
697
215
439
656
24
256
625
962
783
979
906
611
815
565
868
804
716
469
108
982
820
368
909
260
210
342
468
511
803
812
699
833
784
504
220
366
645
474
472
298
522
828
667
520
506
694
484
587
205
814
1000
761
213
838
271
876
415
609
309
821
294
629
318
37
536
94
120
943
654
956
705
259
953
744
633
546
969
287
589
358
525
726
411
326
579
118
522
308
29
915
68
885
839
769
720
90
832
818
891
878
749
122
423
631
731
699
332
877
924
986
784
385
90
795
143
340
924
552
277
899
68
870
788
218
564
310
351
179
929
894
102
362
580
477
517
827
806
805
971
780
522
91
1000
244
124
770
615
241
799
440
243
47
514
517
59
634
288
829
427
557
359
686
728
568
632
659
181
478
508
278
838
250
380
537
401
396
281
827
45
591
704
68
560
138
33
332
779
565
210
232
135
195
480
872
180
357
723
155
644
364
774
901
752
325
649
210
917
213
317
131
261
211
707
323
476
175
524
163
299
977
252
467
356
704
683
594
438
670
365
512
779
859
749
933
197
547
744
99
706
819
54
837
11
420
350
772
251
888
166
879
455
488
661
807
817
882
203
876
882
944
429
762
249
416
238
121
172
37
822
750
995
730
428
182
871
856
879
396
862
853
620
630
210
487
442
153
521
864
121
740
922
901
73
574
526
412
860
146
489
431
429
552
457
25
156
72
76
329
395
747
127
122
162
258
871
19
564
260
446
281
926
810
381
633
864
26
563
40
145
867
77
526
781
414
145
403
262
856
426
815
644
958
597
796
20
614
241
589
662
343
305
106
537
757
682
260
1000
680
173
668
308
187
582
949
58
627
986
400
250
900
945
43
906
416
432
715
983
334
562
503
881
516
21
713
477
227
988
439
372
758
57
521
708
172
633
378
938
635
383
891
293
660
133
74
678
923
404
775
236
718
758
668
427
863
669
456
80
926
535
406
5
880
303
885
345
38
468
112
712
393
221
621
623
801
537
946
135
336
731
434
75
54
677
253
113
490
624
33
789
908
22
910
254
343
492
735
777
314
256
989
994
789
301
669
59
402
751
963
493
662
349
492
645
402
326
37
795
832
123
387
612
585
740
480
31
54
890
397
143
572
989
367
130
222
620
25
497
38
974
195
631
759
472
492
775
753
859
291
432
63
49
489
985
722
332
710
698
869
14
126
878
629
731
505
478
688
506
787
151
211
73
998
257
134
675
281
849
645
212
764
995
400
350
659
857
2
376
761
781
789
624
898
945
957
467
580
392
579
688
562
252
528
148
949
251
367
734
351
897
417
587
51
138
563
205
948
628
145
245
497
100
46
643
375
499
893
818
696
943
603
413
862
981
683
71
64
712
847
249
957
437
518
580
300
784
385
517
31
365
869
561
885
607
308
843
675
727
318
624
138
486
182
647
428
438
383
580
130
32
116
233
849
408
521
5
87
612
788
442
257
382
100
6
254
934
100
791
994
930
876
687
109
921
840
57
438
514
957
401
803
465
416
383
163
305
710
539
297
896
893
565
910
461
13
930
539
215
886
402
739
994
932
73
104
992
873
149
112
234
81
66
449
350
188
89
694
811
396
594
31
12
295
106
394
145
740
27
69
145
931
854
62
41
834
678
668
515
396
135
374
934
858
42
776
467
10
24
355
466
687
918
559
578
372
482
639
138
532
279
371
465
536
828
678
680
714
19
166
595
320
337
427
640
283
481
205
808
643
361
69
624
58
410
959
870
669
360
169
468
699
478
339
718
228
854
311
990
459
945
63
108
22
779
734
129
883
565
656
482
666
818
527
438
516
610
839
740
666
864
710
103
364
39
721
772
408
392
449
629
970
674
509
924
68
855
386
976
157
553
45
468
223
347
531
377
894
259
601
163
762
453
609
281
129
836
838
836
976
783
497
462
146
924
913
44
498
280
724
869
169
443
902
853
438
777
383
393
318
333
664
488
166
973
711
794
953
266
247
588
307
452
712
507
336
980
738
259
161
853
350
245
474
37
252
666
252
815
132
335
891
209
278
386
204
954
357
948
36
650
440
765
577
371
7
292
177
828
923
777
701
204
237
397
202
944
117
738
531
82
222
597
690
156
435
482
93
327
667
978
762
486
252
368
154
874
698
762
815
475
53
946
575
315
782
25
175
558
292
246
549
814
28
618
600
995
704
705
871
557
65
817
588
595
874
299
820
469
677
539
412
995
130
713
946
111
243
15
463
630
452
157
3
676
317
384
209
151
149
746
226
115
733
104
671
295
832
39
254
180
405
585
238
448
221
455
849
751
303
325
153
399
784
398
460
807
505
949
111
477
804
294
991
466
453
34
507
829
260
853
326
808
298
625
482
71
151
990
901
827
796
398
71
315
114
777
599
647
487
52
432
868
401
88
426
273
833
800
566
387
995
294
439
193
260
327
648
291
244
709
817
124
24
721
781
66
693
644
947
141
258
880
944
741
383
479
3
378
31
561
137
838
378
756
69
268
582
969
380
482
49
678
641
718
7
943
350
260
322
840
257
903
988
990
420
34
42
539
465
820
72
631
114
835
905
699
817
157
375
372
736
523
921
396
893
732
638
369
321
35
5
219
88
106
353
938
521
765
639
386
622
373
219
837
547
500
199
932
762
452
844
280
413
300
748
341
926
807
933
405
757
473
77
282
682
425
754
315
379
453
169
324
614
507
284
223
637
992
352
719
196
137
717
332
818
992
191
236
985
996
566
339
118
610
759
258
555
988
775
690
992
306
206
140
571
118
999
867
698
701
860
346
327
972
910
812
307
433
976
625
602
42
28
276
543
331
766
738
507
296
525
841
354
482
431
930
629
157
196
172
472
149
236
723
182
432
129
432
905
842
408
201
768
306
310
721
798
103
243
282
404
193
943
550
359
528
242
788
758
825
177
954
734
296
66
890
80
2
782
384
993
869
798
202
435
555
554
177
458
127
787
874
92
599
177
828
701
947
67
793
228
94
367
357
97
996
317
68
337
694
619
430
823
145
778
913
483
546
819
1
301
988
439
270
301
450
457
641
34
419
207
302
315
65
567
785
233
610
154
998
501
275
171
469
686
20
277
949
324
75
882
232
880
235
16
857
638
178
958
519
715
544
881
125
42
504
877
584
970
388
489
627
865
912
117
40
756
725
384
635
199
459
838
760
599
264
529
887
219
590
524
704
707
204
251
356
912
174
655
867
565
685
948
71
748
895
74
546
623
706
192
916
884
577
127
879
471
303
466
455
547
364
621
130
965
730
881
58
143
297
498
323
392
637
331
582
918
75
571
23
688
21
609
410
218
986
574
297
490
81
100
171
74
727
518
250
107
691
327
33
585
589
514
486
922
947
350
793
840
550
700
794
421
625
65
584
443
259
791
374
885
948
91
635
258
945
644
803
865
412
903
258
198
970
619
831
646
586
216
312
775
712
524
914
856
134
775
390
234
76
768
890
152
340
824
366
848
598
699
449
729
999
821
859
329
138
850
543
232
678
115
499
704
754
292
881
626
821
112
721
561
440
644
581
607
556
826
279
757
384
261
44
885
181
903
293
402
326
611
333
103
80
675
29
389
885
814
443
54
347
435
364
318
727
732
591
96
17
447
238
155
825
713
1
526
708
302
854
204
789
782
315
519
530
559
292
965
284
860
700
515
207
750
345
925
17
82
651
861
870
425
410
83
24
824
744
781
374
510
120
751
669
842
20
896
99
588
950
950
660
612
695
114
715
553
684
391
953
247
514
98
989
534
711
826
441
686
24
74
825
399
16
5
482
953
948
558
270
880
829
553
534
361
341
941
142
92
189
694
127
56
643
862
29
916
184
942
692
565
20
569
490
727
827
728
837
44
992
670
874
638
674
543
505
219
965
814
484
471
91
365
824
291
790
588
18
184
382
167
829
924
497
500
585
107
790
705
45
411
732
199
590
99
593
479
859
986
456
968
584
891
631
357
475
33
89
40
224
450
426
414
66
307
214
436
346
541
420
608
805
780
785
981
976
27
317
930
509
65
243
981
351
98
929
708
771
52
497
460
517
91
364
23
790
922
274
64
223
996
870
840
278
520
688
952
757
741
177
138
951
288
471
424
311
510
678
150
756
647
934
884
795
999
965
419
988
440
413
376
141
150
343
498
438
572
308
903
693
180
765
278
46
249
963
436
32
198
259
500
188
75
721
619
772
525
76
215
74
578
241
705
393
230
89
313
285
456
665
95
577
147
847
987
564
71
416
156
201
604
765
138
393
353
322
967
692
943
193
631
890
960
592
714
870
473
840
613
328
423
774
866
765
647
190
227
436
190
757
144
534
391
683
277
404
123
428
196
515
750
664
697
644
676
421
510
805
220
994
998
693
657
596
593
1
56
111
671
917
240
729
380
249
596
982
25
167
601
609
648
277
668
790
390
930
36
21
748
523
50
327
812
507
673
413
554
640
717
304
217
593
883
988
495
468
797
533
443
305
645
980
107
125
112
130
146
295
668
550
466
224
597
698
133
840
829
857
950
770
335
968
95
346
314
984
602
118
622
49
361
132
106
617
825
827
160
888
98
999
954
304
111
79
933
573
32
685
555
282
814
301
926
772
181
14
67
663
572
976
559
310
947
846
976
751
266
583
587
226
183
265
781
715
982
211
568
519
134
263
581
166
787
295
576
104
615
311
408
295
80
846
24
858
373
754
572
121
171
695
734
459
685
99
331
533
478
947
628
200
388
30
982
426
800
1000
129
12
743
20
712
714
711
622
509
240
654
740
560
10
698
402
333
609
416
268
173
797
130
973
684
607
223
232
200
699
175
638
382
575
452
351
613
532
295
647
444
469
753
625
950
664
22
682
981
696
421
893
539
994
628
539
708
344
971
894
863
271
851
876
253
417
656
256
18
931
702
310
335
328
55
209
555
777
112
483
133
172
833
702
908
668
190
418
213
239
566
547
904
743
195
521
263
117
468
413
504
975
247
724
200
190
978
680
997
552
960
224
711
785
597
698
448
247
184
625
297
688
504
552
749
634
805
846
896
74
413
243
314
7
50
525
780
852
563
467
582
568
168
329
217
989
724
30
13
262
248
786
786
82
546
608
555
232
138
910
861
155
459
904
66
316
181
170
884
866
677
123
174
623
71
762
969
30
372
332
858
695
276
253
490
593
852
656
594
472
780
99
206
545
392
340
935
14
280
399
265
416
884
263
745
598
876
850
582
886
320
126
445
464
81
675
453
684
995
955
116
92
540
999
443
212
776
887
955
77
700
525
133
843
970
901
396
723
501
502
351
247
411
198
745
690
96
625
400
735
699
850
957
257
855
627
395
328
358
206
402
206
451
322
337
932
673
875
228
598
458
632
253
674
519
257
142
44
994
816
485
275
396
603
126
466
151
948
931
986
907
80
431
522
775
610
803
804
280
851
33
409
865
964
692
115
612
848
58
691
384
812
660
531
338
886
353
254
465
350
707
419
104
990
821
720
420
566
700
555
905
704
532
199
731
138
904
18
183
361
485
118
339
553
914
600
916
324
447
366
463
188
960
817
957
525
405
90
788
80
903
356
605
17
429
129
393
350
571
949
212
485
384
979
966
233
871
218
112
871
541
262
901
306
532
182
397
244
923
417
661
325
691
921
553
335
79
610
438
824
949
372
710
818
540
27
976
462
245
341
708
146
712
903
617
973
386
605
869
838
228
493
395
231
328
914
176
638
339
884
138
370
854
668
887
14
151
688
676
246
244
452
420
512
935
528
451
90
178
303
136
862
734
656
678
972
868
852
465
317
775
829
168
626
634
719
515
182
403
472
56
746
607
277
761
66
820
73
51
575
839
68
214
371
314
832
83
918
345
801
587
86
809
624
863
489
389
538
449
291
764
835
543
452
25
20
846
374
326
959
983
845
879
584
102
67
538
261
998
842
519
932
365
777
265
323
575
829
421
593
823
483
284
742
505
152
83
900
388
529
394
187
280
593
44
790
937
999
100
406
865
202
222
963
644
12
684
69
463
100
815
202
933
402
519
674
837
121
786
440
782
14
916
51
510
55
48
606
918
578
671
811
765
29
778
355
499
755
773
316
666
915
125
269
675
333
762
672
17
540
94
970
952
336
739
100
137
608
296
735
757
589
332
307
645
117
849
566
381
562
565
616
961
862
123
748
122
709
737
153
31
298
903
238
26
585
941
827
662
15
543
361
746
855
898
250
670
8
136
971
141
643
675
960
763
63
880
266
250
242
55
648
933
958
321
509
58
829
148
729
856
407
795
738
129
171
978
228
633
684
890
850
856
809
637
205
914
779
122
96
666
311
150
408
723
358
372
411
806
512
90
241
982
635
114
313
832
75
483
274
638
736
2
930
413
934
165
391
901
894
626
263
764
285
372
852
892
750
235
345
467
395
472
694
621
474
42
742
228
591
117
111
863
942
127
483
576
85
961
383
946
275
558
431
874
981
930
515
427
655
168
138
24
771
565
381
952
829
199
309
173
680
233
977
494
87
165
112
117
106
982
991
118
608
379
153
12
573
22
762
32
894
126
385
696
548
304
417
428
665
802
749
437
764
859
237
454
283
856
178
368
501
392
651
685
290
201
832
370
590
109
618
245
525
599
830
773
152
355
61
169
870
811
459
993
928
77
461
229
166
665
133
926
59
523
485
542
942
722
657
398
23
717
60
236
49
269
523
644
452
556
291
808
754
439
336
106
721
628
701
138
916
391
212
620
93
602
18
156
715
337
959
463
587
663
376
482
684
324
572
461
231
296
464
770
116
294
159
128
93
729
535
218
840
129
228
242
932
519
349
868
483
243
946
90
64
506
138
610
508
412
7
196
615
768
461
253
772
715
66
398
299
987
460
144
617
855
354
21
660
855
488
334
943
447
563
351
629
764
782
794
576
227
898
473
750
87
166
661
383
143
390
521
575
983
910
184
731
282
737
794
987
453
452
931
741
502
97
291
873
439
426
813
573
786
949
477
416
79
188
610
702
530
926
546
799
874
840
843
873
34
798
612
53
797
65
458
513
803
375
537
951
397
305
417
421
486
412
226
718
43
42
854
524
601
983
668
598
430
847
95
276
349
5
564
935
766
175
766
318
317
112
515
171
206
204
946
63
466
536
677
475
564
22
116
906
168
657
68
146
36
190
877
442
577
213
174
605
610
842
278
517
945
567
15
497
72
15
612
642
700
180
875
434
60
808
716
986
541
165
966
92
64
757
330
647
92
86
572
168
253
259
481
637
900
520
156
579
776
50
528
73
419
705
218
172
296
468
745
111
956
63
120
890
134
149
30
334
628
308
98
139
175
44
307
279
673
578
115
558
988
737
235
123
670
419
999
821
430
924
644
108
611
192
648
33
835
703
616
828
414
278
962
349
343
15
760
325
965
724
31
388
144
58
369
40
788
816
779
703
949
390
422
574
543
582
497
964
451
48
285
776
718
438
634
355
349
94
586
916
470
422
688
137
969
325
237
688
888
126
271
512
69
373
228
492
246
990
641
8
397
963
492
465
434
5
243
658
382
122
612
324
996
646
533
756
651
730
826
483
358
465
836
301
860
769
808
287
660
526
630
299
353
397
556
649
105
282
379
405
175
177
444
557
164
386
626
360
410
537
80
247
51
43
348
850
24
612
462
659
15
211
74
957
620
668
718
470
854
386
879
835
286
190
627
625
92
665
419
659
527
255
467
906
937
923
922
391
898
632
888
895
875
194
587
398
20
981
449
691
606
427
24
252
121
814
283
395
451
279
972
212
995
185
432
242
31
843
283
911
331
145
750
979
323
861
544
135
908
466
774
104
32
328
640
890
243
383
142
455
861
313
607
237
613
842
916
955
879
544
123
340
982
262
66
34
364
225
592
467
829
204
142
97
42
181
447
614
617
495
328
898
77
398
338
510
879
771
972
863
546
134
444
851
154
919
269
126
855
757
306
718
599
342
662
315
389
34
484
228
71
907
379
406
79
39
436
110
963
830
128
807
718
585
594
703
102
910
269
638
498
740
400
262
216
723
501
755
933
939
404
828
35
767
833
112
680
395
536
204
3
787
478
299
382
515
816
499
683
859
61
447
139
87
739
700
475
85
795
581
282
865
459
20
415
768
736
29
702
814
861
421
586
634
399
899
515
855
792
205
430
926
899
99
276
802
690
35
240
711
233
489
121
906
161
879
369
591
342
449
110
982
621
103
923
699
19
88
486
481
7
491
947
175
243
795
725
477
876
788
985
485
858
132
570
476
929
988
717
890
903
268
195
299
1
660
493
180
293
927
735
711
677
773
215
573
236
328
705
779
724
114
831
319
986
253
504
575
64
449
588
1
528
768
461
270
227
875
583
690
613
310
907
371
523
109
958
457
944
109
449
748
822
294
269
839
809
466
389
742
916
835
426
416
954
565
143
624
526
889
259
605
173
960
838
190
356
989
713
213
141
42
930
447
589
173
696
256
961
950
622
690
962
977
774
142
341
541
791
273
761
348
204
276
405
202
964
449
382
222
403
297
432
158
219
408
238
780
22
364
77
830
195
556
692
452
818
635
999
950
469
354
919
404
155
815
237
245
42
385
654
489
790
142
44
219
961
761
246
81
277
483
251
554
348
388
602
240
716
177
95
97
70
946
868
568
121
177
591
915
443
859
45
473
959
244
365
805
221
702
559
742
756
268
95
22
356
630
929
245
680
625
625
652
628
469
179
528
899
991
78
909
821
249
287
353
829
296
553
469
26
714
166
384
936
381
761
350
765
113
564
488
4
153
284
904
327
645
759
82
43
500
210
443
264
925
102
558
725
40
15
519
231
656
348
685
928
61
986
921
533
481
61
328
472
73
92
890
768
961
338
366
382
1000
91
354
412
44
68
758
723
610
771
705
87
679
60
860
558
264
351
161
191
522
998
524
365
243
25
201
384
62
897
87
327
218
679
792
158
337
144
760
525
407
796
544
754
195
643
412
380
299
675
593
722
575
874
427
899
517
957
172
730
815
583
662
485
613
375
6
918
98
712
989
249
58
799
16
405
596
940
411
255
701
115
989
577
247
472
217
985
924
983
395
197
18
788
200
667
999
282
507
239
11
398
251
772
679
582
428
493
679
801
292
591
839
557
435
733
427
454
314
57
174
745
498
532
653
983
851
801
674
579
608
29
358
949
762
166
459
257
299
192
791
991
45
53
595
205
966
882
336
425
825
701
823
697
930
643
31
272
799
243
690
242
788
195
536
569
484
106
759
323
648
671
282
63
828
312
398
461
484
216
348
952
754
793
405
20
918
392
735
59
447
185
595
580
814
199
682
218
79
721
485
494
937
761
543
711
455
473
983
2
105
448
978
743
143
824
878
899
383
191
127
68
592
839
978
880
777
596
443
300
255
174
35
765
647
175
578
457
610
646
399
543
250
910
411
23
926
134
32
657
847
451
719
81
606
702
811
755
832
325
562
822
643
184
633
394
821
22
306
625
663
517
594
4
683
39
257
813
354
887
91
807
334
335
237
715
34
985
400
30
559
859
414
107
717
3
224
208
315
890
238
366
242
900
943
290
546
172
41
10
446
722
80
501
642
889
926
4
142
63
998
832
292
882
952
732
488
712
952
594
608
497
700
689
795
714
885
129
693
429
487
144
153
218
215
142
217
506
571
326
251
916
697
892
552
182
897
820
176
740
461
166
284
288
254
697
48
89
200
741
829
706
252
763
204
612
642
342
254
540
164
469
440
878
703
125
535
83
558
175
563
612
231
698
56
533
718
485
84
224
851
153
538
908
735
509
315
153
473
145
504
324
680
345
919
222
252
536
755
347
959
549
757
354
225
362
991
189
176
898
335
204
888
206
724
101
872
742
919
1
397
952
449
830
39
390
330
513
695
238
981
264
466
294
322
433
163
816
190
518
169
593
641
491
685
742
213
569
410
32
363
719
655
68
600
783
980
342
197
828
797
754
851
19
961
158
74
663
774
820
982
145
55
658
248
248
292
166
34
919
59
99
584
411
456
888
386
599
696
639
26
387
847
675
909
607
783
127
291
855
79
566
628
364
206
706
61
620
880
644
86
40
977
113
927
51
625
995
794
152
718
920
110
299
717
287
228
377
465
523
990
960
154
793
705
371
753
209
85
614
403
798
860
760
288
824
631
615
781
956
910
970
583
323
754
890
19
361
566
309
850
147
858
962
950
941
279
531
893
96
853
990
536
866
788
667
709
792
532
176
766
414
720
435
425
189
215
830
141
984
928
7
177
648
210
229
261
219
770
814
706
725
928
158
916
159
926
571
79
108
859
814
136
314
897
350
210
749
254
121
599
886
423
188
409
15
884
955
981
292
199
123
771
836
234
113
256
844
962
594
318
581
161
621
128
383
674
253
282
520
550
626
433
308
264
741
590
350
976
471
698
245
696
282
240
766
759
851
497
221
856
277
73
814
817
10
387
379
272
405
491
226
800
90
135
192
319
295
909
776
140
251
324
434
522
242
877
729
680
756
496
804
411
804
483
397
756
130
209
284
970
226
105
317
964
707
844
64
365
105
239
159
899
677
321
366
505
399
431
641
241
386
335
264
76
184
197
860
615
639
658
825
82
827
54
882
227
974
310
979
524
131
433
751
491
212
608
130
711
399
375
323
171
578
306
538
554
330
129
21
334
387
568
816
694
509
246
121
281
237
538
240
10
394
783
374
677
223
748
609
619
366
623
225
875
183
207
310
802
678
308
299
536
238
86
904
867
91
124
919
768
294
212
977
331
368
107
140
349
638
552
857
799
36
777
414
400
32
89
522
521
519
791
874
679
162
105
283
455
366
317
572
634
915
771
978
226
411
801
251
453
954
838
380
106
533
231
614
973
918
488
224
617
840
778
3
129
755
573
425
911
761
583
375
264
747
768
566
203
551
169
189
418
951
936
903
515
679
509
505
494
352
977
395
637
207
492
195
307
904
649
862
447
157
125
334
303
846
973
932
182
73
729
679
745
450
57
912
647
84
524
393
928
127
152
296
41
718
365
837
893
704
57
109
702
520
753
619
424
820
813
693
344
302
309
965
212
943
871
517
735
220
439
779
343
148
389
728
411
706
973
757
655
32
424
564
487
468
337
152
732
634
269
833
582
657
427
724
643
160
773
188
873
893
619
40
591
614
805
560
697
542
358
573
865
136
425
306
500
767
584
869
27
93
904
599
634
623
862
641
135
850
320
573
624
75
946
786
414
327
673
939
961
656
783
882
297
281
563
117
91
414
484
456
205
932
773
709
2
85
379
699
983
11
520
578
668
883
16
673
311
543
448
225
207
340
151
198
345
484
985
597
476
215
853
647
230
146
922
849
579
715
955
54
293
368
210
988
716
592
727
824
513
94
898
543
662
624
139
287
296
727
748
643
761
244
940
132
116
510
231
40
549
499
233
955
308
461
898
329
468
45
818
745
874
76
159
122
912
236
236
168
659
653
365
765
76
548
310
457
539
325
850
972
405
227
215
221
65
299
555
213
163
932
63
965
957
406
136
135
821
964
838
960
476
169
684
717
118
689
234
519
750
443
324
896
972
610
195
707
199
559
506
85
228
543
472
58
202
310
941
816
378
547
722
180
789
590
572
328
668
954
109
16
369
476
826
451
323
63
39
340
110
209
864
621
545
472
846
239
933
685
772
987
610
549
307
222
439
17
164
806
984
463
557
818
211
728
608
173
268
195
232
828
302
623
342
966
243
250
3
567
252
953
465
810
644
323
10
837
993
17
372
220
333
183
684
814
271
256
552
29
591
773
567
796
632
977
20
860
451
174
46
567
676
263
818
825
100
444
269
416
850
810
488
519
302
339
874
863
849
341
450
857
491
531
329
711
30
810
96
845
429
339
855
315
145
783
166
564
284
430
575
859
136
947
414
45
523
252
776
188
12
505
280
957
925
152
644
843
656
733
270
264
871
502
939
240
244
989
459
782
824
392
506
815
914
436
158
867
96
751
300
420
194
15
489
312
666
802
808
62
896
529
431
859
789
681
737
923
473
105
224
652
448
698
204
43
63
589
145
631
260
632
268
915
371
910
322
115
256
316
274
877
796
740
919
975
96
244
914
52
671
181
722
962
668
819
196
49
408
201
328
613
173
963
824
407
21
375
223
240
921
470
919
308
141
264
565
840
74
597
407
803
456
885
137
901
51
496
336
323
83
265
632
39
51
861
399
702
229
473
302
403
796
443
277
63
567
350
600
12
81
802
15
475
271
834
74
276
264
831
304
850
262
41
984
262
234
648
873
902
448
427
520
949
496
561
240
865
69
796
337
892
159
990
939
94
111
77
636
396
37
424
346
936
661
688
411
251
562
182
312
680
811
355
456
237
671
126
411
616
995
430
653
696
395
886
860
169
337
877
644
494
909
287
430
560
960
542
471
569
928
585
108
161
537
26
85
143
758
814
212
690
643
416
719
255
100
417
662
148
73
670
895
515
493
473
295
358
981
101
692
549
868
177
10
450
618
270
742
855
513
810
656
255
223
392
965
845
655
560
351
899
854
956
678
699
922
74
285
926
216
95
14
137
955
170
950
830
776
213
439
598
802
219
110
296
523
909
162
735
881
964
825
419
869
996
78
740
10
897
47
994
36
242
572
696
2
348
194
46
25
385
962
575
476
618
940
528
455
948
281
910
106
535
456
492
467
472
53
859
833
907
437
766
915
548
950
254
279
970
715
646
549
577
482
371
331
347
668
571
489
569
304
701
35
303
113
381
804
345
418
731
321
712
32
344
861
534
669
111
934
231
402
468
189
630
162
954
626
905
741
628
544
201
896
662
962
424
202
227
315
88
571
562
174
969
403
274
59
988
842
125
342
838
830
685
621
467
273
297
31
342
355
359
442
978
410
770
111
943
21
505
92
41
444
541
260
750
974
912
495
814
115
886
889
889
468
701
270
385
618
152
412
886
170
165
126
835
614
625
224
807
93
746
495
399
710
363
568
247
781
674
167
476
883
389
789
122
191
349
73
882
921
919
996
852
337
267
550
86
46
873
593
523
708
930
114
313
195
778
579
30
742
908
163
786
973
569
552
147
211
639
870
814
716
521
90
920
380
744
3
162
986
362
212
677
333
879
254
707
920
993
239
944
112
77
384
465
117
866
179
923
81
420
369
756
50
694
199
334
583
687
32
986
309
401
346
653
282
338
538
583
871
9
98
724
967
359
330
979
798
162
188
443
628
212
825
951
804
309
582
685
249
570
870
920
878
807
413
285
384
259
569
717
615
923
89
87
414
554
707
217
912
693
883
962
335
213
177
178
527
723
51
170
777
799
751
132
690
748
74
789
388
690
574
983
487
647
718
810
411
165
712
29
576
584
882
266
906
936
533
24
911
93
680
775
992
278
199
858
719
106
650
630
146
337
255
497
193
1
81
948
844
307
620
114
827
309
213
272
54
149
629
844
617
937
732
897
282
935
894
725
241
787
503
976
553
793
359
232
173
967
60
212
156
715
470
326
958
34
797
821
672
160
876
430
906
230
95
551
12
708
826
965
249
59
826
658
958
3
806
454
950
653
767
666
86
786
725
233
566
586
885
495
671
822
894
347
756
775
325
541
686
81
606
822
326
477
909
670
787
730
902
381
556
676
248
332
368
495
778
279
593
847
823
478
181
515
432
560
644
240
676
16
893
984
675
745
491
470
69
417
522
874
233
398
459
614
196
325
707
17
459
335
674
965
258
173
495
711
929
755
798
693
280
535
217
427
532
436
658
179
243
761
264
929
367
45
657
126
429
300
697
770
448
124
678
176
858
683
353
530
806
124
322
281
727
268
280
295
362
969
157
42
419
115
46
923
328
764
55
346
889
692
893
516
985
183
959
709
318
325
754
458
650
338
625
55
296
753
441
487
852
946
922
799
197
945
919
501
966
696
334
596
619
970
868
400
88
909
705
65
233
199
603
523
447
58
222
426
636
853
524
744
106
946
657
742
80
64
389
103
710
550
87
625
316
661
652
421
253
776
250
190
408
626
652
568
900
262
417
859
568
578
186
198
891
804
109
466
888
36
734
376
104
717
246
683
597
24
648
180
926
328
181
595
389
465
295
274
321
560
905
43
470
859
968
554
346
232
812
26
697
769
349
269
953
894
280
566
79
364
871
523
244
278
638
433
448
801
523
686
619
985
573
206
419
135
973
173
99
248
527
419
930
101
741
777
482
808
202
995
818
492
592
228
433
285
283
711
484
465
374
974
192
605
863
873
467
577
624
993
517
965
380
127
387
96
474
187
350
911
26
961
605
474
837
260
927
641
583
854
726
72
109
850
546
687
385
876
457
111
464
15
418
796
563
860
155
277
960
443
249
656
394
228
453
201
326
685
146
445
596
776
954
813
424
253
381
177
102
24
699
652
502
844
103
963
398
373
597
598
357
649
647
180
686
791
431
628
727
567
651
870
4
129
550
457
591
52
233
167
388
361
610
919
155
655
177
248
269
16
25
710
286
835
699
418
197
114
707
24
583
391
298
720
426
179
434
130
847
394
5
322
308
739
985
255
178
550
555
165
882
834
757
307
549
328
620
647
523
523
57
837
562
91
792
134
679
27
189
814
325
495
340
911
500
498
875
920
620
961
394
369
937
777
847
648
941
817
790
945
175
874
2
977
705
10
569
564
242
830
147
83
295
424
931
388
14
278
649
929
174
62
500
879
340
100
302
859
290
623
323
959
664
273
539
679
172
293
991
880
43
254
397
766
760
902
456
660
808
566
500
119
167
190
145
195
164
222
998
94
174
362
283
810
838
973
668
415
286
184
901
668
630
168
203
913
643
401
555
675
315
157
210
507
146
340
457
603
877
703
987
301
51
884
751
262
681
139
251
912
162
548
351
23
946
33
951
942
402
955
790
20
939
25
926
223
49
861
729
848
649
282
712
620
195
601
350
111
783
549
495
755
719
164
951
150
65
254
44
10
310
478
665
616
137
562
843
169
909
22
832
272
110
855
635
715
936
150
530
925
201
240
847
403
238
217
667
251
102
659
664
316
25
84
340
809
101
943
920
977
419
306
63
176
719
103
222
71
958
792
876
894
524
743
225
971
909
375
479
756
388
402
979
488
516
856
330
693
460
233
500
686
790
447
979
931
325
906
854
11
911
472
168
211
335
809
753
372
438
688
30
185
103
933
7
200
131
606
440
475
659
923
971
107
120
143
76
221
606
564
540
976
118
266
89
212
575
205
195
651
608
464
864
350
987
586
255
583
337
875
139
26
390
200
42
703
637
822
307
881
330
933
250
703
188
461
611
665
755
545
44
219
16
768
43
668
785
585
149
581
473
899
785
783
91
727
990
367
416
856
854
921
948
186
846
382
516
820
66
438
973
797
372
111
788
614
81
425
974
621
984
86
563
48
909
906
186
355
572
534
435
36
723
301
547
84
623
11
880
423
191
384
613
296
25
209
417
487
910
76
598
782
316
888
515
297
389
272
974
364
580
954
669
26
825
31
511
570
792
979
857
797
139
958
811
895
766
308
76
358
940
995
51
454
774
973
641
127
571
687
702
7
287
882
846
410
392
417
824
448
639
925
520
658
849
383
827
88
418
249
986
841
490
649
129
275
923
741
700
924
989
261
657
966
883
954
722
906
378
559
291
428
184
470
753
709
181
120
484
932
78
252
622
971
762
868
824
336
941
280
674
835
922
441
916
267
379
102
187
231
60
310
469
716
850
174
705
56
118
223
651
969
49
405
341
171
164
533
199
359
383
972
176
588
845
939
338
933
370
445
674
835
241
337
997
502
254
417
294
611
354
245
518
790
336
276
768
680
334
748
833
365
212
677
519
513
49
146
487
916
896
399
621
526
13
505
635
670
624
366
507
533
758
68
415
423
61
794
503
338
444
425
270
896
352
960
398
761
109
480
543
211
668
284
221
262
153
244
320
267
830
583
184
501
413
266
571
169
433
417
746
326
588
810
92
954
198
98
818
280
952
635
480
194
798
251
945
689
484
600
318
955
461
915
444
489
239
472
956
693
34
598
568
270
445
722
612
269
188
83
390
27
122
760
953
626
672
446
452
282
949
172
957
646
282
78
235
557
96
360
511
560
239
749
954
172
115
857
716
473
781
933
338
733
23
523
408
827
316
481
943
728
571
122
846
148
633
232
611
751
94
417
174
394
799
813
751
252
567
551
883
632
723
856
427
132
491
287
562
697
923
768
173
506
969
796
18
50
578
866
117
211
989
796
756
819
114
702
692
977
286
848
964
976
144
35
436
494
668
297
690
472
362
192
331
466
5
799
162
586
850
416
963
601
78
780
799
658
957
145
279
203
289
472
36
392
288
127
92
481
862
646
955
204
173
195
732
656
338
420
784
754
613
815
226
411
893
671
591
614
450
208
136
576
269
880
842
509
493
489
580
25
400
518
418
247
910
290
495
282
387
820
293
72
647
399
538
620
168
671
221
988
152
664
235
670
864
571
458
7
540
348
496
581
189
730
611
199
487
532
754
902
490
292
477
472
313
572
718
7
946
635
392
944
626
179
978
4
318
196
870
352
645
443
651
648
384
38
166
865
584
226
503
450
280
850
73
977
673
388
812
545
541
606
569
526
721
2
897
710
756
929
460
989
22
248
485
821
816
41
197
876
571
182
617
621
834
973
404
618
318
30
667
620
832
748
414
224
367
45
172
354
976
671
816
256
688
426
509
831
931
854
818
840
944
754
988
548
952
668
423
846
239
228
185
8
250
848
748
334
274
404
626
346
113
578
640
874
218
915
614
891
92
301
926
171
99
573
458
876
349
728
474
837
976
22
213
582
149
576
269
948
192
267
186
955
142
482
675
118
410
173
709
772
648
182
58
785
896
583
355
696
68
995
355
299
159
255
626
739
433
632
617
853
939
484
438
138
213
782
848
198
200
609
99
885
87
169
80
708
316
991
383
333
687
25
663
69
656
21
260
858
175
466
749
82
536
210
999
722
397
488
877
668
998
434
908
611
237
557
916
786
40
430
336
306
341
686
706
752
569
801
407
493
798
597
66
728
58
474
604
847
267
353
26
640
18
68
313
920
41
668
912
250
96
289
77
474
127
257
654
156
718
124
856
489
129
412
967
56
751
286
515
957
876
542
695
589
865
59
777
82
249
59
896
236
823
567
294
627
754
556
112
52
15
293
757
190
540
231
863
119
892
718
328
37
210
772
876
379
703
923
541
895
866
987
377
93
827
161
160
408
225
56
421
684
365
890
42
611
266
318
926
181
443
73
851
835
737
683
454
757
998
525
579
152
909
867
66
10
29
825
682
968
614
661
478
385
42
525
84
425
588
443
957
788
699
915
11
549
533
968
937
507
833
657
168
494
905
190
374
608
900
365
990
821
367
888
153
334
57
783
944
256
467
629
374
238
11
528
369
183
357
102
5
172
426
276
525
173
6
289
569
374
973
453
42
743
865
746
910
451
100
648
980
130
226
793
8
786
488
172
781
102
833
639
847
410
630
149
893
116
852
862
481
391
194
5
92
40
309
65
439
950
901
966
3
576
600
34
1000
652
536
189
518
167
900
833
32
298
51
418
278
291
991
39
563
28
551
553
893
379
612
325
406
352
869
667
549
435
897
869
208
257
649
7
184
826
836
140
886
462
815
25
820
647
715
140
935
846
175
909
104
275
153
11
626
444
834
202
207
555
566
902
551
143
846
411
222
293
7
753
195
749
57
705
332
137
216
67
814
389
431
279
951
861
176
456
428
370
758
552
174
804
389
693
416
575
87
677
916
17
626
156
159
225
923
930
397
348
34
250
649
375
926
492
416
760
730
984
27
279
900
774
136
789
871
359
316
74
816
180
406
471
967
391
584
410
310
203
77
709
810
606
43
141
341
848
578
569
323
554
891
944
375
351
81
672
404
780
204
393
171
423
229
448
125
166
412
325
551
755
253
429
692
773
83
901
410
558
285
27
207
784
498
499
843
325
691
299
40
189
640
495
587
24
806
419
955
924
625
953
576
550
848
558
372
836
803
748
770
354
782
628
842
691
802
237
562
643
218
738
629
680
275
158
371
810
994
963
62
262
374
765
914
299
109
348
348
129
978
800
376
63
683
791
206
115
593
567
966
556
128
805
888
570
133
835
269
850
109
309
439
105
880
556
570
22
8
528
929
308
839
757
849
668
406
225
873
304
536
578
740
122
484
523
772
246
862
281
711
775
381
35
536
975
172
186
792
427
831
602
448
843
724
185
239
467
931
765
911
136
778
242
151
579
390
829
845
680
941
296
7
905
313
357
552
392
848
493
905
573
857
729
610
787
654
60
128
171
768
164
874
641
596
404
450
698
225
805
298
296
517
395
781
131
555
647
372
69
425
335
366
33
978
463
507
321
670
666
854
796
568
610
116
699
818
544
186
266
284
595
861
942
555
743
264
940
810
314
382
677
226
894
152
234
444
178
898
441
218
651
845
427
632
656
688
132
191
402
687
317
332
86
565
465
757
290
162
476
609
977
200
101
824
212
47
910
675
56
801
431
891
764
127
701
923
93
919
346
850
959
188
907
17
410
822
361
680
26
373
714
489
191
771
17
822
224
503
362
860
933
794
701
75
134
147
22
339
307
75
561
423
948
209
268
64
806
387
993
4
573
144
84
836
550
444
870
352
926
532
519
242
97
506
850
474
850
642
45
673
726
941
22
811
842
485
690
241
915
309
121
323
167
623
828
65
475
961
370
742
674
332
877
834
758
768
673
122
44
722
345
299
577
601
599
348
749
948
817
223
671
364
904
976
778
519
188
384
133
946
372
871
320
409
966
462
175
217
899
725
132
670
575
562
356
256
927
724
605
437
607
92
521
100
928
155
455
867
548
228
492
737
146
243
801
213
688
685
156
700
496
478
576
662
67
414
878
911
510
501
56
703
227
65
207
532
977
938
489
718
507
419
452
140
689
381
410
843
597
993
210
524
281
652
127
163
578
329
192
624
182
537
446
640
812
629
299
359
728
975
141
298
665
526
347
352
364
7
748
766
134
125
362
753
886
603
804
336
711
133
10
399
440
32
147
869
145
509
941
856
711
585
136
294
946
86
889
162
869
680
696
106
848
120
1
747
171
198
609
552
730
697
557
660
148
707
320
143
284
450
485
919
559
374
81
506
924
681
117
295
530
174
300
87
96
139
808
185
777
917
834
412
217
70
324
2
941
445
83
539
363
549
522
469
646
78
113
237
232
148
3
524
931
579
333
151
384
68
409
625
242
556
673
921
248
398
889
267
557
843
888
736
600
572
318
317
6
348
982
313
801
610
389
686
750
39
74
673
885
972
428
621
607
591
389
373
221
308
411
547
128
653
682
201
138
903
499
20
863
955
883
477
680
295
162
289
121
775
806
429
657
591
655
741
904
492
744
392
805
376
543
991
888
786
861
362
110
770
19
201
211
192
379
777
734
200
113
958
625
162
909
256
30
650
415
214
990
723
787
971
508
684
49
691
141
465
631
109
19
91
926
471
171
626
4
915
290
339
127
973
499
944
510
100
950
283
617
213
664
617
687
946
174
436
769
199
969
574
375
540
532
255
42
737
593
364
336
813
830
860
794
855
215
524
550
353
55
797
470
801
93
744
397
857
382
576
690
204
748
660
702
526
49
162
118
903
950
265
103
61
894
926
963
281
495
149
879
756
600
460
118
36
727
182
742
711
759
874
152
263
961
321
918
48
431
849
220
140
218
997
313
137
931
900
231
373
411
342
844
240
629
304
840
550
398
586
372
910
984
634
635
505
348
907
729
193
977
407
562
155
612
370
879
743
210
914
194
210
292
564
444
787
340
276
432
993
470
979
772
290
111
204
485
577
527
549
570
265
938
475
776
684
6
804
654
726
867
952
451
703
713
112
154
176
904
550
33
749
508
704
548
697
59
20
865
42
834
702
32
42
383
591
522
496
642
225
746
481
536
593
274
244
929
973
291
435
214
140
414
961
981
978
619
491
636
723
456
592
534
554
966
856
160
837
567
899
515
855
523
352
845
279
588
631
300
199
164
940
990
542
437
64
598
931
554
351
428
89
645
378
767
357
93
63
984
113
651
962
580
973
613
816
490
665
392
937
572
382
852
389
647
616
712
551
300
148
889
903
666
802
45
538
38
124
577
681
948
851
864
404
140
811
5
225
223
14
271
37
883
827
946
433
358
829
221
476
27
124
228
555
356
440
481
295
234
426
41
425
284
566
436
356
730
723
735
112
615
898
700
403
100
681
683
740
365
659
356
949
449
350
797
90
803
54
115
524
957
452
678
110
839
14
928
511
318
55
752
741
19
170
84
274
495
158
688
383
988
832
419
333
484
521
533
545
511
696
99
541
940
454
6
241
614
237
283
750
990
611
891
396
890
572
1
639
90
192
313
314
979
797
739
449
611
321
549
72
740
445
372
773
856
476
84
32
602
891
904
302
785
819
773
986
771
661
489
159
249
916
149
419
652
666
935
404
242
376
790
512
392
535
226
328
529
650
525
812
44
338
429
23
130
694
357
491
539
446
165
902
879
558
843
386
843
432
410
221
933
424
250
405
16
312
900
158
375
960
837
893
423
339
978
501
658
226
691
28
419
26
805
473
820
314
938
114
25
832
161
122
444
422
812
771
709
287
672
313
691
207
603
902
830
337
103
60
243
854
239
735
692
766
377
353
96
145
100
874
148
400
717
447
410
204
385
612
467
474
527
429
73
365
632
91
962
724
311
552
581
461
112
284
232
253
829
77
756
223
900
56
704
12
20
4
314
4
98
184
845
395
308
122
346
516
796
888
943
435
312
262
690
316
474
721
421
265
1000
817
333
762
202
188
913
166
472
992
407
895
82
628
382
843
927
954
36
774
398
329
378
615
230
231
843
531
281
364
663
765
962
355
596
804
944
898
873
502
533
24
755
795
820
77
609
803
888
945
455
98
893
467
578
689
667
396
186
966
662
681
543
334
650
342
759
49
198
66
762
676
198
68
194
199
830
815
697
45
362
395
821
424
645
112
339
8
745
309
992
700
383
981
533
92
87
954
67
386
478
965
509
616
873
813
395
714
137
903
652
518
953
191
521
746
293
999
931
534
161
300
81
159
51
92
62
499
988
319
937
190
624
935
711
99
27
467
174
333
654
38
128
746
762
133
453
543
72
335
956
578
960
76
729
333
567
52
608
582
324
64
74
556
108
502
811
145
245
497
232
300
911
643
358
357
176
827
20
670
792
883
723
96
510
318
999
699
227
595
204
347
846
801
172
483
519
197
394
392
663
817
674
116
813
30
515
469
475
293
634
712
301
891
671
111
137
581
904
411
784
306
252
108
159
461
59
389
960
879
430
663
506
238
975
400
170
544
925
868
126
425
495
267
684
220
911
951
287
110
36
405
658
925
347
207
129
569
766
722
159
884
968
13
897
546
908
63
116
590
701
765
11
412
361
86
618
139
919
620
691
390
172
966
916
554
782
601
242
378
497
749
737
700
99
120
167
357
397
754
960
183
413
503
503
647
478
805
560
606
509
601
235
93
945
790
86
955
962
915
123
478
38
972
562
864
837
577
305
120
717
722
672
226
689
58
878
510
848
724
683
931
55
212
379
242
696
149
543
802
630
855
316
415
797
585
599
280
283
549
337
509
238
256
871
215
451
261
344
801
756
718
521
783
827
480
480
33
872
265
211
322
955
482
230
39
121
630
711
523
411
596
472
409
315
1000
909
579
142
947
840
439
746
930
811
39
161
205
470
233
348
160
219
775
893
400
187
635
186
972
665
837
798
71
774
146
276
264
233
643
776
837
305
232
433
654
103
754
5
595
762
190
188
401
605
968
806
851
753
179
981
407
530
483
392
4
622
4
625
599
706
339
558
475
982
908
779
91
186
263
169
657
126
207
519
47
227
420
465
696
672
709
607
662
55
524
337
951
917
589
90
221
1
123
867
43
896
779
134
293
437
460
642
648
119
617
688
241
205
579
787
469
204
201
216
569
855
318
413
727
603
399
392
462
714
105
166
57
204
499
890
681
619
277
905
71
929
995
379
180
176
294
872
175
190
436
702
907
813
142
121
768
131
228
268
198
862
566
609
522
258
226
138
754
134
709
434
823
138
148
804
850
293
63
763
405
950
92
451
100
90
956
58
527
923
319
990
208
784
141
420
901
794
41
596
99
470
111
208
89
564
533
207
607
767
455
337
426
594
562
552
284
393
861
842
858
329
764
81
129
743
284
998
291
554
548
367
396
810
21
719
974
540
408
315
515
415
733
319
199
663
122
613
537
198
270
64
136
841
18
909
907
586
191
742
733
829
232
504
743
17
198
155
212
322
924
982
573
711
631
203
43
290
388
549
256
548
379
64
469
143
449
473
808
851
966
892
222
710
730
1
950
429
841
783
353
314
542
635
209
713
972
693
64
12
281
464
825
368
672
912
407
11
361
790
386
488
562
340
124
545
897
806
916
576
980
256
879
996
202
381
553
717
893
560
509
163
826
871
888
612
472
69
92
609
891
807
369
662
421
175
233
257
745
836
76
679
450
429
908
533
871
422
109
489
508
227
915
618
973
74
217
576
19
984
965
173
177
284
136
757
887
423
770
614
202
800
821
855
654
291
990
284
459
149
686
440
423
336
290
398
56
837
625
682
392
216
333
5
939
730
644
262
232
969
421
485
211
341
578
493
805
351
52
438
553
510
221
856
69
771
818
74
48
129
170
677
847
202
633
899
867
297
391
98
70
916
655
511
338
243
898
625
777
854
436
828
316
112
539
307
297
173
420
268
6
979
931
35
423
400
339
299
52
924
585
586
872
836
381
506
481
921
205
12
773
869
875
250
60
630
516
588
584
470
352
547
928
394
772
909
839
451
831
250
103
346
735
747
236
544
259
103
28
489
41
498
175
803
78
841
420
23
184
540
978
529
817
112
444
809
149
627
49
134
83
832
423
752
183
945
289
465
761
326
109
917
706
739
208
995
964
489
133
192
371
181
628
280
268
224
364
475
851
17
543
955
931
137
553
167
512
117
948
411
493
983
514
362
278
900
203
682
628
379
122
309
42
227
962
637
510
739
25
135
165
384
841
92
729
800
896
199
725
833
480
770
166
926
894
838
747
653
354
291
780
211
588
977
910
604
294
724
794
575
176
116
367
71
764
304
409
968
512
374
764
289
147
118
760
29
383
689
472
849
571
895
949
439
559
43
193
374
796
278
703
753
762
170
775
95
115
543
358
476
799
504
619
216
198
985
698
943
751
350
15
819
353
663
211
626
374
261
845
588
896
25
719
892
898
891
537
750
663
497
740
290
506
603
674
126
215
778
430
793
355
761
828
394
608
139
46
610
990
885
863
370
127
27
196
823
692
7
994
448
266
857
371
600
363
104
391
741
732
202
222
118
158
242
14
131
264
776
621
836
273
508
70
320
304
804
430
598
91
904
164
826
299
198
480
515
533
514
32
154
288
350
470
143
996
780
298
134
485
718
552
510
619
616
806
559
546
75
428
739
504
997
969
628
849
389
767
944
710
73
645
922
237
639
687
101
599
123
134
378
896
46
39
237
945
459
172
422
917
463
919
577
542
531
315
88
973
817
150
808
499
429
967
847
711
399
8
943
182
999
718
329
569
409
500
470
169
29
853
573
585
572
408
288
638
753
80
325
701
974
878
924
784
183
974
203
283
188
967
739
347
68
144
397
782
663
649
924
997
335
782
290
210
408
29
975
134
162
84
428
687
41
598
750
834
353
770
401
407
711
687
196
789
669
98
114
380
94
77
304
631
496
147
626
766
88
15
495
230
858
88
530
803
862
14
68
675
402
891
439
434
299
385
768
986
913
318
631
885
781
576
399
738
676
92
879
216
339
552
514
741
57
188
262
232
656
91
8
384
81
846
742
473
696
632
923
184
492
953
178
722
237
589
299
840
196
441
863
249
399
432
691
533
13
193
454
253
218
330
525
387
654
997
37
437
395
988
119
458
387
931
758
855
438
49
374
990
284
244
573
13
100
798
246
260
516
482
913
379
485
648
240
240
485
236
808
183
354
845
960
433
741
620
718
960
428
606
780
955
358
78
405
682
596
440
517
850
120
154
193
606
302
516
709
537
441
124
809
239
867
850
418
683
361
346
964
556
664
483
831
84
396
768
702
684
742
637
259
889
900
977
569
62
261
349
819
277
408
315
111
469
821
126
935
361
999
114
239
179
966
310
226
451
35
314
958
841
490
345
394
489
873
235
553
177
708
358
790
821
368
355
445
985
565
550
349
133
580
562
2
375
604
467
272
539
541
962
93
158
529
661
36
547
666
496
836
717
575
130
71
756
180
8
97
827
206
780
712
477
238
6
1
282
802
913
291
221
288
642
917
966
605
734
238
339
245
415
681
265
106
570
158
365
499
439
325
484
804
77
426
195
431
156
132
985
178
29
709
279
338
736
987
769
306
215
830
568
702
946
239
589
139
681
294
749
885
973
233
890
401
728
836
602
306
817
210
122
90
412
332
438
73
843
816
768
454
944
696
156
266
338
80
100
819
351
146
962
411
700
150
703
701
249
898
931
940
523
809
893
428
832
516
397
806
263
764
156
690
142
685
148
673
728
932
93
241
50
811
613
649
12
92
267
623
658
241
527
842
884
231
334
359
959
953
473
286
602
533
631
459
484
864
479
773
247
194
109
883
912
414
208
677
303
13
880
709
977
40
683
362
361
210
54
225
687
926
887
750
154
251
752
724
979
176
341
553
479
936
789
732
379
887
493
911
243
391
843
52
908
804
880
72
797
302
798
510
602
387
856
685
168
277
498
564
817
941
420
922
942
481
705
537
260
304
297
540
332
913
471
602
765
778
130
205
363
559
502
442
168
451
160
599
171
980
325
719
584
131
209
916
893
386
732
582
253
173
489
79
466
298
945
152
314
7
309
830
327
357
680
762
531
103
261
380
767
962
494
984
852
168
890
647
774
573
612
503
86
449
539
476
803
507
300
431
573
364
525
927
50
10
138
162
691
585
508
627
987
383
378
240
869
474
716
313
112
56
647
656
812
40
431
738
859
637
606
676
60
749
151
822
794
347
796
57
255
479
184
704
616
3
423
966
559
247
917
639
300
224
112
206
157
897
593
163
371
609
614
436
754
753
287
658
327
486
782
889
752
835
665
257
342
178
661
807
413
97
242
725
413
564
658
840
380
794
822
30
652
926
199
873
398
105
112
233
452
688
930
624
851
275
824
184
427
468
805
381
121
102
371
931
273
618
229
128
709
829
104
322
805
841
129
517
281
54
904
526
98
391
620
798
157
79
86
233
583
7
55
376
228
128
906
789
806
254
366
61
312
127
517
409
936
17
704
687
5
157
564
917
8
858
911
367
911
896
513
672
768
673
752
86
821
845
315
717
543
634
751
626
906
987
544
554
624
533
456
410
887
764
356
550
924
799
816
33
923
578
212
514
78
770
910
500
897
720
922
39
323
819
423
32
263
848
153
778
17
11
645
392
887
996
694
447
429
592
186
578
617
498
830
517
851
739
501
993
807
136
179
561
860
398
556
912
614
464
52
873
468
634
943
941
360
784
126
93
656
192
923
958
583
661
914
666
735
331
722
123
177
637
490
11
21
600
727
276
756
51
971
532
208
588
667
430
729
875
136
757
863
999
69
662
255
682
458
776
504
145
275
609
169
678
854
11
373
167
227
387
395
405
181
83
15
632
49
251
518
918
177
745
512
441
39
454
93
497
104
100
120
182
120
6
27
269
460
308
403
859
484
420
582
676
998
414
861
322
171
874
796
832
126
689
961
119
420
746
490
389
357
395
585
698
399
892
915
654
882
124
647
731
831
709
768
315
692
517
314
282
804
566
849
914
840
137
542
80
541
782
986
617
220
709
17
614
772
727
300
810
75
433
747
690
328
904
691
815
747
827
447
186
424
57
144
978
493
800
753
215
432
758
464
463
543
464
776
306
78
645
743
884
473
901
563
500
924
167
985
658
297
107
501
348
142
225
135
815
296
339
680
63
154
327
765
876
953
319
802
857
517
105
61
193
604
379
481
914
687
267
288
86
652
555
166
915
774
577
376
402
851
946
951
365
758
374
794
564
469
910
1
760
786
560
406
449
940
232
857
536
140
818
125
61
839
934
487
16
688
479
808
123
425
947
357
210
823
879
692
959
646
181
663
624
337
955
660
848
644
526
879
625
678
833
356
196
874
562
385
401
253
53
629
886
897
676
494
75
632
703
549
881
299
780
668
525
289
617
749
255
570
616
724
293
977
718
192
117
234
192
961
130
778
276
285
203
465
75
514
557
477
366
78
930
147
314
782
441
388
772
805
879
182
854
309
434
250
513
926
516
872
803
174
519
915
445
569
455
401
714
236
572
952
528
451
85
28
134
256
74
941
752
465
425
386
151
478
324
748
280
15
439
950
162
938
402
118
857
476
77
905
948
721
30
1000
33
299
425
858
77
106
93
104
902
417
153
18
704
810
954
843
182
605
786
191
292
953
397
117
215
577
606
332
738
682
368
855
583
588
829
359
416
301
491
780
962
614
841
605
444
27
416
742
965
236
926
721
502
60
367
681
698
908
630
512
10
954
815
853
959
970
560
792
401
990
462
905
313
555
952
471
216
593
531
662
889
496
961
349
255
902
117
415
788
883
527
139
536
713
535
811
10
289
133
276
232
871
797
598
394
838
584
149
56
432
946
267
305
113
142
706
53
818
86
323
551
230
267
324
563
475
245
61
828
241
49
4
920
954
427
423
283
893
314
343
627
718
222
439
614
515
723
980
537
17
890
402
797
144
235
358
526
786
244
744
482
395
362
905
62
105
616
527
350
254
845
208
301
224
248
65
519
327
515
649
698
675
580
362
258
272
921
975
796
847
301
676
356
394
151
770
407
603
768
347
161
194
870
727
674
101
475
76
561
764
727
134
178
382
207
466
480
815
980
951
719
36
714
776
978
207
960
159
880
587
51
250
592
307
890
867
562
75
626
977
41
174
970
427
86
255
520
626
911
767
176
446
506
421
916
305
96
929
904
590
2
349
163
894
787
25
594
179
348
602
914
68
799
315
326
302
137
735
522
341
524
819
52
7
325
491
316
478
833
811
812
407
575
95
270
12
899
962
614
225
788
109
427
394
171
215
848
685
461
197
964
633
869
360
338
903
528
535
464
977
141
572
426
435
529
389
61
336
246
989
821
98
314
90
328
447
580
113
229
396
348
502
459
724
432
463
616
561
2
567
460
513
857
438
882
368
808
906
742
851
332
652
398
155
59
608
681
816
181
327
456
276
824
294
311
390
571
249
172
711
606
172
708
570
843
59
206
686
84
91
709
264
382
904
497
752
923
658
302
512
582
550
907
716
364
408
502
721
485
722
984
72
78
230
803
578
331
966
74
448
223
901
296
706
614
271
759
744
887
348
34
577
125
119
814
73
672
369
432
372
254
500
109
172
116
971
800
746
322
850
630
389
511
593
330
490
741
59
618
229
784
3
810
857
27
327
362
66
302
653
965
24
989
937
222
385
568
994
424
474
750
266
874
459
72
337
101
633
535
231
465
926
576
443
689
490
631
289
623
948
490
187
991
406
851
262
250
90
738
311
563
814
542
808
725
279
354
179
623
890
893
101
378
102
355
607
374
819
825
200
693
371
66
392
807
477
59
466
475
979
537
445
854
978
631
587
458
838
953
158
610
627
503
733
603
809
413
122
839
653
33
457
411
965
496
406
678
765
160
609
586
77
571
24
562
602
181
92
492
400
922
123
70
47
905
334
814
470
627
469
10
267
125
997
352
268
942
776
419
315
494
684
684
245
568
363
682
84
795
919
69
842
213
491
137
585
300
645
18
602
538
970
191
958
919
849
459
916
829
700
595
961
690
144
658
103
959
45
585
671
373
440
217
760
56
81
964
538
381
711
114
928
765
580
762
210
107
307
609
506
780
165
759
397
413
917
52
29
97
197
20
915
618
283
140
331
771
738
969
276
754
88
369
554
744
559
961
458
257
891
158
775
44
558
267
314
724
566
618
622
893
270
23
17
265
320
608
990
79
740
781
929
812
977
644
605
480
881
616
175
447
407
305
258
813
53
891
789
131
252
922
238
341
117
910
217
453
558
474
573
199
699
28
268
710
238
52
807
26
445
128
486
293
735
589
933
311
717
909
624
739
370
886
36
930
486
156
272
456
162
496
790
120
847
980
821
290
262
254
36
208
294
141
314
962
77
219
561
615
505
807
353
21
229
838
593
896
161
382
363
123
979
799
646
470
924
53
348
803
107
963
979
347
618
438
50
424
315
691
417
599
227
571
22
790
802
705
206
188
194
927
153
9
72
37
828
82
880
956
798
550
251
427
823
57
659
360
59
99
557
992
169
745
541
332
542
764
516
827
229
965
406
848
724
186
216
838
586
399
567
617
623
232
558
726
919
369
299
151
95
533
268
216
60
139
918
37
898
22
197
864
327
977
932
739
897
153
705
617
217
607
704
807
746
167
958
819
848
759
191
763
634
447
419
886
914
314
854
408
791
167
353
273
715
198
179
268
932
54
17
675
33
856
486
300
651
401
539
660
787
665
81
668
492
217
805
35
396
87
835
187
965
903
329
126
177
55
920
415
454
387
521
212
397
326
453
607
919
173
443
928
871
836
165
500
120
361
167
979
291
994
915
163
916
242
842
538
658
586
669
412
367
5
352
195
53
972
739
799
994
715
372
855
998
390
658
93
747
910
375
546
60
503
449
365
571
954
791
234
84
727
123
18
183
242
958
977
807
830
949
839
976
603
727
636
763
599
182
660
997
265
947
794
76
356
807
793
31
615
717
237
739
220
986
728
581
303
877
673
707
34
466
989
567
109
525
146
350
854
623
615
298
132
645
749
64
471
37
53
258
918
458
577
951
720
203
894
456
356
490
945
732
172
632
886
85
750
517
981
438
472
856
456
511
250
795
225
575
309
301
484
773
15
775
327
286
3
898
489
446
351
845
137
261
257
28
63
228
741
336
210
601
15
330
279
105
340
636
534
56
896
540
536
579
885
343
208
896
186
622
686
286
883
445
189
783
506
991
386
222
329
185
673
719
745
258
512
289
454
566
981
587
256
432
656
416
36
54
42
648
103
23
573
224
898
542
893
12
287
488
384
651
600
196
267
788
415
316
780
579
769
179
193
454
986
139
827
366
714
510
611
862
712
644
782
414
556
486
808
540
641
74
6
843
402
559
312
48
9
37
698
111
358
550
31
212
324
155
478
94
205
41
692
66
75
667
272
26
591
738
782
61
475
372
658
390
325
827
244
454
975
275
269
704
175
133
625
161
989
230
648
200
279
237
264
328
622
560
227
394
706
285
170
93
193
564
28
626
212
330
298
890
983
988
409
918
377
88
393
704
276
183
414
625
552
397
535
781
380
719
462
930
375
555
454
981
211
127
891
254
692
698
216
500
563
624
130
507
518
243
718
577
255
541
655
278
821
366
564
942
265
751
500
754
650
477
57
747
450
207
22
482
336
949
974
248
188
152
639
395
235
170
757
265
854
413
543
967
704
576
359
17
476
46
367
535
993
283
225
484
817
996
229
766
44
5
509
793
146
679
506
308
740
254
837
701
899
164
608
38
150
316
435
512
895
976
598
971
334
23
33
758
975
711
18
749
203
184
511
915
336
698
851
945
701
323
288
628
9
684
198
134
718
851
783
459
113
472
317
443
129
709
512
709
85
181
480
131
668
736
730
772
119
362
998
816
873
817
539
824
25
916
845
222
163
823
851
995
399
301
191
787
187
139
399
681
371
525
773
581
369
995
661
110
633
66
68
636
616
392
123
327
52
526
609
628
463
219
313
886
708
450
740
589
614
189
425
158
922
931
261
934
206
401
240
672
690
437
665
710
620
314
261
209
586
521
135
189
261
370
905
125
388
99
345
232
410
146
642
83
628
648
467
620
475
869
851
836
915
185
397
503
935
395
584
502
5
71
928
84
646
747
625
813
847
555
672
388
568
299
316
33
363
731
24
807
11
207
177
83
936
958
791
526
676
53
366
479
173
877
486
429
80
629
925
938
402
789
222
203
404
948
799
865
757
388
712
938
505
679
953
497
18
244
58
834
215
736
181
662
718
91
959
654
175
364
585
481
467
339
185
366
520
525
877
374
638
825
752
821
509
756
806
77
370
746
380
75
7
615
76
375
131
857
978
206
873
860
654
281
697
183
327
144
792
949
684
994
206
793
591
18
38
765
886
829
837
776
111
661
173
535
824
380
316
135
442
93
319
709
211
546
374
511
991
829
41
828
14
91
807
964
911
418
175
291
678
648
593
175
415
324
307
760
974
18
835
370
855
592
838
296
605
355
694
102
213
943
842
529
31
436
567
6
604
674
481
903
896
755
22
231
603
197
502
732
240
447
88
70
851
775
395
97
822
69
788
304
83
814
106
590
938
885
131
324
220
961
911
851
39
219
536
728
15
479
440
528
63
314
144
514
838
231
34
215
703
531
400
701
731
866
403
505
220
11
425
737
418
495
397
611
314
817
691
199
643
842
959
137
248
768
380
656
397
837
655
129
932
471
598
194
531
777
197
541
497
916
886
11
553
60
922
128
501
804
468
113
574
459
722
364
714
499
149
548
157
935
897
769
356
667
120
716
476
407
101
362
727
280
133
808
871
22
959
87
41
690
255
300
745
290
929
893
36
914
31
427
185
10
555
391
924
363
598
241
316
139
408
730
912
149
707
136
987
723
691
259
364
761
123
349
194
263
509
776
846
764
962
131
439
656
339
511
896
854
303
735
842
467
426
927
659
52
741
96
983
706
518
470
879
124
801
710
335
933
84
949
705
635
107
459
341
569
506
426
974
778
573
727
700
949
218
457
418
322
5
411
171
76
537
116
294
161
619
683
696
866
983
5
27
413
592
504
808
19
851
963
340
726
946
257
95
147
213
123
322
484
39
131
571
53
743
363
981
127
842
592
897
757
22
396
784
365
805
815
438
345
600
269
634
577
307
342
28
615
241
810
465
887
757
556
969
928
809
408
678
622
965
870
310
789
646
826
1
720
802
870
487
91
182
900
7
206
608
19
845
780
392
704
391
323
996
999
261
279
753
527
217
404
533
450
11
51
297
278
464
821
712
872
359
467
311
394
990
176
360
799
492
44
756
805
97
816
124
124
933
195
125
894
81
156
484
417
118
72
21
124
200
13
934
790
901
684
913
701
326
680
633
494
994
703
233
286
592
471
273
660
350
162
334
51
770
40
608
599
37
146
342
454
933
851
889
88
426
558
15
59
79
618
805
170
994
69
319
597
600
612
175
743
351
442
174
918
53
785
342
254
140
867
861
758
862
406
320
582
110
560
780
390
544
9
749
414
855
612
996
517
759
971
757
757
557
195
240
603
874
405
121
401
539
31
677
298
474
572
521
132
512
899
767
522
258
739
695
785
24
534
101
442
874
540
412
827
61
105
465
742
408
464
422
224
436
554
849
41
136
155
533
103
788
557
132
503
40
660
684
251
680
108
228
505
319
757
63
861
179
775
991
422
185
523
985
702
717
907
639
51
956
293
803
900
117
67
515
334
612
84
625
29
151
928
13
1
685
843
852
745
113
6
757
129
836
380
81
325
56
128
228
333
207
885
139
72
374
724
212
293
290
611
961
637
459
446
993
170
924
949
765
794
798
692
46
582
372
613
599
38
119
243
608
213
415
22
968
139
275
928
289
713
28
960
572
32
807
233
41
652
96
691
580
330
630
693
280
678
82
36
966
621
990
333
812
719
287
636
432
299
176
334
861
596
398
118
258
962
384
484
796
315
927
699
523
536
576
17
455
588
542
751
95
493
543
889
409
524
673
93
167
7
792
708
370
916
540
807
813
942
418
782
851
178
250
965
652
292
909
854
172
826
306
166
622
518
160
238
298
562
401
241
499
116
572
497
607
362
968
662
43
145
827
858
959
300
709
327
626
877
685
591
361
656
39
905
96
626
681
559
616
310
142
835
624
980
85
171
753
96
377
372
114
71
454
546
276
89
247
564
576
315
829
34
676
80
386
839
926
681
906
167
998
610
306
201
739
367
239
680
935
455
435
805
410
464
665
183
656
889
988
336
445
209
127
82
41
981
445
415
853
996
445
793
990
83
559
571
741
779
842
952
889
103
156
586
468
280
922
417
764
598
377
330
391
519
882
697
716
471
437
813
297
392
231
136
562
701
992
370
254
961
825
940
290
15
189
206
316
430
372
669
409
201
65
805
680
975
939
45
72
273
779
273
106
449
726
209
318
999
270
333
804
66
288
596
30
834
688
932
903
899
699
616
191
143
813
808
6
617
279
194
431
766
126
973
598
347
760
204
953
508
438
453
868
281
496
692
458
721
302
806
578
404
191
577
787
269
713
32
1
975
918
514
350
393
457
600
360
196
869
43
143
989
399
115
662
331
393
350
103
76
702
214
506
1
219
568
26
250
161
749
725
508
385
633
802
871
658
326
97
462
20
590
846
537
869
766
457
915
165
968
685
104
349
191
707
643
485
98
953
587
792
663
242
253
615
909
726
782
720
623
548
903
33
545
294
423
328
796
714
643
963
51
120
999
570
264
908
84
369
862
76
383
37
422
935
839
638
883
826
821
282
952
771
195
843
241
664
245
428
283
51
962
493
383
19
142
457
249
300
292
967
79
458
911
460
499
437
486
523
940
80
838
896
734
374
491
768
567
368
241
188
64
77
877
425
890
381
48
556
64
24
191
528
767
415
583
777
212
384
865
173
149
272
865
735
546
202
358
201
704
829
755
158
53
668
466
856
902
635
720
463
608
813
540
271
785
142
408
852
687
276
683
519
101
825
458
640
384
22
618
450
572
343
428
19
391
624
227
697
42
3
626
788
515
999
584
738
728
561
260
813
54
851
604
644
747
642
494
234
362
305
6
629
918
113
671
888
95
458
519
917
250
913
26
936
667
883
805
244
832
507
489
428
612
382
734
512
296
557
539
561
325
281
259
541
951
355
40
315
228
684
191
968
131
852
686
705
315
447
798
737
424
970
907
984
706
488
243
621
382
742
385
307
820
769
182
606
597
374
794
868
391
478
335
394
674
399
566
391
533
676
657
741
290
292
942
404
137
322
995
287
62
846
108
636
247
82
306
597
573
387
284
357
773
407
521
232
353
665
779
735
897
790
241
604
184
377
731
416
632
555
20
181
353
475
520
65
87
256
814
41
31
521
359
588
880
164
962
902
615
885
802
135
891
351
185
565
748
266
814
617
156
636
175
876
32
102
648
82
679
804
634
786
25
981
353
155
105
899
597
603
504
676
870
671
147
994
129
641
907
412
394
834
926
516
404
125
491
311
346
409
283
974
890
656
579
415
826
591
794
906
346
501
412
705
373
79
536
421
47
800
396
797
328
311
761
873
281
334
385
426
243
533
95
718
841
704
332
575
20
608
365
172
506
303
463
658
523
953
306
543
26
199
813
860
287
561
163
798
964
662
90
815
659
888
561
850
925
286
342
936
43
277
496
99
118
500
154
988
719
221
176
93
871
490
241
502
634
831
467
479
296
376
277
725
604
357
161
321
452
654
425
300
661
960
682
154
701
886
765
238
975
705
496
192
297
866
9
779
725
128
383
763
191
215
593
647
875
53
218
608
631
245
487
472
970
194
726
121
822
272
880
209
925
47
262
91
252
98
685
740
38
538
731
10
218
779
676
918
233
134
519
707
723
390
241
198
233
617
714
352
210
957
203
138
908
802
282
307
280
819
196
600
477
63
699
521
734
123
359
534
833
687
1
874
527
533
894
263
228
130
932
125
500
940
336
589
450
346
248
576
856
214
399
780
84
985
162
576
261
55
419
704
293
785
809
843
431
443
777
469
256
127
709
164
992
983
154
120
563
156
470
332
984
945
790
99
754
890
782
752
598
627
296
734
174
51
483
497
894
197
108
67
877
428
382
856
628
664
623
333
919
951
210
512
836
549
833
572
228
372
81
283
657
922
555
722
768
474
871
842
827
153
672
988
571
597
531
33
186
439
374
51
448
321
586
691
684
863
598
304
255
461
721
187
445
631
762
430
860
998
970
576
94
686
32
757
892
599
267
846
464
971
689
566
509
476
898
288
182
363
628
226
87
549
982
282
191
566
664
57
628
998
921
264
194
717
505
12
490
127
832
822
87
185
202
405
73
223
982
635
945
140
481
441
816
375
858
787
756
730
770
369
538
98
766
562
39
59
855
727
972
238
89
319
721
769
843
885
144
578
773
848
40
196
151
696
412
480
706
89
304
159
63
379
770
447
497
838
603
609
589
688
716
583
108
919
403
60
801
602
443
597
911
862
33
308
178
318
237
76
705
488
436
88
680
131
788
448
836
931
538
753
874
430
90
94
717
288
60
769
124
367
443
258
727
820
663
325
785
284
262
349
935
939
219
310
517
865
251
502
610
239
724
78
4
773
27
155
4
938
630
600
431
609
969
945
202
508
90
667
723
136
935
822
322
804
980
594
707
615
329
668
842
510
586
704
427
452
867
486
524
993
212
645
309
42
155
637
691
572
431
610
403
766
225
745
196
106
141
932
228
500
667
756
987
912
602
214
666
439
374
286
223
955
422
759
781
265
670
278
596
844
204
620
368
763
819
109
845
212
232
318
74
837
274
702
786
491
302
474
55
98
968
760
767
808
468
811
805
979
987
193
419
251
918
477
581
974
665
586
502
349
31
23
916
345
768
743
580
932
601
767
476
373
738
966
666
313
883
371
303
756
390
560
454
823
782
525
322
424
637
170
965
655
486
794
103
502
205
555
126
435
696
187
675
397
597
493
35
207
401
553
1000
307
770
304
737
869
406
507
630
919
453
920
339
816
660
580
417
717
597
486
344
983
796
662
706
267
48
181
897
31
580
449
175
689
108
150
161
766
984
947
652
290
790
961
208
438
917
672
682
259
590
446
420
562
38
744
467
151
341
46
792
566
366
463
667
972
846
441
761
222
443
619
428
442
34
916
638
466
612
592
777
314
28
507
148
454
142
537
395
323
937
784
422
132
852
283
244
652
52
861
321
650
173
605
648
441
814
363
649
692
517
601
427
979
763
713
350
497
959
97
813
429
979
831
300
561
716
626
172
163
789
445
616
168
299
553
343
401
367
829
404
951
326
577
613
597
916
573
409
368
138
526
676
548
460
729
855
612
79
287
209
191
983
63
982
596
107
33
801
787
928
656
774
767
390
248
985
310
179
416
156
698
953
556
78
358
657
678
200
827
539
166
430
995
853
6
337
197
743
766
72
237
819
202
678
639
376
188
121
705
113
126
991
552
143
166
138
6
476
809
999
109
91
143
955
882
468
595
660
625
14
140
312
438
579
757
292
211
730
879
173
562
314
269
142
332
141
567
617
822
913
815
306
282
623
598
649
653
867
676
788
257
805
723
562
416
610
660
33
36
787
593
612
532
353
772
884
726
280
163
936
421
391
196
976
254
258
55
985
445
936
216
144
109
513
123
26
875
913
213
770
393
481
88
183
327
784
759
840
871
856
421
561
911
938
252
423
287
924
481
59
523
498
734
604
551
882
283
955
848
994
516
827
594
719
779
115
308
350
393
903
178
124
191
820
326
128
957
754
171
321
389
133
219
549
991
374
369
755
872
531
704
116
446
65
375
252
788
417
635
224
579
258
149
529
411
920
284
768
784
980
404
890
547
56
526
483
718
728
310
185
332
605
425
727
647
10
636
148
24
188
213
770
520
704
845
101
136
310
320
501
863
98
754
457
405
936
541
26
11
173
185
341
205
798
186
285
529
683
105
913
776
722
818
540
348
911
998
256
716
882
676
67
268
681
726
245
486
360
568
530
962
373
610
124
708
1
855
701
325
480
96
811
206
631
810
149
246
965
986
689
799
323
515
759
613
236
21
255
168
97
550
378
793
289
810
59
171
502
850
707
768
629
790
375
275
636
130
806
395
70
329
208
599
253
506
82
647
194
247
252
686
680
672
54
262
271
712
595
49
766
161
630
647
916
720
328
679
318
473
402
28
321
746
887
691
176
180
340
119
476
416
582
795
930
410
720
899
991
735
679
521
748
667
941
926
336
876
569
762
915
464
547
664
69
240
156
556
505
516
440
786
878
612
251
797
536
625
94
438
221
144
589
376
813
983
181
554
51
258
242
353
554
717
310
630
548
728
933
199
795
647
737
952
940
862
907
485
409
884
192
905
431
867
545
864
702
446
415
559
7
362
304
590
24
752
862
74
40
593
253
356
820
113
848
326
296
69
502
297
650
234
391
707
240
878
168
152
7
299
904
531
416
430
621
763
509
525
758
456
304
336
205
147
109
738
145
882
63
150
543
471
497
684
423
589
944
410
198
553
557
9
591
67
552
20
454
16
228
11
498
411
574
608
854
455
1000
497
307
996
91
503
638
228
980
258
804
675
551
963
708
870
356
615
314
802
798
824
320
363
480
32
678
781
757
467
530
54
513
860
714
566
203
480
871
818
132
513
493
934
643
391
256
311
312
338
981
93
695
535
442
707
336
264
479
468
919
790
133
428
505
433
6
71
516
245
298
934
136
820
828
431
918
201
382
170
167
497
181
188
630
494
622
988
172
555
23
704
899
860
821
850
670
679
550
397
342
317
13
70
965
110
788
157
882
784
257
722
621
956
72
949
107
988
592
65
714
242
434
740
246
595
657
235
258
77
188
60
300
727
936
146
406
588
975
965
949
237
118
289
964
610
181
622
303
762
677
448
613
20
141
29
285
282
906
570
473
87
304
149
22
856
115
818
61
894
118
917
945
862
602
107
319
459
727
740
493
564
818
731
955
810
55
820
104
40
561
904
21
745
373
264
873
865
987
342
674
35
659
926
307
692
989
314
806
348
731
870
336
205
154
8
32
197
662
597
897
568
780
491
362
171
505
389
835
628
641
545
651
145
121
958
110
268
73
271
798
957
523
268
706
583
138
669
13
392
456
371
654
508
185
461
542
480
810
791
428
510
575
503
833
505
599
809
879
280
874
367
470
921
416
768
148
627
166
669
687
101
863
778
122
503
420
391
519
156
982
455
812
517
62
987
248
577
845
857
9
101
970
42
243
130
506
393
655
192
543
480
280
221
660
950
2
596
659
315
154
17
972
398
971
963
141
46
931
90
187
39
691
798
534
223
817
363
920
933
435
937
339
670
651
771
622
914
219
158
145
318
515
816
904
207
68
629
712
228
82
635
141
88
193
937
12
724
939
508
962
9
511
854
955
114
551
528
664
178
147
828
635
580
589
642
249
412
241
635
421
459
901
958
579
586
288
989
321
541
929
231
615
707
197
346
672
306
67
175
416
531
705
522
716
918
505
356
230
838
94
860
603
115
609
696
786
993
242
993
636
665
256
304
17
160
223
382
739
614
518
881
352
846
656
889
266
318
626
469
280
731
905
539
702
449
531
387
449
755
695
418
316
105
292
534
949
290
961
732
968
585
512
774
738
295
67
65
960
425
399
364
745
526
449
543
891
312
164
380
80
953
682
154
144
731
856
523
754
489
926
361
533
294
792
279
706
958
762
663
328
916
677
958
137
776
777
754
263
707
485
679
332
534
563
608
577
727
290
394
881
806
333
881
396
853
760
583
843
728
261
131
990
114
510
237
485
82
371
517
384
779
72
737
391
715
299
768
142
494
837
530
608
33
814
293
51
67
984
380
20
474
430
850
190
858
235
153
714
620
194
380
222
684
619
518
832
995
443
228
815
948
984
371
487
66
88
425
230
226
455
987
788
253
927
304
833
242
273
737
557
934
63
253
267
733
983
312
751
479
621
232
166
745
611
257
538
650
653
624
464
156
287
126
632
234
864
534
826
992
69
146
730
179
638
712
680
372
448
584
707
737
789
13
272
42
794
461
258
948
809
442
72
173
320
368
913
561
297
631
333
476
544
801
94
795
934
978
27
782
595
834
485
570
268
379
11
649
981
969
597
837
414
416
75
971
831
726
747
800
291
668
647
585
961
751
952
680
468
571
807
717
123
368
89
198
516
35
379
295
493
865
860
985
847
463
126
130
579
523
749
73
617
340
821
766
551
991
906
503
443
872
873
419
445
494
789
118
732
457
661
938
164
276
240
602
552
540
617
435
989
584
356
334
319
124
270
519
778
956
805
808
876
959
710
858
929
433
387
115
90
236
747
691
3
707
124
968
780
324
833
249
418
266
215
195
605
563
30
844
925
189
149
292
650
10
160
401
823
158
821
944
351
31
9
239
939
748
894
600
326
565
410
479
902
448
745
242
521
165
756
258
838
658
153
909
17
912
133
949
57
578
563
509
226
309
925
349
566
2
614
21
682
544
689
786
490
452
338
221
636
26
407
248
127
620
447
932
135
61
631
649
283
942
794
69
41
943
807
34
586
435
425
910
7
995
611
872
677
875
577
356
983
862
258
946
926
448
148
385
980
536
621
37
494
498
518
146
176
215
604
680
443
871
23
821
875
998
776
811
189
804
967
255
786
530
699
26
610
890
47
714
659
922
109
901
757
749
410
517
390
306
357
614
178
1
107
153
956
80
463
99
801
497
257
194
865
707
825
755
725
603
13
686
163
681
658
801
463
759
254
776
850
863
872
542
151
349
34
15
274
662
874
874
994
146
401
646
900
466
229
452
963
193
514
669
226
814
224
252
119
133
853
411
944
228
909
738
854
977
414
644
453
861
74
314
469
401
855
575
400
940
697
485
762
659
291
502
233
356
900
46
748
413
202
723
186
830
646
921
324
499
340
138
659
948
558
804
241
712
721
267
434
43
683
682
455
318
798
846
563
161
598
969
441
108
85
750
179
683
170
994
605
365
428
192
330
763
461
206
943
184
329
462
724
658
841
599
56
914
270
422
602
745
20
604
694
383
989
995
482
431
67
214
821
902
185
577
521
106
45
490
349
778
542
260
73
778
6
376
868
77
28
861
421
741
644
330
189
143
545
92
246
272
693
164
307
248
16
988
178
833
697
770
675
968
944
808
865
103
709
587
191
314
367
336
911
660
975
808
714
226
856
354
964
840
104
637
475
739
131
53
390
422
258
49
267
719
401
262
186
754
848
397
647
167
119
979
458
723
789
877
117
960
534
457
835
971
71
914
987
649
121
598
98
705
128
559
542
416
520
166
228
641
997
610
331
329
352
15
391
494
853
46
539
769
817
298
782
808
77
122
594
642
846
416
17
330
26
331
790
552
347
263
902
662
954
344
336
103
971
983
848
394
942
62
245
699
42
484
608
975
284
845
633
135
224
292
847
229
918
1000
248
412
329
827
531
938
569
88
644
792
67
381
65
739
684
763
130
852
281
187
653
981
505
567
593
558
485
110
143
741
193
795
449
200
164
547
974
324
809
779
975
309
327
952
467
40
269
279
59
118
315
991
246
615
327
152
216
906
519
783
509
380
315
615
233
821
658
151
459
551
764
73
871
86
545
30
360
861
864
257
148
71
241
913
346
295
943
175
542
828
613
706
872
959
589
268
909
608
719
865
778
106
970
944
628
574
493
971
300
208
658
366
532
250
906
738
605
8
270
914
535
459
364
530
909
602
896
47
176
475
833
87
166
839
759
640
370
478
912
68
854
84
589
777
673
339
839
237
343
971
349
39
602
241
977
524
165
22
102
457
310
392
750
816
392
522
695
893
108
883
667
686
463
202
491
145
437
923
262
649
904
285
348
923
230
284
814
915
82
663
737
969
383
552
333
543
246
176
645
690
415
588
853
895
337
65
382
567
549
46
97
359
579
212
894
764
590
525
338
16
67
146
557
609
766
336
314
901
915
807
271
278
384
774
514
634
22
780
703
542
468
528
532
514
472
778
301
646
508
932
532
561
125
647
865
712
361
152
876
878
626
623
802
501
697
852
820
964
697
32
745
921
723
339
706
366
41
435
355
768
705
986
669
298
976
406
391
848
432
913
660
561
75
453
374
537
13
125
863
373
228
34
90
38
704
524
816
173
98
175
574
764
36
794
179
390
647
418
294
488
614
98
441
499
709
51
411
157
22
551
983
724
645
317
910
188
229
179
170
146
82
149
451
832
900
403
229
973
268
8
621
466
262
804
566
326
583
797
513
675
960
275
986
469
362
346
777
116
814
101
987
67
814
565
565
429
75
928
364
821
393
163
455
392
438
974
434
782
552
831
176
686
297
892
457
442
251
895
19
168
183
284
833
878
977
509
493
999
42
39
736
350
987
878
435
959
447
232
27
81
991
536
192
596
765
95
807
503
548
764
89
381
955
868
238
605
361
64
338
831
284
298
395
52
552
295
143
778
719
21
900
249
35
822
214
295
870
146
514
19
406
600
441
415
457
501
808
149
639
357
149
823
628
578
610
955
313
293
906
178
988
425
958
389
73
909
480
706
7
737
15
308
339
433
276
94
414
218
188
155
797
494
846
203
348
656
710
156
591
233
650
851
783
69
489
350
815
335
415
129
807
519
143
821
93
1
60
754
967
979
244
800
61
489
426
53
982
390
919
283
804
419
326
498
394
824
86
940
693
597
884
142
522
711
94
260
207
910
33
120
794
369
995
268
343
658
486
916
878
595
280
26
22
671
815
56
218
876
443
849
143
717
499
948
750
192
892
163
615
360
654
934
951
613
730
925
510
244
171
132
472
151
801
681
849
846
528
922
779
808
498
636
789
442
64
764
443
43
545
278
611
857
853
202
220
938
398
646
311
375
873
602
861
715
512
688
40
140
822
780
761
76
467
227
698
9
685
756
184
914
101
345
97
77
893
669
607
829
227
547
973
341
205
18
94
786
851
416
394
82
823
585
565
219
785
528
538
682
992
901
696
880
561
381
821
357
402
518
596
284
825
738
330
439
212
446
616
190
358
283
972
558
170
152
27
670
981
50
784
334
867
908
870
79
461
346
862
103
221
868
493
223
50
787
340
983
534
270
525
926
595
39
937
920
837
376
236
518
239
919
501
326
691
705
826
491
114
396
858
817
657
439
839
1
531
109
159
422
206
790
660
180
335
668
541
84
730
90
89
585
461
883
406
480
372
694
189
984
360
18
416
258
739
886
491
5
116
654
478
29
947
333
222
512
357
511
980
860
937
518
670
726
948
165
83
343
946
566
4
415
577
99
382
208
443
966
824
889
830
358
693
641
68
18
895
530
68
619
516
973
337
217
401
912
280
757
111
68
39
100
232
713
616
804
568
87
824
228
866
234
29
403
540
973
488
384
90
152
926
587
479
6
162
117
560
273
232
55
626
378
854
879
188
758
602
494
242
459
163
686
758
858
709
86
200
730
430
34
60
235
44
667
704
93
774
259
565
579
203
824
796
881
34
177
962
873
8
941
82
534
898
280
313
361
378
634
858
887
998
936
30
168
706
422
711
299
851
5
753
453
802
298
77
228
442
120
95
746
255
172
633
711
307
509
251
930
534
808
25
319
473
866
488
167
257
47
365
355
768
83
207
169
94
735
798
680
31
695
538
751
838
66
179
733
653
684
797
231
511
968
446
780
622
65
789
261
528
877
140
601
342
488
711
963
922
466
51
842
988
307
176
680
272
876
382
323
577
404
444
716
473
410
377
926
828
203
799
170
223
976
141
967
76
879
555
367
976
281
742
630
736
940
932
964
224
80
983
715
224
600
239
269
667
197
192
970
546
972
301
20
148
424
582
650
835
910
39
334
827
289
800
934
652
625
950
870
68
26
928
918
655
121
595
119
21
805
442
592
316
111
976
932
31
258
969
256
422
807
923
199
792
411
379
724
257
39
197
702
446
115
429
581
512
918
542
129
331
107
334
506
31
359
495
553
7
698
720
598
679
896
945
543
838
939
274
715
360
189
473
335
42
17
432
534
507
622
715
609
29
879
939
60
326
943
18
533
813
702
611
483
298
167
253
249
261
80
203
147
689
474
862
605
871
966
662
712
253
975
994
44
781
253
839
627
150
698
59
128
826
377
926
92
447
143
624
405
416
41
625
645
86
814
808
559
987
540
463
98
664
516
509
528
524
693
460
502
468
206
437
681
253
456
979
58
200
387
899
976
791
383
678
814
640
917
594
117
950
788
909
111
900
56
297
113
209
388
1
882
751
266
655
980
627
932
989
825
182
286
985
134
214
191
272
832
27
73
33
280
556
836
669
108
365
287
44
806
365
252
769
402
329
55
229
632
492
342
898
72
297
245
837
492
211
922
696
19
216
47
687
111
529
845
10
874
291
44
34
169
952
336
878
130
968
274
987
519
393
561
416
739
989
969
544
215
866
16
668
461
365
801
592
903
127
138
408
630
991
156
803
324
650
737
276
452
759
827
31
738
306
583
272
937
406
381
430
14
698
307
136
265
455
4
20
657
938
979
242
873
602
880
608
155
277
272
46
413
173
743
608
661
960
154
954
641
351
65
377
766
145
93
139
592
779
221
443
724
912
908
854
783
228
535
755
1000
775
826
879
438
97
520
182
931
626
484
586
372
912
334
149
773
721
737
107
23
123
863
317
590
358
315
123
155
4
614
609
763
783
559
404
418
191
519
870
570
988
128
47
938
843
407
115
719
947
436
222
122
701
214
312
769
63
133
356
987
955
252
618
638
715
520
740
665
105
89
880
14
127
911
439
222
745
833
933
974
54
615
444
488
703
516
416
836
486
830
571
237
846
313
474
577
923
358
49
7
98
596
642
539
539
581
979
736
636
471
639
913
78
743
845
539
923
918
843
312
422
135
299
328
33
596
423
519
893
592
644
55
583
966
322
898
97
710
325
716
543
372
801
404
564
762
735
603
158
673
82
80
830
238
99
587
192
756
736
874
611
462
171
658
311
445
323
670
230
33
138
127
888
119
786
470
943
40
16
984
235
46
366
281
790
829
109
224
649
176
452
630
687
315
67
826
165
706
61
380
45
632
355
431
186
33
249
614
46
185
756
105
462
390
297
492
941
96
234
303
709
380
27
51
323
306
108
282
551
422
22
337
520
974
842
495
377
794
257
122
161
453
816
40
421
39
745
307
961
976
813
12
666
415
676
124
517
744
446
712
300
73
370
492
382
444
107
331
725
121
143
560
250
744
340
423
218
320
59
935
173
747
159
709
678
187
969
268
49
910
465
403
989
534
43
716
684
680
451
764
157
849
756
557
37
487
785
964
291
905
863
496
998
108
214
955
211
664
920
209
242
957
984
576
302
268
630
165
316
715
193
295
314
580
690
86
555
474
966
980
232
190
915
587
840
706
968
851
860
113
237
852
743
490
236
161
83
512
466
111
493
124
94
484
18
771
62
366
426
296
723
835
787
68
548
585
647
110
22
730
769
737
952
659
20
847
696
379
744
703
230
316
533
161
805
521
214
658
918
74
789
135
109
993
353
93
559
888
130
934
850
608
26
60
18
743
614
782
136
451
586
266
895
810
497
532
333
118
531
651
849
336
415
542
675
538
79
751
831
532
735
474
398
327
623
130
88
832
562
645
162
620
926
839
325
733
878
262
811
157
285
251
368
675
567
295
346
561
455
997
330
761
832
898
792
455
430
378
20
65
808
512
731
735
497
103
876
583
799
358
206
885
273
400
330
955
351
358
514
519
367
633
953
943
344
607
242
722
916
667
621
337
96
592
344
775
912
526
48
476
844
529
477
415
525
535
325
618
425
768
934
872
429
418
678
331
111
109
136
807
660
911
299
865
852
706
541
612
541
143
47
420
176
488
344
642
346
282
904
439
865
549
801
572
413
197
201
331
390
961
933
518
774
444
835
689
117
776
664
231
992
469
374
366
996
425
558
165
479
26
252
616
980
59
379
414
839
143
525
899
47
386
311
534
264
697
983
376
959
769
726
161
643
725
145
567
758
275
395
629
575
994
802
358
639
619
817
8
795
823
846
203
239
996
896
111
674
660
160
42
415
450
935
957
577
783
326
924
794
253
217
39
284
493
869
930
658
86
58
775
397
928
690
542
46
477
832
498
350
32
884
675
845
181
720
743
970
109
953
343
508
79
616
988
264
820
326
435
207
363
657
961
32
874
696
536
311
485
104
459
639
886
80
427
511
83
45
557
214
833
134
881
21
498
320
245
247
614
508
734
150
318
909
89
742
775
130
282
538
898
169
440
143
630
576
972
997
485
573
108
75
444
829
617
640
564
322
983
175
32
948
477
15
984
821
1000
805
164
806
377
808
182
639
981
367
878
383
480
529
778
645
951
873
846
102
989
733
654
260
780
887
973
644
145
634
559
25
160
525
762
121
809
709
338
843
304
308
140
384
388
625
48
371
540
562
615
727
531
344
118
86
816
93
389
196
500
366
706
716
159
320
657
7
1000
107
796
240
497
271
780
578
280
868
509
124
341
673
569
434
185
229
271
152
852
696
867
788
226
826
12
561
894
803
298
960
935
744
69
146
739
717
975
975
641
326
779
164
574
276
590
603
20
699
102
416
720
337
125
951
525
24
157
743
328
367
699
626
498
8
215
329
895
4
281
794
451
681
181
581
159
929
299
202
106
593
77
863
515
487
986
780
536
132
669
836
90
912
194
742
516
679
598
195
736
357
672
787
224
620
237
31
406
590
884
591
724
178
591
344
840
946
490
982
917
728
229
856
625
489
813
621
682
819
121
924
112
194
151
767
858
432
449
623
138
367
235
552
614
774
806
610
230
119
25
980
795
531
969
639
999
632
538
775
865
670
119
388
766
715
596
697
728
961
133
248
608
344
378
874
403
740
646
86
662
777
741
158
832
874
736
381
959
186
468
757
326
595
202
980
329
49
288
983
452
575
174
407
911
231
814
551
105
980
825
50
255
74
244
890
786
445
238
597
561
996
625
463
542
397
977
504
774
664
270
591
487
757
671
49
530
462
145
315
375
964
538
142
640
168
173
825
168
212
49
354
776
642
448
597
333
937
715
84
184
769
781
673
188
49
234
917
829
860
402
716
203
878
466
198
132
685
931
100
354
351
649
802
815
499
594
506
330
804
465
96
175
38
754
311
522
852
680
988
778
654
859
823
294
979
417
867
573
463
844
997
21
450
552
827
718
339
378
691
360
59
363
538
250
999
574
230
394
634
481
559
711
234
70
191
201
409
241
487
923
132
272
818
644
88
887
83
974
540
873
97
692
460
967
34
929
332
929
778
471
507
600
298
149
736
139
60
64
323
141
454
398
628
472
920
327
743
944
410
115
202
880
124
788
231
686
98
588
605
686
544
756
753
421
319
104
718
520
589
270
631
988
152
948
12
466
631
938
182
247
731
62
223
785
152
159
306
181
501
40
299
897
588
687
618
883
942
717
483
713
305
879
963
556
514
491
973
158
985
615
126
139
339
878
295
89
648
741
918
456
935
8
788
64
934
517
89
995
90
478
325
263
374
597
374
305
168
801
611
740
950
800
93
669
752
169
393
606
243
591
199
308
244
545
632
727
943
717
711
402
657
48
21
702
503
127
37
400
778
151
464
279
620
416
956
288
728
168
725
320
447
219
990
235
922
947
761
14
407
492
861
698
947
680
354
387
848
115
7
458
823
85
348
736
456
50
36
889
319
185
883
427
457
469
666
105
630
60
406
720
471
567
243
605
14
374
476
27
679
196
671
15
184
483
202
21
715
897
890
565
906
390
299
976
738
636
520
93
72
583
332
900
948
525
874
793
844
356
595
534
405
357
769
305
659
288
812
952
59
715
336
548
544
490
594
716
757
411
212
21
50
15
954
648
5
457
713
535
932
597
230
578
333
309
826
954
486
164
935
919
594
212
821
998
870
622
507
364
67
421
241
166
321
969
957
455
102
361
510
759
421
468
747
397
536
551
241
774
160
969
644
679
218
355
143
545
210
775
27
284
275
547
756
26
437
729
486
609
968
776
795
670
357
35
262
567
54
900
994
993
841
483
660
120
415
531
374
279
623
350
862
628
893
568
957
346
824
245
175
604
925
263
90
617
457
532
126
961
523
250
966
312
411
216
535
555
965
199
44
131
224
319
303
303
362
865
552
686
119
987
11
456
943
714
901
332
111
686
954
269
978
527
355
309
95
935
381
371
6
780
812
61
588
593
118
757
856
676
695
323
266
614
567
112
745
289
934
599
826
814
24
604
647
324
633
821
942
762
855
39
474
319
240
543
304
907
207
536
880
685
198
658
461
553
949
8
958
863
560
432
982
299
779
706
802
22
240
696
487
222
92
801
416
265
580
845
35
733
597
919
870
495
206
886
207
49
976
782
875
744
319
362
361
897
635
930
221
637
287
636
438
972
410
282
295
529
544
76
732
117
337
898
29
599
56
411
265
384
733
651
259
68
834
774
268
666
795
28
728
205
416
436
637
672
839
144
827
861
305
822
808
570
464
371
211
917
996
192
753
264
439
200
395
650
871
998
978
731
881
226
208
564
165
843
84
411
1000
310
394
954
239
922
670
275
864
474
238
979
739
183
633
747
989
627
485
93
35
882
633
780
361
674
672
256
84
609
664
249
68
119
477
137
220
44
238
36
233
285
537
141
667
856
794
673
924
840
236
381
534
680
728
790
318
328
572
573
238
581
21
560
830
262
830
189
949
359
336
388
792
962
580
237
788
345
787
732
191
513
581
798
707
649
943
404
689
720
903
939
476
421
125
174
92
597
5
632
205
870
77
837
738
4
858
679
578
471
304
353
492
67
446
107
767
963
26
460
553
503
542
532
200
806
578
626
678
207
427
458
771
395
76
956
232
71
859
57
195
776
444
579
798
381
762
842
24
134
608
572
721
346
369
172
605
98
961
982
474
914
595
585
449
529
750
25
950
132
50
706
835
342
740
811
940
425
750
645
970
730
924
672
168
310
124
575
451
547
902
141
432
382
237
111
578
200
499
470
273
536
208
95
828
281
190
234
974
205
651
763
122
987
201
176
737
309
729
291
206
83
929
15
107
524
185
840
931
173
889
297
107
995
148
202
543
923
591
19
534
416
309
352
711
871
734
663
948
339
601
312
807
141
977
61
513
991
81
764
464
181
775
868
464
410
319
883
669
787
222
144
380
659
977
3
475
377
12
187
264
171
985
375
727
701
390
750
328
704
403
793
146
680
968
439
640
91
588
985
370
569
856
861
727
455
499
275
481
418
110
573
254
767
916
863
882
855
659
105
169
255
729
908
475
162
866
867
454
99
832
245
942
748
150
833
582
83
746
950
214
914
916
62
121
698
435
379
371
660
440
170
472
242
671
640
359
35
643
563
52
874
142
145
192
693
163
859
31
924
911
703
540
647
159
280
463
143
413
946
486
1000
37
288
734
724
248
890
129
491
485
599
318
52
159
773
247
686
44
217
914
389
388
852
800
530
900
474
733
624
971
742
251
997
959
434
21
780
845
999
708
417
272
970
130
574
984
378
466
108
345
83
99
387
276
287
589
500
470
945
56
940
570
390
125
524
186
162
758
836
508
73
407
607
191
460
205
289
337
178
495
245
543
50
915
976
633
853
232
608
56
400
648
545
234
520
181
187
682
600
480
683
107
36
206
550
558
790
329
525
970
881
808
914
478
836
119
80
223
309
328
778
964
649
525
926
231
928
929
938
394
646
465
710
364
346
100
719
780
403
696
985
527
173
699
732
768
1
644
157
166
8
496
247
411
218
229
748
447
544
296
62
636
743
780
229
714
544
522
801
957
774
439
928
470
602
925
641
472
782
838
969
721
739
255
871
474
533
294
139
261
330
255
811
659
671
257
320
725
277
50
294
851
608
101
386
45
905
630
190
778
976
900
723
811
74
29
75
511
384
92
901
681
630
947
281
556
720
976
382
562
230
132
505
532
750
170
368
857
267
302
53
110
670
951
496
184
69
511
783
8
771
792
383
882
78
849
835
337
479
217
765
16
324
124
726
661
144
175
375
828
720
24
399
842
26
378
721
724
67
937
605
377
401
718
275
925
371
350
423
256
533
605
642
439
949
154
566
369
403
667
573
623
980
282
614
322
601
987
978
739
987
13
280
522
526
549
526
7
593
912
842
408
812
596
808
92
842
907
430
742
114
674
640
406
844
818
767
545
401
25
565
489
654
647
183
745
388
780
285
50
706
774
108
184
141
964
38
342
484
994
26
715
172
284
446
906
214
174
766
421
531
789
632
796
775
457
841
164
201
831
264
224
296
884
201
360
379
581
793
915
273
696
509
99
307
916
49
850
497
964
567
942
996
707
841
856
565
824
968
447
966
110
492
756
541
383
709
667
839
974
604
933
379
511
979
116
219
87
781
859
659
795
849
327
337
552
872
832
202
652
104
411
367
885
330
935
788
956
862
404
138
766
792
893
633
314
19
714
696
495
981
658
708
74
641
803
889
860
928
34
60
839
29
8
906
146
917
456
377
945
897
954
250
737
487
907
508
217
933
722
392
910
822
53
551
173
73
697
876
664
563
371
57
358
269
396
734
294
764
857
939
330
341
816
200
307
823
16
715
659
618
51
203
887
763
934
656
540
149
947
421
590
89
887
761
679
487
918
128
202
26
240
982
654
919
762
534
887
533
391
740
796
145
789
546
404
10
814
607
270
920
278
801
848
930
66
799
411
674
681
383
460
209
12
232
315
324
62
27
237
170
570
364
335
338
385
898
410
675
172
822
706
393
860
170
38
312
717
102
126
752
602
168
768
747
104
144
542
287
923
867
973
786
295
255
154
262
429
18
696
446
239
230
211
706
242
962
474
891
930
595
886
762
337
274
379
223
686
40
80
844
173
313
820
210
510
979
442
68
999
561
549
435
1
194
771
237
526
159
92
323
614
920
412
664
19
929
422
819
141
910
742
286
843
408
689
708
779
782
580
556
936
32
678
858
60
279
8
544
751
259
387
971
545
482
409
179
120
634
632
773
683
737
345
391
600
476
680
18
861
996
122
937
208
112
719
29
534
776
228
879
191
869
765
341
429
519
583
365
172
867
993
942
964
950
319
677
159
513
736
191
589
654
322
561
432
632
713
529
374
549
374
966
407
277
332
237
590
127
851
798
445
642
586
890
149
590
814
296
445
572
443
708
726
7
720
293
227
954
781
668
271
583
535
134
553
293
177
968
843
120
779
823
295
593
562
28
185
628
585
171
47
959
67
246
27
948
980
171
30
932
481
42
814
30
813
730
260
579
645
1
469
139
448
629
141
181
59
227
249
681
778
874
733
328
79
467
21
712
82
902
485
789
172
883
414
115
54
783
445
147
364
904
928
882
297
435
5
805
433
451
585
504
537
151
615
112
297
101
76
950
963
927
178
933
94
669
22
413
458
512
217
952
526
435
701
266
964
40
758
435
578
255
500
100
670
473
182
542
130
11
160
680
484
573
445
709
900
144
221
297
638
39
635
701
778
88
21
549
698
24
307
795
612
156
8
420
286
214
885
368
892
512
721
319
305
917
625
26
421
226
254
110
75
854
148
587
522
770
455
455
335
355
151
395
396
304
828
976
161
451
425
142
673
340
160
979
593
777
871
234
978
121
721
61
423
878
137
33
15
623
889
185
272
662
196
863
18
641
345
322
44
522
159
870
381
448
622
294
137
395
792
658
753
998
492
468
289
809
118
389
273
471
767
235
542
511
350
673
505
141
829
822
496
865
347
890
779
631
7
602
126
694
368
433
367
925
603
420
693
25
975
564
365
412
90
775
843
207
424
841
234
515
437
422
355
600
525
507
536
145
143
715
849
995
349
110
951
781
337
711
367
176
687
462
930
368
894
152
792
347
166
634
276
315
193
686
307
457
37
662
292
797
141
150
602
339
49
302
745
238
183
950
471
639
95
788
182
868
7
736
310
105
547
772
593
706
856
71
242
872
460
163
564
776
484
169
317
278
751
911
349
574
226
743
691
27
805
359
569
771
740
200
225
298
501
709
429
270
98
927
36
816
281
444
64
881
658
947
327
593
30
584
73
144
463
54
523
235
458
131
299
975
526
834
159
531
502
174
566
872
846
513
673
690
771
726
891
565
762
723
497
475
494
6
357
157
412
693
660
315
570
340
682
424
402
903
198
537
446
639
429
552
725
238
615
9
919
527
212
399
320
862
170
524
336
31
192
354
996
709
193
304
404
183
582
828
800
57
376
126
916
296
994
959
153
31
147
545
860
702
363
995
495
251
574
427
843
695
859
123
484
922
134
881
937
635
339
670
508
966
567
955
844
506
331
238
77
992
270
740
825
388
220
16
165
729
304
464
566
104
909
912
553
4
623
688
603
591
809
756
43
422
273
931
689
557
827
874
880
875
669
303
421
769
459
57
251
387
809
425
306
982
688
969
187
319
387
209
969
204
767
694
635
152
57
694
688
422
969
22
976
372
894
210
274
67
588
978
435
116
509
639
238
503
281
683
151
911
27
47
84
116
488
806
356
907
37
414
251
549
885
500
9
758
509
413
822
622
335
833
666
394
342
92
221
74
504
736
825
237
795
535
723
363
831
132
525
50
873
586
642
960
88
840
799
874
37
845
652
984
614
191
818
603
498
54
525
796
307
152
942
323
526
430
695
760
810
504
764
25
684
108
531
412
921
74
262
583
294
159
289
714
571
934
536
828
9
302
116
36
728
168
964
47
932
476
133
656
279
637
616
621
241
691
727
945
920
709
265
164
691
441
299
262
968
297
674
431
71
706
115
312
599
764
641
354
868
724
443
322
917
520
227
106
779
830
234
896
125
65
96
577
941
845
574
854
684
917
620
897
255
653
234
33
447
99
894
97
650
517
28
171
874
68
603
109
386
91
466
164
871
772
532
637
193
595
324
402
594
751
695
549
954
947
584
39
886
57
293
362
619
732
366
909
165
884
759
84
911
838
442
424
52
482
649
183
62
81
253
350
323
276
286
179
355
390
304
390
747
143
373
120
784
84
178
989
717
443
727
357
