2
1
1
2
1
1
3
4
1
2
122
2
1
2
1
1
1
219
1
1
2
1
13
5
174
1
1
7
22
32
1
1
2
7
4
14
17
1
1
1
5
2
4
1
1
1
30
1
3
1
3
1
4
2
1
5
11
83
1
2
6
69
1
10
1
9
7
25
2
5
1
4
4
1
2
2
1
2
36
3
1
1
3
2
1
2
1
2
1
45
1
13
3
13
1
2
1
2
368
1
2
4
6
1
2
4
1
8
1
8
3
2
6
1
4
1
13
2
1
2
1
1
364
3
1
166
11
1
1
7
1
404
1
124
8
2
1
1
3
2
3
1
1
5
1
1
4
3
1
7
3
1
1
1
4
5
3
188
2
1
3
1
1
1
30
3
2
18
12
1
15
4
286
1
1
2
13
5
1
4
4
28
91
3
2
2
3
1
1
1
1
17
2
120
1
12
2
8
3
4
35
5
1
4
1
1
1
1
1
1
1
2
61
17
3
102
3
3
1
13
20
93
5
3
1
42
3
20
1
1
1
12
2
2
3
1
1
1
1
1
2
273
1
1
4
1
16
1
2
4
36
1
2
8
2
1
26
1
1
5
1
1
5
3
42
2
1
1
1
1
1
395
6
2
55
4
1
1
268
249
67
6
1
1
1
3
7
29
3
5
2
151
1
106
1
2
9
1
15
266
10
3
1
2
2
1
1
3
2
1
2
1
1
2
1
126
22
1
324
93
1
1
20
1
5
7
1
5
41
1
5
1
39
1
1
1
6
78
3
38
30
6
2
33
6
3
1
1
38
3
1
1
18
1
3
1
1
2
2
1
1
3
4
20
6
1
5
18
4
1
4
2
1
71
4
4
5
1
1
5
2
5
1
1
1
4
3
1
3
1
1
1
8
2
8
1
1
27
1
201
1
12
1
2
1
1
4
1
1
2
2
1
1
1
1
1
2
1
68
100
2
1
1
1
4
59
7
2
5
2
55
30
1
1
1
129
64
3
1
1
47
5
1
1
1
14
1
38
1
56
1
60
1
4
1
1
1
1
2
1
1
4
11
54
1
1
6
3
4
1
2
2
4
4
1
4
5
2
1
5
2
31
9
3
4
1
6
1
3
2
6
1
2
1
20
2
1
16
54
3
2
1
8
58
35
1
1
5
7
1
1
2
1
1
1
93
1
4
14
17
3
1
1
1
1
1
4
4
2
2
1
2
3
1
10
39
5
366
1
1
1
2
7
1
410
5
7
1
45
2
35
14
60
61
2
4
1
2
1
1
57
10
1
14
2
1
2
1
13
1
5
1
6
4
4
10
1
1
2
16
1
1
1
2
1
13
124
3
2
1
15
2
3
9
3
11
128
1
2
27
16
2
4
112
11
9
3
4
39
1
2
1
5
3
1
25
7
1
1
149
1
2
1
1
7
1
1
4
3
1
487
1
6
16
1
1
56
10
1
2
1
1
1
10
1
2
1
8
7
1
1
2
1
28
1
1
19
13
1
3
6
2
1
36
1
2
1
1
5
1
1
1
1
1
8
1
6
1
2
1
10
2
1
1
3
1
10
1
1
1
3
1
146
3
1
3
2
2
70
1
2
1
2
5
1
1
2
1
3
4
1
1
1
1
1
1
1
1
2
1
2
1
2
1
1
1
1
1
4
2
6
348
1
449
2
2
1
19
3
1
1
1
25
2
1
3
4
12
1
3
5
2
1
4
2
10
3
15
1
1
2
5
5
51
17
2
1
14
2
1
1
1
3
1
3
1
475
1
25
37
1
1
145
9
1
1
1
2
191
2
15
11
2
2
5
3
1
31
1
2
19
3
1
390
1
2
24
1
3
1
30
1
12
1
1
3
1
1
1
1
7
1
1
1
1
2
1
1
2
1
1
2
1
42
1
1
1
76
1
3
1
1
1
4
98
2
4
1
1
2
1
1
1
15
30
1
1
2
1
160
48
3
3
295
17
16
1
3
3
1
1
2
7
6
2
25
16
1
12
1
1
3
1
5
1
32
2
1
16
3
1
3
2
5
17
2
1
2
385
1
1
3
26
94
1
1
2
24
8
1
29
3
3
2
11
1
1
3
7
3
1
1
2
17
3
1
9
5
4
1
17
20
5
2
1
1
454
1
7
50
2
1
2
2
1
23
1
1
5
1
5
1
1
2
6
3
2
2
54
3
81
2
14
1
18
1
65
1
1
1
1
1
70
9
3
2
9
124
1
1
1
1
1
1
1
3
2
7
16
1
18
26
1
2
362
1
5
1
1
2
1
1
40
127
4
1
1
1
4
1
22
2
10
8
2
2
9
18
1
1
58
1
10
2
1
1
1
2
2
2
51
1
2
1
15
33
15
17
6
1
5
60
1
9
9
2
16
1
2
6
4
31
5
3
1
38
2
2
11
8
1
1
5
26
1
24
1
2
11
3
36
74
1
4
1
1
165
2
1
1
5
1
9
1
1
5
7
3
3
2
72
39
1
1
2
1
2
1
2
1
108
10
3
8
2
2
1
1
1
2
1
53
417
26
3
3
2
1
3
13
1
2
1
99
331
130
312
5
2
9
16
52
28
3
56
6
43
1
229
1
5
1
1
316
2
13
1
1
1
66
1
1
9
1
1
35
1
3
1
174
3
84
2
3
1
1
20
7
1
4
4
27
11
6
2
3
34
1
61
45
6
1
1
1
28
3
1
1
412
2
5
3
1
1
24
4
3
1
1
1
1
2
4
2
2
7
1
2
13
7
1
1
1
1
6
53
88
2
10
1
97
1
1
7
1
2
3
5
8
5
83
1
2
2
12
2
8
9
4
19
1
3
1
1
2
28
66
1
1
5
3
1
4
1
1
2
3
61
2
4
2
1
106
1
170
3
3
1
2
3
46
1
1
6
1
1
3
16
2
1
1
2
1
2
1
6
41
2
3
1
3
4
1
29
1
1
4
4
1
1
50
1
142
1
4
2
2
4
1
1
1
2
10
1
1
1
7
1
1
1
65
1
2
4
6
1
2
3
1
19
3
2
1
1
1
9
1
1
8
2
3
8
1
1
4
3
5
2
15
7
1
1
3
1
4
1
134
7
8
1
7
1
1
4
1
23
5
19
6
1
7
1
20
1
29
268
2
38
3
3
1
6
2
1
7
2
2
5
8
40
25
18
4
1
1
25
2
1
11
1
25
5
11
247
1
8
2
1
6
24
4
1
1
4
56
1
9
1
2
6
1
10
174
2
1
2
1
6
5
36
1
6
1
1
1
2
19
1
1
12
8
2
1
1
27
2
32
1
2
2
1
104
3
2
117
11
1
3
1
1
2
21
1
1
4
5
1
1
1
1
115
1
1
2
1
7
61
2
4
2
1
1
1
1
4
49
10
1
1
8
1
3
1
5
2
2
1
1
1
1
1
4
1
73
4
3
1
1
2
1
2
1
1
4
14
1
2
1
15
1
3
32
1
29
1
1
8
5
13
2
1
2
1
1
3
2
4
1
2
15
10
1
1
43
3
16
1
7
1
1
2
2
1
2
1
1
1
108
2
15
60
11
16
1
3
47
8
1
2
202
1
3
17
8
6
2
32
3
1
25
1
1
22
1
2
1
1
4
1
2
9
1
2
1
1
5
2
1
19
1
3
1
2
29
12
2
1
1
2
1
1
3
1
1
17
72
1
1
6
2
1
1
1
1
1
1
10
4
51
1
1
1
1
3
2
33
1
2
1
2
1
2
5
1
3
17
13
1
1
1
6
1
1
1
61
1
2
2
3
163
36
1
1
3
1
2
45
2
5
1
4
1
329
1
2
477
1
1
2
1
1
1
3
1
1
1
5
8
35
1
6
164
4
110
2
232
1
6
4
10
10
1
2
16
15
1
1
1
1
1
3
1
1
2
1
4
1
1
1
1
1
1
1
1
1
3
2
10
26
10
14
5
9
4
19
28
32
75
6
2
7
1
1
2
4
41
1
2
4
1
1
1
2
14
1
5
7
1
1
9
1
37
12
302
6
1
128
8
1
1
33
2
3
2
5
11
2
1
32
15
1
2
6
1
124
6
1
42
1
29
177
14
6
3
1
19
42
1
1
3
2
1
1
41
1
278
1
2
2
2
1
3
1
26
1
1
9
1
1
1
117
2
1
4
1
257
1
3
14
1
1
1
2
1
1
4
125
1
1
4
1
5
1
2
3
1
1
3
1
39
1
1
1
1
1
1
3
1
11
3
2
17
1
1
1
1
153
1
1
4
4
1
1
66
2
5
3
2
27
1
3
1
2
1
111
3
1
6
2
3
3
25
14
2
4
2
7
40
3
2
3
8
1
5
1
3
14
1
432
1
2
2
10
1
6
5
12
1
2
1
3
3
26
1
13
1
1
6
3
2
13
1
2
1
1
4
1
1
1
13
1
1
44
1
87
2
1
2
1
379
3
10
8
5
2
1
1
6
1
4
1
2
1
1
29
5
181
7
2
165
1
1
1
467
1
3
1
2
4
58
8
18
1
1
1
1
39
26
1
3
1
1
2
1
1
1
37
2
9
1
10
1
4
142
5
8
119
1
1
1
3
5
1
1
3
2
14
1
2
2
13
377
1
1
28
1
1
2
1
43
1
2
1
4
16
6
2
72
4
1
1
1
1
1
1
1
77
1
2
1
7
1
494
93
2
1
3
1
4
1
9
1
1
2
6
9
1
27
12
1
2
7
2
5
1
1
49
2
1
3
4
5
158
1
1
34
1
1
2
1
24
1
5
1
4
26
1
247
1
1
1
2
3
1
334
2
1
5
1
3
1
1
4
3
1
1
13
1
2
1
20
10
10
4
10
52
5
133
2
3
2
1
1
308
5
2
1
2
1
12
1
27
2
1
31
1
1
2
1
15
3
6
3
1
3
2
6
1
1
1
1
21
105
25
2
241
5
53
1
2
1
1
1
37
1
145
4
1
2
15
1
1
2
1
12
19
7
4
1
2
1
1
3
1
2
15
1
36
1
1
5
13
2
8
2
1
1
3
1
2
7
1
1
1
1
28
1
1
2
1
2
1
230
1
1
3
2
2
1
95
1
4
1
1
96
2
1
3
1
1
1
18
1
18
1
1
1
63
5
5
5
2
27
1
11
106
4
10
2
4
27
2
1
1
1
18
6
3
1
1
1
1
31
51
1
1
1
197
133
1
1
1
1
5
1
2
3
3
22
294
2
1
3
1
2
2
1
1
12
1
1
4
1
58
9
1
5
1
163
3
1
2
199
343
111
20
2
1
7
12
2
2
1
1
1
1
1
6
5
1
3
1
4
1
4
174
8
22
1
2
5
5
24
12
3
1
1
1
2
2
109
2
2
1
1
1
4
9
38
2
24
1
11
1
156
1
38
1
1
13
1
4
7
3
2
2
5
1
25
2
49
1
2
2
3
3
1
20
17
180
1
2
1
6
111
1
1
1
1
1
1
263
2
1
1
1
1
1
1
3
1
2
19
168
118
1
1
4
38
1
5
8
1
1
1
1
30
12
5
1
36
71
2
2
2
2
6
24
35
1
1
3
1
1
1
70
1
8
4
2
9
2
1
3
1
3
1
73
8
18
1
1
1
30
436
1
1
1
1
1
1
49
3
2
1
1
369
1
2
1
28
1
4
1
1
1
1
8
4
3
2
20
2
1
9
16
1
1
1
1
1
1
1
6
1
3
4
1
1
2
194
171
39
12
6
3
2
3
1
2
1
2
3
1
1
9
1
160
153
1
1
3
2
25
3
22
2
20
3
1
2
10
4
1
1
2
116
72
2
7
2
1
2
2
26
1
1
2
2
1
1
12
11
51
129
1
2
1
3
1
2
1
41
2
21
36
1
1
1
1
25
1
3
1
2
40
3
11
14
1
1
2
1
1
1
2
31
1
17
1
1
44
3
3
2
3
16
1
2
1
1
1
1
7
1
1
2
5
1
1
1
79
10
2
2
3
2
25
1
1
2
1
1
2
1
3
2
11
23
2
2
3
1
1
4
15
6
1
2
1
2
1
4
64
1
1
10
2
166
106
1
1
11
1
10
11
8
1
2
5
258
3
21
14
1
1
1
9
7
1
25
1
1
72
1
18
1
1
9
1
1
3
1
63
2
4
95
1
7
2
3
8
284
9
1
3
67
1
2
1
1
3
1
15
38
9
295
7
1
2
22
29
8
5
1
1
1
1
2
1
218
18
2
1
1
3
2
17
1
43
213
5
1
1
2
1
5
9
4
1
12
1
3
2
7
1
2
6
1
2
1
227
11
1
1
1
53
7
9
64
9
1
1
1
2
2
1
443
23
110
64
3
3
130
16
2
1
4
112
1
1
3
1
8
1
1
1
14
1
85
1
1
1
6
3
23
1
5
1
1
3
33
3
12
21
6
1
1
1
1
2
7
3
4
6
1
101
7
5
1
2
2
3
2
1
1
12
1
3
3
24
30
16
7
1
1
1
3
11
2
69
2
5
1
4
2
3
1
25
1
1
1
3
30
1
18
12
108
4
14
11
2
11
1
1
2
1
5
1
26
33
3
1
5
1
16
45
5
4
1
2
5
2
1
1
15
1
2
1
1
279
10
217
2
13
8
3
3
1
2
1
7
1
2
449
4
7
12
1
109
201
6
1
1
1
7
1
1
1
226
1
2
54
4
1
50
6
1
1
14
1
7
1
1
1
420
2
2
3
1
1
3
1
5
10
2
51
1
1
356
4
4
1
2
10
1
31
1
1
2
15
2
2
2
456
2
336
1
29
1
1
3
1
227
4
38
4
8
1
6
2
4
1
7
20
2
2
1
7
1
1
3
1
3
3
2
2
4
11
1
1
15
6
2
166
1
4
9
2
1
1
1
1
1
1
1
1
5
4
1
3
1
1
2
6
9
8
1
19
6
4
1
1
5
2
4
456
28
36
6
3
1
2
37
5
32
1
3
1
2
12
1
5
15
3
24
2
2
23
4
1
4
1
1
28
3
1
1
4
1
1
3
2
1
2
1
1
154
4
56
40
1
2
24
54
97
1
3
3
3
1
1
2
366
1
1
9
1
44
1
11
68
1
62
6
12
4
9
24
2
1
2
1
14
8
10
1
1
4
2
4
273
3
9
4
1
15
4
7
12
1
2
1
2
3
19
1
1
2
1
392
1
1
10
1
23
25
11
1
28
8
2
101
2
1
1
7
1
1
314
8
1
2
22
2
1
2
273
1
1
1
3
5
42
1
242
3
11
3
26
1
18
1
1
8
9
1
5
1
2
1
1
20
2
8
1
3
1
1
1
34
2
1
1
1
4
6
1
1
2
125
4
345
1
1
31
62
3
2
2
471
4
29
120
1
103
5
1
1
2
3
1
4
1
5
1
1
1
4
1
3
173
57
4
1
1
7
119
3
6
1
1
33
1
6
11
4
1
14
5
2
219
2
1
13
1
7
1
1
8
3
8
5
44
2
13
6
8
18
10
1
97
203
18
2
8
1
7
1
1
1
14
3
442
1
1
1
3
2
1
116
4
1
1
2
1
12
368
1
5
8
3
3
2
1
1
4
1
378
1
1
41
4
1
1
2
1
27
1
34
1
1
7
7
14
5
4
16
1
1
35
135
3
70
1
1
362
1
9
3
1
1
23
177
1
15
5
1
21
1
1
100
14
5
1
10
1
1
2
13
38
457
1
5
1
1
7
1
1
45
2
96
2
7
2
4
265
6
444
11
13
1
1
2
1
13
1
3
1
1
1
9
3
1
2
6
21
5
47
1
4
2
203
1
6
7
5
2
1
1
1
1
1
1
12
1
7
1
1
12
290
68
1
9
10
10
51
1
43
1
1
5
147
1
3
7
3
1
8
1
9
1
1
1
1
1
80
2
1
2
1
81
2
3
1
1
1
1
2
7
26
2
2
13
1
1
3
1
7
16
8
3
3
231
11
1
4
8
9
3
2
55
1
3
7
1
2
1
1
2
1
1
1
1
5
24
1
3
2
2
1
2
4
1
12
4
4
1
61
4
262
43
1
2
1
1
14
14
6
2
1
9
2
8
1
1
3
1
8
1
28
1
1
1
194
5
1
6
1
9
1
1
1
13
1
45
1
3
26
13
4
1
94
1
23
3
10
34
20
1
3
6
1
1
1
2
61
5
1
1
9
1
11
2
1
2
4
60
1
2
2
2
10
14
1
53
2
1
10
2
10
20
3
1
1
6
1
16
328
1
2
2
16
183
14
48
23
2
1
1
286
65
1
1
1
39
17
1
2
15
19
1
68
6
2
11
1
35
8
3
9
116
1
1
1
23
76
1
25
1
1
1
2
1
1
1
6
1
1
2
2
5
1
1
486
1
1
3
54
2
13
56
2
3
5
4
166
6
22
13
1
5
1
1
5
1
4
2
1
2
1
1
1
1
2
4
2
1
1
7
2
5
4
1
16
1
2
5
24
1
1
1
2
16
3
1
23
6
1
2
1
2
1
6
2
1
7
3
2
1
47
3
185
2
5
47
2
1
3
43
4
1
1
1
52
10
1
200
5
31
23
1
1
1
11
5
1
324
2
8
1
4
17
6
80
2
2
19
4
8
18
3
1
1
2
3
1
274
7
3
6
1
6
3
1
8
174
15
1
3
4
2
1
1
2
1
42
8
196
1
114
1
10
1
1
8
1
1
3
1
1
1
4
10
5
30
1
5
2
3
3
3
1
3
1
1
1
3
4
1
3
12
1
1
188
2
4
2
3
1
1
1
1
2
5
64
1
1
1
1
1
2
1
1
5
5
8
11
9
1
2
1
1
1
14
7
9
23
31
4
1
1
2
2
2
1
1
1
1
4
1
5
12
1
1
4
4
1
8
1
2
1
1
1
5
1
20
1
2
1
1
37
2
296
3
1
1
1
18
7
10
3
18
9
8
363
4
1
1
2
3
107
1
1
9
2
6
1
2
15
1
1
1
8
4
2
1
2
6
1
1
1
166
72
2
1
1
2
8
4
36
258
1
1
19
4
1
306
11
6
4
1
1
1
9
8
1
6
4
4
22
1
1
7
2
5
1
1
1
4
1
3
2
4
29
1
1
3
9
4
22
5
46
9
4
1
1
3
1
154
2
2
1
349
1
5
1
1
62
1
2
1
3
156
1
3
3
1
8
3
19
7
6
2
1
3
5
3
408
2
1
1
1
7
1
5
1
15
1
15
1
1
5
3
1
1
4
2
1
1
3
15
5
1
1
1
189
1
33
2
2
313
2
2
6
1
1
1
2
6
2
1
4
1
4
1
1
24
8
2
6
1
9
1
2
3
3
3
18
9
7
1
3
2
1
2
2
16
1
54
2
1
1
4
23
1
1
2
3
7
4
5
2
1
2
8
1
1
1
1
15
5
3
2
1
2
16
1
1
4
27
1
5
6
3
2
1
2
2
84
1
4
249
159
8
2
1
15
2
2
16
2
3
2
42
342
2
1
2
2
3
12
19
5
475
1
1
1
4
35
2
1
2
126
2
2
1
1
303
1
6
7
1
7
1
1
1
30
8
37
1
1
146
1
21
1
1
5
32
6
17
1
28
39
28
4
1
5
1
3
2
222
3
1
1
1
2
1
1
4
17
40
1
1
1
1
57
422
2
2
7
1
2
5
3
1
3
2
2
1
3
1
2
1
1
1
1
9
1
1
6
3
5
3
1
102
1
9
4
1
1
1
46
10
32
2
165
3
4
3
55
1
3
1
15
1
9
2
198
3
1
3
63
1
2
1
1
1
8
4
4
2
1
2
1
8
2
3
9
2
1
1
6
1
2
2
1
1
16
8
4
20
2
2
2
5
2
28
13
231
3
375
4
1
7
110
1
3
3
9
1
1
38
15
1
4
3
3
3
11
30
102
1
1
1
2
13
1
3
2
1
291
130
1
3
1
3
1
124
5
44
1
25
1
168
1
1
1
356
1
2
7
2
32
4
3
128
1
17
2
3
10
79
387
1
1
1
7
3
4
2
56
4
5
2
2
1
64
2
1
1
8
2
235
2
52
1
1
5
1
2
1
1
1
96
2
8
1
2
7
1
1
7
8
1
1
2
2
7
4
1
463
371
3
1
4
18
2
1
1
3
1
1
7
1
43
1
1
37
1
1
3
2
1
1
16
3
1
3
149
1
5
1
2
5
101
8
4
1
62
197
1
1
2
33
2
1
27
1
3
1
18
3
1
4
1
22
1
2
3
12
1
1
1
12
1
8
1
1
4
1
65
1
10
1
13
2
1
1
13
1
1
4
5
1
1
2
1
1
11
70
348
19
1
2
4
29
1
4
4
1
21
1
1
5
1
1
4
22
2
1
3
4
1
3
3
1
9
6
7
1
1
1
11
1
35
1
3
2
1
25
1
75
2
148
1
93
5
2
26
1
1
2
89
2
1
2
1
57
1
8
1
1
7
206
17
15
1
41
119
4
1
1
7
2
1
1
2
1
1
1
1
1
1
2
11
33
2
2
1
1
5
20
3
3
3
2
132
1
1
1
100
10
1
1
3
23
9
23
65
1
1
1
9
5
1
1
2
1
2
1
8
2
59
9
1
18
1
44
3
1
1
2
1
473
1
1
2
4
1
2
2
2
21
3
1
100
24
1
1
2
3
1
3
104
5
89
2
8
2
1
12
3
1
1
1
1
24
5
1
2
3
1
2
4
1
1
1
5
1
2
3
3
1
5
2
1
1
6
1
6
2
8
1
1
42
17
5
6
1
5
1
54
3
2
1
201
2
2
27
1
2
8
1
172
1
12
2
2
1
257
8
6
1
178
1
3
1
1
1
5
4
1
1
2
55
9
2
5
1
1
2
1
12
1
72
1
1
1
314
52
1
10
34
1
2
1
1
1
1
1
1
1
10
1
2
2
1
1
103
19
15
1
9
1
141
1
1
1
61
2
290
31
1
2
2
3
2
3
1
1
4
4
5
2
1
9
7
2
1
7
42
3
2
5
10
1
1
16
1
1
1
27
1
1
1
1
1
1
59
2
1
84
2
6
1
4
33
1
4
1
1
12
5
1
2
1
4
1
1
1
5
1
10
1
1
1
1
1
1
29
1
6
13
3
1
4
2
2
8
1
1
479
1
1
4
14
3
47
1
8
1
1
30
28
3
13
1
240
6
3
3
3
1
2
5
12
3
400
2
1
1
31
1
1
2
2
1
6
2
1
2
3
3
3
9
2
15
15
1
3
5
43
1
1
5
3
1
1
29
9
4
3
1
2
3
1
9
38
64
1
1
9
1
36
1
1
1
28
37
24
52
3
307
1
1
26
3
10
1
5
3
3
2
8
461
1
1
33
1
6
12
8
1
67
1
5
1
3
1
38
1
1
19
1
1
1
1
1
6
38
110
1
1
3
1
4
2
29
13
1
1
12
5
17
21
1
2
2
1
3
1
1
3
2
1
1
1
6
2
182
31
50
40
8
98
11
3
1
1
1
4
2
2
1
2
33
1
9
254
1
2
12
1
1
1
2
13
291
1
2
2
3
6
1
25
11
1
1
17
17
1
250
39
7
1
1
10
1
2
4
2
10
3
5
1
10
1
7
1
18
1
1
23
2
53
4
6
1
1
80
11
1
1
11
146
1
1
1
1
1
1
2
1
39
1
9
2
1
1
2
1
1
2
1
93
1
23
3
1
1
1
8
11
49
6
1
10
1
2
1
1
1
1
1
1
2
1
6
1
1
2
1
1
36
10
18
3
14
8
5
1
31
1
2
2
2
1
1
2
2
1
1
3
1
3
1
2
2
3
12
1
4
2
121
1
1
1
1
4
1
109
2
1
6
1
1
1
2
1
3
1
3
3
6
50
18
29
3
4
7
75
16
1
2
3
9
7
9
1
2
2
24
61
1
1
4
2
2
2
2
9
1
1
2
32
1
1
1
1
26
1
1
1
2
1
6
4
39
1
1
2
93
1
105
12
1
2
2
1
2
395
3
1
24
3
1
1
26
2
13
1
3
1
1
3
7
7
2
32
1
1
2
1
5
9
16
11
1
5
182
1
1
2
1
1
1
36
8
2
3
2
1
2
6
11
1
1
39
3
3
99
3
1
1
291
7
1
109
1
26
2
4
12
297
2
1
4
22
2
2
1
2
1
11
12
2
2
2
7
2
2
42
4
4
1
9
8
1
2
1
8
129
2
51
1
326
2
1
29
1
2
20
2
15
2
1
3
4
19
4
1
1
18
4
1
2
1
209
5
1
1
13
6
2
2
9
2
2
4
105
1
1
1
2
3
108
1
33
3
1
4
12
17
2
6
2
20
1
2
2
3
1
3
7
1
1
8
5
190
2
1
1
2
2
3
1
2
30
1
22
95
8
8
4
59
13
1
16
4
1
2
1
171
2
1
1
1
2
97
1
263
1
3
3
37
4
8
6
6
20
3
1
1
1
1
3
1
1
1
1
3
1
1
1
1
23
1
5
4
1
11
28
1
122
64
13
27
2
21
1
1
17
1
1
3
5
3
9
1
23
1
1
1
1
184
1
1
4
1
4
1
1
4
1
1
4
1
1
2
10
1
8
1
7
1
1
1
20
10
1
1
9
3
1
1
1
1
12
1
62
5
1
2
2
1
1
3
3
2
10
2
4
2
1
5
1
1
1
9
19
1
58
1
1
4
1
1
8
24
7
1
5
2
53
5
2
1
4
1
2
1
12
2
15
1
62
2
1
1
1
20
1
32
1
4
2
3
5
1
1
15
5
1
2
1
8
27
7
7
1
3
1
7
1
1
26
1
2
2
29
90
1
1
1
8
2
1
4
1
33
3
2
1
3
10
1
1
1
1
1
3
1
3
3
2
3
1
2
75
1
66
46
30
1
2
2
2
1
217
256
1
1
6
1
1
1
1
57
2
2
95
1
10
4
293
1
1
1
3
2
2
1
2
1
5
3
2
1
1
495
1
2
209
5
2
6
3
2
1
1
2
4
21
4
1
316
1
10
4
1
1
1
6
1
7
3
100
21
2
1
13
19
1
1
1
1
1
12
8
2
91
1
1
1
5
3
97
16
13
1
1
1
74
1
1
1
47
1
5
49
4
2
5
1
1
404
3
1
4
7
1
3
8
177
1
291
1
12
3
1
6
1
36
1
8
1
1
1
8
2
1
1
2
1
1
1
29
1
2
2
38
2
1
1
1
1
1
1
28
1
4
1
1
1
1
1
14
1
3
4
1
1
8
4
5
1
1
5
2
3
2
1
1
1
224
1
1
4
4
1
22
1
325
1
1
5
9
151
1
3
1
1
9
17
1
5
1
1
102
2
11
1
1
3
1
1
96
14
1
2
16
30
1
1
6
7
1
1
2
7
1
2
2
3
5
209
1
3
95
1
14
21
1
1
7
14
1
1
3
5
13
1
1
12
33
4
2
7
1
13
1
1
1
6
1
1
3
1
3
1
52
1
20
1
2
1
1
1
9
1
3
16
3
3
1
10
1
7
1
1
1
1
20
2
34
5
57
10
2
10
1
86
2
1
3
2
5
3
3
1
1
334
29
1
154
1
1
6
4
8
2
6
240
6
2
1
1
3
1
1
1
1
6
16
32
11
4
1
1
1
3
1
37
4
9
1
4
1
26
6
1
2
1
1
8
4
1
3
2
1
62
1
3
4
1
2
1
2
2
1
7
9
9
8
3
209
11
3
2
2
201
1
2
1
11
1
1
14
27
2
2
8
5
3
3
1
7
1
1
40
23
1
20
6
5
4
4
2
2
46
1
7
231
5
13
244
6
1
1
2
1
29
3
1
1
10
60
5
97
1
4
13
2
71
1
212
5
4
1
6
128
7
1
1
6
4
22
33
2
5
8
1
1
4
13
76
1
2
1
42
1
10
1
1
11
1
254
3
1
4
2
131
3
1
19
1
24
11
1
1
13
15
26
1
5
10
6
6
1
4
1
2
1
1
1
7
12
2
4
1
81
132
4
4
180
1
1
7
3
12
1
1
1
9
1
2
1
27
86
1
6
1
1
3
27
6
1
7
5
3
3
13
169
9
1
1
1
152
1
1
2
10
1
17
5
4
2
1
1
30
19
6
18
1
4
6
1
1
7
1
2
1
4
21
1
4
3
2
10
14
1
1
30
5
3
6
2
3
23
4
1
1
1
8
5
7
1
2
1
1
2
6
3
1
1
1
1
1
2
13
1
2
17
3
1
40
7
1
2
7
1
2
2
33
3
1
10
1
1
1
64
1
28
1
113
2
2
1
1
1
27
3
5
98
1
4
1
1
2
1
1
3
3
1
2
7
1
13
1
1
2
3
24
92
5
5
1
21
3
8
1
5
1
2
81
2
1
1
4
1
2
1
5
1
5
1
1
1
10
2
42
3
1
9
1
1
1
23
1
387
1
1
160
1
133
5
3
1
72
11
48
2
1
5
1
1
458
2
2
1
3
1
1
4
3
3
1
2
6
1
1
5
4
1
2
7
1
2
28
2
2
15
1
10
1
6
1
199
1
15
2
2
3
1
2
7
17
1
2
1
1
1
2
4
32
1
3
1
6
13
1
1
469
8
1
7
1
1
1
12
1
26
99
18
24
1
14
1
2
1
38
56
143
1
11
1
7
2
2
142
1
6
1
1
2
5
25
1
3
13
28
3
1
1
1
9
3
4
9
1
1
5
71
2
121
29
1
128
116
20
73
8
1
2
2
8
1
1
92
15
1
3
1
1
1
3
2
3
51
48
1
8
1
11
1
3
60
4
2
1
2
1
1
1
2
7
1
2
2
14
3
18
1
1
5
13
1
1
4
1
3
2
22
1
7
1
4
9
2
1
4
2
184
3
23
1
9
229
2
1
24
1
5
181
13
6
5
1
17
89
6
7
3
1
2
1
1
191
1
2
2
2
26
1
1
1
4
1
15
2
1
4
16
1
2
1
4
2
2
1
5
1
1
1
1
1
1
2
2
1
4
7
4
1
1
56
8
1
1
1
23
1
6
1
1
59
1
3
1
1
2
13
1
1
1
1
1
6
6
1
2
4
2
3
1
2
9
1
1
2
7
1
1
1
4
2
3
5
2
1
2
53
1
12
6
4
4
62
1
11
1
1
110
1
12
1
1
1
1
1
13
1
115
11
1
2
8
3
1
2
1
4
1
3
5
1
1
1
10
15
83
7
1
1
1
1
16
4
3
7
2
1
7
4
3
1
1
1
4
5
10
2
3
22
43
10
1
3
72
1
19
1
2
12
1
1
5
2
1
2
1
1
1
52
1
6
1
5
1
1
275
1
2
3
1
14
1
1
8
8
1
4
1
1
1
1
7
3
1
20
1
1
6
4
9
18
1
1
75
2
4
4
1
1
1
18
39
1
34
35
354
8
9
2
3
54
54
2
2
1
2
12
1
17
4
1
1
2
114
1
4
2
5
5
6
3
1
2
1
1
280
80
1
9
1
1
3
1
1
1
3
1
25
23
3
37
33
1
65
1
1
3
17
13
2
3
10
2
8
1
1
26
3
1
1
1
1
1
1
1
200
2
78
15
1
2
2
3
2
4
1
1
1
3
21
2
10
3
139
3
1
1
2
35
14
2
3
1
18
5
1
43
2
7
1
10
1
4
2
4
6
1
1
3
1
1
21
7
23
1
10
6
7
3
79
3
1
4
6
1
1
249
46
93
431
9
2
9
1
1
10
2
1
15
1
5
1
1
9
1
7
3
5
1
3
1
11
1
5
1
1
6
1
14
2
1
1
1
54
1
89
1
22
1
25
5
1
1
4
12
3
1
2
2
1
2
5
13
13
7
6
1
1
20
1
1
7
3
24
4
1
25
1
2
1
12
1
1
250
7
2
11
200
2
1
14
1
3
185
1
1
2
12
3
69
1
1
8
1
1
2
1
1
4
1
1
12
1
92
339
89
32
8
1
2
4
24
1
1
1
1
1
1
1
1
1
1
1
1
1
310
1
2
7
4
7
1
55
5
3
2
121
2
3
1
3
1
211
1
2
7
1
2
3
7
1
17
1
2
1
35
15
1
2
2
2
1
4
447
14
1
1
19
3
5
25
1
6
1
17
13
1
3
36
127
31
378
1
2
1
1
187
41
40
1
1
12
38
1
18
112
168
2
1
3
1
1
5
2
4
1
37
1
3
2
1
11
8
1
1
7
3
3
8
1
16
1
12
1
9
1
1
15
1
1
1
3
5
1
1
34
2
6
6
2
1
2
1
6
7
1
5
67
5
23
3
2
27
1
1
6
1
8
1
1
3
1
14
11
2
8
22
4
11
1
1
53
1
1
6
1
2
1
14
1
7
23
39
1
8
2
23
2
1
10
16
3
32
1
1
7
71
2
1
3
2
13
1
1
1
5
1
25
1
6
1
4
2
1
7
1
1
1
1
38
2
1
3
1
283
2
2
24
9
1
8
98
7
2
16
4
13
1
1
1
8
1
3
8
2
2
1
11
201
1
1
1
3
15
26
21
4
4
2
2
8
20
1
2
2
1
3
2
1
1
82
1
64
1
68
3
1
53
11
1
16
22
1
1
57
1
2
2
1
13
1
2
2
3
15
9
1
30
9
1
8
12
2
1
28
1
12
31
2
1
6
2
2
1
4
146
18
1
3
1
2
37
1
18
1
146
4
12
2
1
1
5
1
2
1
2
1
2
1
4
46
26
68
6
1
7
2
11
64
2
3
2
13
92
1
1
303
1
1
1
6
3
1
1
2
1
1
1
23
5
74
1
1
2
22
2
49
2
22
1
67
1
2
11
2
27
1
1
1
2
1
148
1
1
1
1
59
1
1
1
1
50
5
1
1
1
40
22
1
6
5
1
3
13
9
19
46
4
4
2
2
2
8
3
23
1
1
5
1
1
29
1
22
1
3
3
23
3
42
2
1
26
13
3
2
81
1
1
4
1
1
2
4
332
2
76
1
3
14
1
1
1
1
1
3
1
3
1
1
1
2
38
16
2
2
1
1
45
3
4
25
8
1
1
12
1
9
1
1
5
1
1
21
1
1
4
1
1
2
2
1
9
2
7
1
1
1
1
41
23
145
31
64
1
214
3
3
1
1
1
6
1
1
2
4
2
1
3
12
1
1
2
3
3
21
2
12
1
3
16
1
2
1
2
1
3
1
3
3
1
4
1
10
8
1
77
116
13
3
81
1
1
7
377
1
12
84
1
1
51
7
5
5
1
1
11
2
4
1
1
1
4
25
3
2
30
30
1
5
9
4
13
18
2
2
3
1
1
1
4
28
1
15
4
1
1
4
1
1
1
1
2
348
1
19
1
1
1
2
1
1
5
172
1
1
1
9
1
4
25
7
4
8
40
82
3
1
1
1
1
2
2
27
28
9
4
16
3
109
2
6
77
8
39
29
3
1
1
213
2
2
2
1
4
3
14
6
1
1
2
1
1
1
5
1
1
9
1
65
4
5
16
2
1
14
1
2
1
4
6
24
1
1
159
8
1
1
10
1
1
16
1
1
1
3
2
1
233
1
60
25
4
2
2
1
7
1
3
20
1
11
2
3
1
1
1
3
5
1
11
5
1
28
5
1
8
2
3
1
2
18
2
110
1
2
1
1
50
6
4
3
2
111
1
13
3
1
2
1
6
43
114
1
1
5
5
9
1
1
1
2
43
1
54
1
5
6
1
1
9
1
1
2
3
9
5
1
1
1
1
1
1
1
62
207
1
1
1
4
3
1
2
49
3
3
1
2
1
1
2
2
1
3
1
1
2
252
3
1
1
1
2
1
1
3
1
12
1
9
34
1
164
1
1
1
2
7
1
5
5
19
1
1
1
2
7
41
9
2
1
1
1
1
1
1
26
6
15
25
2
3
1
6
4
1
1
1
1
1
1
137
1
2
1
1
2
1
6
1
1
2
1
2
2
183
2
2
8
1
1
144
1
2
1
82
1
1
7
127
11
420
28
3
25
96
4
189
2
1
1
10
1
165
1
6
112
4
2
7
1
103
1
2
1
1
1
8
2
51
40
1
12
1
35
1
3
1
1
10
4
5
12
10
1
8
4
1
17
89
4
2
1
1
1
6
1
6
3
1
9
192
15
1
1
2
1
1
19
2
81
1
1
5
4
4
4
26
1
16
9
1
329
226
1
2
2
1
1
9
1
7
1
1
2
1
2
6
1
1
2
8
2
2
3
1
1
2
7
5
1
1
1
2
2
5
2
2
38
1
1
1
2
385
1
3
2
1
1
1
52
1
1
7
1
1
5
19
69
5
2
170
1
6
4
2
47
2
7
3
2
2
1
1
2
4
472
2
6
3
1
1
1
1
345
74
1
1
1
1
14
19
1
12
81
1
1
34
1
68
2
1
1
1
147
1
6
2
1
18
9
1
1
1
2
70
14
1
1
1
3
241
1
1
4
2
307
1
3
1
2
1
40
18
7
2
1
10
1
1
58
2
5
4
1
1
6
1
1
1
2
6
1
3
1
7
2
1
5
6
1
2
112
12
41
1
3
1
1
69
1
3
1
2
4
1
1
3
4
1
1
7
1
28
10
1
6
1
2
1
1
1
1
1
1
1
1
12
1
34
1
3
15
1
6
1
1
13
1
15
3
8
2
1
2
1
1
2
401
9
1
1
1
3
87
1
17
3
157
1
1
2
5
9
1
1
10
1
3
3
1
7
1
1
7
3
1
2
2
2
2
185
2
1
2
3
1
2
1
17
6
1
3
22
1
1
3
3
1
1
3
4
3
57
1
1
2
1
4
1
100
2
5
1
66
2
1
1
7
21
1
6
1
1
62
2
1
1
2
11
2
16
6
408
118
6
1
10
1
1
1
1
2
1
1
1
1
2
16
2
1
2
1
4
2
1
2
1
4
16
5
15
3
27
2
2
1
6
101
37
4
1
1
1
3
1
2
93
2
2
2
9
1
12
1
1
72
1
1
1
26
10
4
4
2
7
1
27
10
12
56
1
1
2
14
4
2
3
1
1
4
1
1
22
3
1
1
5
1
1
6
1
4
1
1
10
1
109
1
2
2
1
1
5
1
33
1
291
2
4
10
2
1
1
1
2
1
5
5
18
1
1
60
1
1
2
2
1
22
1
1
2
1
1
1
7
2
6
482
1
287
1
9
4
1
1
5
1
7
1
2
38
2
4
10
3
1
1
1
1
11
83
66
109
16
1
366
6
1
2
1
12
4
7
22
1
1
1
2
2
1
1
1
1
1
7
1
90
5
147
1
3
324
262
5
1
2
137
45
5
213
2
1
2
1
10
2
104
5
2
1
5
1
5
9
5
1
1
25
47
13
14
10
73
2
21
129
1
22
2
1
3
4
5
3
7
5
5
1
2
8
2
1
6
3
2
10
2
3
12
1
2
37
1
11
13
1
15
1
1
1
3
3
1
1
1
92
1
51
2
2
2
18
2
91
34
1
57
494
1
3
8
138
7
2
1
184
10
1
2
43
212
7
3
1
1
5
1
3
1
2
1
64
1
1
37
41
1
10
1
1
246
36
2
14
1
1
1
2
2
380
1
1
1
5
5
4
69
1
19
3
1
8
3
10
5
31
13
1
1
79
2
41
2
1
24
8
445
211
239
2
2
1
120
254
1
2
1
4
9
2
1
4
92
5
1
1
4
1
8
320
1
3
9
19
2
2
2
162
1
1
7
15
1
26
41
2
1
1
2
1
19
352
2
1
1
49
4
93
1
1
1
1
4
1
1
1
36
1
1
39
1
6
2
1
1
1
1
1
419
8
1
3
2
1
1
1
2
7
1
5
1
7
4
1
7
25
38
11
6
93
1
6
2
3
2
1
14
23
1
1
2
1
15
3
6
257
12
2
6
131
1
9
3
1
3
3
1
1
1
42
1
1
3
1
1
4
1
1
12
68
7
7
1
1
4
2
2
1
1
3
1
9
1
1
4
3
3
29
1
4
418
4
114
4
3
2
17
1
1
15
23
11
2
5
1
14
2
12
2
4
14
2
1
2
3
58
2
1
1
2
9
2
1
1
3
1
1
6
1
1
63
2
11
22
1
14
4
8
1
10
138
2
5
1
12
65
2
48
4
4
10
1
6
11
1
43
4
1
5
3
1
1
3
1
38
15
451
1
6
13
11
6
292
1
2
8
3
1
3
3
2
2
2
31
17
2
6
2
4
1
2
9
2
3
1
16
1
39
2
1
40
3
9
30
7
1
1
10
7
3
6
2
1
2
2
2
10
1
3
2
1
2
1
11
1
2
3
2
2
13
1
9
2
3
1
1
1
13
1
1
1
1
6
7
2
4
111
2
1
4
1
1
4
8
1
7
1
1
5
1
3
18
7
2
9
1
1
8
6
1
31
1
458
4
3
2
7
1
1
1
355
2
433
2
1
1
1
1
7
52
1
2
2
23
4
9
8
10
6
5
44
20
1
1
1
3
98
1
1
1
1
2
9
2
9
18
2
1
3
1
10
1
1
17
34
7
8
12
2
5
2
1
1
44
81
110
2
1
6
1
1
16
1
5
1
2
2
3
5
1
10
2
2
2
22
3
1
3
1
2
1
52
45
4
2
6
2
1
6
3
1
8
9
1
1
3
110
3
1
1
1
114
1
6
1
4
3
1
2
2
7
2
2
445
9
1
2
1
2
15
2
5
3
1
9
15
2
2
1
1
16
55
2
12
5
1
5
4
3
1
38
18
1
21
2
1
1
1
5
23
4
1
1
4
1
10
4
1
1
1
1
3
3
16
2
1
3
1
5
4
1
1
2
2
1
22
1
2
3
22
23
6
1
3
19
4
1
4
4
1
2
11
30
2
3
1
19
1
9
28
2
4
1
1
60
3
1
2
3
23
1
3
1
12
1
1
3
1
2
1
1
11
6
1
1
1
4
11
1
54
5
38
22
1
11
1
1
43
2
2
2
2
1
1
1
5
3
2
1
3
130
1
40
1
63
1
1
26
1
9
2
20
37
3
1
1
3
1
1
16
3
1
1
1
1
1
1
18
5
3
1
1
2
3
1
3
32
2
30
4
1
1
1
29
1
1
1
2
1
1
13
30
1
1
8
13
2
1
35
22
1
11
1
1
3
8
1
23
3
1
1
3
1
4
2
12
5
13
3
11
1
2
2
42
1
1
3
13
27
21
1
1
17
5
1
1
5
2
4
277
2
1
1
3
1
6
383
1
1
1
6
1
328
5
1
4
1
1
31
2
3
1
29
3
3
9
12
36
4
3
56
4
1
1
6
1
406
7
3
1
3
15
7
1
2
1
2
3
1
2
2
34
2
60
1
1
1
1
2
1
2
1
47
3
1
2
1
1
1
9
3
9
15
98
4
1
4
1
3
1
4
1
6
7
1
6
49
2
3
273
1
10
16
17
14
1
4
19
1
1
1
27
2
1
2
1
5
4
1
1
400
2
2
3
2
1
2
5
1
137
3
2
8
4
6
1
1
1
2
1
2
2
11
48
1
1
1
6
3
8
1
3
1
2
1
1
1
2
2
4
2
2
1
2
1
2
1
126
1
413
16
18
4
1
1
7
1
1
9
44
1
70
14
33
3
1
6
7
1
242
3
27
1
1
1
1
1
105
433
4
1
30
1
15
5
4
1
1
7
132
1
9
1
2
1
17
1
1
2
1
1
2
1
3
5
1
1
1
1
62
1
1
2
1
6
16
34
9
21
1
1
5
1
24
1
2
1
26
13
65
1
3
279
36
3
1
204
13
14
1
1
4
1
1
1
1
3
1
2
4
2
1
1
132
13
1
1
42
6
1
6
23
1
77
1
84
3
2
1
4
71
9
1
1
1
2
6
3
123
1
1
1
1
2
1
1
1
1
18
127
2
211
1
8
14
2
1
1
2
1
6
4
1
2
8
1
1
1
1
1
2
2
3
1
1
1
167
1
1
3
4
5
17
2
6
3
2
1
1
281
11
1
1
1
1
2
1
3
3
13
1
3
3
1
2
5
1
1
3
162
2
1
1
4
1
9
1
2
1
6
63
1
1
14
2
3
103
2
3
2
7
2
2
1
1
11
4
94
1
1
1
4
2
1
1
17
60
4
1
2
1
1
4
1
1
2
1
5
11
1
1
1
14
2
1
2
1
4
14
3
1
2
1
1
1
3
1
3
1
31
1
2
2
1
4
1
3
45
7
3
2
1
7
2
1
6
28
1
99
1
7
185
6
96
2
3
2
1
1
23
16
3
136
2
2
2
4
2
1
1
2
1
20
3
2
3
121
1
14
14
2
2
1
3
1
7
61
2
3
2
148
6
1
5
10
6
1
5
1
1
2
19
1
1
6
6
6
19
13
6
6
1
50
1
7
2
8
2
1
2
1
34
1
1
2
13
2
1
5
4
2
1
1
1
3
73
4
3
1
1
2
1
4
6
2
1
1
40
2
3
1
2
1
1
1
1
3
1
1
117
2
3
22
1
2
1
15
1
4
3
82
2
1
1
63
35
5
1
1
31
1
31
1
89
1
97
4
4
44
1
76
2
2
1
1
8
1
5
5
2
65
2
242
1
5
15
9
2
1
1
1
12
4
1
120
4
1
1
1
3
2
2
1
12
1
2
6
2
1
3
3
1
1
9
12
7
2
23
253
1
45
6
2
3
3
2
14
1
204
5
7
4
1
8
1
1
2
1
3
1
1
1
1
1
1
1
1
4
1
6
1
1
1
2
