339
57
1424
8
1288
357
217
1575
1517
801
194
33
1168
1924
6
960
119
3
23
1954
1192
85
95
1818
247
591
1
38
246
831
117
529
2389
792
19
1770
405
1871
85
182
12
5
207
4
69
528
1855
100
72
10
182
126
64
587
1274
268
2
2305
200
1
1890
2148
888
122
821
274
253
2095
553
178
11
62
963
18
1933
23
1574
110
254
139
206
772
21
358
1884
32
561
160
50
54
424
544
147
310
790
25
234
266
66
2385
1151
1
313
1164
322
206
477
1920
1450
1
2057
74
21
275
438
815
337
2455
5
1031
234
220
1519
2376
1427
208
1
304
84
1194
250
291
1116
10
293
30
1
655
950
1
1121
433
1536
129
587
164
275
543
160
108
59
751
173
16
1665
704
4
4
642
15
221
184
825
692
25
14
366
881
165
2
1
312
1020
43
2
38
464
36
310
59
301
74
1610
12
9
188
1979
3
6
48
88
914
15
1
2
838
42
1746
183
1257
351
1887
36
46
12
2477
1471
165
438
807
1184
1893
796
1
3
831
200
12
279
715
112
174
8
1
1191
1231
157
2
290
1850
443
14
1897
26
1337
1555
1018
43
608
2175
11
198
2
10
1354
87
234
68
2107
6
1002
1279
2
1319
1771
16
652
725
2396
15
680
185
1773
1230
68
449
19
1599
430
164
996
2466
359
1785
1175
967
249
172
145
376
1589
1
84
39
210
163
1217
137
86
7
6
24
1629
318
5
544
743
5
1320
10
9
2263
684
6
2031
1407
10
92
102
138
14
1045
29
101
1365
73
80
3
1971
5
1
105
2323
954
95
1861
62
633
32
932
14
4
9
229
1639
2070
1534
715
642
1215
2025
2084
324
3
6
41
1527
12
73
569
214
909
1371
894
87
2491
1251
1726
539
9
1366
329
497
851
1913
77
145
819
1610
638
358
2433
1
240
1790
4
2
1684
15
1293
801
52
326
869
854
310
32
1898
1606
486
1
36
46
975
193
1140
33
478
400
100
212
49
2210
124
121
42
168
54
16
1196
1588
1634
83
867
169
508
2101
7
472
1
570
22
940
1083
1626
287
546
65
23
25
1201
16
44
1974
7
1721
103
10
29
113
2134
5
1491
5
111
315
2368
2
52
229
7
49
2300
1878
19
327
18
725
3
163
1543
2449
30
168
171
23
6
699
1375
1992
44
117
378
120
492
2372
177
1028
622
8
1925
1341
45
1158
271
1
927
16
1338
200
345
31
887
1
283
1519
48
750
1
486
688
1481
7
188
12
1396
5
1263
30
522
1451
13
2
24
2133
28
1
2402
392
556
762
170
1
1759
151
52
196
1
1936
229
1560
282
39
24
246
124
157
1359
696
813
2053
2
2300
1807
55
2492
2040
2
874
418
14
148
632
227
29
3
418
133
753
673
117
2448
2461
2293
165
1386
20
734
56
574
279
1326
53
115
235
699
476
2092
29
193
375
80
864
2449
1148
165
2
578
543
83
2267
277
1122
1
4
2177
1181
319
1798
26
216
199
143
2350
1049
642
3
12
196
1671
452
483
5
34
52
48
10
2279
388
1
1452
947
335
278
585
1376
97
132
107
2198
793
94
2
1298
1564
60
22
34
804
114
94
380
438
11
139
4
86
430
796
9
4
200
574
43
10
154
4
186
1970
374
2077
1288
359
389
447
20
27
233
41
568
86
3
634
823
281
1695
57
308
1126
8
335
881
735
1345
36
1
5
385
69
163
68
21
6
752
68
1217
7
14
115
296
82
1066
837
521
1210
2291
443
771
32
2114
408
669
1120
3
47
133
521
27
1146
449
1837
489
3
1981
34
1441
920
203
186
12
1595
919
2424
722
179
74
550
39
2
204
948
19
946
576
422
779
53
1398
53
10
6
328
49
6
58
485
3
35
1239
10
1833
570
1744
904
11
5
363
2058
94
177
1061
162
88
1432
12
4
961
193
403
452
14
4
680
528
2274
4
1526
89
1950
1454
2078
683
321
1353
621
1
2
515
19
1
1614
165
1222
46
126
493
50
2050
2143
576
743
191
1603
24
39
114
63
34
175
773
3
25
200
315
110
73
448
5
1307
184
881
214
303
1467
731
141
722
1980
1240
6
103
220
983
1087
1
258
2350
8
2016
1883
516
701
1195
23
1024
52
11
984
1801
20
56
14
368
56
37
1814
89
350
2
665
685
8
1635
176
2187
83
73
176
19
1077
144
1525
98
1146
670
260
71
477
309
884
1139
109
5
648
746
224
2046
301
79
992
464
107
17
111
11
2354
3
53
2
329
890
2455
134
1984
21
26
256
1131
663
220
2
2
1900
14
24
55
51
1050
834
764
1205
155
241
1335
191
30
634
86
73
1842
44
739
53
371
24
2269
1306
139
33
37
423
1261
903
498
1
4
54
2
211
259
483
1
88
96
1536
1215
139
6
5
23
232
465
323
496
36
538
330
471
150
159
96
33
611
232
654
46
517
126
1504
2481
308
1051
141
13
3
46
3
2269
337
1
74
688
56
25
814
1381
2022
2
53
1864
76
180
192
341
22
20
39
1
615
852
2011
74
813
6
82
22
1
225
227
19
48
11
542
2
971
107
3
1126
652
549
435
1
1843
1872
271
285
93
356
278
993
223
112
148
2475
34
718
1199
2033
2290
11
633
1106
594
498
1027
7
1
37
555
1657
29
591
1908
1531
82
14
30
1
1212
1
486
3
599
1466
970
279
152
119
8
282
1864
664
241
89
60
660
2349
92
29
465
2339
1514
5
1535
6
32
408
885
9
437
1794
303
332
329
667
1571
11
8
8
1507
1471
1336
10
532
755
1293
863
18
68
633
6
950
281
23
2
1460
1347
1686
174
2249
1
147
32
1975
1138
3
30
231
15
15
195
5
109
828
2245
582
165
817
302
1311
230
71
1809
788
6
697
1038
410
1448
1
1500
158
3
13
490
1683
1518
46
517
883
2406
125
28
63
812
240
254
130
63
1321
29
402
64
289
10
90
80
1740
2
43
324
1560
326
112
175
84
104
652
430
643
3
14
97
8
1338
1306
6
1
1353
13
63
971
427
6
233
44
33
870
49
24
474
12
2
30
12
831
624
228
58
1575
1
575
2
2084
1757
1843
22
196
99
12
37
203
7
10
1208
877
1
649
2314
1631
18
3
1129
1
4
6
126
161
24
62
483
145
11
818
1
1956
1
33
541
605
1995
920
97
14
1718
664
8
2
529
1113
1234
940
1070
1
2120
5
19
1173
2276
27
1626
479
43
237
8
245
168
511
1097
69
1501
2352
97
229
255
2
2450
2328
13
145
177
1188
1233
4
724
27
1443
46
1778
2
23
2288
95
1416
1694
852
140
318
651
340
101
452
946
302
925
8
1
664
421
48
1831
921
9
1875
1
16
89
4
63
1
98
1160
114
1
480
1
65
121
24
161
1
23
1630
106
25
8
12
340
652
5
998
797
663
2178
1327
239
56
5
1574
2043
733
16
2
225
10
6
30
173
24
1511
289
2099
1
956
1191
15
644
1333
1342
404
154
958
36
842
93
2442
194
421
1335
13
570
741
1
78
491
1284
1
6
1143
149
233
91
2
1860
534
352
285
380
332
1606
668
360
144
310
83
1
1140
908
651
4
2
31
440
80
1658
325
46
310
945
274
1485
17
1987
395
22
20
1051
1570
2184
1183
148
2489
411
188
777
153
1397
207
8
647
19
1054
126
289
3
1562
16
193
665
15
31
274
9
2382
2424
253
834
891
1
34
2420
960
341
910
846
272
78
1171
1948
332
1014
118
1987
811
591
294
1529
250
36
6
1901
2049
1427
70
12
46
829
35
1678
190
2218
264
242
403
438
81
562
290
1509
9
135
691
1210
1044
87
1
404
7
1161
2066
1
670
409
4
1614
31
263
644
1814
186
61
15
819
183
139
88
141
4
34
2
373
10
36
1344
12
14
991
904
3
472
2
6
1490
5
2
1880
35
38
103
16
836
2269
11
8
21
19
1248
1993
417
73
2
1254
12
120
1426
644
1796
728
1639
1077
13
2242
674
18
1
578
774
65
806
5
4
12
7
4
211
2
1815
5
466
592
97
1
451
1845
192
1323
1956
2
16
1297
74
960
36
1
12
573
531
89
767
27
49
819
2
1039
68
41
164
14
1805
260
10
1465
4
1
72
248
2395
14
1046
284
34
1072
2236
4
23
30
2
7
1020
248
28
1900
1655
19
4
180
2249
15
109
2
764
131
1040
2
170
42
1615
496
98
62
508
204
31
1448
349
146
1176
551
213
6
1
2
2132
620
16
5
238
952
1244
103
74
2409
688
12
999
663
9
68
21
220
665
84
74
2178
7
789
6
49
521
98
497
27
43
2
681
1768
248
674
900
11
528
1067
6
27
652
114
98
56
283
97
2046
416
91
296
1539
1482
816
22
77
72
9
288
1109
216
259
744
535
60
801
5
24
155
733
1750
523
3
1
37
23
25
5
2473
951
347
14
7
211
2263
917
67
411
2301
646
767
1
960
2
36
1
42
226
6
26
210
1
7
280
272
417
18
63
752
2251
1205
38
14
1482
492
328
425
97
1272
1125
412
2242
26
1
2280
255
2440
201
656
901
269
2244
368
340
146
15
1162
446
194
637
823
682
9
1189
178
392
66
646
2
20
463
84
473
48
1056
2397
1605
3
2091
115
14
1897
1493
29
2068
1017
3
1055
1
878
125
371
30
539
73
8
23
105
550
3
1534
25
38
350
1931
104
400
34
370
4
281
485
4
211
1945
323
262
1687
968
635
15
1262
440
235
523
84
546
94
172
1
48
2038
158
808
30
2
873
770
504
260
490
79
2076
133
1964
75
288
2278
32
25
521
222
1348
166
97
2085
613
1
1176
1905
619
1863
19
1116
2241
282
281
5
1717
539
31
1343
687
12
6
2129
32
739
739
378
393
2
33
158
11
89
267
1893
22
1733
442
130
2035
3
12
546
12
7
44
177
703
212
307
1382
1
316
1
15
59
993
239
1509
1008
781
1012
276
12
1621
55
764
1
1305
1
72
5
828
5
3
182
909
1160
274
336
2374
166
1794
366
1044
2
15
1
332
14
941
37
13
166
522
136
3
1378
7
4
207
7
2
1265
60
59
422
5
23
1054
1533
468
2
133
1233
2097
30
190
448
29
40
996
171
3
1833
161
213
32
506
143
2141
266
1401
7
2272
25
68
222
2485
2
194
2041
7
11
15
28
189
181
915
2207
92
169
2
451
931
177
180
14
7
1
123
676
224
32
180
1401
5
109
102
38
2060
1005
2340
519
24
492
364
2083
77
242
251
186
13
1228
3
29
1097
1998
80
2405
724
68
1463
1624
35
120
3
801
21
1994
1813
228
43
1462
515
1857
193
693
252
1546
30
490
2145
234
353
457
2
1017
118
835
574
30
33
423
2413
8
1
949
1165
716
557
1125
541
11
638
351
272
457
30
1299
74
16
344
2398
22
567
1095
739
627
48
23
796
182
3
1107
149
77
94
66
1174
2316
13
3
1366
6
1
143
7
1
61
1037
63
3
239
4
127
1677
54
551
647
23
254
1364
1
2207
16
38
45
712
252
1032
98
110
2176
879
23
1748
191
1740
1
860
373
1239
453
690
11
345
1206
197
55
554
128
26
18
6
1062
1
397
131
154
2391
5
6
495
335
84
755
238
8
2075
179
1139
192
36
2
36
147
456
2284
32
1257
82
705
2261
1010
127
200
171
30
244
20
58
31
350
10
172
461
2
1054
866
1
1239
3
243
807
65
110
9
25
12
37
3
2462
370
168
64
128
12
21
347
858
1468
24
28
10
5
680
312
1
64
613
99
12
169
942
2264
1
349
710
165
741
863
273
663
58
91
1532
48
50
4
70
9
426
1434
461
1327
1168
14
8
698
1
88
1796
1101
1557
7
464
15
2274
1966
614
1165
11
311
754
122
99
847
327
23
23
23
17
138
58
1991
760
35
43
615
141
1750
145
436
12
721
273
1
13
97
220
392
31
1389
73
18
713
1630
28
2353
30
1530
4
325
16
41
524
1893
8
28
224
1653
82
1806
959
257
2
2460
358
362
2
14
16
199
2424
514
322
1121
86
4
6
1610
1494
1592
128
3
785
289
911
2
1
1790
172
5
358
10
74
4
7
275
194
1198
252
1
868
1179
26
353
144
3
6
436
5
173
76
734
75
225
1596
81
438
266
139
760
345
451
540
32
82
161
239
2090
1930
1358
13
1677
145
9
162
2189
8
231
1045
101
2372
2082
594
7
1879
357
1686
102
1054
1273
324
625
62
248
701
1745
724
207
941
56
6
2431
4
479
2080
1
8
476
2171
14
1847
89
1
1566
1334
71
114
676
1
2
1827
1796
361
9
49
1568
982
1267
460
159
1735
580
44
7
1617
682
79
318
857
361
62
619
1185
2221
5
2278
796
2
2
35
3
77
1132
77
885
3
86
55
1742
787
179
157
5
2
199
245
1217
309
52
66
667
372
1098
420
148
14
808
647
69
671
19
1842
884
256
54
7
545
48
2272
24
1320
105
772
695
2204
320
119
1
4
28
1419
1863
162
833
350
3
1
20
20
646
1
2324
70
81
2244
1661
262
52
104
2258
1322
84
1608
3
100
9
651
353
133
849
195
1991
626
609
211
17
32
473
1254
192
95
518
133
1388
669
387
28
2223
7
11
26
491
224
507
176
23
2
1547
145
322
343
237
1990
1886
2
40
1
13
30
301
74
1207
343
1253
17
8
127
15
62
3
402
1240
470
2
47
1595
1177
57
38
2280
223
1
296
6
2
60
2407
982
1
125
19
93
402
193
2279
3
127
17
1
1780
31
1690
31
166
211
1510
181
3
302
33
7
5
282
2142
31
133
185
104
277
193
2
14
78
1589
24
170
94
77
621
21
390
1554
58
793
44
1378
1
32
1522
909
7
2
262
127
1544
137
1094
1
2
1363
32
2
161
8
8
46
1121
8
4
102
2
2
91
667
65
318
830
724
19
87
233
140
1445
18
24
182
541
684
4
1246
29
1
1224
98
1978
17
2312
1
524
19
237
27
4
2397
257
26
5
1626
817
20
23
498
1989
29
1422
1296
1884
1324
758
939
120
1093
5
120
2
333
633
865
47
152
2
898
1453
1614
932
14
287
1
1008
113
169
731
2
1397
143
8
821
4
73
2
345
8
2287
1043
1543
78
259
355
37
521
30
356
261
2187
2290
2420
65
2362
1
391
115
313
195
73
145
490
143
2
2146
750
1
13
1
49
1572
851
614
464
4
13
1918
300
1840
1146
30
92
231
57
156
6
6
1007
540
2229
1618
8
1
2114
785
16
9
403
1751
884
139
6
604
12
1679
2351
169
19
2481
506
194
2217
485
742
1462
817
1
2110
2231
39
726
201
644
2119
127
54
1
238
80
1222
672
25
1735
26
1860
845
1449
2003
672
582
1182
1377
291
2
291
1231
17
267
2401
160
1483
314
848
26
86
74
5
105
3
1
63
332
1
385
55
2307
473
128
2
239
1438
1
92
243
346
1023
610
1523
1398
59
338
363
159
3
105
1775
1
137
217
1
170
87
1667
49
2261
493
27
1353
11
206
214
1213
145
141
312
183
69
66
447
1944
1832
24
25
1589
2310
613
453
52
415
1821
90
1
1556
73
561
313
440
3
160
1382
2377
1411
1108
124
24
1085
1
1711
1991
1
736
298
134
565
140
24
12
23
1693
2106
5
82
1453
88
8
8
36
122
621
4
809
1567
492
145
1574
225
463
133
767
700
355
236
84
152
27
6
285
123
19
774
12
106
1459
598
2034
252
164
773
451
546
2175
574
53
258
2087
2181
216
135
1541
2410
27
232
463
53
903
31
1753
67
241
20
3
329
5
1
110
430
2185
28
190
232
754
75
490
18
194
895
1783
141
1
60
1197
93
662
1416
7
818
868
27
65
291
39
773
1460
1123
144
146
19
726
28
232
3
151
14
14
1966
928
253
20
1603
2407
39
411
504
601
509
582
2433
143
4
623
610
13
18
50
7
376
1997
407
64
2071
1241
160
2441
374
401
216
1894
570
1
56
348
206
1518
90
434
204
716
108
853
17
1233
156
8
1547
317
2
47
1708
1293
1
148
9
1785
1150
2143
69
1045
1145
103
1
476
556
1332
23
1497
983
322
7
19
1
1961
664
420
990
204
778
2
2033
138
4
1
356
1227
2158
599
124
16
798
310
13
29
149
108
1326
8
1193
79
91
17
699
109
3
1317
446
1527
397
22
97
915
34
165
1424
212
938
72
1789
15
557
1082
4
637
67
1679
172
560
50
859
37
370
268
294
377
18
90
52
974
129
6
6
37
1971
48
4
1
7
1863
164
32
473
182
239
2
4
2386
56
483
12
2344
815
100
169
241
307
23
106
5
668
2023
24
4
1692
16
1
2
617
64
3
6
1799
731
918
116
1423
1
1826
1051
1295
1268
1119
5
33
564
838
451
1251
708
863
77
1756
1409
1385
57
1896
47
1899
181
1191
1688
612
622
2146
134
396
241
1409
658
1024
902
207
384
491
59
631
650
675
453
447
520
2024
281
2435
1
1058
133
431
6
1309
279
10
1054
398
32
1767
1782
1721
3
36
356
2
5
233
28
265
1
2077
702
230
7
19
2394
6
288
220
344
1484
1297
666
47
2347
539
19
525
204
2
535
4
31
964
5
1
37
88
447
2141
1
1174
337
2
1064
15
2147
559
2393
221
1423
4
378
1
49
395
25
2414
2123
927
1035
271
76
46
1
842
3
172
13
167
8
8
514
1744
1
3
400
1539
15
1932
23
1413
9
2
1131
990
257
106
45
447
2
236
1321
1232
832
374
197
5
1830
26
1461
2145
642
111
972
1533
71
2379
328
63
1245
520
91
580
126
8
81
977
2425
75
1530
39
67
100
1267
1179
1243
103
231
314
715
1031
30
20
1061
1821
1746
37
914
357
935
1
1167
1017
334
66
1140
206
75
648
91
4
13
594
2
2
9
37
577
523
5
2
521
8
21
102
37
24
9
1091
13
232
625
640
1440
2072
484
1346
479
32
596
2
499
51
11
32
15
3
2071
49
116
1903
1266
32
587
89
778
970
1650
67
1674
13
21
11
34
1
1163
2032
21
2092
991
383
804
6
33
169
744
958
119
10
2
366
9
1183
1468
2479
24
1308
219
123
1148
6
49
998
878
11
313
243
15
2
182
231
3
651
475
92
816
46
25
681
430
1522
30
552
57
97
559
239
67
75
2034
4
18
73
165
7
1879
8
13
20
2
55
10
784
1207
33
123
60
8
242
45
23
5
44
16
2
109
36
664
1
1153
19
21
800
5
615
1618
449
176
216
1388
933
156
21
1076
1
10
301
184
16
2104
94
2105
627
26
984
3
17
25
48
103
170
2303
242
536
1413
10
922
53
1317
3
311
14
196
23
19
11
1536
82
2300
15
555
1696
638
2
1
26
171
15
2411
646
1410
33
37
795
68
93
70
1252
18
6
1729
68
5
12
5
803
671
156
1512
2098
22
1
160
4
1789
6
106
1062
15
1625
771
73
491
221
80
2447
6
1
678
2337
15
16
164
6
25
2
3
981
669
25
1657
2244
16
2
1845
2
5
1
55
1190
1
64
1
16
1297
6
1760
41
557
28
29
736
308
25
751
329
13
803
187
2
171
1480
1123
26
98
693
1
630
1402
415
721
1616
2
60
1788
493
1172
1536
1309
643
105
54
71
1883
2217
2
988
158
526
28
1471
283
1
1917
242
18
1091
2470
1971
13
411
20
21
33
1690
2
1006
407
10
98
1578
8
2388
8
75
1257
92
311
367
66
832
915
104
264
510
133
391
13
1437
1555
2104
25
77
1428
6
498
1
1691
416
6
2274
18
149
408
62
325
856
215
1452
62
4
4
20
1014
2340
211
200
42
564
39
199
532
5
319
1675
769
76
1128
123
128
1913
105
2144
528
100
273
7
775
894
188
1
303
138
51
5
37
431
938
409
2
2
126
759
1
1617
2
6
257
138
4
550
16
272
147
104
1836
36
2203
1218
2176
486
938
774
1328
15
889
1
211
106
2071
2280
47
241
106
8
25
3
1935
769
270
116
1
249
38
18
204
1
82
71
602
2411
1661
239
864
2063
250
109
311
892
1476
1753
71
1211
2330
1195
2290
3
1267
1721
150
93
171
962
15
110
546
67
1075
1565
3
35
10
46
449
1795
19
456
188
1477
231
36
1640
193
142
106
2471
490
1
132
579
98
1910
122
7
43
1724
451
1
54
421
1542
10
37
220
335
1349
115
17
14
21
281
6
259
1
1276
512
1517
248
246
468
83
351
2431
1204
433
583
316
123
1754
384
81
293
533
25
134
66
5
958
161
647
87
364
6
2
1148
2
21
635
441
17
48
63
19
356
2
70
182
1307
2
1518
601
503
767
220
1325
421
5
297
15
59
1198
132
741
93
1131
1658
272
847
1707
1
1154
115
1341
488
2
57
615
1982
1388
166
20
74
2490
694
17
486
709
1992
1556
1876
37
176
43
108
280
1902
1
26
38
61
58
429
189
828
23
41
1652
2138
187
43
3
47
1319
37
6
6
81
131
69
301
1473
206
455
911
520
401
6
6
7
3
118
125
19
1657
91
765
4
406
1091
40
833
30
217
2
684
1744
2200
68
2375
925
1367
620
537
637
1003
3
6
96
1250
17
472
122
820
9
111
11
912
287
1171
162
332
116
3
80
1181
48
977
788
323
79
31
1076
125
1165
627
29
622
294
114
604
407
104
2461
107
609
834
1829
16
925
6
2484
14
234
41
188
1328
1059
132
1507
860
99
209
1957
188
152
189
70
41
190
242
69
1427
500
6
445
263
17
45
4
88
1
55
290
662
1143
25
1
5
1147
1081
235
2263
793
517
9
24
141
54
662
67
470
144
2
2127
1139
7
714
278
2
144
9
4
724
41
708
1174
308
320
729
76
151
1
1622
149
10
600
238
410
1896
11
965
572
338
1
2291
928
1268
319
406
3
435
25
682
567
19
97
1958
14
116
593
6
272
2223
107
1
450
1273
1607
17
350
62
112
156
8
1603
1076
4
1968
459
1793
6
517
122
429
15
899
333
1361
2097
1917
183
316
43
1377
34
1613
5
1170
109
1005
1242
403
120
477
1625
3
193
48
835
516
2205
354
1750
214
373
205
448
2
1512
286
257
1699
2414
667
2
487
2
34
3
1475
417
1576
11
37
54
653
125
616
4
107
381
1443
814
346
4
5
2220
1052
104
2
1114
884
1359
171
977
568
438
270
2
1084
372
239
85
48
96
1820
1
11
14
856
376
31
5
752
2
835
1660
1
716
16
299
62
1189
501
30
102
1354
922
3
58
2287
404
156
1288
645
2425
165
91
39
347
935
2325
1663
101
2210
1362
155
7
18
126
17
2459
168
14
1
1966
224
17
31
1389
331
1894
33
2292
975
1381
1246
30
11
688
48
14
4
15
676
13
55
66
1
1729
1
7
1728
178
1
8
599
37
118
2
819
436
1754
982
1086
1
178
5
17
528
9
953
1169
2023
464
457
26
10
331
745
1089
188
9
2
24
764
1746
856
1999
516
1774
1
75
770
251
1890
1533
738
61
5
694
1026
111
297
103
41
16
796
871
2174
140
11
9
537
217
297
2120
8
10
185
8
31
2008
8
19
1263
2121
12
1917
1592
68
11
35
697
261
1924
1125
190
1299
1669
801
3
976
2257
57
1348
1763
1
2185
223
23
106
69
1465
3
168
77
309
1089
988
106
20
1600
1751
758
1187
916
118
567
365
542
1
382
227
1872
1196
3
319
3
1853
153
2361
5
580
21
564
1824
645
87
1681
3
2107
296
934
940
164
1774
1977
830
212
4
26
13
328
12
164
10
117
1824
283
193
79
963
1499
1682
62
1082
1420
104
294
487
7
25
11
933
916
80
102
90
18
171
50
2010
767
421
1
1544
2229
13
1087
224
344
14
15
2
17
1735
46
187
723
103
453
711
52
910
5
1579
26
2133
1011
155
591
3
1329
3
283
398
861
122
8
319
13
267
740
287
962
287
1314
711
43
420
381
24
1
51
86
1055
1740
687
11
5
30
77
271
842
1987
2196
540
534
20
890
207
381
3
2349
2
1023
8
477
2
48
91
1352
2
1371
27
1616
396
1342
371
8
499
1694
22
127
25
7
2
1553
95
725
433
840
3
3
224
1503
101
174
8
33
47
416
1405
541
67
1383
23
1864
154
19
140
4
1187
148
1407
898
244
407
530
60
473
260
76
78
511
440
1784
318
2035
1251
91
74
219
8
1023
7
2272
1357
281
137
838
1
4
260
1
1827
1982
8
227
1749
124
82
171
424
9
219
131
1570
852
97
459
6
1
151
854
10
552
33
235
46
9
17
180
72
2087
1
466
107
11
2218
2391
1816
1560
117
414
213
2186
844
114
3
19
455
212
1
112
45
36
2218
825
29
172
72
1288
348
91
166
1977
645
1391
19
2282
89
1123
59
81
99
1984
448
513
3
1437
21
37
544
1800
13
1014
9
320
12
484
704
4
213
4
412
316
16
29
77
260
678
511
6
90
297
1881
1725
1235
462
1
206
2
179
40
10
967
591
22
2438
12
3
36
523
206
57
867
21
41
2391
2087
280
664
5
5
21
269
1
1386
4
909
1270
372
246
613
6
249
765
2
250
13
739
1758
290
61
152
166
607
293
962
30
481
591
1143
10
66
2
1627
323
427
1436
620
623
21
875
174
30
2159
249
170
2111
68
31
4
1620
1781
208
1192
15
5
778
1
95
1562
84
49
1208
2430
2291
2
450
122
1128
220
115
1206
2
707
851
8
445
15
285
29
1632
1071
448
3
392
925
809
1377
29
1
220
1556
92
828
516
432
46
215
8
18
2296
1
4
1
275
1169
5
892
1
217
962
100
64
361
1911
25
2044
153
23
2171
761
297
21
2271
947
2230
601
242
267
67
865
11
243
1261
20
705
362
42
21
524
5
3
1411
250
195
510
498
719
5
24
2
482
71
67
70
26
633
152
136
638
82
2353
337
1361
1710
1194
26
510
23
621
72
122
179
2053
488
542
2179
11
905
772
1293
923
1077
61
2
1084
1086
95
185
167
187
634
38
69
505
90
19
1951
811
2171
9
438
2
109
171
24
1553
693
120
242
148
918
247
231
527
1422
261
5
1765
1920
714
19
56
88
3
173
452
759
107
973
172
285
911
951
26
656
16
3
692
979
54
500
1815
71
422
2034
310
3
868
21
30
4
803
538
40
64
273
2091
1627
175
680
1253
777
1839
1070
1
1
1190
1133
861
348
14
1978
244
928
1999
845
964
143
605
139
1232
19
124
561
3
36
1292
513
349
2314
172
1499
2404
1529
5
390
85
187
170
162
69
82
46
1408
35
997
1552
1412
372
621
4
231
515
360
6
4
1818
175
24
1
105
888
7
10
908
138
1074
1982
323
1264
1978
77
1
311
1694
25
350
1691
2
6
1159
44
692
1000
416
77
719
41
1263
1
3
1199
62
631
82
1322
132
2058
81
707
370
1402
1447
99
648
18
2397
2
1087
682
1598
1765
381
72
412
36
620
336
1473
725
364
434
315
616
35
42
156
5
508
9
496
2242
207
545
648
181
128
11
686
2178
17
35
1533
2162
702
63
101
338
414
104
1510
1345
908
1
246
163
133
26
33
227
1102
1
797
1
14
4
39
270
755
44
796
1227
2134
1
1052
2093
89
13
2291
1560
108
65
1332
1897
26
2230
1253
371
2
1450
1
2484
556
62
1
200
49
2404
312
2456
60
189
1617
1642
574
1582
5
258
826
1954
10
6
1
1153
92
1035
51
4
1
111
53
2477
393
658
444
1184
321
367
2
336
1024
1366
145
1831
564
945
2441
600
1516
1223
12
514
1
1382
7
73
32
368
3
2350
451
1
683
423
2035
57
117
1084
333
80
1
341
1
857
1354
226
942
89
1946
225
30
1265
385
217
1794
7
4
2153
5
7
1179
769
48
2108
921
96
875
6
14
1330
3
939
1
190
2067
242
1310
194
366
59
459
1380
1035
1962
1633
78
41
1928
1589
426
252
33
1630
12
2500
32
24
626
1292
239
1038
8
28
5
272
6
170
509
1225
292
704
291
9
619
1638
890
408
323
539
227
51
283
1446
605
137
1253
1675
849
986
62
216
806
682
804
502
1
2232
1761
39
54
942
415
37
2
180
47
65
7
1458
16
39
966
1022
1809
2052
1656
118
61
178
668
119
366
5
169
245
3
1864
127
1
17
57
1502
38
586
126
600
10
1471
726
41
26
61
1
57
11
32
2458
35
15
2402
742
1
1257
92
782
4
2329
42
507
1795
1916
1757
965
693
2435
184
1
1584
791
30
133
818
40
1204
1931
48
209
1
1662
264
449
990
22
87
90
8
96
268
12
14
1926
64
2092
13
1113
6
1579
18
187
531
352
22
764
1
7
2130
2
134
75
234
282
329
1976
70
19
1842
164
130
46
808
4
1108
159
373
278
1
6
259
172
772
579
90
68
41
1
416
736
14
1245
358
44
1150
273
464
23
1137
1922
476
156
126
1273
1142
939
1785
164
27
6
2267
2214
706
599
69
453
169
23
1578
81
2
925
154
94
728
152
1
3
616
827
32
5
1142
324
915
22
4
489
1006
1944
960
555
741
207
1565
964
11
1872
2078
551
65
4
21
1
929
93
2094
161
311
84
1251
450
140
2254
251
707
412
1696
3
13
1100
248
193
2356
854
179
1215
1071
546
81
46
59
216
1597
1
802
70
294
5
186
232
553
760
19
43
1
1933
65
1
63
214
1461
1
1360
1564
10
8
814
770
251
2161
136
835
314
2153
2212
751
953
60
2
18
168
36
32
16
115
463
19
589
37
764
129
43
947
518
104
63
196
46
205
443
71
179
32
114
20
1375
504
655
308
141
283
61
2
347
31
24
3
1555
18
425
4
170
1121
3
242
163
84
580
214
173
25
1924
2
1906
885
461
6
1468
235
17
7
1079
580
986
2199
2265
1468
23
1340
471
1015
22
283
1619
38
604
1964
399
215
1
10
1304
1290
91
1416
105
4
1471
4
1
345
11
44
1512
56
2468
4
1081
1613
1234
204
1963
11
1406
13
35
1169
160
83
321
245
343
63
493
185
7
169
110
88
1316
2172
414
1406
776
1
718
1449
1678
32
374
1495
386
13
177
1169
45
1
464
6
34
411
88
337
21
770
585
56
1888
1866
692
1536
2
4
410
58
19
552
841
47
1716
315
47
45
607
183
788
2
390
1869
2
107
48
2
32
6
2466
10
2392
4
89
1093
571
1836
184
148
212
2030
8
1419
1336
2
631
6
463
39
1
145
186
150
2
1683
1643
67
582
2157
35
1457
2399
425
6
1448
201
2462
7
65
282
146
162
738
994
477
109
619
70
962
1
3
1366
206
45
3
2
1
1380
64
1144
19
1
30
674
618
36
1
237
67
108
126
361
23
4
2192
4
1125
73
1151
255
1390
365
509
6
94
112
821
1940
27
3
1955
3
411
134
18
70
5
1004
544
6
1578
35
55
219
1631
93
1003
2269
578
2
55
103
6
157
1455
2146
59
54
146
208
40
49
4
1377
206
1410
51
69
1
154
2154
3
23
230
83
15
702
1
623
151
1577
18
2330
498
2056
1100
350
1332
1133
2
1522
14
72
339
512
2298
1
1996
1
512
328
12
9
702
9
18
11
458
123
122
268
7
1786
826
18
62
2041
2111
262
350
1054
1
1069
2418
554
194
125
8
183
210
13
1147
269
1669
1207
5
2352
8
945
30
2436
13
1182
241
635
75
1501
24
11
182
27
607
92
1
18
22
119
823
61
1489
190
1225
73
61
786
6
2201
541
144
2
1009
830
733
602
556
1179
677
1
1215
11
29
387
664
37
456
572
898
184
428
540
30
1
441
981
37
1320
169
1727
909
78
19
6
15
3
572
2387
468
16
1075
187
1668
113
985
206
1951
42
1761
1
442
317
15
15
621
920
1099
388
1629
2239
1098
482
62
1441
1939
7
694
954
664
92
13
1
97
917
12
19
256
2486
28
163
105
326
1
1409
2025
1371
15
14
2
425
3
770
37
1
546
696
111
114
316
168
2365
1300
17
1408
65
1426
195
56
1798
624
467
1769
2228
288
561
429
128
91
11
573
2
102
181
4
208
105
77
270
150
676
1234
3
18
255
9
66
45
33
594
10
109
38
10
1848
660
1753
501
115
1273
5
1371
673
13
19
130
635
52
1048
1510
2132
31
1
27
1873
1
1615
1044
2449
1821
2
3
467
48
8
6
55
4
148
25
63
2243
350
2253
220
1
1
613
512
5
224
26
1506
1025
1077
294
887
451
2
45
127
1284
480
1828
237
7
370
32
2109
238
2410
21
3
142
1
1838
328
116
335
512
444
28
102
426
1964
27
335
208
923
71
1194
849
477
118
54
2
176
47
633
75
1738
1859
6
974
72
338
4
731
1989
229
24
2013
3
33
408
14
171
2205
1858
394
455
1489
435
1546
101
24
86
119
111
238
65
537
1030
17
79
245
1995
39
688
437
1321
1
475
17
278
1979
1422
17
685
52
482
1772
170
99
341
76
397
657
2098
12
315
95
377
46
1554
1128
3
2263
960
45
253
30
515
960
2
2275
979
1
982
6
654
162
237
38
808
1729
1210
6
742
941
169
382
453
16
12
1436
1098
341
127
69
2260
1446
2035
1224
3
2171
541
1146
2265
992
449
7
119
2260
1317
103
1
46
594
217
382
72
130
31
103
350
130
50
1846
423
135
87
1788
1400
5
307
15
1221
790
71
40
1110
843
71
4
110
676
203
247
113
208
1603
160
8
73
1410
254
22
96
260
1393
38
301
1052
13
1673
1313
499
1033
1781
125
1722
1807
60
1518
2107
888
373
23
1
469
48
2
796
493
99
466
49
383
5
1077
1078
419
868
980
15
770
4
14
46
2
14
24
7
290
2090
35
206
1945
11
2
619
296
123
158
629
3
3
488
272
576
31
478
906
1810
9
968
2352
37
325
2261
5
220
1109
1746
197
1
322
206
51
1862
20
937
538
112
867
50
2143
23
183
4
255
398
20
6
1052
210
174
374
3
191
16
321
1488
930
889
1099
9
1644
142
1688
957
1
1295
67
5
7
1127
1439
2158
196
1
1
36
580
1722
35
386
1576
1598
637
241
391
23
2184
2411
150
23
34
1754
34
539
13
1633
601
688
190
1241
1
1175
2140
90
1
134
152
859
1122
4
98
4
464
1014
232
22
1
34
240
110
295
2395
412
100
759
213
143
7
815
1104
5
924
2112
984
17
465
451
212
732
2386
891
23
707
16
582
9
564
188
74
1454
803
154
128
6
10
30
12
2227
818
1199
79
1019
290
1029
32
88
2
77
7
2198
2109
1441
31
382
554
1
677
133
1252
173
56
32
1389
2144
59
595
116
282
3
3
429
1775
2222
1464
24
44
168
1281
24
52
203
898
62
975
11
688
63
567
870
1556
354
712
1394
14
3
19
1865
209
951
9
12
413
1283
15
55
5
1641
49
315
1
330
898
93
507
1
343
133
371
1217
369
2040
2
1011
668
277
70
1755
581
354
10
2
4
715
126
1054
248
106
972
1471
34
268
1803
1098
15
685
54
102
14
1897
8
1429
18
2079
1234
65
239
242
2456
91
131
1
161
1
930
22
1769
313
1092
892
22
22
353
7
3
146
10
687
58
1444
7
81
1759
658
424
16
117
117
1762
339
476
19
670
2322
832
94
1570
377
2
531
1049
249
402
1465
310
8
1926
211
5
17
229
1044
187
923
2498
45
355
63
6
375
169
1961
1808
697
1188
127
1152
2365
267
634
758
122
170
98
964
620
813
929
67
828
2411
187
747
266
1882
1705
7
1
2
655
791
56
503
66
227
3
8
45
4
53
2318
1816
1
1477
18
1155
78
4
588
301
22
2060
6
71
870
1313
109
819
5
140
28
1762
17
818
2
160
52
786
46
2310
83
5
237
1122
770
1127
1
2
1702
1
399
3
2
60
1097
1205
2259
109
2319
881
67
170
2247
64
17
4
649
25
202
1590
4
4
1342
241
101
342
695
482
1101
845
94
47
1635
123
1047
55
9
1039
49
1
828
1028
565
1258
102
2
19
1571
1272
1494
1509
355
554
686
659
1
20
21
2497
1421
148
2320
4
77
342
64
88
504
863
2443
1550
182
2269
212
902
70
23
15
861
1
10
2115
118
1710
1988
2
6
3
924
1
310
3
347
294
6
389
115
571
531
25
661
28
1263
3
14
32
408
1
1931
1
1919
21
96
1842
2332
39
2
4
1653
15
19
245
52
1275
21
1114
84
11
1664
1234
386
886
2061
1401
108
347
2479
452
29
540
2
94
2321
12
2238
156
1201
8
575
28
16
1379
158
2500
1560
338
1323
1362
2324
42
824
62
1871
2405
109
2020
2364
842
735
499
234
1
5
319
15
397
964
1
1
134
226
1
1346
239
1749
1121
9
7
1258
838
136
1863
38
1637
8
4
275
622
53
1
337
2247
1099
2
2399
96
166
12
6
100
190
16
10
1533
1648
431
158
2288
68
36
179
1007
749
102
18
784
2133
60
836
1650
190
1346
10
450
76
1
962
377
2407
1689
85
349
1383
413
2391
104
53
642
1367
883
11
1
1101
195
1607
2
157
89
1067
1770
160
29
1347
11
19
309
42
30
684
235
89
1596
859
2214
84
158
2307
1362
47
107
3
437
241
1417
367
114
2246
29
11
1159
425
34
3
108
259
1774
204
9
64
1
256
13
35
655
1785
189
1692
7
691
815
2
908
1110
32
65
843
372
102
1720
4
1044
640
82
425
836
72
4
65
1378
1
895
665
182
149
945
188
533
45
1193
45
1194
56
10
537
266
264
12
1029
1253
21
1
92
165
1303
315
15
2
937
7
93
4
1510
51
142
534
2
160
451
727
314
4
80
17
1711
5
25
3
144
449
1289
1320
1497
200
1970
573
1875
506
299
1513
968
32
96
253
1
393
1
6
1240
2
49
25
1108
1077
88
2181
77
616
339
1998
295
132
1375
1096
1030
849
472
65
64
999
462
134
338
275
63
1
1207
1768
402
36
1
1602
94
2357
456
357
29
1864
693
639
35
1163
17
2126
4
1222
796
250
989
68
1727
1219
84
9
2
1012
1
140
210
999
28
377
1050
21
66
538
1506
695
57
1910
181
1495
16
302
1908
2245
869
361
1617
17
21
769
65
101
175
2
1
1073
14
431
2
386
115
117
1305
306
131
1588
446
122
1
2338
154
52
281
293
217
44
501
949
7
138
1
33
12
7
1112
776
2
1
836
121
412
580
1408
1180
360
13
1943
48
315
302
989
2
1095
320
2182
660
446
5
1504
1400
127
443
44
1
891
21
539
555
81
201
7
542
1711
910
32
19
2445
60
1477
894
70
163
2
2093
1747
42
551
1040
972
21
46
18
133
1705
23
992
1050
1
55
227
2
5
1272
325
255
1
1
1703
2295
104
57
156
1584
58
1229
186
18
28
606
3
14
438
773
142
1
17
2363
393
153
10
106
192
2199
153
5
56
471
3
43
152
31
1513
71
1519
2384
617
204
442
433
189
775
1308
435
786
62
33
554
426
8
586
11
42
39
1827
534
2361
8
494
19
55
1281
157
37
1196
216
5
1041
1039
14
1798
918
404
224
104
984
511
94
128
316
5
2023
2
119
116
11
2434
1478
3
417
763
1365
3
2
1575
116
1862
43
665
402
619
99
1078
567
1238
193
2417
1409
2
1864
116
1724
359
256
50
2124
4
36
58
2223
1
267
860
534
824
296
101
32
876
57
488
5
690
201
133
4
1757
1212
982
839
477
2
35
104
602
1501
710
2224
32
2320
58
1099
1722
1544
13
1
22
157
3
333
568
518
886
1950
2
41
1436
1
38
3
70
2437
480
7
399
484
33
1515
914
411
1407
533
522
17
149
577
37
221
40
3
6
2242
2
320
140
47
1032
120
9
33
130
40
660
39
1634
578
289
180
1541
6
1392
1
94
425
453
2181
2445
2235
855
288
959
81
46
99
296
85
1052
33
1
1
489
849
77
86
11
369
2254
158
179
3
1135
89
428
629
23
914
214
194
733
62
1
14
1941
722
13
2419
36
1186
621
316
574
3
195
909
327
2270
2
125
6
118
3
1285
1095
1377
2
363
1
1
747
240
106
28
43
93
338
1
1
1317
380
1041
1920
109
1324
406
165
1
3
142
1328
964
19
918
374
12
59
870
8
105
204
158
2105
1308
222
372
76
212
320
19
14
1521
3
170
4
624
363
17
9
779
55
389
88
357
1489
18
863
3
169
12
1115
7
664
539
205
687
197
616
14
135
94
219
1517
1539
209
20
459
193
497
53
128
1
607
174
86
2
228
961
555
16
374
242
133
60
2
126
1296
1681
2
31
294
245
219
1
40
3
892
964
143
1234
91
1245
2058
932
985
9
7
40
2
1139
2480
2098
1919
15
442
2488
263
238
21
913
2
1688
239
1341
25
11
34
257
1
247
1028
102
5
1
466
478
1
5
2321
1
1822
401
278
188
4
2120
582
2343
111
93
1021
2243
349
16
28
41
6
1902
541
2064
213
1637
10
53
3
1029
11
1264
271
363
1701
507
203
311
4
5
4
28
437
1567
561
871
275
1592
12
32
48
49
45
202
154
445
617
217
28
78
14
535
2
1706
24
305
140
17
182
538
3
1425
1409
266
12
89
39
1
644
106
915
182
477
2081
328
2101
12
28
193
214
252
56
13
626
206
1104
2
490
13
856
18
1138
308
6
1755
141
631
416
21
50
1687
801
2360
5
190
633
211
514
349
394
2348
13
11
1373
1768
42
734
30
169
1
870
2289
229
1001
1018
1
516
99
1
528
33
16
258
146
577
6
487
49
4
1
300
2320
1851
6
596
126
91
32
2
188
15
1630
1059
170
195
540
3
1
33
161
1
141
1837
1782
399
12
1310
30
301
10
68
778
1470
504
19
101
1540
678
2413
281
1657
33
644
923
520
1586
803
35
3
981
310
15
149
2264
993
1025
1941
11
9
1
305
5
94
1738
1630
1
13
169
377
263
38
16
512
973
544
6
6
638
8
87
1277
280
96
5
614
740
1015
270
94
1884
1548
237
24
650
675
2
125
2475
529
7
523
16
9
10
204
263
2341
1086
373
1018
731
439
2033
5
2438
13
8
3
1894
1
919
522
200
2224
239
1343
75
3
1968
123
4
76
58
28
620
119
1291
776
107
18
590
16
1352
446
194
144
2026
2174
1205
223
2
1561
4
213
1454
4
106
2
951
191
39
624
1990
605
245
71
599
2
147
142
2377
98
124
12
1011
85
1358
1093
65
362
1
497
33
28
240
6
29
15
1111
91
1084
354
972
132
484
2436
4
1918
2
162
740
28
183
479
861
165
1
31
2
6
1870
892
194
629
478
1640
270
1215
14
378
3
1077
275
3
609
3
148
1467
70
547
15
35
843
1134
1474
1110
3
182
133
693
127
71
503
780
113
782
213
2131
15
357
1592
114
1
775
64
2363
107
97
127
1032
26
780
3
497
2349
284
357
682
5
501
1
2426
520
277
11
2004
803
797
1668
227
6
438
1763
924
700
783
2351
141
3
57
1426
284
13
465
1799
9
880
90
886
2
67
1
47
8
55
20
659
1497
7
325
1112
466
2126
1891
67
69
329
170
79
444
239
1681
12
104
619
627
32
179
239
261
8
15
592
5
6
4
101
17
30
2
93
11
301
1801
25
270
1506
24
672
371
2482
18
859
3
372
84
1902
1442
1852
282
591
204
110
125
318
2
2437
5
2060
906
572
302
2
38
523
1478
67
848
1835
2
232
10
130
1228
836
274
242
864
32
140
12
435
1448
2185
311
1810
599
103
875
77
1387
1328
612
2
1369
126
692
2433
63
2287
991
2058
1
1044
286
1057
1035
16
119
1
733
3
2162
3
19
6
730
82
22
1946
39
1724
19
52
147
1894
2241
2
720
18
258
1076
365
1526
2
9
15
330
21
2233
37
1735
2
1665
2343
72
108
4
582
301
52
2332
44
4
73
28
116
16
28
161
6
89
972
50
14
111
8
284
1571
515
1675
1340
834
2059
36
2148
4
629
1098
967
1671
25
20
1343
1571
1
113
1694
281
2
4
15
1650
241
441
782
2029
881
803
3
726
552
173
2339
41
31
543
492
2008
1279
2
149
1219
24
377
27
434
51
375
40
1899
2366
6
28
1136
47
740
24
6
1747
85
1739
618
1024
1763
647
510
370
1240
284
6
26
1353
21
1
59
403
849
236
1266
1488
88
94
135
5
1264
2
485
96
24
1414
7
742
236
22
1465
196
420
1137
300
3
1142
705
32
274
165
16
229
142
157
1578
2322
12
793
17
797
159
3
132
377
537
6
1592
855
20
1691
68
1319
419
8
71
1374
236
27
973
1200
48
3
94
1
9
70
396
29
1777
92
20
1322
1801
2313
94
380
1
45
2
1
2109
30
1
21
49
859
136
2439
2152
13
13
351
86
39
55
591
773
1441
1088
1245
43
35
1
951
302
361
86
2067
1553
9
23
1
2302
111
819
5
1826
168
432
2458
298
684
1311
132
242
688
8
1
694
100
1310
174
76
1750
81
1141
152
458
39
66
503
453
1679
2
1810
6
778
1051
473
61
565
398
26
1607
1421
494
416
1
843
1
651
15
15
29
650
262
1570
1993
26
268
869
50
28
37
1153
793
1915
538
2
8
2
803
6
8
1447
67
80
1212
57
737
551
167
24
2116
519
11
46
2
1600
50
1384
128
1
1608
3
2034
1162
228
193
13
2060
466
2
759
1316
594
86
2199
355
111
21
6
921
19
629
2145
2272
40
1
1209
29
17
1074
539
568
26
1350
1971
86
1
162
2309
1042
22
140
1249
63
584
1193
2193
378
413
2
320
258
27
1183
1872
2
6
1
88
1
3
6
2499
13
32
1044
4
984
39
1895
140
220
1774
92
247
135
618
1838
1484
1446
1512
11
58
7
12
58
1
3
753
653
2036
639
168
1
1
7
103
24
7
97
36
911
570
207
587
503
297
153
423
1039
466
138
1
684
450
397
130
1
1
93
39
1898
1
2122
66
3
31
196
294
135
6
10
297
2
1888
710
7
52
2184
517
1872
88
84
94
51
56
3
1
15
2401
1054
1430
65
13
50
201
5
48
121
16
310
1168
2026
1485
145
74
138
2208
9
1936
1474
1
331
100
659
153
2398
1425
101
575
2105
437
1593
1
149
222
792
1
2
2
858
320
1470
1
1186
542
5
1309
2073
557
1271
52
413
20
1185
131
289
293
10
3
1881
11
386
1956
16
65
296
2329
1033
202
960
1017
13
84
632
774
966
415
9
664
114
1454
664
178
3
89
425
509
992
916
586
14
1578
286
329
68
252
4
47
878
666
2487
577
1967
344
73
45
804
509
3
225
33
2
1423
17
1553
283
145
16
1372
319
31
62
358
1612
24
249
117
1826
1584
1545
512
15
1741
15
879
1963
2058
2089
3
2121
2065
127
6
5
133
5
122
33
1980
14
93
26
639
1713
744
347
205
1966
142
2344
2355
3
2
2334
371
2
533
191
79
863
1875
325
6
692
26
2046
116
1783
1070
1159
398
625
15
687
202
768
126
8
739
246
635
203
41
408
15
9
26
1398
43
25
160
1073
847
1270
607
222
1516
1247
1656
425
52
111
269
25
1959
174
12
352
90
1
999
156
256
16
190
515
318
15
53
47
1072
700
1
849
1519
2451
331
671
11
44
537
1
25
323
6
862
664
1615
293
563
497
54
1
63
266
32
5
123
51
748
110
819
1642
77
73
340
2202
49
132
3
87
996
116
252
1
1240
1058
283
801
512
1728
2
1275
1143
27
706
4
2
732
5
1
1173
719
299
18
238
45
414
1601
803
834
1212
885
297
2
1611
72
78
28
14
269
22
146
174
1304
1021
1542
1369
184
57
440
176
216
1532
1058
2
55
402
1
258
761
414
71
915
317
618
1864
1
650
75
4
1677
417
343
3
2366
1677
2
1
256
56
2086
867
1970
356
858
1138
411
1686
109
832
18
241
1141
2
2426
17
657
668
206
1226
359
152
728
18
2231
311
472
1790
424
222
658
1721
2278
1809
257
1198
1060
734
339
130
603
36
132
114
635
982
2413
270
294
674
501
17
11
484
2
420
141
907
335
4
2
297
609
813
635
370
369
3
1596
495
1762
453
13
4
229
1619
1
3
839
1339
29
3
1
422
2001
543
136
1
1
1
1430
4
122
459
950
177
460
609
301
852
88
183
696
82
36
101
51
1787
101
154
124
2381
1104
164
1908
200
873
72
88
1511
550
815
230
1048
1164
4
2
18
1090
285
600
617
2376
82
945
42
1677
2059
386
18
2420
1207
2493
946
32
588
42
27
1159
142
2171
1
67
1688
1862
2387
1426
1060
1557
144
49
108
1090
69
183
152
230
1786
1
573
4
850
105
3
252
1169
391
431
811
138
21
511
599
19
912
1969
507
2322
49
1909
723
4
951
1883
350
2101
1
492
7
1
188
79
176
83
117
180
13
4
2
63
946
4
199
1652
898
1145
911
1
6
1840
1809
238
1569
1370
437
1308
6
5
1532
13
1
2041
1048
3
533
4
1781
778
1810
389
100
1
38
338
937
1546
1
70
414
4
582
46
64
1285
185
3
313
162
48
686
115
19
274
221
53
18
617
929
1004
31
59
205
833
553
635
37
1637
47
11
166
233
37
546
15
2010
63
36
2
216
875
579
1135
1626
627
1840
3
1327
469
2454
41
755
116
32
3
623
741
9
254
1
55
857
16
2389
80
33
16
173
205
276
310
115
479
65
388
206
120
577
9
128
805
13
186
3
2112
527
497
826
111
24
492
43
724
