182
715
1124
710
1716
256
2455
81
2
9
1056
112
400
6
185
1228
118
2218
255
1746
877
57
423
582
1
676
2085
385
2222
314
124
1323
1088
2060
171
54
1504
1084
1190
8
553
2438
678
19
811
41
103
1325
784
305
35
870
621
2188
34
821
270
2721
874
2059
1203
118
293
7
939
647
276
54
13
1390
27
6
819
577
2529
25
2094
1096
2726
139
13
510
57
640
72
87
9
410
224
644
2196
1789
30
7
2316
945
162
1915
646
49
84
99
2232
2930
238
622
684
304
991
14
1596
58
1985
53
3
2334
943
6
1399
99
342
376
26
20
1665
16
121
75
649
22
353
1143
6
9
21
48
323
959
1012
2
932
1167
106
3
4
1
940
83
27
218
48
1980
72
1993
90
952
558
1085
115
12
1299
28
227
56
2318
421
38
15
1
1255
31
1
103
2692
240
58
2172
758
60
10
714
1171
1497
182
21
235
1778
167
567
9
20
1
561
684
1729
141
37
419
2755
1186
1129
97
343
2506
1503
62
101
139
1039
429
165
675
125
1821
895
2200
261
374
915
1508
944
41
1448
50
378
1029
5
1632
10
2283
2991
4
893
378
35
2
475
2762
1750
1133
2023
78
1219
200
1322
654
1852
358
1711
1781
6
2412
771
130
261
17
448
2188
31
408
2
436
36
2098
463
1217
2626
5
2636
852
1306
2058
55
1876
2657
2265
551
22
8
74
659
2502
110
176
2986
1904
1
975
336
679
265
190
126
460
629
508
70
137
42
162
137
44
966
57
997
2013
2858
1838
2135
2023
17
758
2
1720
347
3
1080
2
330
2
250
25
43
10
92
217
1523
61
730
50
74
1999
2854
472
932
73
1788
1955
112
75
2525
6
2882
1
697
2177
19
2973
508
1
35
84
30
264
2178
477
250
1806
115
562
1
33
7
14
864
687
1
312
181
133
46
24
2522
793
13
81
1551
63
2360
2951
2
95
52
2088
138
1589
1
1189
574
2502
546
5
1
93
358
2242
720
350
1233
100
849
1201
328
687
37
94
2730
433
917
1711
1903
2972
1467
569
2
170
419
1291
511
7
343
2
70
920
42
1383
604
2
1053
2191
1404
852
2832
839
6
687
71
29
36
1025
43
1
2169
2094
215
846
2389
598
4
64
51
40
23
361
2979
108
2035
574
2431
1
8
607
55
102
31
1346
2594
1208
2165
1747
126
593
10
2159
1924
279
2513
1077
107
138
59
1352
2254
19
284
177
247
539
476
118
693
1
2248
69
1023
906
56
20
533
2780
278
62
70
1340
25
2913
2424
239
2318
2
221
363
75
420
99
47
268
26
79
71
37
377
4
98
142
574
2438
24
2009
923
695
452
1053
2148
4
1
17
372
2
181
137
28
1527
118
1
254
1107
918
2162
40
1
762
1846
2
15
5
142
3
94
4
107
17
547
4
1264
1087
46
420
2183
438
1
42
2126
1
123
14
13
90
1944
16
3
505
256
13
3
4
1665
163
447
54
73
204
1752
47
120
563
1414
1889
438
450
411
1018
415
1294
1250
1
84
189
1286
281
58
2
1542
5
2659
1654
18
32
1258
378
40
1368
18
68
39
411
532
17
166
2
391
516
81
74
164
40
466
2139
467
611
358
2253
1
2
193
5
36
419
74
144
2114
3
1
42
20
1
21
118
111
2196
1205
1343
2206
580
409
31
57
90
134
625
2
770
36
28
98
607
1309
578
13
18
1868
425
5
17
1320
9
12
258
1428
478
53
2779
1258
253
1695
513
391
2395
173
1208
526
1011
720
2
279
26
2488
2598
890
474
92
1
8
5
473
726
1870
6
8
1536
1240
83
19
2044
322
1122
31
199
411
4
131
2386
5
14
2291
170
852
2291
1398
5
1272
28
2000
2
710
2
623
653
26
618
19
1
546
201
109
15
1302
4
20
2217
2745
4
4
137
11
86
851
1890
2735
154
7
84
12
2533
6
603
1
1230
125
2636
486
400
611
91
1
405
26
1345
118
865
276
1444
129
76
760
195
136
357
232
190
2415
1352
2944
2282
251
1
111
809
13
1858
8
156
123
2550
1773
199
2037
851
3
4
338
1
425
15
417
11
1896
851
3
1498
108
890
495
906
344
2910
1
39
5
205
1330
2083
1662
178
773
20
11
628
2519
36
1
1523
191
476
599
83
1278
91
21
1295
1960
2550
2603
26
2
23
1046
1645
29
438
905
2
2940
2841
12
4
4
48
451
98
2541
1
1171
595
2377
585
14
178
2
1394
2945
163
948
11
1812
220
1291
112
196
3
15
126
1691
225
620
1259
151
11
735
1
1339
1656
737
62
10
10
286
6
2316
362
12
160
2565
350
512
1599
63
1679
1272
424
1987
66
3
5
339
1
23
131
59
19
115
367
5
1993
70
1488
48
1706
996
832
1658
116
4
38
1
2212
1
82
335
77
3
1884
118
200
303
1689
657
976
70
2123
686
133
8
3
92
275
401
157
879
1
2393
47
3
58
1104
2120
14
9
43
654
1429
2
81
108
1
71
562
7
82
1780
2839
178
475
1377
2288
195
2177
219
11
1976
402
213
1
155
3
2198
2487
29
4
2006
625
32
2042
3
1216
2131
6
346
1108
184
304
286
223
710
238
739
181
2159
40
1519
1235
363
1679
2253
10
86
16
2949
254
42
1432
2520
30
743
11
173
48
13
2202
9
361
654
300
1289
2802
953
1058
301
1031
88
1999
148
1658
8
1976
1485
9
547
1
8
1679
134
869
2
194
24
505
1947
20
21
1757
137
1525
48
10
56
1
129
1357
1886
14
667
454
90
1992
46
619
114
1871
346
10
2130
1149
26
2968
14
1469
122
377
768
3
50
217
2278
59
1698
426
435
1346
1795
2951
123
1549
330
2738
914
51
996
21
386
2034
873
801
248
28
566
9
66
4
111
1845
1531
2269
2850
1917
2293
3
1627
1384
1
2692
1372
375
1435
73
2520
252
411
377
742
202
2347
284
1059
1231
369
39
30
2220
1
33
29
409
29
1222
2963
1
603
508
263
23
83
874
402
285
1519
1932
38
105
8
285
47
164
71
2000
2
2
101
93
2597
30
8
71
890
2216
2601
14
600
109
2426
249
2835
27
32
472
2205
197
22
62
5
73
840
218
184
440
463
414
1385
63
381
1
5
444
18
2986
23
1578
1881
1696
103
198
2922
167
2577
57
334
6
402
1170
293
3
346
183
29
239
513
15
690
714
523
77
28
282
1087
2853
928
8
681
1298
915
160
2907
68
755
2
1301
15
1707
42
838
1366
1027
1876
2173
71
17
502
43
26
790
433
49
68
121
1170
10
782
154
2046
8
184
741
21
27
69
861
34
72
63
111
586
285
231
994
316
2544
227
26
1621
1109
44
1872
1041
917
86
963
547
2914
244
62
679
1374
177
1013
380
78
209
7
1963
499
1704
2138
171
98
114
427
128
170
448
254
122
1130
2384
6
100
2391
1
1309
1619
19
198
1863
475
1634
1843
2777
469
1985
2482
300
8
30
1283
2
545
3
542
2
120
1512
2478
316
1048
1180
27
5
5
147
1648
686
1457
1299
560
17
1043
92
1
96
587
1338
2569
1944
5
83
2
20
255
5
82
97
922
2657
131
132
175
1130
2426
1
165
1057
2177
27
1429
49
933
118
12
2534
97
2281
484
1
2688
36
305
1961
506
2720
44
17
6
9
540
1953
24
992
31
1705
4
141
898
295
1851
279
1876
48
2122
118
1108
117
222
45
1868
132
103
3
2096
2050
6
621
2916
108
1
90
2215
96
1073
610
7
13
1253
41
1
2140
494
745
20
155
121
91
398
101
77
40
1
145
2
2
29
604
2383
155
56
911
9
360
5
4
2907
1369
74
506
42
31
34
350
28
328
221
4
113
240
313
2202
1438
29
17
28
86
17
115
1463
259
195
629
1538
1540
11
1909
447
17
2444
436
60
1097
6
13
429
281
62
187
459
2
266
750
220
613
175
23
2201
2943
2218
8
606
33
1815
1301
478
5
1978
602
1305
3
43
2135
156
1608
233
1198
71
2369
61
397
294
1104
993
2
14
13
157
962
170
920
1519
524
1923
65
1586
3
243
1259
344
1091
23
2175
11
27
6
1278
962
199
3
12
1323
2
3
316
147
710
10
95
1529
2126
266
23
25
1467
30
7
417
289
122
44
220
2755
28
23
780
180
30
2355
236
2326
22
2308
98
377
2159
4
678
155
170
20
291
474
601
428
1309
2
1231
3
465
188
49
685
923
9
233
591
40
505
1970
27
11
911
4
15
1318
1597
9
405
1473
1
2734
6
541
1208
609
472
561
6
114
262
15
110
409
1219
187
12
696
721
215
5
678
5
2523
155
1550
1223
211
31
251
2147
258
199
2829
884
1094
390
1
284
1169
1
2958
1230
14
721
1491
444
2954
2130
10
431
2704
2933
2976
310
207
9
126
447
2859
930
491
1185
743
2
146
921
191
202
1821
452
261
2463
877
2248
2103
12
695
847
1649
74
550
1135
155
979
183
2993
1624
475
30
1495
708
112
1337
39
4
12
1155
1389
31
2
1115
3
750
6
958
102
22
903
113
498
4
1402
276
342
1412
561
532
1950
1
1019
548
24
1049
117
1
1251
2076
1969
1450
1479
1
446
1423
6
21
1368
7
14
34
51
459
3
40
220
2257
43
95
1953
184
935
250
29
30
33
13
69
608
89
86
1
197
585
26
1136
809
81
2561
1824
1449
2623
596
71
61
1982
26
61
6
1258
111
50
576
138
5
1749
297
330
1500
2997
944
2982
79
139
546
2391
160
1
202
62
679
1032
33
2551
1240
1214
1995
264
53
216
331
51
261
1037
14
1040
101
21
1061
2179
6
2
1008
1457
1150
40
188
13
6
540
65
1984
16
652
439
41
36
156
24
326
11
311
330
6
63
4
538
15
974
2666
131
3
2
1063
1
28
29
1669
2858
358
183
1436
125
270
269
498
1953
1
122
1413
909
129
2391
2947
474
1269
230
1719
575
421
449
36
15
2273
1983
1370
96
2298
1
127
444
1166
8
1000
316
1011
46
1682
82
7
1036
148
1149
3
2
2158
2101
1120
1817
778
466
3
1
1
211
3
879
1325
1169
684
137
37
1367
834
2517
4
162
737
110
742
1029
824
18
229
1911
1979
1
8
221
288
1414
1738
2407
1778
12
625
29
14
1490
285
1665
1088
582
167
239
65
67
1306
3
25
1318
307
17
2559
6
2435
1
550
362
1388
35
281
1696
2219
1
162
8
1727
1078
264
1
2084
383
1938
731
8
486
2627
1205
2883
3
5
53
10
2005
2169
562
25
125
13
2173
834
1905
679
478
818
968
2156
2
50
103
227
2
1287
1133
2647
186
1166
803
35
1047
2057
2813
651
40
536
2
18
11
473
2162
130
15
2158
347
21
60
1968
110
575
1649
68
117
6
1507
1077
2254
56
536
697
19
198
36
12
22
254
309
14
377
322
1
47
2579
5
1701
40
247
1728
913
1
1916
2702
378
2914
31
10
1
15
1227
1133
50
146
7
466
377
381
2531
17
92
269
154
504
501
214
2628
2931
208
4
577
1002
265
880
28
1404
2
3
127
2
918
101
904
155
2418
199
622
33
64
923
609
29
512
618
1069
467
7
16
48
2188
2178
418
305
1890
1
43
34
376
83
2559
309
46
1365
868
2898
2012
1
594
1180
4
87
2634
1768
756
41
1905
3
815
1
769
1725
1989
189
2138
63
2036
5
158
1938
256
78
41
270
77
576
650
2294
1
703
1082
15
9
2007
1114
2980
58
57
183
1
2421
1082
353
8
15
87
160
1025
73
862
211
184
2134
96
157
771
25
126
1
569
2361
4
2
134
858
1925
27
698
81
528
1968
128
682
1
1
91
2
2737
266
14
4
2
205
69
535
1682
1534
865
820
3
4
33
719
1
1451
1137
24
334
1885
292
31
1967
687
123
97
698
74
1603
1
1692
2128
24
85
170
38
198
1
2748
2766
19
1351
3
1115
153
27
1292
157
119
35
1411
1562
113
1450
723
159
1
1064
1610
69
35
810
36
11
145
439
211
650
1757
1336
1695
420
1263
1395
85
796
473
41
12
5
377
2500
700
1878
699
2855
1181
131
419
198
799
654
120
571
2682
2633
2152
258
26
351
62
224
864
374
13
649
972
39
21
1738
42
34
273
396
97
1533
9
1062
338
2004
30
24
61
651
1653
97
382
291
1214
1442
1
267
22
7
1238
112
109
5
208
307
1749
2385
220
1310
1610
106
2
329
12
1370
347
9
29
420
13
989
1094
386
10
1036
1818
455
408
9
2799
125
96
61
112
83
7
63
601
221
1501
47
2567
720
176
81
8
415
2114
798
403
23
519
65
2283
1944
920
2212
27
250
644
32
1669
60
456
335
94
1019
186
2329
1734
124
56
330
102
636
271
2322
774
151
16
590
52
2063
1245
332
2059
251
1537
483
298
222
7
201
1834
2140
52
1669
438
653
950
481
139
2296
557
100
1094
221
240
331
176
6
393
81
512
665
268
500
1331
1268
182
56
573
157
1530
451
7
17
12
2267
1812
480
2
206
539
2641
2390
1525
1088
3
23
944
4
410
262
809
744
2903
249
92
207
885
179
1975
1065
12
368
600
123
106
5
2007
1154
2296
8
1
288
569
1219
2375
2825
820
26
2581
36
336
736
2905
29
11
899
173
1287
24
102
2568
1882
417
266
2777
309
12
891
2231
70
224
1829
2975
216
45
18
426
100
1806
1091
46
359
113
10
2
1274
190
9
15
369
14
233
644
235
554
788
776
24
33
5
9
577
31
377
42
65
2941
1165
20
1
16
1200
640
141
1274
2312
16
748
341
44
1004
1
1649
7
263
774
36
2
552
204
277
941
2143
748
1
135
10
534
1717
1
274
405
7
710
1717
887
1580
1270
2093
19
551
5
523
9
283
43
14
706
2633
18
144
707
1661
2548
2503
1
17
2418
2440
9
383
106
504
8
24
2326
2263
60
798
2639
1002
645
122
327
2444
29
184
201
54
1
107
29
9
51
118
442
5
1087
228
46
740
242
1596
6
693
1779
1404
733
2288
3
137
70
1622
9
1
365
208
250
268
406
1391
1037
245
469
1
135
5
17
101
174
429
744
232
12
46
5
833
80
357
633
2263
1473
1591
1599
10
1370
1467
2
10
1721
316
1014
671
18
106
141
9
2485
677
675
2180
37
2854
5
3
1192
1803
263
123
16
30
209
20
834
98
63
6
3
25
371
1692
154
320
1221
6
1886
107
48
74
5
729
2001
1649
1713
2734
367
415
1078
436
25
179
373
2071
150
51
3
2
1612
1732
66
175
8
118
506
549
664
3
7
114
195
2368
2553
691
106
217
1109
5
620
2269
316
2103
210
64
2930
1
691
643
368
1512
258
307
528
1
1486
21
55
244
123
7
1535
54
2915
3
1700
1261
990
15
12
730
2
6
251
126
715
198
1
91
275
31
32
739
2
516
1
99
3
19
5
1
1594
1
1058
133
208
129
9
615
1
93
1509
24
252
356
409
1634
2143
530
2
81
225
1650
1
101
1995
861
1164
5
2880
6
2081
1
930
10
958
2128
848
976
145
2585
1142
789
2582
748
2
436
618
153
2
631
34
1405
12
4
73
147
3
27
2663
646
1988
175
59
20
1840
1015
4
37
38
125
900
1258
591
1651
2673
885
1754
691
1669
2379
15
15
462
867
3
51
3
236
378
1595
1
800
1656
601
17
192
779
4
6
1136
45
2884
21
156
7
2255
4
892
593
127
144
14
4
39
1561
745
258
139
2666
1833
242
2530
1871
2330
995
147
16
372
285
29
253
40
207
512
1122
2750
5
385
1269
2989
1
476
13
591
2
189
163
6
723
2590
804
263
1084
401
1046
7
3
28
4
37
43
1353
4
216
17
189
120
1343
2689
15
171
16
2
158
16
2
2
109
7
2209
1991
2496
140
1210
2329
6
1609
1826
1509
213
20
390
371
1660
3
241
3
714
6
35
12
9
10
860
126
937
2
2022
1267
26
1175
26
1
1819
78
141
101
369
247
33
37
8
1306
8
846
2925
2128
389
105
1598
2675
11
133
9
1
214
341
541
25
339
71
435
146
2165
1953
1523
6
134
2302
353
1376
29
976
323
285
76
1423
2339
21
5
443
973
30
12
493
30
1674
2207
1012
7
63
427
1
30
1270
2615
2347
1
944
190
872
1
1486
171
13
38
1159
1
11
36
991
64
67
1765
506
272
4
60
622
118
139
1228
2637
514
547
48
189
450
1553
200
928
729
8
13
10
2197
2
204
2269
48
10
15
600
1
8
2824
1
8
246
1722
1768
280
2669
37
6
1168
2704
1
279
520
116
38
22
1
90
2666
800
2642
9
226
27
2829
449
349
1
153
2039
455
81
2208
13
70
157
1324
2387
1
2435
53
2
1249
77
2085
1200
1
44
1316
16
647
157
42
3
30
2
553
56
148
93
694
337
910
2021
190
399
699
1429
928
1430
2675
735
1
1
490
894
305
2202
20
82
242
1
16
2161
1126
1
2358
1079
1008
17
1129
828
362
3
3
1604
296
5
986
718
1
1146
83
1925
1255
1
124
59
87
1107
520
809
9
32
3
13
367
2476
4
430
726
2435
81
38
1926
1148
235
224
6
2665
2434
14
496
1044
70
83
133
21
4
178
3
237
5
2
42
266
160
246
107
196
654
976
82
317
15
2095
487
17
290
329
663
6
78
2683
384
4
235
1015
237
165
284
204
2963
627
27
1029
206
1498
8
347
1175
207
109
4
514
729
2945
1468
18
1311
2218
8
19
43
2
3
82
1095
2107
110
1154
2858
125
502
25
334
1016
151
9
15
2145
2060
127
233
25
1
13
1029
646
38
1
7
468
27
2646
242
2
391
8
9
2
64
7
299
1879
232
1
8
12
602
119
14
979
220
1553
891
24
238
1398
229
352
1555
2285
2852
2389
2069
1241
1
1658
351
2803
115
358
2394
1491
64
794
7
19
20
3
35
1625
122
1
18
2454
778
1139
80
455
606
258
71
29
214
188
1082
110
4
535
33
1499
735
62
2
1061
2042
1
874
32
151
1740
119
1180
123
505
1199
8
17
1489
1004
1322
82
1
165
660
156
1173
159
349
19
1257
554
39
2538
25
35
1291
2713
1033
75
77
76
50
1392
482
5
69
280
287
1836
1488
156
79
10
1283
2
7
33
42
1052
7
2489
186
31
14
625
1950
2634
22
2034
482
459
21
20
237
284
29
1739
21
279
1762
2078
105
35
5
1247
485
575
164
830
119
1371
1
1058
23
210
294
113
1
179
280
333
524
135
1
281
924
15
3
1
1027
89
2
3
249
2745
161
242
1
27
502
1430
1187
1644
2863
1
1150
2
6
1776
165
351
2238
191
923
1177
210
293
36
973
2770
93
678
3
225
2197
1047
483
4
279
712
316
1391
2205
33
600
8
288
1259
2096
158
729
2
2538
2016
2
830
2368
2425
1907
1498
479
4
408
1617
826
1
1641
2119
322
641
4
257
1313
383
228
137
7
3
18
9
1345
7
1251
815
100
1
62
13
1127
53
21
9
2
92
46
351
62
305
686
2864
848
121
100
1
30
1174
720
14
57
83
46
1
73
289
1135
2203
2
216
343
152
1
486
1705
76
326
175
5
882
2381
1775
3
470
248
497
2863
3
257
109
1361
1802
91
216
261
1449
1
1462
1179
1
111
1
1975
5
2001
130
1
151
346
185
18
37
3
1979
2464
667
1381
427
1
1753
515
317
795
47
500
8
828
661
2707
168
713
154
1652
4
2117
119
12
557
214
2760
2922
234
137
153
2241
1882
2367
1800
77
465
104
279
39
16
2722
143
697
1139
116
13
3
27
23
1
13
207
720
2318
1521
1306
1772
1571
927
353
15
675
62
63
1926
24
782
825
8
11
1811
345
437
1580
77
1133
269
1888
108
1865
7
2037
687
2071
180
533
4
47
1237
338
239
2240
283
1148
9
283
360
2136
441
1165
513
69
1030
2059
15
91
134
46
319
246
9
193
2637
1491
161
1087
1469
161
615
2755
2469
232
2303
5
350
134
2163
263
279
1007
930
1860
19
873
130
2432
111
1367
500
2246
1
2770
26
49
356
1259
1
90
420
4
2331
112
6
133
376
416
219
179
173
617
2
304
1850
39
105
69
49
605
1101
1559
112
16
1235
388
3
280
64
543
1870
219
278
1
712
325
810
766
860
10
828
587
13
2
373
1
485
12
3
1213
2957
228
2798
324
1508
450
2
2934
352
941
2006
2001
2
11
2752
290
2551
306
3
371
2877
1475
46
2703
212
2304
1199
77
2325
292
669
92
227
23
167
56
13
23
128
2954
380
13
2092
571
13
1
1
58
901
82
820
415
1094
8
1
10
13
280
86
1088
1
1264
517
1114
165
216
79
140
9
1927
1911
69
48
1006
95
2961
10
2
7
726
209
109
2
53
1
41
29
2994
1539
4
11
13
2
134
49
1
2470
17
164
1414
2928
216
2211
105
573
208
1334
760
156
280
1
784
320
24
2827
16
235
8
376
14
2
515
74
1290
1266
80
479
129
683
51
11
4
545
254
567
1620
1335
284
13
206
2358
1110
2344
150
76
261
2985
16
774
1310
77
2
435
45
23
198
9
68
399
2543
519
20
36
4
172
2438
686
399
42
68
108
102
879
82
2348
239
37
768
403
2413
721
1
1530
258
1437
7
1860
82
171
85
1572
2699
1161
844
1080
823
289
889
968
319
3
9
311
463
31
184
902
1045
876
2
1199
5
1175
2471
2577
1904
603
14
568
814
1
1916
1
381
40
850
1
1
748
1359
134
26
430
2145
145
2160
46
33
1
39
1
111
76
96
963
26
781
175
372
20
8
4
744
777
482
7
170
16
2633
17
806
40
750
440
680
363
1964
616
292
230
457
95
35
2526
28
52
16
2125
2181
431
1
37
344
1865
1
652
2588
2889
870
1444
410
1657
456
977
435
1
1714
538
916
58
1116
7
2376
2
910
94
1331
87
1
146
185
300
6
659
902
81
2454
3
2
1
76
294
4
307
1034
1040
1
675
81
34
246
52
827
43
7
205
641
1471
1
8
1139
602
4
3
1
1193
42
398
232
608
1639
130
963
7
388
854
96
113
2788
1477
787
76
10
384
405
2386
254
28
1153
2503
782
637
142
2177
741
3
547
2052
1
12
120
402
54
1212
2011
865
2655
1837
2
27
191
340
148
195
19
17
724
2535
2973
7
420
1188
260
2059
1
71
917
67
1044
90
1029
1813
10
1265
2859
650
311
1093
214
2714
2506
1
2
465
12
526
302
1271
2017
16
3
480
7
390
34
49
385
81
70
382
184
455
963
179
2213
2
147
696
2
2
619
27
366
49
16
38
44
1326
10
124
897
1
2445
25
960
197
2002
4
220
38
407
2373
912
163
2114
66
131
205
45
111
599
863
1395
11
8
139
690
1406
549
346
1183
16
384
374
2977
928
104
17
11
129
74
2010
159
374
1214
3
8
7
231
1113
964
10
203
718
154
1222
276
1072
40
51
373
69
415
1321
760
16
962
1332
1012
396
37
154
170
1228
32
3
74
901
6
61
686
10
266
562
67
75
221
96
2143
43
2317
2777
1536
2
1158
1870
1696
5
15
312
1067
2333
1
5
14
430
2059
561
450
84
1
154
1293
12
90
9
420
256
97
208
1119
9
2
918
542
9
945
25
2
234
163
139
205
727
87
33
2004
195
357
1171
35
2075
63
75
1775
2621
2
1323
640
367
2382
373
2687
1
1825
8
650
257
1753
467
148
141
202
76
2361
975
1
14
915
20
34
860
583
4
2
142
84
3
1
97
44
1401
2378
75
2431
238
632
513
668
1572
15
9
223
3
142
569
29
158
2470
223
1998
6
19
12
608
605
817
19
761
312
123
284
2655
220
2069
323
25
21
96
392
873
834
1
160
3
1458
2759
18
13
818
144
2432
1918
2
2998
655
2
1
90
265
8
22
41
60
3
752
15
2341
61
213
63
556
2782
1486
288
190
3
1424
2333
10
56
674
70
1213
86
2
1700
1525
445
15
252
3
578
8
388
233
714
2003
144
29
94
40
378
68
43
1
5
125
46
33
9
107
1133
442
1524
1
72
23
55
515
12
3
2378
26
1019
7
243
1493
1370
28
1078
242
347
1054
4
2587
25
753
2960
1560
8
1
1
287
458
1916
5
193
6
176
6
1
386
167
449
204
297
1053
1
161
1026
2694
2344
1013
5
631
13
241
253
2357
317
1901
726
225
8
25
1163
56
2227
891
14
25
1551
2801
2114
2006
2458
4
547
18
1892
737
1
2688
759
2262
1
321
745
1
2485
5
1296
2853
1080
3
1378
152
69
158
6
16
29
417
1
419
3
703
154
101
2
608
38
850
1186
5
1957
936
31
5
29
96
439
450
1108
1734
2976
617
216
185
10
2458
87
135
108
2285
859
532
1372
286
533
1001
137
315
1092
39
179
995
148
2180
1
1216
351
10
16
2284
14
1022
219
2069
697
1255
2241
20
97
1509
2059
2039
1414
1899
28
668
189
14
1003
40
64
690
195
5
755
287
994
2932
709
571
153
244
443
2925
2438
1
941
66
125
65
12
1237
2117
2577
454
83
204
773
2129
87
5
1
839
4
100
265
1785
1318
1240
1573
404
266
2254
1118
63
2937
2068
1
17
2
413
2743
9
10
2506
1979
118
1032
246
77
156
555
1
285
72
2
6
49
2754
1
1170
366
565
37
25
4
30
18
206
780
51
2969
216
718
259
1069
35
80
182
1
64
2254
126
2889
2392
1161
104
148
67
837
104
184
616
80
970
905
1888
5
268
69
1070
269
489
377
519
642
2800
524
1674
130
1695
60
937
490
161
1604
1514
4
86
638
971
948
162
486
2483
2425
4
2327
1278
57
1491
44
7
206
747
46
2516
188
173
564
1684
14
12
2279
701
8
2155
1380
941
115
17
33
1
1
175
2623
24
128
870
360
427
985
34
305
2467
293
787
317
547
1780
1207
3
1154
13
4
990
2908
148
174
101
222
2780
825
26
978
179
192
818
6
2
4
2833
223
1700
290
770
179
752
1723
1716
142
884
78
4
316
812
17
428
5
1292
1
331
18
1049
362
2
1770
150
2459
213
119
871
638
543
198
7
1
32
2803
51
890
22
149
10
391
213
87
1449
2079
1233
958
634
1
221
1184
467
258
57
1055
54
9
151
2758
2
1
278
446
562
1216
468
3
745
2482
55
428
2707
17
183
46
61
401
236
396
1749
2199
2734
2560
1546
3
115
189
1510
49
216
8
2298
197
154
2338
141
27
8
266
74
1
102
104
7
494
221
2296
288
334
139
1383
1624
2618
799
332
361
1238
6
205
2984
37
1636
756
1
23
29
3
7
65
455
2406
139
460
168
2
2060
449
6
458
36
135
1
75
97
711
2578
355
426
17
61
498
1362
374
1304
351
16
48
2
766
7
14
2366
1
509
557
356
2946
3
1788
1290
70
79
583
1
50
163
1047
529
292
249
1191
1534
390
1027
84
5
1
268
34
1428
1263
450
512
2
2
740
490
2274
4
2
1
2651
197
1257
243
2391
232
12
2
2186
525
182
1016
2701
497
2
126
241
123
1149
1290
393
2512
742
976
122
1
475
1610
1322
2011
1910
561
2036
839
2162
493
626
2383
270
16
478
28
57
768
9
85
486
10
2389
2173
867
31
230
141
2
1872
412
37
1128
17
339
2638
1210
320
909
1703
2315
609
1381
719
467
11
1232
1922
2381
1
1534
624
18
458
394
183
294
13
1806
878
48
1618
50
47
464
150
299
79
2779
83
54
436
1411
254
421
82
346
190
558
21
8
7
1270
481
190
95
7
235
5
11
2908
11
736
119
517
70
1512
2321
85
4
606
337
2
2406
23
838
1299
1
435
725
1868
64
104
397
13
894
59
23
330
360
94
815
2
3
228
1542
319
2462
423
1154
693
9
2233
44
1248
51
1431
464
769
23
1
4
880
190
617
976
733
725
402
2591
843
532
667
11
2645
1
3
1463
17
1109
621
2976
240
2346
1782
2750
2212
44
133
906
96
3
1292
125
425
96
93
176
364
30
23
794
12
1884
178
1087
266
2739
190
320
2486
271
275
1805
161
1965
47
396
9
2962
7
76
485
2
265
1641
141
259
163
70
484
27
1230
115
388
10
15
95
1363
1
178
11
306
397
102
9
165
95
108
1344
90
184
329
107
2
703
2890
218
153
134
1858
2
50
1
2075
396
1586
1252
1
82
693
326
2920
1
1200
3
128
58
580
14
1936
2427
159
8
241
1968
1
78
2670
1098
7
1605
40
836
1
1731
711
13
1818
33
395
2818
257
1165
344
8
3
284
1229
76
36
189
5
2
103
2
12
176
799
8
958
2
1461
148
761
145
2512
45
2022
1613
1
92
783
4
5
354
1923
424
142
139
36
82
7
391
9
546
7
27
1603
1191
1
43
5
207
21
26
48
41
568
469
431
32
1564
1753
136
126
972
11
2926
3
358
51
1168
830
2038
285
25
344
15
41
574
6
1311
174
1230
63
1057
1494
40
626
1326
1194
14
8
1907
82
48
2019
9
4
33
59
3
730
972
11
2140
233
11
2451
2419
932
42
2261
2
173
43
934
1669
1793
27
195
186
236
632
1342
31
138
973
32
2
167
1
257
18
67
14
4
175
667
1075
347
2392
2977
86
5
300
112
2014
74
308
986
301
4
39
2
2695
101
134
2297
41
269
2713
1596
2222
260
187
1743
395
1467
373
6
2096
47
28
1707
2287
174
1274
754
223
32
26
1588
46
415
2539
2107
4
93
2379
1101
588
2377
4
6
28
360
8
9
7
1445
1
2438
219
471
427
347
160
2018
206
6
484
70
1322
1522
1991
916
2425
652
2
11
142
245
1271
2599
671
123
2447
54
438
2
1790
1406
1297
450
2
174
2202
223
162
59
103
39
135
995
640
6
2566
21
10
10
60
1300
3
2574
708
1826
1831
568
65
516
384
71
1869
2043
574
48
8
1638
967
1062
2719
50
101
885
313
160
1632
124
259
6
301
14
1
515
25
427
2763
6
1362
14
1692
5
1649
337
413
324
19
14
2326
697
2120
22
2017
2933
1964
30
96
425
2743
542
1
260
12
336
21
43
949
1389
1737
158
7
44
294
1436
2111
2204
2
763
57
746
1467
326
2935
2589
1926
3
920
72
5
408
132
33
10
1
812
3
2768
30
741
402
281
1541
1643
416
2140
59
2771
148
225
31
827
1262
434
1
1485
52
601
35
1671
89
1608
447
2833
1345
2680
101
14
47
495
1824
202
5
2113
2270
109
538
1
132
424
1437
1
45
601
197
121
819
1006
651
43
326
1412
41
795
240
3
9
1914
56
718
161
4
1461
753
190
419
428
297
538
812
50
80
2036
23
1961
488
187
2087
6
2064
1166
54
9
15
796
326
2047
88
1082
47
1116
32
119
2
1
4
11
14
1916
898
34
1036
201
314
349
1593
2996
183
599
548
1
207
4
2320
1
42
380
550
28
2327
296
238
170
514
1271
129
8
1158
2236
2
946
162
125
2
2461
1835
210
1
813
2972
44
119
2396
1258
842
6
5
140
2
720
1
10
1550
65
2536
483
36
340
12
8
354
6
428
21
271
33
313
532
828
1684
436
957
4
212
1216
26
1957
32
1350
1
160
20
645
1
203
2076
1490
502
385
2134
665
953
189
75
106
490
2
2917
2242
136
952
30
1818
501
2114
51
265
725
97
8
855
769
1205
1436
864
5
2
174
124
3
2992
341
629
1474
832
66
2
114
364
1026
2310
2051
1926
97
51
810
22
1
43
350
2822
18
87
1
497
670
7
23
525
507
508
112
43
62
45
29
175
10
221
1731
79
1060
192
159
11
1438
2363
2169
29
195
4
147
862
600
831
115
199
172
8
1748
1213
1603
239
1
316
267
93
62
24
2
156
2643
12
2934
1406
6
357
22
1
32
3
4
21
3
1817
2893
25
2917
415
409
23
6
177
1596
158
6
189
114
753
6
89
207
12
128
1045
201
18
270
2779
4
771
2420
452
2665
464
175
25
216
47
1027
1822
1538
808
188
2096
1967
2612
92
596
104
87
2258
71
510
606
85
13
96
363
1347
1
112
84
1621
540
595
15
1
777
8
1039
7
342
1758
2
1
593
435
1379
750
3
760
19
122
734
421
1678
1527
885
4
54
59
193
226
1970
2919
1992
1
1095
27
68
12
445
172
30
1
162
741
1101
2765
34
237
1567
989
477
1039
1884
141
47
1179
17
66
106
2
45
42
2319
710
1
2727
30
7
98
2
16
1172
1
35
4
178
745
1556
2
2153
440
71
10
2185
11
65
18
1218
807
1118
1
569
301
4
167
1286
2522
580
1
1367
2598
7
388
1207
807
20
12
828
571
317
2240
225
96
528
496
304
638
43
1
2
1621
4
750
2514
1333
35
5
956
60
696
168
1759
133
87
1611
378
6
1
11
10
693
338
1
3
2960
661
112
127
533
375
77
2196
2
224
663
111
174
983
491
2
23
2305
2755
689
274
2123
2
1126
16
785
2376
2
577
2582
372
305
80
1446
1
907
1346
850
2892
1025
1605
1816
2737
8
2983
7
565
219
498
53
64
19
14
2774
91
319
3
79
368
1220
1060
16
66
171
56
50
404
119
43
1075
90
346
227
86
2
32
462
2887
122
2144
192
1238
2514
738
485
172
42
800
1865
1448
1301
1878
247
6
565
1183
28
1964
2525
434
283
352
582
76
19
1003
67
223
7
519
69
296
31
156
348
11
624
2666
21
1275
1122
208
1628
117
44
847
49
15
225
589
20
2415
27
423
3
1183
158
870
194
48
2053
335
838
7
219
33
358
90
1266
13
800
52
2363
48
1579
2477
60
12
2944
29
2
1676
9
47
280
67
1099
46
104
425
937
51
175
67
53
109
18
2089
48
1805
220
157
32
342
2438
23
842
123
9
27
320
340
156
10
44
10
387
51
1596
3
92
557
1
811
131
1271
45
2651
583
138
168
809
188
264
1010
90
1282
613
1
27
18
657
53
53
708
298
2867
1
422
7
896
2592
143
239
1836
836
956
2542
95
2968
408
16
1952
41
2152
142
6
11
266
195
238
777
2157
74
28
7
117
448
314
758
121
2828
2488
2031
12
107
260
155
33
20
816
784
149
1667
257
6
149
47
45
5
57
407
224
798
1169
321
2081
507
434
810
451
407
2511
2012
677
300
526
2208
1226
213
136
1897
1
1
1671
6
180
3
119
16
3
1
519
706
172
80
1860
1126
1617
299
29
10
3
1
12
1784
2085
43
683
382
1
13
9
2551
162
1897
1052
4
38
33
5
554
20
111
42
5
867
729
545
314
2292
1245
626
2
1194
600
32
967
1
1
3
59
8
1897
1712
435
9
55
244
1457
2575
541
8
62
940
173
2845
10
291
86
1021
1401
20
196
1026
3
32
80
2282
15
658
32
23
8
536
107
47
145
1547
1009
2467
94
818
16
2
2159
6
1141
114
162
3
186
12
572
196
2154
3
160
15
145
405
374
428
386
24
7
7
9
2362
137
1534
378
79
10
20
5
289
2511
2748
153
698
1
30
2715
1759
313
1694
34
7
211
6
35
1787
312
379
2
71
11
2
424
246
1250
939
12
127
887
8
1
1132
20
27
1578
1503
170
10
1248
897
2837
122
2813
1175
65
41
1314
1
129
2438
1170
382
4
2059
6
1120
218
2126
473
111
568
2440
123
71
487
126
367
65
874
2068
15
1597
101
1201
114
298
530
766
1622
2075
20
20
200
31
155
116
604
9
70
1706
36
1656
88
192
197
20
155
2586
275
935
4
539
220
2249
79
298
633
2572
83
2758
873
99
418
139
539
1588
217
3
444
314
30
2353
2005
83
344
146
1564
717
2585
2920
78
2853
220
36
186
1068
1820
31
1535
115
692
295
108
5
160
531
699
726
1431
507
50
62
306
2843
1146
104
20
3
124
2498
414
38
852
63
1
44
504
73
105
138
27
175
416
102
4
1
2
1870
1052
1
8
143
2011
1608
2013
5
10
270
385
2562
1949
121
51
162
114
35
36
1048
708
2993
1151
1974
134
5
21
456
478
1980
67
868
1935
1043
138
425
1336
1717
87
1072
109
314
1559
1267
22
462
1390
379
226
80
321
331
700
1157
7
377
484
1897
112
1
279
112
2
2649
866
218
1920
181
545
29
297
2432
342
29
1226
240
1219
10
7
751
1653
1
64
47
2068
260
34
16
161
666
88
123
165
1121
157
690
1045
2381
2
435
2987
2909
132
2039
12
451
325
847
52
4
53
1782
199
1785
38
505
47
1
592
1
43
51
1163
1255
611
1814
1663
2255
1
2361
1241
3
16
1018
1542
1222
1
62
1
253
226
56
2275
567
376
470
44
308
495
1221
9
35
758
990
1
4
2696
555
2156
456
440
6
131
49
310
18
914
107
106
1606
7
104
39
1207
7
183
1701
590
1334
2
37
1
277
1477
2530
1
219
679
8
462
395
1715
544
2096
8
148
174
73
48
66
255
17
260
117
374
593
172
1087
1176
14
7
1285
761
345
47
2856
265
140
1293
8
144
249
1333
2123
6
1
2
880
5
43
16
1692
1433
616
28
1036
3
2836
46
220
7
236
591
2094
5
731
852
32
988
1
316
2
23
1182
909
269
282
1293
193
714
1
1451
2
2026
76
607
894
2409
1933
68
26
164
51
1411
409
485
634
1390
1770
10
52
622
1595
1691
371
133
2030
930
1919
2381
2571
287
6
584
160
257
2
371
301
2396
265
6
897
918
2091
297
171
1539
1334
1209
38
67
2884
1
1384
101
659
2239
1555
1
1
2368
1
7
16
17
2251
555
2926
257
43
2131
1
1261
172
314
4
1785
7
1111
481
14
262
37
198
1692
5
897
39
741
264
879
294
2840
580
16
132
1
781
194
120
2924
178
64
68
688
3
1015
685
2603
6
539
25
1004
223
676
1918
23
40
394
848
1818
1690
581
2
167
64
152
281
219
510
3
134
2377
47
1643
1402
224
20
226
1062
320
232
41
533
423
63
29
3
156
5
1742
277
171
1401
3
6
1403
836
1382
2776
987
1140
2965
2109
1812
200
198
1555
1371
475
38
636
2
20
2197
1258
58
1243
352
605
1
7
8
47
138
2164
72
57
2811
1512
21
2
235
111
2805
1347
11
41
24
143
13
55
188
785
1044
809
8
1168
14
373
1
1271
97
2482
2218
10
658
272
32
2358
108
10
154
1
374
1158
1282
55
56
147
14
2125
287
332
186
64
1950
96
93
2
2499
35
1187
379
199
1188
1327
355
46
1165
32
1441
9
653
1018
15
2174
1868
236
1890
437
2215
2454
950
465
24
1923
1878
2117
492
28
147
16
7
619
534
1299
812
232
54
254
735
791
1940
1645
37
2145
1
2044
475
745
48
6
1672
2177
4
3
361
2228
330
274
102
3
2
692
590
2224
1140
1065
301
1722
1850
335
2638
874
661
7
156
1
5
37
791
441
759
2075
119
44
116
23
700
646
6
129
19
3
2448
7
314
389
50
964
55
2886
60
44
12
61
76
1664
302
2885
57
1884
1268
22
158
32
6
122
1495
1
1849
2
1332
244
14
19
131
205
2617
83
339
11
1530
2393
31
1
2738
1366
51
881
3
12
871
2337
359
838
620
169
300
303
2732
19
15
108
69
121
1170
1839
378
918
771
891
61
307
696
2
1
12
271
2616
1718
1730
2858
1729
27
255
238
2
64
677
1199
137
513
1040
1140
425
790
4
2
2084
774
4
219
2
188
6
2967
1875
242
183
482
88
1994
458
14
23
863
2650
1
50
2523
55
614
45
7
6
542
1382
254
1
189
1012
1227
9
2704
34
363
2761
777
2595
33
43
2536
1
30
11
18
127
16
223
156
463
23
1956
1236
14
9
1785
2771
145
473
1
2758
1
88
757
11
2619
1955
117
84
1365
2267
5
1
652
557
2
277
216
112
2768
447
1168
182
354
107
473
30
41
1241
12
1354
99
58
1165
525
2455
1777
209
1379
123
24
1306
31
1743
4
290
2016
558
1576
84
2558
17
11
284
8
796
1
1183
1254
601
1
219
61
1688
1269
1
625
1863
30
46
1864
116
355
178
56
34
68
637
37
783
69
1305
262
41
56
62
1183
1123
1071
146
2
24
1321
1263
76
254
2969
7
1220
1
30
1087
48
141
4
1934
2151
217
1
639
2800
1
219
23
212
913
1056
110
1768
396
40
1010
5
436
114
4
1043
70
1584
1222
90
2351
2
4
1
521
3
1987
175
353
55
1376
289
27
30
9
80
287
8
1
155
25
829
470
85
2342
9
811
203
13
34
2
37
59
1635
355
2487
2468
887
3
2265
1697
262
1885
35
2511
32
46
2748
88
1515
1488
190
107
10
529
2407
14
559
2587
884
1278
1578
1838
329
14
836
2
261
1
563
170
2210
77
1441
5
119
612
38
111
2558
102
81
128
559
1074
2
240
60
12
7
2610
1243
367
670
1
51
147
3
505
249
139
339
825
2440
1
926
83
709
2308
9
2361
2161
2227
927
17
2
9
992
200
1
1805
2
1
1767
2
1241
324
243
70
163
2924
3
35
836
2010
418
815
1332
296
9
148
37
8
507
97
830
7
1681
115
65
20
4
1385
409
704
311
572
2519
864
749
1936
187
1606
295
1
10
3
4
23
453
630
135
45
104
8
1771
2741
1696
758
1180
2733
582
2074
447
489
2275
44
1428
91
196
14
5
1014
858
31
192
80
257
31
37
84
608
24
429
44
357
843
2208
2508
10
562
2663
113
114
43
16
23
2610
130
983
3
1006
25
95
1
214
683
365
214
3
2074
1513
1009
5
25
476
884
95
3
820
2225
1134
945
2
16
2
590
271
105
1716
4
2482
55
132
40
182
34
2668
12
2
1150
30
1662
2733
4
2115
153
21
1423
2
3
389
2
5
266
569
92
5
275
60
177
223
3
1260
6
636
1
905
48
2747
328
5
300
2666
8
9
5
1515
1027
101
796
85
187
1344
457
132
63
431
4
57
1485
185
2239
631
434
131
21
2506
647
6
6
1593
350
271
459
16
1795
2
266
165
3
1070
1100
49
13
1158
13
2934
2487
1326
1956
116
1822
2462
2551
44
107
54
7
72
600
1863
43
466
2610
1053
612
433
44
60
1969
49
1104
1498
241
6
238
111
1767
169
176
2059
2
632
288
1358
11
454
348
989
2589
4
498
597
22
63
79
30
2
1911
218
21
573
2748
702
1964
2
30
116
225
613
147
487
1530
4
578
69
192
992
1121
18
803
524
1492
1296
1617
546
2110
1268
54
1831
962
12
1112
1420
887
1029
1453
2693
2651
518
47
88
11
25
620
771
1412
978
109
237
759
1714
356
191
1969
444
433
134
267
2333
180
350
4
1634
667
63
219
712
1134
6
80
2054
2435
118
3
9
34
2011
1658
136
1580
190
4
966
1
388
152
1
844
620
381
612
120
6
1
371
145
5
148
994
1069
9
267
2
1367
313
92
7
1144
16
2290
1562
1209
96
966
40
2068
1939
8
2763
172
1841
341
5
1570
62
796
295
170
32
740
9
1048
12
660
193
1182
309
58
16
2830
5
5
2406
2717
13
2210
2325
50
132
529
59
36
953
429
46
67
188
1736
948
97
38
142
1994
10
1094
17
851
2390
31
86
245
197
5
42
1469
12
691
1788
27
1928
815
19
1161
2
2586
921
1585
1948
427
794
539
140
37
1070
316
2741
1
59
54
479
2085
315
717
2173
1616
976
7
467
72
1509
19
2
261
2851
50
2537
1063
108
432
723
1489
3
570
469
705
1
1
11
2847
1
104
730
349
948
289
11
1589
1459
2443
876
292
499
476
1
393
6
266
309
177
88
152
545
2045
4
68
182
11
833
1996
156
314
1390
2981
42
1357
615
2659
2443
233
1397
66
72
1862
352
338
810
88
10
2107
206
5
53
649
1443
539
23
3
2
2256
18
232
25
2009
3
1351
497
303
5
580
291
37
2215
52
28
36
569
149
67
174
1903
499
1677
201
20
1172
16
115
300
121
331
368
234
2897
1833
2003
840
53
167
4
23
1582
23
382
2732
75
207
1475
116
2002
96
2121
136
3
63
2104
1062
7
1321
978
227
280
242
2069
870
603
813
1
1
424
37
1562
1471
220
33
16
99
290
10
3
309
123
71
70
2893
545
61
1111
5
1777
95
1054
357
8
819
2928
1498
1230
163
850
164
3
77
804
438
207
793
865
118
1042
116
2566
2
9
152
1791
671
5
28
114
3
730
301
738
1
8
57
2684
169
73
23
653
2
696
123
415
5
1203
273
63
205
288
1844
202
827
40
1486
217
34
165
20
1315
50
447
1370
803
2548
2679
107
522
9
1760
431
394
12
516
10
377
33
263
3
2853
671
92
5
847
28
2296
905
71
1
790
2531
472
6
2
1528
1691
2407
518
1506
319
1422
4
1783
996
2968
317
990
2
1204
184
5
953
20
225
850
763
1
994
213
1183
129
235
786
22
100
508
212
18
2337
2894
38
5
588
18
1
388
46
10
488
671
15
61
26
550
308
2748
2490
1998
197
1098
1529
2
1111
242
31
68
2391
156
2791
2921
39
1730
2275
7
2489
1142
1983
3
383
652
28
86
1978
168
68
2840
22
590
425
184
17
265
24
958
7
1643
1152
200
22
1
39
35
67
1339
8
2
137
294
2922
397
2131
12
25
45
910
9
278
434
12
7
1608
764
1853
998
886
141
1107
25
919
8
30
67
2054
81
716
55
208
410
14
441
48
2071
176
335
79
24
15
4
1097
722
643
1739
204
1448
31
428
547
36
7
689
24
195
2758
2
3
367
205
622
846
11
2410
1167
902
2128
19
1339
1674
40
36
685
90
1014
965
978
206
2376
51
3
2
1239
1
803
433
118
1894
1380
231
1045
586
795
2190
112
885
2015
168
360
425
2728
578
29
313
33
446
31
799
6
1819
56
2882
135
624
168
11
20
143
10
2528
2032
275
159
1061
56
1791
275
632
1
1338
2
73
7
26
401
1
193
114
1
472
2569
360
634
25
561
2471
742
492
80
147
356
89
2002
617
58
15
80
131
1035
569
2770
2215
62
99
2924
167
37
1131
12
2155
285
4
458
1177
933
31
3
622
404
541
1790
221
178
2
627
268
2
1264
9
230
228
267
47
17
2108
81
3
68
1
2
1588
335
2
24
416
208
227
530
8
62
64
419
37
15
33
18
1662
174
226
134
603
728
381
162
10
35
48
1
2338
190
1130
521
1986
21
116
862
87
141
607
568
1187
272
218
8
269
200
25
719
481
290
2
243
112
96
2469
218
50
2055
453
255
58
2802
71
661
140
239
1125
1272
1
32
1
1387
2716
139
531
1467
6
2438
375
220
2812
1070
834
1615
9
727
2533
1631
1046
2781
5
762
1990
777
2
1117
902
172
2173
731
652
1
43
24
52
186
33
7
227
269
1024
92
1837
283
85
132
241
161
829
908
1472
235
83
1
57
134
40
14
1180
685
153
302
36
23
3
2293
1484
20
920
75
2986
23
1003
700
1
187
888
269
3
1486
14
2
287
108
114
2325
99
38
270
1
116
108
5
342
14
503
17
1146
2743
170
24
29
205
4
812
2
395
48
108
511
2765
233
231
212
64
82
777
947
2720
2188
2
12
3
189
183
122
12
285
1
1352
439
1
771
9
2918
2650
1511
1686
252
34
93
2033
62
925
1334
299
2199
4
555
17
1393
3
258
232
1694
1066
515
17
678
631
1507
63
1395
11
9
103
222
456
17
1
700
1665
162
7
642
17
24
319
27
1845
220
816
6
1549
911
6
640
874
378
1
562
730
28
1883
40
1
835
248
360
2076
173
206
2968
39
326
874
540
165
2
2
543
1501
1280
2450
2744
503
137
1
1171
149
82
26
283
5
1396
2
4
1140
13
12
168
2209
5
121
2624
3
79
2252
1
185
1378
2797
2777
1343
2440
428
2581
266
1607
119
908
1052
1487
103
2350
1
27
482
774
4
224
3
53
87
1
15
1
686
1
380
41
958
68
1990
1188
38
221
383
758
67
956
1411
681
1250
152
3
2401
22
2457
433
2219
524
1
291
1
8
760
42
66
5
2989
486
612
1279
2096
616
1084
7
88
11
2
205
354
176
1088
32
2604
2720
604
618
57
322
537
1913
2
33
14
2522
929
17
1344
471
2416
180
1440
1651
1944
285
25
84
319
20
193
705
525
3
3
191
156
2554
6
78
807
18
271
39
1
2439
1478
245
58
104
347
1
152
413
725
2337
407
125
12
25
227
629
2458
70
1061
1111
1320
5
283
491
11
2067
1703
469
2125
767
14
1597
735
1
123
41
19
2140
166
156
1657
4
2471
1
795
332
801
20
308
67
72
234
1034
2
1305
93
933
980
905
1038
1108
893
93
89
2491
2044
1838
368
883
164
645
25
64
1740
1244
10
1
237
242
219
589
1
190
1164
2839
67
450
682
141
454
1883
211
414
14
7
21
273
1559
514
272
2
105
81
764
229
506
2992
228
25
402
816
228
942
76
113
998
4
144
2199
151
683
2070
900
858
105
7
230
19
58
1503
135
868
1603
17
896
1267
46
270
503
6
641
1416
85
16
261
6
71
561
28
59
158
25
279
1
7
26
10
1465
39
335
660
1643
546
567
2
175
2992
2278
2660
194
992
8
11
268
253
19
1101
1118
5
474
1068
61
677
24
1
153
330
2630
2017
1
931
40
305
272
154
1
1151
613
6
45
22
2
1979
13
447
986
251
247
5
1640
204
2133
620
2353
57
3
78
1321
464
2604
2
356
3
100
376
33
2591
2217
71
437
9
621
4
307
863
1445
379
64
213
295
754
215
1368
2436
1414
50
453
236
1508
89
1
2382
215
254
29
1909
51
2008
53
4
36
8
1265
88
14
115
1022
2019
1823
205
440
19
22
533
1790
1278
69
2561
2447
10
1503
125
1195
483
5
808
94
995
7
2251
52
501
306
42
27
1
636
1314
2
273
2529
518
96
467
1402
6
1909
35
1371
14
580
32
1311
2296
1314
1442
19
372
539
5
1333
884
703
474
83
54
437
529
1393
7
1897
4
83
1
187
482
1664
243
20
235
279
80
193
87
562
1
147
799
2318
10
1803
2
23
1
14
1265
245
1021
7
43
77
162
2296
31
96
21
261
545
94
770
90
2828
37
869
599
2231
2789
170
269
1676
624
354
133
298
746
2110
1426
6
2263
1397
4
1
217
1021
83
2985
16
115
2702
4
253
255
470
325
605
1684
1622
247
1241
94
504
396
1770
60
42
1
92
39
569
8
481
35
219
103
146
1302
119
41
1007
3
3
6
917
1346
11
6
1701
1786
1976
607
38
66
2464
1880
1864
2963
308
43
2264
1
106
934
1570
88
64
1
1749
2348
126
516
73
843
1052
2
517
165
319
225
1080
1972
1776
2695
2361
5
1694
139
25
131
172
1710
543
58
26
2
2133
523
2721
5
412
2
1296
578
1442
6
542
1495
76
10
360
550
58
86
1734
1024
102
27
336
412
49
30
74
445
838
2309
5
260
537
1779
223
739
267
21
1
1434
7
915
702
1
16
213
28
2142
5
953
1029
16
937
71
1546
2
430
991
1091
3
2912
193
1987
7
7
2769
1178
1328
21
7
15
620
3
976
373
3
319
655
1329
86
7
460
10
401
92
567
273
2
2
102
1544
2
1603
304
1420
813
14
387
12
1395
1
14
89
12
112
1
23
1
1
34
638
35
88
1010
417
138
2470
367
4
31
2
51
75
564
72
1040
240
918
15
69
5
778
73
5
9
433
485
815
2196
205
1174
1200
137
68
2304
1820
9
469
1207
211
854
557
40
249
82
367
29
1030
89
1
978
2965
105
735
70
32
1419
1399
1088
64
1638
122
1
573
12
994
174
152
223
297
1055
1
837
1986
4
2173
40
1175
2572
980
9
1774
488
1545
2605
413
76
1
7
26
2093
1069
134
284
261
47
1172
1667
27
608
34
1799
2146
11
147
104
774
2130
2595
95
852
44
400
1
2783
44
2210
967
11
2173
2155
82
2988
15
34
1824
1929
1372
213
301
296
1003
21
1980
741
987
773
115
50
910
89
688
1
491
2247
3
71
241
622
2028
2711
2
932
905
1790
14
24
36
32
18
771
582
1270
706
59
8
89
83
1240
533
23
1679
19
2008
1162
228
21
1639
3
747
221
2257
58
1749
12
4
1773
432
382
2216
18
1
2593
116
1867
350
102
2756
2
2925
836
1358
665
1
148
1842
2423
21
425
2998
356
1159
1832
151
295
788
29
374
693
2
105
19
294
1859
2533
1120
61
27
96
1697
311
94
51
2345
2447
486
27
18
720
2006
717
133
632
160
62
1365
16
1503
19
1803
1673
523
308
2010
12
781
2818
1705
1825
301
280
2712
1695
2588
938
3
1446
659
18
1
878
1868
21
15
2
436
5
9
1832
580
540
46
23
33
1416
213
132
264
446
811
26
1737
1
2383
169
148
23
1977
1458
353
89
1068
16
660
1027
142
897
13
2019
132
113
19
7
712
1
3
1
1396
1793
2941
30
10
399
2897
1433
1048
1174
129
1875
2217
2770
267
1956
71
2025
258
696
1336
45
524
263
73
623
208
4
7
87
128
384
2700
3
554
641
41
4
1
898
1293
516
2111
6
1048
22
170
2347
1555
2500
450
1
615
1206
23
1
148
1305
1226
353
25
663
459
175
16
2901
234
2
1887
686
402
297
243
146
2185
1
48
146
2
774
2491
34
1929
1
26
1501
393
753
217
21
1527
104
7
2124
3
5
1424
8
54
914
41
1609
24
1
30
13
2427
999
58
346
833
243
2404
1365
15
126
48
1322
977
2152
162
275
83
1981
1307
482
813
34
26
437
136
250
506
455
2592
37
501
1917
238
57
785
124
160
55
1
1891
12
2962
1234
895
2
323
616
934
281
24
670
39
30
1250
79
1
269
1028
26
175
65
814
45
1481
1602
48
976
100
1
132
1093
540
1869
1120
117
154
3
658
3
742
1506
1
1821
1271
12
1243
2456
6
1118
75
26
99
1114
163
83
604
1653
301
2093
97
67
3
496
50
586
2
1292
40
218
196
2364
358
1711
959
1047
215
12
843
909
2954
942
919
295
7
1064
2000
3
66
7
11
30
94
142
1224
221
841
376
133
1217
349
917
1925
1
5
602
2282
1318
2
698
50
18
8
2067
204
10
100
111
239
22
2073
61
487
275
2264
1
13
173
722
80
2318
598
644
120
280
2
2
225
2793
318
1017
1917
211
155
787
732
275
730
136
72
2351
167
54
581
229
2168
650
374
2
2940
2727
1906
33
593
80
2
1271
2
719
1460
81
97
446
2368
82
2547
661
91
8
8
2366
1149
7
1975
73
142
512
2383
3
1203
2
2555
18
2007
1697
778
1023
223
2221
6
238
2498
11
1389
1124
89
573
2213
54
21
1239
468
2335
1129
2967
69
42
198
183
952
3
8
664
249
202
2432
14
915
267
166
3
1
18
2305
2980
53
127
196
532
114
20
2
5
9
1
14
135
118
285
336
410
2138
9
57
2587
54
3
6
1656
16
161
1076
5
1832
2254
208
17
7
5
883
4
216
594
730
11
2828
103
2992
20
109
343
12
1169
4
7
247
54
2
16
2607
587
651
1139
464
31
33
52
337
1110
1609
271
8
161
71
2856
329
2665
620
346
371
386
5
17
109
14
1257
226
116
809
265
49
937
368
1528
65
1601
25
71
1208
1876
82
2937
117
1
2158
1105
2237
2902
2933
3
57
1590
4
1568
174
87
570
80
156
18
2403
210
425
1841
1071
106
95
502
147
4
556
1890
1514
2197
14
1377
106
189
2398
169
232
1
11
28
1409
1903
1173
420
410
18
7
2
2350
35
30
704
1046
5
59
2406
2913
4
387
1367
112
290
685
1400
1343
456
61
101
149
268
1
109
108
8
37
2920
191
902
127
782
83
1
1363
143
525
31
441
126
127
746
252
1
127
90
1246
7
896
1945
629
1883
2278
53
2649
1
5
847
10
9
651
1
191
242
13
181
2922
270
77
471
708
9
2236
1065
2285
1654
429
1183
542
15
2762
888
60
14
2987
224
292
388
2972
40
442
759
1119
48
306
32
2802
2863
1011
708
2
470
18
939
273
697
1030
2088
96
15
12
42
64
18
1559
2086
108
5
3
452
932
1129
663
194
143
1928
1601
213
455
3
19
202
663
9
2646
470
168
58
59
140
2
58
43
650
2276
22
71
2550
2642
53
2790
1209
350
2
551
649
251
1474
189
1015
716
1590
8
47
1981
1042
127
61
453
1931
861
2755
9
112
171
136
1437
55
110
2594
1281
1224
39
2222
1153
754
1815
1
324
82
398
1382
844
745
26
958
3
678
1779
25
500
955
155
412
7
4
157
9
359
41
265
2726
106
1499
1273
548
433
2659
937
187
1343
363
44
1389
1296
2176
154
1410
1152
520
474
2882
50
20
657
72
1855
216
854
2
261
1
1599
492
2758
1411
126
1830
1787
41
2364
2279
2357
82
895
283
3
1966
452
219
20
1154
861
14
108
371
2821
1336
2576
2376
213
109
88
12
52
2118
1
31
2212
32
34
157
1450
159
527
2389
537
559
1
841
5
1242
225
19
8
52
899
865
1369
2
1100
12
901
171
65
1
1137
16
2296
2
47
496
26
417
1232
42
235
2539
192
2908
1
67
26
988
28
2879
1014
419
582
18
7
732
5
863
13
1034
19
2606
516
1479
2347
817
2609
2770
6
1966
30
1
599
3
315
321
22
1241
2
2816
622
9
49
1837
1026
621
181
351
219
1
12
467
297
667
67
149
649
83
265
2075
27
262
2781
88
2250
1978
624
19
2270
36
194
199
347
70
1180
119
321
31
690
249
1132
306
449
1195
2058
1749
367
936
1
2150
842
758
2429
2
57
648
1332
15
5
520
2159
413
1397
465
5
1669
828
475
161
1296
290
277
154
1397
2267
13
2883
2333
521
2832
16
519
613
1
591
1
812
996
1621
1421
118
6
67
15
10
544
10
33
76
355
33
535
537
192
203
510
65
1377
10
2353
127
499
635
25
55
2457
885
2185
68
26
6
1
2890
30
571
22
1144
9
86
5
20
103
377
2427
772
1533
517
2602
427
1
131
36
571
63
685
47
18
1656
360
12
916
14
2488
1102
382
816
2059
182
83
133
1325
6
1466
70
286
798
317
1599
12
1517
275
150
125
157
4
2653
802
261
35
2
45
2760
486
10
373
2166
52
14
154
111
2
25
205
714
172
29
2189
985
32
696
898
153
148
1158
122
393
13
2200
119
1629
1415
6
4
210
44
1
9
946
283
862
1182
122
1776
20
737
42
1248
1
585
91
763
450
207
28
75
132
1635
2597
2580
275
21
79
2427
635
935
926
1
940
1699
10
24
2868
343
15
1547
1248
960
4
10
2338
61
70
50
161
1592
318
927
3
1993
178
1041
2070
100
1315
945
207
1334
232
497
1274
74
2
1231
4
2443
1
60
65
5
19
918
317
7
66
881
220
1166
179
187
1492
2253
48
26
31
1167
2693
11
12
31
11
125
422
9
1
41
138
68
1273
134
1572
6
2606
19
370
5
1106
1468
15
94
1
5
2715
1
223
1694
779
201
1199
155
440
10
300
4
683
46
75
641
182
804
5
503
235
2831
45
1187
1371
110
35
188
129
2
1
295
398
85
27
26
1589
1
102
32
1369
25
101
726
1920
6
55
1444
1693
75
689
854
1199
72
155
2
230
1785
554
2809
2040
674
2
339
360
38
1
323
928
141
1464
2
148
2870
46
1
539
3
908
18
637
408
1969
1484
438
285
3
1476
64
1020
113
481
59
165
11
604
1880
2608
24
1095
321
19
9
1912
307
1975
2921
1057
349
201
279
13
61
7
2887
1157
1577
9
10
33
17
15
101
5
9
8
648
4
2767
93
1
1306
1103
1956
940
12
56
702
1600
1337
56
7
843
1
2822
4
2790
1040
69
1501
110
1530
226
25
117
2301
153
559
376
1930
400
233
2218
2557
29
78
432
2282
1646
2475
747
741
682
1378
586
17
5
1316
1
2689
2822
1
35
650
119
3
27
1460
420
1299
31
1
483
3
1261
961
653
797
1
228
767
4
319
23
2634
55
859
1576
805
62
1
2174
100
2479
22
357
27
2171
8
391
2109
28
10
5
8
2556
2528
1611
709
153
91
27
1136
349
102
1
39
258
357
1048
1728
7
103
474
3
1316
570
71
13
6
2532
581
1
756
26
2862
999
2401
82
14
1060
3
5
179
137
1
40
162
698
2
1
137
2717
2
15
2940
67
182
1366
2898
90
98
597
59
2372
130
765
1002
828
160
545
1479
3
11
5
525
1461
7
100
112
2
2
233
18
1296
1666
70
1036
1515
1287
448
1883
1040
14
6
44
3
1
641
323
18
2849
1588
1404
2743
103
308
507
842
28
239
7
5
153
212
613
3
810
3
108
6
269
52
10
1506
248
800
912
3
159
10
379
2
15
2768
646
107
314
2677
2
377
204
54
347
2074
455
23
2887
1715
120
23
19
18
65
209
636
751
575
989
1046
7
3
349
3
283
1160
205
276
742
2608
315
119
2213
1027
2728
120
19
128
182
746
1106
174
109
32
843
210
525
448
2401
1137
421
61
35
188
441
1405
1152
806
30
1257
590
750
2492
335
81
1827
205
44
1318
915
106
4
793
171
60
10
156
4
1730
163
88
1566
111
120
103
1901
617
1
1473
9
18
695
35
24
248
583
1494
2207
225
2
61
294
431
20
89
423
2680
479
1988
676
508
43
705
875
1652
26
1240
8
227
89
3
9
10
1
2
2229
29
684
36
94
333
556
24
6
397
112
2732
27
3
21
755
464
63
169
1325
91
16
2052
1999
390
1931
9
54
13
554
157
4
1859
553
366
22
837
1063
857
1913
2
5
199
100
98
1
1328
1506
66
208
440
959
480
29
3
433
1278
1821
621
19
210
13
389
1490
102
62
3
1834
576
10
290
6
829
1941
31
10
526
110
40
2942
2217
78
475
45
698
508
2179
1984
602
906
2007
1202
2
2380
19
191
267
8
2601
1237
7
30
14
252
107
193
91
1130
5
2306
159
495
134
2472
1192
1578
3
938
156
8
1247
10
789
1
93
2061
1330
63
1502
1
276
2665
72
618
2045
8
2232
131
310
272
40
987
455
1983
195
311
31
14
2246
642
298
562
6
16
1462
28
1
345
17
68
1355
270
184
845
620
1491
22
1647
198
1865
562
1680
511
1946
578
327
2431
80
13
5
17
130
393
527
365
8
2383
3
3
16
26
46
2350
153
254
2063
492
2912
1333
228
1049
8
9
74
4
19
231
615
797
1339
2
1162
86
2556
2
1
2554
9
7
974
8
14
78
2
2526
1917
1154
2929
7
35
91
1428
715
1200
221
28
196
1858
37
632
1462
1134
80
701
2535
22
1973
1762
1900
227
19
1152
3
79
97
2899
726
2595
4
158
90
848
17
311
14
87
1030
4
1136
1
574
1528
154
2442
528
2809
15
5
9
517
92
35
59
7
69
75
46
1230
46
152
95
65
2749
6
882
914
4
266
687
15
41
574
58
15
12
2
1098
556
184
21
22
2816
1368
105
12
460
44
80
1639
124
2
452
470
118
5
2
695
2786
78
9
1525
2937
2891
2461
127
1207
41
97
2717
1913
2665
155
160
2837
2158
1976
138
47
1492
1692
20
30
3
1548
1138
41
4
2738
60
51
76
1
858
3
142
1110
288
1539
254
1
383
1333
14
1270
7
2452
1542
63
1875
2634
704
981
105
866
5
67
180
935
62
510
309
245
2684
2854
435
2597
835
1030
1106
453
558
1145
205
4
2
185
67
6
1462
268
163
399
19
1964
2155
52
23
691
510
2
84
132
1
2256
19
32
59
2875
1719
2544
15
146
1603
1018
627
8
11
56
302
1693
779
1
2736
523
2242
278
375
2153
18
350
1213
158
296
5
2285
5
6
1062
2003
8
77
138
2582
2
276
159
448
7
675
327
788
1625
363
241
9
672
2518
17
1
39
818
195
101
1233
3
110
482
3
562
1156
31
295
267
97
2411
701
1043
558
2435
46
1974
4
1268
1975
2627
30
668
182
32
136
1051
1247
1
2615
2041
105
15
14
1294
768
434
1440
1858
1
1
126
2844
49
121
416
42
27
291
345
410
1988
1033
7
1039
1
1959
6
112
82
15
299
36
1145
1235
377
674
2
21
5
339
183
2602
1662
36
694
1407
110
478
2625
16
156
1525
1
1
1
64
288
26
154
1622
1366
145
1050
42
1419
42
1
1473
1786
418
686
197
207
1111
35
31
24
17
66
15
177
1836
2883
854
149
223
913
9
1398
380
11
1942
285
2196
462
1401
578
354
2613
2185
2675
183
133
151
216
7
2997
7
2
1632
1752
78
331
47
993
669
1217
354
8
2838
1391
143
1491
34
64
85
35
68
2658
244
71
273
1534
413
168
2375
146
2828
34
997
1062
1339
112
985
259
2913
68
184
1621
765
772
892
6
692
767
476
21
193
29
108
1159
2
538
129
231
172
223
2035
47
830
4
2352
2562
47
58
192
11
41
2529
206
78
2140
1860
187
2414
71
16
1201
2543
1186
2718
1418
641
2131
12
2
84
1089
2477
14
2302
21
15
41
8
202
426
197
10
321
3
1271
64
63
12
2
1488
405
64
129
2
2185
2934
838
53
15
334
472
1692
2388
323
19
7
169
27
93
2
976
228
51
1691
3
4
624
1183
1535
926
1451
285
133
6
9
2237
859
414
242
239
192
104
1069
14
28
2
860
542
16
63
970
289
2504
93
148
62
410
19
586
30
38
2432
20
642
10
394
92
307
482
2471
1007
30
400
400
8
707
867
9
1
2864
303
1109
385
300
4
14
1862
563
271
1
1845
650
77
29
655
1471
570
2118
535
1172
392
2926
971
399
84
336
294
40
47
173
1705
2477
145
122
7
769
78
2412
1377
341
1123
1
2767
88
298
1097
548
443
325
92
286
70
631
660
2954
33
1553
9
1610
188
23
2436
2700
15
1
11
22
1237
25
1018
172
1749
6
2563
7
1
563
2
102
37
699
12
176
1542
232
14
474
2956
1958
2447
1
72
3
420
7
1670
605
563
523
2502
11
1206
21
33
405
139
1842
347
1
6
2842
20
31
1308
360
230
785
420
120
8
27
238
37
1351
10
44
50
1629
5
105
57
19
16
387
581
842
67
57
924
80
1608
2
2400
1435
3
13
1
1389
125
1308
39
249
3
150
1841
1587
75
165
31
1
9
91
14
2275
77
157
5
2167
1539
417
78
46
1422
251
265
1531
549
2290
398
1639
580
21
208
1767
2
808
2456
363
514
1745
455
159
7
578
100
1240
6
28
73
1287
2630
12
2
1143
66
301
137
363
896
2689
1766
1901
2949
513
922
1395
2059
1632
498
287
184
663
165
386
456
25
474
144
2
37
23
1566
91
60
840
161
2871
540
1
93
1953
2621
1695
2984
1353
508
28
1972
38
11
2090
8
3
916
6
2195
965
106
2604
1487
465
2191
60
1322
464
69
580
17
1905
65
1364
1
1872
1190
1577
34
531
894
1577
1661
25
2769
654
2
74
2308
590
216
419
2231
725
25
2948
187
4
1297
1
2189
2
173
1428
1576
5
56
2
2796
14
2000
2451
375
1876
5
28
1470
2973
14
57
1051
829
173
287
167
205
9
1756
3
463
1070
3
150
393
297
283
201
265
2
19
81
420
910
57
1
30
1732
1675
74
2922
2629
298
169
79
392
12
13
257
13
1
194
158
718
219
1678
2892
2314
1153
92
71
95
63
20
2982
737
5
2294
3
549
98
6
95
6
55
12
268
3
199
541
522
2727
2045
579
683
47
443
3
895
928
2967
318
5
13
2827
683
4
2423
1682
2
1150
29
2483
141
1165
2622
860
250
2764
366
711
7
38
5
1
899
132
889
163
1124
702
3
585
630
137
77
2932
53
1
2168
45
896
895
830
68
740
209
400
682
51
1
307
41
1856
167
152
1850
863
2454
493
485
35
64
46
539
4
324
445
922
20
26
404
1
166
3
925
276
70
8
194
102
466
1
2480
1929
1
359
1089
406
303
1970
71
774
248
56
243
873
2127
2
2020
455
7
214
10
1184
1
4
1242
36
195
2985
12
177
241
63
974
930
608
107
2722
163
378
3
38
12
2703
66
1
45
539
924
19
1365
1
1475
1148
1
847
240
365
40
17
1053
76
2302
765
27
56
28
89
62
31
809
6
151
6
1
224
427
148
314
1
137
2389
58
47
1541
2313
2274
35
855
42
1271
1475
2689
12
439
2640
385
1
47
764
463
545
194
233
1114
475
1704
114
160
5
11
2254
42
1797
981
1
2018
1019
130
3
469
2445
90
2112
109
1362
467
15
6
2448
205
2831
550
202
496
41
8
1841
1332
17
534
905
876
547
2397
1
306
50
49
186
28
1565
74
27
106
109
19
692
1377
1012
1799
421
28
27
16
25
1360
57
209
32
242
2341
344
117
1382
21
1790
148
207
47
1628
401
1283
20
45
831
734
711
317
195
118
201
9
2711
76
6
243
1330
47
1928
450
1645
766
160
3
339
2758
320
7
145
2
2013
13
2802
2169
12
808
1349
67
375
1963
224
138
704
64
1127
3
15
650
2513
1
228
245
1068
450
3
5
1030
110
446
1184
10
596
81
7
547
4
1243
257
27
207
142
1057
484
2215
972
5
108
16
6
1259
5
1
6
274
1441
67
2183
171
359
2326
1954
7
366
99
390
1437
1398
3
21
145
1
33
1653
2420
286
1168
8
4
682
1549
794
630
118
36
1351
333
55
837
608
1700
1265
224
29
253
2297
611
1047
29
1055
37
5
569
2989
1480
1674
949
458
1
9
2265
2889
701
509
45
266
4
599
1328
1528
556
46
101
522
267
2851
2939
1678
271
1715
49
453
1
666
199
1111
3
1337
513
280
2548
358
308
1764
61
979
2028
748
89
32
1906
1
211
229
163
270
1100
1
2599
3
785
2
164
60
293
1570
1618
1944
21
82
1
322
211
2957
34
30
1290
581
9
71
15
93
1
1089
122
1869
9
387
92
2022
2840
161
5
1669
116
17
578
2
2282
590
402
61
126
3
5
720
1
1036
2956
107
21
1729
1456
590
389
4
8
88
223
293
263
4
435
1
1095
65
383
84
1924
2761
41
1298
221
2265
6
2163
3
1381
32
2894
355
2254
318
762
954
139
60
1542
1157
2103
1811
264
1452
745
1599
890
2190
27
76
14
15
660
42
17
773
17
2101
1749
171
32
431
121
3
33
380
29
250
18
2440
1708
11
160
143
688
9
198
477
1498
2318
83
102
284
826
1
50
856
353
4
17
1219
303
2766
1752
2541
989
152
891
828
3
12
24
343
2372
2
15
1
24
1083
34
1
2386
21
2638
892
218
266
57
1818
1230
360
139
1
321
1265
623
57
73
16
3
10
208
28
155
218
347
176
2225
2085
3
1080
5
28
2566
3
1226
212
77
347
63
300
139
9
3
1745
7
5
1846
156
27
2116
1029
95
18
357
2286
789
8
655
223
265
1768
4
2006
64
822
5
1
930
1437
2939
149
2
72
244
2633
644
3
881
22
51
909
9
3
811
105
3
454
23
1106
2187
233
1559
234
383
1224
373
67
45
386
2947
383
940
360
2090
106
46
2419
2518
448
5
8
82
29
2
238
186
1206
129
1454
173
4
229
713
1469
388
29
1067
10
116
1492
950
132
2
13
2754
556
1736
182
5
56
3
361
2384
161
1372
581
71
82
1085
1945
376
1
6
412
2844
11
2225
773
34
750
457
29
2297
776
92
143
299
1386
2136
2712
2493
593
131
1932
1
1410
13
152
1630
5
5
813
1256
610
36
125
789
6
2052
502
2290
57
2338
10
55
650
38
43
2063
1
1802
363
46
430
387
3
145
219
30
1005
1754
5
756
198
169
396
1162
317
1512
27
552
1724
927
1810
145
816
2230
813
283
455
65
40
2161
3
34
536
1857
5
189
1392
1961
20
818
1810
10
60
392
19
230
30
2
220
435
1589
108
644
1706
2
74
18
992
1717
785
16
966
182
62
1516
63
1435
122
549
851
157
132
67
213
1086
1499
433
1
12
63
19
95
201
1164
90
149
2
409
2721
4
814
523
142
1
416
14
85
4
323
751
2786
2205
296
1620
1158
26
5
6
6
614
143
1228
392
1744
20
13
1599
13
886
58
1
1158
14
214
697
26
4
1689
2034
1581
61
12
70
830
2226
568
28
54
857
755
6
1
16
11
895
1180
576
35
48
8
111
2338
328
324
11
42
3
2756
2894
369
1440
112
2345
548
1368
852
1087
133
590
512
164
46
16
1139
73
13
9
2040
465
2
569
55
2612
268
38
12
372
65
46
3
107
2655
2
2
19
1437
22
2022
46
1022
1066
789
377
3
522
2580
428
483
2
2060
694
30
1917
933
43
41
2085
113
1108
8
453
1484
1
124
338
70
634
150
1143
1212
1714
307
1327
140
65
55
81
2389
27
19
1228
8
300
371
113
15
229
27
2
99
16
1610
19
150
2439
927
625
9
16
11
77
103
196
511
141
1170
472
210
4
13
128
457
2900
87
22
478
297
1039
382
2089
36
160
93
238
7
269
1720
247
701
2704
41
2838
2003
1855
1365
1371
108
12
240
19
1216
973
169
9
1986
76
1357
9
268
2505
1
2
6
1864
882
709
1213
7
19
279
2515
4
2450
437
20
12
2061
2
258
1983
679
59
880
269
38
45
1414
969
79
111
2374
132
213
159
2753
486
2205
559
134
1070
1096
362
58
824
40
91
179
1513
16
1
11
447
1182
2
1431
5
1803
1
816
962
781
1308
493
140
231
2168
18
2928
731
1453
728
64
2116
2
13
127
2054
716
1965
465
1123
5
1
1360
2784
1359
26
19
1
1912
1018
75
105
2978
2171
869
9
1517
1395
682
1059
27
2585
143
1
2918
25
16
78
91
82
651
50
757
111
74
1634
37
61
2797
68
342
2007
2
1778
15
2299
762
107
776
95
1
517
925
26
154
1518
297
60
842
9
69
7
4
1294
69
437
2322
30
37
4
680
2439
249
22
373
393
1190
631
257
2547
1
38
78
5
2381
197
294
22
95
70
893
3
272
370
170
2
1375
15
638
234
4
2151
172
994
2475
2239
2789
384
813
1297
1206
1237
48
2285
71
26
2449
299
393
501
1335
121
802
126
1
8
448
78
1180
100
61
86
1297
109
10
213
55
167
1887
307
2634
24
353
1629
53
135
354
573
929
2528
7
156
2487
14
2
607
1064
2782
56
2370
1306
2428
54
342
212
814
595
1844
10
3
7
16
65
12
405
36
95
453
16
753
2530
82
161
15
227
1193
17
10
2058
338
194
1317
176
1061
391
2
3
548
1208
486
1811
3
2376
615
454
151
1
184
650
18
1894
496
2035
36
1231
29
153
2
5
34
5
1381
1582
525
418
712
100
69
1171
17
10
4
15
1
6
561
1377
179
159
143
1485
2136
66
42
2
457
177
78
6
439
1641
189
61
1
111
206
2
1396
66
14
881
2
707
443
8
746
31
2894
2274
7
158
1251
972
1317
3
12
2583
38
264
269
1010
303
565
216
1
380
189
3
28
16
45
151
829
58
1
719
23
2
47
28
60
276
1314
595
2393
544
1809
8
2
430
2264
952
120
814
131
3
2702
1386
1659
450
2060
4
220
2950
52
155
176
1009
1
170
354
4
2880
1402
31
149
141
109
7
25
2153
77
284
85
100
233
706
73
29
7
142
619
950
7
1383
7
1885
974
281
1126
233
3
691
861
34
1
189
2
1212
2221
20
1915
6
704
1
332
250
2633
164
13
1700
622
2
763
8
2521
289
1453
1657
3
24
198
2933
131
3
53
289
39
638
149
94
4
1832
1793
289
2624
467
1103
377
3
138
155
1264
332
801
1620
1885
13
1
800
441
1
225
10
17
824
241
1193
638
1091
34
583
175
674
1925
1521
2493
2904
182
5
506
2132
2678
1436
84
941
1
2216
1003
2881
87
104
1560
1848
2613
2634
1025
464
1
283
29
1509
1544
906
1825
321
1252
1
48
398
872
41
569
915
328
1172
225
19
39
211
6
674
1455
3
783
2555
572
525
301
2529
12
872
115
2625
22
949
48
55
707
4
184
1
405
22
6
2300
6
4
32
1
158
620
4
243
10
117
255
2515
370
619
241
1116
472
1783
2935
1228
42
34
91
33
1836
67
2
1837
830
2396
13
1703
2690
100
95
1949
6
1065
281
2876
1769
61
1139
319
730
635
398
3
1617
2026
1808
2339
8
3
38
2083
457
1023
116
824
1742
239
54
7
105
1549
44
1824
1545
281
2751
3
103
2477
899
211
3
1577
141
49
36
41
8
289
400
111
1362
969
1794
1499
3
47
260
1
87
747
12
35
4
46
220
237
4
168
98
31
29
158
65
3
1149
2
1132
16
97
226
431
4
549
193
101
9
1
235
53
19
400
1463
7
5
659
128
73
69
1033
40
54
914
1440
17
256
207
124
2444
26
4
3
212
922
2975
1140
11
1318
27
198
406
8
151
19
240
1
30
122
12
741
229
23
55
747
26
1532
2743
9
1875
1582
2079
598
11
2845
937
627
274
676
19
80
715
2
12
351
1263
152
121
1019
863
727
1
5
105
2232
267
964
86
40
798
1
84
423
32
596
1314
22
90
588
2295
1591
180
1
387
82
2876
323
12
1854
2393
1318
4
179
145
51
2904
54
1
21
2003
151
226
16
1078
396
1
1227
460
303
589
109
4
1
111
2162
6
4
531
342
225
118
465
886
47
510
1015
767
331
670
894
1
1732
1251
281
2103
287
1777
1286
647
136
827
211
399
158
2363
400
583
154
1
12
3
47
1785
128
499
48
33
355
71
15
1
2
2627
8
294
2
720
2
11
1109
581
299
2292
1387
971
1816
866
925
2
398
613
289
1952
255
8
26
136
2399
64
30
4
30
4
2195
340
1138
2610
404
1850
75
71
146
751
182
1
52
2180
794
2
517
392
1988
1364
278
71
8
933
2106
79
188
1836
613
920
1943
12
858
564
235
12
366
526
872
49
778
1744
1
2283
1620
1964
319
224
88
2
1006
1113
1415
186
374
2592
193
5
602
353
40
7
26
26
735
872
2350
2559
142
38
263
2
54
904
600
1044
1
2698
37
33
1690
2463
631
1209
2434
557
1717
48
1276
2957
91
988
1134
412
335
6
224
21
1431
741
527
1302
1765
2
2204
6
2
437
1821
2241
56
11
2818
230
611
131
481
996
1716
73
1432
795
1
811
60
122
705
2440
2396
4
871
16
10
1
26
1536
2655
2390
74
499
93
8
52
535
1288
53
2094
2070
2109
2894
99
1983
1722
99
251
570
2805
1084
47
2582
998
133
289
2351
29
309
426
357
2
1
90
4
574
355
1522
64
690
131
20
285
1006
825
1764
51
2315
2646
311
23
280
1087
168
523
2790
115
12
1543
1807
493
2539
38
822
137
639
392
11
4
533
27
1543
2386
1512
2
35
77
6
446
659
104
79
1911
1
13
2033
484
2019
259
2272
982
207
32
207
1766
58
2050
2215
990
5
2003
1216
2585
374
1852
62
19
224
21
2355
649
1
2
1900
361
58
2184
2415
420
178
137
475
1630
9
1
59
210
1268
1956
227
2058
1684
6
6
55
176
23
1713
1946
1
593
15
1918
2065
857
774
41
1791
1007
2144
27
3
611
48
9
22
134
197
2
18
252
2850
2976
52
37
1533
315
138
1001
133
2414
2
9
10
149
1046
1330
23
2132
128
619
21
174
601
20
866
1
2299
512
1061
2311
21
553
355
153
128
289
36
194
27
2077
1900
488
971
22
2113
5
18
598
1696
135
594
863
702
91
1865
4
1543
519
412
17
2433
2879
1541
197
2378
18
11
1679
1186
74
948
25
256
213
1323
1195
226
1850
210
340
757
1
150
359
849
47
109
1503
219
1391
17
3
1
2811
54
1007
187
7
2758
30
892
2
83
280
54
741
40
152
1
1
48
7
28
705
32
2245
2193
58
9
70
4
704
329
25
499
277
5
614
115
3
71
1974
781
332
242
244
14
157
1873
892
588
173
46
1
712
135
862
366
1032
140
3
1011
1
34
2802
58
587
4
100
8
24
211
323
305
900
2381
2016
2734
1278
1247
1147
6
35
2
75
6
81
630
410
1252
1215
22
2684
1295
421
5
2
4
743
698
9
154
339
26
1918
6
30
3
7
114
184
7
798
910
10
1290
48
625
1359
382
631
844
128
2676
828
12
27
191
3
751
1290
37
54
1748
4
362
1179
25
943
50
43
280
2185
2810
296
7
8
584
2458
52
101
42
1086
486
243
415
44
551
841
6
840
282
9
1654
2
24
1373
3
1516
3
6
3
405
833
1
392
505
403
392
19
2660
1086
8
2
1762
331
328
114
764
55
62
397
16
135
1
654
362
3
4
15
1776
2161
26
603
297
2520
2285
2517
555
668
739
343
28
136
52
15
1499
787
94
65
154
63
415
6
986
400
7
1
221
503
199
387
682
6
181
83
1191
1971
12
1
4
250
219
18
2
984
533
94
572
182
2838
191
63
1898
39
2872
213
459
2755
2940
18
1463
3
120
619
718
1456
2966
35
319
581
8
26
2
27
143
382
12
43
13
2163
1258
318
155
2157
127
4
38
505
1032
22
18
94
18
51
3
2758
675
1
419
755
1472
1541
312
30
8
1883
377
18
8
245
2473
19
1634
1
3
1793
4
83
1490
2823
773
103
10
117
115
1767
2858
7
101
413
758
551
1194
10
40
73
1375
515
4
751
1958
873
1204
1178
306
2165
207
2681
292
18
800
30
25
7
32
103
56
2
682
25
2948
2
369
713
304
642
66
1336
1736
473
1323
1899
2127
86
195
2
1436
707
993
2092
2744
2926
2021
14
219
591
29
450
50
56
1
18
4
351
207
14
207
141
1370
24
108
2398
834
101
2493
86
255
501
317
1094
2873
99
64
80
428
2337
122
494
2185
7
1013
2563
1209
1
1872
22
70
1966
1
1796
39
355
432
94
1568
2766
4
122
1806
1411
806
21
1034
2922
192
2
1343
86
2545
1
173
1864
1091
101
724
11
14
1202
761
6
2884
2397
2963
4
44
1794
1122
123
114
16
64
1402
476
920
20
6
1896
37
946
8
669
1307
385
1369
36
128
200
4
585
2963
29
230
2258
245
2608
2782
2797
2
81
83
1057
113
990
1670
43
238
67
247
282
404
1118
222
549
4
1431
139
49
189
17
12
15
135
575
129
2680
58
1989
792
1957
106
1344
242
29
1284
425
302
539
202
87
5
2129
2
1191
136
104
3
1963
18
1316
2
282
241
778
27
2151
67
1299
10
18
291
16
5
16
511
1
13
1093
441
2
1034
2640
1496
59
82
1181
1
541
2
279
6
688
1281
2773
2744
1569
14
192
96
1
96
183
2365
1236
454
2131
46
2773
149
2486
188
2647
862
1592
2219
333
1678
917
119
162
929
454
630
5
602
712
19
465
68
2759
940
598
162
1
20
63
684
169
785
2362
1667
13
18
4
111
1085
381
50
9
1616
599
786
3
463
2690
35
2754
2018
4
1787
346
12
879
218
2140
832
2015
753
262
491
20
851
464
31
91
262
444
1097
10
332
967
1120
171
11
1282
572
87
59
134
2254
21
375
3
897
2183
57
1310
101
2934
1062
57
6
8
395
2448
1
624
16
1827
1567
931
11
2153
5
3
33
66
4
96
2106
1581
682
1345
222
153
13
3
312
259
477
1334
624
412
26
215
5
115
135
2
22
307
1070
23
1206
1511
1806
400
2962
274
395
12
31
1
2007
2168
1199
553
2
8
2386
1807
2342
276
151
2
68
48
415
2654
2166
1148
1181
829
470
984
11
1490
8
1010
9
305
1
1146
1671
80
68
2212
362
96
514
1981
988
223
1
475
1002
994
4
62
2854
164
347
88
31
66
2314
2438
2528
2049
83
27
501
1293
1654
603
21
25
91
50
440
64
170
301
464
561
1349
9
26
126
22
11
2626
525
89
1
301
498
864
1367
2
964
223
2895
457
1294
6
69
105
1221
12
1049
1
4
29
2383
393
280
602
44
1993
428
2793
540
149
2279
3
600
2705
376
2800
754
2181
2
552
840
6
953
2170
1169
260
2311
27
95
3
1483
1
96
2
469
521
11
4
46
1848
15
641
446
5
1035
49
2642
5
230
1437
126
393
457
2118
500
1677
79
482
633
2211
1
585
860
6
3
29
96
76
216
1
587
1659
6
2962
365
19
475
1665
57
175
90
203
1
60
2587
1
1272
2423
1677
1290
4
1106
14
150
60
1306
831
314
748
194
1
1870
1706
1597
690
1027
1447
1135
142
151
264
103
82
414
1415
1
336
4
246
2080
2365
1384
550
43
2308
416
99
146
2516
1223
24
5
5
665
154
236
6
1205
62
799
1551
548
74
109
943
88
1
2
23
64
939
267
4
1
109
422
2
836
48
653
1331
228
58
1
722
13
105
390
1445
236
948
1099
242
2694
10
950
68
5
475
4
127
1004
7
946
1859
384
107
1594
2365
944
1
587
399
14
150
1151
1121
10
38
2870
3
1
1
1935
1942
155
1975
1476
69
262
1100
158
24
54
111
1229
388
2406
932
1699
40
457
1586
897
1192
872
303
2488
1102
600
12
2659
2380
1832
30
25
2775
322
170
596
184
1821
563
1021
336
3
1743
242
60
634
1
45
6
2470
4
520
2716
188
2157
16
276
2125
1630
75
233
569
2463
6
1
610
78
142
41
1
48
2795
247
117
98
994
1141
37
1627
2238
1284
68
378
63
114
319
500
786
89
2972
90
1
1913
620
390
2517
91
2
1613
30
4
60
17
2487
102
657
158
866
215
1005
1379
956
1
34
2291
1152
65
1994
1607
1047
605
33
369
45
3
1811
1093
1484
99
9
728
44
733
7
804
420
1
141
40
113
198
909
1016
32
19
3
103
1
2135
1204
74
181
96
197
1432
475
41
682
191
2477
27
13
16
2470
1328
10
38
120
1519
19
1
74
366
885
2660
342
1598
22
175
61
1036
697
1723
181
6
5
953
446
2
14
178
724
199
164
2706
1077
1169
874
307
107
1537
7
63
13
4
1630
1703
538
1865
888
8
1875
36
219
92
439
943
41
2844
759
1
15
2
53
3
1
40
760
306
249
33
486
496
1936
51
815
10
297
845
9
927
272
626
640
1388
25
2017
1718
1603
304
1465
264
26
23
1274
13
542
313
2151
1113
2956
7
2521
326
306
39
538
12
9
1329
1773
567
28
3
1701
290
69
1
185
619
2101
900
1901
509
32
277
91
932
125
2378
7
33
105
991
218
13
271
108
360
1045
928
909
1610
4
1286
1894
174
32
366
914
1040
34
20
241
1
1097
489
1397
831
25
1449
2
71
212
22
782
4
678
482
612
1735
597
2
45
2123
435
5
1256
1015
2347
46
450
202
10
609
219
18
23
2856
554
2836
1055
6
1591
1590
2550
128
154
276
470
8
2179
505
167
10
31
1114
63
75
1006
67
193
13
8
5
263
65
80
501
795
376
135
5
1637
1
336
65
854
1302
18
133
1772
88
15
2127
1
38
556
823
1
14
1400
2156
1862
1
60
1
138
87
1254
824
222
16
6
5
1548
416
765
42
2011
1
32
743
175
2358
364
126
24
1
2235
1037
2176
8
1392
750
1250
16
16
435
1
186
907
55
2358
18
3
1
2258
1517
2018
261
992
632
3
182
30
73
10
47
260
123
5
686
2593
2730
2
26
11
819
367
6
64
240
1565
1
12
1141
2
2717
3
1619
1356
810
2668
5
1441
47
300
13
1
3
28
2247
1699
1622
90
1667
154
28
8
81
9
34
361
37
3
40
259
272
70
102
207
204
364
221
189
219
403
548
2
1264
11
13
1746
2386
1368
2321
1444
2638
22
103
8
1347
1
3
460
1924
94
27
45
117
54
638
770
29
363
1
781
2967
237
359
418
1083
95
6
946
212
65
2862
982
485
255
26
878
2550
38
1916
1
1678
867
160
51
126
324
41
98
1097
391
204
74
1963
2694
6
953
160
1666
233
122
7
781
467
1
2
899
2861
308
6
45
522
131
2824
2690
2077
109
1402
1319
2934
3
30
272
663
65
274
173
30
1065
88
1068
27
218
982
2776
366
213
168
25
11
1
565
2126
1703
3
1401
17
315
17
2519
1567
9
59
190
407
91
1206
7
1542
201
2966
8
1491
8
19
2792
239
30
14
2660
95
1222
87
537
822
1808
3
1
1577
378
15
1380
580
1591
2311
75
134
67
16
225
1549
40
2
109
1
1515
493
913
2650
84
1003
12
5
15
7
135
98
193
2
1624
1458
2
1022
2604
33
738
676
3
6
22
331
877
687
321
34
331
11
30
24
20
241
24
2071
816
4
1554
1145
272
1717
407
677
502
2428
21
1729
1
78
547
36
249
664
35
24
1884
23
12
1831
774
101
48
1872
6
39
152
1531
386
959
910
13
30
37
528
289
1399
302
1
866
22
4
455
252
2
177
2987
267
25
32
1850
1781
9
2617
400
1
528
133
200
1
989
1616
175
2474
617
10
1562
2302
1591
925
2848
91
1570
353
679
72
1
11
50
1808
17
50
2187
90
524
1
765
146
54
684
521
2897
2794
552
2513
682
17
1
62
69
2290
101
1432
25
1887
156
1
30
103
646
762
1053
1391
2783
142
404
437
12
1662
8
37
862
192
137
198
2449
916
1700
9
26
163
1172
710
19
76
21
754
293
116
116
188
10
3
56
20
69
99
311
734
2150
473
1425
40
18
3
55
448
1665
2150
511
477
1830
724
873
1872
317
2582
225
168
124
125
197
143
1
19
1044
44
1942
354
273
88
13
1
6
1019
3
358
126
1
29
1265
198
898
2784
2810
19
2820
63
88
16
1
841
64
2664
274
43
1425
1
97
3
1906
2
35
336
4
625
1
2035
14
14
19
27
520
12
748
132
2485
571
25
7
2357
1560
14
104
2777
208
12
30
109
6
1090
18
1750
1
1637
550
16
1085
408
790
1760
9
1986
1
201
1908
21
1018
27
165
1643
2730
27
192
11
1296
2676
1
531
136
1257
211
808
74
192
1800
236
1127
2297
2979
10
3
2257
2760
36
49
862
584
1659
1952
77
374
8
147
2
763
1754
13
244
44
580
196
229
1437
31
15
6
642
103
1135
1534
372
2179
355
560
1
2311
194
1302
568
614
945
197
65
187
143
2299
2567
424
4
2249
1
1643
3
1328
326
50
931
409
95
1
9
264
884
1209
225
387
39
763
124
1
1798
373
533
155
662
4
131
42
109
1
1103
2399
59
4
61
49
2746
3
2742
5
19
3
486
44
3
1
9
132
1911
277
142
3
165
37
469
1
68
73
32
1
36
397
2492
1
1492
1183
359
2342
1013
98
112
17
1375
84
145
353
3
842
174
309
11
234
10
336
1128
55
286
757
1724
17
2
109
20
706
229
6
668
1297
550
900
121
51
2
1
24
193
27
871
93
766
1426
13
62
767
2738
1073
46
75
2
2672
593
340
2170
270
256
1477
32
188
760
1
17
1823
985
64
96
330
1719
51
3
58
532
67
26
803
789
1789
8
1
99
830
281
2004
14
92
124
59
6
1
51
45
859
2622
704
2716
2645
989
524
1009
73
137
2271
803
2867
263
23
2286
117
47
1275
1859
1213
464
1
2703
1709
1
58
482
8
881
954
2287
2
663
9
1203
1893
540
1133
443
2436
11
62
2419
48
260
195
922
174
7
2823
1535
1151
377
33
30
107
196
1203
820
2
1143
473
1
12
627
140
284
83
3
492
2
1956
2744
605
868
1360
2344
2425
78
45
6
40
29
1343
2405
2006
201
563
269
2710
4
24
1756
529
769
494
179
18
17
1135
24
3
786
2
24
16
635
256
150
2341
71
5
252
2510
116
3
6
2854
8
160
640
24
1
3
43
698
2755
69
2452
58
29
577
1037
1585
58
28
1145
368
1198
10
477
2487
265
1011
1117
55
950
10
7
122
17
6
2083
68
2859
223
23
23
84
828
1539
38
104
88
149
27
1301
489
63
3
1913
2769
1086
1
1707
18
1285
115
486
1647
1
1
911
1528
2564
3
2931
2656
1600
10
966
73
236
49
747
647
558
2604
2201
711
2
40
81
73
635
1934
98
261
116
245
49
1657
58
176
25
199
1
410
22
1657
129
2109
1
541
33
1079
1056
29
52
766
1900
1020
657
135
68
2926
1414
2452
1921
1449
111
6
486
2770
2
9
172
1
2
53
7
196
905
12
1414
1306
132
64
558
441
4
823
833
534
2
1262
2781
34
576
354
112
32
1761
176
2946
14
1927
937
4
595
2477
724
218
6
785
87
64
302
23
15
3
2545
4
56
47
519
6
44
103
1016
1880
696
440
12
389
105
931
2
161
2947
2
652
118
197
925
1389
844
130
2
2
45
2
181
552
718
2314
33
451
271
1
1
1811
25
37
2496
275
1268
82
1164
1459
339
268
325
9
1103
148
1836
132
339
1328
75
988
22
36
1
978
215
809
89
307
1689
6
6
124
158
2733
2128
617
1
361
1616
2837
58
159
20
1487
599
88
2194
235
115
239
259
19
47
5
551
70
2555
501
10
1573
1
2445
686
424
429
82
2567
2630
1409
8
3
246
450
27
67
1431
111
509
2815
1024
1561
136
8
440
50
1340
1111
792
70
451
1330
2145
759
1
26
141
117
2114
250
21
6
15
2862
41
1790
2690
2631
1694
1549
113
15
109
6
2973
11
1416
224
36
5
1
1850
754
1888
13
922
9
58
13
36
12
306
2316
453
143
1
752
831
1281
1057
3
34
708
138
758
20
2530
2
1425
32
19
1506
969
727
16
350
1870
104
183
347
101
5
7
2530
895
311
1854
768
1928
404
1421
615
2253
142
292
2428
417
261
2490
46
462
3
2757
1626
79
628
1
1185
805
362
1956
10
5
148
67
232
337
50
93
5
97
1
3
1713
1132
2
3
67
1723
928
985
12
1445
28
13
1956
188
1202
125
286
1753
2113
6
2497
2
329
2
1
3
526
674
1385
47
2
1113
265
1106
183
59
239
630
106
708
8
158
101
511
2808
259
1769
311
92
1529
32
425
2242
2577
819
2250
328
20
2407
665
20
580
230
213
526
1348
567
2121
4
1093
2522
632
138
716
1
59
1111
565
578
2371
658
2067
16
13
1243
13
1400
2484
44
2348
11
67
499
540
309
832
2311
3
73
14
15
301
8
1560
4
470
572
1269
2325
10
4
74
58
12
83
945
808
3
7
29
2480
81
1831
10
5
703
690
609
284
397
1450
1296
4
1
1008
905
601
33
256
41
212
530
574
455
320
537
2289
2979
255
684
823
813
773
2243
2241
1272
195
1701
22
1051
133
44
5
905
2973
2138
577
2574
1904
181
30
174
1105
49
210
326
112
2029
2509
36
206
77
2574
544
2090
1
1307
316
195
2339
1904
96
2088
395
516
306
2
177
665
1
2593
25
1276
152
2145
1145
490
63
2621
418
2518
314
4
25
71
1526
147
523
505
510
611
60
457
338
2393
2095
143
1089
199
1
19
2
1573
16
64
2809
1256
29
1749
314
3
1
1902
1463
158
2414
799
13
84
209
7
1494
5
73
721
422
81
840
1411
877
2850
10
1319
170
5
2910
64
1041
508
61
18
2
994
670
37
8
104
1
7
2481
2887
42
41
373
132
1046
118
39
18
489
2
42
37
111
526
173
1380
1883
1050
9
2730
83
1298
8
87
2618
1651
570
458
213
12
66
1542
335
1609
4
11
172
48
503
2654
19
1195
18
1794
1863
9
1
23
41
2436
1987
9
2675
1608
10
1
50
2328
158
721
909
2
81
1969
2301
127
190
2347
11
1
849
2
3
21
217
2834
535
38
2156
1159
1
47
79
2011
661
786
69
471
2556
2277
417
1978
1371
8
40
119
1583
132
1560
6
2
215
174
2264
680
591
22
1
42
266
95
403
379
1594
16
2929
757
160
17
684
426
736
1818
158
82
1194
872
103
7
34
2
1134
409
818
4
1137
1263
408
350
436
5
1
1479
329
349
76
1677
2342
1129
712
2674
17
60
39
855
1607
242
199
836
518
384
25
764
1350
759
2951
313
722
9
133
2064
4
39
1663
275
530
1
294
999
192
269
240
454
1472
14
156
9
161
2
9
2291
2326
1
4
14
107
2727
762
513
6
320
255
686
1702
1231
665
226
2727
117
73
52
2
753
2
1535
5
344
568
338
140
583
8
3
156
9
1189
25
828
145
1
301
1424
998
17
30
982
1666
1
956
2
238
11
983
1275
130
240
162
173
143
38
1132
2641
1785
76
345
1831
2735
817
3
1013
158
378
754
673
4
86
11
2356
140
26
161
1
355
1120
5
200
793
628
214
769
228
2995
2502
472
1178
2952
66
297
552
1855
2392
32
1651
2629
850
55
3
2686
1586
280
2116
5
52
4
312
2001
2921
338
7
1
972
170
1815
177
12
234
424
773
41
50
19
414
70
487
162
1388
298
401
2154
2965
1500
747
620
2401
133
7
109
1767
1490
46
1180
23
6
296
428
54
2419
391
10
1585
1094
2215
418
967
290
1938
1244
9
475
132
13
1180
691
96
97
10
600
2929
2464
5
1903
25
704
9
31
561
42
266
1696
2
6
1855
694
405
13
2395
1784
10
1333
3
2061
744
2631
305
2732
222
102
1638
547
462
59
610
65
2882
249
934
656
36
14
80
187
294
10
2564
21
265
3
37
945
220
40
1
52
1102
265
1029
1
333
4
1
1385
13
147
976
2330
1488
47
862
4
229
231
739
17
44
80
2760
688
3
2978
40
2
339
1
13
2163
52
1519
453
528
525
448
22
1085
1195
2399
549
203
14
1258
1261
13
178
764
2
2031
309
1
59
2090
2689
16
1036
17
12
560
206
3
898
26
38
44
2448
11
36
221
2
2386
177
46
2003
1711
10
12
508
75
11
1004
694
133
5
2239
689
2530
2
1
2217
438
766
902
2159
3
1195
1204
873
60
1144
2771
1223
1773
584
1
9
2435
822
2424
496
1902
160
250
8
924
400
83
421
149
2269
39
967
815
2327
45
168
22
11
109
100
167
115
1
488
2842
579
31
522
2714
1
81
671
328
329
63
301
2
2661
128
1326
29
367
622
13
4
1
2018
2549
62
464
1518
556
2
1039
174
45
248
992
85
2025
151
365
19
490
34
912
2212
2
587
238
2876
1150
595
30
125
12
81
1554
58
27
17
372
294
838
7
2891
7
331
443
1582
6
2037
1827
19
217
1249
1360
759
27
491
6
2897
168
1422
116
653
1705
1825
2669
1790
10
2959
3
21
438
1693
179
40
2273
1780
2
233
31
143
2526
1216
4
19
473
102
193
75
5
288
3
2384
1
90
17
4
285
1375
2777
836
124
45
2184
134
49
19
37
741
1194
27
160
344
2778
1366
77
938
2
12
22
1918
1
452
4
628
4
156
5
289
40
2
1473
245
58
8
887
1771
162
371
22
1100
2475
15
606
724
2650
2895
1565
701
4
2199
271
1059
699
1996
4
8
13
719
17
25
1696
672
31
2
9
10
263
65
101
509
132
339
13
127
37
26
167
2312
1579
1133
1318
336
2989
3
2488
808
4
2049
99
1176
2756
4
4
24
2027
237
299
282
725
1138
109
5
1125
2889
1858
142
432
1349
320
2952
1342
1
10
2421
13
1693
64
456
143
1
598
303
1
1837
1615
1
971
734
17
65
211
98
141
255
2296
31
924
2250
1352
957
2336
2
495
796
145
14
1124
408
791
314
39
81
5
247
22
1039
11
1393
6
2193
2283
1599
887
97
87
448
1590
310
2822
1890
31
606
7
552
137
1208
1622
1846
825
1764
309
1260
8
60
103
13
225
11
9
2016
2439
122
465
1112
196
1619
1
397
2759
1508
2180
52
2236
194
1354
561
1863
35
953
417
2859
210
2
849
321
483
21
712
19
235
2
2471
1669
2569
335
2
1806
124
1200
42
688
12
249
926
1
447
61
1691
604
101
606
205
216
91
382
2
2514
402
30
1431
57
1133
1267
82
149
1978
2377
477
779
218
473
554
21
21
181
1
673
313
1333
94
569
1667
215
2634
659
383
2929
1
1
43
25
5
521
387
951
507
195
1527
116
76
1311
133
1550
719
3
38
2577
2457
301
26
402
1334
2876
2609
344
632
372
1738
751
9
2505
11
23
40
2
104
2936
6
46
1508
552
6
11
81
1483
1
18
581
299
245
2291
135
37
177
317
1977
234
709
1
517
2074
1008
776
150
99
2
98
1827
1796
2141
2907
89
173
225
7
615
459
933
10
8
132
416
1164
14
1523
892
213
2729
2472
631
746
1614
5
2009
1093
49
875
88
1033
2388
1748
1
1562
274
596
1935
205
2912
211
80
310
1055
1027
3
2981
4
23
136
3
1414
674
1538
1112
70
448
201
193
2621
802
2218
9
302
21
721
872
1
2258
497
25
189
2302
1881
1154
2
1568
96
1255
8
1129
365
576
19
1482
13
179
582
2633
1
130
199
754
2842
963
850
2016
2269
16
1951
137
2297
22
639
637
125
1761
1
431
625
10
331
185
216
6
33
48
9
1
715
1016
929
132
51
208
837
276
755
8
25
992
1856
39
444
635
1307
116
1723
5
2292
103
153
60
52
1474
2538
1334
125
81
1774
18
89
527
6
121
2764
1
1822
533
1627
2236
10
89
3
2872
3
6
2180
2304
102
2867
701
1328
107
434
21
633
776
295
766
77
1644
12
1168
41
23
13
682
101
141
1333
2480
2123
150
11
48
2
1486
38
1433
1
2047
23
3
461
1825
1331
34
1926
461
1699
641
629
106
267
27
79
37
856
60
24
2635
20
3
300
64
1497
526
203
12
13
106
1621
11
329
179
209
1884
4
2823
889
109
62
106
165
2228
3
707
2302
1000
1627
73
343
142
525
741
1175
767
449
573
81
572
2474
128
2634
42
118
90
1
902
2487
44
626
36
4
2497
1191
504
158
132
1649
103
4
2776
151
726
1900
11
20
122
370
19
65
3
14
2028
12
1236
1706
430
1200
891
4
1577
115
2449
1049
142
195
1384
24
75
2
127
407
4
1170
2084
1384
6
2741
469
2657
522
804
1
1582
55
90
2517
2162
656
2738
2845
425
822
111
2154
412
4
8
103
2651
1
4
2
1679
1210
419
611
812
607
1
1229
1671
4
2940
773
42
60
423
1988
1522
43
20
26
91
576
79
846
1611
1044
103
106
39
82
403
1703
6
1947
188
638
2431
2325
6
1053
275
2848
596
364
1182
1100
1199
474
564
470
1546
305
133
2586
1627
3
568
597
2747
2
173
2
4
38
550
1832
180
10
35
390
2
1964
391
277
3
463
7
1689
267
2985
23
74
335
1135
1244
2520
438
1791
914
899
34
23
1074
1
33
3
13
251
1568
18
178
1972
2541
167
2163
26
2218
1370
15
2
17
785
76
8
1216
75
4
312
49
2921
519
71
695
2234
387
369
2714
2167
203
1965
6
548
203
28
2213
2330
45
2828
2406
1530
717
1
239
1784
1720
404
157
28
25
847
2560
3
1343
5
3
784
2
1764
63
1236
478
71
1235
2529
2005
83
2
11
1847
9
1123
64
773
97
7
2769
11
1325
1498
91
1384
646
407
978
175
3
836
6
135
673
1527
408
2861
243
3
2299
37
482
2
145
107
253
1
2
477
35
2
503
912
2
2
38
14
1377
991
96
306
1482
364
198
92
17
304
1987
374
4
28
2
689
2394
80
240
622
451
808
21
211
350
91
1044
666
2878
4
3
97
2425
14
1930
571
2374
1793
633
2
68
1029
1182
2754
46
278
1508
1816
2832
1
321
1612
38
254
3
203
100
1263
17
1770
112
244
430
1740
1574
60
534
1640
72
1217
164
311
1254
770
279
37
463
613
76
1166
206
25
1206
9
20
127
2030
164
486
134
599
2787
18
132
29
1
141
490
7
1084
136
2905
1
2635
50
2151
729
145
58
170
6
2023
16
2637
7
2190
1005
2438
334
9
140
794
366
32
57
3
2153
1
1024
838
1613
55
2541
256
856
930
164
49
16
20
638
752
3
2834
87
107
265
675
1230
2182
890
17
121
2063
202
7
2899
126
232
1088
904
14
160
464
426
225
280
62
2671
95
382
2
2481
208
421
2444
41
36
2919
2
1555
288
1514
129
412
2685
1697
1598
631
1079
375
138
1209
1685
624
1073
740
2391
6
123
1
2184
139
744
1911
70
791
2123
27
62
2033
420
12
2
722
702
2204
1275
143
16
1686
87
1556
90
878
118
833
905
469
250
1277
24
71
633
1963
21
43
123
448
1017
1
1035
17
274
1130
37
358
15
462
5
1584
220
1
86
1379
506
5
280
1
143
1577
2
23
42
2037
3
481
214
2144
1739
216
434
14
224
18
1421
2145
3
2539
367
914
1380
1891
779
274
92
18
28
1180
902
1394
2776
856
716
211
267
246
44
1
1444
1208
2661
767
62
2232
1
116
15
443
20
430
30
2547
3
633
45
76
291
19
12
577
552
60
1106
1115
2774
495
21
16
413
2
1229
1701
1032
15
36
9
10
687
42
134
2105
127
839
2429
117
197
8
333
1023
2483
30
94
54
2598
2036
37
45
1829
5
460
8
12
2063
2916
40
57
1
478
434
2244
56
36
204
1913
24
24
749
204
24
1056
579
2
2997
287
906
899
20
745
1411
416
167
1658
1779
24
282
2185
2738
135
2641
184
388
33
1
271
43
7
128
112
66
193
1105
727
790
1094
460
906
2
25
2184
67
3
16
2947
161
13
621
238
1943
570
560
417
15
107
325
1
385
29
56
31
486
218
104
41
18
184
1
2
9
568
3
132
19
1468
2975
25
30
1470
2317
1790
280
3
185
222
1729
2014
376
42
2652
40
1793
299
156
1898
24
68
1870
356
2901
463
175
1042
2886
564
83
96
1084
797
99
662
192
1507
66
15
155
130
335
241
223
1367
1390
42
751
62
2361
1138
21
2
3
2460
55
2336
45
52
974
231
25
36
2754
1063
1289
204
145
1002
1193
601
690
90
731
6
1294
406
1662
1
16
3
6
1896
701
937
61
2046
24
1142
206
1112
94
55
76
1
2242
258
1252
2231
51
2347
369
910
596
508
1223
2159
2509
1018
605
3
1304
1381
2641
2411
921
89
2923
71
8
665
4
2593
549
1852
2
1662
1476
549
1297
322
1384
1981
1
208
259
2504
788
6
1
482
1309
663
24
689
734
27
490
44
59
1114
1878
105
1964
25
1808
105
61
18
1514
97
51
1
270
256
1745
550
87
4
49
10
302
1567
385
73
496
659
2906
1
692
1419
1209
2640
1195
1363
2359
564
142
4
1173
2612
148
1549
385
1357
1858
962
103
447
5
95
77
1
9
1236
904
1097
279
47
1548
707
68
161
1593
5
161
116
541
6
104
1219
5
1747
23
1058
1868
129
1
1
2423
843
3
25
401
1618
4
2
1653
1529
18
333
14
1992
268
1
1072
768
37
756
2
69
474
1721
1411
154
117
637
851
2
51
1
27
1471
128
145
13
1463
1866
6
2597
2149
457
2656
503
10
137
2336
32
577
241
848
119
1237
453
146
3
1377
85
19
393
116
49
490
128
2228
1480
1070
16
2
390
75
2150
10
444
272
151
158
1
2386
1747
72
413
1955
4
2293
3
238
1103
3
1586
14
1215
367
224
237
1718
709
1
787
203
10
107
18
1
875
114
393
3
7
666
28
442
707
83
4
2711
60
91
570
2
2238
2035
288
1122
105
194
82
103
8
118
1
3
31
2100
25
1281
200
210
2611
1310
13
363
6
1257
387
275
267
1160
2180
144
51
617
42
36
871
528
457
62
779
1702
424
31
503
1831
817
64
2
2624
32
10
915
1647
19
1790
2970
125
90
1928
226
219
342
1081
958
2791
1191
37
871
1031
1414
2422
5
93
665
58
373
165
2
180
2155
434
415
1417
118
360
1
10
1005
13
14
144
1064
1926
1221
1
1547
70
84
690
138
329
860
465
1621
128
869
1490
1
70
18
89
7
1445
254
926
1717
1170
186
814
11
27
2240
329
410
5
407
769
4
1780
1597
107
2536
2078
1
174
68
18
1745
200
12
1631
2120
175
824
1
159
585
102
2636
19
1973
22
585
2148
25
5
87
47
1681
246
32
12
1016
2
2195
76
975
78
1237
335
485
463
289
75
1232
1106
4
2422
2172
515
972
327
2584
510
18
309
2
1
43
974
4
26
31
1
573
16
780
1047
714
216
1003
223
129
899
44
303
7
53
432
724
506
1017
1563
6
11
956
904
34
55
1832
45
1413
1166
37
313
155
529
76
504
86
2607
573
5
2677
40
2957
714
8
224
1756
557
77
43
646
265
494
5
3
1827
191
148
367
297
1294
108
2537
43
119
164
50
757
2238
415
14
120
25
186
26
1674
2466
548
413
4
2
412
25
5
1
40
342
276
537
2517
2864
919
8
2
2000
2553
2733
112
749
2483
8
2416
123
59
2890
106
879
2105
285
2654
213
360
2853
123
73
1622
1
959
1
1334
1079
1168
16
2491
307
10
1
9
42
234
69
2282
47
338
1691
2658
98
57
294
638
3
1125
202
708
588
304
3
181
2311
82
23
70
502
58
730
405
475
70
50
153
20
2694
1780
1268
186
114
112
362
2155
168
1505
109
119
1429
266
377
11
40
1097
1223
1510
998
60
20
244
391
33
86
1
713
157
259
2
84
716
226
2153
92
713
449
2273
114
238
1214
6
2872
54
2787
167
243
690
1433
2123
271
43
1869
133
23
193
4
794
8
1
183
44
2065
27
140
593
1568
354
1740
1113
2884
199
1941
459
625
355
5
18
1689
783
9
119
1245
5
10
1817
102
1
317
6
30
184
4
2249
238
1464
2859
887
352
13
435
8
700
121
41
219
2773
2094
24
461
307
9
203
18
145
471
42
2115
878
2026
893
1274
1267
12
64
340
29
5
40
7
2422
159
2
2195
10
785
4
45
45
18
188
35
109
879
2576
512
572
539
2745
11
1
10
429
2171
2056
163
520
956
2
134
79
3
695
193
280
676
1264
551
582
431
2674
17
22
622
101
169
1655
564
2123
175
1346
66
117
8
604
10
2451
1802
132
236
10
31
265
482
19
31
327
955
2975
765
686
452
930
21
45
2193
1513
156
1374
1721
145
411
2140
623
244
1
1840
112
425
907
44
69
494
2222
35
1222
50
13
1452
91
13
6
1772
80
252
35
2944
341
2002
737
527
1
73
3
1923
1794
152
316
30
573
18
3
1257
40
38
259
2258
2888
6
2839
68
8
350
266
1474
2408
516
364
502
319
1
6
38
34
542
332
317
841
846
678
1638
50
82
1562
5
1765
1628
152
63
1857
1678
89
68
1856
350
71
2028
211
92
2183
1936
1600
117
502
1750
90
487
100
2
3
313
2466
2919
4
128
468
208
1742
246
222
2153
4
2753
170
2556
2687
3
78
1
2058
3
259
2083
50
665
312
2423
2150
407
10
156
1788
9
2
276
871
623
733
3
674
77
130
384
131
315
269
4
76
338
1452
3
843
6
381
2130
2187
2585
47
61
1441
15
65
1276
2549
98
425
177
1005
1288
2720
384
654
1803
231
43
2723
631
149
1362
522
10
199
354
5
1161
550
223
2131
94
476
1064
518
498
796
1
201
1193
730
1
315
62
209
1
257
170
667
778
17
545
656
437
549
8
1568
1702
1193
1373
657
2
1852
207
43
1779
21
67
865
38
7
465
420
1368
1066
47
368
1034
228
1
68
2081
1515
264
2505
48
42
37
1349
228
8
52
827
67
419
21
1970
2565
134
58
47
11
894
149
628
401
302
518
15
2218
42
44
101
2
1877
169
358
63
128
63
132
141
2353
2354
1
469
145
652
21
58
257
102
25
2656
1273
167
1661
5
18
4
811
2097
2533
14
183
1602
228
374
29
1428
867
2485
16
16
274
291
2840
4
149
852
1
2604
1
35
90
30
23
320
1322
10
2170
7
3
8
3
862
1
2757
203
87
2
330
66
546
1980
166
40
466
827
798
1398
791
21
425
266
1753
16
2756
13
19
1
482
24
2430
94
666
2730
1128
1384
1704
52
1926
131
2889
50
937
1942
327
2479
6
2087
1578
2093
294
1214
671
1
1097
566
207
7
152
1
12
131
1677
9
190
691
1754
977
1
717
1472
96
1679
35
149
2740
1005
2543
1
18
48
329
75
445
496
2865
18
64
5
306
50
3
70
3
1565
6
2288
178
95
1498
292
2
143
290
2056
1307
120
2064
1546
159
304
5
68
1210
1109
2860
186
2100
1492
1467
2232
999
2295
1914
1681
1563
922
2834
3
209
573
750
507
467
13
1
50
1860
68
12
1154
724
378
2113
29
22
2864
1
4
2522
1690
8
602
1255
2184
8
20
2231
1929
1
1426
701
292
2921
1622
2682
1165
32
2076
2687
2305
467
1747
4
16
4
5
13
78
1066
205
455
2168
151
1648
2751
2257
631
93
424
1725
7
689
33
1262
4
333
1159
2691
7
3
620
24
1
834
27
362
1294
107
24
10
35
75
516
142
89
303
1416
472
2210
515
743
19
13
246
1949
94
1705
806
537
1558
142
514
1974
2141
226
661
102
153
33
902
1708
596
788
2020
7
4
2753
2300
69
16
76
12
50
1933
98
190
142
1592
258
2069
1749
369
1011
1030
113
466
3
2445
19
800
1
365
1474
6
3
2329
2055
308
3
217
512
49
3
6
193
25
1
604
673
1197
658
651
2843
2543
927
860
535
121
2045
2725
17
1989
366
8
218
95
272
1478
72
76
1335
2123
362
638
1733
2533
1389
8
1
330
154
952
4
76
2861
337
1
2397
1418
30
1005
13
73
6
2226
228
33
4
151
54
2531
50
1846
17
841
933
34
1086
1
325
2305
236
1615
426
2
3
14
11
62
28
538
326
246
368
131
1
20
4
2144
912
2998
1413
756
988
1085
28
15
123
380
1113
469
574
2892
2788
2658
608
809
63
1621
302
70
11
542
43
1822
1
18
34
539
156
966
46
2946
6
1757
2850
358
2426
1656
2087
34
1891
2562
34
2419
2056
15
42
49
1623
104
199
1
12
152
1832
5
147
367
2
9
705
10
1754
2
2098
21
1780
354
1
2188
1
2943
71
302
228
380
1880
1113
1368
2961
16
218
61
458
29
703
460
82
435
8
154
2
3
26
894
37
22
2976
243
1295
2
7
1599
21
27
19
702
25
877
16
11
276
2975
1847
1982
44
185
71
426
2243
2611
1060
765
940
521
1
1188
2592
1402
347
112
2377
884
39
999
739
38
305
175
11
11
239
30
1503
960
345
8
1
295
1090
651
15
2314
128
1874
399
77
1126
53
80
21
25
1
1358
17
2243
886
102
803
454
2118
2777
1358
57
142
32
18
1238
789
77
5
712
905
1652
1107
468
1265
2784
609
5
31
548
1260
905
2360
229
224
1916
52
377
35
2723
25
1567
251
616
39
492
1574
756
771
2940
1509
41
503
44
1097
2123
1063
2450
2596
1500
53
2800
14
1413
109
1568
9
698
1180
252
172
100
135
183
721
175
66
2560
1302
1
1785
917
934
40
338
1368
2726
151
2001
65
10
1
98
172
2
409
669
8
1988
1419
206
12
506
168
48
780
1
4
3
4
144
88
226
2805
937
76
677
123
1
29
39
14
140
3
1610
1216
2090
2558
845
60
41
5
490
10
1184
265
2496
8
265
421
158
562
56
149
47
435
2031
8
786
775
20
635
1690
1985
1668
1192
16
12
1
2570
145
76
800
38
11
332
57
105
1041
140
2947
39
34
2326
1314
1419
330
2226
1
2005
33
1620
367
44
1
44
487
33
91
1604
541
1608
668
470
1229
2226
577
484
12
10
79
3
7
2104
2140
171
1
1541
1
25
26
24
37
2868
32
67
75
263
1177
708
3
75
34
13
9
1334
752
2727
289
32
3
752
4
447
612
1
142
25
1008
767
1368
1162
3
425
917
360
8
110
48
35
2423
587
1923
2191
32
242
2
133
23
1966
20
288
47
1244
111
2618
3
2453
651
1754
2842
2002
1253
1375
110
1207
40
729
255
484
2056
632
2041
361
3
1789
16
1
1437
33
75
678
327
1663
1871
14
47
2813
25
1
391
116
66
1998
3
114
1855
1699
1633
2569
2639
1016
1677
34
366
2180
28
361
10
1748
2876
921
60
56
54
263
1645
43
185
6
1
2803
181
10
56
61
33
16
966
2154
418
1172
1
715
1556
990
404
122
801
2461
4
501
2
27
140
474
7
1
309
86
2332
27
5
1
20
4
22
2131
78
1
1084
2621
645
2881
1278
41
2798
592
816
276
1463
1780
1357
52
8
280
22
3
30
502
2077
574
825
48
916
1
61
1411
2
80
130
501
421
2
136
1051
2
220
88
1085
746
58
579
159
4
10
62
50
4
2496
520
222
46
47
1139
1453
2
39
683
523
1
1117
1404
347
1490
2578
251
1753
10
11
8
1907
186
76
1
1002
844
968
1891
397
2136
1425
454
152
176
4
6
97
1463
1033
5
1561
1310
149
354
857
147
1741
2005
692
782
204
1177
75
5
78
3
478
327
94
1135
1841
12
81
1172
1669
766
17
2
2062
1022
235
1206
1
1269
118
328
2904
170
5
1
1
2
1
2965
1
64
876
986
4
2608
1736
42
154
819
360
608
91
1464
2
1643
33
6
864
87
112
12
603
219
909
102
495
960
10
28
116
64
985
49
1
23
1480
7
212
2345
9
277
1880
93
606
741
1456
757
548
20
2437
2
12
53
1386
352
2
28
2
2379
1
141
453
2208
2963
1
303
20
918
2825
1
1664
916
1
1283
1302
2991
1841
54
107
356
923
92
1127
559
843
1233
1154
1564
245
330
812
1229
56
2233
114
13
614
2247
103
2667
15
6
2086
832
24
66
717
1038
312
1287
1288
6
13
28
8
1707
1513
119
35
1
1429
34
311
2219
1454
256
2
1181
717
111
69
4
117
1537
2739
2
2712
658
1056
162
75
994
1863
1
1897
2780
24
14
383
2070
6
3
288
1462
2227
680
5
778
2
17
834
1820
382
460
44
57
181
1756
475
2
85
796
671
654
1
441
20
199
1
1271
534
100
39
79
436
185
43
93
2
195
1758
557
3
23
11
87
856
106
2273
1182
577
1314
40
897
540
2
2369
637
24
2
15
89
150
47
17
4
2850
678
968
165
421
1810
3
2036
68
119
390
189
132
19
305
362
382
196
2279
68
1217
131
1
601
36
685
281
2533
122
835
222
2340
246
2008
16
49
888
2658
1
2
681
450
1
779
668
498
166
759
3
160
1
1310
367
614
540
1840
12
1339
1860
16
151
53
19
296
1019
157
37
15
3
230
776
2339
291
157
109
1170
524
236
592
5
62
1269
17
135
2373
1335
43
2103
823
514
444
210
7
118
64
24
257
24
103
20
304
101
417
1135
1997
549
1100
918
60
9
208
2236
13
206
86
2409
1
515
96
19
133
133
62
527
768
1199
97
1982
1467
1211
723
42
322
23
2066
15
44
554
1588
1121
935
2816
229
2566
13
22
478
1183
136
15
2941
1
1247
414
2
430
1095
854
2499
2078
264
2916
194
227
232
56
1048
95
5
101
4
338
73
814
38
35
469
305
39
6
107
234
1885
18
12
1
10
980
364
1211
160
53
58
919
737
91
2
72
6
2095
1777
76
604
257
363
873
48
6
1273
138
1
23
115
83
754
180
699
1639
543
6
580
1561
682
246
28
108
4
1523
474
30
2330
36
369
84
114
70
30
431
716
67
306
670
1680
2195
83
153
434
2659
348
853
1556
822
237
707
262
1
2366
768
429
9
236
1391
2323
7
1
207
18
122
3
141
656
801
2678
18
745
13
1150
189
202
139
144
3
122
121
16
2598
207
2173
296
45
1070
957
352
230
5
1073
6
1386
494
883
11
6
53
93
13
2729
1171
2962
2885
411
126
398
654
21
194
57
1
1922
228
382
988
268
1323
608
84
22
956
926
6
616
1
2147
866
2922
31
428
58
103
370
94
863
34
169
770
1801
111
5
9
2400
23
504
1332
96
74
2
22
48
1
479
166
21
349
1439
2787
419
7
206
166
24
902
245
33
882
96
1
11
2962
1323
1
19
210
72
1146
2653
2187
2857
1483
1
1085
10
14
1
37
52
101
7
242
41
1365
1
102
2742
450
231
744
12
101
1909
97
291
23
924
1040
375
2937
387
1
2
2744
34
2
285
1616
120
24
423
1105
3
29
31
7
441
2445
1435
1364
282
703
102
187
3
200
156
198
2188
322
876
1431
468
450
57
2460
1546
1654
239
621
30
626
70
1444
13
1462
3
678
4
557
3
12
395
82
1880
1696
87
2212
1195
482
150
1124
172
4
33
906
745
154
2756
548
98
250
108
56
448
4
1
123
225
99
1199
2842
143
8
38
7
3
1220
2565
891
143
898
2714
352
438
23
237
715
325
58
1605
601
8
18
172
37
20
729
1846
217
687
13
373
647
1
1490
466
144
14
39
1071
18
82
247
879
1264
431
2858
701
1686
1
14
134
114
7
1769
15
171
174
64
1350
1405
238
2479
1650
557
9
8
2888
330
73
2116
18
2615
5
659
6
1399
1970
27
1231
1374
58
987
27
846
3
2118
2113
22
659
34
343
2017
1
1592
890
377
323
2908
3
2026
121
19
110
63
422
63
2331
6
11
449
1265
252
1151
221
1182
1247
8
1308
9
763
113
2
13
463
286
2696
27
219
11
459
1873
29
11
4
460
21
2738
1357
816
37
52
1
12
187
289
2366
36
67
110
317
1799
2809
248
242
462
20
558
2018
432
2601
64
603
49
79
340
502
1839
125
39
1976
2300
860
117
279
350
660
2937
2069
808
5
34
54
945
113
911
843
500
258
145
1096
156
335
1
139
12
1241
835
1749
557
2273
624
362
143
1018
2
148
63
1463
25
145
307
646
570
55
173
46
120
307
2449
548
201
205
2511
2877
803
2044
584
1449
2956
1568
8
195
1033
101
122
1761
54
1131
8
56
535
20
700
87
183
5
4
40
2
460
400
9
3
49
1773
2082
1433
1103
1925
111
13
26
2358
2191
152
66
72
62
1771
30
992
1694
208
368
135
232
1283
69
318
6
53
31
642
23
6
2465
576
1919
312
88
96
14
5
448
7
198
1139
2325
2217
1399
2032
6
760
671
2352
2307
1109
2319
193
1379
1271
4
2709
1296
1370
458
77
277
83
2503
10
161
2966
835
3
520
28
251
334
32
686
307
5
106
81
293
1849
5
1580
382
496
29
499
79
925
1009
767
953
19
403
463
2536
9
125
2508
31
1679
2270
6
1165
1051
2135
218
29
715
58
525
367
174
235
294
5
238
10
10
2
279
1399
8
1620
2970
2735
225
3
2558
228
102
673
2019
17
19
131
274
174
7
1
2533
1
285
1
38
404
1938
124
187
32
451
14
227
232
1654
91
2
1093
66
721
11
40
1724
22
20
2811
1
890
413
1
32
7
1366
1305
1376
217
210
18
1978
73
3
17
57
1186
2894
159
400
82
91
860
73
1807
8
735
1035
88
905
225
119
1472
627
2127
2605
206
307
1538
47
356
374
16
177
88
789
1384
710
491
14
2545
105
231
2601
1872
72
6
395
13
341
32
239
2847
1
25
21
23
35
2561
2
760
825
597
12
149
54
1353
191
70
10
281
85
256
8
269
264
1
11
1269
22
4
636
1046
252
1
25
385
1534
702
96
287
710
1744
7
1202
113
1244
716
525
11
228
4
241
225
3
1267
365
22
278
36
2
152
326
22
525
347
748
600
424
2563
965
362
2813
264
1442
242
566
1755
28
26
1215
948
465
725
3
1149
1735
133
2
1
55
1
1039
1116
1994
19
33
2970
1
46
582
89
1
473
682
2336
2728
348
1601
17
1893
1078
288
1857
25
38
168
5
1437
2838
660
124
1424
1529
9
2533
1879
72
2
991
119
1681
714
6
2789
126
1
585
546
2090
7
6
6
223
2306
225
55
88
541
958
834
6
105
1930
2173
2751
21
114
201
1767
152
24
97
395
1563
2979
2319
1195
66
74
603
68
763
593
21
498
488
1712
24
307
1
512
132
1
1574
912
155
22
600
16
843
718
8
1
7
1711
60
564
1975
40
1633
1303
1555
1730
550
981
1046
2
124
5
1350
2060
1132
479
199
864
8
133
384
12
77
409
459
4
1248
54
3
349
24
6
521
2
2255
4
149
60
198
1225
1249
1423
1111
202
2137
817
1
169
182
182
1007
688
178
18
1773
6
209
2
1027
948
535
3
680
369
947
25
31
3
13
1798
69
53
102
2510
1582
208
840
1
2
235
663
824
24
286
2666
104
255
23
1
53
1656
20
1457
2478
124
396
722
33
5
1216
3000
1571
2009
12
86
5
26
6
911
450
459
203
347
439
55
4
213
136
526
51
35
672
582
1026
2758
1952
223
1143
62
2201
3
522
698
1548
66
1014
138
787
948
648
24
924
14
1887
56
812
1
1068
2482
181
870
2112
2
460
701
1488
389
312
22
154
167
41
13
16
71
146
25
2931
2247
985
1036
632
2
1205
70
816
45
973
28
2260
1874
20
763
20
2690
1
47
1323
135
1033
24
42
729
1427
1973
1
596
2800
2
778
1229
1007
2425
57
17
586
59
33
221
50
14
1
9
32
21
1497
21
18
3
2
2610
54
2496
179
57
24
474
279
2283
6
1111
74
1214
4
395
264
417
16
111
372
3
53
55
199
1354
3
306
149
513
768
110
28
1225
2
1367
2175
702
68
721
792
2590
465
10
31
1398
567
1063
6
928
82
581
241
1836
66
116
1
32
90
101
1
160
33
46
1401
3
482
47
1
545
89
374
156
2398
6
2700
33
1432
429
1023
1203
14
4
116
1418
10
53
417
1105
67
2151
913
184
2546
145
1641
239
