1157
489
1119
2547
769
717
752
1689
2491
411
1029
1577
197
306
2600
2701
2186
1183
1102
1553
2422
2313
1090
779
1652
2933
2175
2795
1891
2633
2644
1053
461
1613
262
685
1660
1461
492
110
2878
1284
1741
1832
967
2035
2399
1008
2408
1719
582
1833
75
1414
676
2608
80
399
2653
1982
1565
2788
645
1189
277
85
1046
530
2048
510
1091
2943
1623
539
1102
741
2703
988
946
2364
912
1528
2673
2611
515
386
121
1480
442
91
1094
2947
694
182
210
1115
191
2366
2668
2060
2728
1524
1864
1696
2833
1437
2214
858
2912
1293
1235
1983
2606
612
35
2998
490
2806
2711
294
293
2244
625
622
2548
2431
536
2277
1609
1781
2185
139
2719
74
940
2841
1561
936
999
1444
573
1665
437
247
2018
893
2020
2207
86
2004
2958
662
918
840
559
2428
379
1898
1271
249
2148
2609
2886
1302
2630
602
453
2380
910
645
2874
900
540
51
626
809
2514
1374
78
461
1341
88
2869
440
388
975
1960
358
1606
416
956
1711
2094
1630
1694
2300
1796
1138
270
1396
154
2789
386
1535
520
2680
260
2925
1122
1295
761
1037
1970
1244
2452
1659
1101
2829
611
2454
2897
2246
620
157
1667
1992
1839
2104
69
1192
585
230
2813
1292
743
141
823
1730
2825
1177
413
409
2579
2347
1639
1500
2981
975
2740
1439
1123
2331
370
1493
2710
2996
2202
1194
1262
1513
1285
2979
339
1556
2214
2256
327
2520
193
2049
1386
2618
436
1011
1714
1850
914
2998
2480
2216
1200
670
512
2888
2513
858
2624
2409
1793
2279
2615
748
839
1439
861
771
1774
2556
1623
2848
1282
1980
472
711
2969
1484
258
3000
260
1511
1365
2917
1280
884
654
727
433
1999
2156
1057
808
1241
2825
598
1696
835
796
2045
1714
630
1955
1714
275
844
2668
1390
716
394
613
2404
1207
1728
2925
1577
547
103
107
2882
2337
1316
1870
63
1236
2540
949
39
2387
1357
1453
188
1507
99
2601
2786
1456
2681
2940
231
1669
395
848
1918
1780
779
1968
209
2639
1755
1975
120
6
2443
1204
173
2165
1229
141
1522
7
927
909
956
1583
273
2485
817
1578
1884
2792
1669
528
1089
2001
1516
2781
2767
829
672
2071
2103
1058
232
1303
1454
1972
408
2337
1282
1225
1317
2249
268
1602
214
2053
2839
2866
817
1492
2938
1908
602
2431
1864
1473
1134
1485
1735
1045
2933
156
28
2176
2464
2657
2556
785
147
2703
998
1838
1017
744
2390
1580
2751
2556
203
1383
1569
2886
2312
511
595
1704
2329
100
1319
1494
742
1859
582
2022
2820
1815
1570
1443
1886
120
240
2093
177
1447
1085
450
1213
1073
1
1627
736
579
2590
1479
2597
2913
98
1216
1292
524
1159
1456
617
2918
579
2268
208
2296
1100
137
2994
2110
2534
218
1329
928
2656
94
1852
501
999
682
2903
999
2309
1384
106
1478
1972
2835
2632
2995
316
2755
2496
1350
577
1347
1957
511
776
1743
223
2505
2736
751
1245
1645
1695
1422
77
847
2777
1333
2993
2380
1939
490
1974
1478
1556
215
1844
573
2085
128
1599
37
509
2668
101
2911
1483
1668
1438
2913
146
2047
2286
1002
496
833
1993
2406
286
2310
1382
1941
1721
1373
740
431
687
2265
1756
609
251
1828
2880
2753
2622
1643
1801
808
2716
2468
1027
1417
495
1222
2703
2026
2061
994
64
1758
2234
1190
2340
2651
220
535
1037
1204
50
2021
1952
159
1005
884
2553
2275
1740
2111
488
1407
220
671
1089
2507
331
139
1965
1860
2764
819
2207
2292
1840
2269
2519
686
519
386
2972
2213
2798
568
889
2915
1388
2907
2814
465
2624
823
2716
373
2847
775
1372
1654
2842
502
1476
1136
1764
1874
959
1209
1397
576
2565
2779
1446
637
2263
1902
1441
2912
1257
2999
789
2840
1783
2392
2949
42
1657
58
26
631
507
415
1295
2351
1551
1665
1412
2885
427
1025
268
2082
2295
1983
1671
28
2602
1905
1716
2906
2380
342
485
789
1362
2761
2526
2397
851
1029
2914
2764
2267
2212
2098
2415
1830
688
2512
196
2536
830
1974
2610
897
1938
2185
2927
1210
313
1019
783
650
2563
1245
1122
1007
1429
2700
2643
535
2909
345
657
2602
1096
2629
1120
1557
400
526
1104
409
557
2260
158
950
765
2796
2097
715
2053
208
132
2882
2840
2168
1151
234
199
2273
2756
636
351
2965
1945
1256
2370
1017
2773
299
2622
1053
2265
2389
2161
471
311
1968
89
1387
1
1326
1677
1490
52
47
2637
1469
1367
1584
478
2586
1042
2163
2164
2974
2150
805
1569
1843
2135
46
2870
257
1395
1255
44
2691
1541
759
735
412
2394
916
2140
1235
2935
364
1176
2593
2634
1862
139
2907
2133
1660
817
375
1979
1626
2878
2874
2173
203
154
491
1503
518
2954
303
1389
2406
2336
2707
381
984
18
2518
1539
2151
71
2730
1383
523
1032
2377
1161
1950
836
2193
1161
2378
2377
684
309
81
400
1767
1322
2954
2795
1829
520
1321
2565
1910
963
1467
2200
1117
335
827
2323
1526
2561
2392
521
1221
2686
540
28
1173
172
883
2707
476
536
366
109
999
605
476
1773
507
724
2920
2437
2456
1653
1385
1458
229
1004
1355
2488
768
2188
447
282
1704
147
204
2443
1101
611
1238
2247
2554
1335
2238
826
967
1333
2897
1925
1748
2921
2033
55
2401
400
75
2298
2853
1014
734
1792
67
1886
531
761
977
1174
639
2285
1494
1499
2804
1837
1440
2698
2972
1413
1442
2294
1930
2513
410
1283
569
607
192
657
1943
1092
418
836
1399
2158
2925
1611
1723
448
2355
2647
1596
969
715
2411
1620
1888
1240
2033
2444
1628
396
602
1046
532
1118
1756
190
493
1624
2483
624
1828
2094
1094
1887
1411
1262
1190
1714
2887
2459
250
945
1346
553
2029
2970
985
2363
576
1826
70
1204
2985
2750
2435
290
2453
1370
284
2478
1519
2810
699
1269
1721
1323
2663
2094
343
1821
1802
1310
103
1154
657
2677
1613
654
1840
1730
599
1694
1324
2893
2030
1946
2018
1051
2301
647
2886
56
856
2568
2625
2714
515
1515
1907
207
2485
2209
2782
1041
261
856
1061
662
936
1748
1694
2285
160
435
1221
2564
2032
2356
2328
1574
2040
2626
1020
1874
1106
478
375
440
1027
1891
408
164
92
2267
38
1086
454
1311
2482
2042
1975
1871
352
1295
172
2580
1872
918
476
1860
1256
3000
98
1925
3000
319
474
1226
2208
376
1321
1006
1995
805
541
721
243
2193
20
701
697
1940
2062
528
2717
2149
24
2411
1158
2085
1741
1044
2729
564
2959
104
1474
95
1977
1548
1964
2417
1402
2273
2862
800
2414
567
1096
1289
799
374
1668
2314
710
406
594
245
735
2630
560
1464
877
437
2901
2177
347
1487
768
1242
2990
2762
1405
2682
539
1170
1583
1193
203
2928
2696
1083
2543
2479
3
426
2086
318
2289
2412
2295
2454
2647
219
488
1024
2954
630
714
1275
1386
1048
1087
2707
1805
2812
1174
238
2766
336
861
651
176
1659
660
1509
1194
2425
2315
34
1354
347
2385
1362
1484
1057
2619
139
775
411
1301
103
1104
1364
579
366
1044
1344
2858
1177
2061
1040
2415
16
2803
2942
2818
1941
1287
183
342
2033
1530
2019
1566
2063
2348
1125
1334
2457
1223
2050
1521
1112
1115
1606
2230
1007
2806
2409
269
1195
979
2597
357
1043
1818
725
2420
1070
1760
986
5
1181
2958
50
2018
2341
1772
675
2374
24
2127
449
2460
975
1298
714
2745
1357
2400
2572
997
1971
588
1850
2267
930
935
1146
1448
355
177
2451
958
488
1761
2979
774
1985
615
1689
1517
577
499
263
2097
2838
2555
68
1364
2395
597
599
1211
933
1821
2385
2238
2692
1951
1309
1808
357
2987
1329
568
2317
496
314
2724
184
262
158
2988
2447
2965
672
458
269
809
2723
1053
372
2555
1226
2673
2202
2894
720
2759
466
1139
603
1961
164
459
1547
633
586
2042
2045
2412
1255
1456
1310
2572
1072
747
1729
404
451
1127
397
843
1583
1814
2932
2031
1062
2987
823
893
443
1929
2037
2466
310
1064
916
1710
1417
96
376
1258
813
1629
1908
2882
1397
2564
1252
1195
404
2348
2764
562
1646
2684
1571
142
1597
680
11
228
1258
1066
669
1586
2320
1883
2112
2864
1737
2903
1662
526
687
2345
1226
927
1768
849
1648
921
2061
770
1539
2993
1621
2328
1224
2313
2103
432
1235
1919
1275
938
1632
600
888
2105
1205
616
2235
150
805
2592
2920
524
426
1969
2202
2983
334
965
2661
1013
2612
2846
454
2417
2029
1796
100
856
432
2745
2375
1986
2862
2751
1795
866
1704
2924
865
251
254
2713
892
2787
1969
1391
2828
219
2205
2413
723
120
2847
1425
200
2109
1926
641
939
1413
2234
511
906
2377
2657
2024
1109
938
1320
1158
745
1925
2481
1728
983
1562
2023
2723
662
2715
1747
2756
2198
2689
743
2913
1693
1529
2259
1568
2449
634
1231
2631
164
2751
696
94
2466
1388
1364
699
1275
164
2807
118
1465
1252
2051
866
229
16
315
1833
1356
312
1523
2531
907
1416
2893
1022
2083
2374
2111
1847
1400
187
828
1042
2461
2965
2043
867
2088
617
500
111
2570
1649
371
1906
1898
1573
62
1705
9
519
1974
1272
343
458
633
1896
1334
2677
2002
124
2375
1142
2844
1057
2349
2070
1280
1466
463
2185
1348
992
1375
2093
2299
2523
2245
115
1898
974
1214
777
2364
1465
1122
2889
2893
2351
1604
2830
145
915
496
1071
2088
2197
2471
605
122
1201
1302
2774
2133
1134
1517
531
2654
733
1671
1389
649
718
1730
272
822
1786
354
2744
1837
1003
2801
596
1508
175
27
2661
2163
1737
2225
2577
2088
428
2075
1981
141
275
1800
2045
606
1392
1322
1906
438
217
1455
2928
2702
2758
223
811
1106
1577
542
1888
479
1442
2234
2487
314
1496
1875
254
2599
2216
2729
2991
1333
130
2899
897
2902
1525
1575
299
270
1782
927
676
2761
608
2866
2703
710
286
79
2791
2378
454
532
1698
503
2800
1019
957
2372
1242
2659
1627
2757
1427
2811
2631
1701
1239
748
1863
767
1165
2860
1435
2816
2815
2065
787
2448
453
2953
1449
1207
1973
427
244
771
661
1577
1188
558
1539
1221
2705
165
2486
1989
872
1193
2461
1410
2757
2129
2455
1758
2932
2958
430
1199
1014
1341
2133
2942
2878
2056
1961
2900
1365
1296
547
2526
113
1907
476
1096
630
1160
271
2235
620
2057
1670
415
692
1664
378
260
1899
276
416
1900
2671
597
1371
2185
266
535
1752
2874
2094
1161
2167
1155
793
984
131
845
2100
1385
2917
1412
1957
2954
1660
1322
1219
1977
2153
2107
2465
2442
1116
2097
61
429
2079
2130
2311
1486
1805
2
2239
1131
828
1687
2136
1857
2388
398
1812
715
1600
2641
2471
2804
2195
945
1745
962
1822
1239
2033
877
1133
1241
2377
659
1225
189
1128
2584
2730
576
1544
1797
913
680
1226
1660
1868
2645
2159
653
1359
697
112
2496
318
2227
2851
1877
2009
861
2021
1272
1104
1525
2951
553
2700
575
1051
2829
1755
1935
2144
1304
2919
1272
205
2529
1703
1910
2900
1035
1758
2123
2800
443
1611
2231
829
177
2691
2686
2578
641
2425
959
2042
41
550
1636
2008
535
850
2937
2697
2410
2496
471
770
2778
1404
1816
1957
903
1668
1851
2282
2658
22
305
1150
1162
21
1501
564
561
1785
2478
2453
2211
1926
1043
2979
1132
2465
2149
1479
2380
2820
2825
1461
1531
331
1225
1263
459
1950
131
613
2405
2878
1080
2732
2390
2260
2045
1005
1028
1898
2160
1811
2267
1744
1790
2092
1688
1143
211
2127
2112
656
1360
1801
2574
1894
1241
894
689
2041
2649
2405
182
1388
2570
127
2194
2046
1292
1007
1236
2769
2654
1171
940
2013
2235
582
1002
772
574
539
215
1888
1674
1511
1069
1210
1268
2644
319
545
1374
2876
1999
454
1487
2788
2894
2879
1985
1066
144
501
2119
583
1411
1461
2990
325
2851
537
616
1114
1938
657
2199
1083
2378
2873
1528
1236
1937
104
2347
2921
2450
1756
547
1179
2809
1092
2312
643
600
2865
1862
890
2890
617
1593
615
1709
2466
336
2344
1588
2892
186
939
2550
945
207
1458
2050
260
1928
183
1523
363
2045
406
2257
1105
2905
1175
475
2085
1261
2533
722
1538
2557
1139
1004
2951
1838
1701
1771
2662
519
1840
2218
1229
2725
613
201
2860
465
2407
2531
1418
1250
1433
229
2772
666
869
2923
2053
550
495
2034
1656
500
306
2477
519
2229
1816
2376
1025
134
556
2641
2143
232
904
1515
2232
1829
2347
891
300
452
1474
2492
1017
1005
1674
1599
365
2263
2311
1180
644
1580
138
2482
1998
2725
1365
144
2646
2315
1166
2464
1387
2966
1418
1735
272
1391
2681
2119
2995
128
1640
1953
1598
1851
1787
2796
1472
237
2801
1025
2767
2043
2559
1939
2561
450
1407
2627
1863
2115
2445
1865
1526
371
2651
138
2253
2389
1741
2503
2265
2184
2553
1411
1551
2240
2137
1455
2084
2925
122
2012
1803
1993
540
2948
2144
511
1597
301
759
1222
1450
1806
1438
1885
137
1033
1729
768
464
2093
1310
70
2470
2163
2338
419
2864
1224
806
781
2028
1450
1783
1422
2534
2070
1478
578
2731
1291
2197
395
1886
1994
1153
2326
1872
1106
2868
812
2031
402
1585
2914
1199
2842
1177
1247
367
1275
2385
1694
2260
2136
2305
2476
328
2480
337
738
1423
1499
538
1369
118
996
480
2780
1586
1435
1300
1322
639
1841
1945
124
364
322
1067
2986
853
2211
1526
1483
2899
2394
2746
2035
2634
200
1125
2640
2493
1273
330
2960
903
1985
2655
1795
2949
2836
1228
220
2385
369
2865
1656
1728
868
2665
873
1198
2383
900
566
2809
2406
1394
1181
1625
1436
172
2447
1247
2421
620
1073
2126
1563
235
2677
2660
703
2209
1995
1924
1191
1968
544
115
1506
492
2826
1545
1540
1024
2499
2016
328
1024
1368
625
2756
1550
2272
956
314
747
1757
2866
985
636
2114
219
679
430
2469
1840
2968
184
1106
2300
1673
1661
2948
531
237
1873
2378
927
2384
745
1277
1855
668
1088
2368
2788
2620
61
2947
2747
559
4
1001
608
1188
1161
1324
1200
2436
1476
2062
62
2913
160
350
605
1098
2120
268
1185
484
2969
1116
1392
2968
2502
1401
166
2498
2554
890
1151
813
2960
1044
30
2671
2412
252
110
520
1085
2387
585
94
2870
1709
2571
463
2342
960
1976
2276
48
1838
903
290
397
1972
2960
1425
979
802
2141
461
711
251
1958
2221
1400
2732
1539
1959
771
2815
740
135
2326
1948
2554
1393
1710
1336
1183
2747
1791
324
1855
290
1927
2878
2916
879
25
2458
710
2675
2751
1682
1011
1811
90
2011
231
1995
2092
190
2337
2336
2029
1258
1938
946
2330
1776
1355
1673
2758
2355
2039
2802
1017
2249
2976
1257
1465
1435
2499
2207
592
917
644
1748
829
2685
2332
2469
2157
275
1771
831
595
1031
1839
2789
186
2368
2063
1811
460
2101
2366
41
796
1469
1075
975
101
2124
250
308
1096
1028
2686
2127
1821
2755
264
1182
2009
466
2664
1194
325
1672
2157
125
670
544
1685
1058
1214
2355
1662
1331
994
1303
415
1107
1499
1882
1029
969
2035
68
2340
1689
1931
1089
2250
2563
904
2911
1971
1663
2134
259
1755
311
133
1576
59
2298
23
579
1612
235
1533
1105
1684
1544
410
1002
143
2655
1499
99
481
1322
349
2202
528
2937
1812
1092
225
902
2790
1067
1301
2358
1755
601
1604
2359
421
1452
1526
2979
1391
2135
354
21
2469
355
377
1954
2783
2622
1072
752
80
1101
647
1777
771
621
2013
2155
2306
2383
1512
1938
1758
2544
2087
440
375
2849
494
2178
2122
2121
735
2785
323
2272
2699
1133
2884
2010
1099
10
2056
2798
2591
1146
1720
2053
393
1093
1932
1497
1748
654
1863
1909
2871
776
1699
2668
1779
2438
425
634
362
1120
918
249
2593
1553
2818
1437
2031
2233
1021
2373
2445
1528
1824
492
1907
2241
42
2507
2009
785
2584
870
809
2556
576
1781
2581
409
1989
1033
699
2260
2275
162
15
796
1160
1956
501
852
1909
1868
833
1233
2696
325
1241
1838
2181
2702
2093
1269
77
201
694
788
1464
35
2795
2328
2116
2862
2992
355
430
946
1115
626
2081
1467
122
2680
2401
556
1609
1381
653
1711
1612
386
1570
1152
2903
618
990
916
488
2390
1430
1263
293
298
845
1505
1656
2131
961
66
1938
2310
621
1511
1838
1105
606
1791
127
2867
2472
1000
1519
1285
1471
2120
1727
2790
68
2816
975
2056
1754
133
528
1047
674
2403
2222
1081
143
2689
1338
395
1693
1216
1703
361
946
686
1278
2278
276
2250
2114
1045
631
2804
1722
1985
2070
2516
1455
1906
2672
1269
1035
1801
1148
237
1229
2710
2890
2288
1544
107
2045
2077
1540
1185
875
649
2167
1200
795
808
2625
1229
2323
2290
2105
974
2534
903
281
1469
685
320
383
1526
2578
272
2923
1548
2653
1657
826
2945
334
2565
2709
1073
2858
2499
1858
2816
670
2908
1548
230
2934
1705
2604
2606
2170
2949
2109
2708
1342
2733
2223
238
393
1864
286
2402
2675
2275
73
1192
740
1994
708
778
1395
2626
2707
2505
1489
851
1152
1312
1527
880
1079
1867
179
485
699
1007
1120
972
1748
2536
1286
1556
1239
1092
1411
1634
1131
1169
883
1467
2185
1101
485
1744
2637
1546
245
1767
1930
2019
1685
2614
1578
2899
1078
2180
2523
2951
959
1654
915
779
1489
1256
1401
1964
395
491
942
1345
2460
376
2831
726
227
1676
2731
2406
2402
176
2748
146
185
1114
1048
1633
1664
821
2406
1135
593
748
156
845
1939
2205
703
2646
2781
1724
1927
1561
2222
1492
2321
206
268
1402
286
2090
389
2160
2834
1155
610
1774
34
1144
1425
1312
930
407
1719
806
2117
2284
2843
2542
1315
1519
1509
2133
2271
1346
832
2865
697
713
1987
2677
1324
234
486
2611
635
1998
1257
457
179
1660
1318
2598
2325
2912
154
652
1749
2400
1551
1098
801
2631
236
1589
1647
1649
2260
391
2629
1328
2670
2013
1206
1521
2497
665
2376
1313
662
2169
1895
24
1917
188
373
850
2952
1507
802
2728
2737
1383
624
1200
2658
738
486
381
177
903
47
2899
345
2106
864
2707
2551
1669
1694
2881
1720
2130
134
424
926
1715
2166
837
67
952
568
1350
2945
284
1660
2651
1868
1638
2640
1626
1039
2899
1061
2637
1235
78
2600
2931
645
1965
310
935
1077
2100
326
1508
2421
1031
2872
1752
142
1648
1831
1602
2860
2357
2629
730
412
2989
129
507
1724
279
518
849
1286
1181
8
1511
2330
2577
1684
2759
158
382
828
2410
2696
851
171
341
1032
1599
611
585
1974
591
2056
2587
2125
2020
404
1440
2170
1189
2768
1742
2415
714
961
2970
1767
1958
2581
349
1837
1677
1099
2896
1401
2703
686
757
1382
1690
913
1170
1569
1742
2899
2092
260
1716
342
914
1104
680
2833
1763
932
2433
1757
2207
1585
1474
673
1812
1609
2602
1954
1592
2220
328
524
1578
485
2561
540
1893
2976
2062
1749
826
2674
927
2955
2182
8
1512
2015
2493
375
949
2713
1313
2127
2511
2715
2624
1485
443
2628
2703
1780
1212
2608
2891
299
2501
229
2797
2110
212
2489
2325
2330
175
197
968
493
1416
2092
125
468
1275
293
1188
2912
1524
2581
2319
573
2241
1245
1155
1435
1476
1529
2958
2947
2807
340
2363
1618
2718
366
2030
2673
2279
1058
702
1734
51
756
484
404
68
355
299
1853
294
2666
2713
1416
608
1263
1463
1612
2203
1075
1261
2371
1601
1289
1397
1168
1510
712
548
310
428
829
290
422
409
928
2154
726
1235
617
803
2063
1968
307
2562
887
304
2718
408
2730
2733
2542
3
642
1008
2423
1946
2735
2227
1582
2272
2393
1323
1736
1778
2689
2065
2740
474
1435
2045
1167
1069
622
686
2100
2221
1765
1449
609
2576
2729
208
310
2436
1495
2105
2983
682
2220
1098
2127
148
2875
1927
875
426
2593
869
253
1187
1887
2818
439
119
1261
1180
2461
542
1842
946
2346
2800
2331
1257
1424
942
2700
2612
188
1363
2468
2420
2483
945
1076
774
681
2752
2613
1287
1942
1501
387
1149
333
911
2863
1167
2705
1456
19
433
398
117
372
1706
765
689
2464
1829
1151
2892
476
571
1653
2355
1814
2471
632
1854
2201
2747
2977
951
2562
2342
1025
1635
2613
2886
2812
1858
1971
1124
1623
1529
503
520
820
2768
1825
2658
1663
2770
2741
1277
2931
2582
2702
38
1572
2944
430
2300
529
951
2862
224
1521
2083
1276
894
2144
607
2437
132
2245
2561
2919
1074
1631
2171
1237
938
1092
9
1819
2977
2172
758
1715
2851
1801
558
743
1496
1367
904
1591
943
1877
1647
744
2620
2234
2719
1443
621
356
446
2636
1609
1892
1390
1795
1283
1098
117
2945
802
629
871
2934
259
1896
682
249
2953
565
1273
2456
1778
1510
877
410
2707
2897
1162
866
642
2768
1126
411
975
1312
626
223
2259
1660
532
2175
2102
2976
1617
2433
1986
1559
240
1508
2156
2477
2898
2969
1100
1915
77
2303
1405
89
909
2367
774
1931
1667
1248
2400
1707
1635
310
1737
1615
558
2450
92
2280
701
1855
2218
1151
356
762
1309
2563
774
2656
324
1162
949
1023
1741
854
506
471
1030
2926
376
921
2850
677
2445
2853
1824
1588
1652
992
729
2343
2023
2284
1269
1979
573
1009
216
927
209
205
2955
2794
234
1379
852
748
1127
1566
1877
2641
2277
1336
214
474
866
501
1634
623
737
2960
701
1147
719
1042
2438
2009
781
685
1649
1114
1804
1461
651
2549
1999
2600
459
374
1598
738
596
1835
776
2543
334
2057
863
2237
662
51
2543
2002
216
218
2454
1359
2352
2154
750
1154
1242
2925
952
399
163
1636
140
115
821
1686
1985
411
1314
530
1063
2585
1646
1354
1194
1079
2179
337
2967
2701
1962
694
1331
799
777
297
2418
1219
2827
821
2939
1154
1568
1419
924
37
2807
508
519
2992
2449
2264
2644
24
2805
2780
181
690
572
2125
1057
459
2698
56
2398
1649
2358
2324
1836
2084
700
2942
321
455
1076
474
191
1192
125
2071
2206
2858
2538
2288
632
565
2735
75
748
2930
2248
2342
1438
150
575
123
1217
2170
2013
903
1259
1549
1693
2099
2791
1032
585
2549
2830
2219
1727
1378
130
2801
64
2755
2068
2384
198
898
51
1009
2035
2638
2495
637
2295
2842
162
829
757
2998
1990
1306
1868
2299
1235
2161
1815
1809
939
2157
2314
654
467
2682
168
1586
2489
1271
1278
2032
1476
209
194
2194
853
2469
1317
1084
2651
247
2157
1909
2119
1300
2214
2894
416
2717
2928
137
402
2574
1586
2508
487
2786
2573
2868
867
184
547
2481
1538
2583
457
2885
2090
1812
1707
1388
203
2685
510
2293
2813
2273
1223
1708
2448
911
2213
1930
518
2693
534
770
2632
518
1705
1400
2661
651
1070
2247
2577
2192
1791
2416
2628
2895
999
203
2189
2921
632
1242
1841
2260
2166
1059
604
2742
293
2840
1909
428
1536
2394
479
344
1497
77
1380
833
2085
851
1698
348
1362
807
989
2544
275
1678
1665
356
1130
429
542
277
148
679
2975
2606
2559
1876
37
823
2930
864
729
598
1363
1925
1111
1275
881
2500
1069
151
914
275
127
1828
434
1165
751
2865
2310
1833
686
1554
2504
1771
1280
1643
861
2024
809
2785
2987
410
1532
22
1095
2095
955
1416
618
2676
373
369
2116
1122
2322
2657
2418
477
2222
1930
68
393
889
1375
1747
1141
169
346
1252
765
2157
691
388
2126
952
253
2238
30
1389
2018
2107
771
1871
514
530
2666
495
1570
1688
2368
2397
1103
1164
2587
1838
2600
2076
2394
1235
1209
1959
572
366
896
2493
2009
2490
846
1736
688
1712
139
2750
2231
2530
2871
2645
1833
240
1303
223
931
2443
1195
345
2064
2166
780
281
1257
1333
1293
895
2302
1703
1381
1053
281
590
2286
1336
11
888
1576
701
1940
2132
580
97
646
2683
2213
1921
2411
1657
2411
2142
1280
1760
2490
949
733
2055
2444
407
1283
2395
1585
2008
1642
2049
1204
244
2334
717
114
2259
2953
1031
73
2688
1461
1780
2923
1642
1949
2087
2248
2928
1323
2623
1520
862
1845
2695
2998
1705
2891
2962
2204
1095
2406
1608
1184
413
1190
2891
825
1470
1630
129
911
1001
2580
2870
180
2670
235
1852
1233
2430
1575
1053
780
1233
511
424
2684
2823
1594
50
2864
2711
2992
1753
1782
2918
1944
344
1813
45
2192
2041
2397
2610
1506
1274
1362
1809
1284
149
412
1986
2160
2038
2726
1654
597
653
2751
1151
1042
2253
2577
1732
2094
805
1370
2061
2373
2602
768
1560
347
2366
1446
2864
343
2140
1824
613
2510
2309
2081
2961
2003
2780
1926
87
2024
297
250
2515
1105
1979
575
43
1558
495
117
913
523
138
558
2456
2713
1944
1085
642
1647
1469
1251
2318
2411
1591
384
2410
156
1661
2972
445
495
882
2630
504
76
2979
2862
2911
2160
2616
2983
1832
1551
507
2743
2655
991
1454
987
1502
1244
371
12
2107
1976
2811
448
1176
957
921
76
1184
1111
274
2760
1864
564
881
2285
1131
516
1415
2252
2901
1406
2735
1574
724
2711
696
2722
286
444
1615
2626
1578
2999
429
2265
2312
2218
2896
1959
1838
754
83
2684
838
1178
2469
609
1043
2535
2857
718
1160
1518
1891
1255
923
2163
1704
2110
1253
2823
2306
1698
1797
475
2001
786
848
2890
604
1303
2419
2453
2185
1127
839
683
1937
1106
1887
1617
2436
381
1074
339
2344
2520
2438
2176
243
1303
2024
914
553
1248
524
1106
1484
302
684
864
2813
1419
2700
446
2356
2900
1494
2420
48
257
1840
1604
2132
555
676
1972
969
303
962
1904
72
1249
149
1656
2453
2302
2350
1791
2651
2576
479
1545
2761
1222
857
362
1068
1121
1057
1668
2823
350
417
1709
2080
1768
1546
1540
2391
514
2942
2979
1736
552
2954
2567
325
706
1456
1446
256
24
1730
255
2868
1846
2349
881
2539
254
1745
2200
332
2069
2242
1224
1943
1133
2854
1264
1625
295
1963
2640
2806
570
2424
1434
1693
1982
2481
2020
1045
561
1360
1924
2259
776
726
2809
1080
1444
932
893
39
1907
2371
2720
640
2747
2649
1574
1501
2397
1166
210
2284
2545
2803
1760
1495
529
1325
343
1862
551
1464
1647
2072
131
1830
1357
993
2933
1569
152
479
2847
522
2150
759
557
175
1567
1328
2991
2459
1156
1032
2339
88
1051
2856
2498
16
1347
2831
284
436
1902
2651
840
960
355
2476
281
1367
1318
965
639
2234
921
2797
1060
2065
1856
339
2992
676
742
1714
2760
2408
426
2920
2257
2281
1222
915
56
155
786
2528
833
1428
570
511
1214
2411
2356
1549
111
1054
368
2288
152
2375
2476
942
1257
495
350
2243
1353
837
314
1493
158
2250
1581
1157
1104
2864
1209
150
2177
1249
1666
2681
726
138
2088
2350
2149
30
179
2542
942
1887
2235
1119
1438
33
1300
1138
92
1822
473
1963
2840
374
408
1041
2847
2343
2161
1070
2641
2729
402
686
196
2161
2014
252
1159
1653
1746
1342
470
1818
633
762
2250
1718
2325
198
199
881
1199
1217
189
14
631
327
1009
1220
1740
393
1427
1567
2629
2057
1761
1456
2513
1642
906
1796
1430
232
172
2825
914
51
543
2647
1449
2178
1178
1196
1356
45
1307
1187
741
127
1026
1061
2153
895
1800
621
275
2908
1361
932
2250
1269
174
884
1668
134
2814
2364
1925
253
1199
431
1578
2888
2311
2011
1671
87
761
1990
2778
1907
998
2923
2784
57
1886
1606
1988
1408
12
181
2626
2415
233
2936
2057
32
2263
33
318
928
603
2584
1271
2730
353
2736
1549
999
1346
1138
1903
1430
407
1850
1749
431
2082
320
278
680
684
1218
1080
145
2072
2657
2484
2046
1249
2751
1707
635
15
702
851
767
2027
2043
1969
2353
974
2978
2700
306
20
1750
2660
1569
2730
2248
2862
1394
2585
2793
655
812
1571
1150
478
767
1337
2095
1783
2840
2146
1499
1109
2025
2968
791
833
2868
46
2722
2209
867
2734
2970
531
2818
141
1752
144
1655
607
780
2386
977
1090
1472
1869
2363
135
153
302
569
856
1272
2208
2509
854
1674
1546
970
475
2023
2738
2697
232
2544
2415
843
2522
2014
1377
1721
857
1887
87
2550
1289
269
2907
21
1149
2092
1873
2557
826
2880
2614
1379
2147
94
1485
1313
550
1099
2546
1931
210
1606
2950
539
1236
2086
1887
628
2324
686
1079
172
2498
724
1313
2284
333
1228
570
1594
856
1274
1251
1286
1433
958
1310
2810
1905
1744
2520
2348
1503
1311
674
847
1460
718
44
2415
2710
2810
2510
1992
2018
2581
1901
1343
2534
1188
2854
1577
2704
522
673
1132
1339
857
843
1227
1265
360
2694
865
413
1957
696
1333
459
2919
1439
79
2483
2623
2446
2078
1894
291
478
2902
1733
316
2937
174
2428
2515
1823
1836
2549
2220
1201
1683
2164
1171
327
1589
2972
680
2942
758
1732
426
93
2687
1991
1361
2612
192
1574
1130
1977
1149
2011
133
2238
2032
1596
2497
2653
561
1398
1303
448
2623
2880
841
1472
1241
1936
932
2410
876
1990
782
2293
2151
506
1020
2431
730
2510
1050
2288
2761
2583
294
2322
1563
814
2965
1033
552
1876
1818
671
767
2467
2854
1913
554
1820
1634
1227
1735
495
1294
1665
2588
2342
2406
2777
1857
2967
2005
1102
1017
2022
1755
553
2787
1813
2810
2564
1149
2056
1276
176
1386
827
835
60
691
2152
100
1179
594
310
797
1559
2866
1354
790
1687
1150
2291
2991
1621
684
2319
1280
1438
1441
2250
15
1038
471
297
2819
636
15
2567
2970
2949
1776
26
163
2207
2157
662
2041
2213
481
2943
743
758
371
492
46
1346
851
1964
2924
1354
2781
390
1048
820
704
717
1324
2650
148
2278
484
2071
2977
489
1846
1898
1868
196
2713
10
1689
1825
127
146
2045
2234
1399
2144
702
2327
1156
1267
2476
2050
604
670
1955
2968
2270
2921
2855
192
2153
846
1278
215
2436
2990
423
1392
2886
1166
885
1154
2497
568
2393
692
2948
1086
2508
1528
1945
1289
317
2838
1333
1492
1556
1373
2553
555
2625
1931
1828
1351
2731
2997
972
1882
1152
2758
147
2304
98
907
241
2246
1335
2912
1265
1927
216
1090
1830
2552
1296
595
2380
577
1401
1781
2728
1646
1089
1582
2931
871
2166
2745
233
1981
1248
1483
967
2243
1002
73
417
1692
2613
2597
82
1035
425
2470
2902
2363
1296
1498
256
1190
1625
2759
1521
2476
1082
1916
1793
2621
2491
2364
1045
119
2001
1736
2676
1085
1100
2059
762
1129
313
942
1471
1811
1935
1991
654
376
1889
2549
2308
2820
994
28
2353
1797
1947
2798
2358
2041
443
2490
2121
863
674
1407
1520
2428
1742
1108
969
1967
676
2663
762
2100
1844
1307
827
2675
2957
46
693
1120
596
2252
2587
1486
78
559
2856
2110
2137
2520
2615
935
984
434
2751
2389
2273
2360
31
200
2474
108
1801
1354
773
2597
2830
2624
1473
2751
1974
923
705
2454
1010
1001
1484
2734
2055
2221
2728
787
483
1621
324
94
106
712
2808
2430
2972
1349
2462
1144
428
2625
263
810
1652
2553
977
243
405
857
781
1167
1893
835
1609
1370
2000
2040
2949
1003
1993
2576
191
491
2553
105
1824
2831
2680
1173
315
320
1304
787
1835
538
2254
1832
2265
2341
699
224
8
261
465
208
1941
1279
2914
695
637
2677
380
2274
2706
1007
1880
96
328
683
1737
2455
827
355
752
1331
986
1834
2268
2962
1649
2657
2057
1418
2189
724
2546
485
1114
2585
794
905
2165
1326
2874
2892
1220
2513
2905
1893
1328
1763
137
431
676
2012
568
711
2601
2211
1741
666
2385
628
1563
78
178
28
1872
2560
658
1002
214
2349
1489
1454
484
2933
527
1695
2376
1417
2242
1791
73
967
616
1190
1894
1411
2357
2072
1321
1248
713
183
1801
391
1511
2557
138
701
1354
1708
1512
1327
713
2008
1354
2392
1803
1848
2632
1560
1508
2089
2615
2714
1683
1002
691
1912
2389
2737
378
478
1137
2776
2972
697
2692
2142
1159
1370
979
2764
1231
1555
1653
2992
2498
1840
2247
2234
136
611
877
741
1914
87
1218
2384
1636
1421
2134
8
1208
650
163
1541
115
935
2993
370
2629
2986
1299
244
2927
2052
1935
2872
373
193
1410
1470
1575
2810
1600
416
477
2773
1847
283
727
1971
801
96
1341
609
2594
1612
833
251
2906
100
2857
662
942
2410
2737
598
2339
713
830
2592
1206
2444
2895
684
2221
410
650
933
2862
1283
1336
1176
2555
727
1169
445
1965
209
2015
2766
382
1299
1857
2614
648
1995
38
1614
2017
736
1993
2669
326
2990
1376
2633
1920
1570
2339
1359
1282
1950
2565
1798
1547
430
603
2518
2319
1645
2913
2758
332
755
1236
391
1633
1135
2023
1696
1680
2380
593
2715
2035
2400
2237
1339
422
1592
1521
763
2814
2355
2160
2960
908
2587
1263
991
887
1296
2220
1430
887
2723
1801
2647
2373
1165
2694
2187
70
1447
2491
1388
703
975
1850
820
2643
856
565
1804
500
1407
2777
2075
2847
2768
2563
2208
992
2675
896
1044
1461
2908
1668
485
1531
2632
2158
2149
228
477
2689
1708
1177
422
1494
1100
1699
2021
1549
1935
1941
2830
1778
397
2515
790
1116
1925
2787
2593
350
747
2306
211
2552
1620
475
146
810
1948
1392
1273
2271
1809
788
1820
1767
2814
36
2266
762
1874
1871
2589
844
1289
1610
2435
849
616
1097
1991
713
474
567
1450
662
956
206
2408
1506
1709
972
1742
657
1071
1888
2470
2542
971
283
2780
231
2046
1823
2632
164
612
2532
1878
1946
127
504
647
2496
133
2639
1334
2693
812
1942
675
573
938
1287
1054
2930
921
57
1017
2679
1506
371
200
2058
2124
1978
2812
1035
2752
2434
1770
2476
2764
1084
168
1485
488
414
2029
1825
2962
2503
2305
1197
1862
2188
597
88
1597
45
1088
1641
235
14
2169
454
2724
1258
1208
1454
2162
2189
2475
2735
2423
897
346
1705
94
885
2511
2700
974
28
1215
90
1320
1184
1223
892
1561
2675
473
2487
2500
1241
1743
1763
2090
1566
2309
607
1162
2083
643
680
887
816
1728
1438
948
2896
983
1578
1039
941
1888
1813
1681
2818
1277
802
2645
832
2022
2219
1953
1447
426
1016
274
965
162
944
2356
486
1658
2595
833
2340
1487
2991
768
462
2566
1504
426
1596
2829
1247
2312
2690
2412
2433
521
2918
362
132
710
2718
639
2952
2175
1177
1472
1929
2104
115
2082
1582
1522
992
288
1200
661
2278
2360
1900
1248
2142
1971
185
2581
1672
1912
91
1763
2479
2476
69
2508
2109
238
1038
2621
276
787
441
1535
1288
1580
1497
418
2
1187
2068
2224
1508
262
2748
2646
656
499
1520
2683
904
1148
1975
1252
2654
715
1457
2437
2123
72
1292
2782
2956
69
11
2197
1559
38
2599
1182
2319
518
2827
2959
2598
605
1256
2334
2841
2894
1428
828
1819
2782
2917
2372
29
2551
1223
1555
732
2082
1406
1890
2024
2875
1429
2188
98
1920
2189
2968
273
2386
369
2660
1250
2972
851
2022
515
2611
1984
805
1782
2431
1908
1895
1395
1326
1756
770
287
2768
2994
1048
434
2900
1296
386
1855
399
684
116
1387
6
425
396
2355
1314
1051
2881
2317
101
2814
2568
97
2528
1590
2017
1421
130
1427
1911
2103
302
2323
1522
631
845
1627
1174
1650
2758
1446
1274
1327
1667
477
1324
1156
1343
2720
728
2917
2299
681
1772
2751
188
1206
2397
2449
2663
2342
180
760
609
500
285
983
634
199
2962
1007
524
1567
2016
2212
2568
1157
2113
2695
2541
1916
452
1533
2271
315
282
654
764
709
2135
2711
1968
2172
731
1401
2306
2006
1346
253
929
2074
1018
2876
1293
2023
1428
508
2564
438
1214
533
2347
1274
764
1340
171
2312
2735
33
1744
673
403
1191
697
2735
2248
1591
144
1893
866
2863
1388
1323
1467
1641
47
2940
2735
256
397
680
1194
2432
1521
2637
211
2365
257
2334
1591
2469
912
1170
2537
20
760
705
2835
814
1582
442
841
157
2972
2833
1685
1669
1179
1249
143
1937
2970
2515
1667
533
935
84
1187
2440
581
2743
1145
2613
515
2635
2929
1937
339
1921
1358
728
512
951
2326
121
2154
1154
325
830
1084
1935
306
504
2491
1396
1092
1532
1051
645
901
2903
152
546
2858
815
2273
2004
1826
2116
2317
369
1682
1371
1302
1696
2226
1904
1424
2571
96
1915
163
2053
1677
2792
2346
2826
2489
841
2094
1491
1544
921
1322
2887
2916
1328
744
923
326
1067
110
1783
2291
86
1918
2463
1672
1826
2539
422
1359
791
2569
1895
830
639
1451
2395
1955
1010
1466
312
2506
526
2093
327
96
1887
2028
326
2672
1145
2629
876
1974
2113
1774
290
1400
2160
1807
2961
2224
1323
31
139
174
670
2543
679
2911
831
369
2786
1226
89
2972
2037
2271
840
451
683
2310
300
729
2132
2497
2419
866
1422
1374
1186
2542
2979
2567
615
460
931
2883
1457
495
1162
1317
1319
1975
1882
981
1428
2814
880
2108
2421
258
1741
2905
2139
1350
2872
2007
1313
2870
825
508
1509
2352
1973
1265
140
2197
2251
2639
1559
815
2314
1784
2124
1778
1853
644
2622
2434
1486
2135
2465
2318
563
2974
1582
1933
1766
510
585
685
2779
2569
379
1357
912
2871
389
1228
1905
1862
1712
2175
270
2290
1567
1912
175
1758
2907
586
448
300
1923
1098
2267
2778
1549
1908
2012
1807
421
413
1673
18
163
1594
1511
2860
239
1921
1415
475
109
2571
1840
1867
1680
812
1827
1481
1837
2127
1365
427
2108
2688
184
2937
1657
1591
1214
1240
1066
159
706
1078
1403
1034
413
1829
525
768
2369
2970
2683
2556
1299
1619
1902
1772
1351
1819
2685
1409
435
381
1874
2285
2858
897
996
1010
1891
399
630
1222
842
77
2374
2933
970
249
1769
953
2646
2191
2993
2783
596
968
2093
1722
1473
2904
1580
1122
1633
1559
1658
14
2207
602
1104
2522
2580
2821
863
2648
2948
2411
1805
1839
408
317
643
2815
1295
1204
2399
264
976
460
988
2090
1426
2850
329
547
966
1970
2980
2481
1532
276
113
1724
845
1096
1884
1554
282
1192
2256
439
820
386
55
782
2583
606
1557
1463
1337
475
2811
2992
1761
631
779
985
191
597
2610
2846
1238
2380
884
512
887
2603
2067
798
463
816
2533
1447
1436
979
2507
1382
1881
180
1852
478
329
774
1355
450
580
1398
1486
2907
977
219
1244
2415
1817
254
2425
217
1451
1528
839
2268
282
1425
2325
1522
2062
438
2503
437
2373
1557
576
977
1948
1934
1400
2986
1090
2291
2829
1185
1842
114
585
982
2872
1298
480
1807
1198
1544
736
364
1864
1362
1294
1070
2685
428
2647
1065
1489
1760
235
1807
380
2956
400
2771
2098
615
317
1881
1147
2308
1917
2965
539
2352
926
420
2786
1091
2387
1992
2614
206
2747
2728
1208
1453
2956
411
685
1362
348
2571
884
505
2374
2398
1105
2249
1149
1978
54
1338
2318
2626
2450
1144
1290
2058
1188
1233
2282
1106
1384
1151
2378
418
2220
1062
1187
2230
650
54
72
2222
1160
2928
2546
2080
1751
1137
647
602
131
1271
708
715
285
953
297
2326
1120
2192
999
150
1535
2869
1081
1864
1521
2958
1803
2968
2424
1385
765
1601
632
410
1926
213
140
1938
975
2113
2248
722
2736
1226
450
1822
2067
2759
1168
2272
35
1191
1871
2194
2064
1566
1925
1157
263
2553
2725
916
1472
2686
2244
2146
155
315
691
743
1019
1703
1470
145
23
2626
2354
2906
2639
1751
1605
901
323
916
2827
2406
419
964
447
1263
2164
2502
1492
1860
832
1468
1531
2932
2578
713
2001
2476
2408
581
1808
214
1091
546
1721
2495
1358
600
1447
283
2668
228
2510
372
2747
1398
775
1464
2181
382
823
345
821
988
2929
1799
909
1421
2241
1675
2986
1384
1271
1769
424
367
861
1985
593
262
2539
2354
1317
506
608
537
2619
2527
1776
30
2118
1864
1074
1215
912
1573
1430
1376
376
2902
2066
2058
1368
2147
2137
1528
278
1514
2075
1361
390
1054
317
1521
1774
12
897
1398
1476
2286
1338
1812
191
2464
1336
1898
471
2362
1093
2827
1573
2480
1281
1431
2306
1948
238
2766
18
2870
2654
1310
905
707
1366
1902
252
2739
312
680
2454
1800
2453
1598
57
1516
265
1389
557
1191
755
1708
247
2482
2866
2752
2612
664
1307
1521
99
646
586
142
2254
2311
2478
2019
890
1396
2378
2159
569
1417
465
1774
893
1451
432
2028
2117
1989
983
1484
2542
2047
1790
691
2012
2570
948
395
1070
505
2403
1203
2551
193
1866
1601
1504
337
1389
533
830
1483
1891
837
44
885
2715
735
2190
2498
2603
15
909
2195
1242
2719
416
1810
2888
299
49
1580
1459
2215
887
1699
938
2968
941
16
1573
2287
1606
982
2276
103
41
1890
2989
1942
142
1230
49
909
1351
300
2601
406
2243
2603
1154
991
1585
1015
2157
1635
1293
2952
1627
21
2649
218
1861
2447
2040
2879
1441
822
2796
2054
827
1789
2057
562
2197
155
2962
1880
909
2814
673
1827
2399
1947
1068
1948
1120
2615
1699
493
2237
434
525
968
1550
2100
1567
1000
2005
353
2473
2373
1232
751
1919
2135
2565
1863
746
2972
1305
2986
1512
2186
1281
73
44
2896
1805
408
1882
1166
1117
151
2041
2555
2479
254
1874
2439
1076
112
1744
1046
2206
2843
1977
1256
739
1855
141
2784
1019
2008
1637
1284
391
838
2654
546
2658
1708
2478
2399
589
775
117
373
77
1513
2098
1042
2172
923
1850
2158
37
382
270
1266
1251
1832
2351
2942
1682
2768
2766
900
1940
1774
1586
1115
716
548
2270
139
968
2837
2281
1194
1988
1659
1440
1437
243
1169
1348
428
2291
2098
1289
2926
625
1072
1869
2046
2983
2587
1726
846
122
2712
2
1155
1936
645
609
1188
2836
1671
2858
1371
600
2228
2310
1391
1627
1661
801
705
110
2619
1166
2626
2768
35
947
1828
584
2384
432
1468
1100
1402
389
2979
2125
245
1397
1492
2944
979
176
2721
1387
2769
1193
549
974
1927
1246
1739
2847
59
2339
894
1751
2240
118
1203
924
2877
1482
1991
784
1005
404
1612
674
955
2991
563
737
2930
313
671
1114
796
1610
74
1401
1747
1437
337
2125
2820
2828
2926
2654
1473
1506
556
750
2073
660
570
1368
228
1190
2454
1963
64
580
1364
1735
1443
2643
572
2979
2667
1171
2195
2535
2825
2062
1455
2640
1437
2726
2285
352
2120
2845
1045
37
481
2669
647
2565
2425
2243
2896
1654
643
1391
2595
2930
2260
2718
2567
2877
1454
534
1846
1676
2326
1385
1852
1057
11
413
620
2071
1612
157
74
1546
2249
2867
40
1721
2144
2547
2452
891
2331
1022
1132
2320
366
1680
1953
2670
2515
708
2111
1566
2345
2551
139
1502
560
1402
576
1822
1217
344
2760
200
2894
2197
1797
2175
1793
1548
2799
124
1058
308
382
2503
234
2636
720
1966
1700
1843
2651
1489
2170
1772
2628
2898
2846
308
1523
1141
2255
2720
1837
2731
2573
2618
2831
708
2260
1064
2114
94
723
1005
793
2243
1019
2163
1644
377
178
1627
294
2358
526
916
967
426
439
609
1027
518
1884
537
2737
2710
1156
99
2485
209
1893
754
2776
2412
1943
2499
1690
483
1686
1712
153
577
1700
2871
1607
2146
1287
928
2701
2478
961
2669
301
2546
2140
483
1746
2836
2638
2743
2851
60
1831
2815
2726
2508
2927
2993
492
2224
1370
466
2044
2520
1317
2387
2351
2161
460
1020
2684
2282
1679
2432
679
2578
2769
2133
1820
2425
2197
2265
825
1559
332
446
2117
582
849
2977
2379
115
1254
296
245
159
198
865
2559
1518
2004
182
2756
505
1788
547
1485
2739
2789
240
1937
1218
511
2313
1786
651
864
10
467
1165
477
1923
2629
2952
1369
377
2376
2373
815
2982
2882
672
2706
2146
844
1547
1947
537
1422
292
372
183
1360
1664
2580
2573
2494
2942
822
1426
2416
401
474
733
1062
1560
1842
1460
557
1204
2040
60
2039
1045
2723
1663
1379
615
2391
2804
653
1992
1079
433
1493
1126
2448
2292
655
1094
2672
2064
1122
2608
1268
2899
1109
1970
1987
1208
861
1311
1034
1702
954
973
800
634
2583
463
1453
2388
2871
823
94
284
1335
2330
2947
1311
1885
1992
1001
123
2627
376
592
303
586
727
1160
690
2896
354
222
1452
1270
641
1647
2238
2799
1726
2020
1948
1797
2374
952
1643
627
1925
210
1589
2220
2259
137
2057
892
1453
194
2111
1193
1559
2712
2537
1826
2512
1692
2525
1450
1201
2879
2884
806
2074
2338
2716
1691
957
460
2533
1030
1097
2566
1305
1723
1857
1124
2874
844
858
2374
542
1282
1878
2320
1085
995
2241
2124
241
2647
2165
1465
2230
2405
2874
2284
2395
2679
1124
258
1531
1619
465
1387
413
320
1394
879
1382
1108
2659
710
2921
2148
2350
1084
1828
1220
1189
2903
1190
710
1951
1632
1916
127
2878
1545
2053
1136
1389
2212
27
2688
859
2360
2564
323
1107
2641
340
733
1465
1023
893
1761
1437
1844
2159
246
2297
1081
1944
1220
1016
1300
2183
750
189
1618
328
2556
2675
2560
1849
1309
1569
862
748
287
2184
628
773
2730
2369
305
2536
2666
2808
2934
1906
1154
2428
2154
2646
1233
1642
880
2226
2712
2907
2489
1165
1945
2118
2781
2675
1717
2476
12
2401
1923
534
92
2296
2190
1397
2455
855
21
1104
719
1490
216
68
262
208
2382
628
1039
2594
1842
2155
691
1253
2080
106
2533
1811
1408
660
1267
2715
2089
1707
1080
1497
650
1561
2595
2626
1741
2763
2497
2823
2750
536
1048
823
1486
1851
1032
1053
2657
814
110
1769
2536
1003
2408
2678
1114
783
2938
1857
965
380
1772
2851
327
1907
2503
999
2628
2712
591
2017
2980
503
1939
2587
1468
1714
450
2170
1970
1098
1041
743
1680
2707
2804
728
2022
2458
1912
2340
2667
544
1654
1033
578
1998
600
1609
30
924
983
1875
1708
1424
823
2326
1640
2439
2923
755
810
408
1282
1010
1700
1967
320
835
1567
2574
2251
1364
1406
1897
584
1611
87
1529
2208
753
2809
137
2699
257
1807
1210
2577
2207
2317
520
706
1152
352
519
1666
1814
2057
112
1257
1272
951
1175
2050
527
339
2750
737
2882
1846
385
625
1806
1678
969
1794
818
92
2993
2367
1502
808
1891
2008
1204
2186
2156
2081
2588
789
1100
1410
2214
2944
2130
392
1701
1221
2897
2305
77
2679
2385
2082
1895
2530
2889
1282
2440
339
1630
1579
739
1860
2867
519
2553
53
878
1816
557
1456
1578
2712
929
1566
2941
1297
2749
2159
2810
1411
2554
2326
1813
598
995
54
1463
2495
2833
158
656
1258
2249
628
1796
2596
1821
1761
1050
804
1655
1668
2917
129
2721
712
2588
184
1166
1885
1290
2828
1628
2947
1186
640
1018
1957
2899
558
1454
2589
559
362
67
2975
371
768
1556
2752
2006
1666
659
2165
1958
944
1837
2624
2564
1485
1664
1677
359
1004
540
664
1809
202
463
2989
1446
411
2307
1595
2472
2477
1302
128
975
1586
499
2863
1975
856
1297
1355
1726
207
1496
2904
2230
1941
1443
503
2035
2501
1348
81
1348
1046
2381
220
2777
2845
1744
1541
154
2106
83
241
1818
1235
584
2312
616
737
232
630
537
714
910
2986
274
1121
1441
1793
756
1222
2597
21
128
147
832
1998
872
643
2940
1064
2346
1894
740
2574
1894
963
932
2118
2410
2707
981
1247
970
571
2878
274
674
1244
2091
693
2513
1752
2652
1173
546
930
2944
2076
622
18
2643
2569
2772
706
2137
1188
2096
2365
764
932
1941
1469
2318
237
1642
2571
1061
1326
2327
409
761
1637
2782
590
1379
2576
26
680
743
787
1894
1479
273
429
855
2274
2532
1121
1326
344
66
2411
2634
1359
1073
1914
1346
1270
1091
2656
2912
2001
2166
2593
232
1197
2088
634
66
537
1502
177
1187
397
772
929
2417
2319
2095
2324
2493
217
2130
102
1422
2568
1211
1661
437
2516
71
2279
2364
916
374
924
2573
2958
1259
2121
2412
1132
670
574
721
134
1235
2435
1197
1113
2590
2152
2467
466
2996
2991
2366
589
303
720
1070
2773
2621
507
2475
1517
2354
2726
554
1965
2660
239
2539
2850
772
711
69
2780
230
1252
2709
1283
1778
525
31
190
1765
1592
1195
2227
1479
1331
952
1077
2359
2238
326
1613
390
601
2418
778
1316
863
295
314
2131
2962
941
2593
1936
2540
2270
642
2317
2496
2983
2068
1506
110
2643
166
549
1959
1773
2940
2346
1246
2647
1959
2811
636
1731
2167
908
1840
1843
1718
658
2766
2128
2916
1292
1728
1140
1070
1088
592
1566
932
2459
2281
1989
4
1096
1670
1427
954
162
1970
2096
2178
1319
1035
236
1984
1444
1849
924
265
2000
2574
1968
1842
47
1868
908
1094
1254
2452
1512
1200
1106
1304
51
578
1915
210
2972
2523
2541
1987
1992
519
545
1557
511
1013
1522
2883
832
1046
2539
1515
2931
2765
1861
256
532
2526
2228
1548
2058
1532
2952
401
1544
181
2733
1360
601
113
2233
2944
172
2820
2195
2384
574
2313
2639
2761
1066
1057
2277
590
1695
2506
1633
915
2331
297
2088
1489
1419
2482
1211
2619
1499
615
1771
277
2233
2796
2447
1225
2764
366
2744
670
1032
1223
1872
2887
667
2914
1527
385
2555
1701
2435
1838
1566
1478
2121
2032
1352
1978
984
2695
1166
2593
1044
1557
1127
767
1503
1732
2883
1940
1315
2189
99
1312
301
1429
287
259
1824
2383
2362
2717
693
158
2166
1622
624
1074
2421
613
32
1320
648
2939
877
2029
289
160
141
2600
1074
32
202
242
2076
1887
2861
2256
2982
651
2002
2367
2083
2230
2629
389
2882
230
251
978
2681
1270
1844
1285
70
2166
807
500
2436
1494
2409
2410
2472
236
78
1699
809
2383
1404
238
475
100
574
1631
641
2571
579
552
550
2571
2159
1553
1801
348
2407
1058
2041
1085
2877
893
2697
2456
2188
2573
2145
1330
1883
1902
1393
2841
2103
1165
2911
2198
2904
2129
1207
1913
738
2630
2240
1676
1938
1343
170
2165
1717
2805
33
14
551
2019
2847
1857
344
1338
1586
667
1417
1226
639
1911
2270
128
963
2799
1130
1461
1360
1477
930
1159
1820
2337
2329
2662
13
249
1446
2682
914
1453
1567
2336
2832
2937
2175
2700
700
155
2286
1287
1540
1435
2407
2994
2858
2309
2852
751
2435
2360
1657
701
148
2828
1236
1530
868
2796
1447
2473
1499
1941
2466
2350
1881
677
819
222
862
4
2076
2855
2756
62
1667
2280
2579
941
1921
983
2338
2904
987
2417
1521
2061
326
2152
2233
2421
915
619
890
1817
644
2306
1225
99
1943
2704
1426
1782
314
498
1275
730
1833
188
64
2796
1411
1954
380
1264
317
710
2522
449
961
1551
2229
1546
182
1601
431
1073
649
2729
234
1373
1856
1217
2465
1269
1114
88
844
1140
633
528
91
2554
812
2713
1302
1869
81
2132
2510
2743
2430
2610
91
623
2963
204
2206
1179
1723
2231
2287
1795
2574
560
1188
1992
191
1607
2811
2640
1076
2998
2706
2017
2359
599
132
2236
1929
1143
1801
143
1562
2437
2072
1412
2128
2829
2199
1798
1975
1246
261
1579
21
1476
256
2924
1322
490
2931
2562
270
2553
2888
2252
1395
1444
465
981
833
1534
142
969
377
2413
2812
1745
941
1749
2262
1534
597
1901
2631
230
1016
2531
701
2330
320
355
1591
2906
809
812
2808
2815
1686
140
1732
2571
526
1663
1996
2626
152
796
52
1305
569
377
995
1231
1167
2625
499
842
2722
1673
1054
116
1100
2457
1363
408
1144
63
473
2376
2167
2254
1320
1682
554
2086
926
1362
2185
1832
836
1322
1376
666
2153
1048
2396
950
331
365
1627
2254
2349
133
2838
2059
2437
621
2555
2532
1376
1704
765
1007
2450
1092
1846
774
1912
2945
1645
2917
1460
643
49
522
842
1383
1874
2653
1896
1655
616
2383
1747
263
2205
2222
1911
355
223
1961
2292
1930
1854
477
1993
480
2326
2638
2801
24
2371
140
599
2750
1848
1078
1727
2692
647
947
1202
2654
2365
1153
717
1839
590
958
501
1107
108
1180
1914
2229
1984
30
378
1218
1737
2573
801
1128
2414
1934
651
1193
2289
1510
2722
1429
2567
173
2322
962
718
1215
2547
2860
2541
674
1407
2680
747
2470
824
1096
2586
1510
702
2489
1575
676
811
2860
2198
638
129
2306
2023
1684
425
1603
2539
2474
2140
1613
2159
1087
1928
1336
2323
2430
296
189
2149
1380
525
861
1106
2383
1903
2216
48
1600
1251
1631
2955
2893
2631
2900
2605
822
260
528
1696
2553
2530
873
2416
1527
2755
1433
1739
2560
2030
1857
2409
576
375
2458
442
2861
2992
2052
1723
1364
1802
762
773
128
889
2467
1077
2977
809
915
500
2570
211
572
719
2714
929
1181
827
1945
255
714
1900
352
1757
516
215
2643
2378
1382
2487
281
1048
1574
2289
1039
37
2277
654
2850
1897
2064
2260
432
1195
1692
1434
2310
1001
2430
2658
1797
2248
417
634
973
2041
47
2237
2321
836
1462
1777
1206
755
782
758
97
2234
597
2432
1514
2369
2739
1663
1468
1496
2733
2109
685
1308
1157
2403
471
860
2738
1093
901
1056
1920
132
30
321
884
364
1869
371
2196
1307
2299
2973
1221
2798
1257
675
2137
2878
2939
344
1386
64
954
1448
2240
1120
2262
1414
876
1279
2459
1004
2718
687
247
285
1022
2777
1931
1915
1444
1246
2655
2127
1287
852
1072
546
642
411
868
2411
2570
1500
2070
1469
1271
340
1737
922
1491
1235
85
151
325
2173
764
927
1007
2203
981
1724
893
1158
2530
2969
1623
1675
1720
2196
2178
81
444
1919
1379
293
1766
1231
1722
961
2838
1810
2435
2975
376
2057
500
1976
2290
2789
915
1187
2342
922
1543
1921
815
2918
937
1196
2710
1413
2432
2495
2113
1381
181
2609
200
2109
1273
1763
837
1592
895
1888
1986
2630
1613
2657
2137
2905
2760
2817
2592
1104
9
1392
2310
2531
2940
1422
2118
1732
47
1964
848
519
187
259
258
1472
401
2127
1244
1608
1544
598
2548
2481
1489
1656
2612
2255
1419
2900
398
2676
2542
248
1967
1560
1033
327
2271
886
1246
1132
1668
1299
1811
1550
2392
2587
2693
947
1297
2070
858
2827
2163
137
2428
1671
852
2539
2393
2812
2611
554
761
1952
413
1243
1594
1157
1258
65
328
300
2676
2500
241
1695
1861
960
1351
998
1764
1740
734
573
2896
46
1247
2018
1554
2612
2257
2156
1258
579
1535
50
701
1403
2480
1804
2769
2642
1351
2852
1704
530
1834
2261
2082
2531
1335
1265
2257
1815
2382
1436
1129
116
2681
727
1501
2763
2244
189
394
1885
2278
2073
485
1156
848
1431
938
576
1739
620
2332
232
2834
1661
564
2067
1922
2666
1158
1904
972
2224
824
273
2178
13
2701
1628
870
2498
705
1447
1430
752
2858
2084
73
2236
2875
1682
1554
1550
2438
1714
1309
2989
1747
6
2981
1323
2241
2874
296
114
1278
529
1162
1257
67
1394
1665
565
323
2139
505
682
839
694
361
1394
1844
2876
2527
1601
1367
988
2940
2306
2792
2718
2371
1049
648
480
2372
230
293
2990
2452
2492
1879
1693
1778
1562
1928
2948
628
114
2391
2919
698
2901
2862
2250
507
293
1605
384
1651
161
1965
1695
2362
2164
1696
559
1978
122
1222
1065
2202
641
4
1664
1835
1052
223
502
2879
2508
1657
1309
670
1095
126
690
2430
440
582
176
423
1827
1738
2710
2912
1516
1647
124
1039
1007
1251
2838
1754
2435
148
2212
2972
1332
623
2786
2071
1890
538
388
2948
251
2068
475
95
2280
1461
1208
294
1004
1023
2678
2820
1048
2042
682
2300
2362
519
679
610
1468
1301
1302
2144
2180
759
54
2828
456
122
1437
1375
2000
811
2033
58
1463
1080
2320
2964
892
2721
942
1433
1086
2885
627
866
880
2272
555
2798
739
751
417
1764
1723
2271
2538
1584
1236
1123
474
2441
2863
1205
52
2499
1468
2999
1870
1965
2426
811
1827
306
687
552
1220
259
2853
2030
2820
707
1129
2517
848
1222
1186
2472
1823
1888
93
123
572
2708
2382
1030
1220
584
1861
2304
524
1129
2364
921
296
1869
887
1417
416
1455
2776
838
1824
1552
974
858
1378
2114
160
2851
489
2877
2551
2106
1720
1034
786
1082
607
662
769
2829
633
452
956
1224
654
2071
870
2739
2386
2695
994
999
2089
2360
910
2812
706
513
2487
1365
2972
950
1250
2132
1884
564
253
72
562
1336
676
935
928
2735
2511
2947
1187
1785
2856
1402
924
1047
740
2066
917
575
2336
1396
1595
1460
541
937
13
2830
928
2629
2313
2387
2803
1218
2787
326
1526
605
1217
1288
1575
509
2192
2450
891
2122
73
29
2024
194
883
2026
92
2475
1764
1217
1376
1409
1913
1473
1268
428
2434
1784
2021
725
2956
1727
617
1535
214
80
2391
195
1735
2641
2558
2702
1978
1269
1499
2292
2990
1647
1268
2638
2503
628
1092
2985
1576
1588
2412
1563
1560
2988
2253
479
1397
2286
358
686
643
670
2457
1582
1220
1951
127
605
480
2763
2548
2898
2118
2680
1360
617
667
965
394
1240
709
2069
2363
1469
1454
2850
568
1776
1357
1213
724
2919
216
2461
1189
2577
2123
2682
481
933
1907
471
757
1687
1353
2210
2067
1639
2436
735
1980
2153
282
634
1783
2446
2666
868
2325
2616
1065
298
196
2450
2160
2092
1038
2938
2358
855
1258
547
2375
105
344
1688
1545
2965
1183
1053
2232
1569
809
2998
2307
1057
2603
776
421
1824
202
2331
679
588
50
783
2449
1809
1404
273
680
1576
100
2056
2542
2490
776
383
443
1714
1123
2549
1880
2632
708
2601
2864
2603
341
426
2020
2992
85
1252
323
2406
506
451
2703
2372
1618
2224
481
2830
554
912
816
2676
2308
1132
1827
126
379
756
2454
573
1910
2713
1205
201
406
112
2914
2940
2607
206
139
893
1761
2453
2530
425
953
650
428
1682
2380
997
317
39
2553
1242
2154
2996
1926
998
929
2239
1014
636
2404
949
97
907
1761
1508
2970
1271
1650
2643
2306
2174
619
1267
1974
81
2328
1861
2321
567
1744
1829
2386
2200
2722
1540
1415
1933
2964
1718
159
1084
638
2850
858
2829
2822
2424
298
279
915
71
1745
424
2240
1269
2642
1814
1136
1491
999
349
2880
1355
2751
2780
107
2208
286
646
2385
1934
1585
1172
2542
1118
2858
2012
2728
1722
2061
1315
2262
2679
808
1669
2933
412
1275
415
2493
1176
1213
2850
496
319
2250
2516
2566
2729
2162
2686
2886
2447
2180
1876
2225
2521
1336
1067
2104
40
2248
103
912
2170
2360
362
1298
326
2037
2703
2260
1614
2226
2465
846
1524
935
2882
2299
1588
1088
2504
1571
2921
1619
1474
1801
1762
1929
2384
2520
1963
2381
1439
2865
442
892
2025
1292
168
2948
626
555
1612
621
409
739
1556
628
2420
1672
534
2506
2398
1172
1328
1582
1288
1116
1845
441
1627
956
1953
1396
779
1655
2034
233
1872
1330
1795
2174
2611
1477
835
361
2238
2446
877
1384
787
966
1200
780
2772
1933
1539
227
1248
2197
2843
1958
2707
2746
897
2878
1353
2009
668
260
1793
1881
917
2174
2482
888
1795
1375
1966
1477
2555
39
885
1039
1465
731
774
1161
2001
1532
2828
853
419
2168
513
1432
2557
2760
2869
763
2167
2833
1154
2130
32
1371
373
949
1217
1483
2892
2622
2553
1308
1330
2228
2954
1167
1117
1006
2976
2963
2546
329
1134
1984
1893
1433
736
2955
2706
2254
2694
2420
2939
2891
974
2381
2624
602
2866
1427
1713
2309
1228
1418
2141
380
679
2161
1873
1313
2535
406
2899
1667
1906
555
72
43
1129
2872
1095
905
883
2351
81
2847
2321
1999
1625
67
1057
52
2067
610
1833
2510
2154
1474
1425
470
1298
1908
1619
2989
2746
2639
2919
976
2942
2463
1662
2702
2919
1130
1866
1408
1752
755
1549
985
2205
395
2672
2378
2526
365
2357
340
1127
2062
2230
745
305
632
1655
1513
2555
561
901
1833
1216
2526
2533
1343
276
2282
1844
245
2355
1095
38
852
1999
2577
1560
136
917
2871
1289
2283
1435
645
1784
2617
2277
2759
563
159
2479
203
1588
2121
136
2515
2731
2849
799
976
2219
1274
2801
468
145
726
1692
796
2418
1991
2876
2196
1888
392
2811
2305
826
2162
689
2810
2850
1711
2820
595
391
512
177
2397
1266
672
253
2393
112
208
1712
2188
584
444
1261
2536
734
2117
2109
1793
2518
2730
664
2293
2973
474
1957
1225
2742
2955
2610
1538
2544
1574
502
2165
2553
1364
923
2758
819
269
751
2048
75
801
127
353
1264
810
2547
2635
569
889
517
2691
959
689
765
1361
964
1557
1807
687
684
2746
641
1522
1881
2069
915
1471
988
471
1769
2078
2601
430
339
2505
1935
939
1459
2658
1928
1534
2264
375
2661
1267
1678
779
1588
1510
297
883
1690
2562
1172
856
1313
1885
2998
129
2683
1901
2806
2198
2428
575
563
687
91
1198
2361
639
2195
1520
1151
2232
771
1527
2238
652
2928
2008
127
1077
67
2982
2883
1686
1941
2421
935
460
1002
105
2926
1034
77
222
1484
994
1224
261
2148
891
443
169
2155
1074
1845
1484
1260
2023
157
2867
1314
1800
957
2449
1260
1545
2546
1952
116
2171
1352
2200
149
1889
1532
1497
2458
22
1864
404
1209
1866
1853
2723
1749
456
2320
2558
2778
1578
1736
2691
1938
1502
729
1432
880
2813
948
2604
2942
2553
1450
329
193
2861
691
1871
1397
2701
143
639
489
2235
2379
704
989
2859
2787
2411
32
914
176
2073
1475
1913
353
2547
1802
122
1973
1535
12
725
730
977
335
918
1166
2889
1946
1089
2022
1024
1095
860
2458
41
341
1792
2201
2923
2951
1785
268
943
1001
2674
2421
6
688
2727
2833
2982
1227
1773
2036
186
1539
516
1209
853
393
1738
580
388
14
276
879
603
973
512
2226
442
721
565
57
487
211
2666
87
494
1995
1391
594
1175
2363
2472
2154
2001
371
1852
1500
1377
1396
1134
1388
1268
1392
370
874
1097
972
1752
1836
875
2732
946
389
2736
2314
2208
1053
1397
1423
1143
2373
2594
2248
1500
2275
2195
2110
2489
310
947
308
2815
2165
643
997
2601
665
711
2732
2567
2667
2575
2759
598
322
2263
895
2707
438
1302
396
2776
2449
2256
268
2850
1464
2895
2986
819
1126
1264
1570
1385
220
1794
2877
1880
2890
2862
160
991
2490
2
2779
953
1830
508
2869
16
2163
558
2002
172
991
2751
2890
1808
1060
2489
2723
2576
1830
1964
2617
318
694
461
1379
895
1466
1337
500
2071
2357
2815
569
1454
664
416
1372
2756
1407
1926
1883
292
1941
2076
2660
1470
980
1321
2947
752
1003
1950
1499
2901
1078
2349
2299
1509
1725
521
1104
605
1578
1583
583
2638
1203
760
959
2248
1840
2346
135
1073
1281
260
1728
573
2572
2883
2888
1770
1054
695
2403
1301
533
2694
1850
1843
868
719
2498
2586
2871
2923
818
2108
295
771
1456
2530
2024
442
2124
2408
1068
612
1667
2317
1268
206
1019
2156
1009
1229
1828
95
687
2848
2060
1825
1540
1855
2108
846
2305
1386
1001
1785
1445
897
2927
2596
824
1824
2014
1471
1036
2291
300
2950
1345
727
1789
2581
265
737
2224
1383
1117
2426
2189
2289
1504
2133
2189
1002
821
769
1598
2582
2860
2783
1870
1966
560
1420
2082
1447
874
9
62
1549
1734
1535
421
856
771
1333
2510
1956
638
2004
2580
1982
1310
2939
2779
1429
953
1425
1320
2586
220
484
787
615
987
2418
1295
1819
965
2705
138
2828
460
2516
915
494
822
2017
1351
1250
2181
796
2872
1815
18
621
2047
30
2940
2768
248
2250
2129
2643
2342
2030
1450
1983
1781
2469
841
1527
2449
1317
132
2935
1399
733
437
2290
1979
1627
1877
449
2407
2567
1816
1132
1901
1566
988
399
2990
1786
691
2170
1651
1856
1533
1916
1931
2102
2647
1664
2066
2138
2442
1089
813
827
328
1934
2163
2815
1267
2680
2051
1059
2032
2569
2289
658
356
1392
2845
1096
97
2322
733
696
2985
1336
2371
219
800
2019
95
36
1637
132
2046
2678
1911
2512
2072
2799
99
938
626
173
330
1840
2119
436
2276
2042
1278
670
2039
155
2381
1223
2690
1625
2395
2156
1161
1812
1322
2393
2819
2297
2554
324
643
1837
1503
542
2465
1572
1109
2251
279
684
799
570
2982
1411
2208
848
491
20
1353
2515
2203
2960
2981
2051
597
2241
480
1569
932
1261
1459
730
714
2011
513
2771
996
2921
409
2944
1946
293
223
2356
2300
661
2881
645
2075
1773
519
2651
2690
2702
727
2650
2238
2685
321
2004
957
2626
24
519
2857
913
351
1770
2328
1463
1611
2106
2327
558
1534
1799
1801
2747
471
1517
782
790
1567
459
2322
1225
549
195
2393
954
1005
1982
2
1714
1102
314
1402
446
2290
714
1624
1131
2741
870
578
728
306
83
2760
1903
316
2646
2294
2017
1765
2675
2717
183
1640
1309
44
2346
37
1068
1232
593
420
2505
2410
2444
151
2060
1468
2458
2411
717
279
614
1446
1322
867
2787
739
416
990
2655
94
1622
1981
1899
1318
1346
2966
1268
995
543
2839
1055
1389
1711
787
1316
1270
143
1273
2606
2131
2441
2840
786
2557
1542
2163
2915
1654
2622
414
416
2974
941
2417
2066
888
1438
1367
1764
2943
2550
933
1194
2868
2841
2349
372
1096
1056
2140
1243
1192
1978
2102
915
2066
2167
419
384
2058
1438
2416
1742
706
2190
1344
2437
423
2711
526
1805
268
832
833
981
859
1488
380
995
1967
2379
421
1476
1999
1296
88
1960
2437
2540
2033
430
2825
306
308
2259
1493
2765
375
747
633
910
2419
1163
476
1625
1312
1456
644
2059
1010
2855
1201
1874
2853
15
700
1305
1028
1749
2273
489
220
1321
1699
2239
2685
860
919
1943
830
2092
1836
2163
1829
829
2600
981
2365
1206
2148
2048
1346
2944
411
2466
2742
549
2820
2082
2749
699
1660
1690
329
389
1965
2602
1186
2635
2132
351
526
1495
117
2596
919
1972
1465
2039
1563
2497
566
1213
815
2008
1190
1498
2239
164
2200
316
673
2780
2763
2581
975
1721
685
452
2268
598
133
2563
578
1145
2554
2340
648
2366
2556
1146
188
2491
1622
1045
1591
74
2189
1635
2652
1716
2926
2928
1985
1299
173
2520
2734
2722
1344
765
624
78
885
1938
1074
2050
1369
1502
2964
1710
2493
728
375
2582
818
2014
615
2388
2457
1250
947
1034
2483
2646
697
2565
2593
2412
1952
2138
2538
1262
2527
2077
772
2028
1540
1656
1631
89
950
2417
1154
1565
1985
1315
573
2055
961
343
2038
2143
1953
1034
156
2055
1335
1695
252
139
1912
2675
905
2973
296
2305
2002
891
1254
2153
1614
2620
201
2802
1131
2527
1933
1294
2624
613
691
930
1849
2038
739
629
1698
149
1042
137
1300
1708
2698
1154
2211
914
308
74
1139
1469
45
2943
62
2569
623
561
1960
1076
452
2676
1007
191
1668
1026
2401
1492
2903
726
1314
1772
2884
1868
222
1884
1882
1723
1119
1008
776
2069
757
1048
2089
2484
1722
634
1519
2476
2911
650
1423
584
2261
1673
2043
814
2742
549
135
1154
2556
150
2805
165
1109
1548
1238
1069
1789
2161
2965
2010
2380
10
2891
1319
2468
2372
2060
1284
2965
148
742
2318
102
2016
2940
2544
143
35
2005
2938
539
382
127
1339
2334
1267
2007
2592
1973
122
2451
594
1379
1750
537
318
2588
2467
1655
1517
2122
1925
277
2662
180
2961
913
717
2818
1055
510
1161
2417
1510
2089
303
2592
671
2147
1847
1203
1530
1171
415
1823
2093
1008
1350
879
860
1832
39
1476
345
2457
1052
1787
1674
2797
2342
882
748
698
966
2406
1553
1125
2357
433
2613
2150
2601
1252
528
341
465
1586
383
1372
1429
253
1650
2480
1796
2504
983
445
2652
467
1934
1099
2739
2945
616
2728
944
2580
1464
1400
1045
566
577
2429
1068
1390
2523
2337
1397
131
1142
815
793
1768
908
1654
780
762
1250
2581
2677
1952
486
1962
2395
312
502
1508
370
1171
2942
1619
2647
498
2247
1997
1310
1557
2100
2021
1808
1607
2553
2815
1706
864
283
2525
2610
1842
2512
2
1196
1669
1823
1231
1216
530
2777
2970
1506
1448
2315
1312
1989
2437
975
727
482
947
411
1341
2770
2351
2861
99
1040
1907
2094
318
2231
1381
1123
1847
1929
2442
2541
816
2525
1804
1557
2929
2826
56
1957
960
124
1459
1851
2610
1389
2961
1632
819
2329
1952
288
1194
838
1419
2418
977
2520
71
2306
641
1442
526
2592
1757
1699
681
1363
1197
1517
2295
2538
158
1385
2006
2523
339
966
2135
750
2800
348
206
662
2147
2828
302
2880
260
3000
1542
703
681
1271
986
715
2482
46
988
597
832
2161
1858
2454
2635
607
2040
2526
2356
1305
793
2153
275
656
295
2312
406
1174
847
1735
2311
2618
319
1653
773
1517
228
1256
1692
212
2436
465
2165
2080
1100
69
1963
1996
133
2376
1851
2594
582
2774
10
1400
935
1036
236
1272
2435
1259
2533
206
424
17
1398
2784
2319
90
2160
2029
1958
7
395
2444
700
2530
746
922
334
792
2165
350
2637
175
1674
710
500
1784
845
826
21
2707
1195
1769
1773
491
562
1151
1351
1234
1204
1631
1972
1249
2972
1889
1433
2228
465
1657
1959
1019
1354
1469
687
529
2742
368
2033
1842
1474
2199
2202
123
1947
715
2280
522
1929
1985
206
738
567
2796
1504
2890
2273
515
653
2334
737
780
1117
2807
208
1030
428
2648
2853
2194
2918
1077
244
91
1101
1613
364
1346
430
1996
1565
2
2185
2748
917
926
2660
2547
2686
171
2976
2053
2341
1883
1617
1806
125
1999
2775
969
2194
2485
2983
2640
1277
2303
1378
1539
1713
2079
2539
1641
2437
614
562
1080
2624
2098
1319
596
2455
987
1096
364
1294
605
2891
2447
2416
890
2842
2622
126
2293
1990
1213
2355
650
815
1397
936
2340
468
732
1293
2046
1134
1737
374
1969
425
1099
5
2735
2518
1415
1930
1725
725
1925
590
2605
744
2085
1289
943
2930
2325
1658
2401
123
1978
1898
1512
234
2651
178
331
2424
664
2945
348
1037
979
2878
384
823
2149
266
1553
2901
2271
2900
1277
2666
432
1078
1821
1169
697
966
2182
2426
2363
725
2812
2157
2720
1422
1957
2617
1570
1796
1018
1566
2261
983
1231
1812
625
2811
1541
2621
2835
1153
967
452
2290
632
183
2024
185
553
2503
1357
1848
2517
1279
422
2002
462
456
2805
1536
1080
1118
1134
1742
1814
424
1293
2212
320
1104
2059
2388
1370
2188
1221
794
1776
1425
2123
48
504
885
33
349
220
690
2311
654
479
622
2096
662
2929
764
1384
475
1410
798
2718
301
834
2981
1241
2315
2596
2239
148
2277
1831
1326
1334
6
1596
170
1773
1950
969
2254
701
436
2235
2496
1618
17
1763
313
162
1764
531
807
1266
949
1530
925
2722
1052
1443
428
857
1627
201
1578
2645
100
2133
1712
188
2003
1628
1509
195
443
2941
1692
2129
1475
1934
2831
1541
1925
2562
1293
1335
2472
377
2195
2673
1149
1959
2889
1767
2699
1857
1166
1582
1631
1719
691
1202
632
291
2255
2959
2781
521
690
2085
2003
1279
1775
1456
1973
2040
2458
1118
1074
485
1600
65
474
2304
876
376
2290
2273
702
2410
2662
551
4
1793
2303
180
1739
414
1613
724
1811
2681
943
1093
2793
146
369
39
1048
1324
173
2717
2846
1540
1450
288
573
1580
236
1534
1011
2444
2986
1239
2683
1711
2644
2178
29
833
1908
1013
2507
1324
817
236
1395
388
415
1946
2521
944
1611
1700
1420
682
1001
1119
663
328
996
2181
2506
863
42
1753
739
1301
385
1143
2704
1333
2387
1227
1964
1760
2483
728
1450
645
129
2494
1836
2711
1490
2156
461
1493
1403
1315
823
1733
1261
1061
2391
578
2336
104
250
1740
170
2577
1909
792
677
1383
2559
2313
588
2974
1412
1484
1119
391
1622
2224
2781
561
1248
1206
124
2241
2912
642
1068
2132
2808
2433
2306
2591
70
2280
555
1749
1714
2032
793
1710
1090
166
131
2161
386
1862
1159
2028
2939
1781
1628
2963
178
2287
1504
2271
631
1638
1019
1963
2144
2647
49
510
1927
2164
2437
2546
1938
488
490
2296
790
1632
1216
1414
379
2694
1124
999
642
2176
2246
2086
2494
2444
2326
2715
1663
2031
623
1870
244
2751
2882
107
1046
2545
2683
2271
1604
2622
183
684
2317
2485
2270
729
1257
2802
1218
1545
1157
2265
212
674
1243
2340
2986
2064
1407
2910
235
2295
2163
1682
1835
558
2045
1864
69
641
830
797
1096
2572
1044
1258
1484
1636
1764
2120
1070
642
125
2038
2734
1401
1447
574
1733
2784
2117
522
1149
1403
2844
2556
2709
377
1073
1005
526
2553
2097
1308
1932
480
2606
2031
2260
2979
664
1325
552
2839
2633
404
961
1965
1013
2787
1897
2218
641
879
1150
2063
2741
1456
2756
1218
590
2507
1541
644
827
521
1421
423
924
1537
1279
2481
1368
2258
146
2763
2611
1804
1320
63
2169
382
1247
1237
1758
2736
1359
1797
2156
1429
1477
2885
788
2803
1225
1619
74
15
2901
2814
1887
2756
2058
424
374
465
1067
631
1948
1062
807
798
1726
322
2107
165
2841
193
332
2204
2853
323
679
545
180
1253
1917
904
2983
1192
586
40
1951
2866
1746
1681
116
301
975
2959
1993
2354
837
1059
1606
651
2479
454
764
508
2202
763
1105
2766
655
1888
1765
2865
2601
1437
1425
1494
1197
191
554
154
1267
1314
2018
773
1739
1585
1315
1839
1866
2118
1684
2077
2115
963
2816
1355
2865
2832
1396
1379
147
1655
2181
1538
2283
395
2943
729
2983
138
2156
630
823
807
733
2695
2483
441
764
55
777
1006
577
528
2127
461
190
630
131
154
1768
1000
882
895
913
1980
535
619
175
2404
1678
286
1589
205
1348
592
1324
2957
2910
2828
545
479
1723
547
2372
781
1940
2454
2927
140
1564
144
2238
317
171
1739
2081
1213
1682
1133
125
687
434
1093
310
1319
1585
1369
1313
2003
1713
12
1144
1070
424
2103
493
593
386
1845
1233
1504
2382
2830
334
1147
192
510
886
2088
1029
1457
1551
927
450
1146
1704
654
1666
1891
1119
944
2520
506
2040
1884
1885
728
2740
155
1552
1194
999
1896
1088
2541
82
1037
433
2908
2596
639
1645
1994
1543
2757
16
2032
2438
1775
2379
2948
481
243
1543
2134
636
1636
2195
926
2090
1566
2428
509
1511
402
2804
1477
2864
1292
2773
2441
1036
530
1228
1283
532
2877
882
2996
371
922
1457
1435
1142
2412
899
1175
26
1433
1897
1303
1459
2836
2532
783
1204
1800
1493
2359
2682
2389
1740
29
1964
1812
2758
1911
1588
1966
2349
22
2290
258
1347
803
2134
2102
1691
388
604
2185
1113
2910
703
1986
272
127
2652
276
238
613
1629
499
462
1405
134
396
1472
1779
722
2663
2095
819
2509
2321
2457
2024
2457
1279
420
2720
486
2187
2859
1398
2413
1987
2404
1102
246
2814
1335
580
2792
539
402
1085
229
263
315
147
1608
2385
1956
2986
588
315
2697
275
1419
256
211
1518
1748
1759
2282
1076
971
1228
2976
570
691
1333
2999
723
830
2383
1062
278
1657
680
2273
1635
585
2714
1519
2086
101
904
786
1058
719
61
934
2240
1606
1389
1509
2920
1174
1303
961
2532
2840
1270
232
2644
980
1905
160
2976
2590
119
2823
2724
2233
597
209
2655
2279
1842
2931
1641
2289
2551
686
549
969
1757
2501
2083
2613
168
1150
981
2842
991
2023
2381
112
1520
1577
773
1856
337
1874
1653
1856
125
1434
58
90
1289
429
1490
615
158
968
1144
2415
434
2300
2632
2902
2514
120
222
2511
1151
948
488
779
1564
633
2920
262
60
1161
2577
211
2418
2395
2844
522
838
1398
1873
1306
700
1484
1116
279
12
2207
1971
1375
2576
1396
1528
246
237
2184
1225
617
1294
1350
872
310
326
436
400
1501
833
1480
89
464
2807
2326
758
2267
1120
2470
1134
1806
2035
2994
337
1646
1025
383
1353
735
2210
173
1667
310
1372
1431
802
1482
2297
2362
291
807
2927
1224
451
1295
997
769
983
2618
739
140
2096
2529
1223
2084
1886
903
326
908
869
1157
1962
2121
1288
1778
2817
1397
2232
1065
891
2553
1053
2370
936
254
1582
1465
2325
2157
648
61
269
824
21
728
2928
1188
1894
450
2375
569
699
2303
1072
2436
1142
1298
1754
2795
2465
78
1579
1693
2577
10
1878
1810
2353
1445
1163
2701
1157
22
2798
2259
1049
1983
1056
2265
323
56
2549
819
2641
2822
2080
1981
1737
1923
1957
54
2630
879
2318
1498
1912
351
1832
1769
2186
1501
1573
1968
1121
781
297
2821
2885
1927
2401
2620
923
685
1010
101
2348
932
2162
794
2628
824
107
2374
382
9
2557
290
2990
2062
311
2952
98
2830
2941
1964
2453
2509
1652
2459
620
2204
2097
1297
1603
1032
1437
679
2735
676
655
2146
1812
1382
2909
2968
131
58
912
1562
2242
1574
1339
2797
2918
2313
218
1236
1130
2782
2136
1027
233
1614
578
2373
2135
1308
2000
680
1810
1933
2998
1883
616
1718
615
1005
1572
2235
1763
685
1430
1645
2346
2020
484
683
65
2510
2436
2630
2006
2412
10
831
2216
1472
837
1620
2701
2298
1373
2677
1360
2105
2844
2429
2336
559
1559
55
1567
1182
2909
2765
930
2175
303
130
344
2875
1032
331
1689
1543
1196
929
2613
2141
1404
2026
136
2510
1938
70
2592
2537
2890
300
787
642
672
2684
2793
1241
2258
1359
2143
2486
879
2941
1003
1597
1663
1400
2542
17
1079
1579
199
2021
155
1519
1124
1939
961
2920
1799
1862
2124
1322
657
2389
2421
2574
1115
2636
2868
369
2343
722
1701
2926
1319
597
157
1447
2649
2840
1104
2205
1399
1160
699
2193
766
1194
2786
2650
751
2571
718
2258
461
2864
276
900
758
260
348
990
1435
2872
1389
2866
967
261
2335
1633
650
2515
703
563
2769
958
2245
2806
587
2491
468
1852
1369
2877
891
1193
659
2519
839
2111
1306
564
1991
184
12
2888
1706
2520
2543
2684
2024
214
342
1096
1340
1994
666
590
919
1345
1930
2351
1922
988
2123
2403
1931
2381
1730
2816
1677
2033
2535
2962
1603
402
2877
693
276
2133
1075
1414
570
881
2565
2393
356
2759
790
147
627
2053
2267
1925
2555
377
525
571
2872
741
743
2579
2530
2550
2601
2646
289
2046
2053
2950
258
1601
1030
679
936
1525
935
453
1019
1104
2326
2899
2010
991
281
2363
921
2744
2962
954
1398
2270
1778
229
134
1078
46
2449
1393
1535
2973
2362
2215
2660
2813
261
2358
407
193
912
385
2508
88
2519
2563
2042
1593
271
342
1736
916
2077
1722
1330
1699
24
2885
2164
2477
2817
1748
1480
2692
615
2908
925
36
2304
892
366
914
1989
1911
354
1835
2776
2456
1423
275
739
2324
300
603
957
1904
687
2011
1635
882
1461
375
1525
1801
1358
594
1864
1490
113
2524
2031
1788
1387
1769
692
2903
762
2511
2413
192
2617
4
2769
2673
762
1974
2650
414
2714
1879
392
89
1940
1974
1730
1858
1356
1019
2110
2029
1868
510
41
1867
948
1080
321
60
1737
408
585
251
1325
301
2490
2541
881
2671
773
1090
1473
1866
910
1184
591
2752
1611
2144
2694
769
2800
187
2236
2240
1848
169
2766
711
2119
2691
2394
2089
2556
2351
1210
833
813
1896
2340
940
638
2801
1489
532
2525
797
2552
2165
1854
1109
2043
316
1058
1009
424
1847
1451
1516
1721
625
2350
697
2222
604
578
1569
2106
2372
146
1414
2696
101
658
1579
2600
1337
756
608
1104
1308
1750
2635
925
408
709
2607
2942
1671
1869
155
1309
2753
1422
712
2507
1078
2443
2464
737
297
1623
1761
2566
1038
2643
412
2700
2778
1245
1810
2773
1345
41
818
1941
159
2079
831
456
279
473
551
2929
1875
2303
1431
2570
722
665
386
2050
1099
2442
1558
298
1529
718
686
2580
2788
1278
256
2835
2367
2851
2847
33
2095
1588
891
355
1024
1741
1911
1060
1111
388
1666
2967
532
1449
2498
839
522
348
1737
2334
2543
2442
1862
223
1806
1137
874
1574
2665
598
687
1729
2827
71
2064
2647
691
1607
1916
1605
635
2359
1976
637
2425
1552
196
2475
179
120
1152
1300
1562
1920
178
67
896
2694
2998
2349
1007
1817
2954
1016
2708
2847
1556
2239
751
2060
962
2202
2166
566
2191
2593
1381
1062
181
2658
1444
2345
1570
655
1356
1466
2462
396
240
1723
1830
2624
121
57
1411
1145
1673
2045
627
56
936
1502
2557
2288
2134
1606
579
1078
1004
1196
1290
99
1078
1435
1686
633
1293
1396
2410
1220
2502
911
1513
2322
2831
1476
173
418
129
67
69
1201
2212
1523
2554
2752
612
1625
1051
2943
2034
2272
2781
176
1361
540
884
2365
2479
673
2894
1902
1609
832
2352
1352
1386
767
2846
2868
2853
1839
203
2454
1598
1789
1922
1622
2299
753
112
130
202
2860
2253
1968
1624
2690
934
2015
1755
1160
2498
630
2366
1671
2228
2672
552
384
938
2101
2698
610
2505
825
490
1257
314
1797
853
2695
123
66
2718
1964
2202
50
1281
705
1933
2220
228
1957
869
249
543
387
1097
601
805
2519
42
1497
1747
1574
1007
2639
2984
1996
1088
2507
2960
1015
2841
2142
1526
44
1231
908
256
2577
458
511
329
1116
2961
643
844
773
83
2391
1932
2468
1769
1977
1975
246
2459
2554
2132
2800
2751
2389
345
2244
1502
1526
1551
1099
2019
1334
2127
1185
2137
777
1375
2954
1502
1709
1734
2899
558
2171
1998
2818
175
523
2186
1568
2781
354
2632
590
582
1445
1406
753
2385
2715
906
2643
582
270
196
2923
1542
1122
2156
1739
1221
1409
204
262
325
482
478
2100
1035
1374
446
2491
725
1154
868
539
2862
1907
275
1591
2833
2111
2225
1618
2151
1539
1266
1634
2962
1667
2488
1091
2396
72
567
1859
803
2608
2264
966
2749
2482
1637
1056
1244
428
2598
1145
2263
2475
38
1512
1457
2665
1453
1920
591
2450
1850
172
40
603
1118
669
2212
2588
2755
589
926
473
336
2371
2214
801
2870
537
34
2943
2809
2935
493
2816
1104
268
2359
729
1361
82
1973
1391
1705
2589
60
1917
2305
1170
632
2350
2933
2252
1212
1676
662
2417
1504
2257
2832
849
222
1384
85
945
2704
2644
1828
1867
2772
2790
2787
687
2438
1049
1704
2554
1322
2947
787
1316
287
1879
952
1101
246
2447
2611
1956
804
234
2010
2402
938
271
2830
1508
763
2581
394
424
2637
1980
1369
1290
199
62
20
635
885
431
690
2773
870
265
696
2199
1418
1698
560
1790
1026
2033
219
2881
1747
592
2497
257
2861
2997
2129
1685
1155
2188
2941
2306
32
2966
1044
243
265
509
2676
850
1308
977
2775
613
1128
2037
1183
661
1175
2868
1940
1185
17
1452
366
1649
2491
435
2120
2250
1688
2987
76
2777
587
10
