57
6
942
963
9
223
279
91
194
115
842
161
880
454
847
506
474
623
551
4
160
198
897
190
17
175
199
276
32
846
335
33
192
617
1
17
168
743
531
200
995
319
439
322
637
504
50
177
613
855
247
583
327
61
510
338
258
940
70
12
859
145
375
9
373
998
546
307
255
651
22
188
425
903
280
65
70
153
868
539
579
95
419
928
50
221
1
7
378
642
710
778
799
103
469
444
47
22
693
7
328
2
969
987
609
393
419
498
449
880
689
3
54
8
332
49
926
1
441
932
2
633
504
536
398
262
13
542
1
725
1
12
994
662
174
833
101
130
13
404
498
90
638
572
91
96
452
698
42
181
313
680
1
1
888
63
758
339
149
180
145
794
755
483
513
335
121
41
93
17
10
874
408
724
842
658
213
649
637
4
585
275
951
216
762
260
270
147
212
38
397
603
370
2
237
511
51
1
141
514
921
646
815
46
339
107
584
157
188
783
38
195
72
94
618
42
15
759
173
36
69
104
650
407
526
704
842
19
32
642
170
38
8
180
191
745
461
545
25
827
131
70
700
456
863
150
590
369
450
90
258
288
383
79
801
826
452
383
159
985
727
411
21
178
1
366
656
184
79
76
655
300
4
967
223
797
345
840
718
2
81
71
5
781
382
34
135
454
665
453
125
381
575
11
961
52
135
531
8
164
284
306
666
863
965
439
59
26
357
862
11
76
140
294
353
624
765
685
193
294
9
39
60
914
1
189
65
819
28
805
849
31
51
526
83
185
285
49
92
929
802
55
500
188
525
382
222
844
231
691
277
307
12
193
289
16
606
982
974
748
446
441
46
170
608
429
927
246
513
452
138
452
599
792
190
473
483
523
631
329
6
139
273
163
679
742
515
17
265
735
576
99
372
224
117
123
124
19
10
67
147
928
787
35
205
580
347
474
299
39
390
871
3
273
722
705
40
221
44
8
41
641
834
410
991
144
74
571
143
49
289
555
233
35
680
378
31
227
994
68
432
607
12
435
50
112
511
134
635
183
101
833
622
1
742
62
711
943
457
859
17
5
9
195
97
541
248
778
162
236
362
177
452
105
419
592
899
753
824
322
779
370
501
507
77
701
653
1
976
91
228
1
669
297
982
12
20
65
534
618
862
607
630
542
30
18
59
589
58
943
884
83
231
566
501
50
157
31
120
59
29
967
18
84
13
17
549
394
101
5
478
910
657
449
5
511
764
289
38
657
435
123
686
563
63
664
578
1
53
837
125
8
446
699
908
182
173
1
416
18
652
736
7
26
23
180
88
1
733
648
20
75
15
18
95
958
234
12
660
48
4
119
9
174
426
60
1
212
737
574
207
42
323
60
14
297
608
479
528
21
74
94
205
29
120
38
557
638
605
805
58
653
205
3
833
618
61
186
7
784
557
15
973
729
489
674
990
218
362
322
72
86
897
986
99
769
338
31
136
48
640
164
534
2
134
175
781
581
335
10
991
712
932
13
418
21
23
192
36
160
589
509
975
683
289
652
604
622
237
719
64
211
635
638
433
66
14
542
30
127
680
86
27
548
19
371
22
962
133
901
260
774
152
253
689
586
167
107
85
202
779
59
514
108
12
424
202
65
797
264
924
254
61
222
51
106
309
58
268
190
405
947
79
22
141
1
859
497
226
370
23
245
20
35
263
134
815
707
586
539
248
493
954
153
949
777
961
211
22
628
194
158
1
406
28
126
176
182
999
166
18
117
179
223
770
833
344
36
251
426
106
22
80
36
842
329
643
251
162
43
50
180
543
481
265
411
239
267
463
94
716
18
333
46
250
725
29
564
856
387
33
31
294
414
25
143
2
939
505
192
51
495
139
32
407
328
841
569
254
445
809
704
852
178
2
295
156
298
323
597
23
10
211
711
560
10
96
276
796
8
957
146
134
487
496
605
61
571
328
701
703
51
411
42
241
490
12
172
756
26
611
784
56
125
277
173
6
380
42
603
230
559
15
830
238
722
208
741
347
349
468
647
3
25
376
592
84
480
840
668
15
93
17
152
968
992
383
999
180
166
568
899
387
214
509
1
265
693
7
115
234
54
1
791
926
176
136
456
5
309
893
68
48
538
591
89
187
446
37
62
601
436
533
21
1
10
906
318
61
431
100
269
677
1
226
240
192
990
269
91
354
572
168
81
34
1
840
51
406
484
7
39
14
5
20
602
12
611
612
220
284
17
44
5
579
830
376
320
203
397
363
902
305
173
704
23
306
33
160
240
262
292
188
875
100
280
11
961
110
235
336
256
101
3
27
11
66
657
2
417
620
595
290
108
18
54
191
620
687
8
255
889
812
464
3
313
40
163
689
345
707
389
29
784
509
332
14
49
424
939
5
117
505
130
945
242
630
816
185
116
8
789
893
297
507
115
267
361
993
248
968
249
119
862
536
593
573
863
1
16
313
859
82
347
25
2
790
861
28
45
480
43
900
950
353
37
407
617
153
563
56
331
634
232
433
342
12
678
306
967
95
318
165
147
540
19
73
367
11
265
182
486
907
86
14
369
23
66
713
45
102
616
94
565
262
692
114
268
1
7
643
170
79
183
647
112
434
619
786
743
909
14
8
825
133
63
62
460
88
55
217
78
526
474
178
362
9
256
428
294
70
27
62
859
198
375
923
84
330
514
695
10
985
102
622
257
848
12
324
701
31
138
82
479
6
358
377
118
514
622
199
238
59
418
668
424
27
166
449
305
300
82
704
72
195
425
51
282
1
552
557
141
627
569
584
457
74
101
17
30
755
12
693
839
320
216
68
434
470
18
968
12
323
909
155
327
26
462
366
120
67
56
818
365
318
34
260
57
519
575
128
912
754
12
768
251
141
48
216
99
138
145
935
986
838
803
910
349
413
872
234
124
515
147
110
120
318
538
719
172
49
81
188
666
757
209
53
746
854
128
244
591
908
357
97
940
175
301
955
361
126
337
82
19
62
7
39
575
702
317
386
200
608
276
951
219
112
27
692
731
727
466
542
78
538
1
19
103
374
287
87
894
260
978
308
73
12
132
58
51
320
12
323
609
985
42
165
968
551
307
104
74
22
62
588
101
119
428
36
166
204
79
119
772
95
144
237
2
988
687
494
208
399
85
77
418
7
84
133
197
850
183
144
33
932
981
147
100
102
401
1
386
990
363
612
112
134
663
761
600
482
288
108
451
295
10
81
841
187
602
10
220
164
77
61
348
158
1
184
976
840
1
469
85
470
321
27
653
391
214
394
981
217
784
825
1
928
597
322
81
542
31
2
32
71
42
75
722
3
137
12
306
5
24
17
571
288
2
91
49
628
869
35
641
7
755
445
23
21
41
549
73
555
31
577
75
772
130
3
965
265
13
14
475
3
99
33
170
244
537
925
63
355
491
2
828
737
27
111
440
101
441
201
12
620
415
802
359
946
28
82
87
848
63
203
202
656
321
37
292
187
39
546
525
634
943
19
321
579
557
30
95
20
281
663
49
100
576
923
552
129
606
710
499
20
112
2
7
5
37
821
989
177
519
94
1
330
626
550
771
979
95
267
704
166
873
12
298
123
333
42
941
169
7
81
738
66
144
125
781
246
737
124
63
472
181
331
210
531
748
753
98
733
342
769
521
149
872
184
204
719
615
129
27
1
460
10
568
78
808
46
273
2
848
138
236
56
82
105
57
182
531
87
103
3
47
284
53
1
43
30
252
9
435
458
640
102
332
365
726
600
292
331
394
711
213
134
312
533
470
538
17
147
97
21
46
887
467
122
1
708
17
748
347
438
626
342
542
10
82
152
884
811
717
47
323
652
101
883
28
4
158
111
270
957
12
643
3
542
566
73
690
575
203
130
506
5
502
416
945
46
557
901
528
209
286
77
75
27
63
888
127
110
298
107
96
221
677
883
9
533
766
245
585
67
155
853
219
131
321
8
952
116
31
382
308
386
55
328
195
213
112
64
191
178
384
788
980
134
359
59
14
74
101
852
229
59
117
908
768
421
53
110
28
255
755
853
34
107
510
739
4
100
954
4
585
59
606
954
525
285
76
808
896
855
82
300
434
2
18
152
654
356
303
408
103
820
396
55
579
707
362
45
24
241
4
595
271
220
9
964
259
20
98
607
203
121
864
128
271
51
458
230
482
756
323
129
962
75
816
63
118
542
637
25
605
15
187
986
664
102
889
702
49
4
240
610
13
711
35
111
167
235
892
710
289
582
958
849
38
6
62
254
10
761
281
726
1
577
648
192
15
93
2
960
344
303
325
241
402
809
27
844
377
215
867
91
232
352
376
132
962
10
907
83
618
391
99
997
230
534
810
466
304
406
75
401
793
244
59
513
654
99
28
439
444
46
123
55
568
440
44
196
907
11
548
594
2
378
276
842
942
408
175
12
451
392
652
220
824
591
944
328
520
338
85
172
229
427
384
183
838
688
170
249
127
10
86
74
139
716
317
807
498
18
340
108
524
45
3
443
28
970
388
54
239
28
592
193
73
173
218
253
136
529
875
207
31
530
438
598
857
575
574
265
906
44
739
93
127
109
3
849
258
99
870
152
6
139
1
8
225
93
7
414
387
865
125
130
310
4
390
846
762
94
288
487
2
287
146
528
62
140
9
495
103
388
4
230
79
638
504
581
623
324
167
48
35
900
282
297
542
110
87
250
790
854
517
102
31
891
32
821
12
528
61
886
13
362
238
44
604
22
7
614
964
126
132
583
326
1
1
2
328
209
5
20
902
923
824
107
13
316
420
23
362
6
380
252
727
191
773
824
121
361
10
635
3
718
482
165
206
109
55
82
40
30
828
790
320
982
303
904
31
576
496
493
177
76
735
346
4
139
776
281
388
417
42
749
475
57
579
192
706
86
476
266
836
853
6
255
391
358
148
157
390
935
976
166
563
3
111
61
860
44
14
9
858
841
887
186
19
179
33
953
166
225
38
174
91
439
882
561
368
121
13
9
77
846
228
34
8
191
172
416
626
466
454
985
706
788
22
24
353
438
1
488
518
2
163
959
992
480
1
525
755
291
345
23
3
408
258
86
433
2
258
704
673
258
493
758
950
773
55
976
835
913
58
783
331
369
329
501
789
571
855
1
547
337
302
4
98
163
114
266
502
459
59
140
66
925
656
433
304
252
67
400
88
763
3
628
914
914
25
257
132
12
803
8
92
724
286
99
9
31
889
21
924
568
505
159
494
630
267
449
100
464
200
5
928
1
906
445
723
243
413
97
639
782
878
371
832
25
373
96
948
423
180
221
46
348
27
93
4
20
530
39
141
38
9
461
234
106
25
828
408
571
361
535
120
723
4
288
136
1
281
28
98
52
198
646
412
621
815
963
150
987
21
18
49
1
176
12
285
83
693
340
134
76
213
172
751
517
173
402
866
42
604
567
20
156
262
679
825
181
1
164
1
256
552
471
630
85
5
619
173
180
196
790
582
809
43
343
34
112
303
471
288
842
5
704
86
277
386
3
516
107
1
955
429
529
417
23
526
669
51
458
51
838
4
514
67
579
30
99
2
704
156
113
14
995
317
158
122
203
369
125
209
792
307
770
415
457
437
182
542
252
114
951
240
370
688
26
14
532
776
211
75
476
418
628
502
262
177
207
965
231
64
268
512
333
514
1
41
113
98
94
13
327
96
83
818
99
544
366
24
979
401
67
20
24
126
33
240
135
237
897
43
417
434
30
20
573
21
179
126
97
376
86
27
15
72
108
71
362
25
65
285
443
918
1
847
798
408
648
481
63
815
972
31
680
179
2
65
590
369
276
298
42
865
716
58
282
655
583
948
236
19
586
199
222
29
726
330
943
768
1
379
851
179
842
171
554
426
263
29
446
5
549
334
5
161
398
769
64
107
665
28
43
121
49
646
511
224
119
44
176
96
183
3
436
366
75
562
450
266
9
817
250
287
77
566
160
39
312
393
479
76
225
493
437
6
683
4
23
911
818
311
11
199
32
73
742
914
282
16
470
755
184
976
337
84
903
562
721
14
762
14
381
293
511
1
65
142
16
42
957
611
168
75
371
7
697
150
764
401
656
324
458
4
1
154
842
19
349
892
464
492
269
14
239
725
661
634
604
1
83
324
367
341
213
484
23
801
14
150
901
302
102
529
150
352
295
5
12
176
202
31
4
284
682
344
830
89
14
61
815
828
285
207
67
46
652
875
386
469
414
96
910
322
16
2
787
150
66
243
141
965
4
4
619
234
16
188
3
831
11
126
398
43
82
631
9
425
579
55
233
564
566
880
151
15
43
51
815
122
215
270
66
251
933
256
173
346
751
119
165
180
421
949
165
341
106
123
932
225
148
423
26
15
501
994
696
488
3
131
806
332
926
36
641
695
7
70
990
5
449
347
22
13
34
449
7
1
425
8
389
852
854
978
985
3
88
159
8
142
518
37
470
193
236
3
550
459
150
203
149
88
401
28
638
331
134
31
784
32
695
779
220
224
121
783
225
85
921
605
160
60
5
109
391
769
141
339
184
268
13
737
16
737
353
90
15
180
412
259
1
6
500
752
356
417
509
388
19
997
52
66
492
578
30
345
3
47
504
945
18
899
300
354
235
81
1
812
661
4
306
161
515
172
2
744
809
483
360
9
51
138
372
657
741
85
102
1
986
232
83
407
219
153
962
31
974
90
368
53
649
870
35
4
272
310
45
74
217
166
193
109
960
671
2
405
5
230
163
120
74
602
1
9
223
4
143
379
70
128
34
65
43
69
931
57
378
33
21
59
34
12
124
606
451
918
377
213
32
774
11
10
28
561
643
437
705
45
709
210
673
866
133
761
2
7
283
103
519
310
301
819
624
228
17
316
195
674
699
455
167
829
75
339
182
292
67
81
390
341
657
91
538
20
694
542
39
157
93
606
356
645
884
309
102
77
86
578
10
186
378
25
469
86
635
42
38
508
11
433
855
570
2
770
907
64
8
500
599
830
963
223
954
10
25
614
418
266
510
28
46
627
223
149
135
32
629
295
111
530
24
825
438
297
520
467
839
78
105
345
722
538
857
167
891
646
758
115
173
355
5
491
460
402
698
35
4
12
415
923
589
137
227
755
14
10
857
1
992
56
549
144
139
7
898
945
3
725
159
961
238
227
385
224
2
689
739
780
347
7
444
578
130
408
237
7
257
46
205
102
45
341
689
225
28
822
125
84
6
651
242
232
675
229
699
1
774
409
495
224
74
844
22
904
38
421
603
678
749
688
87
23
324
749
495
446
229
574
304
285
3
598
2
751
50
989
625
176
162
715
300
60
19
807
340
71
582
924
220
7
410
605
634
112
12
815
23
105
19
261
19
546
590
96
164
181
597
49
61
244
804
731
395
625
410
532
710
265
363
24
16
327
275
2
3
209
866
242
78
270
438
338
919
816
5
96
375
862
181
448
282
448
866
557
667
303
237
26
466
200
25
398
508
399
140
64
44
299
239
878
335
700
439
735
735
420
663
512
848
72
633
424
292
150
5
461
433
186
3
751
839
666
1
729
883
84
802
78
271
420
771
393
52
8
31
744
427
20
842
735
883
20
608
394
131
780
216
2
609
808
59
263
864
39
475
944
269
238
807
597
482
759
15
606
600
1
422
127
62
302
254
176
371
82
2
156
668
170
678
384
69
177
618
1
48
91
370
197
107
918
24
143
39
775
308
939
29
20
630
222
876
16
286
35
10
64
864
380
349
207
5
769
464
65
867
909
65
291
270
74
367
938
7
67
591
140
994
603
125
50
115
211
68
415
391
32
13
140
584
503
77
717
16
116
169
502
189
831
3
938
86
96
427
34
512
994
109
816
55
637
662
54
448
117
6
600
294
544
17
977
220
891
637
945
100
257
983
104
584
665
612
72
659
600
79
3
301
88
778
35
824
627
578
221
6
758
49
465
731
351
724
109
981
535
353
419
643
60
76
54
54
12
81
131
35
147
288
368
710
969
390
269
131
58
492
283
153
864
1
2
188
118
26
165
208
220
605
453
34
380
1
36
35
28
686
169
1
175
979
623
361
157
107
170
514
60
155
962
805
5
60
208
65
609
282
693
8
564
32
801
740
547
746
53
645
877
9
113
21
237
337
217
561
266
748
567
357
784
381
163
112
2
15
919
60
263
7
530
130
438
11
96
218
97
688
43
260
37
896
419
870
9
556
47
65
805
21
60
100
379
358
13
35
751
18
135
115
756
326
69
7
123
119
873
659
13
52
477
8
52
33
184
550
259
651
404
40
183
212
888
395
711
365
571
46
385
4
58
120
9
265
424
382
2
790
772
465
123
978
638
498
137
52
600
49
398
912
3
275
598
681
557
322
156
171
89
140
82
142
6
683
415
138
35
445
87
351
2
603
688
280
403
232
1
4
675
991
115
317
41
19
635
98
809
604
155
229
16
149
743
132
88
409
456
244
562
335
29
38
747
74
21
25
522
27
940
591
204
504
2
665
10
18
122
573
302
87
126
696
775
824
18
2
760
3
52
396
603
8
102
815
330
358
25
74
125
539
66
573
49
31
278
748
12
249
661
315
188
7
884
740
187
662
13
521
432
536
111
4
715
3
13
237
386
621
322
3
678
31
172
556
843
742
790
798
175
670
310
230
8
491
560
527
210
30
338
814
186
749
241
781
586
56
50
59
256
156
376
35
14
64
917
853
225
879
315
356
114
475
58
238
227
10
50
415
635
99
307
381
29
254
998
60
362
820
756
7
24
164
35
13
350
822
991
397
478
6
466
838
489
77
666
678
92
180
206
10
110
6
351
23
115
568
27
803
233
24
203
204
154
56
823
876
888
700
201
505
471
276
71
95
14
155
835
54
26
269
440
1
367
32
764
920
2
369
134
6
49
472
36
7
287
599
25
264
89
58
197
106
275
298
603
48
270
24
812
649
453
204
595
818
2
233
232
966
177
113
69
57
20
709
812
684
92
450
967
663
845
523
131
89
855
372
294
565
7
66
53
66
708
144
305
259
645
179
38
93
4
209
213
774
142
8
499
965
208
383
11
762
962
90
551
35
595
88
117
666
648
128
330
57
591
289
718
792
743
429
24
887
5
90
23
31
120
344
685
216
943
235
868
144
665
33
550
35
704
375
911
67
114
1
587
329
535
555
321
286
359
693
391
777
901
192
193
39
60
411
270
95
869
839
112
527
578
133
998
515
619
135
9
826
485
34
878
53
118
360
206
972
244
367
184
11
13
222
996
429
720
152
95
518
416
180
105
159
120
35
106
6
866
4
318
100
563
26
1
138
204
21
23
964
976
756
5
58
455
873
473
275
43
12
53
526
20
364
93
6
797
32
949
127
559
284
431
516
214
367
742
105
394
170
562
13
53
2
83
122
284
560
531
310
656
627
759
273
961
543
3
345
375
53
374
220
145
320
904
18
592
52
683
10
2
390
999
624
295
146
102
12
75
292
225
266
174
35
176
472
103
1
21
797
4
224
661
213
97
2
92
480
177
1
49
703
170
480
389
38
554
73
59
722
856
495
80
621
85
42
418
581
980
928
107
554
21
741
340
535
625
326
398
721
591
530
519
232
953
326
25
4
172
685
188
981
17
185
84
643
132
668
739
998
18
125
933
203
252
6
360
517
323
2
572
501
108
270
539
58
504
82
112
685
343
32
71
569
49
781
214
72
8
729
98
57
290
47
438
220
68
647
817
623
228
334
32
14
23
58
356
711
122
327
1
283
597
316
739
889
204
474
115
372
729
85
142
390
824
18
108
868
282
601
4
274
438
21
103
611
194
92
844
55
61
525
126
680
457
8
80
233
324
102
20
736
289
222
13
4
9
47
220
116
252
24
375
26
419
167
787
44
484
652
43
286
8
899
170
269
105
751
684
19
7
11
31
149
440
715
39
969
684
298
18
885
2
395
67
391
264
711
164
514
403
274
163
3
697
831
42
23
14
380
860
190
174
223
478
801
296
5
280
6
86
101
95
285
51
329
78
60
2
74
400
414
1
915
209
343
731
549
484
586
349
185
621
11
549
642
623
2
51
743
14
318
160
166
215
707
34
705
1
837
22
219
196
70
650
139
5
972
302
16
287
105
108
194
352
127
172
887
21
773
105
653
978
149
510
127
965
58
242
601
349
700
688
21
50
191
78
610
349
682
746
456
78
753
154
713
13
717
824
666
206
50
348
685
441
307
49
291
71
980
486
562
5
236
494
590
114
63
8
388
6
130
855
9
207
282
874
43
625
67
417
419
569
25
801
797
527
14
992
88
1
636
368
47
170
614
1
64
847
483
371
560
851
338
52
122
491
642
852
953
753
329
470
938
595
90
163
299
46
54
268
83
8
653
116
373
265
49
638
499
45
696
513
424
1
776
808
991
31
755
1
82
612
691
474
206
120
946
738
3
847
759
799
191
452
24
553
54
130
114
288
954
70
593
268
77
622
665
194
514
23
781
279
178
752
378
35
506
58
83
640
121
368
66
181
936
908
777
887
609
801
103
545
49
840
85
331
5
1
43
889
270
26
35
196
378
302
404
765
238
955
755
886
5
362
140
251
841
297
582
165
713
559
326
892
690
16
97
346
567
44
142
938
411
145
742
127
159
971
175
188
931
625
88
2
155
190
181
12
52
367
189
180
192
14
705
437
30
356
218
807
349
696
226
11
233
700
922
548
951
219
775
756
330
121
113
61
176
17
979
523
36
8
151
761
308
330
404
559
625
953
836
7
481
850
15
97
1
153
957
162
523
313
70
440
902
676
527
106
886
970
836
2
25
1
775
700
908
753
241
91
649
637
265
429
686
888
239
67
81
8
88
53
68
137
55
241
101
204
494
9
358
469
551
4
45
102
383
63
90
365
117
112
9
70
483
297
740
21
71
605
224
280
355
306
448
323
59
685
786
1
317
3
232
337
939
7
13
407
7
134
946
820
91
963
501
656
544
969
1
800
86
9
488
65
820
49
547
31
837
577
851
40
262
239
201
51
419
211
504
347
180
491
632
233
662
343
2
499
598
594
242
223
840
35
976
285
429
127
115
824
899
97
682
663
808
102
726
98
273
19
320
594
2
120
13
420
518
430
40
233
529
868
20
997
163
247
888
99
12
804
26
651
205
28
8
569
875
695
861
896
169
203
152
18
9
833
111
275
637
160
88
64
224
26
802
159
76
988
3
990
435
29
206
22
790
58
395
453
161
5
15
979
329
6
871
281
24
378
83
421
348
55
592
14
812
228
672
140
652
2
39
390
345
3
314
356
5
26
102
25
419
363
58
758
109
667
376
347
158
535
18
306
741
127
883
186
18
379
116
149
493
293
967
52
604
271
951
419
4
876
3
539
47
453
111
808
61
137
92
37
180
359
