1301
476
1541
1787
811
118
14
1373
593
38
10
179
22
718
575
151
108
122
351
36
134
300
348
497
55
1158
877
66
123
654
547
714
1064
38
1379
267
406
938
1386
603
181
989
72
837
5
261
715
735
1522
1100
815
216
14
98
1124
1236
104
945
51
70
118
132
263
1523
1603
1816
11
1944
665
95
1785
26
184
586
9
1187
1965
1876
675
50
1365
920
346
946
52
15
1890
1421
942
256
86
177
1831
1424
848
802
435
933
1382
1794
183
151
432
24
1054
1524
38
36
385
1616
243
1212
563
393
201
26
867
184
671
18
382
1101
130
9
885
578
295
1046
999
1568
1021
140
291
884
1004
697
770
1968
619
835
430
1406
1926
1353
889
188
165
2
1705
578
48
1105
188
25
703
1180
1022
286
12
1401
504
1633
103
1195
91
1458
359
602
900
1822
895
566
35
223
281
663
327
1230
945
1923
442
1419
60
324
372
610
416
1946
1828
710
3
200
945
1149
298
1969
1859
280
57
521
1482
1622
781
922
13
1100
1343
1414
19
1134
1397
118
4
33
1081
592
1171
1102
872
11
3
227
715
375
10
517
47
525
423
394
1044
146
73
1840
410
351
307
1238
966
1797
720
15
512
1175
876
286
390
1775
3
645
88
17
1087
925
1600
40
563
190
251
316
326
1836
202
4
453
23
1975
150
1132
130
772
388
4
6
61
422
99
40
281
887
35
981
40
764
96
1224
1237
713
333
772
82
133
832
1415
650
516
16
39
563
102
70
1347
395
1039
471
327
1315
24
892
1958
315
224
672
1426
1392
227
1037
1642
130
1619
1800
382
1751
48
593
1654
1321
1025
183
320
626
285
116
428
122
556
331
7
101
414
1064
365
53
1481
608
1485
760
837
275
1638
37
808
1354
1743
541
1446
361
760
2
1092
260
42
298
1760
1874
508
440
279
1717
20
78
396
531
2
482
179
622
257
495
151
229
174
1470
267
472
1645
36
943
51
827
565
2
694
85
1025
1587
642
114
1192
73
69
1977
1976
569
1742
1435
1697
1
283
1581
14
614
477
143
1597
63
29
977
458
541
1732
498
14
592
585
1380
1198
787
178
328
18
110
44
1889
1337
260
76
203
472
1521
129
905
147
161
312
8
158
1190
318
654
1680
13
209
73
107
1117
915
36
92
28
1197
1267
844
60
1231
408
283
36
32
24
64
1071
1382
475
1130
405
21
1286
891
1237
569
1676
13
671
1666
788
1156
572
928
650
435
15
217
946
64
1615
1814
1633
1780
534
937
1576
1980
371
1825
197
1136
144
256
1281
707
1924
912
1779
1667
4
257
950
272
1561
1078
992
1560
27
842
589
779
122
162
42
639
1136
1156
1681
746
1041
335
1688
1760
2
468
930
255
467
8
1894
648
480
284
704
52
92
957
140
142
316
177
1204
176
346
1704
141
301
17
581
512
1120
426
513
572
991
1875
1859
615
105
1661
119
1721
394
372
1713
462
366
618
374
19
77
1530
1222
774
743
591
861
1033
104
39
48
75
1428
1827
1647
30
1673
172
1585
1095
48
645
1397
646
51
26
3
201
320
468
5
75
1381
1234
1823
38
2
403
1235
3
508
1393
704
1060
469
299
379
395
314
807
3
622
82
1406
9
1434
1202
4
335
8
304
508
332
7
25
135
484
66
154
14
71
672
321
10
1584
5
333
16
117
1357
109
113
268
115
506
692
4
1589
8
1431
1889
80
47
1517
341
724
58
1647
130
2
199
1478
922
50
367
467
521
1044
203
1921
191
260
806
1678
357
694
94
1075
36
516
1593
750
969
336
730
210
1469
651
1621
1970
5
562
61
123
238
14
928
1967
7
1823
130
655
1431
12
263
1691
765
90
1067
1397
576
234
100
26
1350
1427
125
847
539
428
223
958
134
574
7
1882
21
1977
3
288
401
58
120
1
1346
1427
130
393
1034
166
88
33
137
58
504
496
948
1453
51
1457
202
1566
935
56
629
11
1029
334
1243
989
1660
560
844
1245
948
610
1608
178
1672
177
6
1685
1202
1170
444
1390
90
1420
1018
1479
248
754
1429
557
1422
576
865
333
276
794
1726
446
831
450
259
258
1477
128
1647
1242
1186
60
1260
1740
1952
1664
621
810
22
992
870
1864
1188
379
520
609
1593
38
380
236
1186
71
604
485
15
232
167
964
2
178
1561
1783
242
311
966
27
40
156
487
55
407
418
199
486
1194
1819
1012
1779
278
2
1277
30
1671
890
48
541
1671
117
895
329
1188
924
211
46
387
261
1486
9
1108
70
1363
132
956
291
406
540
597
24
844
1031
23
2
764
572
163
1715
707
1956
1855
410
441
1745
970
1894
700
113
694
511
152
1187
1004
1035
434
763
873
504
308
894
173
658
681
912
1848
307
948
1149
606
210
16
467
249
1321
730
762
15
1144
1984
1
644
3
1846
28
26
31
2
361
1701
1357
1670
547
73
47
186
1545
1596
1736
1
35
565
866
935
138
39
2
343
866
100
596
2
537
983
1310
790
434
1229
154
396
581
676
37
1363
546
219
468
169
1451
18
20
8
181
755
1442
848
94
319
83
1037
11
219
559
985
1090
1194
1565
760
118
1798
1
11
1105
432
703
138
199
1029
1970
115
534
28
1757
230
378
1782
631
1067
17
1503
216
514
307
1084
25
255
35
1126
1750
1534
208
95
49
25
502
2
129
1295
1846
210
1939
931
1076
19
52
1300
1761
1258
443
436
51
668
71
1032
1234
635
219
220
147
52
1987
137
1846
1023
531
1871
520
651
1325
52
208
1935
363
600
658
680
1042
1697
896
724
1982
82
1542
1794
1960
1575
19
293
974
72
1155
362
873
456
387
1154
676
527
186
213
268
150
1442
1584
606
708
270
469
93
22
85
1580
48
812
143
903
1109
46
1269
1307
847
265
785
44
604
1120
489
733
1059
1693
190
789
864
418
86
837
443
1004
279
11
302
1681
507
729
513
1236
1946
685
386
903
113
911
785
1078
6
1382
1086
877
6
895
980
1220
570
343
32
233
437
907
258
1172
1154
269
154
535
866
8
367
873
1227
1997
31
865
751
9
939
855
898
371
410
962
3
798
1059
1388
141
1089
849
498
342
1446
1711
764
1893
107
683
858
124
1747
1480
1900
1641
740
315
678
1529
49
1745
996
171
1
823
1871
1421
1752
1315
47
571
35
1152
85
610
1304
1461
1649
39
1650
70
429
56
1014
18
1286
1852
1044
413
1213
465
1347
1504
212
1726
413
9
464
1060
289
1881
91
1222
1566
1
1057
662
1671
857
87
352
1002
934
94
564
962
474
1362
264
542
93
1000
133
570
3
169
596
742
591
75
1409
169
1827
600
369
1828
786
6
1058
8
193
246
3
163
26
182
2
1692
642
1195
1625
67
723
656
453
263
1292
929
1539
1585
1317
819
568
518
42
1619
1119
10
179
557
1170
6
1230
155
836
489
454
1148
1864
731
1083
1944
1496
1804
720
424
240
180
1200
311
403
1454
249
117
408
887
1180
563
1294
1002
19
69
1
1229
830
946
655
1601
380
1581
712
1932
98
1737
804
1589
49
1885
1
15
9
772
731
485
828
141
1168
873
684
143
70
392
172
1195
386
68
208
1529
1484
771
25
1176
675
36
314
93
1709
33
1459
1622
822
446
1362
1059
1125
223
733
207
160
569
156
976
28
107
464
269
660
1378
504
40
323
81
1973
148
312
654
1240
1738
66
5
18
75
514
1784
552
131
91
1885
1256
679
83
463
15
1096
1803
461
1292
777
838
1389
660
1766
24
1815
9
854
352
33
817
22
178
22
31
1927
6
1
120
1960
1821
150
323
29
595
1892
460
1095
156
169
761
590
540
888
14
117
57
1926
577
8
1046
15
177
568
298
41
119
326
710
920
1156
1187
732
474
161
337
14
88
1284
95
315
1117
1483
164
207
186
5
1264
278
381
1591
426
1820
530
492
517
1693
10
782
1320
652
1930
282
1149
1331
1267
824
155
530
1510
67
1719
64
618
1643
769
619
478
507
640
1165
1186
319
829
198
252
81
981
497
319
1617
264
1398
325
754
631
17
1425
536
1094
137
330
1760
88
292
734
1604
334
36
159
1138
1341
678
61
556
154
113
80
40
1515
294
542
715
797
1011
777
1814
384
808
745
91
326
1711
48
338
764
361
64
1329
1613
439
62
811
1059
971
1640
168
437
621
91
312
1097
1021
22
1171
664
1208
1296
10
1798
1
873
507
1363
201
1156
65
718
1077
27
237
496
243
1136
1447
330
797
119
1783
12
1816
28
1517
115
319
43
351
142
806
1331
17
27
9
1848
221
331
15
1761
52
133
48
988
32
580
8
479
1223
496
1173
1975
368
54
438
445
886
857
220
128
70
1087
374
1766
139
1539
1671
115
1852
80
83
232
816
936
247
32
83
1278
769
3
118
2
1834
274
596
87
1021
193
1398
509
55
150
730
245
710
1862
9
67
15
2
143
149
660
1066
576
881
30
429
316
232
48
285
361
538
681
13
199
98
1
907
82
146
635
1822
54
142
180
21
607
696
97
297
477
286
3
642
210
1646
1091
1864
613
1093
518
1078
140
801
1067
93
531
1840
737
1100
460
1140
179
745
1247
475
35
436
2
590
409
344
40
374
450
913
1540
488
733
123
1876
1727
200
1877
916
227
1880
57
360
1860
1
2
408
600
1154
957
147
1183
42
902
1503
1622
1
823
9
153
24
403
989
79
864
1356
663
1181
1482
1807
1859
1574
767
299
228
55
35
1901
306
1685
1300
282
57
992
1694
327
937
1555
49
441
1030
1680
1116
706
1093
41
1922
355
1610
48
1747
863
165
351
1408
1221
61
648
708
375
953
401
4
1823
264
328
515
351
1435
83
500
20
1452
170
69
813
462
619
951
970
1952
1996
89
908
122
258
59
37
78
442
9
329
681
758
205
589
1494
1663
1267
587
981
553
438
1230
124
59
45
1009
295
196
339
1017
1746
630
1342
794
209
62
372
5
1582
289
994
1688
489
19
454
1926
1912
1959
1289
1817
1872
62
936
1693
333
1311
26
123
20
362
687
1779
19
76
857
251
312
232
876
22
50
1348
877
77
793
1091
840
20
460
647
772
36
1811
1
31
1071
232
141
2
1073
1430
1525
423
1057
677
904
1343
1126
421
1628
778
147
79
1438
78
725
1103
208
7
1720
1470
871
803
561
1580
310
536
38
361
1474
91
181
320
7
541
3
602
1180
333
211
717
1322
88
413
1808
235
639
243
97
1981
70
338
698
736
1522
271
11
129
1085
296
261
1723
386
1402
153
1165
1633
813
1883
1266
126
778
1179
2
1003
368
174
47
653
1564
350
448
1347
1221
1383
440
1519
933
544
783
442
601
314
20
1940
23
902
1128
321
130
1249
320
7
1466
375
125
308
65
10
73
1610
35
5
206
174
4
3
499
647
739
1539
1954
1795
1979
441
1434
874
332
1438
1619
1
74
313
363
28
230
1448
1000
41
772
2
1848
906
130
1858
1291
1871
29
1229
586
577
283
968
2
1
364
238
386
428
453
245
588
467
292
1083
426
159
1506
121
62
8
24
1377
536
1884
1656
3
356
141
568
26
807
1896
75
505
23
1828
951
330
252
735
987
1033
754
674
16
128
1084
67
1931
52
8
1580
71
413
548
1409
1109
634
500
1044
404
931
1217
1567
1546
143
562
116
9
1471
404
377
461
1107
1594
888
3
456
188
299
20
149
1386
1930
1814
1114
425
98
535
223
146
745
356
1773
12
533
1966
20
780
64
267
3
436
427
533
4
1954
1815
227
745
12
268
951
783
605
117
593
1509
3
1044
3
673
363
1766
60
39
649
378
517
100
592
803
442
9
73
600
1834
1807
1503
578
194
27
22
1400
192
651
489
210
1176
232
47
215
1813
799
79
110
1991
234
1881
1425
104
752
811
897
54
1996
620
764
40
96
54
795
1880
364
114
873
16
879
1409
82
1031
317
33
87
663
1220
142
242
436
101
1
1042
916
995
2
37
317
289
158
224
83
533
1254
7
795
1725
1769
621
12
1566
493
1232
545
295
956
810
1284
22
1292
1205
173
275
48
1889
1408
305
317
49
320
1888
12
748
615
716
140
494
1231
709
876
1122
42
45
836
72
3
8
974
1816
662
1169
961
203
1688
46
422
196
234
341
758
938
748
695
711
129
1625
1
1075
551
8
1696
382
495
1645
177
321
1
19
607
855
692
76
945
685
1475
292
1654
727
345
745
154
1133
1074
395
1313
1858
176
127
982
1163
772
954
710
297
20
1327
1344
479
1117
694
636
8
695
303
1313
151
1716
1089
402
235
407
298
494
1
1793
8
422
447
373
85
333
1157
1079
7
897
1149
27
1766
741
96
93
8
347
10
85
369
216
97
319
1977
20
1777
1937
1270
76
242
72
452
147
259
1992
1504
97
193
469
9
906
1645
1017
17
409
793
191
1542
24
568
75
1180
1179
917
286
19
44
826
1897
1476
1165
535
537
1003
1482
715
611
1611
1357
1278
786
207
1511
151
1588
314
12
530
3
213
988
659
167
866
162
40
128
1035
317
298
1677
925
1316
1553
1014
1085
521
6
1108
236
1245
121
885
1049
44
113
1071
890
716
304
738
180
870
1511
447
1708
875
1941
1785
1854
1818
1272
1953
939
174
382
162
144
656
141
37
287
574
707
1929
14
982
1014
233
413
917
57
115
827
561
597
72
231
375
255
1400
10
62
2
75
773
79
174
251
162
1001
563
259
53
267
946
1090
1043
473
935
10
163
1497
35
1791
71
852
458
263
1787
464
825
203
1599
461
540
963
827
1375
1080
1225
163
638
816
320
12
727
553
177
776
35
548
105
703
1455
1736
19
856
111
230
1592
19
1716
2
906
296
82
21
33
5
1104
30
4
761
1638
7
1972
88
794
40
272
971
862
425
1613
240
27
1419
102
1400
38
53
1073
68
8
125
1459
354
121
17
1863
1316
1
1566
237
72
262
82
331
80
1410
591
21
704
1293
696
1075
1109
267
474
105
380
771
78
1683
912
100
151
487
68
300
635
38
25
863
1587
900
955
4
1698
1155
851
4
246
933
150
9
931
13
153
1002
231
591
1234
670
316
108
660
25
657
124
1898
127
581
125
486
584
444
981
6
126
678
64
572
1927
548
70
230
16
638
346
1121
1533
7
1352
714
1038
1670
1194
1649
371
870
3
14
3
419
1
1475
6
1169
47
1075
113
473
152
72
551
70
1
592
11
1482
151
32
32
1180
1206
700
461
1030
73
575
139
593
161
318
717
893
1024
118
969
486
40
7
52
2
1596
34
581
436
846
1323
390
159
910
127
26
397
600
550
1021
1045
727
37
1563
877
449
159
1367
684
1676
260
279
114
5
343
111
254
340
59
1985
1110
1073
4
35
995
758
525
126
1603
559
23
206
316
471
1622
989
352
1410
3
7
168
1847
839
1534
1197
603
777
732
1549
2
764
432
1846
1
1567
76
330
540
161
93
414
146
927
364
1030
1182
1221
1399
13
440
404
1254
1053
135
756
91
33
1283
1628
9
960
1923
1696
621
1553
644
141
312
2
287
1245
154
71
881
1670
4
55
1257
290
503
1618
422
1085
2
1569
139
808
164
338
298
13
760
648
1235
903
20
1679
13
356
1883
1333
3
71
24
923
152
524
44
1122
1799
108
216
146
1405
454
1480
1413
1028
3
18
825
1568
1270
39
2
68
1624
1
281
72
25
48
930
53
409
1
1580
943
30
976
485
709
1726
264
29
42
255
97
795
196
764
850
1150
591
623
278
2
337
782
1607
32
915
10
383
498
924
905
536
1744
1262
2
659
169
846
400
1194
1722
1004
363
483
1265
357
127
1484
1636
538
47
6
1750
1
565
1804
430
493
1629
784
1263
222
83
178
66
24
1026
1068
487
40
737
189
4
694
808
342
107
1477
1730
4
1693
304
14
18
879
5
1593
91
597
1618
2
107
1042
655
197
1042
454
187
315
143
1634
160
185
1288
221
905
1901
1486
358
25
1766
344
748
486
204
527
559
165
578
1111
1657
1672
1809
1589
1195
69
1029
657
340
1556
344
375
77
1363
329
562
25
60
1911
1826
169
10
1375
1781
61
301
9
465
506
865
484
182
364
177
1067
1856
14
314
690
713
1061
31
53
339
486
120
18
327
15
1560
626
1027
1388
1403
485
746
230
531
1004
934
862
1595
13
1943
97
81
197
2
623
420
743
776
612
1107
1569
345
636
1383
614
1839
872
240
1966
182
11
660
80
1
88
635
857
898
254
20
468
1972
39
494
1563
1553
1519
146
280
1176
824
344
1002
402
1153
465
563
8
1195
305
1416
1768
1232
990
233
68
171
160
181
1048
920
173
165
1754
1580
336
1685
930
1923
844
266
1771
25
366
118
25
1094
772
1842
1745
496
154
1445
31
1331
692
1025
28
63
152
154
790
517
1957
81
1517
82
1724
1997
1913
37
129
1114
413
3
1649
1515
171
324
23
348
115
1784
167
2
526
55
1791
444
45
4
75
1317
90
1165
692
170
52
338
1130
512
1035
843
833
448
27
4
1593
739
764
1047
176
1858
1600
1469
1874
3
1455
1036
582
1759
75
1487
144
1110
233
133
1979
236
30
34
20
1207
1335
63
3
11
13
137
1263
235
1173
867
857
850
426
1277
9
1762
10
1496
1219
13
207
18
1085
987
182
462
696
1967
2
1438
301
478
1582
219
168
841
154
937
1859
460
152
52
83
435
545
31
28
152
508
601
984
252
1585
943
130
1242
315
1859
353
43
700
959
1163
14
187
110
13
1
794
245
947
1816
725
203
634
728
622
799
1397
1542
247
369
663
24
59
152
1454
163
695
18
1657
1191
45
715
1307
1562
923
1546
895
639
846
1844
754
1320
17
1784
26
6
762
21
547
282
462
1460
29
46
579
131
572
1155
172
1164
227
1387
1058
329
1152
1372
600
1705
20
1380
25
882
1257
26
86
1924
868
547
770
1677
1074
347
1449
573
7
197
231
132
905
7
1207
291
256
74
612
206
1273
133
4
611
942
527
158
202
1501
745
449
1224
249
1868
1322
679
487
31
161
10
1861
786
1902
1542
7
183
27
9
890
1837
158
15
1701
8
216
32
277
78
59
1166
29
317
449
6
884
208
1300
139
197
403
1657
1496
537
1263
365
1668
361
185
1405
492
1834
332
148
210
215
344
1150
285
248
1428
270
578
283
211
2
505
1875
114
165
349
94
47
1721
276
9
1571
1370
266
833
866
495
1642
697
821
97
1091
1602
16
382
1345
33
217
1992
640
33
705
1956
1305
440
154
782
603
1962
200
1223
1888
1319
545
4
703
217
205
1238
3
1837
1515
854
1529
1028
1482
734
640
1351
1095
90
1546
543
1482
1675
1537
891
403
211
1551
1133
1890
331
1979
776
2
1499
863
1639
492
162
1027
54
287
67
402
145
410
1358
1
1409
71
1101
834
863
487
192
470
302
573
236
1987
1212
1853
598
7
710
855
14
410
230
774
152
702
772
726
776
21
88
128
457
582
1200
414
228
1172
302
10
556
552
744
22
1628
729
41
125
660
419
140
131
178
218
1361
236
898
1094
1171
1615
99
53
56
1898
270
18
1216
1050
876
495
1301
3
286
648
73
76
247
272
172
1145
699
113
111
945
1872
859
6
334
33
114
138
2
1772
708
162
1074
34
532
1021
1854
374
312
6
948
303
465
2
1858
85
22
1057
58
45
59
227
165
121
1036
35
1399
491
98
1847
39
1957
16
1154
922
150
327
372
1809
127
32
134
15
5
463
152
754
712
7
644
275
216
137
17
1052
1408
956
762
1511
945
1825
248
1005
1234
293
577
495
1543
811
27
598
26
769
1748
81
219
340
1282
956
834
264
1592
1538
43
79
473
1871
1933
1177
427
272
88
436
3
18
816
1491
255
727
6
791
1093
1815
602
647
1729
1290
1478
1036
532
477
848
8
22
184
1057
1959
108
354
1239
1251
1439
205
1908
673
33
1903
1343
2
290
989
63
220
1208
48
950
1345
1135
67
1178
330
740
113
1444
359
118
677
1091
992
8
72
28
53
109
985
961
47
794
384
147
1872
421
260
61
84
116
607
277
363
278
83
4
1962
1127
573
1985
715
180
1499
935
1497
636
1331
12
733
1133
34
292
181
1333
108
69
201
873
1272
738
194
208
1952
712
5
1507
1115
110
489
1261
234
460
1034
481
549
93
307
63
7
277
707
259
169
420
1060
1050
296
30
1893
382
1967
88
195
655
420
345
291
80
440
1002
36
453
1989
1115
245
3
1633
1402
927
605
125
151
60
745
605
7
1082
679
26
26
166
164
2000
15
1355
124
1746
577
865
347
1320
208
1801
1266
33
1419
73
852
269
865
295
952
10
832
1161
92
858
122
1587
366
88
1355
333
19
18
1
1894
217
5
1372
662
71
378
693
1911
3
77
37
22
1854
1555
539
1258
769
15
207
1078
34
2
1974
577
1420
856
235
772
573
736
1
32
848
1298
320
1275
267
174
7
993
1136
926
60
178
232
38
100
539
79
334
383
441
1047
453
1606
892
5
373
549
446
26
28
466
1424
1078
1848
770
1079
32
797
537
1316
185
2
300
1
69
950
1285
423
1819
37
124
163
225
973
1741
1178
416
1332
437
545
1285
263
195
160
427
619
438
53
3
202
1101
867
23
1763
1350
776
1486
352
1121
4
6
732
418
294
133
1060
568
986
859
1065
641
1179
566
787
13
13
26
911
1094
410
1041
166
1951
1990
120
54
1275
116
249
93
131
471
774
657
5
1023
1838
440
94
233
369
116
1514
42
419
9
515
66
1034
1564
225
631
391
33
6
165
336
1540
32
1915
1807
720
668
817
185
284
231
650
520
702
15
7
1252
11
1765
51
1298
97
74
1023
19
856
137
1561
669
224
1731
808
1634
194
8
38
667
626
514
462
1239
105
1354
46
231
374
30
240
501
173
398
1810
541
994
926
4
548
1007
1004
1307
300
1011
152
188
8
13
1162
1312
27
167
1098
1650
223
1398
1430
917
1031
92
1221
1904
4
116
7
830
583
3
785
1790
1977
237
301
166
236
1239
193
80
459
953
706
112
638
1307
1804
982
4
1110
574
427
237
1920
794
1283
71
623
1499
331
878
760
1808
98
188
813
565
826
137
404
146
426
1523
1346
895
964
619
30
545
53
1237
1773
752
482
1657
1098
162
73
1919
1973
754
337
339
62
83
606
3
14
1187
1595
977
788
1293
53
1333
301
454
882
318
427
342
1991
329
932
1008
1785
457
774
872
666
1988
1564
890
365
1495
16
354
111
940
41
318
707
569
2
19
17
7
1982
43
211
451
1212
564
1434
832
781
107
69
357
178
1859
1272
13
720
107
926
3
1405
813
418
882
1093
25
822
1
570
1244
701
1715
993
745
1410
208
33
416
1906
1072
1653
1332
29
448
1346
26
3
225
241
83
194
817
3
1796
92
96
27
406
120
995
112
1241
1933
22
55
142
4
54
808
617
568
1084
699
34
377
126
4
29
374
526
54
700
1906
46
529
41
6
560
1577
866
46
123
131
72
657
431
27
458
1818
683
24
745
137
476
1389
1215
1291
465
1385
199
5
24
69
131
309
191
1400
897
1880
164
497
71
1187
302
1919
457
1116
1739
1500
1467
1643
1650
115
3
149
1794
618
493
946
1243
68
11
1549
414
594
1
106
1129
12
30
1008
234
1
871
28
308
32
284
1433
346
1105
1230
76
1566
1907
702
689
1120
672
631
95
1913
159
16
1535
171
1176
715
5
1793
10
292
411
56
457
1975
457
1757
78
15
506
442
1811
75
1525
50
186
1268
597
121
1
1680
465
93
338
54
77
158
332
875
464
1859
576
1007
1044
5
1128
836
491
287
621
236
367
167
230
1413
472
621
1
835
601
365
100
1459
1287
1526
1706
72
201
725
451
519
21
1258
93
1252
234
1985
43
199
18
1996
7
1344
209
36
584
59
125
348
34
707
1880
360
1817
266
1191
290
594
777
1060
879
269
3
1658
848
729
106
121
1678
1149
23
694
1216
165
263
771
71
434
1801
1096
1693
982
325
416
868
1684
1626
697
121
516
24
108
780
80
1871
748
1446
1911
749
961
1060
332
25
398
1336
1192
50
963
12
161
1327
1890
1427
1
1293
626
312
234
506
243
139
1875
41
73
1118
116
1972
979
49
1910
1191
580
80
1048
825
1051
703
624
1419
1757
54
1454
496
887
1414
87
692
1453
54
1608
4
764
1892
1934
1748
1712
631
67
1152
1841
622
303
632
860
1525
607
999
1366
1205
50
10
183
279
520
78
982
1427
171
107
526
836
1963
1090
721
1932
1218
1
675
1303
1159
15
596
911
1255
272
5
200
956
1404
757
1099
1356
198
801
1168
321
1817
261
523
1013
356
464
1101
210
1285
1005
1563
814
920
1
907
185
281
162
828
1027
641
869
73
1492
366
40
374
1855
18
156
388
780
18
1959
164
58
1007
38
729
997
944
739
377
1126
69
1728
1816
14
301
1040
141
8
1033
1592
1535
421
153
19
649
725
117
358
120
1926
1334
1489
190
299
451
951
73
627
707
1958
1171
615
1188
375
282
891
1915
136
237
1
697
864
10
653
22
1453
236
424
848
89
1239
1410
107
664
167
12
427
4
583
10
1790
40
6
275
1227
1058
22
943
1006
1891
1366
53
817
643
68
1609
450
23
243
1411
759
14
140
1158
205
507
978
653
281
762
2
1
22
343
1305
15
1844
195
1447
36
703
50
1147
105
18
341
332
638
203
752
1184
129
1414
806
1713
1861
942
18
1925
658
191
1015
1246
1552
15
479
1790
703
1080
725
597
87
4
1321
1828
1771
1295
170
111
211
1289
134
59
948
1188
599
1854
36
965
133
811
68
244
1750
207
791
488
579
52
186
691
1598
1001
100
255
807
15
1
1554
984
401
624
229
1627
880
3
81
1345
269
231
1957
259
1359
1945
1029
1657
859
54
345
1
455
23
757
1930
1304
148
1587
1384
1637
185
452
504
952
66
923
1210
342
975
544
166
1787
268
159
487
1125
351
324
901
1468
647
1247
1250
1731
115
1769
1032
606
1289
545
744
534
19
617
1402
2
816
78
978
158
1278
286
1836
16
827
646
1452
88
206
1230
406
281
490
171
221
242
59
176
391
1
1842
205
18
172
552
232
455
574
120
1893
1761
1960
1952
1704
1353
605
1187
231
23
449
1990
1100
1139
651
15
1637
61
10
1273
259
1222
1667
161
1
76
389
943
828
1110
341
655
12
1945
818
1008
510
1420
1663
3
49
922
136
165
1674
189
5
1303
713
1399
1805
830
116
583
40
1581
1986
4
786
1251
237
1088
729
1919
1074
939
838
51
1863
127
38
129
33
14
1519
342
824
52
825
946
1207
1932
735
27
1
33
8
2
31
649
1597
753
485
91
13
3
611
1764
10
6
1152
1180
8
98
678
12
1942
18
91
895
1917
900
1013
1449
1324
1663
550
7
1177
202
1597
1807
708
551
1916
294
733
325
1010
14
1691
766
1061
1506
85
1
275
83
21
105
671
1331
1648
374
922
1
3
356
1418
448
1760
633
493
769
63
130
6
1605
1084
83
932
220
1185
344
44
255
47
483
1510
51
1314
1928
835
44
1020
1069
162
1710
190
1061
565
1521
155
8
1220
199
854
739
65
45
1613
233
433
58
416
1759
198
503
56
20
483
45
393
1444
1187
1778
1051
1217
224
446
1484
430
1033
260
150
353
620
629
410
632
1289
232
619
788
3
1164
1692
524
69
1129
37
304
800
1199
29
493
1056
1642
29
1191
61
156
100
1779
373
1743
728
931
26
996
620
86
1972
253
53
77
16
1460
187
65
65
998
364
1994
868
69
1575
652
1806
1283
100
1794
307
298
766
13
123
6
1
171
137
302
868
1621
826
1039
795
282
25
474
170
1322
389
1312
1060
978
2
1147
304
561
259
2
1270
770
666
140
89
1187
1433
520
64
152
930
759
119
9
438
279
1014
831
112
29
548
460
1008
1623
53
13
177
697
108
1440
1551
473
614
661
1229
896
1633
747
551
35
1177
858
1833
324
1056
29
564
845
1868
722
1554
270
19
429
28
161
1393
1738
764
484
1714
278
143
208
1043
381
1020
7
220
1244
981
266
97
997
158
209
372
134
1497
9
30
933
442
9
143
125
348
15
751
176
1207
795
16
934
1849
654
1798
330
204
183
164
1850
99
271
22
1225
110
1324
1680
3
1975
459
136
71
109
23
1181
1306
1912
446
34
21
197
523
633
214
712
891
1603
1459
693
968
1591
409
1947
1400
1077
1539
142
1427
1307
877
965
749
1593
10
1274
28
605
21
1067
1066
270
223
1546
629
34
1282
7
132
71
168
1359
154
768
1322
153
1324
580
494
56
504
703
1339
351
55
1885
973
441
1604
211
203
1832
49
48
377
1122
166
1770
1221
683
1261
11
1351
606
83
1325
953
1514
370
605
1214
87
1753
7
447
1381
1
1
2
34
76
1680
99
170
1121
579
25
1079
1363
119
258
621
1838
2
217
772
178
718
28
360
940
1754
122
1737
1182
503
767
39
411
1234
197
78
865
1
1962
76
1748
1875
296
1409
45
254
5
1592
1468
607
1346
437
654
362
712
533
1018
32
1902
74
27
986
16
749
1688
344
1336
1769
436
136
1589
2
1154
1136
261
159
849
182
1
677
496
86
1067
323
85
1529
23
299
538
1227
555
410
174
1750
691
1165
1207
1337
604
1099
10
3
1257
433
172
985
1035
564
1441
665
1364
152
442
1288
1922
1015
1851
325
335
308
1201
253
1336
1009
142
23
1238
1991
385
608
72
336
230
210
251
790
141
283
228
408
1586
3
564
4
1072
14
1249
476
1380
258
160
601
3
20
833
885
1924
498
633
4
39
779
1440
100
1497
505
1117
432
89
319
1372
1179
1372
6
736
1091
906
335
586
543
779
1752
62
2
290
1853
23
105
18
110
4
625
759
163
59
231
968
1190
11
206
981
365
1903
542
32
1594
716
1320
362
1544
1491
783
1472
1
441
1870
527
1614
614
1645
85
252
77
1706
118
180
29
817
24
396
1
61
279
567
1632
49
10
1355
2
38
114
78
694
405
60
229
909
731
207
488
1871
1351
1306
175
836
144
1915
1391
45
634
1749
429
218
441
277
323
42
1485
58
1258
27
1268
68
1737
1580
934
14
1745
1656
34
171
73
219
121
129
12
83
446
586
114
1618
40
1576
286
1046
58
176
211
364
19
1375
139
1431
890
360
50
1162
1365
1587
721
1095
124
50
1022
1527
747
686
366
550
1750
1585
36
1629
65
672
1247
970
1027
30
1249
1046
578
3
61
369
75
1
320
691
357
1425
859
703
1080
88
1332
679
50
59
1206
61
1558
896
842
1864
11
351
278
12
175
669
19
336
1045
295
1288
218
1845
82
1409
342
1238
1877
295
1917
1836
628
1727
81
2
1632
478
939
1174
1346
235
296
673
1603
15
1927
339
1920
1434
46
127
11
192
904
129
133
320
524
1
1221
701
40
1733
32
284
797
1026
1437
95
416
3
799
1382
873
421
31
929
1773
1277
571
1712
209
1811
1379
628
1159
1891
394
479
1
1739
1173
1389
236
421
113
1906
492
140
1136
404
419
342
968
169
29
586
53
1735
1232
688
104
691
8
93
922
5
1952
607
631
104
1666
1632
256
1597
249
30
526
153
48
336
1
44
109
233
21
9
624
1
132
1167
1503
37
1410
47
1816
1215
300
4
240
4
334
182
39
1093
402
503
13
228
656
1482
1941
81
1178
1246
1900
375
757
1293
196
58
134
79
1685
218
1230
40
648
147
53
254
4
1700
35
940
287
19
4
473
364
35
26
56
1728
100
186
1937
47
228
685
303
333
100
176
1004
335
1026
3
396
1412
206
1629
70
125
157
230
1888
81
8
819
127
685
140
546
53
31
122
870
95
1898
33
1760
724
193
1108
228
685
1214
540
1448
26
759
965
185
104
1680
1003
262
12
696
234
671
733
667
1097
36
735
1655
1486
228
1069
225
193
811
1306
31
771
51
591
59
61
54
1236
962
38
25
68
1595
323
642
325
27
592
256
1509
1387
7
208
1868
1661
1921
177
274
400
221
484
1969
419
814
10
625
290
171
1242
1746
358
375
1608
816
298
87
162
1735
27
20
1627
1237
971
764
85
1750
267
622
131
329
837
1222
665
191
860
1610
1981
3
1288
976
546
450
296
1856
873
7
972
288
175
971
47
1075
725
450
447
602
1131
746
753
295
496
97
1292
260
43
1310
322
534
42
1881
333
631
65
1236
733
1491
1227
1560
88
349
1091
32
309
148
194
1105
6
1679
318
1339
1748
1361
1999
114
186
1063
727
441
169
1056
1
1227
4
1676
146
599
1439
46
1127
475
1119
297
1873
1835
161
579
88
1201
168
1344
152
890
204
1002
9
1306
1660
79
396
8
355
136
1094
986
439
985
699
451
3
1816
435
1449
314
755
136
630
534
442
1915
970
623
250
544
1066
109
1399
175
1280
470
235
804
540
232
41
1626
3
1801
797
384
1718
63
2000
1946
1201
551
202
523
270
1592
432
264
311
1036
129
86
771
1745
1542
101
960
344
599
4
40
328
1993
976
1248
1767
630
499
1658
395
462
108
212
4
90
1
1387
8
1242
30
1512
183
169
1446
234
162
1468
37
371
67
370
1175
257
38
16
421
498
557
50
1429
1767
64
916
1444
313
1313
119
1
120
672
720
776
348
1927
461
1007
1440
1317
1530
148
1297
958
719
1
61
81
462
1312
1145
51
503
200
1909
1001
1803
289
722
347
937
2000
229
225
270
1290
1012
1362
45
555
8
28
1
90
1592
19
220
71
49
75
727
264
548
1377
320
134
19
295
1578
503
394
810
682
1343
483
808
684
1891
35
12
1043
266
1270
811
71
1986
739
737
1352
419
455
445
1
783
866
535
1047
1197
1420
1
495
247
166
2
680
1587
117
138
23
32
631
1345
23
1932
61
66
753
24
149
1812
276
363
914
382
944
1389
1436
1998
1037
1952
48
94
1449
881
1657
47
853
157
131
1718
1356
186
336
448
166
15
490
41
1304
20
932
147
688
923
197
58
5
981
770
28
197
423
101
1695
1174
928
5
831
67
108
1336
3
1752
1621
48
1872
846
419
631
1650
715
1265
682
1539
331
756
245
652
1593
1663
77
994
1
601
22
226
1332
1
1694
381
566
502
1
439
993
112
165
258
267
254
1578
917
1525
203
7
1497
348
353
1953
892
604
638
324
128
955
1442
161
57
280
1621
1498
515
3
1505
1447
16
70
548
1957
1436
219
1849
112
39
278
1006
1515
28
598
570
72
1764
1858
91
275
1882
929
110
33
1466
1589
374
483
324
773
551
1671
514
421
92
357
35
20
101
481
628
1010
831
791
205
31
18
6
657
238
863
70
153
748
1414
293
369
129
116
1688
134
536
191
1037
164
25
1001
245
1897
638
1322
1738
45
720
1710
234
35
336
296
80
1190
1147
1202
3
330
653
129
722
1045
630
1841
218
1280
1068
404
1269
654
78
199
397
1117
302
593
87
489
90
823
997
1502
15
1465
1001
1083
494
159
772
432
1695
179
1314
941
253
215
1466
21
1162
37
1326
371
1024
333
1403
351
68
704
1185
33
376
26
454
43
1568
693
469
163
649
24
835
583
1848
95
6
790
1426
1266
173
88
81
40
1146
809
1
266
6
680
1937
420
2
1776
100
1345
1482
209
801
235
1290
848
1500
1992
1203
293
890
572
331
26
932
1278
5
42
760
129
1255
20
813
1566
150
1095
1054
1755
13
121
263
102
1757
194
1725
1480
1236
1750
537
168
4
1089
36
53
1692
1923
1212
1121
1448
178
249
1509
9
316
65
882
733
101
120
42
1024
6
1586
680
335
12
787
125
104
1666
821
134
107
746
5
304
1721
144
127
1550
435
133
638
948
68
325
1394
232
570
498
587
335
269
98
1781
541
223
551
5
295
1107
207
137
894
78
19
1019
847
1247
76
407
992
336
376
1676
854
687
471
1615
1893
1986
412
66
1503
75
1971
37
130
360
72
1354
659
104
23
1050
1315
3
158
4
89
13
427
25
287
393
126
1590
831
1019
104
394
3
46
1439
1727
1821
823
77
21
174
24
1214
554
1415
226
1187
728
1934
162
13
129
900
372
73
1093
1769
1405
145
1074
67
771
27
708
1117
258
1147
18
584
475
1771
234
730
1794
1955
1375
79
952
790
26
1633
94
1975
875
3
1378
2
25
375
309
558
130
964
1495
1012
238
6
361
893
4
373
444
1612
2
11
199
579
400
132
1772
91
1660
136
159
866
74
202
1359
531
1382
1436
48
1536
1877
188
358
490
1177
1040
62
113
78
156
157
231
445
5
1397
1889
586
571
174
371
1609
1006
1009
55
118
1565
631
211
1845
197
677
62
1086
1260
1907
556
518
437
88
1241
1617
529
1950
88
39
597
1277
815
1737
243
142
20
553
857
1273
1718
1755
810
286
1621
1146
1219
218
1532
2
945
539
808
1968
1281
1514
340
320
386
319
569
312
80
1826
372
437
1842
100
983
110
1241
1364
1063
1408
15
106
1062
693
892
1628
18
606
1697
742
1504
171
785
515
1793
1529
353
1
446
664
508
16
102
759
458
267
64
11
63
16
456
1315
1745
128
903
16
51
1620
1627
52
1316
1055
141
750
249
1256
44
17
764
388
232
40
179
1545
555
244
535
1457
314
1987
692
468
1995
324
642
1139
1858
98
354
279
1479
538
90
1169
52
1522
49
198
496
2
561
681
371
27
15
1050
526
778
96
50
1481
77
671
1362
1502
532
537
1190
422
734
83
680
1057
1896
15
196
1511
190
650
998
362
144
1
1002
104
1381
287
946
1754
802
1787
1524
504
900
1024
258
937
681
1187
56
1184
1792
1229
878
63
354
36
294
872
496
1440
3
1418
1184
9
329
685
193
104
93
62
6
229
1087
1057
90
1144
15
169
499
506
3
656
582
880
1395
156
1334
1270
75
461
5
635
1578
13
139
1767
1346
507
1546
1102
780
1161
1740
152
249
1895
59
1982
20
520
378
344
683
154
1419
15
46
1409
57
1162
668
252
151
335
1312
1096
234
1042
1399
1022
1241
628
1173
1073
727
206
598
1635
332
1196
3
1054
512
1095
367
888
54
1190
799
4
904
1953
78
57
26
223
162
299
1053
141
415
179
172
2
290
994
866
1723
41
779
1866
403
1382
1138
49
357
1103
25
571
406
970
1391
1300
74
108
259
164
625
1654
1321
1548
1069
130
3
12
1292
70
93
1004
148
53
236
189
1896
1002
72
547
98
70
453
929
222
54
989
691
173
1577
72
716
593
1179
1717
85
519
1661
1008
1937
1581
1129
353
85
6
1420
105
1588
1677
1275
769
819
1237
35
775
1536
926
751
833
513
731
570
289
569
262
896
1541
1041
55
1249
1706
514
65
402
310
676
95
515
3
1362
1223
1471
2
1295
250
123
71
731
347
103
29
1395
1168
303
456
1253
1232
611
1640
774
1439
518
489
196
86
775
44
1062
550
27
879
89
311
79
36
1079
1051
141
790
705
1275
47
45
1669
422
274
417
389
43
902
5
1630
1495
1022
42
1667
452
1
402
267
399
2
92
1124
571
1051
62
355
72
140
380
1151
996
84
1361
820
1270
1827
101
1968
331
842
623
149
1294
1678
4
374
89
671
215
156
143
1411
623
235
1375
276
46
49
1508
1531
1835
102
202
1393
1496
1540
357
615
6
1351
477
46
239
111
1849
28
473
1250
1741
1988
1205
306
562
1233
1172
1247
1927
385
639
244
147
1122
1915
83
8
686
681
1615
150
338
215
988
989
84
264
669
855
111
968
308
295
873
1189
485
31
362
1705
387
434
1333
429
935
5
1326
1996
202
232
117
1423
116
1366
47
1200
123
46
1629
1586
608
1865
409
1598
29
258
1787
213
943
1138
854
51
1293
145
46
21
159
54
194
1562
110
1407
150
925
13
462
1271
314
1042
1520
211
178
12
358
1597
99
309
117
303
74
149
444
111
77
1402
1234
7
25
747
1414
1640
1430
566
237
1850
194
11
35
1580
69
750
111
1854
825
1007
29
1621
115
1389
719
1508
484
176
236
741
706
1481
1000
1706
110
3
869
65
249
227
1
48
229
1151
158
925
475
136
37
858
1843
1204
1430
1864
35
338
227
56
652
544
562
935
1480
58
628
213
1594
2
20
173
1112
395
618
409
312
551
102
6
1584
1164
4
555
368
71
273
153
158
167
787
227
470
387
620
382
941
297
367
25
1375
469
505
1666
9
170
849
91
477
346
39
1679
110
171
63
116
1443
1663
1301
154
27
1510
169
1394
2
53
258
417
1123
67
103
1585
247
1878
1850
295
211
235
305
1457
456
9
620
1080
983
3
540
298
240
156
1392
1982
1047
3
1004
1467
920
6
741
116
12
1850
555
132
158
698
611
1216
333
1893
1394
1825
35
523
819
1305
714
701
1953
433
334
958
1556
263
565
649
20
485
63
989
637
1225
1637
1276
623
120
1219
543
1398
70
1216
984
38
408
3
387
1266
1027
1723
654
1167
78
483
1451
603
428
26
18
13
510
855
1974
1313
208
210
276
94
109
876
506
428
727
1406
88
1483
43
63
560
1762
1565
1192
1942
27
1388
190
4
1669
733
390
925
1310
1282
1550
140
1152
561
1089
978
1157
840
601
86
691
1256
75
1148
761
1120
1210
266
290
575
9
1967
190
1208
1338
3
47
290
193
959
2
666
563
395
511
480
43
37
510
770
298
488
551
1050
1927
1358
1582
638
542
1483
109
1505
371
1643
281
1088
360
64
832
224
50
5
156
1958
31
559
1330
50
777
847
909
1957
1407
5
564
98
26
39
8
283
47
1
7
27
1
1081
1798
21
199
942
908
120
1878
1737
10
1852
1606
521
1126
1619
1301
62
26
46
160
92
164
213
1741
936
129
1946
219
412
775
1632
664
356
55
792
666
255
6
1296
29
200
135
16
1078
6
1845
718
14
551
258
33
515
55
953
411
349
1384
1897
193
150
406
1
5
181
1602
594
357
459
451
1857
26
833
479
1359
613
1056
130
138
285
191
1443
1445
1066
1
94
109
31
1200
625
64
1734
765
675
165
295
432
416
41
206
59
1484
1380
97
1856
13
516
622
288
1
25
1373
453
970
3
25
1798
693
1700
550
215
51
709
104
269
597
594
1311
1628
292
108
1842
1691
23
1571
3
93
1463
506
702
978
6
77
1320
815
149
691
141
1269
517
25
104
719
10
482
1132
1554
384
1573
191
937
685
1234
631
132
111
1682
253
949
60
594
232
389
1649
562
425
1394
414
608
386
473
1156
4
341
1
134
208
939
11
288
108
284
767
174
25
47
1088
1353
1910
495
1686
222
130
1320
1189
231
147
187
27
1803
759
1443
958
1337
1894
657
218
362
1193
278
310
1829
1139
76
63
284
116
1549
134
1108
1
794
134
1711
171
715
1321
157
820
1176
122
1758
2
1584
1819
255
2000
980
551
7
35
836
419
637
581
99
767
549
234
1350
1976
3
827
375
164
65
1908
231
436
57
1667
1975
494
1187
949
176
1571
399
1351
1352
3
1194
97
1753
32
119
14
560
999
1637
281
1825
339
163
883
723
739
186
961
71
994
925
31
307
744
1654
428
626
221
444
50
708
26
170
272
281
668
30
212
1023
789
412
489
1200
1465
211
60
418
1712
844
1604
836
237
1310
247
369
512
386
681
368
14
368
1162
163
7
126
4
969
23
609
1445
126
131
1759
1850
1659
199
244
48
1393
113
608
231
16
170
2
1464
30
193
228
462
1197
446
4
31
4
260
280
1
784
1000
479
479
60
879
893
1582
121
676
340
1208
1288
8
1678
79
1093
33
1652
1419
1147
589
408
194
49
1111
1918
186
32
710
1989
351
222
1
1327
84
11
1885
349
15
142
1029
42
505
2
979
315
435
1238
1172
56
26
1803
1799
446
1032
1120
1612
632
1697
199
1079
1440
234
163
649
6
978
382
1203
39
1582
1450
660
517
128
687
1898
736
38
842
1863
1149
16
1361
1159
1611
1700
1088
1370
1663
187
1263
1582
1208
1253
675
37
625
1451
847
86
1647
22
883
318
1821
2
6
234
252
92
1898
97
217
137
1061
658
1662
244
733
292
1758
595
1712
102
263
1596
775
1873
42
182
99
12
186
4
308
254
85
44
372
1928
563
159
266
1163
7
456
72
22
1830
1711
252
1990
1394
32
1723
252
197
1771
941
986
1055
845
247
182
272
1470
1920
1502
1309
243
841
873
299
330
392
11
878
290
1192
253
1
151
164
11
691
1042
899
1001
1842
123
93
588
2
801
751
138
195
80
814
1837
110
269
710
1677
124
7
1887
810
1257
1516
1539
785
188
905
120
863
1343
162
154
1484
1341
114
39
1175
224
684
3
414
533
128
577
1081
17
550
504
707
1548
46
477
44
140
712
397
1008
1
635
911
70
1144
137
331
1995
86
475
1367
97
706
1013
482
698
1472
95
499
1383
1233
440
1152
506
1738
362
999
205
38
127
1980
115
1424
414
3
107
772
1886
107
1238
254
428
45
1142
2
1887
629
1147
827
964
612
1737
238
25
714
1729
1527
1798
238
1138
595
212
10
790
1857
92
526
205
80
929
194
135
187
294
1
411
63
330
1451
933
909
5
1437
220
88
36
62
465
1356
311
638
1799
1944
566
35
499
417
560
1928
1003
737
1783
416
1578
1725
95
1859
53
1774
342
94
124
1616
1176
586
160
198
1618
1019
796
508
1936
835
744
1020
205
379
1945
1
828
68
1964
186
42
235
43
1204
1514
82
16
626
348
1164
979
264
1494
1522
499
164
344
1009
478
1607
639
376
5
1348
157
1684
1158
1814
1663
1241
223
675
1129
159
1569
770
244
147
116
426
1271
704
328
1365
573
46
13
600
1197
146
12
839
751
7
1729
185
804
1625
672
1144
118
1966
415
521
600
50
164
1236
667
171
1906
731
556
662
1603
1708
1182
1781
531
1464
542
50
1756
12
18
1123
80
702
1320
1003
35
584
512
17
818
714
97
258
102
113
447
1536
413
19
744
166
1444
897
130
936
81
177
1034
7
852
1071
1030
738
589
310
277
1162
4
839
19
56
229
1946
39
525
1828
352
1972
676
359
38
39
393
1
66
1397
6
807
39
1383
123
213
1393
237
1149
348
13
991
379
1238
102
560
1790
334
1217
1410
102
621
151
559
1162
404
72
639
212
934
438
61
666
290
914
1558
510
295
4
1
118
1301
120
497
1549
354
21
11
5
44
1998
481
284
327
12
914
465
1632
1063
22
1061
618
1384
1384
1592
46
78
5
1404
1054
711
1604
1538
957
1612
913
78
1391
4
1696
4
729
261
1118
211
422
1206
1130
1056
239
658
7
775
35
1404
432
1282
1336
684
9
1451
40
106
615
1276
301
627
1207
1952
36
506
1656
1694
1582
1456
135
271
772
1912
311
1187
380
333
578
301
525
1701
139
7
1594
1740
1001
1217
948
236
1408
393
1500
1851
22
1032
1758
287
1922
445
65
1282
262
1533
859
28
1693
64
1908
271
1614
1065
1515
1072
14
133
1061
328
865
1933
1386
1580
151
636
535
965
484
793
605
253
688
1687
20
190
1409
260
9
424
1881
78
1194
1035
1187
538
1960
448
85
952
156
1385
418
300
1731
78
743
6
10
77
35
235
1748
1160
254
30
1234
240
221
407
985
478
1676
421
188
683
1178
715
1538
13
1676
1138
1413
496
824
1891
1
393
120
1154
3
56
530
1639
1107
268
850
96
476
1771
9
17
243
1371
1135
732
52
1539
968
1067
752
1608
843
68
392
108
111
1704
1364
70
92
1958
1025
67
118
88
289
524
29
468
1695
16
65
11
846
1073
819
186
1807
883
592
591
1486
2
3
1013
172
102
13
1215
1876
1353
507
630
1750
6
185
1713
68
372
341
1803
1475
637
221
387
244
61
404
982
1266
282
3
1002
936
764
10
183
273
15
1021
115
65
497
347
1025
42
1543
1111
1902
1743
1379
321
410
269
17
1560
903
223
1792
880
1304
952
6
695
1905
38
524
563
879
237
81
294
926
461
1664
942
1708
1863
195
1618
209
305
1581
12
97
889
1184
134
1254
793
31
975
1030
1796
1453
1047
837
556
19
264
8
63
1079
1741
61
191
332
1280
624
67
172
187
1184
586
18
125
23
684
1172
657
992
7
256
1073
4
430
60
9
812
1731
781
1946
1321
377
1347
1003
340
1344
364
562
610
43
334
323
51
1975
618
155
240
727
254
1413
57
267
14
1061
34
218
285
954
211
88
220
469
500
473
1699
51
28
611
1
1269
13
157
979
455
1291
483
1172
7
144
2
638
198
1333
366
658
1742
112
86
790
453
588
1924
66
1643
1199
38
873
871
19
764
8
1291
1804
1927
94
109
65
13
167
1336
168
588
513
790
1027
1367
1655
106
129
1881
1254
3
485
88
817
1953
366
523
666
705
1380
522
1234
1084
1681
1245
82
4
650
857
35
15
581
347
393
336
360
1782
762
1688
17
248
1746
546
67
31
210
5
508
407
103
1717
434
50
768
609
544
161
520
416
227
614
1476
1018
62
495
115
1899
383
98
1682
1424
1083
905
502
190
24
112
1198
197
112
1088
852
1813
264
337
1046
779
216
20
1864
494
47
594
1343
827
70
1095
54
1447
894
255
1810
967
1079
43
785
22
201
442
1024
530
1803
750
758
1361
628
416
178
371
1102
647
303
1589
1039
803
60
1389
1095
227
1041
1414
638
41
1610
607
350
1
87
84
1564
133
1246
1800
876
1724
727
863
1824
1055
40
114
693
948
1769
1360
1939
728
960
1747
656
1752
87
56
742
1772
97
13
1065
980
20
1042
1731
1388
1446
184
97
432
932
615
1790
17
964
1716
1163
2
51
392
1879
540
1740
18
34
253
29
1721
198
1912
108
391
1806
604
749
1723
232
1895
1678
14
936
20
19
1322
5
95
308
1555
1157
88
95
12
194
174
274
960
876
800
559
94
629
1632
6
1861
1122
446
410
1259
119
15
217
599
1608
1051
27
155
804
1891
1081
991
379
1779
13
1622
120
1641
1736
190
1969
973
4
38
843
1611
700
738
181
1624
641
1791
237
1256
10
22
1937
1073
86
1738
1373
131
946
1158
1136
397
1489
555
540
328
677
56
1478
1042
1955
197
1338
1921
16
115
145
844
180
1653
1667
1637
101
911
1161
803
393
1220
103
74
1585
1078
1394
207
1166
22
780
1044
634
1883
505
232
630
36
25
12
1456
1536
351
169
1156
760
64
675
993
749
821
295
710
1859
261
1542
393
304
1
115
448
324
491
32
1753
1722
22
33
89
1067
1657
28
1936
1622
218
1981
1157
664
385
605
531
206
30
141
302
330
314
142
724
336
340
965
1143
139
4
912
73
238
15
444
577
82
104
420
875
