755
1
577
462
8
332
38
23
52
4
344
2
2
808
198
1461
1778
42
826
1
1
606
6
1
40
25
5
645
7
6
15
7
239
2
41
347
1
833
2
2
8
172
10
144
6
2
1533
1
157
12
118
3
873
900
1754
7
2
518
22
78
15
3
2
1
1667
32
8
11
6
40
5
4
1
1471
2
428
1
264
8
86
150
1
11
280
3
82
1
924
4
4
927
3
34
898
175
320
32
663
55
1
302
10
169
1140
52
449
32
1
553
1
2
9
11
2
3
1
2
6
1431
21
548
315
605
300
40
2
1
173
9
10
9
3
685
5
79
5
465
289
94
2
4
1089
36
160
10
674
12
286
6
5
2
135
1
288
1149
309
49
4
34
761
429
92
1383
2
3
227
1
62
99
59
2
30
15
49
1325
8
1138
1824
11
1987
36
99
26
1680
25
845
312
1
339
214
83
31
10
1
84
874
110
8
140
1587
35
709
6
676
93
28
2
1800
1
312
102
5
17
1
6
27
25
1
3
10
129
11
305
102
11
1
239
221
1
15
17
1331
8
1622
450
1
1342
901
1
1
4
1661
163
214
2
73
1927
89
171
283
6
261
47
460
26
140
5
80
1
1
1
1133
232
3
2
93
169
9
14
77
1
13
63
79
157
1
533
37
570
83
15
5
1510
2
830
4
1729
2
1
19
113
142
33
348
13
20
14
1
17
19
2
153
1680
58
1
173
365
653
456
1340
26
21
159
1
1562
14
266
12
1
48
10
2
1911
9
2
617
5
873
61
241
21
3
118
1808
32
44
13
17
34
3
4
102
146
29
49
1
20
1
46
1
278
151
484
25
241
12
115
1
511
7
1240
19
6
168
1628
282
1
3
294
1225
9
311
1
5
2
1
4
2
122
15
94
19
166
3
7
1300
1024
1188
149
172
1615
7
12
20
1
75
1913
177
101
235
349
6
2
384
4
2
1
140
16
2
41
2
9
12
9
5
11
1
455
2
27
1
1
1195
1
80
821
2
1
813
1331
1802
152
1410
7
39
449
9
738
1
5
69
434
3
1
10
51
954
120
72
126
225
85
3
799
1
629
2
1459
532
350
345
439
541
651
1
483
15
70
209
3
9
72
3
38
2
1
1097
111
88
8
19
229
1
1096
6
2
4
1
2
45
4
18
349
14
2
1801
18
1
1
65
75
53
17
14
47
4
268
1
10
25
22
70
92
92
4
28
3
29
210
1
30
16
7
2
1654
36
2
83
10
8
120
2
53
305
76
215
463
18
27
17
10
222
144
6
5
1
7
2
715
2
1578
5
1
14
290
657
1
104
192
1376
99
14
1
2
11
125
3
60
38
6
5
23
828
980
1193
1863
11
7
1389
10
497
33
4
116
4
8
1
77
26
246
3
1
1
26
251
2
1
1322
7
159
15
1
4
558
1734
248
1075
2
103
2
1
126
1
148
1
1313
11
321
585
2
352
1
1
4
66
1325
2
1
106
1
51
865
208
505
68
16
884
878
1
9
24
305
462
8
2
8
50
1
4
369
4
5
33
12
20
6
3
993
83
187
164
121
3
469
439
4
3
23
300
2
5
12
838
307
729
716
1
1193
14
81
1
2
300
6
134
1120
3
164
88
3
620
61
1
2
334
1
45
1249
2
475
226
29
1
128
5
2
79
25
2
6
1
795
83
445
763
606
1
2
1436
8
5
11
540
97
2
7
402
28
205
3
8
3
45
495
254
4
25
68
4
1727
2
687
2
1
1667
516
78
42
1
59
2
2
83
231
1884
3
435
214
986
4
555
1992
1308
1
21
1
9
8
1
35
1
20
3
6
1
33
49
1022
232
971
306
2
136
9
17
125
494
1
2
884
3
2
1
1
150
81
756
4
20
1523
45
4
17
1216
12
175
14
354
2
1869
87
533
1998
2
2
323
88
167
1157
119
1
515
40
1136
2
2
3
5
12
143
129
6
73
417
1416
194
573
68
8
299
24
2
141
995
13
24
4
1
951
7
45
746
10
436
977
172
247
5
1
44
180
30
70
2
84
6
1
1
1
24
387
164
16
61
267
1078
198
27
1
30
525
745
9
2
28
5
35
60
272
147
213
608
1
13
1
1
259
213
134
1
229
11
676
9
13
555
166
575
8
12
276
2
52
23
18
318
1
45
1
35
120
2
47
332
35
262
53
379
1327
28
5
151
4
1400
93
319
2
1
280
1819
377
71
2
54
412
6
3
3
1193
8
1320
21
24
12
1
1605
3
365
12
14
29
389
1
73
44
46
2
12
312
17
1
216
830
1
455
165
63
55
408
2
9
6
13
1
4
16
2
7
2
45
458
360
313
39
256
24
219
678
1624
460
1750
980
92
11
4
192
9
319
1
1
4
2
11
6
449
219
251
1
54
17
114
110
862
15
30
1
22
10
93
94
52
2
2
1
1
38
3
4
54
768
1108
29
4
27
1788
71
20
559
39
204
1
447
2
834
205
44
1
159
264
1
386
14
14
1389
3
1
12
226
844
798
9
572
1139
1730
686
2
7
7
78
117
8
194
44
1619
111
2
514
7
12
230
518
3
1
8
782
23
103
89
244
2
1
2
4
463
277
1
34
1
2
3
1
82
137
14
92
49
8
108
969
1
431
526
21
9
15
68
3
7
5
1493
24
21
8
1
1657
987
336
4
458
275
53
4
36
6
1
7
782
432
13
1633
1
358
1
501
361
4
1
6
903
7
9
31
247
14
72
14
26
176
1
5
2
1081
111
625
21
1
28
4
4
444
722
1
166
185
1310
226
113
1
63
11
1
7
35
1
1
388
1182
2
1306
4
1730
1
1143
3
371
102
287
37
8
15
1742
33
378
1
37
2
50
154
42
6
4
3
714
14
1
820
15
19
2
4
1185
358
1670
1321
402
2
727
4
439
913
1
1
402
3
87
135
10
55
1
64
5
559
1
3
740
40
1
5
19
1
10
2
662
108
2
151
1089
943
1
123
1287
1549
6
14
1165
6
11
1
68
7
4
7
137
23
2
304
35
5
939
3
89
3
2
1442
8
561
79
4
139
1
29
45
938
2
1
1
745
19
11
492
4
37
2
1
4
1281
94
13
56
1017
14
93
1451
14
145
2
41
138
182
1
8
5
2
468
1
6
10
1
4
46
403
943
966
908
178
1
547
769
372
7
200
2
293
1
1898
1
1
3
200
2
1
36
1
1450
1
22
281
1
1778
155
56
1
223
1649
3
1
3
1
205
4
11
57
49
63
254
5
848
2
19
5
759
8
1426
1
21
4
123
706
300
380
347
153
1299
84
826
28
1
515
2
5
9
1
1801
223
2
54
321
18
103
85
103
6
25
10
2
9
437
289
105
3
1149
7
1
3
2
47
197
1815
458
84
1796
3
186
3
615
1
114
1837
681
18
109
89
298
54
1333
1
36
1
41
1
481
148
40
1
2
1388
281
667
112
24
14
2
128
65
6
50
1832
17
687
1665
2
146
11
59
10
56
52
3
330
29
4
10
555
1795
23
3
20
6
1802
1
133
221
899
3
30
114
923
1088
390
3
12
345
11
293
113
726
169
1333
1
383
4
398
61
1
22
3
598
1235
1
67
15
174
82
42
269
99
1671
11
2
1
1470
16
2
362
34
66
5
16
24
665
335
10
3
2
44
376
8
4
36
10
10
2
82
7
284
1
803
566
28
46
35
1443
23
65
19
972
16
22
386
1
3
50
12
16
1659
165
133
23
1
228
120
2
37
1067
1
24
4
20
2
29
153
1
166
472
4
13
1
405
1
1
1
41
167
1
2
3
549
31
1547
841
24
1
18
1
17
4
85
17
1076
18
3
694
438
62
293
10
197
575
4
178
1
45
26
112
89
188
1
782
195
188
9
1
384
4
1
163
58
28
9
36
10
977
8
1
121
5
21
49
2
9
86
483
1
770
22
3
190
342
16
40
9
14
35
117
2
1
1
208
253
2
560
33
13
149
599
3
166
1
403
5
223
1643
1
39
45
33
5
1
61
16
2
1206
93
653
718
41
30
16
24
26
15
155
12
61
1323
35
30
2
2
3
1776
318
5
223
12
1
154
164
566
2
106
3
9
97
261
1445
614
673
6
17
2
174
223
118
1778
1
36
20
1
137
197
1589
8
765
25
10
40
75
49
2
3
1849
309
11
32
1230
650
4
433
89
680
4
1
4
2
23
46
3
1
6
1
48
16
1096
1835
3
9
7
2
395
31
4
2
1
639
1039
3
1
205
2
34
375
223
6
4
40
1
4
1171
1
20
1
271
1
983
1
1270
9
39
5
1
65
77
22
10
13
1
2
251
606
25
20
5
4
7
3
487
23
1170
38
121
335
1
615
218
1
2
28
13
206
139
1
3
255
13
909
544
991
9
49
56
6
50
11
18
1
10
14
2
7
2
278
8
163
1026
174
4
1
90
7
1
3
208
69
52
16
162
1
1
301
320
44
24
8
54
569
111
2
11
126
1
775
2
83
62
87
1
1
90
703
912
7
1517
302
17
355
1180
3
6
1286
1
1
418
197
479
1318
26
1532
205
14
24
306
402
31
48
1280
63
1
9
107
75
1
6
13
2
1
57
9
107
1
170
162
10
1266
12
4
84
1
72
343
894
1279
62
230
58
1
3
10
5
1
33
243
8
304
22
143
265
522
15
257
30
61
8
248
29
1761
111
47
322
103
8
2
201
15
10
178
1
60
14
2
20
22
1
8
1
12
4
12
457
5
132
11
1
162
6
1
203
480
2
760
401
112
1
15
29
182
87
267
13
1662
852
6
1082
140
14
46
53
2
322
101
521
912
574
6
31
1
154
1771
198
1
1497
19
6
10
1
2
1529
1
1510
273
215
275
450
11
1335
5
275
329
68
15
3
102
410
4
306
2
1
6
12
7
1248
71
31
116
109
152
1055
1281
84
40
15
2
1
1
191
3
234
6
67
16
3
9
1878
3
127
1
36
42
1507
1
40
2
10
35
394
17
1866
707
1
13
17
147
2
6
1686
307
29
19
1432
1
11
9
10
14
767
1992
399
182
3
1634
44
36
8
1821
2
2
24
291
4
40
2
32
182
266
318
1753
874
5
79
1108
33
1668
66
1
1007
1
1
3
2
104
3
441
2
10
1495
586
1696
112
172
39
63
236
286
142
1
17
1471
306
1
1
766
105
50
29
6
80
6
22
2
338
253
2
113
97
10
1479
9
7
1
502
1668
34
134
51
15
23
709
440
2
337
45
294
1761
3
1
166
409
99
193
1257
712
16
1093
19
49
1
49
1
5
1100
3
1649
352
100
945
3
1
121
38
1
85
654
52
1038
77
214
42
641
201
1
1866
9
52
1
4
346
9
14
9
1
2
2
3
335
399
6
136
1278
448
539
1304
1
7
1
7
1
144
13
1
9
1608
30
919
115
101
4
22
1
678
2
422
1989
1460
1
2
4
3
1
88
2
15
10
25
50
59
1
1
1
59
72
860
183
104
564
7
149
1
109
1291
7
1242
89
1
1070
413
143
1816
2
29
2
1145
809
16
263
1
3
124
2
702
100
10
32
2
1
5
1
20
137
2
8
1569
33
57
31
155
1
49
18
31
186
897
1
3
2
1
519
604
12
20
60
2
14
136
14
156
43
19
53
2
32
864
22
1823
389
3
20
3
1
1
23
1
4
1
1
1846
16
86
7
3
113
55
109
441
9
14
1
17
1
62
96
1911
373
3
1
94
1
242
37
4
6
873
6
1
1171
109
9
342
2
445
2
1016
22
144
1
65
165
23
343
28
15
33
856
3
163
1792
217
1
102
1830
1094
268
992
50
40
36
1
607
1
1
36
258
764
3
47
2
1169
1294
1
27
149
20
1
215
1499
1063
4
24
7
3
16
9
10
870
190
1
5
203
748
627
1433
7
9
5
263
4
1
18
10
1
1146
621
565
124
4
29
4
2
18
219
189
135
81
4
1
2
1
924
440
32
101
3
135
216
133
4
1721
22
951
6
13
1
676
5
4
1
491
10
26
1
77
1
23
251
85
202
7
139
1
1803
741
11
33
1566
1
4
10
1783
399
3
131
12
5
23
1167
279
733
27
1967
12
665
32
1315
1
14
10
1
162
663
7
82
7
884
2
2
47
134
8
2
1
1
58
237
164
1711
5
5
67
1
8
230
1
99
1
192
532
2
1909
1
174
332
6
1712
5
1
1126
111
57
1
25
7
29
18
1880
1539
1
16
6
4
83
49
2
35
2
57
1
2
10
3
1
1607
14
2
957
195
51
3
13
8
9
5
163
540
38
4
1
200
609
1
1353
6
30
495
1
105
1
13
86
219
201
471
1
47
14
200
1
1
1
624
72
3
1
398
13
113
117
497
28
4
78
9
339
29
3
54
28
1607
7
3
1
280
1080
1
9
29
2
3
916
1
11
178
1
3
1
1340
17
39
1
10
1
649
12
5
16
2
1
1
1
686
49
198
6
5
8
45
1907
82
165
100
6
545
30
24
4
553
1
1292
64
2
72
8
81
27
57
228
2
296
131
903
1
4
38
1
266
1071
48
155
921
7
41
1
357
96
44
141
4
30
2
2
45
192
12
66
3
4
79
212
648
4
33
577
2
794
3
3
193
587
7
675
2
20
419
7
191
1
184
5
279
2
305
1
1
20
1928
55
2
96
24
31
1196
57
17
348
227
1
2
1826
297
116
1735
27
332
9
103
3
62
218
78
4
104
1013
190
1
159
3
2
1
76
78
85
90
39
1
30
624
2
262
1
82
116
5
129
288
1653
1
27
6
1
1
69
116
18
1
5
36
36
9
23
1
21
14
1987
678
1098
2
1
1
3
117
2
1
6
1
360
2
2
569
9
5
3
7
176
4
30
27
749
43
7
27
14
663
5
1
823
99
16
1
4
602
48
968
185
1
556
283
34
2
574
2
173
807
16
5
416
3
700
5
1340
452
2
3
203
53
825
9
1855
30
2
3
1225
480
11
4
1677
581
32
193
57
1
6
10
1726
4
235
1023
6
43
1756
157
249
1174
224
248
81
6
3
4
20
7
2
2
66
342
246
65
13
4
2
89
2
142
1196
7
75
78
72
11
9
1132
1415
95
25
80
1
3
316
1777
17
3
1
135
214
405
1
3
126
84
30
1499
12
3
1
27
15
272
1
3
2
87
40
113
3
17
225
1235
12
219
1
22
2
1
6
417
3
5
3
14
1
132
505
1
7
1
1657
3
3
304
76
1
1015
12
15
43
31
573
64
5
558
6
6
1
20
1359
37
217
17
111
236
101
1
1062
1248
4
1
163
21
25
45
121
2
14
1
14
51
321
1
41
52
326
1
25
58
19
23
5
106
1
4
9
3
715
13
247
73
104
1416
29
50
26
6
1
6
3
1
152
21
1032
13
59
1
167
38
5
5
23
2
341
7
1
1892
711
131
3
788
33
4
1135
24
18
607
6
292
244
3
87
38
417
1
45
106
18
13
1017
3
2
18
5
316
573
50
18
409
526
20
1
31
422
104
70
583
1519
157
659
13
6
1
569
1534
5
24
2
3
10
2
25
260
2
1
4
235
247
4
516
587
1353
1
1
5
1
3
1
574
21
142
5
39
5
102
5
2
412
1387
8
37
1943
4
880
4
1678
5
404
39
68
3
1
28
31
2
69
49
7
65
630
1346
4
252
5
13
1
3
59
32
58
449
1
471
3
1
1705
68
1
1
10
659
5
421
16
2
4
1
1
18
8
1
87
1193
2
21
2
1228
1
5
1
54
1275
34
2
3
377
558
171
1613
1
248
4
335
8
68
1
29
101
194
2
843
1
1
1326
6
182
3
2
228
5
2
3
30
241
28
16
33
1837
650
2
16
53
1
32
1452
2
22
8
33
175
1
4
1726
2
103
129
142
6
150
966
12
6
1
165
4
13
1112
1477
8
1
897
40
621
187
754
599
4
17
68
3
1
7
22
13
190
7
475
10
24
1468
33
4
214
1
1503
43
8
183
434
4
518
1
11
635
1389
8
161
18
2
2
1223
13
32
8
1884
453
11
1
20
20
1
1
361
31
160
56
41
1
880
12
50
4
3
4
72
12
24
1178
12
29
18
309
4
1511
4
4
34
43
1
485
629
27
357
1940
948
1
187
34
1
1274
384
138
2
11
193
9
317
10
27
14
886
4
1270
6
21
1
21
2
274
483
577
37
8
1496
107
425
1
4
171
226
105
178
27
121
668
11
509
32
24
53
30
80
2
1
7
74
29
11
571
144
51
2
541
1076
1097
1
9
604
127
1
39
45
1
439
17
2
1
3
882
247
126
2
405
8
4
1215
6
9
4
2
14
1030
2
529
718
107
1197
1
15
22
1
46
33
223
19
5
7
839
191
3
867
5
44
99
13
10
6
2
478
22
4
29
760
1447
1
1
3
6
187
1
7
4
1167
2
18
372
88
256
122
1
2
77
1
4
433
13
1
4
5
32
2
53
127
1414
2
1
37
63
17
8
64
1
11
614
1536
738
141
457
1
7
1
93
622
63
402
1
541
1
48
823
36
354
6
2
8
36
403
3
836
1
8
42
14
810
508
13
526
235
11
857
95
1
4
212
430
464
8
140
158
1
2
86
1460
1
3
1992
122
182
1
750
384
156
1
28
526
633
3
295
420
3
1
743
2
154
285
4
71
2
4
2
4
40
308
6
1
26
1
645
32
174
128
575
593
18
2
4
3
42
5
30
35
23
6
513
6
119
1
2
36
1
3
395
1866
4
1204
259
38
51
2
54
1
161
1769
47
39
716
32
4
490
1
1925
3
107
1
8
39
4
9
3
449
1
1
1
1
13
365
128
280
5
13
1
187
240
3
30
23
1
18
30
10
225
2
289
1
601
15
22
848
573
3
1
825
69
349
1222
69
1591
1845
1
1
144
1950
1
12
89
771
5
1
8
35
7
1
821
669
2
48
6
290
3
128
10
11
21
12
47
659
12
916
16
113
161
2
635
3
1
24
1
3
845
3
2
1
1
2
1
2
134
461
263
36
65
45
5
109
375
1896
1
166
601
254
69
38
177
1
3
5
173
1134
2
5
10
32
604
3
1
1817
51
690
273
59
2
442
1
40
1
442
12
2
3
1
3
3
8
294
13
171
53
15
7
1
1760
19
411
632
532
1019
46
10
232
243
1
6
254
157
26
104
28
8
4
119
4
7
14
641
21
1743
28
1
836
674
94
72
300
205
93
1318
505
483
1
7
1486
102
202
1
203
173
1
587
480
247
228
736
264
6
11
1035
86
12
1
9
32
1132
2
428
81
54
3
105
22
1010
61
8
1390
2
1
29
5
1
77
1008
61
218
4
41
664
1790
99
1413
25
2
15
1
2
640
11
1
1456
28
55
8
89
1
155
75
76
18
1001
631
8
68
108
1183
1
2
21
47
983
1
2
513
390
1
2
1679
70
6
1
1259
10
2
686
3
244
1245
105
1256
34
3
67
1455
1
97
726
4
1
265
99
3
1
835
42
12
361
416
13
750
12
80
3
272
942
303
97
2
131
3
2
7
57
14
248
1
5
1439
105
1
1080
769
1101
15
27
82
166
1728
363
775
1136
1
1
1
1
495
222
15
657
294
125
3
1193
340
2
167
1
3
571
956
426
217
137
4
20
3
172
10
211
7
29
12
206
1
11
93
17
1104
275
119
1
30
21
1943
107
4
6
353
337
41
2
2
261
1048
1039
30
5
26
1
13
807
1533
25
624
408
381
1439
197
13
102
28
81
48
1
150
144
1845
1
138
49
3
589
293
3
80
96
138
405
7
1
236
46
1
4
130
46
1
3
174
9
71
1332
368
28
51
127
74
4
8
115
9
29
41
3
522
1
1
76
717
1
1
1
81
1
4
4
607
2
17
39
5
33
7
2
899
113
5
1
80
16
3
60
1127
1112
18
5
504
75
10
34
224
409
1882
25
1096
4
414
87
2
11
392
264
4
11
55
14
115
68
78
6
1095
1
4
240
67
19
124
16
236
1921
344
1
9
17
394
10
41
335
59
34
6
15
333
34
1
6
31
7
203
10
665
9
3
1
60
7
186
59
2
8
1
3
137
90
3
1034
23
314
15
1
3
1
1
202
363
231
647
1092
4
21
10
1
1182
857
5
78
346
1
45
28
45
2
23
853
6
3
3
764
3
2
31
2
1
345
95
1427
968
458
29
1203
1
1
75
33
28
5
1
1
331
1
1401
1
44
13
720
1
3
4
105
12
13
112
3
87
243
1
409
36
12
4
1077
39
6
1231
3
59
107
3
3
32
161
11
2
4
3
1599
4
106
30
17
22
3
20
2
253
388
1168
6
2
28
93
138
12
386
209
1
1902
37
1
705
67
6
468
4
1796
132
99
2
1
1409
96
40
25
5
2
66
60
1
2
36
81
644
537
1
21
2
46
543
356
603
8
484
679
1
1651
368
22
2
1850
18
484
4
1
1032
7
46
32
5
1
187
3
4
35
12
1
276
104
76
9
1
48
941
4
8
331
1
1
1
107
245
6
12
73
5
1
59
574
85
4
746
11
1
1099
419
16
39
1043
16
340
339
1
2
19
1598
14
1254
683
2
11
1
465
86
107
1626
4
1010
534
1
220
37
1786
4
404
8
92
57
1
124
1563
468
2
846
86
3
755
1
18
1288
1082
123
127
33
47
144
1882
2
249
3
1
352
97
20
447
404
100
23
17
1
80
6
2
1
1061
116
105
3
69
7
4
920
65
894
441
85
8
31
1
49
1868
1
13
1241
373
4
2
1149
8
77
1
497
1
2
765
26
6
96
9
1
97
575
1
71
1
414
3
2
1928
1144
13
46
2
42
841
781
152
11
63
24
553
825
83
2
544
398
1
11
149
1
25
14
4
1963
1763
3
10
1098
50
1
45
537
1554
2
1533
104
856
5
223
1
1862
29
24
2
170
9
376
15
66
6
1
675
66
10
137
67
4
1
73
1811
158
22
1
213
66
30
1
432
1117
1
9
595
1942
1814
260
1358
78
12
1082
1
12
1
5
9
1
154
629
2
1
1
1754
115
4
986
4
164
279
155
1
97
11
84
9
389
34
2
1691
11
1507
46
1
4
148
802
31
10
1923
15
301
8
363
135
14
34
241
11
253
298
1654
2
1
34
7
60
2
11
1401
51
17
10
5
3
201
7
127
1324
25
225
1667
1
4
1300
304
31
277
1
56
2
1
13
522
653
389
1552
18
661
694
1
299
2
1241
9
9
756
1
23
19
810
6
568
2
2
2
964
7
1
756
16
104
3
188
11
3
1
216
149
20
38
1
18
1735
11
70
508
347
3
1
109
417
689
3
1
58
383
9
315
5
166
2
82
870
13
1
1323
44
27
17
18
953
1101
6
337
5
2
14
52
8
1
16
1264
1073
1040
2
36
86
104
1708
1030
220
2
5
64
131
46
1643
69
108
647
1
13
2
419
50
11
2
1657
33
63
665
1082
12
906
1
148
1519
22
5
25
1429
2
5
1209
1
1
14
205
22
553
658
44
227
1
19
433
1
436
736
411
11
547
1
32
346
7
3
9
1
594
60
2
948
22
619
1
1
3
3
99
21
15
1
3
1
1
2
9
155
675
24
1834
61
1
4
1
72
1
94
1
6
632
5
10
61
115
71
1094
12
13
42
1118
30
1
3
7
154
1
300
1388
1946
17
2
114
10
4
2
295
18
2
286
17
1
180
634
11
10
688
19
10
1
461
8
5
301
4
1080
1
1615
37
10
1
1
187
32
91
46
2
1
20
2
36
21
329
370
62
3
784
21
98
34
589
512
70
879
117
1006
1567
19
4
171
36
465
2
46
1
720
945
1
7
1645
1
273
125
282
123
521
43
2
1
3
8
135
1
639
948
1
137
1947
1
136
2
20
341
11
1
294
9
16
16
685
3
68
5
2
2
20
837
3
1
1
1
34
612
31
3
1
3
1
6
2
1
7
1228
143
66
1
5
1
94
976
9
228
212
3
4
68
379
840
21
715
25
347
1941
5
16
303
1122
275
43
9
176
5
2
1
1
918
1103
177
8
1526
54
3
1807
17
112
985
1
5
1
3
1
701
810
78
1
11
701
260
570
1
4
1
87
1837
2
1
1
833
4
14
3
58
155
4
1077
1122
76
633
10
1
45
4
100
5
49
2
2
7
2
2
3
8
5
338
61
235
1
610
1475
1
1
20
49
82
658
148
911
1515
420
393
541
8
115
4
789
1372
1000
133
1
11
584
532
1
1877
387
1989
16
484
1
17
58
145
42
1
23
7
6
467
78
6
10
25
7
114
1815
583
1
27
13
1853
220
27
1966
1
10
20
20
695
2
6
1
1
223
11
19
240
1888
1
14
1
15
483
63
151
1
41
4
258
1
23
5
93
1
4
1
1093
1388
104
3
17
11
74
101
1
311
146
16
1
3
30
847
2
7
155
3
1517
45
102
14
33
45
169
22
752
5
16
43
607
517
8
5
1
3
187
2
35
43
47
81
758
20
2
6
2
1684
273
529
70
694
227
649
1
4
1
110
7
380
7
1
838
437
380
77
444
39
1
26
83
17
1
74
1
385
923
56
7
6
34
84
1450
87
637
2
3
45
509
2
26
132
113
1
21
881
856
3
12
2
508
6
5
73
7
1975
11
19
191
2
46
199
9
24
271
205
1406
8
255
1067
388
35
1486
46
49
463
490
3
174
393
1
1
3
537
8
418
1
5
287
546
10
5
2
4
1865
1327
23
18
32
2
2
1347
52
1228
689
2
9
1
10
26
82
11
9
1822
4
434
13
1
182
48
72
1
646
95
1238
1
124
6
352
810
8
44
692
996
671
32
14
104
1
11
1541
547
651
6
5
1
1
4
18
313
621
56
8
165
45
86
126
27
1
1
644
1641
5
10
79
10
116
177
4
1133
4
20
208
1
21
23
1
3
7
5
141
6
6
2
2
835
6
546
38
2
1512
1383
10
1719
24
34
439
5
12
553
1
39
19
12
93
211
9
1
24
505
6
923
333
1020
138
1565
147
8
123
18
803
43
1
15
871
2
12
1169
2
30
405
5
17
8
3
6
126
623
65
168
1
688
10
30
9
84
375
1943
399
415
5
13
1184
1
1
500
4
203
10
71
17
1
71
406
5
2
107
2
1
8
161
801
4
204
46
99
130
12
25
5
3
63
51
31
2
107
2
25
2
39
3
5
12
4
483
4
2
177
417
142
3
17
1
90
14
124
37
1226
1140
16
82
2
4
3
10
1
1
463
1023
7
15
6
164
1
30
373
2
1
7
6
1
6
26
13
75
11
2
4
2
210
8
7
15
1318
2
153
45
4
96
7
6
8
535
5
4
247
19
84
225
39
79
2
1
84
1404
44
1
1
5
216
3
1
2
16
44
92
1
124
8
139
1
679
4
844
545
27
110
5
1
208
2
952
2
197
8
15
10
365
1
8
1
1966
11
6
65
1198
643
1291
1536
512
6
41
551
6
32
159
2
4
27
1375
1
1
6
1422
34
10
1
111
4
157
277
1
864
417
1037
883
121
2
34
10
260
221
1
1
96
4
114
106
255
15
4
29
64
1
150
1
31
744
1
46
55
3
1996
141
2
4
56
4
151
1
11
3
2
9
103
21
99
1156
1
674
31
33
92
1486
2
2
305
86
5
23
2
1
2
72
345
17
92
1
2
11
540
1
132
43
1
5
61
757
107
438
1581
315
8
22
24
1
1999
205
3
2
1
759
1
47
7
11
1084
129
631
1
52
658
49
49
935
1
239
29
1
118
2
20
11
1
185
58
632
73
2
280
3
104
45
4
1
573
114
4
992
2
1
1273
90
1859
1014
192
3
3
165
322
178
3
121
105
70
303
1
13
4
36
1301
1
19
1116
38
4
4
4
377
2
871
62
421
53
26
113
17
90
1
280
130
977
1
1
90
965
16
32
1339
149
1294
195
3
130
79
2
393
5
1
168
819
234
4
2
3
9
1972
101
46
118
694
48
851
8
108
2
51
13
51
18
341
1
1905
426
114
231
323
3
13
1114
34
142
9
114
24
359
291
13
2
40
254
215
153
134
2
3
7
4
3
1369
79
746
62
588
2
206
7
1
183
2
9
549
1
34
7
1
9
10
10
2
1
4
1161
25
37
1194
495
21
441
94
602
7
2
1
1042
7
802
6
258
1264
45
1
337
1
12
29
338
3
6
6
1151
7
807
1295
1
967
311
1178
1
30
659
12
5
340
1007
53
12
66
3
1
1
584
1145
13
618
110
2
1724
591
170
9
1048
52
6
19
1
29
31
7
8
409
1
3
6
54
25
1
152
1199
38
104
5
7
23
15
4
62
1
1850
1
96
181
52
885
845
1
6
3
5
295
412
9
1
1038
200
11
1626
26
13
1685
1153
20
134
2
17
470
46
5
365
83
27
3
15
3
1
86
2
56
10
1623
202
151
12
11
7
29
1
6
3
50
1702
1
23
1955
19
10
916
5
67
2
1293
9
1
128
293
2
1547
4
1
13
4
66
2
148
101
3
130
50
1
41
2
1139
1722
62
99
9
1059
2
99
5
2
99
11
9
9
1
4
1
1763
1064
1
14
13
1
1356
1042
7
1
3
22
2
4
8
58
34
56
25
57
75
12
14
81
1
125
75
136
1
76
37
43
14
5
2
3
1
15
7
6
161
9
116
1
1
208
64
119
20
59
3
11
280
303
891
213
9
3
11
90
2
391
2
739
466
329
38
2
92
1
1
6
5
101
7
349
61
7
673
113
1
5
477
5
351
70
620
503
15
1030
154
3
107
242
7
1
347
1
7
37
99
209
1810
1096
106
401
1
106
319
15
260
8
3
163
2
1
151
1
1394
1
718
2
83
163
1264
2
246
923
2
1
57
8
1
74
15
363
18
11
1443
1
62
2
4
8
2
1652
10
8
9
34
9
3
44
60
14
275
172
204
1
43
6
109
4
2
13
49
5
223
911
1
7
6
825
9
27
3
107
256
41
2
6
362
2
112
221
1
129
4
12
74
49
16
582
2
239
1528
13
13
323
4
22
12
10
1
35
1
111
149
107
4
13
1849
4
912
40
1514
8
9
1
453
1700
542
992
1397
136
8
1
27
4
9
12
3
913
2
13
1114
508
946
3
1
2
569
29
58
19
2
2
16
4
1
9
9
303
348
27
20
266
334
264
1
1
1
5
216
9
23
120
212
59
53
700
26
69
11
63
5
1651
567
12
3
269
10
1223
219
3
309
12
1027
28
36
902
2
285
58
46
114
13
2
1
6
1
1654
17
35
274
1
2
278
170
1
13
1270
95
1596
1
1
15
1537
86
11
1841
1151
116
129
94
16
1
758
3
784
556
4
7
1400
49
5
3
1008
6
98
26
5
14
1218
5
6
12
975
1
1920
17
2
961
321
2
1
23
304
2
109
18
2
259
469
1
3
1
611
18
1092
2
24
384
1145
69
610
461
545
755
14
181
33
113
48
10
3
130
4
425
4
141
627
8
1542
414
12
498
2
398
1
44
65
2
1
4
1217
5
1
26
95
2
282
43
1250
259
79
3
1339
2
18
1
1103
4
13
238
227
1255
4
367
3
48
48
2
3
128
705
7
57
50
25
132
1344
10
844
4
1060
1
250
59
1144
1
2
18
9
143
3
47
38
1
15
3
1575
239
6
1109
186
54
9
78
251
110
172
1468
11
1331
186
5
6
59
264
466
474
259
15
420
267
941
498
474
32
26
1
114
1
1021
5
24
929
6
99
2
1
1
36
296
1
2
48
833
1
86
873
1
658
42
56
1174
2
13
439
3
1
1317
1
22
188
2
239
815
240
14
2
19
10
481
1395
52
5
9
4
580
91
43
1794
12
67
6
3
403
768
1
21
10
1
3
212
2
4
24
1416
2
19
3
172
6
34
9
11
38
6
744
20
522
48
19
4
1
1
16
520
2
342
295
29
1301
1
44
53
7
1593
1
341
1039
95
9
1504
26
19
1179
130
6
3
46
11
1
150
98
10
7
6
1
298
2
2
1672
130
6
1
1942
3
687
3
20
218
145
3
11
1
385
398
409
107
2
3
3
1130
1
117
23
310
14
9
9
2
1463
1190
19
37
2
487
201
2
842
15
1719
50
551
607
5
90
134
156
1111
4
4
2
18
1
1471
583
626
1255
19
87
99
246
320
107
9
1353
6
2
1699
1
551
8
1098
12
20
112
30
444
2
4
104
2
6
229
47
28
1294
1
1925
2
50
2
228
2
3
243
204
128
10
215
1
1
16
568
8
53
104
139
9
13
52
14
1
44
428
277
301
2
234
805
373
134
3
34
31
921
305
8
93
14
307
216
117
683
3
172
17
21
830
18
21
25
619
25
252
1805
7
1
107
1
198
2
148
109
1
31
227
1
492
620
339
18
556
1
5
28
42
1
7
479
5
329
175
6
1
194
10
2
386
22
8
54
5
105
3
262
121
30
3
2
1995
967
6
113
499
9
1012
21
1
219
5
1
87
214
2
67
740
1
354
507
834
403
1
365
2
7
1
929
901
34
476
1488
1064
282
14
25
337
13
1051
10
1
6
149
14
12
3
2
581
98
124
174
23
146
320
729
4
217
1794
48
785
65
16
3
12
693
29
781
43
367
5
1287
760
620
699
28
1133
628
55
1
1
35
403
3
628
2
114
20
3
124
194
51
43
652
455
1
602
387
10
34
2
1
604
61
186
5
841
22
135
265
1
111
21
1110
4
13
505
54
2
9
916
62
68
6
59
37
30
6
6
30
1500
17
48
52
1252
18
1521
398
9
6
5
208
555
1
2
32
1
24
3
266
2
163
1657
848
6
74
27
1
299
1
74
1
1453
29
1
101
942
4
7
27
34
211
49
1805
43
69
1375
10
4
9
67
9
6
12
1997
2
21
3
22
1857
1979
1
1868
5
2
1065
1
16
1684
2
1462
43
1977
7
4
4
13
7
245
4
29
472
239
928
1
246
1
868
1
752
30
52
1418
297
165
28
4
14
1
1
6
1788
2
3
47
544
251
314
1197
22
614
111
15
459
22
6
1476
931
269
212
2
124
2
28
25
33
4
59
15
10
206
2
10
1
118
38
618
555
205
24
2
1
1
14
1815
2
2
11
6
128
514
30
9
226
1
1777
19
5
67
147
1940
15
51
12
892
222
5
972
1916
1
71
1
200
824
39
794
45
6
969
4
26
377
559
90
1
3
125
29
24
26
322
1
173
907
5
43
128
89
23
56
127
1106
408
70
1
77
8
103
1597
2
4
41
20
35
176
281
1838
374
1
6
3
597
1
10
121
980
1306
1
1
7
6
300
137
977
22
55
1
922
8
85
1
31
6
1027
1
29
9
1
474
6
1
497
1134
37
1985
5
9
5
10
1
7
277
1
82
6
8
4
1
3
204
1526
1
6
5
14
27
75
3
35
32
18
4
2
3
129
356
344
363
1
8
226
1
6
1374
306
953
502
666
79
2
5
1196
1743
1023
385
23
1
134
9
431
1
141
10
3
1152
253
23
9
1471
201
13
9
13
15
130
231
3
232
327
16
3
825
3
165
408
112
1
1
284
90
538
48
1
890
1
1097
693
9
47
631
7
111
653
326
993
621
55
7
4
1978
1
60
1173
32
22
1
144
4
1
937
20
92
3
466
197
4
37
1
71
3
2
1500
265
1339
1415
219
56
1
7
29
13
33
14
38
211
312
412
1
7
70
1193
371
10
629
174
844
3
92
65
76
22
5
3
10
36
2
3
48
2
1
36
55
1
1
191
11
9
2
1862
1542
181
1
727
144
19
172
4
15
785
3
14
111
56
132
454
27
1
17
1335
31
2
8
15
123
64
5
195
161
5
53
54
184
19
42
2
3
13
2
334
1
1
503
21
195
435
6
354
29
499
12
71
2
166
231
7
1321
211
38
1904
5
29
5
409
70
253
5
66
73
2
1
7
17
171
2
1
3
1
1
731
603
12
1
1
197
1
1
1
43
120
2
746
31
64
4
11
5
1
5
41
336
1
27
55
28
481
902
26
592
44
1
35
1
327
23
288
7
608
59
370
768
20
4
1
448
15
5
206
121
27
5
5
4
201
1
1767
114
12
16
2
1
200
89
1
16
9
181
37
1149
5
357
7
1
143
4
53
3
98
3
10
3
1485
1
1
190
46
4
6
273
340
23
167
29
3
1
64
2
401
93
34
3
18
28
19
10
41
3
104
803
1
28
122
2
4
1
1245
4
1413
410
10
110
1
71
414
1
211
11
1
746
72
5
159
2
31
12
59
739
66
86
138
14
22
579
9
1
74
592
30
209
7
1
55
21
68
2
64
371
421
39
3
1
1
1015
26
14
2
1
45
1172
139
132
1164
1040
81
400
13
188
61
1
57
2
4
159
35
307
18
49
4
7
27
1
11
994
58
369
136
1
655
1264
2
339
2
7
41
36
20
1
1254
1649
1
1284
1722
225
3
501
10
1
1
1648
2
156
1808
2
2
5
1791
86
3
43
65
146
19
3
104
73
215
797
34
3
101
1238
207
146
319
91
593
688
1586
82
245
15
22
474
426
11
5
504
312
8
36
6
435
1543
36
40
137
632
4
17
1178
1
441
1273
190
28
239
4
1
1
232
262
1343
12
1
7
28
586
10
2
27
1339
250
53
2
369
10
1
23
1254
28
3
518
13
3
26
368
2
711
7
6
1602
220
33
29
63
2
1
1
1
1
20
264
1244
1
8
46
1
188
24
175
15
1
68
17
1
1292
4
4
1591
519
4
346
341
3
549
28
330
6
96
50
2
863
1
3
5
10
1
838
70
80
242
2
1196
1
2
1
3
6
1
115
3
277
1351
18
31
1
6
1
1
1
800
106
1
859
119
8
676
52
248
901
1491
45
288
185
5
1
619
594
1
10
4
3
17
26
1
6
62
6
20
516
141
36
3
396
45
7
1
2
3
1459
1
118
47
140
50
62
10
6
5
7
1
8
1749
122
7
1
6
1
1770
9
8
10
1
868
8
402
121
149
11
8
576
265
423
14
68
227
9
1
520
119
11
1
26
25
2
1916
232
4
1
289
115
1
2
27
1
759
73
1
37
959
817
17
328
828
192
31
1291
5
220
3
6
1
9
218
1
6
29
5
22
396
358
1
695
1583
2
1625
64
22
4
15
6
21
1
757
71
416
69
1715
185
79
68
38
33
1
1
1
93
190
567
486
50
10
5
2
121
290
348
1
2
669
1
463
2
3
646
1917
1
198
28
1
2
4
86
3
1373
3
1
306
776
30
357
1597
251
1
1
56
95
187
7
3
17
2
1
67
212
7
2
4
1
1
31
435
20
444
153
5
38
119
1
11
170
309
580
2
1
47
2
58
10
17
219
114
50
33
154
1
326
355
11
644
34
44
3
1
357
31
3
3
6
8
2
196
337
2
1
55
1
1311
1
7
4
343
284
3
161
2
266
98
57
1326
10
13
2
144
104
1
88
24
1
703
46
8
5
1
1
216
3
2
1
169
22
1335
10
36
12
3
3
4
34
6
11
842
6
7
12
23
1
54
3
11
149
75
1771
1018
15
144
33
153
2
222
13
34
45
978
1
926
291
1
1530
92
319
9
279
281
120
6
1
3
255
50
5
300
45
1
1781
404
28
154
1816
27
1372
2
1251
3
1
21
1424
247
83
3
1
1377
29
381
10
606
6
1
1
96
44
17
72
1
1
4
174
1120
87
1
1
782
23
22
723
19
1
2
1
115
23
284
13
110
1353
8
118
17
285
59
30
27
12
1
259
4
109
1
4
6
1
7
164
176
1
2
7
151
1520
1273
73
121
5
3
141
43
145
199
1
175
828
1341
6
35
202
2
244
3
13
627
333
106
149
362
434
212
1
63
2
102
1402
130
1279
250
132
59
1
708
4
5
1
577
1204
1
127
102
4
2
416
1
128
111
1353
169
66
37
1
22
419
269
3
205
25
355
321
116
65
97
488
2
2
1
112
937
227
1129
1460
11
920
2
5
382
88
1
1
515
74
327
15
2
2
19
8
1
4
2
28
172
10
3
8
1
4
1031
134
1
830
5
9
158
49
82
12
3
133
614
1321
422
401
639
1
2
2
415
93
10
2
205
1
91
15
3
106
18
10
1215
1612
1308
7
15
43
123
275
522
2
68
195
234
106
406
120
813
7
195
1
1262
1226
309
9
5
14
1589
10
2
203
716
10
5
10
229
339
6
556
2
10
265
976
47
3
128
1119
12
2
9
245
21
148
10
1
2
2
2
103
7
2000
69
78
3
34
474
51
5
53
51
84
3
41
84
35
11
2
1
12
7
1
7
31
19
57
268
5
750
1323
1
881
1
1201
3
58
146
481
1019
46
8
46
8
2
1
6
3
14
37
38
103
9
3
281
6
40
502
1
931
6
91
3
1334
14
199
1352
23
125
276
4
694
31
1
2
1
36
340
68
94
1201
7
233
326
1
18
7
22
653
1
1
130
1152
53
106
1945
369
7
532
4
227
1035
227
3
5
4
279
14
1
6
5
6
14
21
15
28
16
23
11
932
6
381
62
2
1853
2
257
88
84
23
27
43
7
300
3
1
7
1
174
31
1
3
152
1475
24
1
583
17
141
246
1450
1
2
525
1009
56
127
103
6
1312
5
1
294
1349
2
12
1
1
1
357
72
699
30
76
3
21
2
183
2
3
434
20
366
2
1
129
33
1950
30
1
3
12
73
7
2
1624
208
1
96
2
9
27
1720
1413
38
1
1144
31
881
73
194
19
76
215
5
42
2
85
3
187
164
1
6
15
22
5
2
1
59
8
275
20
8
287
536
1
6
1891
6
6
1
3
2
64
35
1
1371
1
15
813
1083
1681
2
7
1724
90
11
5
76
102
2
9
5
1
25
1038
4
22
5
90
11
1
1
8
324
91
1
1
1
1059
349
622
2
930
15
7
407
671
103
174
2
30
1
50
2
6
1718
723
1
182
13
62
1
4
327
866
111
154
541
22
301
2
65
1
31
4
3
923
3
9
1458
1
1
1
407
1
4
68
818
292
7
1186
1651
3
73
1416
15
25
447
5
560
1
47
3
259
30
83
1
4
295
1
1593
98
38
110
18
2
1
799
425
1049
36
26
10
48
951
1
245
1031
15
1
264
17
15
10
46
1
14
3
2
119
711
33
1
697
16
3
5
13
1
632
32
3
12
9
659
3
2
3
1247
1657
283
407
8
30
280
19
789
1
246
16
12
6
7
2
12
25
3
50
6
26
33
1920
2
31
238
13
792
54
4
1
2
6
651
12
175
5
8
3
1
1
2
1
1
137
4
1365
2
59
201
53
635
46
616
611
1
1
24
1
7
19
261
10
1
1
20
1
1
42
15
86
120
1
116
108
62
578
203
16
347
282
69
416
249
427
12
2
5
1781
1
69
1785
1428
241
24
118
1254
160
2
1702
1
356
1
767
5
1423
4
1
16
330
3
79
11
1480
2
23
159
263
12
974
59
1
50
246
1632
353
1
491
1
1
2
1847
1593
2
4
89
1585
2
236
208
3
120
50
181
7
901
28
1
176
711
4
1505
2
53
506
1
181
9
1
12
1
2
12
1726
1035
433
2
77
19
58
107
6
8
67
2
2
1539
66
1
2
400
1448
1999
2
12
314
3
13
4
17
471
1
496
57
655
2
99
406
2
26
32
1
41
321
47
253
11
1
5
455
389
85
307
621
2
1
105
6
548
5
21
16
673
26
122
4
6
923
712
1
196
26
2
80
5
2
113
43
390
15
163
1
463
1
2
17
1518
1
1
365
2
2
1
7
1
5
1
15
28
1
1
382
18
1651
7
17
28
1669
51
2
141
39
1161
44
1665
18
26
2
1089
1
19
1432
3
381
1
3
230
1
1
118
14
411
918
6
5
136
101
94
306
22
438
27
163
6
2
39
1588
1
1
46
6
5
26
1145
14
1
160
18
504
954
4
42
1
3
16
6
48
5
6
49
13
81
160
13
100
3
177
1
3
1
7
57
3
7
21
131
59
10
1740
136
16
5
365
794
332
113
95
15
161
1420
69
1628
387
9
561
41
1706
1683
383
119
531
175
745
318
1153
36
110
82
21
881
19
7
1946
81
25
12
55
20
1
50
35
8
5
128
1
571
2
8
1
563
9
21
40
1513
300
36
891
1181
31
3
18
3
54
117
2
1
1
73
205
2
157
1
732
1
255
573
8
180
337
226
134
3
4
19
6
1
128
1
14
208
1879
1
15
9
1086
11
5
1268
355
1
87
2
78
122
1
3
122
275
1
103
74
108
8
22
2
1
11
17
3
1
504
157
9
1
609
1304
948
1231
347
1083
1
2
44
61
8
36
52
3
25
89
4
405
294
44
77
17
827
116
79
450
17
384
1
1
2
4
11
1
5
2
1252
1149
8
2
2
125
691
607
10
289
21
1
865
149
91
3
2
30
41
172
1832
22
476
78
2
3
140
141
51
73
222
491
379
3
43
247
15
611
1
1359
48
514
1
124
460
173
6
1
321
131
1002
226
1
1373
238
886
289
9
13
5
49
1
20
413
116
20
2
875
87
46
108
1060
11
2
25
5
40
206
2
152
58
2
5
72
70
437
4
12
694
671
8
4
166
119
9
57
794
1852
5
2
125
3
142
3
1
1
11
27
1
1
160
398
655
227
22
137
1
1767
3
1
269
1
11
70
96
18
3
1
2
1
2
46
640
32
1840
1611
26
156
11
13
509
207
121
1092
787
20
10
9
38
182
7
2
9
3
1
178
185
947
36
541
7
9
23
1902
6
128
249
147
2
9
65
3
1
3
288
18
9
766
1
634
1
23
1
18
1048
35
23
15
2
103
106
2
3
5
9
140
46
1
7
465
19
199
1062
1
4
5
1
43
99
6
8
1458
1
2
7
7
7
18
8
72
201
885
412
3
69
13
5
29
274
9
345
2
13
1231
14
3
12
2
67
8
187
1
6
1
565
3
1079
26
36
1
1
19
602
10
200
1
720
1658
68
1
2
1
48
1
4
3
873
120
46
1
2
1099
5
5
78
1520
27
51
3
242
13
923
1
12
862
272
884
148
206
6
1
3
174
478
377
61
1478
4
110
391
1068
147
61
252
1
948
20
3
44
416
4
16
6
524
50
346
68
77
12
52
1512
1
13
155
18
64
3
19
9
634
1383
2
1
893
6
1
25
79
13
1446
347
1257
4
449
305
1
49
709
7
420
30
3
2
2
138
3
504
4
103
4
2
6
52
911
50
776
358
137
7
593
91
1
1
174
51
106
42
5
529
14
3
107
2
2
346
311
560
36
1
418
121
98
19
2
852
120
242
204
40
72
194
73
372
145
1
1863
8
1
29
1
1
269
65
11
7
1
32
1
720
404
39
4
245
32
11
1661
8
2
1668
15
6
1
9
262
8
1
1
823
87
4
27
5
3
1
59
18
75
6
9
1
4
1
37
18
976
51
3
153
325
1
14
71
34
64
666
4
1681
38
84
37
90
6
608
1
42
944
62
521
299
24
20
10
200
1344
163
483
843
1
1252
1
8
133
4
718
375
949
34
619
37
273
113
33
166
836
1
34
1078
1
7
262
1178
427
10
17
1678
14
3
1391
1
3
6
389
10
11
5
21
3
469
160
60
796
10
63
1113
98
6
1
26
57
1602
10
362
1
1
1193
14
3
6
110
89
2
651
7
10
7
51
1331
342
1029
1
1
1
4
7
2
9
20
1009
99
12
6
313
12
53
202
1
1845
439
2
299
1
51
9
7
1
6
133
1
4
396
3
18
130
4
19
51
12
1832
1
5
5
1
9
228
45
215
35
1861
703
7
2
238
59
1
12
3
1812
1029
4
25
71
13
3
61
1154
9
1
686
1317
5
256
137
14
1225
24
5
20
257
1
34
302
13
37
3
740
1082
228
2
520
1
501
923
1
108
2
445
988
292
32
448
1
271
5
184
343
35
26
1
11
63
5
1
4
1
1161
37
118
64
9
1
403
5
523
5
1
5
2
946
310
4
9
9
3
131
1010
447
55
1316
4
212
237
775
447
4
1
3
4
224
5
337
11
178
294
271
61
10
120
36
417
3
30
1
53
1438
1
33
3
1435
11
344
1990
3
375
449
15
19
427
1
1
2
439
352
1
149
5
446
5
462
1
171
1
677
22
3
1
1
7
7
12
294
5
2
2
1
28
19
1147
15
13
26
21
2
1269
7
25
34
18
5
279
858
13
282
4
1
222
722
1954
80
106
320
11
1570
1
6
1775
1
1
12
92
426
425
95
884
1
43
2
856
43
3
31
58
1
2
48
3
8
469
14
1
129
47
61
1
14
617
320
18
62
172
1
212
37
91
4
105
11
297
1
120
10
221
1
310
2
293
126
1
2
14
18
6
72
3
151
3
1
2
524
835
4
8
119
10
2
340
8
43
1
27
1
1439
1
1
15
1
7
1168
1937
19
1111
54
1
8
1586
379
1
1
430
124
17
1484
1145
1819
15
40
116
54
1
1806
1
38
1575
1254
52
73
1332
1
1
116
11
26
272
1000
44
43
280
1356
5
96
21
6
7
199
1
9
1475
14
24
1883
222
194
4
1
8
14
20
8
958
43
4
3
1
47
13
1
2
57
91
9
44
1
222
1
59
2
2
46
20
1
2
275
1
50
745
232
3
6
352
1113
206
1803
4
1
586
890
17
273
6
800
34
819
35
1
255
1893
297
1
304
123
46
196
5
1
1630
2
55
2
11
176
1
1786
147
541
23
24
1279
3
205
345
53
4
52
19
11
18
1
2
234
122
1
87
47
4
2
4
466
1589
7
213
23
4
8
1193
17
70
200
1
2
454
1
23
60
126
8
1
828
149
41
1732
18
1359
842
2
587
2
2
1
2
269
2
298
867
340
47
1059
62
675
113
3
56
25
162
152
50
1217
1
1512
273
235
8
79
660
1
1425
10
8
5
1
1014
266
2
8
2
3
363
1
145
378
308
50
208
69
1
7
9
34
173
4
122
156
1
20
2
3
308
4
1717
190
3
3
1
9
1
1283
486
48
84
112
3
2
23
50
1
1
3
14
431
22
60
1
1
83
19
24
114
50
7
242
2
2
1
1
12
11
556
29
142
1222
188
646
530
861
80
32
1
208
74
284
1243
330
652
1361
70
1
706
1
1872
2
1
1220
105
3
6
14
240
2
397
4
1
3
1
8
47
134
1115
431
1340
86
205
1
16
98
233
6
246
104
6
45
2
7
94
1
1
284
56
4
1
2
2
8
492
1221
11
5
1
1
4
12
81
54
2
1256
5
8
1
3
138
4
150
370
3
26
1
100
15
146
3
33
763
3
1569
3
534
35
8
2
33
20
1
596
3
1
434
11
223
1
14
89
1
1
682
67
5
105
1
2
13
1
25
1
1444
1055
12
1
1240
1
3
5
28
1347
54
589
3
805
174
1
345
32
190
2
3
9
1
870
1
8
6
312
336
2
15
981
1043
4
1
135
5
1226
118
11
214
94
1182
456
1
2
3
91
314
602
33
1
612
89
967
17
77
180
576
223
168
133
139
4
1416
2
13
74
27
1947
1
2
12
75
4
4
4
386
185
191
1
7
121
2
2
701
24
537
5
31
156
30
40
185
6
71
1
7
2
18
10
1312
58
59
1
30
1
1257
109
13
141
6
1
15
6
253
652
129
1692
1
1
1668
31
1
41
79
1410
2
2
2
136
116
66
8
28
357
1
254
62
27
1355
2
15
1575
445
7
65
871
601
405
634
3
60
1
19
407
1957
36
36
2
16
53
1
9
8
1
82
1222
628
520
216
1
15
1
2
34
643
23
8
2
1559
147
1
9
1
487
217
1100
6
3
1
7
1
120
3
1415
550
474
36
1
2
1
103
67
375
17
139
5
22
86
8
1
28
23
1
224
36
6
74
4
82
1310
1
71
37
5
5
672
50
4
1
987
57
5
6
104
242
17
16
1
1296
1
4
94
184
3
1
1
19
193
212
4
1
13
2
54
833
4
231
100
10
627
1
1
1471
174
386
1433
179
741
8
4
322
1089
1488
8
1075
1
4
37
3
367
588
1
4
369
1
14
34
1
2
368
43
298
473
1
177
77
4
29
2
71
3
8
68
3
1
5
1
28
1228
29
45
530
7
1
8
625
69
2
8
601
7
166
1877
44
601
636
1
2
760
1522
937
16
1
109
71
191
695
2
91
2
1697
159
701
964
8
3
577
68
78
14
5
116
1
875
27
10
67
104
63
14
4
822
1
63
202
4
1
413
1
14
280
786
16
1288
1666
147
902
197
5
306
39
82
1
47
2
1
38
731
323
2
1280
21
162
3
6
938
1
12
1
1075
28
48
17
156
11
1687
341
6
69
189
1862
153
45
2
1
104
62
230
293
3
5
2
9
7
38
1
1
2
497
149
2
44
542
2
44
24
29
178
5
2
748
10
274
2
48
36
24
178
3
23
7
21
2
12
1
35
161
15
470
424
811
40
2
1721
7
190
2
1070
32
16
1
1
15
620
20
797
1
37
13
86
16
14
1
3
1
638
1
16
1512
27
714
150
107
4
32
4
133
835
1
211
28
3
355
1506
480
16
413
1
13
28
1
30
51
40
283
85
3
8
132
126
859
1
41
77
1
1845
1
555
1
1
17
551
7
464
444
18
382
1
8
7
363
7
6
19
325
9
186
1841
1
25
153
581
1
1
506
34
5
600
1
43
1019
487
1
31
1
2
9
2
4
3
225
6
460
1
1
1045
1
589
19
196
1158
418
906
390
9
228
24
578
2
8
12
34
1374
287
1
8
64
1
508
1635
38
1597
200
61
1195
11
84
1
5
1354
4
4
7
101
4
1755
200
124
57
5
73
1026
923
181
9
446
4
371
18
2
3
12
1681
2
112
17
311
2
225
1
6
1
256
38
62
22
68
1449
6
1081
32
35
17
1
4
1702
564
265
14
51
1
1
2
255
5
1
452
130
57
128
2
6
1
12
6
1
3
7
258
373
152
2
54
2
28
25
17
1050
197
235
3
259
109
553
4
1
606
327
3
71
6
1073
235
13
138
4
257
13
1
27
1
19
1
3
1
4
17
236
275
32
665
12
2
24
10
520
469
5
11
1
90
972
9
24
2
14
2
48
257
81
2
192
102
5
141
191
198
1
71
2
42
1
1687
6
4
17
1528
382
1
21
6
16
1
10
3
10
1009
84
9
279
1339
264
38
47
1000
26
1497
2
27
293
1
9
15
74
439
4
2
732
43
2
6
5
1654
1035
2
449
68
64
11
19
10
593
1
4
292
73
43
10
101
333
1
68
1
8
1312
1
185
282
61
43
1042
2
757
17
1685
1
11
3
455
1270
318
1
900
550
299
1
670
3
1
1
25
2
296
1560
2
4
241
1719
1
52
794
21
2
29
1101
610
491
47
94
1
1
5
20
1
1
9
459
28
52
239
2
2
15
7
6
191
1
8
2
67
22
1
378
1
39
149
103
1
2
21
5
1195
1714
613
178
8
5
2
7
24
1
11
15
35
234
3
163
1431
155
11
9
2
1
40
1
61
1366
443
95
2
1647
1
1
303
485
5
1
3
498
14
225
3
1
920
135
2
145
1624
7
358
1
26
23
10
289
18
1
15
3
4
49
46
141
1
161
309
16
1772
1312
2
243
632
2
149
806
5
27
3
189
105
781
4
3
15
12
1
536
710
48
282
6
25
65
702
3
4
2
38
353
343
1
357
14
9
2
1
193
144
261
36
98
6
17
39
1
24
68
17
3
1362
1070
1485
2
128
1
6
2
110
186
16
593
11
1832
1520
46
1
16
11
235
120
19
345
236
529
619
216
94
1
1168
4
342
572
4
7
1
76
3
27
351
3
481
653
1
246
1
8
4
107
381
759
88
71
522
41
240
1
96
2
3
10
10
981
93
212
92
1812
1
51
617
3
72
130
161
7
123
112
166
1
275
11
1221
1
54
13
12
2
1467
374
1
840
68
7
10
1
1
338
25
20
357
56
1149
2
422
714
107
209
107
52
8
491
1850
1
14
116
19
21
187
236
13
24
1601
1001
27
510
4
10
371
16
774
9
1040
8
165
87
53
17
1
114
2
142
215
621
1
6
192
53
151
70
2
1
559
21
1
36
1
7
110
2
11
125
346
267
1
125
2
132
7
4
73
35
1176
27
21
20
97
5
299
2
404
1331
289
3
175
142
7
4
3
1980
110
8
141
5
1
23
2
50
5
5
5
1423
1
6
7
418
9
22
236
365
147
4
1
119
414
1
202
15
711
253
1
1
936
4
4
353
1
1872
429
231
1
1095
944
2
1343
1605
1
1
46
1
34
4
392
9
1600
1658
9
1
7
857
5
69
119
3
338
8
9
25
1
1
60
32
2
474
6
1521
36
1
1594
219
1
802
26
10
10
3
6
15
9
1
599
9
10
222
193
280
3
552
35
2
1
598
1
2
682
12
1718
18
1
164
11
215
561
23
1
1
1
53
8
999
401
695
58
1113
1608
233
1142
910
98
25
12
16
4
322
2
148
545
470
2
305
4
1
683
1
133
1
879
2
11
2
8
1723
32
12
3
1911
26
248
294
493
97
2
16
875
1
45
187
242
287
1590
6
3
571
51
2
12
163
9
102
5
60
55
832
312
33
4
191
2
27
161
4
30
35
38
1234
44
678
1282
532
11
634
21
1
4
513
906
9
1420
379
1
80
8
2
134
1
512
40
1147
3
1
121
8
1690
109
7
1
1083
1658
3
1148
1668
441
937
80
216
5
1
1
1
368
845
47
19
3
5
256
21
1
3
404
10
576
261
1
1
12
475
3
1
1398
1
633
55
1
18
88
14
165
350
2
1
1606
11
7
8
14
2
1
2
1
188
3
1575
194
21
721
1
51
16
159
51
141
1
4
140
30
54
3
230
656
2
347
596
7
34
25
239
16
307
590
852
49
1321
18
62
16
46
99
68
31
1
3
1415
1238
187
3
79
49
16
251
48
159
11
18
1
1
469
186
1320
9
1
11
64
15
106
1
1
1603
2
1333
13
580
593
1
708
28
73
1
30
54
136
15
572
154
69
17
1
2
106
531
3
64
32
981
235
1
715
123
279
157
935
366
99
488
77
876
112
9
1
5
20
387
3
232
20
814
401
156
162
1900
1
1262
59
340
1
1
1
12
696
107
224
154
1369
3
124
599
7
455
10
1
185
39
8
1
7
285
1
18
2
339
2
122
92
5
150
1012
1
63
3
2
24
435
432
973
306
773
92
4
7
111
7
8
1605
313
325
187
1747
689
21
552
445
3
1870
3
5
13
12
5
7
13
2
3
50
458
515
1
146
302
2
460
40
2
237
35
1812
167
23
6
28
594
1055
2
44
15
473
23
1
90
637
261
21
61
1
1780
58
1
958
96
1979
474
1895
6
305
147
6
124
5
1322
237
20
171
661
174
232
111
52
2
10
4
3
65
1901
775
387
3
1880
1
1
984
692
1580
477
6
10
559
3
163
107
2
1
57
873
9
181
70
465
61
8
11
1366
893
1
1
1
1056
16
161
85
71
12
9
1029
1
52
47
197
586
101
785
1460
34
27
3
1554
28
18
213
209
283
28
4
410
4
1861
7
3
2
4
944
1681
294
3
4
126
12
45
1
209
9
10
337
21
193
615
804
44
11
36
2
1
59
7
1
77
127
1577
712
15
1230
1
761
7
129
3
609
7
1
1
128
11
364
385
531
971
248
26
216
3
220
58
1
9
25
3
1
34
3
61
155
28
6
1
1
1685
10
120
694
21
37
713
191
6
1
40
1742
4
503
1
52
101
7
64
749
74
122
2
7
1862
96
1
47
18
53
1
473
4
1
43
12
20
2
1
2
12
1
1136
2
738
75
33
1
21
4
501
22
41
159
1
4
28
1984
1
1203
1
1
159
1179
8
2
1286
1
21
296
23
300
1
1
19
8
53
2
98
1
24
24
1
61
4
1799
1306
2
1
32
1
395
1
1
2
513
1
1
5
1
1
11
2
1
43
2
33
69
6
48
940
4
506
878
1
11
122
8
276
70
172
125
312
68
28
501
35
16
926
50
75
3
1895
4
265
3
438
64
2
12
683
1769
11
363
12
1
2
4
1945
988
4
101
2
170
13
3
151
1258
1
636
15
5
2
638
749
158
5
24
38
36
1818
36
463
342
12
2
35
600
630
1459
1
1
85
943
1
1
746
3
1779
51
74
1
368
597
231
1317
1442
1
485
45
2
422
134
1
1458
68
318
71
617
19
59
775
5
212
347
105
1
6
1
1232
51
932
3
1155
21
51
3
659
26
408
3
1
452
437
71
372
815
6
13
117
2
16
2
31
118
651
32
18
1
11
85
441
46
82
6
8
8
228
1
185
986
9
2
1628
48
3
197
256
104
4
4
17
1
7
1305
10
1385
16
28
1
111
220
74
507
17
320
221
81
9
1
37
2
1
222
5
373
4
1
776
31
2
1549
19
369
303
62
1295
1020
9
59
345
2
1
112
158
1
2
1
5
136
18
172
8
11
2
2
51
1825
1885
701
40
23
44
405
165
93
9
137
15
16
8
138
6
222
10
1
66
135
138
46
21
1
1235
5
24
6
14
1
1
1
2
262
13
4
1
9
46
1
26
1315
1
9
2
105
2
4
130
9
709
1586
5
59
16
20
290
2
485
13
1
3
100
117
92
16
480
8
1
47
644
219
67
2
110
724
8
1
1
482
12
188
30
4
323
7
2
2
2
331
65
6
5
980
66
1
4
1637
22
311
799
874
1968
2
119
2
4
2
1002
167
3
198
1955
1
4
1
1334
857
1326
1306
67
105
184
32
14
166
7
2
3
61
1039
23
73
14
43
397
562
121
6
157
6
1793
57
23
1
360
447
1572
521
1
171
4
8
5
230
415
37
400
134
1206
118
1
18
95
34
1
49
51
10
6
55
621
148
185
7
320
17
420
1370
15
18
2
2
52
1
21
1
58
1
1
24
10
49
1
92
3
93
1
2
2
8
952
1
37
1515
1316
6
636
3
1
17
353
1
20
53
510
567
145
171
18
181
17
7
1
433
16
291
294
118
5
40
345
5
2
9
10
305
745
2
1
7
1
16
59
654
1
8
1588
1
4
5
20
32
1
260
20
20
36
411
52
1
12
11
21
165
10
51
1
113
14
17
1
31
9
19
5
1
117
106
1
168
45
136
19
10
3
1071
6
1
266
445
2
18
1
5
9
3
584
3
4
42
17
1
2
460
1
7
19
469
30
909
46
141
1
1
2
6
660
1
32
8
19
1
12
1
161
1
55
1223
14
2
51
1020
539
34
6
548
1
2
1402
47
159
1
1071
2
62
402
6
3
24
1589
15
12
835
594
248
1414
2
1300
7
3
3
6
76
7
21
1
26
1638
7
220
33
2
526
1094
35
2
142
10
463
39
122
8
95
11
1
13
77
3
53
57
234
21
52
6
293
249
11
31
147
248
1
1
1
8
375
219
58
174
1
1
114
186
9
3
30
20
3
26
27
1
2
454
817
71
1
44
7
167
30
16
7
10
55
2
2
9
304
1824
1
551
6
48
2
5
1
811
1
2
263
560
1
6
174
133
108
3
1367
29
606
217
150
6
1321
1
1
125
3
7
9
4
3
3
5
147
1
93
796
1
39
7
93
168
9
105
230
2
40
2
6
170
1
18
36
1
661
34
101
8
2
22
883
7
1
5
535
1
327
693
120
2
81
13
5
140
18
2
607
1175
12
60
57
1
9
1
1
122
1
39
15
1
5
3
39
119
49
1700
478
386
483
18
12
1746
1
1
24
282
1716
6
13
1
3
2
348
5
125
584
246
1
183
941
2
477
327
1
1
10
1
236
205
31
10
106
53
1
1
2
16
3
1965
112
70
1112
3
414
1431
1
2
2
22
38
157
910
21
1
30
16
79
64
1
1623
706
11
39
5
4
331
51
1297
194
581
2
16
1605
11
7
211
2
53
374
1
19
464
1762
1515
19
1
318
368
113
1375
1568
28
1774
18
2
20
189
165
8
1138
56
1
1
98
1
10
1
81
143
149
2
1730
13
5
395
2
686
18
5
19
152
79
1121
3
2
189
1
2
17
75
246
504
140
9
53
887
73
804
36
2
3
869
29
1
30
17
5
1
360
97
1
179
4
4
1605
16
5
5
186
6
13
1384
225
404
201
79
19
14
3
36
149
39
546
2
2
1376
40
1548
2
14
11
20
1
414
2
194
1
1451
27
630
1437
3
10
3
5
1656
634
4
1
1376
236
295
19
1527
486
26
2
1
186
3
328
8
37
89
1
374
1062
25
275
1
3
1192
33
99
18
1
28
1
1
1
163
49
13
1
219
1074
22
47
239
157
266
1
120
82
1
991
17
1
28
270
187
8
57
392
49
7
14
84
219
191
25
2
1
45
4
14
71
142
9
125
1114
916
1
28
77
17
9
60
1664
1
1
2
89
2
7
17
1091
21
4
1189
890
8
2
456
62
1341
48
4
11
264
169
34
7
169
1
4
2
2
2
9
1
4
87
330
43
51
5
2
331
57
113
197
1587
1358
4
10
538
18
118
1
31
8
1660
361
136
133
1
1063
46
11
306
27
100
7
1
1
26
46
1
3
2
313
16
19
1
31
714
1
4
2
423
815
1131
6
1
137
71
370
62
895
200
2
7
989
558
6
1
1
66
16
13
57
29
4
232
15
9
457
1687
6
138
45
153
298
44
3
1046
15
26
711
104
2
32
1
2
188
27
185
4
937
549
5
74
3
25
903
711
10
11
22
52
17
7
2
477
192
5
2
4
86
1065
790
69
1237
181
1
734
126
266
133
37
1
312
1139
1
9
24
7
13
271
1
461
5
735
2
3
3
6
582
221
140
1
75
289
1
2
233
1237
1
1
4
2
44
1815
392
42
1
24
1079
9
228
39
14
7
1
743
1
291
17
1
1
369
1
14
156
6
408
168
14
384
1
1284
1
55
6
6
12
1313
990
23
8
57
74
1531
3
13
7
41
14
829
1905
7
251
2
75
5
1
1
1
1
8
1
191
2
2
1
1436
26
26
994
1443
4
1
302
1
1
53
12
19
603
16
288
71
1537
206
108
83
12
1117
1899
23
157
29
2
572
39
1331
26
341
1245
1
61
147
29
1602
4
8
1
663
243
41
1099
724
2
392
1
113
51
1515
41
5
12
942
19
1042
10
6
24
3
186
1
12
404
1
7
7
2
7
1023
4
43
1
40
36
76
10
136
4
31
16
22
830
1162
17
1532
10
3
1419
157
3
1
54
3
610
12
9
1
59
112
1388
184
120
189
1841
4
4
25
2
959
485
6
19
842
65
341
19
4
1
59
90
1255
4
10
560
1679
13
218
3
24
3
52
3
1
3
1481
2
10
6
17
1853
1
187
77
1
220
1
1
45
90
152
13
11
13
6
2
86
307
36
3
8
403
2
5
24
32
73
1
118
864
2
3
107
30
126
13
1
421
3
64
11
21
102
2
129
414
2
95
16
1302
324
1
1
9
1305
4
2
4
52
3
1
2
3
17
121
40
50
807
1
33
1
4
127
18
208
1961
23
23
1
1951
52
67
1
8
10
1832
168
1
461
1153
2
1241
442
1084
1
13
1
16
1
8
45
33
103
728
1
30
16
911
4
33
2
6
63
3
111
4
1447
2
40
3
15
14
1019
588
663
3
2
1
3
1293
2
1846
29
10
2
1
58
466
9
135
4
417
17
101
3
380
1218
21
200
54
1731
8
59
8
625
5
186
1479
15
3
1343
18
191
16
9
10
46
89
1
10
13
2
6
14
31
5
2
6
2
1
879
10
63
621
2
387
1
74
1104
6
5
360
11
46
16
69
11
245
4
393
22
10
392
1
8
2
187
3
5
117
280
2
18
276
1220
3
1
186
9
2
201
2
1520
1
2
1
617
1
468
1
1249
71
120
450
1340
180
4
47
455
14
61
1313
2
45
556
993
1
120
289
20
64
14
155
363
434
1
39
17
2
13
1389
2
177
1441
6
233
1
22
3
6
57
570
639
3
480
1385
1774
2
10
3
71
9
304
4
1733
695
16
8
1
161
14
199
244
30
10
734
1
1230
28
67
1
2
4
103
1
3
1
105
58
853
1684
10
420
280
11
26
72
76
116
335
47
293
23
5
87
127
3
146
1071
17
9
684
7
41
2
1
7
7
10
48
970
235
401
20
137
544
341
2
1298
768
2
138
109
84
14
2
2
103
15
171
23
9
938
1324
35
574
1891
69
116
431
2
3
1
175
2
723
4
733
1482
648
8
841
63
154
97
1233
50
2
12
1
3
1
1
1196
40
31
7
778
12
1
1870
8
2
203
3
8
70
3
21
22
762
215
1595
11
3
23
361
15
1
3
33
21
10
1
1218
11
2
3
1
1024
1
157
155
24
1867
70
1888
1268
49
5
1
12
680
81
1
1
10
958
6
18
128
3
582
138
47
9
1
191
13
516
25
1
112
1
699
2
347
813
227
3
1
5
398
12
1
1
2
968
3
12
1
166
29
33
331
23
236
49
2
6
81
12
6
69
42
1
10
332
115
88
16
2
307
814
1
386
13
1475
1
140
3
1
7
806
1437
2
147
1003
94
74
2
83
26
914
28
1
694
21
260
6
1
571
7
104
25
1
154
1987
1
1
1068
519
542
167
76
2
395
432
10
22
143
2
363
1
90
6
4
35
30
5
74
1166
22
1474
161
1
113
385
83
117
2
712
1950
1
7
692
327
6
6
279
1
45
1
392
4
17
2
59
13
3
623
609
108
237
71
313
1259
2
1
27
430
13
86
13
10
1
828
1966
33
10
175
3
1382
5
3
1835
1
336
325
990
3
751
32
3
3
6
92
14
2
1
14
1063
11
923
1
61
1
1
31
147
73
1
1
92
1890
1
15
103
977
3
187
1
9
625
174
1
132
4
1
28
547
463
827
1
1
507
1
6
23
23
5
608
98
15
4
1
5
1
674
14
1175
3
17
86
46
161
9
95
1
568
1599
9
20
8
7
427
521
405
1
8
399
259
1
2
104
38
205
1314
182
1
115
3
1254
514
22
1950
38
7
1
1189
3
7
35
858
261
4
226
1
1
663
186
3
1073
426
1797
6
65
30
105
8
2
10
211
74
493
175
2
3
2
61
1
14
4
574
1399
116
5
98
6
2
282
1
1
37
10
3
19
62
212
2
1296
41
83
189
10
4
60
4
1
427
4
202
76
14
8
8
2
510
1
675
12
4
11
2
1392
4
65
1
274
211
653
87
132
15
25
85
1
1923
14
85
29
100
90
520
17
308
115
141
6
848
1086
1848
2
6
1598
32
4
213
1
1
4
225
4
566
1
3
5
24
86
156
12
9
6
101
15
47
14
49
8
103
345
34
1
1
689
137
19
3
1614
66
17
6
1
67
4
274
1043
7
5
1464
1325
139
1
2
1
101
4
584
232
147
403
376
7
763
48
11
1
4
4
8
1
411
950
32
11
10
474
251
895
68
75
172
1393
455
39
65
106
5
125
2
1
750
8
117
1
4
92
18
283
77
98
3
6
249
39
3
375
5
197
6
253
74
6
5
57
24
88
2
1
2
707
61
416
2
89
21
1
1
68
5
55
359
347
72
1424
1
119
392
70
151
16
17
16
1235
2
3
992
4
62
9
96
1417
1
5
17
1738
45
15
245
13
716
436
13
1
3
2
1407
2
262
1741
3
1
1785
62
1
1920
6
83
11
1
3
1
1238
1
1
493
13
372
2
13
1
147
345
1
2
499
88
2
1433
12
66
2
10
341
9
124
68
1
10
23
4
36
11
685
161
1307
9
266
592
6
28
650
592
432
171
11
5
77
27
143
24
1
4
52
192
90
3
23
1376
743
1
2
898
1
185
122
159
457
22
1604
301
2
29
49
922
71
105
239
221
99
6
224
1
14
12
28
2
2
50
55
3
448
2
1374
117
260
78
657
77
37
1
6
237
1104
1
14
22
1
944
13
94
19
16
288
24
37
76
31
78
183
10
2
25
1835
46
995
336
27
208
1
21
379
167
961
2
3
23
306
32
204
3
2
2
1514
12
1
1546
73
48
5
158
79
19
11
1
562
6
448
1
231
16
4
1001
56
6
767
33
9
8
11
839
37
77
1
590
150
27
48
453
6
129
123
1424
1141
880
24
1247
967
1049
587
453
28
209
6
150
2
3
151
210
5
274
1
11
4
1992
1422
1
1
969
11
17
1788
1034
6
6
27
18
316
96
1
34
838
425
172
2
20
10
29
1
1598
9
904
1
398
38
3
1565
1
20
16
7
847
8
6
149
135
46
1
1935
56
20
40
154
52
1
21
1
7
6
403
7
1
1
312
1516
538
832
4
98
1199
1012
3
23
425
15
882
3
42
5
4
394
6
309
691
433
11
1
37
1
258
3
16
2
1
7
3
195
190
9
4
422
237
768
12
57
23
1350
377
1
10
9
221
738
18
308
186
1
623
3
487
5
1
27
7
1
4
413
1
5
222
80
227
1
73
275
1626
3
12
1319
1
1953
5
377
67
247
136
5
958
165
99
642
209
1
1
1
2
17
11
166
640
17
1
7
22
1071
33
162
52
578
925
599
371
155
76
182
4
24
8
14
1
221
23
71
5
2
217
100
5
62
555
2
2
1
11
168
45
2
38
1
1
199
1
5
701
2
83
74
217
1
183
8
142
511
725
2
127
5
4
335
6
705
24
1703
1169
52
1767
1
388
13
1046
202
27
34
3
14
419
75
58
213
6
50
452
1
84
1
275
158
209
105
65
17
1321
273
5
152
32
25
58
84
404
124
545
18
81
48
24
11
98
1
1
19
313
26
7
215
24
413
200
3
360
784
60
1
5
4
8
1532
40
2
7
2
937
35
12
2
26
69
1
2
6
2
1
459
1450
1
1
1
2
212
1778
1
1445
6
30
981
113
245
2
166
31
205
5
4
2
2
285
2
189
65
3
1
10
12
24
390
1
214
74
419
436
64
4
1124
607
1
155
344
1504
2
1
2
2
166
5
1
1
323
139
1464
1
1635
451
8
40
4
5
15
208
102
18
107
10
13
117
4
689
6
62
811
82
47
60
4
858
11
2
61
5
2
3
1712
1
2
229
1011
1289
4
1151
9
100
5
578
7
13
324
397
126
211
8
684
136
9
2
15
1
1
68
2
863
194
1
41
10
106
6
8
1
2
3
18
1
2
1
41
1
1354
14
8
1480
8
1333
344
355
19
7
622
1
140
126
17
595
946
877
32
32
175
88
95
618
41
10
37
1
1
20
23
4
100
2
30
7
1379
1471
23
1
3
511
15
1
245
2
1250
2
1
1
1
322
516
1
2
389
622
5
6
901
321
809
5
1128
260
881
1
2
645
404
17
122
1
6
5
497
18
9
510
11
38
9
4
1
2
1
574
36
1
46
22
57
12
1772
75
2
19
16
1366
110
1
1346
2
16
2
682
1
1268
224
1621
1081
6
1
12
431
1
2
2
767
3
44
1
872
55
3
164
1701
2
71
5
332
714
9
12
36
1314
4
34
13
12
773
1252
153
76
148
71
5
31
36
2
5
17
502
363
35
9
3
19
1685
145
1
343
1155
13
411
210
982
34
333
8
326
1
618
22
4
93
186
29
4
1936
873
246
85
1
148
5
1578
2
33
89
11
26
1
970
32
110
18
326
26
14
33
840
6
658
755
1
15
1
542
2
808
1065
420
207
2
2
2
11
26
47
159
71
164
54
3
64
22
2
1
1
173
1358
1325
14
78
25
19
90
2
108
241
6
1452
7
3
119
2
3
7
1
20
25
3
119
450
94
4
15
231
24
258
7
149
6
156
7
1
392
828
1
1
1089
7
1
569
67
1513
11
183
873
519
321
4
462
31
1
3
175
18
104
1
67
39
3
54
323
1
13
17
642
217
76
256
7
2
1
1
880
553
552
4
29
1096
648
1777
43
1
111
1
94
515
325
284
1
559
6
1
1
1
31
125
1
18
24
5
1
57
1
792
2
282
716
4
984
2
2
29
3
1740
18
18
7
22
28
4
1
4
73
171
12
2
4
1
1536
2
142
99
1385
159
56
10
5
117
1
5
1
563
201
130
7
1954
4
3
14
9
19
1
1
873
5
811
2
248
1317
168
453
19
1
367
13
237
3
1991
149
13
105
1
1
288
135
2
15
4
1516
7
715
3
4
82
28
260
9
2
9
1
30
27
1
1
153
288
479
14
1
161
2
9
5
1047
52
162
137
20
22
1
20
139
108
22
1
896
4
20
36
1
1
188
375
1
1
3
2
8
68
2
144
1698
2
38
1
1
11
513
14
42
274
5
1466
9
276
427
105
299
31
8
5
583
79
1
41
118
33
4
77
1599
7
3
62
26
4
20
157
32
617
10
1165
172
105
2
317
647
1
1754
1574
309
1
6
38
1533
227
13
11
74
147
438
7
1535
265
104
4
133
1
2
97
1215
33
2
2
39
912
1633
244
1
17
5
177
326
1
11
8
1
19
53
42
22
498
1
24
201
1246
1
5
428
1
4
825
1243
26
947
1
59
2
27
9
1
1
1
1
85
4
255
1
10
17
2
5
1
230
1
401
11
1002
1
10
169
1187
781
15
925
29
14
18
2
2
275
1
1114
4
124
19
30
640
1872
1
1
1
760
192
2
562
153
751
48
9
1034
1678
716
244
10
35
7
375
116
6
44
295
1
10
59
145
88
139
59
9
1062
3
645
1
3
1
743
74
10
1
24
1867
116
1
91
1
2
187
3
1
12
407
4
353
178
8
1
663
208
51
3
329
1695
1822
75
1160
3
2
1430
208
44
336
5
407
107
1
1524
21
1
56
788
593
394
3
314
1384
1777
5
12
1902
10
2
528
32
7
17
38
4
38
507
726
6
11
17
19
1
50
4
1
1
1
3
13
7
636
63
915
337
14
23
785
19
12
136
439
27
2
999
1881
57
1240
1
3
7
398
4
506
538
5
267
2
1
1
1910
1495
1
105
36
1546
14
3
6
4
1
162
5
27
198
40
95
127
42
39
10
1
57
49
511
1
29
347
2
16
5
212
116
783
791
2
48
540
24
36
56
19
1
420
11
174
2
156
1007
174
3
248
849
1
1156
1
13
29
25
34
99
467
339
87
1
17
8
434
2
1379
14
1280
11
1
387
2
211
1
1
137
561
92
18
4
1
347
200
4
5
3
25
291
31
56
2
176
49
671
3
1
1
419
108
1188
16
184
883
1
276
1
1
7
140
35
1
104
5
1749
115
2
1781
11
5
263
31
87
1
119
173
1
345
16
272
9
1747
3
1671
186
533
24
1375
4
2
355
1017
64
173
898
886
671
10
162
10
505
160
1220
127
379
5
1
9
10
5
410
153
4
9
46
136
348
1
17
16
1
71
112
5
332
337
1
216
1588
256
29
2
4
700
4
2
2
397
3
2
4
696
2
230
25
1153
1
47
28
4
1
301
141
19
257
1196
48
1045
1
278
83
9
675
41
3
467
2
1
890
1
2
27
9
8
40
374
1
89
38
4
20
145
1
199
302
1
28
51
2
911
76
67
6
653
2
142
414
1
1
59
10
166
4
10
1179
94
28
500
2
8
100
4
798
40
1
52
14
1
1668
41
38
295
13
2
127
3
91
20
18
2
4
44
152
868
1
1119
8
797
259
5
101
1
8
1
272
17
2
47
233
15
620
2
1
321
2
25
343
2
1
74
49
37
7
177
752
1
343
596
461
51
1
362
5
289
48
50
364
158
3
1
2
1
114
443
480
32
33
91
703
1
25
25
701
95
539
9
8
1
191
1848
4
43
8
19
2
1282
6
6
2
22
513
4
56
6
262
702
1
964
37
1290
11
4
29
1
60
2
34
41
594
20
1099
12
2
230
20
3
1028
284
3
4
124
1
1
1
689
5
1
38
350
4
13
1
330
57
2
447
16
27
1
75
587
72
98
8
1813
10
4
1887
2
4
781
383
61
14
86
4
15
29
2
193
93
1
1
8
1
202
34
234
2
1
248
15
642
1
333
59
552
6
34
1
12
24
1
1178
12
2
829
41
311
720
366
1
6
1
484
111
12
5
3
1
276
567
943
24
2
33
951
54
83
3
583
16
2
219
9
4
2
6
3
36
3
45
57
5
81
57
5
20
70
37
112
55
461
14
1417
20
26
55
1
3
9
145
56
1097
16
61
35
1
1627
307
13
1
14
6
1045
24
33
50
191
89
1
122
175
75
159
573
2
570
1
1618
1
81
14
1
1
6
26
1
89
16
13
93
6
1
1
13
2
408
164
1
252
1
170
379
21
1172
24
7
422
99
2
5
21
68
11
290
830
352
25
3
1
308
44
88
59
1
249
463
135
910
64
348
446
1495
12
1
299
3
12
18
977
1
203
19
6
581
185
1626
23
20
1302
508
708
1239
43
2
14
1
75
432
3
23
95
152
412
392
1
2
19
250
611
2
16
218
1212
3
1
31
1
1
1671
62
1
9
700
110
2
7
36
1458
76
95
4
7
109
1
15
2
734
1
1069
23
1
29
14
439
65
1
705
42
17
2
1
9
4
610
2
21
72
88
11
1
1
1409
1
35
1
764
2
1
1947
45
3
10
1444
407
30
1
10
11
11
33
5
327
952
1
36
113
2
141
15
8
172
57
38
69
39
39
1187
648
126
19
675
24
140
223
12
1
1672
2
1564
26
351
28
203
109
1
92
1731
3
344
46
389
1193
9
5
597
8
8
1933
34
2
29
256
30
64
210
9
184
3
14
4
2
3
149
36
354
1
10
4
3
47
3
69
1410
1053
158
2
1
4
16
172
812
722
13
8
1
15
97
1503
210
1
106
111
6
1
73
1328
1880
1
88
349
3
1
189
6
1
941
304
2
1496
1
1
377
133
3
49
37
13
371
101
14
163
657
475
397
12
163
159
38
223
26
5
1
489
1358
9
3
527
390
1613
375
9
258
2
164
41
1
6
1
444
1777
26
42
24
195
19
74
6
27
10
192
2
874
1
1629
969
4
8
60
126
635
1540
203
34
628
31
1
1
332
26
85
46
126
1
1054
6
857
662
13
14
282
164
321
2
3
25
35
402
1015
2
34
11
1
24
122
1
1
1
25
1505
14
37
1
199
100
1497
3
49
6
1078
9
3
21
2
13
749
4
1
103
1206
718
55
82
12
1282
77
2
1
1236
135
14
1953
292
1
217
2
22
2
2
3
28
2
17
871
83
551
1
7
23
24
1
87
1
15
1225
24
361
1
2
5
7
51
299
17
17
173
19
50
367
5
720
22
36
14
229
562
248
5
677
1
6
1
4
1
2
3
192
77
1
506
11
51
1479
7
2
571
1
102
43
38
1466
67
278
1
62
14
118
3
331
55
277
15
1995
204
52
287
11
1
79
1
72
88
1
60
1
140
1
171
167
603
36
1789
7
1
236
390
1
367
42
448
5
135
1
1
1244
1
165
989
9
1
1691
77
1
141
1
13
1
40
2
25
8
26
1
1
54
25
1327
1
8
3
23
644
388
56
14
73
10
217
1
1862
1136
80
1
445
15
123
6
14
15
1
214
136
5
129
465
92
7
112
1
1
6
76
229
21
680
9
5
1458
11
1005
13
820
3
626
258
4
551
314
1
14
6
1626
43
22
573
533
1
517
26
1402
18
11
1
435
4
12
1
6
174
6
26
1
5
12
795
1
569
12
18
1
33
1
2
610
58
20
3
689
83
712
30
7
130
1
28
15
9
1
1104
248
164
2
8
1
1
15
1
4
5
456
4
22
1
202
12
59
1
25
1
39
3
2
3
68
212
1244
66
651
59
210
5
575
229
10
1
8
28
9
1774
132
1518
155
49
8
2
13
17
1
1
8
801
474
1
275
899
318
2
3
6
7
6
545
269
1814
1
112
5
166
6
1496
4
1
54
1167
1
55
21
93
1086
888
3
816
6
1
11
10
1502
199
2
1
18
21
6
63
52
452
1607
222
1
29
40
9
6
1
267
62
10
1
24
4
1
58
1
17
428
6
19
42
1
6
12
109
6
4
171
2
25
209
104
1101
3
69
12
13
147
2
22
1
2
11
2
2
2
6
17
65
76
544
3
1
2
11
5
8
14
436
78
1
192
2
1080
3
374
8
140
315
2
1
415
7
1
293
7
1378
21
4
103
109
355
1
70
42
1164
150
73
931
706
68
148
298
1
144
526
5
788
94
4
40
646
1
1
1054
1
1387
4
21
68
1503
55
7
3
148
37
1
397
313
1
738
153
1
974
2
47
1314
520
1
93
145
61
83
126
2
830
3
158
572
652
4
24
53
2
21
2
160
1
13
3
1784
42
4
1
180
2
282
11
211
89
162
406
336
2
5
4
24
381
162
373
1
5
1
294
1
7
99
5
3
1488
1133
90
2
3
157
673
2
903
6
66
13
227
1
8
651
107
2
2
2
1
1
70
22
337
11
27
6
41
656
25
174
17
7
21
154
148
1
372
11
96
94
1745
12
2
109
318
18
4
80
609
7
1
12
14
882
4
223
1
129
50
9
1
157
1
5
62
61
846
4
412
74
15
46
234
160
178
18
120
1
128
317
45
1807
1047
1
283
2
3
26
160
2
6
85
6
763
4
19
6
201
1
43
27
1
4
29
29
11
27
357
115
1077
3
93
5
86
125
1
227
1
62
37
2
3
3
990
28
3
67
11
1406
132
195
1
1014
3
11
5
59
373
641
1
3
3
2
1
556
8
6
2
15
1995
759
1
1561
77
355
4
306
132
1
103
993
1120
12
12
89
47
1743
17
905
24
22
7
1629
26
117
2
8
150
1312
3
14
259
1
2
1178
35
428
294
12
1
54
2
189
10
79
1777
266
4
1
1
367
9
21
120
25
15
27
164
9
1
17
351
46
159
128
208
10
1
185
101
693
2
120
10
1
81
765
352
290
44
4
595
1232
225
41
394
5
3
1
863
694
170
1
771
631
1
7
1
1284
1
2
21
11
1
3
6
368
3
1073
759
12
405
21
1354
867
1
129
268
46
37
30
249
214
3
1
3
72
1
7
11
4
8
773
16
76
41
528
274
22
7
77
91
10
1898
4
141
848
4
284
15
565
2
475
45
418
806
1140
1
620
49
22
12
1
29
75
22
47
1
1881
91
47
1089
1
25
240
239
437
540
2
1
2
5
31
8
4
103
1
278
137
15
31
25
199
2
206
742
35
165
1756
43
7
24
21
86
1
55
13
29
58
145
1
339
145
85
1
14
5
273
14
62
1
4
911
5
21
3
1953
270
122
5
1662
1
17
5
231
190
1124
16
48
2
127
196
35
64
7
12
1043
5
2
118
34
17
3
48
704
220
87
7
163
63
2
10
90
7
427
20
18
38
213
326
12
172
1
453
28
1
283
147
657
889
39
11
245
128
1
240
20
144
34
4
46
1243
1
38
89
1
1
10
183
291
1
3
883
2
8
14
1
1
1
1
40
1379
536
19
1803
41
1
7
7
14
5
1786
1
64
8
116
1839
209
907
322
22
1
213
1438
1
28
18
1
522
3
20
86
2
89
212
2
160
144
135
14
53
1420
1464
50
5
1849
1
597
2
1
23
753
15
438
4
2
4
30
16
1
62
901
19
22
3
384
1921
9
4
8
7
4
3
69
55
638
331
25
380
1259
1
3
968
6
81
741
27
1362
387
339
30
4
1
9
3
6
692
18
14
19
1608
5
1
165
2
9
25
449
135
1316
1
6
3
71
3
352
9
1471
1
3
31
173
128
28
174
8
314
77
127
87
539
172
2
1378
1
28
1391
7
9
11
1221
11
1104
9
265
24
16
537
38
4
485
68
1
32
1781
1005
1717
831
1346
4
1447
1
3
7
9
628
5
176
177
1179
464
1
1
2
1
38
36
908
290
282
255
115
519
152
9
95
1
8
272
28
72
206
1583
1
1
16
16
228
28
560
1046
186
1411
1
11
612
98
674
49
175
9
1
190
31
5
109
1671
801
1662
230
856
12
4
2
6
119
12
9
6
459
7
10
46
20
78
16
9
11
722
4
24
3
477
1
105
15
1
1
272
309
2
103
23
2
55
945
2
1779
9
238
4
648
1
213
1
9
876
13
31
32
803
32
242
1
1
7
13
119
53
840
1
14
73
4
157
1447
3
259
81
1462
8
4
1
2
1147
694
1114
24
1
9
1
75
2
2
5
3
2
4
450
1931
102
2
39
6
75
40
275
869
443
1761
2
3
2
39
9
34
915
27
6
76
5
42
48
1043
3
3
50
1
3
6
4
166
3
1
3
29
1375
150
1389
1
583
328
10
530
66
785
56
22
1983
27
153
227
52
185
2
3
8
4
403
1
89
138
7
10
2
4
655
70
2
202
1
30
572
53
16
10
6
89
18
810
68
337
1
7
51
73
792
102
40
82
20
1273
26
17
4
2
13
1918
537
834
6
1
402
6
4
61
50
48
53
681
22
1
1
1575
44
10
260
1
3
677
11
848
480
3
2
253
1
2
106
249
1199
1
3
10
177
886
170
266
1
145
306
153
148
639
600
134
98
83
61
1
149
146
21
3
3
438
96
1
170
4
2
1
2
1
72
251
3
896
862
1
1865
1861
3
278
398
193
1452
2
857
1
1951
3
50
1768
5
7
58
2
37
1072
1567
1
4
791
758
3
19
864
1807
37
212
6
61
5
15
1
709
29
53
65
444
1
1
1
1
2
1
320
1626
1
1
101
1355
2
47
376
15
1076
19
1670
3
2
84
11
270
14
1
13
51
4
1357
3
104
13
2
2
450
138
1
60
2
1167
238
52
31
1
186
19
200
2
3
48
183
895
118
16
8
957
1864
787
1393
40
4
1
1111
55
1206
1734
21
25
6
8
2
1
75
34
1
1097
276
668
1
195
22
3
158
146
58
4
3
8
1
4
126
429
786
12
194
25
195
1151
16
29
2
925
7
333
88
194
15
97
642
1
3
41
1
38
1395
4
1
34
8
114
41
1019
263
24
4
1
13
1
3
333
1
8
1
151
1737
194
59
366
146
56
3
217
47
28
1
40
10
13
263
150
1
816
240
2
4
122
941
82
19
336
1
299
370
1
640
1
17
15
1
2
1
13
1822
1
76
46
339
67
1
412
189
137
1739
587
1434
430
1
1023
16
31
162
1062
1121
2
22
1
4
8
2
291
1
29
1166
10
88
316
1280
1
2
228
1
275
47
1008
9
1
423
2
136
104
8
193
202
2
299
74
1259
9
25
5
5
6
370
88
68
564
7
1
1405
5
4
1
6
59
133
474
5
4
15
15
1
18
89
18
5
1
3
482
1281
1
583
28
146
347
20
15
1353
3
873
2
471
81
6
2
220
16
1
5
14
374
6
320
12
370
13
829
2
27
1576
426
3
99
519
99
811
3
554
345
3
44
273
3
1
255
21
21
1407
81
77
3
1
12
1
86
15
5
3
1
35
6
1
183
302
734
1146
7
5
142
39
113
1
1089
1608
14
61
55
14
31
5
475
2
19
265
501
121
54
539
1544
2
9
37
687
426
298
61
5
16
21
48
18
16
4
19
891
2
12
738
8
5
1
3
34
11
1
4
241
3
14
10
305
732
73
127
74
405
28
2
10
297
133
1447
4
53
20
183
39
1279
36
106
1
1
1833
4
4
144
1
7
1672
229
16
1800
111
2
32
1670
11
698
1631
621
1
2
1
829
88
79
3
10
464
58
12
96
6
4
4
9
880
2
138
23
12
2
24
90
1
270
3
1824
1
59
1
27
450
399
1
157
1
103
4
4
314
6
8
988
21
611
211
121
286
45
1
64
571
3
1
17
515
1
4
1948
875
917
1492
89
80
5
2
28
52
1584
675
4
24
2
33
1
1730
88
9
10
93
184
1693
5
1
768
1
80
2
6
152
56
9
34
1
8
1
556
2
21
36
432
84
1
175
1
2
1
2
116
1
34
1
2
4
37
1
32
3
1731
61
73
9
4
4
15
2
138
1
125
15
4
10
40
2
6
7
2
83
9
5
9
371
1
24
110
2
548
1041
645
53
20
2
65
82
11
2
6
5
1030
78
87
15
295
1
207
3
1922
2
11
1013
57
483
15
319
255
152
1
159
47
2
16
18
347
425
634
66
27
349
5
700
8
2
22
2
752
18
8
25
359
301
1
336
48
293
15
3
2
181
1330
1
271
389
1454
581
63
4
42
2
20
4
17
38
1
11
464
1635
4
1664
1373
4
2
1165
3
1095
1409
135
1961
1
1
121
816
3
8
22
122
539
6
22
111
8
1
13
8
27
712
3
1233
228
14
9
29
6
36
1599
37
4
68
1
114
114
37
3
1
1068
4
206
1170
1
62
470
7
28
59
112
29
37
1
94
3
9
343
81
19
27
298
1
589
6
2
1
49
580
116
1485
1003
1
868
4
1534
5
1
2
13
14
1
1495
62
3
162
244
1169
35
1492
3
1
340
121
83
39
57
1
1
8
17
35
26
865
48
27
56
30
1276
1
1
379
19
9
9
451
12
4
4
2
620
162
74
1014
3
4
3
1
4
4
1
16
226
21
558
37
2
25
615
106
185
4
1
18
33
454
2
114
44
23
253
95
1
1494
1640
138
1037
4
20
13
478
6
1
315
69
19
43
196
8
2
575
1116
344
11
12
57
31
17
58
1
1090
590
8
719
8
129
46
110
1
820
1588
35
2
7
1322
26
6
145
934
3
4
14
5
29
6
3
50
537
15
3
147
1
1
38
6
80
541
4
88
168
28
276
1
2
1
2
4
67
15
2
164
14
16
60
231
144
4
5
20
70
13
3
1700
13
11
45
75
1
1
60
10
1
21
89
12
1
101
89
784
1
28
55
69
8
52
24
1
22
13
3
618
532
7
14
430
2
3
8
3
1
1
7
100
1366
115
48
1
1347
1804
333
18
5
356
2
1
2
4
42
249
177
1
2
5
1
1
1013
2
16
1677
17
43
2
902
297
416
65
5
1
1582
9
181
1
3
218
11
162
584
636
12
918
1860
36
14
39
7
45
5
76
2
127
67
4
39
1085
297
18
1047
262
1453
940
5
20
42
1697
21
772
5
12
99
706
1
1
19
5
27
12
56
33
179
11
74
75
318
8
498
1
5
1
12
594
1
86
68
2
1
1047
78
409
1044
1518
2
4
30
178
48
8
6
3
1
5
198
1148
2
701
56
2
299
86
1
24
32
43
2
17
689
1
17
38
207
3
407
1
1
1
2
1694
286
74
1
6
20
10
1142
147
2
1039
1681
17
1
2
240
2
697
26
2
1
1
4
9
22
1
2
2
9
2
130
2
6
1555
237
646
1502
38
83
3
145
372
11
69
3
134
246
5
33
107
133
12
26
56
4
37
378
90
157
190
2
1
1
528
8
24
2
8
3
7
35
2
785
4
6
35
5
40
1530
120
44
33
6
1
4
2
62
948
13
2
720
20
152
437
128
861
12
56
14
3
64
1524
20
1874
660
12
72
1
2
26
1
604
954
1059
123
51
1
24
34
8
92
67
5
677
1
6
3
1887
1
176
203
79
6
5
14
303
532
485
71
1523
796
1753
9
38
519
12
345
1102
1454
53
1024
492
7
2
3
141
10
10
624
374
799
4
64
276
103
1
1
17
288
1160
139
4
206
3
5
33
199
5
145
1
1
411
68
1
5
80
9
37
1512
14
759
493
8
1413
1
25
1
40
116
32
1775
23
139
44
12
152
1
1
1114
1148
63
44
7
226
1954
4
1532
1
207
4
945
71
5
326
25
1
8
1
5
6
4
616
2
19
1
960
352
5
29
53
240
4
47
136
1531
340
400
1777
850
132
196
11
10
624
3
200
1
6
2
18
14
2
29
1
4
220
115
3
707
463
10
88
988
19
411
2
19
162
570
1148
1
78
140
152
29
117
6
1892
2
1858
45
4
23
40
16
659
2
1
227
1
139
28
33
31
2
255
1
223
1
3
4
1
3
13
84
95
32
2
20
827
416
1219
8
8
7
86
1
1
2
9
2
52
19
49
1149
31
77
750
249
14
3
4
60
581
7
403
1
21
1
1584
72
229
2
23
2
248
1
7
3
61
565
2
1
1330
173
229
5
6
12
58
7
33
57
46
1529
1135
433
146
3
280
21
104
5
7
5
1
320
665
1185
376
656
84
75
5
1
522
53
4
1031
1
96
14
8
201
452
1
80
1
2
93
1
46
271
82
653
2
1398
2
73
1
1117
1361
1
101
1
1
1
1216
41
160
296
9
36
8
8
1
721
723
47
1681
7
15
100
9
1
1
125
294
2
8
1
1378
8
1226
1
1708
32
1
128
18
7
1
93
5
974
539
1580
769
34
252
1036
4
289
11
31
1480
6
16
15
221
47
176
1
502
2
9
202
322
1171
7
2
5
569
719
524
2
36
1048
49
57
3
2
5
1942
2
292
154
1160
270
997
8
745
31
28
46
1
1
1338
5
29
5
15
5
12
8
9
2
73
1197
1
395
279
5
21
5
1
2
1681
1
18
3
1276
92
255
28
3
2
1
159
25
90
3
545
1
157
12
990
19
7
17
120
25
145
22
19
48
155
1
1
873
290
140
8
1647
6
20
1951
1
29
4
682
119
869
897
1
224
4
20
4
946
8
98
1927
10
3
30
1288
1
1498
19
5
419
497
294
1
1967
3
2
2
113
1793
17
20
291
561
598
7
1
99
2
18
2
9
1120
109
1
3
20
1261
906
952
6
14
4
1715
14
1
4
770
5
719
15
992
25
18
1
1
1
422
71
1923
53
1544
22
751
39
32
1
324
27
85
24
34
38
3
1
9
115
231
1
6
1
127
6
134
17
394
4
233
33
986
657
13
1
57
62
93
95
56
1
14
265
265
3
20
90
1
179
42
165
823
23
57
1513
9
84
5
669
1
210
303
19
984
1
9
208
178
1
81
2
210
168
38
851
14
1096
137
1003
2
363
1837
27
63
11
1
511
2
146
39
8
27
148
3
1145
476
14
14
78
395
47
89
1
1
33
222
12
1
612
21
41
623
17
75
8
19
19
35
24
367
112
44
294
1
219
51
3
72
3
196
7
7
56
5
1
43
4
1
86
7
1
29
118
381
32
78
18
6
2
35
330
5
600
78
135
628
1
3
218
685
1
13
501
12
3
148
1
815
23
165
1
3
44
63
2
92
1
214
80
149
25
21
2
11
1558
46
383
18
1
3
16
1933
138
4
30
1
7
229
1
120
53
802
182
85
1282
132
3
4
7
480
752
4
1
15
1656
972
177
3
72
1049
77
230
90
6
342
240
19
2
18
21
40
2
474
18
612
1
1946
409
213
37
15
7
37
1886
6
24
37
1
8
1
2
254
356
1
7
1
1534
70
73
162
1
7
1861
138
2
181
6
5
324
1395
83
152
2
21
1
434
400
1425
1
38
5
1422
2
1011
136
6
176
16
131
3
1989
1
116
1
141
5
660
301
495
10
10
65
779
1
383
4
186
230
19
66
50
51
5
60
461
387
357
50
1
2
133
419
1
688
2
67
618
128
158
8
811
352
829
20
142
8
10
347
58
2
17
15
152
9
2
666
787
1334
17
133
592
9
3
2
141
293
179
2
559
172
67
728
214
10
1822
15
97
449
42
1
1
896
24
1533
1
1929
3
450
1
363
315
7
241
35
25
157
58
3
1920
1083
5
1
1
8
252
12
16
1627
10
14
370
29
6
3
1
497
16
17
89
1264
1
1
1597
69
170
617
30
17
1336
6
7
69
618
3
1
17
93
5
1504
342
35
189
3
1190
8
946
4
42
121
239
1075
1012
190
1677
9
2
206
4
379
1
998
72
1755
951
4
9
158
100
285
170
1
1476
18
573
13
2
3
1
1
22
89
8
77
13
1
82
5
1774
24
595
1
1
211
1
26
276
83
183
13
1
2
44
1680
1
6
654
5
18
398
1
167
31
1
16
245
190
1
32
166
154
1
717
1466
962
4
9
4
46
2
312
2
257
1257
1185
1
2
12
162
4
46
138
1
123
1573
53
137
4
3
1078
208
142
23
5
6
48
10
11
13
19
9
2
13
921
78
48
199
999
1
4
28
3
211
42
2
48
234
1628
244
42
42
1
1
2
4
388
62
11
3
470
1048
13
51
57
24
85
359
163
17
7
1
27
78
6
693
1
111
26
24
168
1
10
187
881
821
1273
111
383
683
484
3
245
47
103
3
870
371
197
1
431
1
119
1459
261
275
75
121
1070
1378
10
1875
1815
4
78
1
2
40
13
1958
21
9
1
366
4
57
1304
5
1
1
1725
46
23
145
222
14
118
15
7
86
1596
6
263
52
3
1006
19
1
47
1
66
28
1730
1
1745
206
1852
178
50
2
70
216
1567
14
1113
3
242
26
622
4
1
355
593
7
154
10
1
1
42
628
1558
1
3
4
22
10
1
1620
5
581
34
28
16
2
24
2
998
551
1
1
137
524
111
14
33
224
1602
112
5
66
56
7
34
642
1019
2
14
82
5
775
4
933
1
116
1
15
1756
18
4
138
4
6
700
14
6
274
19
1531
14
852
2
3
305
518
1
8
1
2
12
1136
1
68
512
77
74
21
20
1845
8
1
111
1131
5
1853
1
8
75
17
1
41
17
24
49
1
63
4
78
5
1
16
458
17
787
209
1
3
156
1
1
2
5
2
5
28
5
178
1
149
42
408
3
1254
4
1
7
212
257
5
14
138
1
97
1117
333
172
55
202
3
655
39
46
951
15
1
35
1
113
1
1968
6
46
71
20
1828
207
10
321
93
4
6
2
1
15
6
6
1
10
26
1482
238
14
1
62
318
38
938
110
1540
156
7
77
3
2
1511
109
1
8
870
1790
2
23
55
318
249
5
153
779
186
168
4
4
87
48
32
2
1066
17
1
314
1053
28
1
308
1
323
1
227
11
14
2
14
3
699
30
4
1303
10
482
55
528
362
42
46
400
8
1
1
4
1
76
403
45
544
630
34
4
21
23
1
221
5
25
1
2
109
1
3
624
620
2
4
70
70
21
485
272
9
1996
26
105
119
1
1
2
48
996
26
1
19
24
8
2
1
2
99
100
3
4
1
3
160
5
8
163
22
1
833
216
1112
32
279
1
78
198
22
1430
1022
18
1
79
1300
2
4
18
1
2
9
108
2
51
6
56
11
28
1
13
5
1
146
1
168
1
208
6
310
8
39
32
2
375
1655
506
231
1431
1
865
8
1751
247
539
51
591
8
1
344
433
1
29
24
11
1152
212
135
208
1006
10
5
202
3
152
91
59
490
349
2
1
1762
192
75
38
1
11
1
224
1
1587
1104
1
4
1437
3
22
13
26
1649
1208
1932
63
204
132
103
1
933
52
1
3
2
1500
2
43
6
1
275
8
1
43
1
1278
670
69
364
41
1558
510
22
5
289
60
1103
13
6
13
221
1356
527
3
5
86
41
465
5
5
1388
86
326
771
1
192
36
11
930
3
1
1114
65
8
20
1
20
24
3
641
21
14
2
70
1
182
416
779
138
1
4
1
248
28
9
2
5
1421
26
126
252
6
1231
33
7
2
88
22
1599
33
104
1742
6
22
1313
87
1070
20
109
7
74
455
46
2
27
268
10
556
36
23
5
1288
65
642
15
1222
3
2
633
18
56
88
1
1
16
756
540
22
9
43
1
2
17
14
575
65
289
2
1084
26
6
1
1
25
12
2
1
36
1075
148
814
3
322
17
111
1
994
1
2
72
1
1742
1
9
202
1
63
698
1
5
68
16
7
7
620
116
1
90
5
210
36
1161
506
1
91
129
1
20
325
243
3
535
1
10
199
1726
9
59
3
2
544
1266
357
1
3
547
9
44
336
1
1
1
4
4
813
9
31
379
4
3
687
9
739
19
973
199
30
340
8
8
34
1300
3
1278
1
156
1
10
60
5
726
1322
50
10
510
73
3
1
18
752
8
1
19
13
33
1
85
2
1
684
24
678
3
952
2
34
7
467
36
1
39
80
177
1
26
7
23
2
2
23
9
1444
93
598
6
43
9
12
4
1088
151
16
74
74
49
24
50
1854
18
1
19
1
10
1563
4
205
1
1696
1
231
1668
92
354
7
1
210
867
1388
1
1602
10
4
8
2
5
22
120
190
155
106
27
429
10
1
748
16
22
198
377
10
26
488
1
1
183
332
6
837
79
18
1524
98
217
36
7
2
464
13
616
3
59
376
20
23
374
160
3
357
1
105
119
1141
26
13
19
3
1
56
1
985
23
161
1324
124
1
1169
2
571
4
1
624
17
793
717
7
1347
1
8
1
930
8
688
1747
46
26
3
11
5
87
291
1
16
24
569
1
56
1770
222
39
6
98
330
204
2
1
10
1
19
1
7
1849
1
2
344
1
1
92
196
120
4
5
1
473
83
78
3
504
154
72
171
244
1093
1
5
993
2
920
16
53
199
2
1
1
21
706
19
55
1357
21
2
8
322
271
4
2
16
518
34
82
753
42
73
740
1344
55
1924
13
278
34
11
3
55
8
2
4
1099
3
3
81
7
217
3
6
457
10
1
36
171
1
1
10
4
5
1
54
224
1
1
784
7
44
1
22
1905
122
15
5
5
54
6
13
42
6
1
233
4
801
14
10
102
281
384
15
22
74
385
106
76
2
11
5
32
60
1
275
26
1
1074
493
2
54
203
4
1
3
2
328
27
162
19
118
216
1
435
2
2
428
366
7
1875
1
728
6
4
6
1
9
1
51
52
105
1
1591
42
1324
236
808
253
27
1580
291
206
5
29
1
50
654
113
344
3
107
18
26
12
23
1
7
2
7
18
269
110
1
1992
10
47
53
7
33
9
18
1042
1
15
389
28
3
1718
7
1
6
54
1592
10
1
82
1833
1218
131
1843
89
9
144
68
36
13
2
61
161
1
4
3
4
1643
4
1
687
54
13
9
7
2
331
13
584
27
846
9
633
19
1328
1464
61
1
120
1
1
1
795
21
1
15
79
1
4
17
18
928
37
6
76
1
14
1
1
16
19
2
35
408
1783
224
411
20
62
1784
1
2
3
2
1
192
4
22
21
1
34
265
27
977
1
1
136
483
2
1
1
19
2
7
679
14
10
152
27
17
113
2
1723
161
47
38
7
278
4
15
136
137
59
95
1
359
1
5
2
20
574
2
2
1
13
11
1787
7
28
670
1160
1
4
2
54
3
20
1
106
3
3
276
32
171
1
1719
3
40
101
798
1272
755
1
113
341
264
14
7
92
20
2
2
1553
8
549
29
2
16
6
1
1
4
1522
1
9
28
1
114
49
46
80
9
11
473
324
27
5
1
56
279
2
5
7
4
1
2
1014
1574
1
623
69
760
4
921
1
20
273
35
19
51
22
6
5
1117
64
96
135
2
72
8
1
1
27
35
7
2
5
1941
3
5
29
2
15
354
682
183
10
1
7
8
17
1509
1
47
16
69
145
870
1
4
2
33
5
30
1
1
43
5
212
1
1
1
1
1
6
22
74
79
17
2
62
186
1531
457
71
274
549
1
977
3
1
467
1
13
5
2
681
200
24
230
1
1
3
529
44
3
74
4
131
383
2
66
719
3
36
12
1
10
553
5
26
416
542
1
1
4
722
4
777
749
12
657
1483
4
99
413
186
1
1821
20
86
256
8
190
10
25
617
56
124
9
9
12
14
854
1254
1020
1
224
25
467
5
250
120
2
1
158
591
28
842
272
1611
5
11
67
777
1218
1097
4
1
322
194
25
1
38
120
70
819
1
23
444
2
25
833
26
1
1064
1
1426
2
662
3
611
2
50
62
50
2
289
12
109
2
509
923
2
17
1
1545
20
208
23
1
112
1
8
11
57
1046
50
895
109
1
23
7
1
3
4
1614
105
10
15
22
1417
142
1459
1565
1
725
1
111
1
468
20
2
5
30
31
12
484
312
10
8
3
1227
197
7
368
1925
7
839
1
1
1757
23
304
45
5
51
664
5
1289
4
15
392
1
452
4
2
80
9
138
4
222
150
278
41
1
6
739
284
2
76
185
2
1
17
26
18
15
1445
105
1
2
18
3
5
106
26
1
139
1103
3
50
2
3
4
123
2
92
1
6
130
6
81
52
1
1
22
6
258
2
1038
135
94
9
1254
614
345
283
60
1
5
1
1641
13
6
61
211
514
114
82
1215
1
27
15
1353
29
19
2
71
29
102
362
1027
1
55
16
576
1
1
8
4
3
280
194
19
146
433
84
899
147
178
20
14
1
575
13
1239
579
45
564
261
112
28
1312
1
1
42
7
1063
2
364
19
10
155
529
1683
6
30
316
10
176
87
3
81
222
8
1849
3
19
1
53
1065
1
77
27
247
1
471
237
168
11
288
195
391
134
600
1663
490
5
227
777
1
1
12
39
1657
2
11
19
7
64
336
632
131
3
1837
21
1047
2
249
1
12
2
1248
23
3
2
315
1
431
7
106
4
6
17
749
5
5
442
800
11
3
133
27
25
134
24
10
4
1
1193
8
21
45
1642
1
3
635
1
222
12
14
20
407
1421
110
688
12
82
2
226
120
8
101
39
96
1
4
18
1
83
596
54
7
186
11
2
90
11
1
95
63
43
602
70
3
1
186
4
237
287
3
91
4
1
28
69
1994
10
61
2
14
5
41
132
1435
1083
9
1
1016
221
4
19
1763
1
1
39
1
501
352
1273
3
53
256
23
1
181
121
7
339
1
180
127
1024
723
624
4
1
1
25
493
4
8
417
785
1
26
148
12
222
223
1
1764
1857
4
79
1
2
29
50
1392
1478
1976
6
1985
108
725
46
506
3
1
22
164
51
1
57
83
42
2
62
1265
2
1
151
1442
41
2
26
567
408
6
1
38
127
1576
94
485
5
135
897
9
3
1222
12
1
2
145
2
2
451
1
4
1
289
1
1
67
94
102
4
1
12
268
327
350
134
134
47
32
1
1
25
147
197
598
559
66
3
1224
68
2
2
18
12
95
404
21
1217
462
12
1
1
428
598
30
20
13
2
568
116
12
1
13
1
1
513
1151
48
16
1
101
1
123
854
753
582
40
171
154
14
25
53
723
107
50
8
1
85
474
2
3
3
11
607
2
6
21
73
1
1
1
17
1
1
6
1
702
3
1
12
16
187
5
5
3
234
33
14
447
7
423
5
76
5
1250
1338
1
39
676
262
7
1
773
3
5
168
1
184
13
1
1
236
6
330
1207
1389
271
29
14
1
585
177
326
2
104
1018
23
4
16
1
1
1
1
2
1
5
6
445
15
6
1595
1375
79
28
1
121
434
22
54
1
1244
18
849
1165
3
44
74
211
1
1
69
253
21
1799
438
1
1
1
17
102
4
50
541
248
1
7
3
758
45
5
1
2
3
1092
254
111
2
245
90
1
640
274
97
27
1987
61
1
1
18
84
95
788
2
8
97
5
17
2
145
134
27
1
10
11
41
1805
436
1957
1384
6
19
7
28
1
1
642
4
188
806
88
857
1
1
566
391
217
1
1
152
1
59
17
316
835
18
4
727
126
5
7
4
1
20
177
3
21
1
75
1
125
14
2
1883
12
3
4
64
2
3
1
9
1
355
606
1
14
1128
6
7
32
301
119
12
17
127
965
76
1615
62
81
3
2
667
56
1
1963
5
22
1405
1624
32
1
73
237
981
1
6
15
19
1668
7
2
55
1601
746
521
60
2
123
313
146
1
2
243
559
1
88
5
767
6
3
2
39
4
4
12
433
1
1
941
1
1433
128
118
872
81
64
6
34
29
103
7
7
1
30
3
35
164
11
1793
2
353
3
6
1
98
799
19
56
1173
134
5
4
55
70
1
14
1
402
1
37
39
22
1
12
144
5
10
11
1679
72
474
4
107
954
114
2
1
11
78
328
14
46
590
4
116
70
773
7
213
1330
164
2
82
3
3
38
11
341
2
6
63
330
22
68
1716
79
14
151
186
1
18
2
14
65
1
2
142
17
181
9
4
11
4
23
221
4
1
1
1
1
570
2
738
137
14
93
1
167
508
1
1
215
12
79
1501
4
54
161
58
10
630
99
1
3
1
263
211
4
1651
8
496
19
1476
984
24
34
1
26
1193
739
1207
270
3
265
5
18
935
4
75
8
103
236
344
6
2
6
98
1551
8
168
6
1
2
1
1237
3
20
77
1319
745
665
1141
1
1
1881
2
320
4
2
1378
54
125
378
6
1312
17
402
4
1
3
1
4
417
1941
153
76
1
1
274
1
196
40
54
319
5
27
397
2
98
17
2
19
318
50
185
34
251
61
1
15
1261
28
698
86
2
25
1
21
2
1
1
26
2
1594
1
16
1
7
259
3
507
8
2
39
1959
2
11
84
1
3
1
2
5
1
25
39
38
1
36
625
5
44
7
31
18
4
16
2
1077
318
458
719
7
17
9
46
1
12
17
38
1
2
20
6
161
1456
2
2
1
7
255
190
470
5
57
1665
311
19
224
22
2
27
3
732
3
391
1
22
11
1354
162
2
415
381
10
166
18
26
905
4
5
2
235
15
79
54
5
185
86
849
252
4
1456
274
1417
13
1
1
708
37
106
39
2
6
123
6
8
24
2
5
5
2
1
572
120
4
499
58
10
1160
1
26
2
1
489
1
39
21
1
2
29
956
1
108
391
1053
1
40
143
14
154
18
7
57
1
1
1239
1101
1015
258
1
19
244
22
3
29
2
719
155
1
2
4
145
6
20
410
2
1
854
1
264
12
1300
243
581
528
26
3
20
1539
48
1
1
1
606
296
1145
1
2
1722
171
220
32
10
1443
79
23
1
143
8
1392
328
1
5
387
1
1
13
1
21
2
364
12
436
87
9
849
307
2
184
72
122
4
1070
14
1
7
1866
1
1
19
31
2
14
5
36
20
2
8
8
22
3
147
24
2
227
1178
3
739
156
382
51
366
3
1
4
1875
170
287
1
43
419
910
118
2
13
76
43
6
8
25
3
1380
137
11
1514
1
140
1292
213
1
208
4
409
4
89
1
1
1
996
84
1
6
93
10
8
466
2
2
11
1310
1069
8
14
5
459
2
1
281
10
1
1155
345
209
997
3
263
726
32
233
3
111
15
2
1
12
546
31
179
2
174
11
206
46
10
543
85
3
1
222
1
302
30
225
143
711
12
1118
1551
2
6
2
907
1063
224
4
12
38
6
61
5
1447
1007
2
427
184
1035
13
184
15
66
257
1369
55
8
648
2
45
1707
65
37
38
24
4
117
851
3
1529
14
572
102
3
790
874
36
24
25
14
660
1
11
1
34
361
2
55
49
1
131
67
1812
3
152
1
977
3
1
975
69
1
926
443
3
1
82
1971
632
2
1924
14
2
108
483
3
5
3
53
3
18
252
1550
47
298
2
1
1084
292
20
15
32
4
1373
987
1627
102
881
426
50
68
282
295
1
2
1
495
2
1900
234
89
5
6
55
14
10
12
1619
2
2
6
37
82
460
101
190
2
1716
1
2
2
1510
1
3
60
7
166
72
8
87
597
1
1094
269
1643
1906
6
4
49
4
88
864
123
12
219
1222
8
51
123
473
1014
1
1435
2
9
852
15
1024
35
757
3
53
25
401
1
1
88
154
1
2
1
651
12
65
10
33
43
1
137
8
5
150
5
2
18
23
227
96
12
171
366
25
1
65
1337
204
212
146
1
23
3
44
912
1544
1
6
965
1602
231
144
183
20
32
3
3
11
1447
10
104
11
101
1
1355
1
444
37
1
1004
79
3
96
734
345
7
24
5
76
124
9
625
140
888
2
170
5
8
1
30
336
708
1344
3
90
1
8
1
9
923
17
76
175
283
7
26
15
13
2
32
2
9
4
2
941
6
691
51
2
6
5
102
179
857
23
153
344
62
92
48
18
7
99
18
1389
5
4
1
1
85
4
185
153
1
1355
504
36
605
61
1162
64
21
6
309
170
13
296
953
4
15
657
23
337
147
38
1236
1
5
65
11
651
23
177
740
7
365
41
1
18
1
609
260
36
2
44
20
27
567
656
4
7
1970
1085
128
2
5
268
43
27
1059
26
6
22
2
6
71
2
168
6
3
1
29
1
768
1
1
758
82
7
86
1
1
24
489
2
2
7
266
495
184
816
10
316
45
37
5
1
49
82
41
212
8
60
3
16
15
23
54
110
371
2
30
38
1
28
29
147
3
976
1
955
203
4
533
1
2
13
1
117
1
1
9
7
8
851
46
9
109
12
8
219
1
1004
2
2
2
1
8
1
129
1142
1
601
2
1
205
35
1
13
78
958
104
14
2
1
9
193
20
21
39
74
58
2
53
2
66
547
10
645
3
371
88
35
6
670
630
2
7
79
16
96
21
1257
1
26
1
156
108
33
445
565
15
7
278
6
1
3
1282
1
87
196
22
26
7
59
6
6
66
66
1
2
3
2
52
39
47
28
280
273
28
6
71
1586
500
9
230
5
165
52
3
73
131
1
228
15
9
11
140
3
59
1266
1
1
9
1
287
1094
51
406
1
41
53
267
5
838
1811
368
2
46
27
82
110
15
361
148
8
11
2
114
3
9
1206
3
1708
2
20
2
458
46
3
902
6
17
2
5
18
10
1
307
280
136
870
1809
307
2
21
340
1112
2
1517
1314
170
1
842
990
2
339
6
494
93
1487
1
33
1
1
22
10
3
