3
164
5
63
2
7
59
100
2
757
10
28
27
8
81
475
348
9
31
5
48
4
4
94
28
31
164
629
71
198
7
166
1
111
2
3
5
83
69
3
5
26
265
37
10
803
2
508
39
1
1
3
535
17
129
2
10
6
12
47
9
13
1
280
117
17
929
28
4
1
329
27
74
174
86
245
15
1
371
564
164
1
21
11
88
27
50
12
1
23
656
2
171
1
57
100
826
116
2
58
7
339
337
104
1
1
464
419
83
4
381
13
439
207
154
15
441
41
445
324
1
14
339
41
590
108
1
241
5
705
25
87
25
159
2
92
144
1
8
5
34
282
1
2
4
23
1
2
1
324
1
77
106
83
1
60
15
3
4
1
232
54
35
9
213
8
22
2
1
5
333
59
15
105
737
24
6
64
15
32
1
2
4
41
25
832
8
1
1
4
141
921
321
3
681
122
25
4
2
1
5
145
636
1
766
2
1
32
1
463
4
78
62
333
80
37
319
21
1
805
755
219
2
23
76
237
105
124
771
3
634
740
142
1
212
908
1
3
814
12
8
3
114
690
12
552
87
140
15
23
9
11
1
34
69
2
5
1
159
899
124
461
111
7
1
121
1
7
1
2
2
59
863
541
5
74
4
19
60
7
140
2
276
37
1
210
2
298
16
41
427
709
26
724
89
1
788
114
1
547
19
2
1
671
4
33
3
92
71
106
45
210
7
20
40
133
2
726
312
2
16
29
26
609
35
99
27
870
2
24
988
2
58
4
1
23
1
34
460
1
526
194
37
81
25
435
43
23
361
9
443
63
692
109
9
15
334
1
1
27
1
4
767
446
43
3
14
78
517
6
9
1
33
216
515
1
5
4
9
273
4
16
23
12
4
59
5
31
4
111
166
21
11
526
6
45
1
3
1
34
706
410
26
2
1
76
22
10
374
179
6
3
438
199
766
63
632
85
4
7
1
1
7
27
57
1
2
1
130
99
5
3
566
352
46
1
5
119
1
5
124
2
293
2
25
4
4
30
400
44
55
329
1
40
7
140
5
13
22
16
89
1
5
2
18
31
363
231
1
520
690
50
13
284
806
4
127
11
42
565
718
3
20
57
12
57
176
994
3
729
28
141
25
961
14
32
9
18
21
3
74
852
1
3
3
2
263
12
584
78
393
99
32
1
811
22
48
3
8
4
343
436
51
99
4
2
307
269
5
176
350
73
227
33
51
21
2
29
17
16
338
5
165
2
206
305
84
102
3
25
33
55
7
74
4
433
1
187
4
209
240
1
44
38
320
2
1
3
72
270
27
800
10
508
49
82
2
949
34
2
4
5
7
104
270
3
1
51
100
9
1
13
55
203
30
374
6
3
13
2
11
10
20
5
10
40
7
4
366
21
34
4
2
1
3
968
25
4
18
5
120
2
905
130
2
1
701
110
3
503
48
339
146
3
296
451
146
432
22
7
5
3
78
198
438
181
18
1
1
292
1
236
6
1
38
1
185
1
18
1
18
583
34
9
1
1
1
1
312
158
4
489
80
374
70
4
83
59
17
85
90
3
2
8
6
103
72
1
1
6
38
1
15
5
1
4
1
234
154
1
9
24
129
9
14
50
80
1
36
1000
224
79
784
1
242
152
183
71
213
78
1
1
1
98
3
1
401
30
4
1
2
9
112
3
7
1
17
10
129
753
2
19
758
2
657
212
806
478
8
165
133
1
2
96
147
10
70
10
2
137
78
665
629
83
13
3
8
3
55
1
186
81
391
37
124
133
48
7
56
2
875
333
2
1
2
817
3
4
2
2
4
34
75
79
56
165
187
691
14
3
67
10
8
217
18
1
382
2
121
858
190
141
19
868
46
116
534
3
6
56
135
5
1
8
16
3
5
1
725
809
186
257
1
145
19
19
29
95
2
2
32
66
497
20
9
524
4
314
1
9
11
80
51
32
2
13
128
5
1
923
3
38
681
489
311
774
1
112
4
55
103
2
1
16
1
604
1
55
65
50
2
143
40
1
41
5
95
81
375
1
2
377
2
171
20
71
58
119
7
4
1
2
5
331
271
88
2
209
1
3
275
19
67
244
217
60
40
14
3
205
4
22
312
22
185
8
18
1
76
22
61
51
37
51
250
613
4
3
115
1
386
71
181
566
10
29
11
1
15
188
122
62
580
194
3
1
6
40
49
239
2
16
364
405
28
3
10
32
42
4
1
245
94
3
230
1
726
20
138
18
5
1
93
2
3
20
151
6
788
8
129
280
2
3
145
23
562
8
517
432
35
1
1
8
16
1
1
399
25
844
129
18
241
32
98
1
5
898
1
54
188
10
12
133
1
333
10
872
4
4
628
71
4
39
855
218
92
13
678
15
1
5
3
1
2
2
2
3
4
8
3
130
521
3
19
753
49
1
38
396
16
141
28
5
150
20
1
8
77
4
1
1
141
24
5
42
14
30
92
1
34
764
1
12
828
1
1
13
792
1
203
2
1
101
2
83
3
34
987
743
54
4
1
2
1
4
4
52
9
6
8
1
6
90
55
44
10
1
54
6
573
2
43
67
3
3
2
5
389
15
4
15
5
14
5
2
1
1
38
1
1
90
13
3
18
1
2
2
6
4
275
320
31
101
47
5
46
169
27
126
2
459
26
213
5
19
5
171
2
4
229
27
2
190
3
9
226
3
7
1
145
57
132
1
105
31
1
12
468
14
73
1
15
417
86
94
856
14
120
8
239
2
3
2
33
13
1
1
13
36
638
21
666
74
5
1
210
6
675
161
356
5
3
472
349
276
5
37
1
48
287
17
517
3
314
67
2
30
16
18
1
998
4
577
908
104
1
2
2
2
637
10
67
189
1
2
18
638
56
263
17
2
326
3
123
24
132
31
244
865
81
85
56
849
28
1
145
55
98
116
246
15
9
194
1
7
82
81
2
2
3
3
15
3
117
179
162
31
4
4
13
44
146
1
311
594
494
2
542
4
9
28
1
90
66
62
35
656
876
715
41
16
11
3
163
9
456
2
44
4
152
205
876
49
21
1
6
1
1
1
351
36
2
19
1
3
1
2
353
105
256
237
409
528
5
137
178
248
121
440
183
2
2
3
805
2
2
75
1
80
666
4
115
1
51
1
49
1
993
95
6
1
9
473
301
100
4
1
22
6
41
11
2
97
806
3
34
2
1
6
76
2
677
854
83
10
12
9
52
34
17
5
1
95
29
1
22
247
1
19
1
672
409
142
2
166
73
5
117
2
292
40
7
12
32
321
46
45
2
51
131
9
171
2
73
57
79
1
242
13
512
129
1
58
267
1
2
4
714
237
391
5
8
8
121
442
2
12
11
1
11
196
23
1
318
1
7
11
80
2
128
31
20
435
5
472
10
2
3
1
15
2
1
5
612
5
452
885
1
1
741
1
212
660
1
1
306
1
1
123
20
68
1
234
16
280
78
763
76
46
707
32
7
32
36
1
37
475
7
68
85
70
589
56
39
113
32
25
185
32
706
11
3
8
4
21
420
21
45
504
236
7
6
4
9
1
2
1
15
778
112
5
241
1
205
11
3
720
4
818
1
6
59
4
52
129
28
343
13
3
2
4
13
9
42
48
270
8
29
1
1
1
259
5
944
924
6
3
1
21
60
46
14
883
1
1
2
26
79
156
1
3
1
994
43
9
54
122
7
1
71
505
44
553
12
1
19
121
1
525
686
325
3
368
1
2
76
139
26
2
1
12
178
18
3
3
5
1
1
1
6
7
793
651
75
6
784
1
8
228
13
545
976
2
868
241
1
140
1
46
321
80
2
5
563
138
131
55
89
1
9
3
919
1
1
1
598
2
3
2
98
21
62
26
1
2
25
8
107
201
160
15
13
23
9
755
114
32
2
51
3
524
25
61
81
83
53
2
31
100
6
1
145
573
495
1
10
2
136
61
3
293
382
389
256
187
45
343
45
494
592
15
38
1
219
997
18
731
1
155
2
12
46
286
4
1
83
826
450
10
1
489
4
142
755
30
136
7
63
8
32
2
30
216
11
444
6
55
168
1
43
744
118
1
322
1
98
868
178
1
34
9
360
313
2
1
802
801
32
1
40
13
2
3
661
1
2
3
14
7
3
248
14
49
1
13
149
39
4
17
1
3
23
17
18
269
1
37
1
1
69
192
770
26
2
91
11
1
10
28
1
1
2
593
6
28
3
37
2
4
808
333
28
167
136
4
1
78
32
7
302
43
197
2
103
103
632
20
4
9
143
11
1
11
9
59
69
376
6
1
242
773
400
283
143
50
2
140
44
1
12
2
166
697
796
2
299
170
2
1
7
42
27
56
160
786
3
16
39
71
1
4
113
400
34
1
77
62
196
49
1
9
532
7
1
19
2
149
2
4
13
72
81
31
4
372
21
5
9
1
679
4
160
172
39
2
526
5
1
124
352
269
9
27
21
2
76
1
2
1
3
906
1
3
1
18
848
5
2
9
272
6
85
194
49
1
520
51
387
64
218
44
32
29
68
1
143
21
39
7
693
58
21
160
1
6
586
44
6
1
176
2
835
9
25
39
1
3
451
9
66
307
11
16
368
131
297
135
1
30
206
92
3
257
319
272
1
68
280
3
23
2
40
58
3
117
7
274
205
42
22
1
70
35
11
9
3
1
2
21
99
1
237
41
4
3
149
1
107
19
992
132
5
378
494
14
2
11
136
18
22
1
3
690
3
597
41
1
72
18
3
4
18
1
4
17
1
69
120
160
38
3
94
15
516
344
4
5
3
40
1
1
27
69
3
1
6
2
5
7
11
2
223
258
17
2
2
1
457
1
9
77
804
3
2
127
15
236
12
10
109
2
2
5
5
31
117
8
142
25
336
2
14
151
4
130
5
2
152
1
332
11
1
797
6
27
10
775
3
354
1
221
12
79
840
11
163
2
49
98
31
20
7
73
9
3
839
874
5
273
1
247
16
2
26
52
943
252
204
4
10
17
102
11
4
16
138
57
2
181
407
2
3
93
210
39
37
26
239
5
2
1
1
380
525
19
1
1
11
1
55
626
3
25
4
359
17
26
351
18
1
386
282
386
15
372
111
118
6
141
1
81
881
51
3
4
9
2
24
26
385
397
611
551
77
219
17
1
158
367
67
46
57
105
25
6
3
6
329
683
52
49
22
2
66
24
11
2
7
176
32
951
408
3
3
1
231
5
3
18
884
18
1
4
18
18
4
459
5
185
10
46
7
801
7
2
854
21
72
20
6
815
66
4
2
1
14
85
7
250
681
221
3
1
135
56
6
1
315
828
549
734
1
84
46
9
38
758
485
565
1
8
1
1
219
2
9
449
767
213
528
4
1
444
24
960
32
167
53
5
221
17
52
233
95
80
1
133
1
2
189
28
972
63
8
2
765
1
87
2
161
1
879
63
283
1
5
3
351
460
313
72
3
357
172
39
24
372
2
44
576
22
16
311
626
49
8
9
740
483
11
914
70
89
50
289
601
14
1
93
311
101
140
1
604
12
1
1
27
2
130
5
30
15
59
3
4
4
1
14
48
18
49
391
11
1
5
82
137
8
201
199
24
10
13
3
1
1
5
516
5
42
770
9
438
58
91
166
7
1
3
6
133
9
132
55
4
8
625
673
143
77
197
4
1
9
3
2
3
706
469
387
26
473
5
68
1
771
2
178
3
242
1
1
746
3
309
33
90
285
12
27
126
1
23
339
21
2
2
35
7
954
1
70
1
31
608
281
75
1
744
376
4
9
2
131
3
78
12
22
76
1
435
268
1
1
1
2
11
18
1
15
49
50
217
88
219
1
1
14
44
31
888
1
7
286
159
2
1
613
641
23
2
2
4
298
753
131
77
26
1
6
400
27
51
595
228
96
499
39
6
2
459
116
1
25
64
334
11
745
1
1
19
224
15
84
6
8
1
814
374
11
209
112
1
26
45
21
17
225
6
29
504
16
3
4
52
5
1
1
3
3
5
1
626
107
85
402
4
3
5
312
4
55
163
2
16
754
39
150
196
2
1
1
40
4
207
41
1
2
34
13
135
425
82
84
1
5
136
4
105
1
14
11
3
2
9
283
874
366
125
1
13
87
27
221
1
9
361
2
64
22
3
54
17
1
4
33
10
21
13
385
184
1
2
2
1
52
1
1
137
4
7
401
5
2
2
60
75
53
102
1
5
5
85
1
74
118
92
62
7
16
1
29
71
1
130
1
1
1
1
2
54
62
8
108
2
60
1
3
2
7
43
958
308
1
36
24
164
6
2
318
152
84
3
6
5
105
5
73
7
240
5
74
200
1
198
83
44
99
129
1
1
911
116
715
114
1
113
181
81
72
2
5
458
81
8
134
4
64
8
84
3
45
426
333
14
12
502
6
7
223
23
24
722
768
15
90
34
2
41
3
2
1
1
152
432
834
11
2
21
10
76
72
851
3
442
469
4
54
105
2
482
23
20
47
4
102
1
124
2
51
6
58
65
991
24
1
1
79
28
6
42
6
16
1
1
50
440
1
3
19
65
191
5
4
693
11
30
258
2
847
749
5
926
433
301
164
2
228
325
557
22
617
31
447
29
43
181
3
19
239
3
616
1
1
2
124
19
3
565
326
3
201
5
414
24
1
9
1
4
27
6
8
1
5
11
5
11
10
315
1
121
7
35
1
23
99
2
2
28
2
76
2
57
7
32
1
18
27
942
3
3
455
30
2
22
149
225
1
3
1
125
26
52
249
541
33
162
37
560
702
383
336
660
1
2
2
2
9
2
2
2
536
1
79
6
33
541
99
441
15
3
497
4
6
13
58
19
11
30
10
799
2
1
906
2
511
2
20
5
1
274
103
16
15
1
469
1
606
5
11
51
26
651
9
582
73
3
1
30
464
1
184
1
288
2
19
507
2
1
196
15
1
245
2
7
67
186
11
260
515
50
1
4
422
406
123
23
871
20
2
169
113
742
1
32
1
139
405
78
1
3
4
7
33
173
45
2
26
13
2
9
4
448
37
47
46
5
2
93
550
23
19
2
191
2
1
1
1
939
619
678
106
50
1
26
49
1
687
85
882
52
1
170
26
966
13
16
1
38
13
1
160
23
12
315
881
21
237
1
12
243
893
2
2
882
2
19
10
272
16
23
13
552
8
159
4
41
25
69
189
116
1
442
16
251
28
3
2
820
279
441
758
2
2
6
422
1
2
41
6
338
13
2
1
4
6
1
79
258
89
1
8
202
280
81
62
872
1
986
34
1
763
201
17
431
177
8
753
118
416
2
55
891
21
8
806
13
30
329
510
88
805
5
102
3
8
72
2
43
1
17
8
849
11
81
103
1
983
5
11
133
1
19
640
5
67
55
1
12
9
41
1
1
1
70
23
159
16
95
25
78
350
844
102
200
420
209
72
258
248
28
1
238
97
1
26
39
17
343
73
423
16
76
63
43
18
5
11
109
83
1
201
347
40
10
3
143
740
992
1
1
1
10
45
164
50
9
12
1
15
47
154
57
123
2
163
4
1
10
3
4
19
137
295
264
2
87
39
48
10
10
360
59
21
307
7
113
3
1
228
135
21
151
8
15
1
17
16
4
2
149
247
10
1
7
394
732
1
11
3
27
244
399
27
604
301
5
8
1
33
495
93
9
33
2
3
586
397
449
255
17
607
19
201
6
175
516
18
27
665
1
80
57
1
144
16
19
64
7
1
3
91
1
811
1
2
46
1
91
6
134
1
10
172
33
266
231
22
328
1
2
7
1
2
57
1
321
987
4
907
53
1
161
1
11
27
3
213
907
11
171
221
5
1
278
29
4
2
4
838
1
188
37
9
2
4
2
21
15
403
11
11
408
2
45
13
555
153
52
218
36
721
159
1
77
6
20
34
337
59
927
2
1
141
9
78
1
471
20
5
73
1
305
2
2
289
8
4
73
2
131
8
142
1
8
376
958
643
3
18
1
217
691
493
383
209
407
4
3
37
10
236
6
1
29
98
826
67
94
223
1
37
8
8
1
1
6
7
4
8
2
1
957
450
134
309
136
2
59
158
7
415
4
2
362
4
244
4
28
984
4
674
1
308
960
924
105
27
24
447
1
1
352
3
2
15
12
16
11
508
446
8
139
92
1
4
1
6
1
2
1
804
85
3
433
71
2
12
24
5
38
1
1
493
12
6
68
649
2
17
6
1
1
2
1
120
1
108
2
3
1
1
788
2
5
604
9
8
126
90
464
12
7
2
230
93
47
35
11
13
40
4
1
89
1
6
203
9
4
7
519
19
222
1
160
12
2
27
1
51
32
1
40
621
297
61
383
4
336
37
39
1
30
13
3
87
13
3
402
68
34
1
99
12
19
11
1
126
4
1
4
84
4
1
17
5
56
7
1
21
238
30
3
2
1
645
2
12
1
12
22
3
60
6
53
4
87
181
3
9
155
3
1
3
982
8
294
34
1
2
12
1
6
1
1
131
7
3
14
1
1
4
2
1
24
11
468
7
1
6
360
6
762
51
706
66
1
272
12
161
179
76
38
852
548
474
14
1
7
984
351
171
898
48
2
11
2
69
25
317
5
1
1
338
1
1
55
10
172
22
2
1
12
20
665
18
87
405
277
4
682
501
544
54
590
584
690
2
2
9
1
156
1
630
1
259
306
609
11
453
187
127
13
1
2
1
48
5
331
3
530
1
1
79
3
428
383
265
4
30
63
511
46
15
32
10
147
43
4
12
194
4
14
52
36
5
29
343
2
73
7
47
15
788
66
14
462
62
78
21
116
157
6
123
10
44
98
1
380
369
93
19
520
61
16
98
541
157
12
1
24
50
894
256
303
214
1
3
14
11
1
233
16
1
210
12
28
8
4
66
55
4
4
26
26
900
10
1
992
95
613
2
125
711
6
163
1
2
21
948
7
29
134
164
2
708
104
727
16
4
2
1
1
15
2
4
3
148
1
92
17
1
16
19
832
68
38
18
87
210
746
41
7
3
49
8
15
6
465
48
156
936
15
32
26
1
12
2
39
16
1
2
48
11
31
2
1
25
321
2
537
497
47
18
666
84
101
5
52
892
146
29
1
10
310
479
123
113
58
148
816
1
6
3
83
20
570
1
541
75
486
257
1
268
161
3
12
58
3
1
99
2
2
25
69
7
1
32
246
256
62
1
76
7
1
203
10
911
857
170
721
15
1
591
1
2
18
16
3
129
246
2
215
1
74
41
2
6
21
1
1
35
441
24
2
25
83
2
47
33
7
229
5
83
289
117
1
5
7
2
3
74
231
384
1
86
1
73
1
35
16
6
458
70
171
188
15
56
159
791
10
4
11
2
314
18
532
6
17
2
131
6
99
838
8
331
1
1
5
64
22
572
935
4
11
9
52
1
1
1
1
105
17
1
9
815
257
1
141
519
10
78
10
48
10
228
126
67
28
142
1
1
1
30
26
17
336
6
2
2
449
176
70
2
37
133
65
325
44
399
2
367
1
191
2
63
795
45
1
8
2
2
205
448
129
27
7
475
1
1
12
9
4
841
344
8
9
842
7
13
37
1
15
396
492
218
642
122
5
40
14
6
2
1
860
6
2
567
702
4
24
2
20
1
574
109
9
51
102
2
140
317
1
45
23
1
5
5
511
24
136
641
35
153
3
71
3
161
5
747
9
15
32
6
14
2
6
943
8
2
1
8
6
67
1
33
9
8
26
10
56
42
1
171
15
388
41
25
62
43
189
511
2
674
804
88
1
1
6
1
1
1
5
1
10
420
1
168
8
3
79
1
15
6
2
78
128
681
4
12
4
797
17
147
857
1
1
454
659
209
9
774
37
987
798
12
1
570
6
160
1
1
2
805
4
2
33
3
4
3
353
41
663
359
5
329
174
203
22
2
19
11
104
102
1
11
745
3
2
13
388
901
372
5
21
1
2
14
2
2
104
180
28
88
1
1
14
1
18
7
1
112
12
47
178
8
111
1
80
1
315
626
302
12
1
48
3
34
14
669
131
102
7
981
896
346
41
228
99
4
2
781
6
29
5
1
1
3
42
5
19
91
1
23
400
10
71
7
21
33
830
309
16
315
165
15
56
236
165
989
13
644
140
205
8
78
261
733
6
104
17
1
1
13
9
3
5
42
18
813
133
22
15
1
5
2
11
87
5
132
23
1
77
6
28
12
2
4
228
2
1
137
1
27
70
5
12
8
9
875
280
2
7
2
893
197
2
1
229
594
8
63
1
1
1
4
160
43
4
81
107
7
103
2
173
15
1
54
188
104
62
22
191
106
21
382
2
5
1
942
18
1
3
181
772
154
14
1
38
2
2
312
12
3
702
3
1
216
264
1
9
1
28
989
21
100
192
22
412
3
3
39
9
701
788
743
10
30
59
497
68
173
17
4
216
1
1
54
51
1
1
499
1
276
653
955
175
702
29
3
36
260
14
5
578
1
232
106
13
54
1
19
3
789
55
8
4
866
28
65
16
271
1
32
312
83
114
11
462
302
6
273
834
6
443
1
4
689
56
2
3
15
1
510
188
55
10
62
9
3
9
574
629
98
23
1
1
949
16
1
494
203
9
8
4
111
95
700
3
29
1
313
179
1
1
180
1
1
11
4
383
132
264
675
367
12
37
133
314
8
15
2
4
7
106
7
119
80
893
2
35
2
105
71
2
867
97
526
411
2
6
24
159
2
5
1
13
51
908
2
29
787
1
438
3
55
28
1
2
79
3
194
2
2
1
766
696
262
2
8
2
12
2
1
401
6
154
162
18
5
208
1
15
640
92
392
5
56
73
4
608
643
20
775
36
4
2
647
30
5
66
14
247
7
15
1
39
1
1
86
21
1
175
11
34
159
2
310
865
577
7
2
242
21
6
3
924
8
622
13
636
1
259
16
6
43
29
474
117
7
1
2
3
149
6
9
10
7
1
17
17
11
3
1
53
360
2
30
259
210
26
302
960
82
16
7
540
1
1
9
4
15
6
133
152
17
982
34
26
4
141
104
499
43
1
147
68
124
9
1
6
1
43
5
767
118
239
6
70
375
3
90
24
90
112
1
692
1
344
4
2
35
57
7
2
23
105
21
373
26
345
1
59
97
269
1
2
8
73
54
3
2
51
12
4
278
1
6
203
1
225
32
18
121
11
34
9
8
83
1
24
2
732
3
54
1
157
338
3
243
178
5
2
3
2
956
20
20
1
1
2
2
3
45
11
839
16
1
6
1
84
496
29
90
12
1
106
787
20
1
167
712
1
42
17
6
1
572
1
1
337
1
9
2
5
27
181
31
450
19
187
56
1
293
191
13
609
20
26
65
6
3
9
13
31
440
97
9
3
4
2
533
2
380
2
3
18
1
83
4
147
10
16
436
3
9
720
10
3
623
52
286
1
56
1
838
1
656
107
19
18
22
5
18
82
84
13
248
85
2
10
21
4
293
1
915
128
1
3
46
118
13
130
126
25
122
31
48
2
27
4
86
17
4
188
12
1
81
25
524
1
1
1
77
1
91
13
26
2
295
5
3
11
192
17
2
313
8
87
9
11
466
443
639
16
341
341
411
44
173
8
4
5
1
5
1
14
324
100
1
1
23
236
9
395
462
872
2
847
66
7
5
1
1
160
698
232
890
308
9
1
11
20
15
1
300
1
524
75
4
4
2
301
10
42
41
21
2
11
2
762
164
5
14
12
1
13
345
25
9
204
5
1
1
107
12
1
61
5
35
546
11
48
37
417
16
3
246
10
6
1
60
6
2
84
98
1
19
1
57
24
12
1
41
124
15
1
60
32
1
11
1
145
484
91
2
1
17
407
383
2
439
2
11
785
3
1
5
5
1
19
1
1
3
2
346
189
5
76
1
2
10
1
1
11
1
3
10
443
2
10
64
186
775
8
56
5
21
4
12
2
2
2
5
822
270
837
535
168
87
527
994
3
1
173
3
30
66
11
173
9
95
225
273
4
1
108
252
20
2
2
329
1
13
1
608
71
536
1
2
532
2
1
111
100
4
609
159
41
2
41
309
107
549
9
19
659
34
233
1
43
5
9
1
17
61
65
18
1
282
1
1
1
17
200
2
15
233
4
5
59
1
14
18
38
77
229
907
87
1
161
1
726
319
8
3
1
2
1
492
1
7
1
17
9
76
5
125
168
754
22
7
2
725
20
1
1
6
1
555
107
219
8
1
2
9
1
463
8
3
23
7
1
2
1
336
104
938
1
38
668
4
1
1
13
171
735
26
74
68
1
341
19
2
76
6
230
35
6
10
5
1
218
479
4
38
146
1
16
5
7
136
4
1
709
3
5
3
16
13
1
2
4
114
1
93
748
1
1
49
3
11
2
337
22
42
417
26
33
39
2
30
1
74
22
3
5
1
4
6
102
2
33
1
1
87
348
80
1
836
102
10
14
4
2
822
36
60
7
753
169
6
11
1
14
30
1
29
12
327
5
924
23
4
530
4
1
5
1
6
3
786
2
88
2
6
1
3
1
1
8
1
491
1
15
343
2
7
1
91
673
17
31
1
8
1
15
1
392
22
8
5
60
1
85
1
505
52
648
357
1
940
159
23
216
1
15
100
30
1
13
13
254
3
227
104
31
1
6
4
69
1
2
114
4
27
386
891
212
1
72
6
1
9
71
6
59
58
83
325
63
2
5
79
133
366
3
15
30
1
298
2
325
1
395
1
1
39
50
49
82
15
14
1
419
157
146
767
17
387
12
4
2
58
1
19
1
210
35
6
6
38
8
25
618
6
25
86
2
259
56
125
2
5
127
167
1
360
19
62
565
116
672
1
109
16
10
1
8
57
24
8
1
26
5
1
195
29
45
584
9
1
1
1
714
8
1
659
146
157
29
87
6
2
180
2
10
275
2
421
770
15
5
3
46
116
4
82
4
199
371
357
475
414
347
108
37
177
647
464
32
38
92
251
31
13
3
8
31
1
517
109
9
39
11
691
625
1
164
5
1
4
2
101
3
1
298
118
2
2
2
17
111
2
1
156
721
29
2
221
5
835
1
2
862
69
1
41
29
69
891
106
1
147
32
4
52
23
2
839
125
83
2
47
1
2
7
31
28
12
2
34
9
1
121
26
2
513
109
2
149
429
1
19
190
49
11
71
557
11
1
26
1
15
25
25
118
42
2
22
2
1
3
1
9
409
56
22
33
11
3
574
31
23
2
46
8
11
1
1
894
1
5
1
46
2
1
20
54
20
380
793
1
683
1
4
145
217
1
22
185
769
698
2
116
252
722
2
7
1
31
1
250
4
22
18
3
18
5
53
1
2
1
1
11
23
13
2
4
99
47
2
880
9
147
16
3
256
2
63
51
18
787
249
14
33
1
2
69
58
632
3
318
5
385
1
80
343
274
146
324
22
6
10
1
62
3
289
813
371
886
1
13
469
891
3
1
1
52
1
21
18
459
1
399
41
280
523
357
521
112
3
843
12
1
5
4
1
559
532
22
57
457
1
5
23
3
12
1
2
294
3
14
981
1
554
1
58
199
1
26
49
16
222
1
21
38
43
4
12
6
231
62
16
72
1
18
398
22
4
104
120
2
915
25
367
4
4
205
34
1
14
24
15
77
22
17
896
188
158
1
15
4
6
26
2
407
511
42
181
56
454
6
16
1
241
23
11
3
1
1
435
584
337
8
667
8
537
65
13
23
26
199
597
112
158
2
3
5
134
1
61
14
1
861
28
262
1
253
30
77
1
19
10
1
1
15
201
358
2
234
21
119
3
25
30
61
116
78
2
1
17
1
3
3
5
9
40
21
740
156
30
1
3
264
9
112
128
930
515
1
9
1
26
26
34
35
15
26
461
519
4
169
10
3
63
45
16
6
1
2
108
14
142
1
2
907
6
14
386
13
57
1
9
341
3
430
28
1
655
2
3
1
42
3
4
8
95
89
310
39
8
1
409
16
43
528
161
6
20
17
1
262
101
1
52
354
105
10
202
16
660
48
18
22
219
2
3
327
2
3
483
106
3
36
4
69
2
59
22
3
9
2
519
8
405
1
3
68
1
20
108
18
1
47
171
66
14
2
667
1
413
2
2
1
147
632
102
7
7
3
188
1
22
6
1
42
13
4
711
5
1
188
898
5
18
122
6
154
2
19
1
10
1
957
60
176
44
111
79
3
148
6
3
15
1
1
818
72
3
352
506
293
5
676
3
1
1
1
2
128
23
7
33
218
258
2
211
160
725
1
1
45
5
37
12
10
15
1
183
62
49
1
1
1
3
1
46
3
6
3
2
91
5
5
10
11
116
3
418
16
8
464
460
11
62
3
933
121
873
162
1
19
55
68
480
28
3
3
665
341
19
312
7
81
1
94
236
39
932
61
62
477
5
1
50
138
935
761
5
45
9
253
2
134
1
1
6
2
2
33
1
202
3
33
2
1
102
10
17
86
15
1
13
16
423
3
11
38
334
20
1
283
344
1
465
271
4
1
31
654
536
42
285
14
986
486
89
41
1
9
1
380
1
3
2
746
1
706
2
10
372
294
1
12
598
242
163
27
5
30
232
103
7
5
73
1
7
2
24
2
36
30
73
14
2
547
89
28
177
115
1
220
66
7
1
1
1
1
39
20
3
2
68
44
4
5
15
476
13
9
6
11
15
1
111
96
8
348
159
2
648
15
2
4
4
644
191
346
3
4
1
543
740
231
13
2
58
4
979
9
94
229
818
35
1
135
15
5
5
21
81
406
1
109
46
1
1
1
2
263
1
539
11
128
27
2
5
26
27
377
127
39
12
5
135
1
2
3
8
224
5
48
4
110
253
112
729
5
1
454
1
12
68
129
233
28
2
4
32
443
38
18
48
437
1
3
16
26
150
21
3
864
2
7
490
900
14
1
159
4
25
204
48
1
103
506
2
30
1
1
299
271
151
34
267
1
45
34
35
111
37
317
607
25
269
236
17
136
18
3
33
259
509
55
332
1
4
99
3
8
1
11
716
6
2
20
1
171
1
61
6
876
333
17
511
213
4
637
2
407
1
47
16
143
1
50
147
17
2
85
4
271
1
2
971
550
21
8
79
398
220
1
2
2
29
1
1
151
1
404
3
618
1
15
26
365
1
67
1
9
624
2
2
285
16
9
446
214
58
430
16
476
96
40
121
962
515
49
9
976
4
5
35
844
190
3
9
12
170
520
1
17
8
462
3
183
25
401
203
714
315
2
1
75
39
4
12
1
1
44
1
472
462
1
1
610
3
644
470
214
17
89
1
406
14
303
67
121
1
261
70
129
7
15
113
1
1
14
138
15
423
20
21
879
2
9
906
3
997
4
347
214
1
9
15
20
9
2
1
210
885
1
852
1
21
632
36
502
532
5
41
24
1
62
519
9
2
2
119
63
120
27
42
2
21
647
36
214
1
3
293
2
159
90
98
259
150
45
76
121
24
31
156
401
209
10
3
9
33
175
1
55
90
135
71
225
1
29
4
100
1
986
66
3
1
5
206
2
194
732
14
599
139
1
1
299
10
69
3
284
2
25
8
8
157
846
346
8
2
878
1
15
70
47
1
60
23
56
84
3
60
79
886
851
401
67
60
21
359
1
239
4
3
329
1
21
1
7
104
3
1
1
8
10
1
42
280
270
9
107
1
119
86
238
2
59
3
5
442
114
6
2
1
755
1
23
7
49
15
2
270
83
87
3
1
7
89
9
1
10
84
260
1
25
3
40
25
813
6
1
2
2
18
183
21
28
5
43
11
21
15
6
16
35
771
1
47
39
713
172
70
138
1
162
6
3
5
1
71
6
22
39
503
111
1
2
12
20
11
3
170
8
1
166
37
366
10
993
6
3
126
13
1
4
28
873
214
5
206
146
11
8
1
416
89
8
38
159
127
4
80
1
71
1
171
74
12
10
2
315
81
196
9
135
3
43
7
761
673
10
338
2
2
218
8
2
557
1
1
1000
46
34
171
23
1
4
35
841
1
6
1
5
757
1
642
9
243
1
689
1
2
40
3
98
636
1
111
491
93
38
5
31
309
251
1
2
1
19
14
7
38
4
55
202
1
4
1
960
532
69
91
8
8
1
7
1
23
355
427
199
141
371
47
4
6
7
3
22
141
11
2
3
3
1
1
102
3
111
2
70
64
54
31
546
175
753
464
5
251
141
13
15
1
5
932
2
520
1
674
553
934
1
2
3
15
491
2
102
295
9
7
4
1
7
394
435
11
2
794
2
112
264
9
81
17
1
985
2
1
81
26
383
515
8
2
1
404
399
4
47
502
399
16
2
18
12
1
488
321
6
90
3
687
1
1
827
8
638
103
314
62
67
20
4
226
124
23
41
3
12
392
38
51
62
2
1
4
23
925
103
165
2
27
65
8
965
404
18
16
271
69
833
138
2
86
13
1
228
53
11
3
92
379
71
70
324
6
1
61
2
448
606
1
46
51
443
1
204
302
6
3
1
727
1
19
594
6
1
119
156
175
30
18
1
10
1
22
290
1
43
21
128
83
1
562
1
4
4
11
1
15
31
116
18
11
1
81
43
1
79
109
10
1
2
886
3
15
119
37
3
121
4
105
30
16
745
40
12
61
3
372
819
162
2
1
43
38
44
2
88
1
9
2
301
34
1
1
10
1
514
4
53
8
24
5
10
1
35
55
8
23
14
38
142
774
78
7
489
10
225
593
10
6
55
22
410
311
21
68
51
31
243
1
71
238
63
23
15
3
90
38
120
11
501
69
1
29
486
1
4
2
1
1
335
78
2
256
138
2
38
94
129
6
53
35
2
2
580
10
66
4
104
204
3
431
5
5
3
2
323
6
571
1
2
139
19
10
38
20
1
42
5
1
4
15
24
201
273
194
203
139
18
316
104
1
113
79
5
2
18
2
6
79
23
458
932
764
751
5
11
9
1
11
17
2
1
3
294
399
468
870
654
1
5
127
837
1
685
5
662
95
434
623
40
6
4
6
257
117
4
7
69
3
68
46
30
5
3
591
848
3
1
24
338
9
1
652
3
1
1
2
582
1
31
4
274
126
76
6
80
63
4
2
200
6
1
43
1
149
26
3
2
93
9
6
265
101
3
12
10
91
4
719
45
3
247
149
295
81
223
2
57
4
1
750
26
102
463
6
780
54
676
154
239
477
4
531
9
1
42
191
2
2
211
1
543
136
8
10
2
464
202
22
2
71
16
411
1
140
201
10
29
3
205
4
4
582
58
65
90
6
3
46
88
8
178
10
10
7
82
32
1
42
201
3
4
6
2
1
4
153
31
464
412
57
563
14
1
8
39
5
1
291
797
2
15
76
26
728
11
876
5
2
177
72
523
127
20
105
6
10
5
3
40
106
105
2
26
589
132
190
249
334
20
9
1
103
2
70
6
9
351
4
9
678
31
81
35
20
1
6
287
1
332
504
11
21
561
8
14
6
63
10
1
23
880
9
3
312
50
59
9
23
1
127
8
16
34
1
34
1
47
1
1
3
16
551
763
67
572
77
11
218
559
7
109
1
41
46
282
875
30
1
956
7
130
3
58
61
216
20
78
273
1
4
5
27
112
4
272
14
24
96
663
340
1
16
3
1
28
82
8
1
677
2
231
386
1
162
9
4
8
1
31
2
19
41
30
173
15
224
69
188
1
43
628
8
11
5
2
12
8
113
2
2
591
1
2
68
408
2
179
3
178
272
3
11
428
249
3
2
319
90
10
23
2
145
1
1
242
16
5
31
1
58
4
6
1
84
4
1
28
90
31
120
339
352
10
10
344
31
6
1
1
344
40
3
1
102
2
1
1
2
1
3
121
19
76
25
72
178
33
692
20
1
2
353
5
2
1
1
63
25
3
108
374
1
786
259
408
1
9
573
1
134
5
55
9
925
124
30
3
5
11
380
34
64
5
24
1
40
50
207
3
508
27
56
6
125
68
22
264
2
3
17
172
1
61
3
4
1
27
14
59
659
6
7
7
2
2
11
149
36
55
129
72
2
3
71
2
2
17
40
99
138
1
661
659
10
18
426
242
19
532
2
54
7
300
64
1
15
37
60
18
6
994
10
4
38
13
213
114
3
7
1
142
1
847
953
119
17
13
5
6
4
1
1
10
2
420
119
60
4
920
34
35
3
810
202
1
763
2
43
819
58
1
457
142
299
20
207
272
16
12
12
6
4
8
959
22
265
314
933
341
3
2
1
12
1
1
175
17
3
12
1
1
3
13
32
14
18
1
38
4
616
358
5
1
128
234
6
596
396
2
451
851
8
3
4
3
940
21
880
179
30
7
147
3
394
2
24
67
199
6
24
117
1
1
2
400
4
696
337
91
9
3
39
493
1
1
2
8
3
101
8
39
4
38
222
6
12
3
1
1
1
3
1
7
1
121
12
6
522
119
4
1
321
50
298
144
18
28
146
52
623
53
33
795
14
55
60
182
156
3
9
908
18
1
46
20
119
59
902
254
3
175
2
1
31
1
5
7
84
76
5
1
378
128
176
3
188
5
2
19
331
5
516
24
8
161
189
1
99
1
274
4
2
92
4
1
2
15
212
26
27
18
14
310
5
5
34
4
13
842
538
15
11
4
58
81
6
1
59
2
535
20
2
2
460
2
5
18
22
3
1
28
28
1
107
3
423
10
17
29
20
2
2
17
14
1
19
19
9
9
1
591
214
253
232
46
5
3
67
555
7
344
25
952
1
58
1
7
159
14
202
127
142
990
191
1
14
45
25
6
2
62
110
4
42
96
19
1
610
38
2
17
6
438
13
2
53
82
36
126
1
189
1
443
3
243
53
6
2
28
276
179
391
951
140
9
291
31
7
1
548
151
799
1
685
881
422
6
79
3
364
61
1
216
10
3
107
3
689
108
211
5
93
6
14
46
74
6
1
96
729
4
601
77
1
15
2
369
5
20
78
3
3
27
469
17
160
45
3
503
9
706
118
47
133
1
564
98
2
307
102
945
82
1
266
2
20
1
1
8
437
23
8
19
2
25
434
393
29
1
61
68
2
8
29
40
259
58
50
345
182
67
3
2
58
2
244
203
36
294
3
742
818
1
935
4
19
99
64
19
26
5
179
238
46
725
179
112
32
10
68
13
9
64
3
110
1
204
5
1
745
1
374
162
4
389
7
10
21
14
1
93
3
433
3
573
3
14
1
7
58
7
378
1
93
6
304
35
15
58
349
51
712
29
7
169
5
1
656
7
7
117
218
72
3
136
6
171
3
21
1
39
28
4
1
421
735
1
133
65
459
5
1
2
110
52
36
251
8
6
3
659
103
158
7
110
3
222
202
6
8
1
117
903
3
103
1
3
664
338
679
15
3
9
356
219
208
193
46
1
7
2
72
2
3
1
24
231
443
2
649
1
511
177
12
15
99
97
3
153
2
70
939
427
201
6
754
7
38
1
3
2
16
1
1
1
6
6
995
317
201
175
1
44
8
26
2
1
17
1
2
1
149
456
8
350
620
35
332
2
1
40
880
78
3
200
498
201
156
51
353
136
1
1
3
887
981
144
836
3
7
475
25
24
19
1
5
20
70
66
37
16
136
10
89
131
24
702
506
2
519
312
195
11
1
74
143
868
3
439
3
639
230
3
598
524
152
137
2
16
3
60
504
502
39
1
75
254
13
1
61
8
21
181
128
112
2
404
266
895
14
3
2
392
51
3
103
1
29
1
55
2
1
4
4
18
5
470
3
13
25
1
43
10
9
113
3
4
41
119
4
1
144
47
28
134
841
243
11
1
1
15
2
1
5
107
120
20
109
5
28
39
5
30
105
4
2
1
8
803
1
100
4
105
367
2
730
515
3
38
3
1
1
154
840
25
24
44
5
721
10
11
94
112
649
325
648
45
1
5
806
48
10
1
36
3
5
2
324
1
66
763
6
19
333
48
937
530
40
1
660
1
14
4
1
240
21
393
541
83
141
67
22
7
13
4
64
19
9
241
2
217
98
1
274
3
138
235
1
30
11
13
5
366
1
3
4
250
15
4
256
32
3
251
1
71
38
411
5
2
340
577
1
375
4
38
508
653
1
78
29
167
6
1
2
513
134
5
396
608
86
640
8
775
1
1
80
566
1
133
3
1
77
65
158
9
5
15
5
9
14
7
20
432
1
84
5
1
19
7
256
363
91
1
97
147
2
8
15
359
2
1
66
35
1
1
271
3
10
221
12
412
31
85
2
136
6
804
12
1
14
1
277
29
237
785
4
9
100
1
37
61
5
1
139
41
57
1
7
813
4
2
93
357
1
2
163
776
431
31
9
59
68
90
4
905
409
10
78
33
486
8
40
115
60
2
168
53
251
868
2
1
108
2
46
57
1
213
113
2
51
80
693
24
4
2
1
8
47
22
61
52
63
647
141
1
327
51
21
9
931
20
1
5
6
1
557
532
1
1
3
75
5
1
1
7
25
474
255
133
229
1
3
222
1
2
29
10
277
2
19
12
435
1
1
8
3
14
81
126
14
10
1
20
4
13
1
3
459
20
5
10
1
85
25
32
11
1
1
47
1
132
16
226
4
100
4
119
997
16
5
244
10
1
125
35
5
1
2
2
773
520
2
4
26
62
8
2
1
371
48
78
78
1
672
9
68
180
187
29
14
2
24
1
114
3
7
5
957
3
2
18
1
169
1
35
12
4
268
1
461
1
32
1
36
210
43
241
11
15
5
3
38
243
7
686
4
92
466
8
14
46
22
459
6
285
1
263
365
1
271
8
1
18
569
6
411
102
6
25
5
8
5
226
1
13
1
53
18
16
75
248
120
350
107
462
5
2
142
61
11
26
836
2
22
8
1
76
318
5
86
52
382
37
4
3
2
22
84
22
3
56
132
20
490
1
94
760
2
57
1
76
1
347
13
2
5
26
161
66
5
129
8
77
1
30
587
1
1
21
91
250
7
735
2
8
1
2
489
207
5
200
32
9
92
37
700
250
521
16
1
1
51
583
11
5
173
323
22
633
7
879
67
820
1
5
86
29
80
5
206
34
6
195
1
489
9
833
4
24
6
556
181
406
3
20
61
103
74
651
643
159
2
88
1
17
93
19
43
52
135
386
3
41
1
1
150
3
324
53
4
1
373
797
13
188
48
73
312
738
114
29
23
1
3
269
106
4
852
1
2
43
3
16
13
1
9
1
202
1
407
6
460
1
2
12
5
17
9
98
1
1
20
2
30
12
683
960
1
158
41
1
685
1
45
85
292
598
10
4
34
695
4
492
391
37
454
485
796
135
23
24
392
14
1
1
2
463
8
1
163
34
2
88
1
2
58
18
899
1
33
185
108
3
996
4
10
543
87
1
2
6
356
3
1
3
2
6
72
41
568
14
78
2
102
202
1
198
1
9
1
5
207
21
90
63
5
93
1
44
1
12
29
2
4
539
2
16
66
1
24
374
125
20
880
105
37
695
45
1
1
9
3
4
9
1
7
3
689
21
56
229
524
1
312
1
632
88
39
562
59
93
188
58
25
1
1
38
544
23
253
139
3
12
434
19
21
245
130
20
9
942
13
5
7
155
3
1
1
2
2
64
43
8
1
1
38
312
1
4
117
1
105
524
452
41
5
6
9
131
73
3
15
4
30
1
274
10
180
9
500
27
2
23
9
73
752
140
10
27
704
2
5
1
51
277
12
34
880
248
45
3
3
9
802
935
324
1
5
127
534
4
24
21
28
47
10
49
158
703
6
1
3
81
3
7
1
15
113
687
65
2
15
84
51
24
267
142
98
2
637
23
52
2
1
2
5
3
17
11
429
5
281
16
524
952
997
296
197
9
4
101
29
4
90
78
61
1
3
10
501
1
29
18
1
1
61
88
40
14
44
397
2
2
881
2
18
357
10
6
4
1
211
200
176
41
1
1
293
137
2
41
1
20
4
444
1
60
353
207
248
5
1
5
19
329
3
8
681
1
1
726
1
10
103
66
84
8
22
212
1
1
46
17
13
2
17
190
5
69
36
28
287
1
178
3
1
14
392
130
590
20
143
7
2
23
42
1
1
100
35
9
13
6
15
210
71
676
263
106
52
21
73
36
37
291
247
3
275
9
69
15
179
4
4
1
910
2
49
3
12
7
83
993
69
7
2
99
278
2
3
704
16
25
129
7
10
568
521
59
41
4
2
4
356
85
13
1
387
877
2
6
12
5
5
3
108
39
20
5
33
2
142
1
151
345
18
1
5
1
1
7
4
1
39
17
37
43
31
8
808
4
15
18
699
4
698
1
871
43
30
43
1
23
227
222
363
1
549
15
101
1
2
792
631
9
273
759
290
148
156
1
14
645
2
532
395
2
4
11
5
150
7
111
209
56
2
88
53
260
11
12
79
23
4
9
46
4
472
137
2
133
221
221
24
1
40
18
8
78
7
4
27
10
1
139
366
3
1
22
45
2
55
60
961
2
478
48
56
1
3
1
12
4
259
5
196
98
188
6
44
1
2
2
633
15
477
203
6
41
4
32
105
125
103
25
2
9
59
247
300
1
50
130
1
130
3
1
11
30
13
3
2
227
39
2
34
26
229
1
645
126
1
2
130
9
371
29
1
432
898
208
3
66
231
27
56
142
9
199
163
10
112
3
1
129
1
153
6
198
9
10
208
1
557
382
16
8
25
5
538
34
39
524
123
9
1
5
1
27
812
1
4
359
8
3
1
644
3
14
2
67
6
1
1
25
1
875
1
49
16
5
49
30
13
424
12
5
111
2
76
2
45
34
188
9
909
1
760
30
2
1
602
5
5
546
301
467
2
1
5
4
2
13
25
501
13
4
1
242
475
10
627
294
28
1
224
143
2
98
28
374
120
667
6
636
564
2
282
248
1
573
1
5
1
10
5
4
38
1
232
55
6
10
141
9
11
181
2
188
3
2
5
13
128
301
28
262
2
68
1
326
22
432
8
53
208
1
113
2
52
9
11
40
420
1
178
196
1
3
8
53
4
31
25
2
5
614
19
2
56
2
4
18
471
669
3
3
76
13
2
3
3
991
133
10
1
72
17
4
90
307
590
50
9
4
88
787
7
2
4
2
536
180
58
11
2
207
25
16
1
639
9
37
507
3
1
9
132
8
83
4
119
16
583
294
767
1
655
804
2
78
386
50
4
244
73
573
71
17
6
1
425
2
120
677
686
66
277
13
5
1
19
26
2
23
887
30
65
7
119
103
13
2
21
882
72
38
51
433
18
66
752
16
34
1
177
3
18
63
145
2
149
22
1
86
853
1
25
203
368
566
50
78
845
892
639
8
2
251
12
90
392
435
2
99
21
2
102
576
597
140
130
4
2
5
195
1
355
5
1
39
11
361
10
54
851
75
103
120
27
6
420
2
2
1
6
1
9
35
4
9
11
144
32
612
2
1
1
2
159
20
39
2
2
5
2
63
380
326
10
225
637
1
25
22
374
514
661
450
10
4
694
4
5
346
634
53
851
83
660
2
303
5
21
1
3
24
2
127
2
12
5
8
3
36
1
439
122
362
410
11
815
18
157
12
6
105
13
465
81
313
527
4
51
685
23
344
71
4
1
85
252
1
25
464
8
44
17
479
709
250
1
690
956
265
84
3
62
623
63
2
74
64
15
168
342
32
165
139
1
61
855
4
728
2
3
105
158
201
74
314
3
115
577
96
114
746
317
1
541
67
895
1
76
27
6
329
805
1
5
7
714
10
26
4
1
1
13
5
294
14
18
61
37
122
2
392
39
1
29
1
11
544
241
4
11
577
927
31
3
711
892
332
574
1
425
5
196
7
11
4
27
15
1
331
491
14
4
41
4
44
82
7
333
505
65
22
28
24
4
1
31
16
38
15
2
1
12
705
3
80
36
25
31
1
22
151
4
135
1
60
575
53
8
469
89
3
8
1
1
31
142
999
284
601
29
1
7
593
2
29
569
643
11
144
161
25
1
44
129
1
7
1
2
363
366
3
163
1
59
2
33
8
27
382
581
240
1
493
7
1
32
36
29
2
31
185
216
32
816
150
3
193
6
1
530
411
1
6
38
2
697
2
4
6
84
1
47
43
93
671
30
7
90
1
32
613
1
208
147
11
5
24
29
1
95
5
61
531
34
21
3
585
1
14
23
1
11
245
268
143
645
7
52
1
2
22
44
1
46
481
73
6
979
295
14
4
217
851
7
209
1
1
108
900
60
161
5
389
2
125
221
78
16
9
124
71
53
523
5
75
3
2
2
602
129
12
8
6
8
5
3
4
379
4
9
170
237
6
1
1
424
123
1
13
458
471
11
17
9
49
3
18
6
136
584
1
1
569
347
18
51
19
96
1
160
6
161
10
127
3
5
871
3
12
348
597
117
1
3
2
6
703
15
58
2
2
2
14
1
278
699
4
2
21
428
5
41
20
221
43
713
29
13
72
8
292
1
693
1
23
5
1
138
6
214
180
5
7
308
353
263
562
2
2
285
23
44
444
369
29
1
1
3
7
3
31
114
110
1
857
10
4
488
11
196
790
26
1
6
919
32
13
3
3
42
21
3
642
3
1
483
2
521
20
6
494
6
28
37
135
127
241
888
115
213
3
2
2
1
27
80
78
1
554
14
122
478
20
8
432
84
290
1
498
7
883
8
102
44
3
30
522
436
1
12
23
23
41
20
2
51
36
264
11
25
1
3
4
21
7
11
7
22
4
911
3
1
169
5
8
1
12
6
37
4
504
194
1
449
145
199
5
826
3
876
1
2
4
1
841
2
86
2
20
32
27
188
338
4
260
75
1
413
1
46
58
4
150
12
15
629
18
454
563
125
651
13
776
70
127
66
2
1
183
401
25
47
112
67
1
2
5
254
919
696
8
192
10
589
248
166
42
729
233
2
843
2
38
419
716
8
2
308
1
339
103
319
62
35
250
187
15
14
9
11
98
2
59
123
929
4
3
1
1
38
2
599
65
8
2
11
82
82
12
165
189
32
82
36
147
477
31
55
5
1
48
5
51
32
56
991
44
5
799
2
16
1
40
32
7
10
1
12
46
542
231
1
8
1
1
1
199
602
2
184
365
10
1
6
59
417
4
785
1
3
628
86
253
24
210
98
1
50
105
1
3
3
2
113
2
422
7
1
3
640
94
5
236
282
5
768
867
61
1
1
624
17
14
5
19
3
1
2
39
8
1
13
1
261
2
32
4
8
21
156
83
483
5
54
8
859
7
983
170
12
309
5
37
337
48
24
24
178
2
1
81
35
467
55
6
3
2
1
35
46
108
13
1
510
30
70
132
7
866
349
135
63
35
505
8
24
259
2
225
1
644
25
1
6
101
86
553
1
13
33
1
726
31
960
42
25
1
2
5
2
66
23
240
351
358
750
18
104
500
35
43
360
999
6
3
4
39
6
2
13
443
11
26
1
90
1
759
11
534
49
407
1
7
147
4
4
39
39
1
65
2
1
1
2
2
418
6
7
5
1
519
5
2
1
13
1
77
6
1
14
1
113
16
12
222
2
449
291
12
35
9
25
22
16
125
5
1
5
3
33
7
4
526
4
2
6
208
310
10
47
28
4
24
175
49
5
1
52
12
2
3
70
131
5
498
10
40
215
167
70
29
7
19
980
132
184
679
1
224
259
2
62
5
5
5
6
36
17
1
15
8
486
42
1
352
1
50
5
2
1
110
355
142
326
5
394
277
245
28
3
18
21
44
114
466
103
5
23
4
5
1
97
80
1
2
10
2
23
729
77
3
17
4
2
540
6
21
175
15
257
3
2
1
24
595
32
3
4
56
54
4
472
1
155
55
1
147
220
1
328
1
32
1
325
2
1
11
16
2
27
16
21
190
1
16
10
5
10
8
5
1
2
1
713
159
87
14
140
1
320
111
17
18
12
11
41
13
556
5
38
6
192
52
728
1
3
5
575
1
945
2
80
8
335
379
5
36
7
295
9
338
212
3
2
1
946
131
3
101
390
292
1
22
262
113
1
1
3
586
5
8
31
22
6
386
4
1
8
1
26
438
3
66
188
2
1
1
140
556
92
469
35
224
464
819
21
4
9
7
525
61
265
428
6
35
527
57
4
177
1
22
3
2
36
47
1
8
49
161
636
1
56
619
22
319
654
27
16
3
2
73
6
1
145
5
10
16
46
170
4
31
115
23
252
464
927
520
17
124
41
1
4
552
57
458
2
32
299
348
1
5
50
116
2
31
15
703
4
3
394
369
5
29
387
16
7
167
392
65
526
1
898
425
120
367
2
230
1
22
45
81
24
33
51
421
1
289
309
844
1
2
15
31
1
5
446
2
2
586
3
64
143
22
37
1
10
347
3
131
2
5
3
10
1
513
1
7
45
32
38
77
153
1
507
475
622
242
3
532
1
11
7
12
11
9
7
20
204
529
698
61
57
254
70
6
88
62
12
1
686
29
3
16
137
7
50
7
19
6
1
232
1
85
581
31
1
9
61
2
3
6
172
1
1
563
596
12
114
893
21
6
151
67
1
205
13
21
541
28
201
8
38
1
12
14
58
6
79
11
553
40
1
57
462
820
19
32
5
134
72
939
144
52
794
6
1
104
1
1
90
791
50
1
1
2
3
1
4
1
4
136
65
48
277
2
213
21
125
51
31
1
379
203
7
214
2
24
172
19
3
3
16
305
37
103
4
284
5
3
4
1
771
846
30
1
28
246
70
1
408
8
2
263
602
520
177
1
35
356
1
28
63
2
24
55
4
2
7
1
1
1
133
45
873
57
736
18
71
478
1
4
11
3
9
2
118
1
13
10
141
4
80
864
489
13
1
28
1
5
11
70
1
14
4
2
1
35
23
30
5
365
1
393
37
2
4
10
7
27
556
189
12
26
4
14
19
2
18
2
1
10
88
117
340
14
1
165
10
19
19
1
5
1
1
31
1
67
323
14
2
10
1
914
8
69
22
8
31
28
7
918
77
158
379
660
37
43
169
49
2
23
28
2
13
5
7
16
5
8
448
1
1
200
4
590
29
21
11
1
8
7
888
5
84
557
3
34
63
7
235
199
167
1
159
810
1
1
23
4
1
15
17
2
3
78
108
24
512
26
69
3
15
9
438
261
8
5
20
80
1
569
24
77
89
2
96
19
1
8
5
1
3
1
333
449
20
1
117
19
18
341
82
1
426
824
5
1
110
2
67
223
642
11
2
12
370
390
774
102
216
363
211
318
22
7
6
178
282
330
49
4
788
4
1
440
1
1
2
708
17
3
964
1
2
16
582
981
369
15
1
5
39
3
271
136
206
339
116
5
43
3
26
922
484
15
1
7
118
110
2
2
85
183
258
694
7
453
11
18
2
65
1
50
492
11
7
24
224
2
16
239
3
1
1
814
123
103
3
74
288
67
1
4
1
227
66
2
6
90
151
124
156
185
374
135
382
89
452
586
46
295
17
479
33
634
13
911
3
1
4
1
55
1
31
10
79
92
52
26
236
3
24
6
59
1
1
614
986
112
2
10
76
23
1
481
8
1
441
7
1
9
160
5
824
10
424
701
12
384
722
70
728
102
1
176
2
6
653
616
17
7
5
1
2
5
1
1
1
384
2
27
807
589
2
28
1
1
8
31
8
27
1
3
1
788
311
527
3
48
3
10
481
1
17
2
209
152
182
82
2
1
53
6
1
1
4
8
16
170
2
145
43
1
243
6
146
11
3
2
104
172
48
101
4
635
3
1
8
831
114
1
2
469
500
23
12
8
5
1
46
124
12
64
71
4
14
8
11
303
1
1
66
9
104
354
45
833
24
48
86
7
293
615
28
1
58
3
2
476
625
44
37
6
39
1
38
9
5
113
80
3
239
188
246
2
135
13
7
33
773
1
45
2
47
49
694
351
97
183
173
29
322
82
62
115
116
3
840
22
8
145
303
127
1
363
44
1
345
68
14
3
1
78
6
732
21
895
5
1
2
2
318
972
15
443
243
493
243
3
78
77
80
456
6
2
125
5
4
494
65
2
17
7
809
9
130
144
8
1
35
200
818
5
603
613
2
1
65
542
113
973
330
4
53
12
2
295
3
11
2
167
909
113
3
1
48
286
178
732
23
22
6
4
13
799
29
4
31
324
5
1
2
1
4
7
20
30
1
153
1
13
28
656
326
33
74
19
257
3
549
1
539
12
58
8
496
21
763
1
15
5
10
490
30
2
4
38
30
3
265
6
1
1
391
1
463
9
1
551
2
261
280
104
24
24
42
2
56
4
524
1
3
67
808
257
4
76
43
24
1
264
24
1
5
3
149
3
5
167
10
184
15
468
17
197
75
1
3
147
6
1
190
5
937
18
17
20
106
1
2
541
1
1
57
261
905
83
17
155
93
435
5
2
740
15
174
598
225
9
2
48
11
46
2
952
978
68
153
46
4
3
40
12
1
554
733
744
793
493
6
75
1
25
5
330
6
6
8
34
2
170
1
52
37
3
9
11
169
817
542
2
123
1
25
79
693
6
2
27
9
129
17
25
125
12
18
34
2
7
398
49
5
11
617
307
315
5
1
5
9
2
6
3
3
4
1
208
36
130
382
125
84
126
70
70
5
305
12
126
927
680
429
10
2
41
77
1
844
1
15
88
36
89
28
392
4
3
715
283
7
727
623
2
1
2
3
1
91
307
1
10
3
7
574
120
48
46
30
1
49
314
17
3
2
3
28
2
599
526
513
172
16
1
282
735
1
1
3
1
398
66
13
3
422
221
4
816
404
3
284
155
6
1
361
194
1
1
234
23
40
10
320
1
3
1
5
429
268
2
20
2
1
34
128
3
3
1
44
162
21
275
1
68
8
199
2
6
9
18
19
1
186
3
2
19
277
1
12
14
22
371
9
478
269
131
153
1
19
49
15
516
75
4
24
72
989
816
4
93
122
209
8
7
5
1
431
3
52
633
23
51
18
802
994
96
86
233
2
65
403
1
70
712
4
13
171
127
56
360
736
229
9
2
1
3
499
3
27
100
1
18
55
1
38
1
834
2
1
75
200
4
3
586
10
727
12
898
5
25
1
29
3
246
181
434
5
4
268
6
784
108
42
53
239
1
13
22
396
2
4
75
9
4
1
4
125
3
2
19
18
31
1
379
14
7
3
12
958
603
21
133
1
108
2
27
7
30
5
1
168
4
1
96
592
82
3
5
242
8
9
25
127
5
1
2
30
39
7
18
72
5
2
441
4
9
175
52
62
1
263
323
1
35
5
108
94
2
531
323
43
142
1
14
1
323
2
649
21
1
399
682
19
2
7
141
1
744
1
18
5
3
2
1
7
4
24
5
9
75
793
11
49
8
90
27
18
1
34
919
371
872
104
327
4
7
7
2
2
45
2
28
5
670
14
1
3
22
2
46
1
1
17
137
78
27
3
5
105
25
192
40
129
242
12
5
5
23
2
183
1
447
2
5
16
14
1
75
460
2
368
10
92
216
10
366
34
57
59
3
254
5
4
1
7
1
1
28
78
2
8
37
1
33
783
4
2
3
27
1
748
1
2
4
69
94
41
23
57
5
98
244
123
11
17
3
17
1
10
534
22
6
2
2
677
1
20
88
1
7
7
22
661
2
10
6
373
44
250
720
5
1
203
35
76
69
888
124
860
13
3
20
14
331
19
32
47
25
339
14
743
1
3
30
11
12
272
39
31
46
11
7
16
677
783
379
566
1
9
45
237
4
10
3
106
1
8
51
8
2
796
13
125
2
9
351
97
1
3
9
51
6
1
15
23
20
222
16
7
7
1
940
59
2
1
8
28
25
2
1
5
1
19
1
178
1
2
3
6
160
7
4
21
2
1
1
690
204
2
244
6
400
1
27
110
12
2
14
40
215
9
92
292
101
9
151
296
103
171
498
91
532
4
30
20
19
72
353
2
11
167
5
829
573
22
10
22
92
429
4
48
16
69
2
2
25
1
5
1
13
119
35
658
5
227
474
145
5
100
304
1
79
242
4
19
5
174
15
465
935
29
5
3
211
140
243
72
197
3
140
1
2
1
515
23
221
72
1
920
25
2
530
13
37
293
429
1
4
2
5
6
1
174
1
50
15
1
507
1
880
17
8
1
52
431
955
211
8
27
235
1
248
3
240
78
14
110
54
190
1
1
3
565
2
84
68
362
75
479
17
4
10
1
300
28
56
845
23
67
10
417
1
1
153
155
59
1
118
2
201
14
2
1
1
396
911
8
3
484
41
89
1
2
129
4
45
1
5
10
391
12
400
983
204
1
2
100
975
6
990
1
124
2
44
179
527
4
1
12
38
45
746
426
4
14
64
181
119
26
2
88
661
1
3
5
827
12
20
100
184
209
344
1
3
257
246
61
201
13
4
756
38
37
28
95
491
186
192
338
355
73
31
260
2
368
569
289
136
258
13
31
117
4
487
1
148
19
579
351
3
462
63
2
2
39
417
10
939
15
1
260
12
634
1
1
142
15
7
311
11
4
5
63
419
22
3
29
4
153
366
801
1
11
11
360
292
104
205
109
126
464
584
922
28
25
1
21
11
3
29
4
353
117
5
325
64
415
751
104
742
363
168
401
597
340
510
1
598
121
6
132
304
142
1
174
777
17
51
19
63
4
84
557
276
7
633
157
251
21
1
1
8
412
4
23
11
5
9
12
788
2
21
7
254
4
2
906
60
320
111
736
1
12
253
756
7
907
65
1
225
131
878
26
32
24
3
327
536
13
5
10
851
66
1
6
62
15
23
56
1
1
1
37
3
1
110
1
2
258
17
471
1
31
34
1
414
14
152
202
63
1
138
199
2
35
75
4
10
164
1
3
28
53
3
908
97
8
14
389
24
5
178
448
217
1
668
1
85
25
586
376
10
220
19
43
25
71
1
15
715
450
106
1
1
7
1
17
14
157
119
100
619
12
989
2
434
133
237
46
5
12
1
381
19
1
486
4
62
710
1
1
25
36
1
9
921
35
20
1
108
15
5
133
19
217
2
7
61
21
6
5
223
15
1
158
6
862
12
734
58
1
5
4
48
21
7
2
5
840
2
44
411
22
395
92
7
766
952
577
30
3
13
7
3
13
107
11
6
191
2
7
192
7
911
2
4
12
2
938
118
61
1
115
8
127
235
612
4
17
59
4
32
12
1
1
26
21
897
81
2
14
485
6
470
37
467
118
767
251
63
19
765
63
14
1
473
212
1
1
40
17
2
497
566
1
3
24
21
4
241
22
49
45
11
2
251
52
5
13
42
54
147
432
333
824
11
1
6
29
45
38
79
2
54
10
1
2
99
3
2
8
47
269
314
393
6
844
89
125
3
7
1
300
14
9
53
1
7
1
2
30
220
108
1
9
188
109
49
5
1
317
21
414
53
1
68
97
3
11
7
2
517
12
1
103
546
44
11
7
2
2
1
1
134
6
1
4
8
94
31
11
63
2
25
72
1
121
275
1
170
48
3
1
520
38
9
37
467
373
1
12
269
1
2
1
106
62
39
607
17
106
7
954
10
7
2
336
597
32
9
4
34
231
1
97
24
590
17
4
17
10
36
1
22
5
9
425
3
295
28
4
107
16
1
448
74
5
2
3
761
1
9
1
17
4
199
4
565
277
3
161
4
1
60
6
4
1
3
112
122
1
47
39
1
235
493
1
868
8
395
481
432
601
18
51
1
730
1
420
504
437
16
155
73
17
1
22
52
508
23
660
1
12
829
1
1
197
13
73
262
2
43
2
115
823
52
907
1
236
31
1
53
1
1
2
12
47
295
14
2
210
117
3
4
2
170
3
40
197
2
1
13
7
3
5
35
1
535
1
224
6
84
153
905
11
438
205
25
1
209
265
3
20
102
7
1
201
6
230
849
114
2
807
37
2
709
6
27
4
920
242
151
20
91
45
4
8
284
16
2
17
920
2
85
218
82
281
7
29
197
39
25
174
51
3
1
34
63
296
104
614
79
417
1
56
126
39
69
44
6
71
16
670
45
15
742
512
828
29
1
9
53
126
162
1
6
80
247
26
9
168
145
75
5
84
80
705
6
83
14
76
8
474
68
1
486
20
99
131
16
5
164
207
406
24
529
85
6
52
123
2
7
8
15
6
18
2
788
425
6
12
1
664
186
607
8
529
32
185
8
676
1
36
264
2
2
1
11
146
7
58
54
16
57
850
2
1
95
68
529
200
29
12
387
261
7
100
13
544
819
4
39
513
3
114
3
17
887
180
9
75
86
2
121
39
1
6
6
472
5
1
724
22
236
38
12
2
3
3
94
13
46
41
61
14
706
53
52
196
2
27
17
5
1
2
1
80
282
18
896
13
196
1
11
69
81
102
271
260
1
7
12
7
44
8
8
662
162
296
198
5
3
4
111
52
70
8
17
6
4
22
3
2
2
1
1
230
30
9
1
10
158
13
70
1
13
114
8
2
3
259
7
575
2
801
49
1
205
102
176
668
4
1
7
577
21
196
5
41
92
48
54
17
2
11
162
12
1
59
12
878
261
117
33
2
872
446
3
443
957
23
31
243
6
5
125
7
44
1
36
1
1
4
2
631
584
36
12
30
1
69
30
3
1
1
217
141
21
2
99
203
259
524
712
39
6
880
513
1
19
7
87
1
31
227
187
483
3
26
22
2
17
7
8
48
18
6
80
178
43
4
198
18
1
40
207
25
598
2
1
1
629
1
7
1
893
62
895
250
1
27
155
136
44
37
3
72
4
2
5
6
1
4
187
909
56
727
2
21
446
3
237
871
126
90
1
248
12
4
11
938
5
1
71
219
1
2
1
78
316
36
4
18
2
26
76
504
641
7
13
43
11
9
7
1
5
144
143
2
928
384
3
124
45
4
1
11
734
575
239
187
72
6
273
8
2
17
96
478
85
1
2
20
74
21
331
557
918
193
21
8
1
2
82
21
100
1
11
4
3
1
5
101
2
6
3
479
187
135
5
30
492
322
516
39
75
3
2
2
15
2
90
17
1
3
564
1
1
783
538
9
398
1
11
754
6
13
30
4
652
42
26
223
19
2
5
283
198
908
2
145
50
5
4
26
1
3
295
540
5
187
67
1
17
6
85
133
6
2
14
121
9
5
5
83
657
9
1
423
922
5
355
290
958
528
1
18
109
45
1
1
49
21
1
3
84
1
1
92
1
3
137
40
38
341
8
572
5
38
11
50
54
192
44
56
667
122
6
5
5
174
1
279
98
3
510
1
10
16
42
307
2
102
517
2
3
85
2
10
201
431
472
14
28
390
23
502
2
3
21
2
1
4
10
1
14
539
56
55
962
984
29
17
447
5
1
12
4
16
24
291
165
793
1
2
145
2
1
115
1
247
41
10
177
895
4
45
1
13
2
12
5
1
1
152
9
18
115
3
4
21
1
1
12
715
200
40
28
13
6
196
3
22
28
380
2
853
69
1
7
1
4
797
1
1
12
25
82
30
1
5
1
221
24
99
346
255
521
216
26
655
416
130
615
485
3
30
34
45
65
10
311
1
59
2
246
906
1
3
3
4
4
47
825
891
68
2
52
216
555
127
28
1
3
1
224
9
4
2
537
3
23
30
165
59
2
36
7
5
188
539
894
9
3
559
12
585
158
1
23
46
785
967
2
201
605
1
15
52
3
886
47
261
2
28
121
534
2
5
11
1
169
221
285
64
27
1
1
11
743
6
1
8
9
122
11
7
182
6
85
12
223
62
103
105
3
22
4
47
745
942
36
4
67
799
36
78
278
810
77
241
107
448
4
1
260
20
289
180
18
15
25
96
6
2
4
1
76
3
3
44
37
9
181
48
17
4
813
2
1
3
330
17
351
4
18
379
14
3
334
174
5
17
160
367
335
1
1
63
3
7
1
76
186
450
384
45
144
341
48
138
7
36
1
134
79
6
2
83
2
17
281
20
1
1
3
58
2
360
4
714
220
587
461
816
165
52
2
537
18
192
3
7
14
4
1
4
4
593
3
217
87
239
1
3
459
9
183
132
238
1
30
1
4
5
28
1
36
7
78
248
10
2
1
14
3
114
1
2
21
33
286
5
44
1
536
1
160
379
17
6
23
255
19
2
1
619
95
50
9
20
3
11
1
2
75
613
426
1
31
967
62
3
164
36
2
2
1
97
2
2
149
2
2
109
19
596
209
206
66
938
242
43
716
2
119
52
1
12
13
235
976
196
1
8
7
1
234
1
50
236
303
2
27
123
696
45
1
711
41
434
38
2
10
1
9
2
25
2
9
145
1
51
1
21
193
468
59
23
411
3
11
1
6
247
606
32
1
5
54
1
7
1
134
562
2
85
45
130
803
1
262
31
7
1
5
3
16
7
177
49
285
166
7
170
62
931
921
3
26
597
3
4
47
41
36
180
4
5
167
134
97
52
19
156
6
297
906
824
14
377
1
54
300
60
574
17
30
42
152
3
43
1
1
38
264
39
66
4
131
46
291
2
60
104
3
72
76
1
1
60
1
72
1
168
175
19
5
31
718
3
455
1
1
4
2
7
6
22
1
133
7
2
2
754
147
7
874
26
1
42
5
1
46
934
358
1
380
204
561
6
82
3
4
283
690
89
1
26
155
722
1
30
1
1
2
93
2
1
5
291
822
7
288
130
421
3
33
12
1
24
1
828
159
80
122
203
862
2
9
4
1
2
3
35
65
18
2
313
3
990
49
795
5
4
874
5
287
165
7
3
27
2
26
58
6
104
166
2
13
3
70
231
41
315
10
9
28
260
1
11
172
1
16
672
479
39
39
2
160
1
407
1
33
11
13
92
9
1
1
2
9
21
442
3
49
183
6
424
7
63
4
1
311
138
1
92
13
2
20
25
161
77
2
24
3
1
10
1
91
91
99
149
8
6
87
314
14
6
1
345
166
30
252
597
3
34
9
16
20
6
23
94
132
18
5
315
268
5
204
13
4
360
17
36
1
1
4
3
5
55
154
75
14
130
1
55
22
68
699
405
666
156
340
487
11
462
25
2
305
13
44
7
1
273
12
24
139
163
1
6
3
53
255
345
159
67
21
2
49
1
3
501
17
867
1
11
182
39
3
96
35
9
143
4
160
5
791
2
6
2
5
6
1
154
83
476
217
2
196
398
263
3
32
77
2
2
7
10
42
6
145
2
4
23
98
1
779
47
2
319
1
5
1
2
1
1
150
2
55
1
5
15
729
865
69
1
2
2
1
25
106
83
457
111
294
25
2
12
26
108
309
412
31
1
92
13
2
11
2
2
3
82
448
884
792
9
12
463
541
140
73
602
3
15
5
19
2
449
4
21
34
1
15
4
2
28
1
5
26
890
178
745
2
3
19
223
213
1
47
2
108
16
997
14
5
16
6
1
3
91
335
497
2
24
5
31
1
261
114
32
17
1
49
36
25
939
2
14
96
1
1
268
300
56
4
10
997
708
1
280
2
27
14
13
11
735
37
28
139
1
215
239
11
2
282
265
198
1
3
8
1
43
2
192
99
12
295
3
119
28
26
1
19
437
806
759
301
12
9
586
11
5
2
455
3
102
4
347
1
112
9
4
4
18
2
314
32
24
1
1
2
132
1
1
62
591
1
1
2
2
68
2
1
4
4
26
21
1
4
809
11
113
79
1
59
1
1
569
5
13
67
197
1
45
4
75
8
711
199
39
123
46
142
1
112
1
15
2
13
963
232
10
301
846
3
561
68
57
28
8
92
10
115
10
14
1
6
832
3
27
1
5
93
1
7
20
110
288
11
13
130
611
22
1
4
16
20
402
1
469
35
11
215
902
1
2
178
6
8
431
4
21
153
2
645
3
5
2
105
205
553
630
6
210
115
6
905
22
1
24
64
38
1
273
10
2
73
87
23
1
44
458
227
29
261
202
1
47
9
4
1
956
45
286
382
741
188
206
17
289
10
7
9
340
447
16
8
5
333
172
8
701
6
2
1
20
496
2
19
2
551
420
10
474
38
49
134
57
62
49
75
199
47
4
6
27
1
86
227
2
29
71
1
131
16
12
10
945
754
5
21
8
5
47
5
44
92
96
1
120
24
498
2
8
95
11
781
32
180
3
829
39
16
16
5
43
903
2
303
393
85
70
1
374
301
21
3
635
683
6
10
61
4
7
35
972
387
97
98
3
316
52
28
56
1
52
15
1
28
21
42
4
6
11
39
328
9
10
14
100
89
3
20
763
25
52
497
91
93
104
3
150
38
756
82
38
5
120
143
1
562
170
49
15
183
4
263
36
24
297
3
27
12
7
556
22
28
3
1
225
109
1
2
4
1
9
33
59
1
550
15
1
39
134
1
1
3
1
108
50
8
1
2
1
36
6
30
57
65
781
1
424
82
20
305
10
1
810
1
127
196
137
5
95
14
10
86
170
47
6
243
223
1
1
240
284
22
305
2
1
2
2
2
33
1
2
62
804
56
26
49
1
45
977
1
228
561
1
1
11
2
146
5
463
247
294
1
3
2
3
14
73
2
764
53
6
16
9
144
57
10
1
98
77
16
156
167
416
513
1
174
1
166
23
67
22
1
13
815
10
2
1
32
13
31
494
2
303
1
259
4
470
856
73
57
38
6
1
56
2
919
11
753
1
3
418
367
69
147
91
2
18
4
1
181
628
9
186
400
66
28
1
1
1
202
2
8
6
1
279
251
86
1
6
4
87
9
1
810
20
62
66
6
22
1
237
39
131
1
136
3
35
11
86
77
59
31
9
271
340
1
3
217
2
227
490
249
112
224
15
356
14
1
2
5
5
5
29
22
363
907
11
26
2
3
110
492
21
398
2
1
46
408
68
20
4
75
70
177
430
6
36
88
488
205
4
2
794
3
507
87
691
22
1
359
26
1
1
1
2
518
26
225
232
1
2
903
78
37
6
5
16
508
82
2
1
2
8
72
9
42
1
49
839
224
23
5
832
49
8
294
28
1
221
1
5
210
2
68
23
6
7
3
1
957
50
116
6
4
3
26
39
162
45
125
17
132
31
4
584
575
3
6
68
12
75
270
1
14
475
3
78
1
23
232
2
2
5
3
233
47
11
1
566
204
177
33
50
985
5
35
6
65
30
73
3
37
13
2
2
116
37
2
1
8
99
123
8
50
242
3
1
17
3
445
14
33
1
2
24
1
1
14
1
110
6
1
603
7
35
3
227
72
5
12
327
50
75
3
728
78
4
1
522
2
332
1
2
434
173
74
6
26
2
18
3
2
440
4
98
65
144
29
12
84
1
234
1
1
445
69
1
185
119
2
24
23
193
220
494
3
514
34
291
330
1
1
1
220
32
33
286
32
1
26
142
37
1
79
9
2
817
228
2
3
695
11
3
1
365
164
1
1
106
25
10
260
2
679
2
48
3
4
80
45
55
28
1
25
53
74
7
20
1
106
185
234
212
101
34
1
14
45
36
303
190
18
84
157
37
457
69
2
8
67
10
13
805
3
2
61
1
1
210
330
177
150
30
3
45
71
603
1
2
9
5
22
4
31
117
11
6
21
3
325
32
13
60
1
13
4
2
24
21
86
34
861
9
2
72
1
2
187
270
3
5
45
2
366
401
1
254
316
14
270
291
767
6
1
341
64
164
2
125
13
7
856
53
12
60
89
54
902
49
1
1
102
145
557
2
17
1
1
20
2
12
66
46
1
125
219
832
11
3
10
8
17
103
1
38
10
518
46
154
657
107
228
24
30
2
319
43
1
319
26
30
54
339
2
7
5
1
2
1
2
2
1
571
341
1
579
1
62
10
2
1
22
66
7
171
18
11
11
10
9
1
39
921
696
103
427
122
326
317
57
1
300
2
2
998
7
30
12
4
1
525
704
912
21
975
616
597
402
783
1
1
127
89
14
202
18
85
68
598
174
35
2
109
294
4
1
465
5
62
24
375
355
119
282
3
820
868
10
9
45
19
455
1
2
601
430
1
1
32
2
399
1
4
771
72
3
25
408
25
653
474
50
33
31
4
1
25
381
66
761
483
427
1
883
23
107
37
1
173
9
16
119
18
54
87
19
271
482
560
17
319
216
2
67
43
1
264
6
93
432
6
2
12
390
657
3
383
52
135
16
199
2
13
9
39
27
37
16
10
74
7
96
27
6
182
2
2
2
58
3
21
27
753
81
4
1
669
7
15
454
20
83
15
29
1
20
208
617
50
66
45
826
1
2
78
483
4
109
4
3
106
1
61
30
4
5
17
482
3
7
3
1
23
92
13
244
7
3
1
139
1
169
8
5
4
173
21
1
354
9
180
8
25
1
180
45
14
4
71
4
59
15
1
3
5
50
37
82
4
10
1
51
352
1
669
165
237
2
26
11
14
88
46
230
125
6
4
2
44
3
126
18
17
3
75
238
192
64
1
22
1
5
2
64
102
15
1
1
293
11
1
449
8
88
51
26
1
50
27
167
24
8
1
1
1
995
25
9
4
95
10
12
395
33
281
721
61
95
1
2
56
290
14
4
1
7
2
11
8
10
6
24
28
283
218
702
3
144
49
109
64
406
33
2
817
480
3
9
95
2
33
354
5
19
3
3
390
2
627
140
147
3
147
2
257
769
109
7
1
12
71
43
231
4
10
325
22
256
2
589
12
2
8
1
15
761
2
2
112
2
79
14
487
452
65
1
24
53
1
21
29
569
2
180
460
1
950
1
2
73
2
591
6
10
2
21
6
21
44
12
2
130
19
108
2
56
666
472
16
6
1
16
3
49
67
1
1
12
15
229
631
545
1
34
1
108
6
85
1
122
6
3
8
2
5
13
36
1
2
3
3
40
244
32
821
8
13
43
403
182
27
105
212
14
627
91
38
415
37
12
20
275
2
8
19
29
4
1
1
4
69
1
1
244
97
7
1
553
5
63
3
3
176
398
250
2
2
13
70
2
1
10
31
243
20
42
1
128
82
8
2
8
366
424
56
131
738
12
1
168
8
148
49
31
1
10
2
1
128
80
3
2
1
4
1
215
8
388
70
525
124
1
217
66
27
148
542
8
1
9
975
366
760
3
1
9
55
679
3
14
90
11
183
20
10
47
2
312
1
6
5
58
446
8
8
49
1
55
2
749
4
922
38
15
366
2
4
2
54
889
48
23
823
120
19
81
34
14
5
177
780
1
134
162
17
1
2
8
749
1
85
4
4
735
54
2
85
14
18
5
189
676
16
1
1
469
4
4
31
949
11
282
85
78
808
93
6
150
4
1
31
1
34
16
47
1
30
1
204
400
412
6
204
33
1
35
59
12
5
179
474
326
42
11
790
115
123
1
2
1
82
21
6
82
13
185
163
10
420
4
8
1
750
6
34
112
274
5
212
124
437
37
3
45
112
323
48
3
29
1
11
38
62
10
36
39
1
13
4
49
302
33
306
541
648
37
6
9
426
1
203
1
77
15
2
562
2
101
192
44
952
29
1
1
4
978
127
12
6
93
341
8
559
552
78
2
1
554
571
64
28
2
11
1
2
25
523
18
260
15
2
9
168
725
84
8
986
1
30
288
2
14
38
16
4
25
6
47
519
2
165
1
764
1
400
612
1
166
660
2
129
5
682
2
5
11
951
8
1
151
6
12
6
3
23
445
16
124
26
2
1
4
793
8
1
76
1
1
2
124
354
563
844
1
15
1
32
125
80
419
4
144
231
33
113
398
40
1
103
84
106
5
49
18
2
5
6
1
4
1
358
104
21
6
499
46
19
76
73
1
79
1
178
10
4
340
1
1
546
74
788
46
1
356
1
230
33
100
34
1
1
10
33
24
22
898
33
2
69
951
3
156
3
5
143
20
26
526
37
138
80
34
4
173
487
1
3
11
504
15
29
13
1
9
41
2
17
11
67
71
1
53
8
4
195
1
54
15
3
7
35
50
9
42
205
643
1
1
3
124
2
1
2
104
14
81
178
10
70
970
3
3
54
4
6
1
670
80
8
63
2
129
50
403
4
762
91
456
3
7
77
673
1
665
270
6
6
18
13
7
1
61
346
11
6
452
4
12
54
283
1
8
152
34
3
1
198
3
2
1
134
3
3
14
43
460
945
45
9
37
19
6
1
40
370
518
19
123
3
40
5
10
5
3
5
4
728
67
339
162
215
14
2
194
32
5
948
33
3
3
10
152
23
3
13
7
1
7
22
568
81
67
211
3
5
196
4
490
486
1
93
174
100
138
26
456
24
1
881
60
258
90
1
166
62
4
45
423
585
44
34
1
2
8
281
1
82
9
15
406
14
2
2
154
3
27
1
46
9
262
16
2
512
234
24
72
367
508
257
1
129
533
97
1
3
1
433
9
6
3
72
12
2
131
3
904
1
2
304
8
188
244
103
1
1
2
67
104
30
1
76
2
316
27
64
1
1
405
13
38
9
281
100
662
24
1
1
374
232
3
19
18
900
487
2
4
370
2
2
77
3
393
1
5
1
367
8
77
5
17
2
510
310
75
346
63
219
254
70
254
5
2
39
10
2
2
99
10
80
1
16
1
5
6
2
177
1
92
28
90
102
978
123
3
65
5
180
7
21
7
25
439
2
73
173
19
14
448
539
1
194
1
8
101
35
32
13
63
2
1
52
23
10
9
149
394
271
6
22
6
5
405
4
20
37
568
403
5
516
1
1
562
59
125
1
1
229
208
4
807
4
1
12
10
848
405
162
207
1
34
2
1
1
3
438
70
1
93
179
6
79
252
129
21
126
42
284
2
1
762
890
3
3
429
8
6
14
79
943
22
2
12
1
37
1
996
19
265
288
12
2
1
170
1
8
494
403
3
460
114
1
163
233
1
1
68
206
38
5
1
315
71
1
5
194
33
303
1
21
4
69
3
5
7
6
6
3
3
83
56
45
3
685
51
278
3
1
3
452
102
240
468
1
23
620
18
16
28
51
796
34
27
1
12
1
4
613
899
189
297
349
444
17
2
2
44
5
3
79
46
218
20
1
86
22
375
57
611
2
12
18
5
5
3
11
3
121
2
458
217
2
22
348
47
173
46
2
203
144
8
164
8
19
22
1
15
8
78
7
9
2
5
8
11
10
4
144
18
513
42
12
3
154
4
4
23
4
3
63
62
799
25
21
1
4
50
108
5
1
5
6
82
20
362
2
159
93
3
663
53
3
6
301
530
14
8
754
311
9
6
21
465
3
149
1
2
1
83
18
46
22
27
70
316
2
4
170
200
806
1
1
109
3
449
3
63
20
4
2
498
5
14
3
794
4
1
53
8
17
1
1
619
172
47
83
403
6
1
243
206
2
1
274
2
6
492
9
9
14
16
6
1
1
237
101
56
50
104
178
11
1
344
3
351
38
356
75
58
23
46
1
14
4
1
170
1
417
110
2
639
225
7
7
3
14
3
37
3
1
34
1
422
14
131
64
102
3
320
237
3
26
2
503
240
148
3
1
35
3
682
3
427
75
35
1
10
115
346
1
612
897
2
54
1
238
571
163
8
133
1
777
711
66
9
2
258
83
1
7
70
2
1
144
1
38
116
59
460
32
14
8
1
162
4
10
2
62
26
29
208
55
9
31
1
3
358
451
47
233
11
22
890
2
293
732
132
1
1
1
15
9
5
732
183
6
85
9
67
531
660
9
26
161
28
1
2
498
338
9
49
22
257
169
21
12
394
23
249
128
5
8
9
131
1
14
1
14
188
669
8
18
16
3
1
19
2
17
352
5
144
630
720
12
84
381
111
4
2
57
13
14
10
2
1
767
4
110
4
500
13
2
50
2
84
88
658
646
549
59
56
5
677
41
397
161
439
92
10
50
40
131
149
15
1
288
8
8
2
174
165
1
99
32
1
160
1
3
655
6
951
158
2
844
2
1
46
1
254
152
461
4
103
2
2
71
8
46
1
239
1
379
2
400
9
1
258
190
52
59
1
4
504
31
100
1
2
1
316
47
5
20
8
92
12
3
1
18
618
10
95
5
1
2
36
371
505
3
207
933
3
102
251
956
160
1
96
1
4
51
63
5
2
38
1
24
374
6
3
102
203
451
45
174
76
330
19
359
2
162
1
2
8
2
1
4
22
1
5
42
31
1
868
7
4
78
597
9
45
40
17
116
292
3
539
8
65
131
8
342
4
1
6
21
97
134
2
596
3
37
131
741
2
920
4
159
1
188
50
136
1
17
16
481
53
267
2
36
18
13
42
37
5
107
16
883
207
80
4
3
27
18
10
303
31
193
176
118
1
514
4
167
867
237
26
246
23
801
35
14
33
5
14
3
318
443
119
2
443
7
4
2
466
490
15
633
90
165
217
9
192
10
4
1
392
3
5
2
212
2
2
1
2
864
2
6
198
1
13
151
12
3
116
2
196
2
702
667
1
48
31
12
103
2
605
3
77
24
1
2
143
128
781
882
11
41
31
17
362
4
8
121
10
22
233
477
190
134
2
35
38
311
12
1
1
9
2
4
5
142
8
5
293
22
478
89
2
2
31
24
13
247
76
627
359
4
9
69
1
4
769
2
2
20
16
2
249
56
4
1
9
49
177
125
64
1
801
462
567
1
6
28
40
20
66
13
55
40
5
108
28
1
2
62
42
3
1
10
216
1
16
4
109
68
4
20
356
298
3
5
10
982
2
18
5
67
35
20
9
47
16
40
110
2
34
1
1
32
26
22
518
195
1
88
1
55
9
1
247
138
93
90
751
321
348
16
61
86
4
75
71
147
65
1
51
64
3
40
46
16
260
320
890
718
67
172
16
189
721
2
2
2
163
33
90
399
2
84
5
5
1
39
96
587
13
2
7
1
254
1
3
260
18
94
5
280
2
42
10
28
1
491
1
23
3
16
23
3
690
1
1
6
274
4
366
2
2
31
2
275
163
82
3
7
43
414
407
136
400
68
41
1
252
12
53
117
106
11
18
1
147
81
2
2
1
274
191
1
85
160
1
228
140
8
17
528
99
339
10
26
568
30
7
1
317
7
119
43
1
393
7
1
176
502
1
745
1
1
737
111
125
16
1
1
2
1
45
1
5
103
225
828
1
433
148
51
68
133
132
34
503
269
1
339
7
101
1
51
55
10
391
3
3
12
800
1
9
3
125
385
1
2
4
30
272
95
4
4
42
325
811
534
1
406
4
37
18
65
90
25
349
1
128
66
59
3
744
599
274
7
237
263
340
5
931
1
7
702
117
8
5
3
116
5
4
9
546
26
1
1
1
974
6
49
2
43
14
69
26
77
23
4
173
3
1
1
66
3
3
141
551
587
1
1
882
262
192
185
179
156
133
115
14
62
1
3
20
84
23
17
1
2
86
155
348
452
535
20
12
141
137
1
29
25
90
11
596
370
2
19
1
43
1
208
350
1
2
1
23
70
167
82
2
408
30
152
6
7
123
6
10
2
4
2
1
222
195
61
1
956
11
16
319
1
303
712
1
258
1
30
26
49
320
883
2
4
19
5
549
15
1
2
1
13
66
107
1
5
66
4
20
83
14
1
564
1
2
7
1
391
8
976
1
696
783
6
28
4
242
1
43
38
9
212
442
13
1
23
192
12
19
23
67
1
19
24
65
1
3
1
21
4
48
29
768
1
90
771
33
7
3
6
430
168
33
582
1
416
30
1
248
1
498
5
26
2
9
907
211
22
603
460
4
1
3
11
129
32
6
328
2
198
1
113
1
547
334
573
138
899
689
3
696
116
6
10
7
247
146
32
171
965
378
39
2
318
1
24
157
285
65
108
1
389
1
3
1
73
293
34
7
31
40
249
11
46
1
71
31
266
165
4
74
28
1
6
29
41
1
6
1
614
7
69
220
277
2
38
272
1
57
44
21
263
671
72
62
111
1
141
980
2
215
983
8
2
27
2
59
2
1
131
279
36
2
54
7
8
28
1
968
1
6
6
187
1
1
6
81
18
528
15
635
220
228
15
33
2
2
1
478
16
437
76
12
2
1
3
11
985
709
339
25
614
9
299
1
4
132
1
3
11
243
104
119
56
105
1
1
7
1
1
3
598
116
3
4
1
933
78
27
1
3
139
21
1
91
1
361
813
91
1
1
1
1
13
26
13
656
484
1
22
346
122
3
2
3
56
2
5
104
412
142
1
1
135
471
16
423
2
11
21
1
126
2
370
122
967
15
173
1
27
2
55
637
943
1
911
19
107
81
30
48
354
153
2
555
2
70
1
433
46
33
4
14
5
163
89
191
1
2
52
459
105
790
617
322
1
7
5
1
5
4
1
1
79
356
1
1
5
1
6
420
21
157
47
23
61
1
1
4
2
255
4
1
146
108
47
9
24
206
10
89
381
54
1
8
1
1
449
252
715
15
897
242
437
14
743
35
455
196
1
8
321
23
33
39
673
2
844
4
13
862
23
22
1
4
388
140
21
2
26
40
5
90
371
378
3
2
79
3
16
464
923
5
1
1
2
5
114
1
27
55
13
3
49
8
753
356
22
1
146
15
266
135
116
72
1
4
78
1
928
1
1
149
129
18
117
1
10
3
150
18
1
1
20
61
2
50
85
390
192
828
2
141
627
359
601
689
16
2
158
2
82
20
9
545
292
3
585
470
43
14
4
66
243
7
304
3
71
14
64
190
377
2
64
11
375
1
3
1
8
161
1
182
2
8
18
18
1
7
102
6
18
1
627
621
26
689
195
13
7
66
213
14
88
5
135
4
1
2
69
3
2
6
32
13
718
5
958
3
83
1
1
3
47
204
206
112
57
132
2
2
1
223
33
4
11
381
82
3
12
74
203
7
326
4
8
429
60
1
298
1
28
49
3
19
17
38
32
55
517
2
1
72
1
3
13
474
2
11
18
118
56
4
5
273
246
765
1
27
11
17
3
212
553
297
1
1
287
2
57
1
5
3
2
35
20
1
1
611
31
35
17
2
131
1
19
14
1
1
43
1
750
1
350
2
23
5
3
33
381
93
10
100
140
391
2
195
1
292
6
3
233
369
1
11
11
430
3
2
19
508
20
2
43
11
151
23
7
510
18
3
2
5
6
44
41
894
926
31
3
2
295
1
4
29
169
541
4
476
2
7
912
82
454
7
13
43
26
3
475
1
98
106
17
4
745
18
16
249
39
43
1
22
14
1
39
6
105
1
49
1
3
8
45
792
5
53
37
4
2
12
38
4
3
5
139
217
1
384
6
39
29
204
38
7
7
2
3
5
410
113
2
2
294
42
4
28
3
715
1
9
1
7
9
6
1
551
43
12
685
9
469
7
510
1
35
131
8
883
42
163
104
83
446
13
11
2
74
471
10
8
335
22
213
7
2
45
217
4
6
1
92
60
168
95
347
251
2
11
1
76
130
1
87
540
181
236
1
54
1
704
1
105
3
10
1
247
14
3
1
394
123
40
1
1
1
1
2
779
6
158
4
3
734
2
641
36
522
50
19
15
65
1
1
119
33
1
81
153
71
22
1
618
5
196
9
36
4
3
982
1
4
2
122
4
159
20
2
94
1
