140
1
297
208
299
6
66
51
74
134
8
53
2
483
1
27
402
21
454
10
81
20
87
69
5
12
417
72
339
481
4
15
11
151
1
13
473
11
2
207
6
84
6
20
282
41
7
108
156
62
1
39
228
120
49
192
412
42
6
1
35
2
491
14
28
49
33
137
292
95
228
120
381
9
9
1
387
24
138
17
279
485
300
200
408
18
140
1
126
3
1
72
390
28
13
6
455
2
158
27
100
2
98
9
28
57
97
15
181
396
79
185
12
4
16
152
7
4
337
27
22
311
143
45
227
56
98
10
79
16
50
144
66
2
54
117
13
12
62
380
2
99
246
380
130
252
26
1
50
1
63
2
286
30
74
276
359
19
259
29
125
97
1
1
271
268
11
440
2
183
433
3
89
403
16
123
9
45
41
49
26
234
6
2
58
218
206
163
162
1
60
26
107
353
356
5
1
5
18
6
124
199
7
26
327
4
9
193
28
4
2
5
23
47
101
62
94
4
64
2
443
102
292
1
249
66
18
118
229
39
10
268
458
1
61
383
490
2
215
179
21
23
9
287
316
150
8
62
479
41
43
139
293
78
382
306
83
10
16
55
34
1
202
8
3
1
258
5
4
4
335
1
392
5
256
53
366
43
22
56
97
3
428
272
14
146
384
83
4
111
1
38
1
4
10
12
2
36
3
149
78
114
50
100
46
26
1
25
488
14
220
21
129
46
137
64
2
28
292
350
7
1
13
3
23
61
6
63
205
11
34
39
94
125
13
23
7
183
60
477
131
13
384
1
18
151
370
76
357
233
167
162
87
171
10
3
34
9
216
54
179
27
26
138
29
39
1
299
416
193
215
120
75
18
323
85
1
255
159
5
96
430
1
78
44
56
232
45
1
5
15
131
36
326
41
479
241
46
157
203
7
315
101
13
289
142
1
30
39
46
9
275
1
283
42
22
345
33
172
454
5
51
1
3
419
180
97
1
221
386
3
4
30
38
23
155
15
6
9
406
319
23
51
127
1
2
1
4
364
57
231
17
456
172
15
466
86
37
152
65
81
192
413
14
15
42
9
1
9
16
1
28
15
1
100
8
3
1
233
6
124
27
67
198
9
124
9
251
6
319
73
282
306
149
84
4
160
211
24
409
2
2
395
22
97
453
13
28
2
107
35
32
16
1
19
59
111
4
75
364
11
119
206
14
4
29
19
2
24
62
60
442
5
146
17
1
5
469
2
365
1
67
125
177
13
362
434
11
2
279
242
449
111
82
207
63
312
85
76
9
1
2
63
208
153
110
49
7
1
14
21
233
42
1
62
49
362
7
13
101
88
18
4
20
27
3
6
19
1
74
69
119
100
9
94
4
274
30
17
227
8
18
6
41
242
79
167
27
179
115
439
127
46
408
288
169
68
175
12
327
73
263
5
3
181
165
62
1
41
285
1
10
14
35
18
32
9
95
2
16
334
32
73
248
243
301
280
213
361
70
1
438
121
9
119
95
53
2
7
101
3
184
43
276
29
90
422
8
483
456
96
235
428
2
10
55
43
10
486
285
154
35
2
26
7
112
269
34
1
61
343
184
1
12
7
31
45
3
255
81
35
269
133
317
37
278
58
83
12
420
12
11
4
31
5
413
92
210
315
132
21
23
244
73
311
139
470
172
421
349
53
493
1
28
416
74
131
5
4
499
468
97
127
275
19
43
130
10
217
18
426
150
8
230
12
25
1
95
53
58
141
107
2
88
77
282
3
93
7
213
8
102
202
5
13
1
2
21
13
42
12
11
33
238
26
115
2
196
67
300
53
140
4
115
13
270
500
1
154
1
153
1
400
179
483
2
15
430
1
168
2
371
63
72
3
2
21
159
141
13
3
130
366
376
35
24
9
188
279
13
37
137
142
163
1
7
254
18
106
321
436
4
65
84
38
228
197
157
120
28
56
36
2
6
20
29
96
220
19
39
305
118
321
91
475
241
107
1
92
56
31
10
27
97
234
95
129
42
230
269
4
3
268
56
21
1
141
301
463
16
37
63
383
434
13
92
4
9
349
56
455
249
1
71
30
51
284
56
18
242
36
10
76
74
6
176
228
3
2
126
7
175
45
331
16
58
53
473
45
65
88
56
357
98
1
3
25
3
1
67
54
2
61
207
326
260
17
1
23
24
296
154
57
193
239
44
73
137
342
11
347
6
4
51
181
65
168
272
127
36
123
141
372
45
312
25
230
3
22
257
211
1
55
57
334
384
259
1
92
45
4
195
3
1
11
1
201
326
182
136
187
97
190
80
356
5
157
377
108
410
44
36
405
84
1
52
4
416
349
10
75
79
2
119
312
166
1
16
81
67
346
304
67
60
17
14
11
6
246
5
1
171
136
131
461
44
93
14
248
23
307
1
43
408
138
75
111
89
3
2
5
101
285
106
7
52
2
1
90
465
116
91
16
1
10
481
308
284
1
293
1
105
8
3
71
138
4
17
2
116
61
198
70
75
214
4
34
67
54
15
239
295
86
28
139
209
39
125
27
177
86
275
231
41
50
8
340
223
14
463
463
83
150
25
96
328
13
4
339
8
146
77
104
19
2
477
325
14
73
14
347
16
2
170
236
1
296
9
25
11
150
113
88
25
90
54
236
384
17
420
12
10
35
130
1
390
85
19
278
140
256
1
41
2
60
1
3
8
203
221
36
3
77
264
234
170
85
8
157
183
367
279
103
494
58
47
75
12
202
398
53
345
391
58
329
5
37
107
369
419
29
392
57
60
91
1
135
5
331
228
20
248
171
64
467
291
434
3
35
4
2
256
4
1
22
306
10
305
59
110
108
69
139
6
114
138
5
216
6
8
81
438
92
45
8
5
13
421
6
342
26
29
27
137
346
125
6
288
359
391
26
268
182
9
47
363
49
173
410
58
402
285
66
75
6
13
5
386
91
42
1
21
193
21
9
48
54
59
1
2
334
447
2
86
2
213
208
131
175
44
411
110
21
30
497
17
26
17
34
3
1
83
304
87
245
86
5
30
22
5
15
179
22
158
102
401
6
277
489
5
205
225
354
498
10
5
466
4
1
1
1
54
263
9
8
148
30
448
292
26
156
344
326
34
320
4
434
1
266
216
125
107
322
9
2
3
71
88
101
424
416
14
1
55
220
486
161
407
84
223
6
366
14
4
273
423
107
38
18
280
109
58
4
277
143
19
413
33
1
361
110
69
10
78
15
12
51
26
6
228
25
247
111
63
31
143
2
275
26
129
98
258
301
18
383
179
1
14
438
365
71
19
1
47
307
380
101
304
30
104
128
35
3
2
1
153
1
3
108
221
113
176
7
49
12
352
36
222
8
11
1
187
359
491
13
42
316
5
2
23
48
60
1
26
2
1
49
83
140
22
180
100
149
35
9
62
7
12
15
187
454
1
26
26
372
494
14
62
1
1
25
84
166
453
14
431
250
2
123
79
7
27
11
494
26
3
471
2
200
103
417
69
57
175
200
88
73
1
2
7
3
43
67
225
9
344
30
17
130
480
210
327
140
1
119
370
35
3
417
1
26
274
82
400
345
2
2
15
247
295
470
223
4
11
281
252
8
182
226
287
58
13
7
1
5
120
50
210
2
18
229
3
1
133
9
47
2
1
371
246
449
30
38
278
61
2
69
59
169
27
14
135
2
215
252
244
31
57
136
35
308
25
138
4
171
2
6
12
7
17
3
47
65
9
414
5
486
64
328
346
399
8
277
478
50
8
1
3
97
292
159
163
74
1
78
246
210
111
12
5
84
11
370
19
250
15
1
270
1
96
28
39
23
6
384
37
1
98
1
223
391
5
22
58
197
50
58
112
63
1
19
197
142
1
463
7
43
87
181
71
57
62
62
81
12
141
10
214
317
41
26
415
441
1
318
279
87
85
51
364
104
5
420
70
40
252
10
49
70
440
71
6
161
21
2
99
24
143
5
22
318
7
113
9
403
34
385
53
4
154
2
44
54
2
9
2
498
197
43
146
344
5
1
351
243
1
85
1
228
92
18
115
459
248
5
6
76
32
64
258
52
80
423
1
88
13
110
7
15
1
6
137
6
199
141
5
44
53
371
251
52
2
7
82
1
76
274
8
1
13
1
239
149
179
28
84
7
210
29
16
31
125
75
1
13
100
497
1
15
36
45
28
2
85
32
184
3
10
369
14
17
41
6
40
399
9
175
7
335
187
9
3
152
329
477
6
495
458
26
34
34
189
236
317
237
180
476
18
39
30
4
87
16
160
18
1
20
57
202
2
45
18
34
9
286
324
1
34
96
13
28
11
179
244
129
3
235
149
235
6
12
278
364
35
168
22
32
34
442
98
21
145
17
325
286
143
10
67
142
381
370
152
2
263
99
90
26
17
328
312
2
273
133
1
347
48
6
2
47
16
21
99
107
104
146
102
76
204
89
291
274
10
79
391
45
111
15
192
3
19
321
1
451
41
62
1
10
7
87
1
419
413
7
274
68
1
20
55
14
313
3
3
192
64
26
10
1
9
76
15
15
1
58
164
119
58
38
413
75
174
325
289
400
3
413
286
4
13
107
57
4
7
2
9
93
442
45
295
75
198
5
207
15
50
11
32
94
97
315
336
335
90
2
76
362
5
30
115
3
15
3
4
1
368
2
148
121
104
496
8
10
12
116
302
38
107
6
34
5
126
449
39
1
341
174
168
432
98
2
67
34
48
306
34
422
3
8
25
68
4
3
13
49
11
29
217
39
321
159
442
49
457
98
416
253
229
7
25
180
256
373
231
3
203
1
424
154
3
14
11
5
251
34
420
187
22
123
318
226
1
15
3
317
430
293
9
86
4
302
439
299
155
186
6
363
178
115
258
17
10
2
222
166
368
24
193
288
16
18
114
10
68
253
187
6
22
68
179
88
397
309
3
187
2
283
458
87
18
55
416
192
30
11
210
35
455
249
314
7
98
62
1
368
102
168
34
6
232
32
152
5
1
346
9
1
420
20
228
142
331
17
190
212
8
296
110
70
1
5
90
85
3
1
3
180
428
35
18
157
51
348
20
16
57
185
356
2
6
256
289
279
1
108
13
2
37
136
23
10
10
143
64
342
259
6
42
90
473
24
445
5
251
12
95
425
1
44
73
126
5
454
95
4
198
66
477
11
136
4
15
1
242
313
1
7
280
20
27
3
420
9
38
13
294
2
2
231
5
2
84
202
227
6
4
3
26
12
198
360
192
249
31
1
307
2
3
165
79
23
200
5
350
32
352
1
70
4
55
12
37
2
5
4
2
113
1
339
2
374
316
5
5
383
3
4
19
348
25
21
87
190
112
115
8
4
8
25
69
226
158
4
3
29
22
147
4
320
205
49
21
18
319
87
3
137
439
79
478
265
185
15
21
78
42
134
88
1
34
114
5
328
8
38
173
162
13
13
5
174
338
43
2
69
465
318
3
403
25
9
237
2
484
148
3
245
56
14
372
434
288
137
33
248
1
24
97
192
35
323
139
443
126
178
164
415
176
8
314
441
14
9
43
55
432
7
52
98
430
65
4
11
10
64
18
329
5
60
4
129
5
123
305
151
82
14
66
1
2
12
187
231
7
1
52
5
5
19
3
370
278
34
485
32
76
392
9
5
21
9
1
199
48
17
117
42
75
6
161
74
26
377
9
1
196
2
158
22
178
105
5
9
6
29
2
200
3
48
123
17
367
58
200
6
8
27
24
2
8
5
94
467
112
335
460
80
249
151
33
377
17
11
2
7
37
27
154
42
16
287
58
13
33
149
55
456
30
14
220
25
6
60
156
402
7
2
11
116
30
307
8
68
12
1
496
93
24
4
145
10
374
4
2
1
70
217
54
248
384
142
8
3
73
84
408
38
278
181
95
14
8
76
72
36
84
231
40
10
2
5
10
2
117
343
22
83
29
308
31
365
393
6
16
2
3
30
354
4
73
288
92
4
1
6
4
310
72
166
8
4
78
307
5
4
17
213
73
312
11
262
22
20
82
47
2
269
106
264
120
8
66
176
6
14
1
3
70
3
127
248
404
143
314
63
1
1
1
4
387
1
19
35
64
86
23
189
68
4
299
2
388
351
3
25
382
10
107
53
68
10
54
18
66
6
104
22
317
214
7
82
93
166
9
12
1
290
26
7
321
146
1
198
24
2
136
18
36
352
349
84
286
133
310
41
118
1
482
249
1
429
260
1
79
1
29
34
447
420
23
5
31
15
5
1
113
1
54
6
387
13
326
223
28
1
6
250
3
281
252
15
53
14
205
2
388
281
128
85
207
289
183
485
96
406
1
15
388
36
9
177
154
5
222
5
28
276
75
2
12
91
5
82
30
467
16
38
13
3
392
340
57
5
54
130
14
13
80
3
15
366
4
475
14
43
377
33
31
494
369
2
3
101
106
487
459
283
60
14
22
4
4
4
7
25
3
42
43
61
141
2
333
61
120
8
139
63
1
217
186
40
22
307
4
367
17
1
37
74
331
29
27
28
2
45
11
449
8
156
2
91
278
349
2
4
64
486
15
56
399
14
103
22
125
11
38
24
86
1
1
91
4
1
19
274
10
96
6
109
3
319
19
214
1
1
2
3
160
203
320
8
375
25
188
4
46
4
27
176
172
75
214
287
4
2
384
160
203
3
31
10
393
323
7
53
103
390
4
39
35
41
52
2
76
39
359
316
419
325
5
432
8
1
403
286
187
467
2
1
1
14
75
3
24
10
1
2
180
184
10
490
278
3
225
31
1
120
45
6
283
25
274
431
1
4
2
345
35
9
32
21
189
37
7
1
357
108
423
14
410
3
13
208
3
165
192
174
272
19
274
27
262
8
256
29
79
304
39
11
4
269
30
36
54
128
8
20
36
1
3
70
354
16
226
496
34
100
20
1
223
194
479
29
377
25
70
430
4
86
2
1
9
19
26
15
401
261
262
1
4
70
100
31
59
335
6
3
34
75
149
15
15
8
36
21
174
95
1
87
2
17
24
386
109
5
257
49
98
6
21
75
15
288
5
50
31
479
8
11
4
430
107
68
498
23
13
301
13
5
278
86
5
29
2
3
27
330
397
1
45
338
5
2
132
260
176
452
35
49
340
161
39
19
226
301
403
146
2
5
326
6
42
265
82
41
2
23
5
261
1
114
10
75
61
169
392
2
14
409
239
10
28
247
18
203
37
45
223
78
346
473
250
6
3
498
3
5
3
226
379
8
212
12
108
128
20
2
232
24
3
10
360
434
45
24
1
258
11
17
22
2
302
155
3
113
187
2
2
34
7
171
100
206
2
5
26
1
288
3
6
6
45
10
149
146
81
37
163
10
1
81
62
155
432
238
2
42
14
83
110
3
104
111
61
264
114
67
296
116
311
259
107
78
69
309
48
352
211
117
64
206
465
248
340
21
204
19
455
8
46
371
162
287
492
43
1
42
72
99
89
1
30
25
365
361
286
2
45
50
44
1
394
82
170
5
270
80
419
493
68
1
282
31
8
333
34
7
246
204
39
3
400
323
23
431
1
11
144
75
58
8
224
2
64
57
131
1
402
18
26
111
3
116
262
18
188
9
172
25
268
416
15
47
221
398
1
121
7
11
183
30
34
116
4
64
24
194
2
176
106
1
32
412
68
1
421
141
125
121
50
16
197
437
2
179
16
177
337
44
2
107
436
141
99
280
13
289
40
233
64
1
22
67
5
431
74
9
9
8
145
219
392
33
5
1
370
16
278
106
302
22
7
254
14
369
38
119
419
22
206
119
1
92
2
27
6
195
416
19
183
426
3
233
25
5
124
1
63
5
332
2
14
298
127
219
69
286
61
20
87
22
3
23
2
1
23
466
1
23
435
269
7
431
33
147
110
213
50
403
253
69
149
34
348
6
210
200
4
11
126
3
2
86
17
339
115
367
11
80
2
81
480
197
1
290
2
391
12
442
1
302
292
6
379
242
349
26
3
26
99
2
285
1
18
444
26
164
130
8
7
240
63
202
174
9
7
28
88
3
259
235
486
294
139
36
31
27
2
418
369
151
170
17
77
91
293
326
360
181
3
154
99
8
428
109
247
58
2
27
1
4
354
284
39
174
7
74
338
486
3
25
42
9
365
12
369
455
7
109
232
330
7
308
109
376
26
39
82
165
119
34
19
4
1
405
5
1
8
492
16
281
43
139
95
3
27
41
23
473
19
154
1
1
180
1
16
65
4
272
23
215
12
8
1
136
13
70
140
1
392
136
480
445
119
75
2
420
122
129
1
4
1
12
114
69
396
79
145
25
8
33
72
101
1
2
222
327
154
10
4
401
99
4
1
51
268
13
4
49
7
1
263
63
27
460
36
141
3
6
58
50
23
1
186
65
9
4
44
249
11
2
284
49
1
9
128
2
271
53
14
27
10
179
117
203
24
299
235
257
13
80
38
60
369
469
1
1
14
241
225
101
61
218
1
197
122
1
14
133
226
476
188
211
334
474
10
423
37
391
285
132
10
3
211
310
26
110
21
10
402
51
275
4
5
500
195
304
206
208
431
473
63
3
15
368
25
19
354
182
467
57
179
2
30
380
40
13
209
165
37
85
255
255
37
41
191
95
314
3
27
1
12
4
21
8
2
11
1
37
43
349
36
147
179
16
21
13
139
1
55
194
49
89
24
38
92
258
1
4
4
126
46
3
49
203
373
212
8
102
24
38
79
321
42
56
10
91
46
20
110
3
82
9
70
58
18
119
1
1
221
156
233
37
152
37
443
260
143
2
204
16
52
133
402
165
18
18
216
9
57
360
61
2
100
1
65
35
5
105
153
213
76
207
354
10
70
38
61
11
34
110
26
4
109
97
235
1
33
1
24
2
26
189
7
308
11
1
29
92
183
296
54
5
57
311
51
28
223
2
4
134
201
18
17
8
11
92
26
333
5
17
21
97
272
9
89
59
12
39
129
59
3
26
66
25
278
28
316
55
27
55
180
56
83
130
185
407
6
9
107
1
3
6
385
1
4
17
6
217
68
422
213
215
142
55
46
180
216
86
301
375
12
45
17
19
101
235
317
67
410
16
91
97
405
182
1
405
11
5
189
33
1
13
381
94
451
15
156
246
10
95
16
84
106
59
452
322
8
186
7
13
5
294
334
81
21
145
57
60
16
72
7
163
310
179
161
23
69
6
203
2
87
67
68
170
156
215
20
430
461
43
1
176
1
291
18
20
43
88
3
62
1
154
6
15
1
495
371
359
78
35
124
5
63
278
2
48
1
2
40
198
219
208
2
296
20
11
77
105
184
59
149
5
5
6
2
500
16
34
3
23
206
84
336
158
86
41
154
1
7
436
13
61
179
198
281
80
196
57
472
6
120
119
75
49
26
4
114
1
11
230
16
35
27
73
217
108
58
407
5
55
37
5
495
25
4
34
34
45
69
37
414
16
1
68
396
99
100
173
18
51
387
184
444
166
2
40
39
61
143
198
283
399
7
30
18
203
46
1
65
204
201
28
160
1
96
477
14
16
7
9
357
51
70
312
425
41
228
10
159
10
3
7
123
5
20
67
496
23
2
12
304
48
3
43
217
31
45
1
33
415
13
147
229
1
18
37
203
13
85
5
6
1
129
215
77
259
73
26
24
41
4
146
26
4
295
95
3
15
31
306
11
18
412
1
350
29
247
1
184
132
108
114
1
293
1
17
41
65
122
270
32
181
75
25
110
392
73
212
1
120
32
136
117
3
2
16
12
200
315
31
6
3
2
23
55
49
425
233
194
1
52
2
190
51
434
3
5
371
343
1
3
458
28
228
6
433
159
477
18
32
49
20
291
49
394
39
480
227
19
5
128
3
336
83
267
36
433
92
65
260
7
48
47
295
18
333
4
240
2
424
442
2
48
127
68
456
9
4
9
413
299
2
304
1
16
400
1
97
69
18
14
6
31
31
18
220
207
13
7
341
5
7
77
429
3
66
223
2
93
169
5
9
15
16
8
303
1
21
37
469
215
51
50
225
111
356
170
53
228
34
4
238
2
1
2
147
116
247
154
170
1
40
72
122
61
76
284
486
26
18
2
21
81
59
20
3
110
469
85
12
218
1
142
6
326
10
28
6
115
369
1
47
1
79
142
2
2
1
11
2
21
16
427
1
31
5
236
90
264
218
14
177
334
49
489
10
46
75
31
149
81
149
98
2
34
240
104
122
72
428
448
73
28
7
151
4
115
351
1
36
21
50
221
367
317
2
183
9
2
29
4
77
96
95
58
9
4
486
237
107
87
28
49
9
29
288
56
2
79
2
377
236
90
382
8
13
109
9
298
15
16
2
8
393
5
42
151
365
421
303
82
285
27
3
47
94
118
241
242
323
1
45
16
113
9
320
1
433
63
1
6
21
74
7
71
371
342
379
14
406
33
114
113
34
114
10
5
79
61
8
338
395
3
255
238
90
1
108
9
84
263
71
193
274
47
135
66
195
174
2
404
9
1
43
1
82
84
38
5
353
2
21
160
66
342
4
321
375
1
11
4
9
184
30
418
15
233
4
64
1
389
132
407
132
68
413
201
230
7
83
352
28
5
122
1
103
8
3
21
6
183
10
192
3
218
63
85
7
52
189
270
44
2
69
6
31
225
195
281
373
338
325
111
1
16
10
116
252
227
1
203
92
16
178
7
6
278
131
50
158
37
499
91
150
7
11
3
167
90
278
19
168
294
1
10
336
310
87
65
234
167
5
312
50
330
395
59
20
39
244
24
315
183
65
1
484
4
32
39
165
203
4
31
73
258
5
213
69
18
80
221
179
179
4
16
129
102
13
12
22
102
78
290
474
25
118
1
155
170
500
90
90
5
18
32
1
267
237
77
92
54
388
445
185
432
135
33
3
45
75
165
298
42
2
268
452
209
2
10
223
114
273
7
6
3
29
100
45
70
35
22
21
238
124
126
218
6
5
7
14
33
59
6
38
246
20
234
28
93
1
3
410
318
382
9
22
225
12
331
43
206
154
179
396
46
1
317
27
45
199
3
431
394
2
6
14
455
330
12
2
33
147
112
246
185
249
3
21
5
1
189
54
221
81
5
131
5
46
33
36
24
71
1
248
1
6
62
486
4
268
71
157
169
9
3
218
202
29
159
33
10
8
71
206
480
29
15
468
24
189
3
465
25
18
34
255
12
38
382
250
295
202
280
63
170
18
44
3
6
90
64
42
45
39
307
235
283
144
200
2
31
247
174
90
69
106
164
274
217
24
22
109
12
292
48
402
4
457
26
192
4
39
37
92
3
25
11
11
82
212
277
6
327
93
60
82
6
13
9
461
10
3
337
151
78
349
49
20
3
343
82
1
257
7
171
349
3
24
171
86
101
9
321
200
13
459
232
231
299
41
234
365
23
275
12
193
469
3
111
19
359
328
124
150
201
25
193
25
81
6
23
33
149
23
200
12
9
377
21
2
77
54
45
25
304
87
458
7
8
13
477
443
499
14
69
2
312
115
143
127
12
388
62
29
8
40
207
25
163
1
106
22
64
359
46
57
169
448
136
28
168
134
100
48
123
116
5
90
381
48
26
29
3
38
2
132
1
2
9
10
111
352
9
3
30
16
115
274
209
8
10
2
2
368
113
78
305
22
1
146
1
4
156
123
143
180
35
166
349
5
341
149
61
127
9
21
81
1
113
1
103
4
449
27
120
1
8
3
69
159
1
109
31
51
2
2
1
4
55
75
22
15
8
44
24
1
335
19
259
1
2
7
29
1
2
19
11
14
103
22
33
30
143
402
190
51
252
53
1
170
2
1
287
5
205
1
34
17
4
51
1
182
390
142
3
22
1
375
2
2
277
83
169
158
141
1
310
146
46
17
492
65
97
126
65
8
13
1
58
46
451
1
114
72
124
4
358
31
295
205
49
416
152
38
296
6
1
229
12
330
14
62
36
25
351
118
112
125
120
39
179
9
14
3
6
3
135
454
172
3
36
3
126
269
20
109
17
4
25
62
37
45
2
7
31
28
100
21
20
9
23
5
120
19
436
114
107
220
353
315
149
95
293
13
15
396
6
2
11
4
9
2
11
36
444
227
61
381
21
72
18
83
137
6
114
1
212
4
351
117
62
413
30
31
49
362
117
262
6
32
1
390
28
13
4
51
126
4
9
217
1
2
343
9
80
6
2
216
204
102
2
164
67
229
1
51
122
159
217
279
139
4
72
133
11
339
1
23
43
1
4
6
145
2
4
73
14
144
489
316
176
2
3
94
315
10
54
208
175
2
206
294
309
317
10
11
44
30
3
2
35
222
281
11
7
115
324
50
467
483
34
293
11
95
20
272
455
191
7
246
28
339
39
32
337
229
5
234
316
1
187
3
121
20
4
60
176
4
50
23
440
48
232
23
137
37
65
12
62
14
26
22
31
333
71
56
10
11
3
3
340
50
1
23
200
2
167
14
183
64
6
91
64
265
87
129
100
7
138
205
1
313
283
54
53
57
7
55
64
27
4
6
146
274
1
451
144
126
213
313
1
493
1
103
5
66
362
2
99
192
148
45
111
15
270
4
9
220
310
309
3
7
51
118
333
11
69
344
12
55
372
26
7
2
8
122
194
1
110
161
16
358
39
326
137
137
90
41
197
439
32
85
87
17
27
6
7
69
25
10
358
496
309
30
228
197
191
27
141
24
351
6
33
308
5
301
7
219
4
1
396
8
24
2
49
1
31
188
8
7
33
113
2
4
62
240
483
34
3
33
72
500
6
1
2
232
1
435
5
89
1
87
55
372
474
78
35
205
43
400
76
163
230
6
188
107
242
1
215
138
38
204
16
352
40
403
5
133
7
219
67
283
1
100
50
14
327
291
7
231
31
77
4
1
212
169
64
8
387
149
162
438
319
77
260
60
1
105
434
136
132
97
18
325
106
8
82
118
96
18
70
15
133
38
363
3
305
13
114
38
1
6
150
30
25
49
105
463
38
118
3
59
1
11
191
63
165
219
3
7
277
209
11
14
121
144
3
8
365
149
4
3
30
159
5
162
25
347
21
16
470
98
355
4
154
14
97
83
1
1
477
9
3
107
18
1
1
266
4
24
367
47
448
104
252
10
7
4
484
247
14
233
424
27
123
88
68
127
272
14
53
155
15
1
173
7
315
71
154
6
14
451
1
184
262
392
78
124
2
72
13
72
49
196
25
249
1
10
41
131
4
8
274
348
52
7
1
44
2
179
1
6
413
128
22
8
87
107
58
67
3
36
1
1
90
306
245
50
179
474
235
64
163
179
149
90
178
80
57
82
22
9
96
27
17
24
18
291
7
267
3
6
1
386
7
145
7
83
58
382
53
4
289
5
11
312
8
388
51
51
16
318
34
202
286
37
458
39
9
139
48
93
432
67
394
97
36
12
15
72
5
202
1
5
254
8
473
3
34
204
386
255
303
454
141
1
114
456
2
2
274
93
3
79
193
279
56
36
318
71
97
60
469
265
11
18
7
322
286
61
8
375
23
7
37
2
188
3
88
355
143
86
16
37
150
125
103
368
75
271
273
352
1
66
210
5
124
21
22
31
4
44
5
4
278
4
131
3
104
159
308
27
3
64
11
10
32
6
60
319
1
51
53
15
1
123
1
21
15
329
20
2
134
221
18
19
63
10
371
58
133
10
1
61
170
326
1
75
21
85
21
19
29
413
7
273
12
10
1
7
355
212
1
62
26
4
207
456
65
3
432
4
120
88
78
36
37
32
78
350
47
10
208
7
34
334
25
449
40
9
44
118
269
232
21
2
1
374
269
18
258
428
253
29
12
19
464
24
379
43
1
16
27
176
1
2
120
44
63
25
27
63
367
41
36
291
10
15
406
364
12
84
75
9
42
68
29
21
77
2
47
318
34
55
241
309
38
152
282
148
73
268
5
34
29
302
31
38
107
134
353
14
248
76
56
103
35
3
203
5
1
350
92
202
29
63
106
403
304
2
144
181
79
286
1
1
8
188
310
373
60
2
145
137
428
45
267
361
3
66
43
321
7
163
11
9
193
60
28
104
76
94
82
1
241
5
81
190
102
6
234
451
11
2
272
163
26
1
168
75
259
271
88
57
2
10
13
265
203
461
1
146
4
182
1
468
49
92
379
64
87
7
322
37
421
29
88
1
418
38
3
56
270
7
402
432
29
38
13
154
16
1
20
39
79
129
30
327
290
108
184
5
434
13
92
2
193
46
454
249
49
16
295
319
487
164
74
30
231
10
92
44
98
310
32
1
62
495
148
39
6
52
448
394
75
66
31
217
125
180
16
64
124
161
241
154
310
57
449
36
285
7
305
10
110
53
123
9
161
6
134
370
15
8
36
9
138
50
1
128
119
240
360
9
129
151
26
107
2
105
14
256
32
161
257
107
269
16
395
94
158
6
254
341
1
160
1
5
410
121
293
460
478
116
313
2
293
8
44
69
248
81
8
408
59
6
30
65
224
36
14
7
433
477
1
17
5
49
97
67
1
31
13
407
262
150
131
69
284
223
8
234
5
19
58
4
5
91
347
55
374
139
1
1
42
166
10
459
6
101
6
63
291
363
1
205
208
1
181
2
481
4
192
75
44
157
216
7
135
59
192
231
246
455
155
84
238
30
15
73
152
483
171
184
55
1
4
22
4
67
23
30
100
34
90
30
448
59
119
10
3
222
364
500
6
22
51
8
22
3
24
224
1
64
1
65
208
307
210
423
172
90
370
24
1
4
133
114
117
5
44
3
28
470
413
17
479
70
5
1
327
396
5
17
73
176
13
2
172
8
4
82
2
42
281
13
4
6
2
201
345
5
136
71
2
2
471
174
10
1
183
10
308
79
133
22
140
221
83
294
24
26
476
24
160
44
26
477
255
4
5
14
18
25
14
7
2
476
57
33
126
50
286
80
220
2
1
283
1
125
143
207
227
5
35
70
287
112
4
137
15
9
87
288
1
8
127
495
108
149
355
30
26
26
161
99
35
378
57
278
148
16
1
129
104
2
2
20
6
41
1
311
1
18
196
309
191
422
1
79
184
2
19
382
38
360
151
1
7
332
368
294
250
22
1
280
331
109
276
452
62
353
312
18
1
61
49
65
467
59
52
68
194
229
298
66
94
7
97
1
164
6
98
20
112
262
26
466
428
3
77
3
75
475
115
80
11
235
173
93
328
61
2
12
404
108
26
188
427
1
15
1
94
402
3
358
153
1
283
403
273
8
31
29
333
9
5
5
1
131
325
393
188
5
339
41
186
27
368
182
425
10
449
7
68
7
98
256
339
5
10
35
113
3
445
15
344
431
78
53
8
5
1
164
37
133
3
378
68
18
157
89
1
235
51
400
31
201
15
172
133
22
119
384
98
313
61
4
44
321
61
8
2
54
43
259
382
473
287
175
193
2
76
1
141
454
388
12
330
38
201
149
100
8
416
59
391
87
19
1
23
37
26
18
81
3
171
4
110
418
161
231
6
3
1
12
98
245
38
11
7
122
144
4
8
43
245
6
143
46
93
420
466
55
69
3
1
139
319
447
229
19
5
1
42
78
457
23
341
51
342
44
10
105
443
93
151
437
123
170
77
68
406
8
1
1
110
20
191
149
5
54
52
57
297
29
35
126
298
427
1
47
4
193
340
263
313
76
5
143
10
257
68
135
132
178
20
143
270
342
25
15
2
1
38
72
10
7
418
102
95
57
1
25
190
141
25
115
462
69
2
8
262
12
1
4
1
16
405
250
85
24
73
3
128
38
1
41
310
1
42
27
314
1
493
223
26
363
368
14
68
78
396
213
88
39
40
20
225
16
122
307
2
461
152
48
37
415
415
49
458
96
24
118
2
5
30
48
1
225
98
65
53
54
5
109
312
475
66
406
41
4
2
186
165
261
291
29
2
57
259
331
2
3
4
9
346
314
1
5
18
4
12
2
102
11
10
4
15
21
14
432
211
7
49
22
8
118
233
2
452
67
90
47
129
1
196
4
311
14
337
391
60
436
468
10
315
45
47
71
11
56
16
121
50
1
83
310
85
8
49
164
447
149
3
41
47
58
7
416
1
448
81
19
113
8
164
38
1
18
6
97
107
1
1
3
182
11
83
4
16
392
246
1
63
11
437
255
91
2
475
156
18
166
425
189
158
103
160
307
375
151
310
9
16
327
3
18
185
23
23
112
199
177
2
1
380
4
59
477
418
163
24
4
11
21
481
12
14
5
1
121
69
33
68
308
394
2
148
332
56
147
176
430
396
318
52
33
45
19
63
69
35
16
2
18
350
5
11
158
25
56
252
209
492
121
426
15
457
11
3
84
389
196
263
18
488
8
1
366
316
30
77
30
58
256
152
145
3
1
35
83
2
280
7
3
450
138
5
1
24
14
6
50
33
13
372
151
201
459
169
28
85
233
3
409
86
9
263
90
36
1
8
82
90
114
165
51
44
8
7
93
3
169
38
23
63
155
32
175
18
46
65
344
3
112
100
446
288
14
1
3
125
24
289
136
102
4
3
2
88
80
4
1
31
351
7
3
251
31
40
262
11
27
71
171
1
76
206
1
205
11
350
123
2
30
249
6
334
110
94
117
340
2
295
19
5
437
5
3
158
265
1
30
13
406
67
163
382
15
19
18
189
13
94
48
9
23
6
57
124
71
483
25
403
97
365
1
3
120
17
25
490
249
120
29
53
164
106
49
1
2
435
10
293
46
379
14
391
445
156
1
461
54
13
102
237
481
101
238
404
164
7
30
3
291
11
75
36
424
265
12
1
40
3
124
448
6
4
176
2
1
5
3
2
32
43
67
1
315
94
2
417
109
68
16
191
322
306
7
147
107
307
4
9
359
89
295
24
39
34
26
147
353
1
8
221
52
4
6
1
179
386
192
43
92
25
149
178
4
37
19
155
427
40
2
283
220
462
408
4
9
381
1
116
296
19
267
10
257
309
392
58
476
1
69
13
4
370
284
1
27
16
177
139
33
68
169
284
28
10
457
6
167
3
150
2
6
365
168
292
274
103
2
420
53
10
29
114
86
10
1
118
31
59
30
20
19
4
50
336
405
302
10
237
32
18
130
49
13
202
1
12
1
3
94
4
61
81
8
17
64
497
168
24
353
442
454
28
1
9
277
415
55
39
43
30
23
2
113
421
478
21
206
1
16
82
24
125
163
265
29
39
4
380
244
103
30
478
1
457
10
1
2
102
63
57
1
82
221
4
124
196
3
334
457
340
45
57
177
119
402
321
32
286
142
1
227
4
10
2
137
214
6
22
90
86
202
147
33
83
191
14
15
454
107
147
158
70
247
24
136
3
212
48
86
242
12
52
8
2
13
227
20
245
1
1
13
416
120
1
378
96
1
30
261
263
49
89
104
91
217
160
1
387
162
71
474
44
125
265
134
60
341
46
10
79
6
340
62
390
384
466
64
95
68
85
131
2
424
24
185
4
453
36
179
63
2
2
39
111
24
307
31
499
364
9
2
131
119
30
53
145
359
6
244
7
77
48
35
306
41
433
1
21
13
7
234
261
174
164
2
19
492
17
468
24
45
27
2
20
374
45
134
6
11
56
2
210
5
16
202
307
38
72
55
55
134
456
381
119
405
7
98
3
214
281
384
23
5
10
44
13
9
472
451
51
23
24
2
152
497
1
16
311
56
4
396
1
13
309
42
120
6
41
6
198
7
256
84
17
312
104
23
95
87
407
16
486
99
1
230
261
62
1
58
4
91
3
274
94
317
15
97
322
369
33
186
78
24
172
122
72
377
17
64
9
1
207
22
163
436
1
123
232
365
134
1
11
354
436
15
319
51
444
181
350
36
5
140
271
100
31
7
481
22
28
86
29
143
16
24
5
16
370
2
1
57
50
31
229
23
11
73
6
2
307
151
479
111
252
3
72
153
2
36
1
497
3
8
189
6
47
126
8
117
157
9
159
394
1
20
16
181
150
185
7
55
65
11
40
214
95
20
241
80
146
3
12
21
32
16
76
34
1
1
1
85
105
50
18
4
112
42
86
174
159
350
313
255
12
139
52
5
18
269
297
4
69
133
94
285
206
328
68
24
24
123
46
34
5
306
84
140
26
93
10
25
54
197
2
116
5
2
109
161
296
443
236
329
11
98
410
2
132
235
255
133
212
250
148
4
200
77
168
39
204
485
176
129
1
2
5
168
270
111
229
1
22
53
6
486
161
114
182
15
475
2
213
284
85
198
316
4
95
13
52
10
256
383
14
60
211
2
13
442
491
350
1
38
12
3
68
1
30
462
12
388
17
2
31
4
19
41
126
133
18
70
186
175
72
29
108
62
50
57
39
24
14
246
41
374
31
10
208
211
475
269
26
18
258
18
141
63
12
7
68
38
153
42
31
393
30
17
3
8
6
43
120
66
12
364
1
74
69
17
35
350
203
18
2
1
3
1
76
59
308
192
10
22
410
3
329
27
7
233
87
6
289
94
300
92
321
432
15
219
80
16
171
150
25
373
418
76
413
108
23
206
213
492
23
7
11
17
157
1
350
6
74
22
305
12
49
385
343
134
66
483
5
186
333
272
60
5
159
132
8
140
100
27
63
11
383
12
78
2
25
152
1
3
176
79
160
2
438
73
170
20
7
1
97
183
415
31
393
478
88
33
94
92
7
329
3
43
261
217
261
179
232
332
221
8
326
31
1
396
21
9
72
5
109
3
34
35
59
242
7
133
6
10
6
267
7
320
1
4
36
450
131
480
145
2
34
100
299
76
10
208
157
51
14
462
89
4
5
21
397
3
26
11
386
160
262
197
111
332
1
11
122
20
171
427
400
339
2
423
3
397
305
63
8
158
7
472
6
105
39
72
427
9
298
142
13
8
188
4
283
62
1
329
49
332
35
10
2
2
81
419
43
3
340
22
252
125
296
257
1
46
80
478
158
327
69
186
175
279
307
89
412
424
32
93
337
269
16
438
487
101
1
40
296
66
21
122
10
382
24
398
112
375
2
103
23
20
44
56
2
20
45
1
11
212
33
5
468
417
9
2
17
21
130
29
1
3
144
82
357
124
1
161
47
84
263
107
203
374
5
32
26
108
32
351
44
11
381
50
372
75
11
119
99
34
59
1
388
11
29
245
8
244
376
233
2
1
388
205
1
227
239
140
7
486
452
140
200
36
207
248
112
4
45
21
1
105
5
394
83
45
3
290
22
381
408
6
74
16
1
86
110
22
439
17
3
42
82
10
2
1
40
140
68
68
39
5
4
12
1
39
1
16
369
34
38
86
32
11
289
44
26
224
40
73
45
456
11
429
24
113
16
481
138
65
1
1
3
245
170
4
4
162
338
223
42
2
188
174
43
49
242
2
43
16
421
106
144
1
162
104
287
189
237
3
5
417
336
1
54
33
103
78
33
14
3
379
73
3
47
344
26
303
132
13
189
66
104
37
310
489
25
13
1
64
20
38
8
8
64
307
66
1
3
5
399
110
238
11
335
91
5
443
22
1
1
19
13
98
68
100
4
112
4
274
1
174
438
366
8
200
2
37
8
126
116
18
239
381
99
19
144
8
93
247
47
391
11
122
318
272
33
214
6
444
41
101
190
184
218
8
109
29
108
365
349
141
1
72
3
62
13
128
225
231
33
271
25
7
397
155
227
49
73
1
78
27
5
9
180
110
146
3
15
376
477
84
317
94
1
8
91
35
34
4
299
8
155
453
16
270
365
10
4
9
6
225
272
397
136
101
5
84
39
52
69
15
324
59
7
486
3
43
89
3
63
2
3
56
384
134
7
7
56
1
2
80
12
280
2
132
219
18
59
123
338
165
251
4
93
79
435
3
321
2
59
31
2
434
4
1
3
3
100
43
3
134
23
1
116
185
15
463
16
94
150
66
63
44
220
41
347
373
48
13
14
243
374
355
1
102
210
9
241
63
37
22
74
4
216
262
1
22
227
16
176
27
125
55
137
84
39
9
112
87
40
363
136
429
19
304
12
26
65
2
169
293
1
1
99
11
411
371
250
89
4
6
48
32
6
1
7
217
68
425
37
300
189
159
193
14
278
350
167
463
412
14
367
54
15
27
1
101
1
490
64
26
419
85
1
2
55
99
359
454
82
30
3
3
374
1
305
62
10
198
481
3
156
154
293
25
140
289
23
12
283
33
3
22
37
180
34
63
212
9
1
3
96
240
38
447
66
210
25
1
243
26
414
1
79
6
5
169
6
62
16
99
414
25
253
338
93
47
25
196
5
144
358
208
7
3
308
30
19
2
5
49
8
11
424
288
106
1
1
52
472
1
153
11
488
43
344
2
284
199
1
368
44
168
203
172
7
72
102
342
62
55
3
18
3
468
22
2
259
411
35
292
386
39
14
201
44
454
312
282
25
3
69
408
12
82
5
1
402
343
483
5
4
2
70
1
221
85
7
272
348
54
78
40
8
256
290
451
358
111
21
182
100
338
400
91
49
4
14
17
356
121
65
63
81
84
92
1
8
7
93
431
250
9
158
14
438
100
14
381
168
116
416
32
485
231
283
252
231
177
6
37
184
76
25
5
33
366
67
75
6
258
3
2
2
430
316
375
3
131
2
385
104
417
1
58
2
129
226
300
52
318
11
75
10
137
171
276
94
386
152
9
483
5
2
497
3
99
28
16
80
259
107
7
83
19
35
34
102
248
223
1
2
36
1
195
231
1
17
42
2
486
58
96
110
2
2
8
38
64
13
8
28
27
189
69
20
4
4
9
196
8
118
10
26
50
32
1
29
133
3
207
5
301
37
130
65
467
10
39
3
11
1
85
362
157
72
11
38
141
4
8
17
26
469
1
415
61
402
39
286
155
2
79
19
322
22
2
227
40
260
89
115
491
61
76
192
1
192
62
463
8
37
173
122
20
22
116
19
248
32
257
356
31
18
442
2
13
16
26
183
193
2
1
4
3
168
18
118
51
175
140
184
4
24
130
466
51
75
418
30
43
136
12
334
441
73
9
499
14
62
95
13
4
435
3
118
7
441
384
1
409
24
205
108
127
25
1
437
182
473
22
3
9
8
29
1
406
7
201
328
46
35
167
32
363
10
457
45
76
235
274
350
491
405
113
1
295
45
36
491
415
114
36
61
48
47
73
169
5
151
2
388
84
4
128
320
145
7
23
148
140
320
25
125
22
340
4
56
102
17
113
36
140
3
417
7
107
207
3
33
4
22
4
169
116
434
68
353
35
165
388
195
90
220
4
399
370
382
152
69
15
76
224
38
22
256
491
56
15
5
7
18
61
283
257
6
77
194
91
383
127
2
27
1
396
100
2
7
19
4
344
387
259
281
32
1
148
28
215
284
427
206
161
1
225
2
79
369
197
4
8
29
4
2
7
392
220
11
61
245
4
50
302
4
2
1
56
15
353
139
3
281
25
1
19
348
40
2
489
251
182
424
399
93
12
4
35
312
32
1
91
259
1
1
1
1
4
19
341
241
10
117
451
244
468
96
3
374
88
376
89
22
16
343
67
242
449
173
500
17
8
32
21
13
7
54
60
2
85
178
2
4
12
115
1
191
77
26
296
73
317
98
81
1
274
384
83
108
7
29
65
1
143
459
6
62
4
152
49
8
19
115
7
315
1
141
7
78
2
288
1
82
166
50
356
39
90
96
52
36
9
30
472
452
5
341
60
93
255
304
50
82
190
113
120
12
7
62
149
38
26
95
3
263
216
2
112
51
4
16
179
29
1
398
103
307
406
3
6
319
57
15
3
195
152
159
16
3
121
82
273
348
34
7
4
2
168
5
59
385
12
45
2
3
51
6
179
15
239
418
126
44
367
165
481
91
1
135
3
18
5
8
314
478
53
3
4
352
21
111
23
62
53
71
2
9
145
3
16
15
456
45
4
474
141
47
275
27
184
162
7
383
207
12
164
4
366
7
262
208
472
264
87
304
2
65
14
2
2
335
146
6
199
316
71
15
23
417
4
105
22
14
22
10
98
15
22
17
19
102
374
34
1
36
21
96
311
105
80
58
2
489
8
19
3
168
58
33
356
330
432
49
117
1
408
27
20
367
232
36
298
111
294
4
247
42
51
2
8
12
484
57
94
1
80
23
41
240
11
38
27
157
48
15
1
164
98
238
343
11
408
453
50
22
32
58
4
9
17
6
105
17
46
22
1
409
96
111
5
194
101
146
27
180
184
10
35
325
327
2
196
229
17
2
302
139
19
296
24
11
177
54
6
2
67
117
1
283
159
36
5
126
271
266
56
238
413
1
1
121
226
115
9
30
16
6
4
1
425
41
359
208
1
25
36
5
239
24
332
35
6
169
362
9
21
367
5
21
204
38
10
428
4
1
424
23
40
5
129
14
27
1
21
280
458
191
9
411
71
333
19
359
9
153
1
22
226
283
1
20
16
13
462
135
428
11
227
384
361
132
20
10
286
19
56
12
10
38
4
44
82
164
21
113
303
93
291
128
176
28
24
16
121
164
47
30
11
32
61
9
40
7
487
206
9
161
86
14
4
45
428
122
392
228
50
149
318
45
436
490
265
37
76
278
184
4
250
50
96
252
1
144
2
34
46
62
7
60
206
241
29
47
238
135
327
24
73
1
270
19
118
190
113
9
44
8
321
495
55
455
14
1
63
325
42
429
347
101
50
6
1
134
121
303
468
21
188
250
65
53
1
33
46
3
57
372
416
2
184
7
14
426
66
13
264
230
70
70
18
1
70
126
56
191
4
13
70
158
52
38
33
478
2
203
5
96
15
47
444
265
168
223
77
3
21
11
2
303
305
52
152
238
11
209
139
153
293
2
1
15
235
408
67
1
97
2
481
230
37
261
135
2
473
334
121
77
71
376
179
487
18
2
18
459
2
48
2
275
118
344
12
11
86
274
23
386
135
5
281
10
15
206
2
8
319
13
91
201
140
357
258
413
352
1
2
52
15
15
37
11
392
184
272
98
84
41
387
2
73
3
18
3
426
33
80
30
164
314
473
2
1
184
5
457
40
3
3
15
295
34
3
488
167
125
255
123
249
11
50
14
110
125
371
240
25
6
495
274
42
86
1
58
10
77
43
26
7
273
455
2
146
42
330
1
150
250
64
22
326
1
115
50
16
3
1
32
233
114
201
24
63
236
16
11
7
6
50
125
141
359
240
1
110
15
1
100
44
28
11
32
461
58
140
68
27
127
8
465
5
8
375
15
165
472
235
231
356
392
428
17
1
322
106
1
11
13
128
6
10
81
124
20
494
47
21
231
52
3
91
29
38
1
1
35
168
6
96
196
31
100
44
218
40
198
2
4
52
132
247
239
6
138
162
18
99
268
2
439
10
73
11
475
51
57
22
22
115
38
3
24
79
1
4
193
27
53
25
178
351
24
129
4
19
9
12
281
7
331
34
13
418
41
4
285
499
319
170
280
156
361
14
83
7
7
92
1
26
61
8
1
391
26
4
344
1
1
395
228
200
5
247
41
421
14
6
92
191
98
58
1
306
22
143
65
1
17
38
130
1
106
419
14
12
33
31
181
21
99
178
32
34
2
157
4
35
102
220
18
1
49
23
70
71
336
427
475
1
95
382
90
368
170
484
247
5
477
105
2
15
84
236
29
156
42
101
281
24
77
77
12
18
42
36
57
231
11
2
2
148
76
8
2
1
2
210
249
4
24
61
460
24
338
302
254
143
449
111
484
8
118
222
2
245
468
2
463
25
120
297
1
80
151
119
172
442
1
420
165
126
47
315
2
328
17
16
267
24
19
20
106
290
177
4
39
3
430
10
43
7
11
10
233
1
58
6
287
64
40
6
4
64
4
128
94
15
2
107
1
20
321
82
36
2
1
1
50
2
4
11
141
232
235
373
213
30
331
4
463
247
30
42
1
1
355
27
49
177
414
41
20
55
63
233
25
226
4
412
447
56
43
8
55
461
1
305
231
102
1
147
437
56
246
64
58
2
438
174
475
48
39
344
326
25
76
66
111
167
327
30
9
98
47
3
3
129
134
66
4
1
264
134
104
237
103
24
226
184
27
3
32
135
438
193
116
1
262
431
17
34
1
7
131
2
113
286
1
1
14
121
79
14
2
12
21
231
128
37
303
315
126
2
451
415
1
45
59
268
59
269
268
309
137
10
11
150
3
22
412
1
31
44
15
87
345
134
180
14
92
50
448
1
17
5
2
8
3
3
423
353
234
1
51
244
3
40
37
245
400
10
1
1
2
48
6
49
12
201
34
361
242
6
62
6
438
114
381
2
99
75
86
162
4
8
6
5
121
23
100
12
79
340
2
86
1
7
19
3
35
88
4
178
33
498
1
9
44
183
374
169
14
1
25
32
5
434
4
286
27
2
53
47
5
421
3
326
282
1
47
11
8
303
31
27
39
6
3
7
428
34
3
159
362
38
27
30
27
224
228
5
1
46
1
445
95
1
3
99
443
49
224
127
11
41
2
22
369
181
50
144
68
44
40
160
9
2
1
3
307
4
1
11
490
203
14
4
21
5
249
248
422
214
14
238
218
1
52
293
97
79
340
432
1
25
134
241
438
2
172
33
235
15
117
39
111
11
385
222
15
74
11
58
37
96
1
1
5
3
5
3
377
241
250
1
285
376
195
36
1
8
86
186
26
4
448
3
11
130
64
12
14
18
205
28
336
354
22
56
462
104
11
253
137
55
215
178
55
10
36
27
180
162
4
124
137
26
40
126
115
2
1
3
34
1
100
174
50
13
99
277
278
37
108
39
328
16
6
72
65
18
355
6
116
319
181
109
49
28
365
265
149
1
317
78
64
23
3
8
141
11
467
114
10
148
357
492
84
185
349
2
53
22
304
149
305
100
288
99
3
14
2
15
244
5
372
8
37
2
201
2
408
225
336
16
50
429
84
10
275
389
1
11
19
120
300
53
212
3
10
63
43
49
10
20
16
47
6
51
338
13
251
94
372
13
17
283
5
31
376
2
62
1
462
331
75
87
59
11
97
20
231
55
26
24
3
174
224
3
198
1
118
13
153
322
266
121
13
5
24
19
84
439
31
2
37
28
1
10
488
8
28
60
1
161
57
92
254
6
72
246
3
243
4
16
308
267
352
155
248
219
2
421
1
64
23
1
4
1
1
1
141
7
411
59
460
3
18
35
374
254
101
1
263
285
358
68
105
32
27
19
102
5
23
5
7
127
159
435
23
332
4
9
1
259
1
2
1
22
3
61
266
132
444
125
303
240
303
134
9
13
437
21
7
120
150
237
39
26
1
346
20
19
3
4
396
248
498
145
3
192
286
330
379
311
236
12
490
1
12
5
195
33
361
298
324
17
1
92
95
14
1
5
62
1
1
42
1
89
111
4
12
1
170
317
5
57
81
248
9
1
11
15
27
27
499
94
407
24
302
154
2
18
2
38
176
336
25
106
116
45
14
26
299
46
432
83
326
345
17
408
8
16
230
4
8
8
230
8
16
471
27
152
1
37
26
356
13
62
50
260
5
47
35
122
55
1
155
2
23
21
3
252
478
10
285
469
136
72
38
4
6
197
29
76
3
212
2
1
33
2
136
32
6
9
1
89
26
1
291
11
25
30
107
17
277
21
59
6
4
397
357
1
2
3
58
52
321
378
1
34
27
3
15
149
91
3
80
2
185
265
285
3
259
315
50
2
2
165
331
57
52
11
66
18
179
176
54
34
36
433
472
79
15
201
359
100
8
1
27
128
189
194
1
375
411
2
482
11
7
13
14
143
1
57
309
4
98
137
400
1
176
14
167
331
48
1
62
98
297
1
275
445
281
218
188
204
397
122
334
112
13
320
86
16
60
139
39
100
1
300
341
1
9
309
195
41
166
135
143
37
358
421
3
19
1
52
44
79
124
80
295
263
2
4
158
351
1
61
132
3
66
1
8
5
116
156
4
359
80
181
349
17
12
213
113
4
205
1
31
5
354
3
23
18
29
130
420
413
1
243
40
9
11
441
50
93
5
13
54
13
281
1
7
1
2
365
194
3
283
2
2
10
79
5
103
137
348
337
24
423
141
36
14
180
214
164
37
18
124
5
2
194
17
433
2
3
100
24
214
55
84
184
35
22
16
23
217
138
1
137
75
195
253
3
6
2
29
8
16
482
367
25
309
3
23
7
7
202
95
394
17
26
27
496
312
71
291
27
209
44
1
10
76
2
389
363
115
1
8
11
1
434
237
306
194
228
433
123
251
17
394
14
102
112
17
8
291
9
11
64
91
13
1
94
54
1
1
17
72
87
20
4
19
18
16
191
127
1
82
454
174
18
5
102
23
13
4
17
53
25
10
13
44
7
388
90
50
203
103
74
56
367
18
351
330
21
22
46
264
7
1
83
344
11
284
390
404
24
317
12
74
14
113
449
151
15
121
19
378
5
4
5
55
2
177
193
59
58
240
14
14
197
51
163
113
306
19
451
318
64
1
57
185
58
326
199
33
479
2
17
410
249
141
66
35
68
461
2
110
2
282
64
22
3
43
16
168
280
52
68
121
21
222
63
44
28
477
93
6
221
26
60
13
110
291
4
155
7
4
4
16
81
176
1
30
155
27
295
192
478
27
204
55
141
3
119
87
14
83
20
1
86
1
24
1
475
35
192
55
119
103
25
224
5
50
4
456
477
79
9
67
29
2
56
8
2
194
28
3
34
16
21
316
237
387
19
4
306
24
170
233
5
120
43
33
83
108
155
277
2
1
12
5
1
16
38
31
2
4
110
275
16
482
2
21
282
2
188
3
3
44
2
390
109
488
89
24
297
2
3
7
164
86
119
42
1
3
100
275
3
19
37
31
14
137
50
34
8
19
104
2
493
9
49
204
3
33
240
80
2
397
182
28
1
1
71
429
13
150
326
1
137
34
103
134
64
7
6
359
28
21
140
5
2
159
3
5
33
84
482
363
73
28
4
120
443
53
230
16
8
2
163
256
178
134
1
5
212
243
166
87
79
2
42
465
81
1
444
38
223
318
185
21
18
43
483
131
457
7
306
316
450
12
71
143
3
37
194
1
9
339
499
76
1
71
226
1
6
234
299
229
23
2
68
90
434
4
17
97
165
24
215
37
53
361
476
35
41
12
20
22
149
228
1
26
6
21
13
4
21
6
417
4
19
117
189
107
307
205
21
339
1
2
82
53
32
46
143
39
141
51
372
329
172
30
1
294
6
385
4
277
141
12
256
43
10
11
6
146
80
392
44
67
3
317
87
18
1
85
220
223
10
8
39
1
321
79
224
37
8
16
24
18
14
31
378
6
62
209
12
3
5
21
7
1
3
114
2
258
2
196
136
391
449
213
452
93
146
7
43
8
63
398
89
293
2
19
286
3
181
46
27
131
149
57
180
487
39
309
37
1
286
3
199
1
4
59
103
53
168
53
127
220
243
310
216
1
2
323
27
23
1
477
142
261
374
241
333
45
16
2
83
45
1
39
379
2
270
1
280
17
49
61
12
47
131
463
80
1
134
146
2
465
400
342
47
487
5
182
55
357
370
37
93
9
80
179
103
279
1
405
26
59
81
47
307
401
473
259
389
11
148
34
390
40
492
408
26
56
79
5
317
29
101
21
34
92
157
450
4
222
127
51
144
190
1
369
53
127
264
21
305
302
244
1
201
26
306
131
1
456
66
25
48
24
26
219
350
36
2
22
4
28
7
102
41
3
3
69
30
1
120
158
11
9
14
384
10
263
2
4
111
222
121
455
319
402
345
1
286
400
200
404
34
60
52
2
330
271
9
2
196
4
290
492
4
1
180
217
323
322
435
238
6
323
118
246
143
328
474
40
78
193
234
435
30
68
1
469
8
232
417
2
81
42
108
208
8
89
157
3
87
40
5
1
145
404
362
37
2
11
25
34
131
442
103
24
212
4
6
487
2
45
19
179
171
2
405
274
232
5
148
1
1
14
31
3
352
42
75
1
10
430
13
406
114
9
1
354
3
105
337
49
46
16
10
119
11
284
15
146
108
365
33
408
207
239
5
1
69
280
93
8
401
141
144
27
1
17
7
429
73
273
287
478
12
340
33
209
221
2
66
37
91
281
2
260
159
316
225
75
35
377
21
93
21
68
328
44
378
287
2
2
2
13
337
2
140
25
114
7
51
20
109
1
19
66
4
135
3
39
13
2
25
445
38
67
262
3
119
94
41
148
292
288
407
8
32
30
10
201
15
382
38
2
38
23
17
29
5
391
478
113
124
303
1
168
30
258
102
12
486
25
38
88
61
157
1
101
176
80
12
109
111
85
284
17
21
16
338
5
36
12
18
290
11
15
124
1
338
123
141
76
69
274
171
237
295
3
24
27
10
4
201
1
440
169
89
12
394
14
167
18
11
116
7
482
119
109
116
349
62
52
41
9
31
21
1
48
362
313
26
182
196
4
5
7
84
69
8
3
209
70
113
9
3
14
136
2
356
104
131
1
237
247
46
27
461
93
404
114
439
155
2
128
176
13
4
17
104
11
1
5
8
3
22
409
272
60
83
10
271
292
2
420
51
1
1
9
335
400
69
1
72
29
87
129
4
354
29
377
1
17
20
126
20
159
119
34
91
302
1
20
7
17
498
5
194
59
47
465
363
288
467
5
1
60
45
362
25
197
399
56
260
51
13
29
406
101
455
216
415
294
312
6
458
10
48
2
73
3
483
62
332
14
288
12
216
60
303
283
2
432
64
127
251
1
40
445
31
30
30
1
24
128
34
3
380
115
1
344
286
79
35
5
4
5
1
150
279
278
105
264
27
223
156
62
13
2
83
96
10
45
1
2
134
112
87
2
9
2
126
315
92
240
470
225
2
163
18
46
40
1
85
151
365
395
4
45
17
361
2
12
339
2
222
21
4
17
26
247
108
3
285
236
197
154
2
2
254
90
1
75
177
13
6
53
4
3
276
6
243
201
87
32
40
244
204
23
10
68
327
176
8
136
4
153
24
3
171
2
107
462
20
20
53
273
175
1
87
374
199
327
175
248
14
2
53
491
153
441
310
9
412
4
361
6
15
37
410
2
138
478
161
273
216
9
130
15
5
15
52
413
48
210
176
6
1
7
285
171
29
1
18
308
83
33
86
21
1
14
376
1
78
172
59
12
332
34
40
95
73
10
13
102
310
4
284
1
292
272
62
138
377
1
263
423
402
138
15
175
403
278
351
396
173
69
2
259
9
382
102
85
481
311
287
117
402
107
19
3
217
329
126
31
248
67
485
14
234
125
284
3
1
288
3
1
261
64
64
76
319
27
13
1
108
133
1
190
8
29
328
51
41
73
45
12
257
66
8
259
241
342
167
19
222
2
90
23
32
51
12
19
13
41
219
9
11
184
191
5
22
10
176
394
125
40
3
40
44
196
116
4
12
5
254
105
259
1
212
126
228
45
4
6
53
2
81
14
108
16
3
317
163
1
1
5
274
219
259
246
74
188
200
175
9
60
225
268
85
83
151
4
211
46
93
56
3
3
2
74
4
402
43
43
84
325
396
7
391
2
109
66
24
5
73
2
20
2
4
4
5
50
77
281
49
61
12
5
134
297
105
28
100
35
266
458
180
2
13
52
1
4
3
253
1
75
8
64
294
48
493
245
53
212
169
10
2
9
18
97
31
10
6
1
21
11
355
20
15
4
3
82
37
24
85
45
16
163
6
71
170
17
109
1
219
265
90
121
21
252
171
285
18
5
232
3
18
1
82
171
69
11
366
6
360
64
48
20
76
74
20
83
24
5
3
210
1
3
99
382
2
110
214
2
369
466
7
269
477
3
52
3
61
433
318
157
238
476
38
133
18
18
7
357
137
71
36
268
42
10
140
97
400
16
4
4
1
7
449
15
142
453
25
115
95
21
298
57
23
1
3
7
333
335
1
1
1
32
1
104
99
402
20
28
327
211
229
113
4
247
3
40
270
2
29
249
1
268
4
25
1
18
190
44
327
232
38
19
17
363
196
21
11
36
2
218
10
5
33
1
148
288
100
57
4
2
62
372
275
1
242
76
7
135
114
90
351
14
151
63
1
125
403
16
11
23
145
170
18
17
384
9
3
25
269
1
9
1
8
210
13
391
43
65
1
159
44
131
27
297
1
17
113
5
10
491
34
82
466
59
449
26
1
189
171
156
1
57
4
6
23
264
5
12
467
36
97
36
87
114
18
100
47
3
58
239
16
350
16
97
88
171
3
8
125
176
3
373
151
157
39
233
17
291
309
84
27
70
40
157
390
112
1
218
17
495
133
7
72
129
319
3
141
1
1
130
13
13
167
128
5
444
456
171
419
1
30
114
170
50
57
462
216
81
358
27
133
14
35
26
127
2
4
107
51
15
340
406
159
10
303
17
284
103
25
300
4
15
19
225
17
217
2
210
48
1
349
30
29
276
1
121
171
182
26
77
142
2
2
61
403
15
91
133
14
97
141
88
158
246
19
15
12
64
323
40
51
8
52
7
15
248
2
161
336
107
21
110
2
69
2
261
8
15
224
124
159
15
1
187
17
18
103
283
63
12
125
335
443
191
409
453
3
2
452
16
11
7
32
297
7
62
1
37
2
29
5
51
86
1
81
453
76
22
1
12
3
1
219
31
29
107
187
72
210
1
6
24
248
369
408
5
11
3
38
375
269
68
41
93
1
298
188
28
263
2
1
1
1
242
375
186
349
472
379
3
28
247
237
245
9
205
1
186
294
1
79
254
157
47
44
8
39
22
6
92
11
74
14
6
68
60
5
330
483
25
2
6
76
4
143
49
24
3
459
2
2
16
85
46
72
38
174
3
27
39
122
363
10
57
191
480
209
107
2
13
277
251
1
442
22
1
310
2
36
31
65
70
7
363
267
7
377
2
28
277
20
5
390
311
37
326
212
2
178
311
382
415
1
2
33
252
6
26
258
18
107
256
1
9
25
370
323
53
379
29
88
25
1
297
47
18
65
95
156
1
51
82
46
352
110
131
108
3
189
9
2
483
95
68
47
36
381
59
1
137
1
2
7
73
21
1
1
19
5
474
38
354
42
125
1
55
121
22
1
30
4
198
12
3
404
219
23
285
7
17
283
29
92
32
2
3
105
2
230
4
106
338
120
2
459
4
1
21
302
1
2
73
104
57
24
29
187
228
62
58
32
65
7
1
7
159
106
30
63
304
5
15
1
15
10
131
359
447
36
9
139
124
205
3
64
10
2
85
4
249
288
44
23
16
37
167
112
27
63
4
421
28
162
17
64
5
4
151
69
118
1
6
15
1
13
9
351
69
330
5
1
2
364
416
346
1
369
100
46
4
4
70
340
165
2
117
95
264
6
210
3
3
1
4
480
13
2
13
203
5
193
109
56
314
10
27
80
158
2
16
3
82
485
157
50
80
246
22
473
2
181
121
358
476
5
1
4
14
432
25
52
135
7
193
1
39
492
67
13
18
282
43
446
34
16
491
2
19
2
99
10
231
193
113
148
1
216
402
74
24
83
3
9
5
28
465
6
379
7
81
24
11
454
288
313
13
103
22
16
104
489
239
4
4
38
108
50
381
16
281
9
4
2
312
56
3
1
28
116
1
31
13
129
223
129
28
7
20
1
118
140
8
3
430
213
10
2
1
3
234
92
311
90
154
160
2
24
13
16
191
133
16
67
86
2
419
118
366
2
8
8
36
77
1
46
274
92
1
177
167
18
114
135
105
22
298
18
238
174
34
1
212
17
10
499
6
36
469
11
9
69
85
209
14
59
1
180
145
84
11
63
382
38
45
1
112
2
7
5
2
1
7
48
43
6
94
455
2
5
30
116
180
258
19
195
13
48
3
106
5
1
360
465
311
21
5
7
386
392
71
1
365
377
21
171
367
367
59
75
46
265
116
98
204
10
422
35
130
4
117
1
2
65
84
310
57
84
2
93
129
102
213
423
1
120
7
233
9
24
3
126
20
3
36
14
153
22
470
188
6
4
109
434
164
4
22
7
66
59
361
65
164
102
3
58
29
114
8
456
83
243
40
310
5
474
479
457
4
1
268
123
8
1
2
3
93
80
14
59
13
6
353
3
6
474
4
6
371
65
56
57
313
99
9
47
77
127
2
11
145
358
484
109
2
1
190
242
67
154
317
49
104
441
23
226
19
27
1
184
4
108
59
108
3
212
5
46
341
15
331
95
130
33
3
104
238
23
33
6
133
261
14
6
147
41
50
155
22
75
31
296
34
5
80
5
7
19
1
4
20
2
18
4
169
3
139
2
25
1
2
15
1
140
230
24
32
305
30
136
31
1
458
383
351
362
273
150
228
21
4
2
1
18
105
34
154
433
17
137
31
5
38
21
392
235
280
7
280
284
1
22
11
6
60
2
1
5
283
1
454
479
66
39
16
2
46
20
19
1
440
7
33
391
6
430
54
36
140
494
171
235
262
200
57
14
376
7
18
312
6
44
52
77
284
20
4
6
58
238
324
1
249
263
431
5
93
14
39
82
2
121
5
111
193
234
7
223
1
122
20
57
11
75
18
171
1
209
396
2
412
356
45
183
69
5
335
56
39
402
51
3
96
250
81
79
460
494
14
26
425
24
158
274
313
2
38
58
12
119
103
17
119
64
27
421
257
95
207
4
184
2
407
14
278
15
11
3
11
8
41
2
25
341
428
35
2
135
152
100
12
1
27
2
86
323
5
482
102
499
40
11
207
63
63
1
5
5
5
382
30
174
1
6
48
128
1
2
18
7
64
265
1
9
51
48
1
75
20
7
35
12
1
11
75
9
6
56
2
47
301
357
12
225
215
384
139
9
405
281
4
92
210
61
115
13
73
283
406
2
416
489
90
37
259
7
12
146
174
347
103
274
29
20
203
17
1
164
264
198
3
147
64
34
2
101
48
259
291
70
254
3
4
264
391
83
175
38
428
102
181
382
89
328
27
9
204
77
210
1
144
6
9
123
89
144
411
18
239
37
207
51
5
396
397
368
262
29
8
210
498
269
19
475
24
419
109
364
95
64
2
1
15
68
102
28
332
1
31
17
4
157
59
359
11
115
8
335
160
82
84
3
1
183
40
448
74
363
175
201
76
283
73
47
338
145
84
174
4
19
1
185
5
71
68
142
12
18
29
342
152
236
44
24
46
177
401
1
252
23
91
24
13
19
2
320
163
459
7
89
33
399
275
10
331
273
34
27
54
187
38
103
17
200
2
360
1
5
1
12
5
451
279
68
1
3
428
52
6
116
18
271
2
272
491
8
63
485
12
1
27
151
3
34
32
8
5
272
146
74
1
461
11
3
189
93
75
5
201
498
1
494
1
75
356
3
3
246
63
6
4
29
12
60
13
47
52
229
67
78
61
427
168
330
23
22
331
408
5
6
8
426
2
1
426
29
255
135
168
382
2
117
40
242
6
52
496
7
4
114
82
123
35
387
1
9
29
8
38
115
11
6
117
174
304
46
117
388
36
217
8
1
83
207
36
18
12
375
259
82
306
337
22
3
357
113
31
113
46
203
2
3
169
113
7
119
119
423
158
92
199
29
3
181
357
113
158
306
148
11
6
4
319
376
1
380
4
25
174
6
243
58
466
6
1
21
368
2
135
3
4
132
103
19
152
17
2
225
78
1
244
23
177
4
4
484
172
261
364
9
54
91
12
171
234
181
29
329
298
198
265
7
99
390
23
47
322
312
148
244
1
59
17
5
1
121
15
120
303
3
288
124
4
18
41
244
1
12
74
309
12
5
498
70
177
149
161
27
55
206
8
13
352
28
382
101
1
32
143
483
4
266
12
80
1
26
325
172
213
2
302
24
54
160
104
13
39
66
446
266
75
6
62
219
1
12
62
72
65
109
27
175
236
60
17
28
157
202
62
107
1
6
53
114
3
262
291
11
3
38
34
145
10
439
69
428
1
270
13
65
85
138
419
52
43
14
1
153
75
407
183
42
202
1
29
328
2
260
1
2
127
2
20
54
76
185
176
5
333
1
175
74
21
60
103
216
489
51
98
1
156
16
488
289
8
4
120
1
148
496
205
121
441
33
39
176
133
144
28
116
8
246
232
431
8
1
21
75
3
289
464
5
13
