1886
389
799
241
437
1108
1286
446
1334
1320
955
1663
1242
544
1854
265
238
1829
370
1724
511
282
442
207
150
642
1217
1931
1819
1392
1232
1151
441
1307
764
1216
890
668
124
1916
1290
111
914
199
1958
924
1763
381
1739
309
447
1123
1645
1461
977
1762
1287
521
1389
1213
1518
535
622
690
473
856
1853
923
954
1779
1387
814
1109
210
230
970
590
236
1640
258
193
1398
57
5
1429
633
654
988
1689
26
1231
72
308
1132
325
1211
866
74
1700
1827
1870
543
1029
397
853
27
1241
1152
1481
1213
494
924
124
1674
714
1871
1635
1952
35
1937
1279
1303
1719
527
923
921
1868
1407
616
1646
1033
438
1590
1834
1758
898
930
696
1624
1137
1287
87
1797
1799
1035
7
278
1240
1984
456
1500
210
1997
892
106
256
1831
599
1511
374
325
1581
212
797
1833
174
886
1065
1405
611
33
1306
873
665
172
1382
1163
1161
1070
922
1157
731
1024
1294
621
1655
1062
892
542
177
43
913
666
1537
1470
1228
1633
1250
745
162
1463
1032
1927
1957
1553
1665
429
1209
136
53
1261
1686
68
1670
1645
1972
1709
205
1345
1586
955
908
165
1952
697
986
482
1421
19
615
1448
1347
1664
272
838
460
1702
630
568
775
75
183
1816
176
151
1902
1108
1625
927
1004
1105
1847
827
387
1686
981
1616
1906
108
701
1842
874
1262
1518
1426
1011
275
963
556
954
1573
433
221
513
1464
1760
337
734
1999
1854
120
1856
745
620
693
1547
608
1492
747
1654
1790
95
1295
992
389
1742
1208
1500
1621
1128
746
393
372
1983
392
620
1300
1287
375
1591
974
1304
1611
299
138
481
1321
425
1776
1987
485
677
780
1421
508
1514
1024
1524
1106
727
1618
583
1848
150
850
1584
472
829
1255
1611
702
202
1046
38
1466
1640
438
1707
1923
1835
874
175
1101
1682
1121
1187
977
1375
1454
1492
52
1193
1736
261
1076
25
633
1332
1267
1461
777
698
832
1169
1908
1700
1183
530
1825
1029
171
1736
1924
738
388
1143
74
466
946
1613
434
1063
127
657
354
1961
16
992
710
302
1158
455
230
1122
177
1162
4
764
155
896
1075
1807
1103
730
284
1363
746
215
497
346
412
1398
548
676
673
713
1699
711
1501
1941
35
1186
612
1232
1851
1281
71
636
1013
1461
733
1447
181
1370
1015
1470
305
1666
1268
1567
323
45
794
1583
1603
1034
1775
458
1985
387
1572
665
90
1258
1901
1939
91
1284
887
334
1006
1788
946
1098
888
1269
367
1247
1525
1467
652
167
724
134
1031
1348
1415
1757
1555
558
445
77
1574
4
390
1277
726
1508
1831
1317
471
1831
531
506
1921
1825
186
189
1551
56
474
1040
1773
925
1002
582
1406
555
314
177
774
852
21
687
1203
1465
749
1157
203
419
120
1283
805
57
386
1438
972
1755
1544
1306
279
436
194
580
109
1884
687
1761
1619
119
353
191
788
435
148
710
1422
780
1209
69
1926
1834
800
547
1140
1056
52
873
1574
793
148
993
1113
1449
1806
917
45
1607
1257
976
113
1108
647
1353
1886
48
859
909
84
1707
1899
199
284
262
1119
1121
338
99
1497
555
867
1252
1585
760
49
1703
1654
164
639
121
1177
1889
1862
120
1261
1846
117
206
1241
149
481
1981
349
814
1347
251
469
128
1759
831
956
1873
1266
648
325
1566
1955
1970
1367
328
1379
953
171
699
1569
1349
1305
7
1175
698
1113
947
556
1721
209
1237
659
1784
33
1891
976
1498
1717
1706
1257
1763
1712
1868
1723
372
1827
525
947
674
1830
1568
173
1239
761
811
807
1670
1142
1034
40
273
667
141
1877
996
1574
781
604
1389
1455
236
587
1147
1935
1582
1433
494
257
1554
1081
1883
317
833
256
175
837
1984
185
1507
1119
1069
16
891
171
231
702
1764
61
239
1153
1195
175
1384
748
1598
248
532
1802
15
1922
1073
1966
1204
1545
1077
1198
708
135
95
261
180
592
748
116
1588
1957
704
570
1675
372
1092
101
1628
684
1200
1401
1078
840
41
718
676
596
688
1048
597
1545
1499
1956
784
850
1093
1074
240
1055
1505
1248
1199
1593
397
1715
1041
480
248
371
1277
1336
486
1714
1108
1586
1841
527
590
558
1928
1062
95
1734
1159
1953
695
958
105
1528
1988
1258
1655
1028
1340
1460
1415
1871
884
78
1671
694
777
235
473
867
1860
323
445
149
1576
620
1390
758
1493
1072
1940
685
1514
1590
1763
1816
1446
1637
1686
90
1559
228
1282
791
795
1423
1877
1381
1854
219
743
130
1910
67
1704
1821
169
1875
1305
1550
1351
1289
708
1258
1191
153
1339
1327
358
1353
1093
539
1388
705
1874
400
296
339
1396
90
38
25
72
702
1146
1996
967
390
1414
163
118
119
1482
1132
372
1232
1284
199
965
1148
1655
1021
987
608
278
1612
1343
669
505
6
1060
279
142
1794
877
666
725
1673
210
786
895
1080
1508
1397
1238
1727
1235
807
841
929
1670
1387
1572
1136
1796
1684
1563
1276
1651
754
1728
279
1179
818
642
118
1367
113
739
1028
1077
1022
637
122
1719
1886
1695
531
931
1044
1819
493
327
1097
1922
72
1430
926
895
792
715
1962
787
904
1985
1678
408
370
1690
175
350
1138
1763
1948
129
1102
678
112
985
761
883
1621
662
1469
1074
1078
1118
1084
439
1346
1512
1430
76
977
629
400
497
99
1495
971
572
1926
910
404
1847
1363
1474
87
1824
33
1916
699
1868
548
723
685
1134
1405
1420
9
1966
1827
1944
1909
1950
454
1766
1766
1522
1836
191
107
761
1829
98
1775
777
1242
467
1598
1115
1512
1993
1207
213
1372
1625
809
1196
253
696
329
430
1889
35
1219
934
1220
1640
637
342
899
761
1372
627
1560
1078
947
1379
1575
1784
1565
1646
11
454
886
291
1418
739
1532
1093
909
276
1726
1745
182
1765
1564
360
1770
1110
724
1822
297
552
962
1035
1210
404
1418
1013
70
116
521
1833
1819
721
1730
1571
1283
1164
1183
837
1846
1385
1461
1989
1797
469
1735
419
1007
650
1607
1180
1446
1560
110
387
363
1588
1134
1052
399
1659
191
1010
1458
1601
1972
1724
27
1904
407
518
1022
1605
1881
1415
1729
1525
1918
759
1628
838
450
476
473
35
515
470
1478
1008
1484
862
610
1228
380
820
457
973
1724
1091
1408
1568
296
16
578
310
1467
15
804
1808
510
1058
210
1226
1238
1319
991
1338
1640
1060
1693
252
364
1128
1878
1992
609
1929
714
1727
1423
403
960
1052
1528
160
1840
1461
1433
1604
419
1366
1010
844
1477
1145
1857
1140
1367
1432
1742
215
1862
178
66
1769
1140
1855
1713
1636
1655
260
277
1932
1143
1920
1863
1367
1695
827
159
1327
1004
183
989
238
495
449
1597
1738
663
1413
695
1395
134
701
641
885
128
1008
806
1861
1995
1644
373
1382
1941
1344
1881
83
184
698
1410
484
835
1262
1355
825
472
1525
691
695
1317
696
1233
1262
324
770
1091
407
324
511
152
1619
600
497
990
419
596
1449
1778
1649
1638
1947
938
67
1263
1261
1337
204
1319
1905
1676
1341
1157
433
1786
100
1353
658
973
1671
53
1333
1740
351
581
1586
542
468
1402
1966
102
1881
1000
1502
1664
1772
205
272
1482
1249
319
737
1010
694
855
1321
411
492
1691
1111
1461
797
1073
266
1928
143
1699
738
1379
845
342
942
367
513
267
882
1450
181
1525
1169
1497
63
326
873
1337
1547
1288
611
1108
575
1219
14
1882
1129
307
615
1583
1485
1038
1089
1902
332
1283
724
1600
1991
1796
1258
1437
930
1572
1174
1963
1478
615
223
678
125
1029
903
1106
1809
1114
325
1015
270
1777
1945
144
463
729
1496
603
387
1941
1787
132
1438
35
308
984
1281
1412
1664
869
1460
578
1514
604
449
352
1226
976
1317
826
134
213
602
1469
1790
651
1577
18
100
586
326
350
1828
1022
14
1988
844
104
335
690
874
580
1811
870
1560
1074
170
1838
1368
1707
1401
1707
1974
323
1638
1390
473
970
366
263
489
886
362
3
231
640
1442
818
952
458
1220
334
1286
686
504
1123
315
1961
1991
1867
295
1387
1517
1525
470
1911
228
163
806
1422
1078
674
261
445
893
1360
1081
784
589
837
1390
1082
1309
1048
62
322
955
1627
1807
368
1897
636
51
548
735
300
342
1407
1713
450
8
1021
1303
752
1156
162
207
1810
1510
1791
98
228
1133
1408
1397
1399
251
830
447
771
1547
441
1490
1625
509
1261
624
1277
220
1022
1548
1422
589
1993
53
282
520
1304
70
1001
1588
120
1127
1812
1294
1190
804
947
475
61
798
358
1033
494
1851
522
1917
815
374
275
1495
633
604
1515
826
451
364
1726
712
204
1218
1317
1209
1982
358
593
454
1541
648
136
885
1688
1869
1908
282
1413
1980
926
1139
1802
255
1908
870
1951
429
1691
815
1888
171
253
230
766
715
78
1022
1506
504
1768
1407
1227
811
288
1393
358
618
752
510
1325
1318
1131
623
626
1889
1157
814
1097
1948
562
1228
1622
1085
851
1170
100
202
1826
1342
1895
555
842
1435
953
959
1321
873
1100
317
742
187
1874
260
1305
1961
1760
1185
1283
1284
1161
966
1985
1261
950
1152
741
1837
1397
1721
832
1883
1585
783
1075
1208
1327
181
1388
1261
1043
273
48
1
1382
764
399
1922
162
452
1442
1185
794
590
1964
1691
1427
1503
174
1767
417
574
1913
704
244
1437
1595
1482
583
1673
660
671
137
42
1899
147
1611
321
628
1167
358
1833
75
1719
341
842
1357
1539
1961
1775
1604
1079
1075
159
1249
1126
942
1342
1434
1006
1529
530
1542
404
120
686
1503
634
527
1990
1879
595
1829
832
1565
351
1575
443
1798
1413
1225
1625
1111
478
1704
1686
300
1524
685
1074
1960
780
795
459
564
377
248
1202
1979
559
1771
322
727
1268
334
1780
346
989
1864
777
354
1327
1430
168
234
1125
212
1184
78
205
1263
1036
1369
1530
1791
261
157
227
804
1780
1023
251
493
1630
500
1912
499
258
1909
205
455
432
343
1594
531
1227
503
967
1941
853
1395
1566
1173
801
1341
1997
1682
287
126
1693
1460
261
1480
1544
979
193
885
823
1584
815
639
414
845
1560
1827
777
532
1158
1874
319
597
1225
1548
192
440
1009
53
279
302
397
1126
1751
1046
1196
844
366
237
699
579
227
1053
325
1280
1028
291
328
1592
1067
595
290
1769
1206
641
1220
1163
268
221
1067
1756
1083
1412
982
277
602
1013
672
1971
445
783
469
880
981
342
747
1158
636
80
1537
1626
928
622
1087
1468
639
154
1081
249
1903
1710
745
272
223
1177
1854
1713
1870
722
1221
1939
276
220
907
925
578
910
684
577
325
1111
564
350
557
830
44
314
637
813
1561
1411
1127
1390
1792
92
664
1943
225
1444
104
1653
456
473
1273
1706
1627
1363
477
1520
662
327
815
712
1185
256
1833
1705
137
278
854
1152
323
1406
209
265
708
836
927
1004
1396
116
1883
1521
1361
227
1773
1165
1832
1072
785
789
893
683
978
853
107
1767
1574
1201
699
591
1798
1343
958
901
1527
800
330
1169
750
152
1256
1397
614
1275
925
953
1413
328
1344
856
706
944
518
1208
1510
329
1332
126
730
788
552
1409
996
284
854
776
934
1668
645
513
798
902
867
1763
1970
601
981
1337
1355
1591
1246
856
1830
1734
1316
612
1400
1453
286
429
1202
1739
457
1636
1520
1852
232
1356
1285
1312
1830
1495
1066
1615
1995
1480
379
936
835
1167
1886
1744
1830
670
789
599
1015
970
430
885
1080
1621
1711
734
75
737
613
239
384
1277
601
1930
618
1668
818
1124
430
1056
1094
832
1472
1365
1552
949
1445
1186
56
1276
1117
277
1055
1132
1218
995
1917
1858
143
293
375
1889
977
688
152
803
568
1715
1397
1671
375
1033
286
1693
1176
1332
115
1742
1689
1215
20
1282
1420
700
313
1634
467
1655
1298
750
1781
845
1399
1963
351
1833
1879
1475
1103
188
881
1794
2
223
1621
1138
948
1057
336
1408
341
1076
1298
1630
1121
1620
1986
834
661
972
294
1279
1221
1034
60
677
180
1598
1812
1672
1710
1960
383
1762
1277
1745
1707
301
1312
1910
102
1833
1176
1283
1831
972
92
678
873
659
1293
1188
1615
1820
273
259
1120
338
367
640
1340
1989
680
1578
598
844
867
401
1948
19
574
1019
1816
950
1321
747
1156
1596
662
134
368
1229
838
1519
1580
1210
1388
1455
1055
1350
148
151
1576
506
1088
918
999
1578
1936
1883
1553
1139
1634
1954
872
406
1916
1935
1492
98
1070
319
1483
1102
1180
1107
990
22
431
1246
1992
698
1709
1297
778
262
870
1490
1769
155
298
511
1940
1901
682
1257
1796
1153
934
149
1046
1615
1461
689
553
1235
8
85
1553
131
248
1236
622
349
433
1973
1571
913
36
1346
1289
1000
1148
1800
1591
16
1155
1603
22
546
787
1157
1082
334
621
1713
677
1629
1517
1060
948
1452
1682
672
387
1722
122
1588
829
1862
1031
1646
587
1582
1132
974
873
233
1131
872
470
798
325
1833
871
1613
853
1230
1026
1718
1780
46
1743
313
1260
214
726
47
266
1166
243
125
1312
437
45
366
1649
871
216
1328
296
1896
963
547
377
1258
857
1192
33
469
81
1502
309
921
749
72
477
1702
372
190
1030
1910
1979
83
1818
877
1420
607
140
610
813
525
272
1191
1671
1513
1200
719
1766
712
819
1668
755
421
760
648
222
956
793
529
1758
1360
118
658
1245
461
107
511
215
1
1353
429
1907
674
1513
626
603
9
148
237
1000
128
1064
1183
678
1656
1625
996
1245
1708
210
1778
1846
867
758
1500
641
639
1309
1780
1442
428
858
591
877
1108
1643
1825
487
698
1744
1988
135
850
283
379
623
1944
131
913
956
1879
1203
447
1658
1977
323
1211
347
1688
856
1702
322
1702
15
1091
1176
195
511
1924
1133
1770
1530
1542
1169
1126
776
647
1318
209
393
449
423
28
1458
1658
1797
330
287
715
998
1679
1963
1841
105
1485
1384
1667
1248
832
865
515
902
1716
1008
1185
1600
99
1074
432
611
296
604
1877
1555
480
1612
1889
1262
212
1807
125
592
1155
307
1828
678
951
940
267
1817
1355
1115
541
733
235
1276
1649
1897
1854
1464
1357
1232
356
1518
1624
986
142
1275
1278
495
1734
1473
198
220
1777
870
408
601
1226
1237
662
648
552
679
1868
1782
317
1905
1508
282
193
954
597
90
42
65
786
1271
12
216
468
10
1067
757
355
229
1828
857
445
1478
1753
561
267
4
1895
262
733
973
1148
1490
933
208
1699
1020
1240
1002
1178
53
1799
1318
1562
285
1213
724
619
545
1646
1958
1832
706
1244
1503
527
592
1265
1229
1039
1593
1035
1817
1193
38
1869
1364
1021
639
681
1862
1109
1060
1013
1961
369
108
1865
405
1972
765
234
213
1706
1956
1039
1906
740
162
860
264
1465
1404
867
1050
1362
1815
1921
938
1661
891
1485
1925
399
1928
1932
1217
713
1542
914
1537
1331
1247
497
808
380
1088
286
465
912
72
360
135
1110
135
1097
132
1123
1691
729
962
1256
943
1128
214
980
1179
1829
58
253
1961
1532
575
9
1288
1920
1008
935
1981
387
693
793
126
417
1567
180
181
1430
1950
1381
1163
1936
1160
150
649
177
840
509
465
1148
1264
1111
1401
1616
487
957
682
1743
1844
614
745
1757
1859
319
1012
251
1555
1165
411
1738
976
1091
308
1553
858
3
1320
240
1509
1919
702
770
1248
829
1045
923
1126
233
1257
1925
476
1489
668
1409
298
898
1275
309
600
1525
1135
1909
1213
238
1614
421
1293
1738
810
1910
198
12
1549
1006
95
640
715
1651
1137
1191
301
1198
1349
481
1653
509
1461
1348
1377
1348
1780
254
1936
706
1760
839
1205
275
1283
1325
1827
1827
834
317
1503
1394
1986
1780
463
1769
375
1136
1095
1272
1620
1625
873
1845
11
1217
1468
1573
432
1194
788
202
421
778
396
210
743
333
1223
182
666
8
1130
404
1513
1873
207
1118
1937
527
1160
675
1882
1131
1623
114
1687
452
1674
803
1164
144
1710
329
671
1245
767
1874
470
1444
1388
1506
1996
813
1360
1977
1537
1530
666
1293
916
1743
1535
953
305
180
483
1508
1648
776
48
1872
1619
1653
312
1355
523
802
1421
79
544
1480
215
1622
1587
1048
148
1909
874
1009
1595
704
197
497
1550
1523
664
964
1372
744
592
460
1791
29
1187
932
867
382
1088
1449
1388
1725
671
242
174
362
75
531
1052
990
1837
1028
896
1439
1656
1255
997
40
1639
150
559
475
482
324
1703
1257
396
302
1169
1906
1552
418
1089
526
207
1639
143
521
785
1030
1128
1847
553
299
1247
1632
520
1812
914
1568
1989
1945
585
1351
1446
801
954
1502
1374
1346
1900
1645
681
187
1866
602
1514
1768
1937
246
1487
468
1930
619
411
1239
835
1420
1704
1656
1491
1532
978
364
342
48
1332
1206
981
989
315
1542
1156
1868
1826
171
1317
171
743
871
976
1428
1075
1171
1164
804
1829
83
127
1213
1331
1853
872
1217
905
657
1391
1389
1187
1441
451
180
300
530
1283
1014
49
1912
1905
1586
303
925
79
249
549
155
1283
1369
1930
401
1545
1480
655
922
1710
1370
107
187
320
86
1828
311
585
1347
816
850
1483
1845
1540
1531
377
1210
186
313
115
1312
674
753
1236
1977
806
986
1488
420
180
1305
1972
337
774
922
209
1597
300
762
1118
519
1886
895
1598
435
1686
1494
641
356
262
1013
969
1305
320
670
1019
505
1273
1150
334
1632
1453
669
977
859
1350
1048
751
906
1411
942
718
182
1130
1173
658
1326
1968
319
924
1151
1757
1484
84
841
1514
641
604
1068
1932
1500
804
1541
1186
1934
1172
1153
821
1800
396
725
278
360
1468
773
354
1733
526
1886
791
25
1257
278
560
1058
704
983
1982
1820
1669
569
819
443
754
497
1176
1893
1486
1693
1415
1211
1546
1290
984
802
759
1023
1745
1097
1739
1689
23
563
1327
1960
1765
1240
1901
175
1999
752
1527
1670
243
1338
749
1242
653
826
143
448
602
255
605
1356
296
636
712
812
532
697
145
1396
1952
1013
609
1579
194
1
1489
788
1856
508
1609
905
72
221
1678
1137
723
494
1937
113
1933
1155
847
374
52
1218
1750
231
262
750
288
1004
1902
1925
216
247
985
1821
1610
1700
1479
1950
456
1863
129
414
1676
1250
935
819
1394
1695
967
839
1403
579
635
1318
980
1986
670
1919
1151
1688
1111
1891
1139
1131
905
415
1471
1297
1351
550
221
1104
1890
1225
293
255
1978
1817
1509
1881
653
553
836
1557
510
718
709
1723
1
1925
1575
933
1214
367
1309
1507
867
374
928
1170
752
1764
806
297
1371
1639
725
616
1496
884
567
12
264
1939
815
473
385
35
1068
620
245
1997
466
65
468
1356
1955
1155
1144
625
64
880
312
1846
1360
816
748
1516
1958
682
1200
688
262
1327
807
1569
1612
649
472
1234
1166
462
346
1094
664
1851
317
1576
394
1779
1675
1561
403
1336
651
1398
449
748
384
224
1961
610
587
430
41
1607
245
1637
309
1257
471
1913
25
507
226
427
374
1885
671
1737
453
1136
38
19
154
1195
1076
814
1851
1936
1714
991
1662
1579
1993
1624
919
1933
1724
1940
1225
1317
1995
1057
988
1854
543
567
1026
1752
377
1668
1888
513
462
176
923
1303
1279
561
1890
1283
814
84
618
1191
1996
846
539
535
2000
1472
1198
1322
1318
1293
338
1629
412
1724
1429
1084
1596
116
627
1835
1650
273
1686
7
1566
1695
1771
1848
484
1370
1073
1877
114
586
1814
349
1203
1370
891
1001
1370
1441
489
1597
242
336
1673
1949
1628
850
1900
1854
1309
651
1019
223
1848
1731
1365
1087
265
96
817
1812
868
1373
182
1153
1979
1879
493
597
181
1127
420
1907
1261
1681
1737
1170
1208
75
313
1252
1162
653
927
653
1570
1470
366
124
257
525
1538
820
1205
1528
649
154
1161
733
629
1229
117
917
1877
712
453
1403
869
11
1230
731
1770
1505
74
1245
1952
1951
1927
1429
1864
1999
1176
858
686
1839
771
1207
362
1226
1055
645
670
39
426
1303
157
1713
1635
1107
880
34
1866
1602
943
366
1707
1118
559
732
1616
1430
959
987
325
775
225
5
1024
1520
1815
1654
1165
1691
1146
445
1679
260
315
335
401
867
1681
687
1172
1108
1228
164
1417
1621
686
122
384
1431
955
1847
812
633
1321
359
1740
1078
1709
1765
1320
546
541
782
1079
62
1796
698
597
720
1659
535
789
1836
378
326
1911
1478
1711
1385
1921
961
567
260
523
1801
1075
781
243
1282
409
902
832
1359
1068
1116
571
359
2000
1311
1444
1924
1214
884
1991
363
12
1390
1590
834
264
1703
987
363
814
725
320
1633
695
916
1558
1875
1931
447
726
950
531
804
143
1649
423
1128
290
216
1103
919
1496
1621
1078
1817
1797
1246
174
525
1770
661
1307
456
1202
1193
749
607
307
474
952
382
232
1169
1219
1143
1694
1588
1042
13
158
870
288
241
1802
675
885
204
1026
1036
401
908
1639
1442
1091
842
921
118
1643
1658
934
812
117
335
227
470
805
595
1899
346
267
1470
873
231
1854
1221
644
1839
902
641
82
365
1267
277
200
153
963
1354
1276
101
1297
1737
341
296
1406
182
712
137
1027
997
713
717
1958
2
752
935
812
1372
29
543
755
1132
517
1461
409
1815
585
1443
1934
257
1363
1452
1442
533
1569
197
1108
1783
196
34
1806
1554
52
985
1591
1987
934
791
1152
1411
1991
661
691
1649
1253
140
938
174
791
1172
1190
839
1457
615
1538
1024
1995
309
1068
998
1141
5
1556
1999
1274
117
1426
1258
166
1849
1522
673
1628
165
1520
924
1239
1635
1174
899
1904
495
1101
200
739
460
166
635
377
1689
1232
1228
1803
314
1869
443
1091
265
408
1585
385
194
1324
1211
1362
774
1690
1869
1519
228
840
1586
1135
10
401
1611
1464
749
1915
1376
741
75
107
1330
1571
740
1296
801
1512
841
1276
1752
1787
547
1339
1154
476
486
1840
252
146
1102
1780
1069
1691
1147
1642
167
1936
8
628
1501
1863
376
720
539
1928
811
1057
1729
1602
83
1024
839
1093
239
923
38
716
1277
1836
1732
536
144
1427
721
362
47
707
256
282
42
252
1800
1599
330
1364
225
1525
693
363
1591
98
531
1788
1445
1394
629
1506
1235
173
1318
860
816
1919
1117
1223
740
33
555
417
218
231
1390
916
781
960
727
479
770
1314
450
352
366
124
1559
652
1198
1236
765
740
584
694
880
950
47
1091
511
1126
352
867
310
19
1037
103
483
911
1074
1724
964
410
29
1669
1151
1294
1538
701
1560
33
662
256
1239
1582
1739
513
1991
236
46
123
1491
946
950
1126
1843
1177
85
42
564
1235
957
1958
826
93
1316
507
1469
1223
1683
1622
1141
354
70
392
436
1690
305
1973
729
1393
377
1704
1410
1795
1789
1501
601
216
1829
1860
1500
343
213
218
1805
621
1130
211
1085
1894
1118
1757
163
1767
1256
481
267
862
1665
1748
1137
804
1717
1758
837
1410
1277
1384
425
1822
29
707
1156
1181
558
183
1137
1848
1384
1309
1033
1659
487
1976
996
1162
410
1652
6
107
1821
478
1196
1909
581
1944
1252
1768
1171
1053
1454
1471
575
1407
13
1613
377
240
1639
1362
67
753
1004
1257
124
1108
1424
554
1190
1452
1000
1032
1480
1914
592
1700
773
400
463
695
10
1798
242
1090
893
917
267
856
293
1473
508
919
1747
1841
1443
1539
1238
1791
280
992
1466
233
100
821
955
557
1104
813
1384
1968
1598
631
1712
789
1669
1847
800
1712
712
1629
1217
332
949
607
242
1503
1504
1271
1444
1514
1078
1183
1141
511
1852
555
1019
66
1835
1058
583
628
1450
1735
229
1116
1407
594
1024
1288
1519
200
1975
50
1825
1855
535
1987
1324
1693
1748
1615
852
194
1169
1697
539
884
1251
684
543
1540
1468
1219
1482
152
1879
1650
1617
1682
536
333
249
1530
777
1267
957
1301
1561
1815
1318
933
861
764
58
1031
592
670
1792
1508
378
458
567
1526
852
859
459
523
1799
42
776
1847
863
1715
1352
799
352
1773
953
1538
1799
1638
631
1835
838
717
349
940
551
492
1022
179
487
690
1334
994
1222
668
1640
1016
1453
1074
949
1947
624
1742
1500
1473
1858
533
374
115
805
1365
487
685
639
743
680
59
1755
1160
1296
449
1933
295
399
1291
993
136
170
1007
1425
1489
965
1117
1713
399
874
1798
590
1262
584
241
1670
1701
1042
1088
660
1502
602
264
1002
1874
1244
376
1585
714
180
1315
892
1703
187
1435
1493
1058
1753
105
666
415
587
1329
1885
433
221
940
550
23
426
285
266
375
1109
1134
1317
184
319
1129
221
1376
463
213
53
1965
1625
1935
1553
344
877
882
1143
1715
1489
471
123
1039
1808
420
51
803
175
1201
1075
1025
607
445
1873
533
400
1142
939
1245
1556
1038
1468
421
1534
877
1414
1173
50
1730
387
1569
1084
1653
1251
323
738
936
631
422
1851
276
1161
1958
1046
1325
679
1147
1920
725
488
1720
648
917
1278
229
497
1699
677
981
1780
1826
1100
1763
1923
58
1852
1318
76
322
1580
689
304
852
1858
1618
268
1182
1897
1616
1788
121
826
189
798
1259
674
831
355
679
878
1621
143
1432
1060
758
263
495
1049
777
1823
1075
993
1977
1185
1012
1518
813
1149
1128
1927
1418
163
553
1858
930
556
1766
1018
1165
1047
1119
1113
1735
142
1020
514
1252
388
1673
1221
439
777
1264
572
1039
1504
908
1201
515
1846
490
588
404
1064
739
1295
533
1672
347
1500
275
1676
859
1430
1226
442
427
330
764
499
959
1605
1607
1545
477
874
1697
1216
418
1131
1880
426
384
1566
1599
272
1625
107
1891
1138
1862
1044
119
1013
867
1830
956
895
1856
521
554
1053
1267
644
657
698
95
1821
77
95
142
1095
913
83
782
227
862
1694
692
1905
1905
661
666
1983
796
770
492
777
1439
457
1004
1222
1601
891
310
1381
1899
133
726
1249
2
627
1435
675
1195
902
1873
1528
651
523
622
110
1300
400
163
972
1582
755
1746
311
1894
1967
230
828
1811
1416
1614
456
1109
192
976
1975
1665
1887
1839
1292
439
1336
1810
1285
763
400
1241
251
624
765
1779
248
1111
173
414
320
1847
1874
597
299
1440
1718
651
526
263
789
308
1159
465
1549
1771
1935
1084
441
1829
1368
1336
1212
774
411
1250
1720
1687
1189
882
775
1539
1003
1653
42
1584
144
121
533
1301
483
1635
568
801
138
553
1123
1107
1649
693
149
1820
1517
338
406
1116
1677
695
682
498
1658
679
934
599
477
1777
1675
11
1846
1845
724
642
1152
1328
1113
203
740
1752
1434
1335
1390
629
1261
662
922
274
417
1167
1590
1288
1895
1981
1498
1407
859
1121
254
250
1570
1135
436
1220
1065
973
1959
1905
773
1814
772
1750
562
789
559
1174
456
1358
1662
195
1494
324
98
472
1596
548
1152
167
126
1644
1572
1020
236
408
1939
971
1937
323
270
947
1315
287
1843
1606
746
414
1199
125
313
679
1445
1340
67
659
201
1769
1845
282
1579
873
1864
887
1259
1690
1843
1452
1266
841
1939
860
1701
523
1861
1077
106
1601
1056
1575
885
1427
1424
182
1334
922
833
1572
858
226
1623
941
1751
1596
1126
850
1702
553
70
1499
271
1152
179
542
51
444
838
825
564
559
1925
363
1353
1615
423
1496
955
1322
1492
544
505
861
1546
1709
164
425
64
1977
129
181
1482
680
1477
781
325
278
1386
527
1538
1966
838
1400
902
1806
852
1169
1230
1241
1717
548
167
420
999
1986
1079
611
1697
1140
770
149
1030
414
1479
303
1637
631
1873
819
851
1829
802
964
553
1350
1943
1593
1602
1395
1828
422
866
1077
657
169
173
273
1654
1677
820
1797
360
217
1183
451
395
1702
1963
1413
1336
992
1398
756
6
968
157
1459
579
430
703
1024
1224
1058
1177
466
1657
487
1019
1617
1485
209
1527
897
1967
1842
489
879
1214
698
845
118
892
1433
636
1070
365
1098
1252
1378
1709
1353
549
1130
110
1424
1669
1307
517
1052
728
995
73
240
1450
520
1979
1538
647
646
1401
1341
1779
1288
1396
1916
550
1974
931
1013
660
877
682
599
1827
1708
1520
292
1580
578
773
899
1281
1665
531
814
255
131
608
27
1756
288
1167
590
363
639
411
411
474
74
1625
1088
1493
1013
1624
814
562
583
1382
621
1309
738
44
14
1542
1747
1277
335
1140
1278
1611
1952
1963
824
505
294
1702
647
1396
55
1526
1098
866
1473
1313
882
561
553
1922
1953
933
731
1854
549
1905
1035
1957
1849
67
634
741
252
246
767
44
777
1693
1376
409
1166
230
1733
858
1719
999
1193
1860
1306
1977
1787
1652
702
513
730
895
554
1479
1410
376
1651
177
737
244
1426
328
869
1862
1240
588
1979
180
605
1224
1529
1703
390
514
1776
193
426
121
585
1727
1844
1036
645
1720
468
1085
1344
667
965
1380
48
370
543
446
936
1250
146
465
1911
1631
1376
351
829
1106
1365
1167
1817
1085
1755
1662
758
148
1369
114
579
456
1960
1747
844
651
336
1629
1333
1033
1611
1639
1025
696
1167
807
1198
1209
1481
1469
1388
1599
1734
1218
1273
196
881
299
1820
1512
745
1500
205
1053
329
1771
1462
1639
43
970
533
1388
594
1247
1445
686
325
1264
1808
1439
346
925
722
1073
928
180
632
1384
810
617
461
1989
318
1495
947
1378
1928
504
989
1277
1689
421
180
1280
628
917
262
412
1435
1508
426
1179
256
1944
1510
1126
1538
1470
12
1699
1998
646
217
1305
1568
1807
1703
1327
1714
1573
1219
1264
1770
1249
1865
1995
712
1712
371
1448
305
239
191
320
229
1885
666
1040
749
1079
1176
1395
439
1570
849
979
248
1332
1655
1475
1892
1866
246
1747
1695
748
1961
1095
1286
1224
471
521
527
1674
1956
367
1318
536
725
1610
35
1472
1459
785
1267
1340
1198
774
1668
1930
212
1937
386
106
1662
1965
98
638
1339
604
1185
1700
1639
86
1122
1835
1635
1437
1470
1789
1571
1354
111
476
757
479
1789
816
1614
71
458
1895
1403
1742
455
151
1440
668
807
1578
618
1075
1837
662
331
571
292
265
1303
621
1199
1403
279
1011
1851
1767
465
447
990
998
1112
390
126
1372
121
1902
862
1194
1972
258
947
1762
1826
89
1986
1715
912
1456
1267
1388
752
1677
1725
1616
1541
1568
957
1859
805
271
1923
1616
1305
1835
1889
748
1587
246
106
1276
1155
1656
428
1034
538
576
1995
855
873
1880
446
1494
1265
1899
1645
383
1021
811
1888
998
476
1870
1826
1208
1951
673
457
1603
884
1529
1706
255
1133
604
118
920
786
1345
782
1858
28
1228
1996
1135
399
1243
1160
947
279
49
67
95
1770
311
745
1947
385
1532
428
900
267
1070
1363
608
1064
1800
1771
648
960
1436
823
946
256
1527
435
1091
1818
1634
668
627
636
291
103
45
1770
354
398
1024
1515
1919
1311
742
1116
970
317
211
106
725
1865
1850
37
529
1658
603
984
79
1761
1533
1436
132
1002
921
1291
52
1225
334
1221
986
46
614
950
1182
490
249
1796
844
1168
429
1812
1745
1052
1120
360
1954
458
727
1313
1793
1654
1383
1085
1041
1022
141
1806
753
1023
1870
102
1893
171
1426
120
826
546
79
580
1258
955
931
30
1716
459
1507
264
1756
1407
662
364
1768
1021
256
1557
1455
1572
862
1479
1903
1265
1791
1905
1483
151
355
874
659
167
672
1523
715
1064
110
1879
1278
697
691
221
1616
216
543
430
762
1635
1995
1333
805
949
51
856
1705
1992
375
1241
108
1666
574
1688
780
305
705
317
321
1544
1700
1453
90
206
272
102
1263
1648
672
347
982
46
269
1226
19
475
368
481
1412
1443
1518
1333
1921
30
148
1815
1420
1031
1884
1156
401
1288
19
193
1552
1241
1096
1910
1483
1109
710
1007
1236
164
1735
1641
897
686
1686
1803
1603
455
887
1560
1457
203
1552
1866
794
918
486
1899
724
735
1095
194
254
416
1997
1811
819
1042
1412
550
603
511
607
57
348
1493
884
1738
1456
71
1020
788
1454
983
1384
1206
1070
904
1325
311
1986
1580
1729
1227
736
1787
1259
186
1800
1855
1009
196
196
963
1871
1690
884
805
1698
388
806
685
1478
657
1020
1514
408
1772
1664
625
960
1483
275
300
800
917
825
1153
1830
1058
1455
429
1981
1076
193
234
493
923
1603
1059
314
1674
1194
1456
944
1126
424
1973
1382
1740
1957
1573
1844
1234
270
1789
1055
1809
1121
1232
889
16
397
416
724
1552
529
1027
1107
1813
262
612
1156
1835
1979
1063
582
497
1154
417
1465
769
1269
787
976
974
434
1010
332
211
446
557
1331
673
1977
925
248
156
1464
276
974
1392
1741
1029
1057
548
1669
1338
924
689
17
1626
1973
1362
1823
695
1229
270
1177
1288
356
290
71
798
1277
291
339
1487
1140
870
1461
1945
80
1936
691
1253
29
1294
1616
1943
1792
1401
1288
361
1973
941
900
186
48
1534
353
160
1289
1646
207
1005
1585
969
156
1124
458
828
1721
1343
1612
1286
1646
1548
1899
1992
1679
1920
1378
754
763
1366
114
1825
1898
229
695
988
1006
255
862
1167
287
1910
435
1274
593
362
1402
1249
107
1939
110
231
1703
1671
1878
606
1085
1657
1161
1863
1346
106
1949
881
11
1373
1338
711
163
1363
160
1796
121
13
49
658
728
135
837
1388
909
108
158
994
883
1211
1711
1954
1213
896
1734
66
1643
764
133
493
529
95
1322
674
1454
416
1507
516
357
1757
776
1501
1005
1677
518
652
1633
1531
562
1074
1200
225
1427
720
1879
226
1882
1954
1597
138
192
616
1708
1173
187
774
1703
1527
1759
639
414
508
1846
716
1840
38
1436
492
1706
1055
59
459
333
921
237
859
1836
12
47
1872
1869
836
872
583
1079
1772
442
355
1695
34
792
311
1630
1394
75
976
827
436
562
966
1192
1843
1445
1520
949
1574
344
449
736
440
184
138
562
21
1372
1851
1432
963
106
163
151
1155
311
1161
1287
1796
178
990
792
341
467
651
1189
1570
382
136
1507
1805
923
921
1992
1712
1808
1217
1449
537
980
1361
262
903
587
719
1918
682
115
234
200
552
1779
967
1091
808
1533
766
840
1125
977
460
1719
668
512
1390
1222
463
1239
880
1125
1400
1368
1129
591
1069
1260
870
1003
331
1877
250
854
555
800
915
111
925
1448
1206
1551
77
20
1949
1534
1385
1779
1054
1889
640
1731
1358
488
290
1190
721
780
1057
403
749
1082
1409
1407
1456
589
965
867
1375
951
132
1157
355
1667
662
291
814
449
529
1976
474
1621
1251
1704
1279
1521
1847
1478
1878
539
1133
1838
454
1836
1963
169
1521
512
734
386
1243
934
956
1195
1408
240
1427
952
821
35
1508
1121
15
339
1168
1627
1969
588
388
1040
1345
554
229
1431
1161
421
241
483
1478
701
992
1110
961
907
1182
1535
1411
1888
676
1849
126
569
1947
881
1862
1867
1609
1160
873
621
255
1684
822
325
1322
1222
153
906
1712
1631
73
1413
1710
1005
1131
794
1065
468
26
456
1155
1095
1541
1958
300
247
1745
1013
936
481
767
1893
1250
32
1648
1376
1130
1234
1400
1059
932
1268
7
1607
635
785
462
1271
1879
366
1398
1142
1582
1149
1116
1620
684
314
278
918
1551
1840
1966
1898
1029
1912
88
679
1181
589
1227
1966
1101
1292
1967
365
192
1618
502
264
1781
223
37
1194
1454
942
46
469
241
1047
930
121
1930
1182
1554
1830
1608
1462
750
561
1950
1838
1219
1471
487
744
1587
270
13
1909
323
91
1910
362
1767
1911
1873
152
389
1210
1953
347
356
809
1216
1535
938
413
79
1213
1225
1673
1918
1521
741
1354
1146
391
1040
1319
1029
209
1859
381
579
266
200
1091
984
1811
1725
1812
506
146
1728
483
1138
4
901
444
963
1262
837
1439
822
1106
51
1587
968
668
1843
554
134
1744
1105
1217
320
510
1543
1618
1486
1004
1152
499
1767
110
418
390
1205
287
1472
252
1195
1295
1539
1266
1484
1987
1850
593
1533
363
1637
1970
1510
1387
200
610
916
830
1793
723
1926
381
1247
1804
1492
214
73
645
1235
1911
1157
585
857
1940
1413
518
514
1530
1865
1723
1628
1647
1549
1845
700
712
357
143
967
1702
1012
212
31
1347
750
1060
1482
1179
1256
368
1018
38
3
1668
1044
1109
1645
562
1899
937
1127
444
1084
1495
171
1463
1216
1533
1480
1947
1833
703
568
217
34
137
617
658
737
24
1231
204
583
1900
40
894
210
945
1342
1396
1176
1569
794
920
1522
1504
325
509
1726
115
561
785
265
323
956
1226
1393
254
3
1988
1320
160
1595
1769
854
1104
805
862
1020
696
1095
184
425
1797
254
878
1082
650
1067
401
429
1222
1209
63
491
1097
1062
1194
1284
238
1652
1227
1215
1918
1576
525
1774
1843
1565
112
1792
1176
121
1268
473
1843
288
1083
1978
1117
189
1461
1165
650
1968
1579
898
42
1282
728
1950
1758
213
185
1739
845
710
416
1443
1407
1573
1146
72
1581
246
515
1088
414
918
74
1871
934
1374
1632
1713
1338
410
953
1793
755
1712
1525
1693
105
1071
127
973
810
1033
775
380
480
1219
564
137
1394
729
1713
973
1651
24
1711
713
1346
146
1319
247
571
35
1435
147
1327
1932
1912
711
736
1152
1689
927
1744
786
1692
389
1255
469
869
1034
520
1821
435
502
953
487
4
419
1563
968
127
1345
796
1862
478
1992
1789
1703
1054
1613
468
571
214
1257
570
1110
1804
1711
1068
1337
401
1058
1460
1994
1458
1854
1194
1443
633
1243
827
845
303
1459
1599
59
691
791
1406
1608
1581
1850
322
883
945
158
420
22
168
653
1179
1744
1519
603
1649
289
696
891
834
104
1839
554
1208
535
292
711
1480
326
1570
1370
1121
1673
1024
538
900
794
278
1168
588
424
735
1910
96
308
837
678
441
1605
1386
712
1240
534
1727
1815
1923
632
985
1313
502
100
963
1276
1505
284
959
568
1662
220
1809
354
1066
1138
1098
205
1236
1320
1105
926
1491
1806
965
1244
469
296
1687
1092
773
199
1513
438
418
1791
269
1375
296
1526
1512
338
1978
589
1931
505
1968
1661
925
1806
1969
197
358
917
1199
464
442
1020
1678
1272
971
905
1024
1783
1079
38
743
427
730
231
1028
167
1711
1809
808
1372
1887
1230
1722
1218
1736
1119
368
727
269
1562
92
43
878
730
1316
1378
1294
216
747
843
1922
1417
158
856
275
1910
970
1500
1789
1883
633
1921
983
1443
1301
674
1268
825
1910
1387
75
1455
56
912
1929
1772
973
1985
1146
1014
925
810
998
1767
1427
987
528
832
1434
500
848
1233
1218
334
770
1235
402
1114
452
1912
1604
15
409
1440
1002
537
552
932
359
1181
662
1656
377
1764
337
667
25
1508
1726
735
1060
1000
163
67
1813
44
742
1349
1255
1551
1355
1160
243
2000
447
1364
404
1532
1680
11
1883
753
303
1568
1877
1599
101
36
6
209
394
1239
540
965
1172
1202
1109
1545
1894
268
490
525
1554
279
288
335
1535
560
1734
718
542
1500
1103
705
1820
1169
794
1966
567
1940
1058
729
1452
1731
1910
1882
319
1766
61
243
1510
791
118
259
886
149
164
580
60
1490
790
1883
1666
1531
1555
1571
509
1977
1607
1489
1542
1584
667
420
1847
158
1404
382
1612
1687
934
330
597
1609
1779
1279
1712
380
806
537
1757
1455
1811
1832
1387
525
823
378
181
755
601
445
1079
1066
1566
1024
764
1602
952
847
783
1511
505
351
1682
988
1970
615
1890
565
1596
1852
1104
1265
665
789
1852
1075
1040
1318
1144
1342
982
291
202
1849
881
1551
292
1801
714
236
1371
158
1308
1472
773
1339
1131
474
1491
80
1889
996
95
88
1614
201
871
709
771
858
1906
1452
1826
405
620
1000
1758
652
1123
1612
307
1425
1715
1222
522
1781
843
988
658
1708
1708
954
979
961
737
1408
444
1581
664
1357
1146
162
589
1195
1455
646
1119
1733
1643
118
464
1218
403
1732
615
500
1240
605
140
1454
382
292
1546
107
836
1440
1324
1924
348
1666
874
900
409
1304
1515
543
1562
358
21
1542
1829
1353
133
1908
596
1552
643
528
1049
1768
859
237
926
326
1715
550
1171
1842
1584
1737
602
1843
71
539
1555
1205
1493
1262
419
874
1543
1751
1447
11
1432
481
216
1928
1652
769
1074
529
44
1656
714
1088
291
597
1699
1777
566
819
1341
1163
1525
1227
1740
1258
1328
1289
774
1197
762
643
1329
412
1161
1170
174
582
22
321
994
221
1207
68
705
1898
1609
38
196
1653
1816
1520
383
1266
355
1802
1086
1395
1187
702
1892
176
729
1938
740
1989
507
1642
1653
439
1503
1163
971
866
1881
874
1545
1506
750
1731
1396
203
1164
1692
1698
489
274
1095
540
1891
799
192
1780
119
583
1436
566
876
735
1466
291
1031
1495
1432
1195
991
383
1999
1228
193
967
524
807
1856
936
607
614
847
176
1540
912
1633
1486
1626
1302
302
107
289
1014
702
649
1766
796
106
1235
361
319
520
709
1307
1128
1197
522
1485
344
391
1855
301
577
1481
1917
258
1898
183
349
655
1668
1663
694
425
1938
1395
1496
266
1337
478
226
1430
1209
946
1329
459
1476
1878
261
583
788
535
1700
1083
672
1396
1597
101
773
725
327
1166
1640
1731
1848
937
470
385
636
230
1468
423
1460
159
1502
1700
1288
221
478
150
1001
438
1461
657
472
1601
823
1066
1082
168
205
396
1528
1024
255
1825
57
460
650
1954
494
154
47
1840
50
94
1813
968
1758
1898
716
386
1016
1854
963
272
769
1731
1416
1783
488
660
209
648
635
1493
198
151
1753
603
1085
395
115
283
610
1159
1811
1133
291
1879
1916
1327
224
1262
976
163
293
846
132
131
1444
1197
44
891
1069
163
12
1823
1102
325
1794
1155
31
1702
280
674
683
104
1977
1935
1817
1446
902
345
1793
853
1888
160
1351
1327
1239
92
1463
259
1307
628
1217
54
1523
1432
1852
1170
838
403
716
1150
1260
713
1536
1191
1323
1226
681
1821
796
428
1174
1632
232
876
219
1190
1411
1766
754
761
608
1393
1685
759
1186
1632
1215
1728
110
1480
1584
1960
486
298
1148
22
706
345
40
463
1501
766
1707
521
1911
1298
981
1803
962
403
941
485
677
1976
334
447
949
1021
1801
892
1420
1531
973
1467
1998
215
1013
1199
1644
1289
199
1960
1344
886
1845
345
929
1221
525
1184
174
282
213
1225
561
379
726
129
869
962
788
1657
15
259
249
1078
164
1342
1213
1717
701
1575
1085
88
1798
297
1517
1439
244
1950
1648
1688
1795
1023
748
465
1551
1871
411
268
767
778
1295
1076
1586
807
468
782
160
705
1677
934
1360
514
502
1407
1209
1956
1520
1085
472
739
84
1662
1455
122
511
1689
1356
99
266
1576
1036
602
312
263
966
798
1606
184
964
1957
268
674
1917
1418
267
274
1903
28
1187
1874
1600
1081
1814
1613
1168
1115
54
203
1208
1102
1220
1882
1209
1609
327
257
1145
14
1486
254
1329
1235
1751
1555
1877
1802
706
356
102
758
845
686
1584
155
714
1738
1403
839
968
93
1741
716
105
484
1783
1230
1109
1575
263
1372
756
586
1067
466
405
116
1880
636
585
1583
455
112
1884
1523
382
974
2000
1147
357
418
72
155
828
1058
1140
363
1674
935
781
701
971
1799
1303
1899
1607
32
485
884
1662
764
1645
1831
1941
979
591
1226
1311
1866
680
493
126
815
1540
512
23
180
1001
1964
1901
1552
97
1360
1452
665
652
387
1939
670
927
19
1813
23
1428
1178
69
471
1247
1438
907
929
511
916
601
526
1449
1186
1060
1214
917
1022
1365
80
502
1465
443
1680
49
803
1460
1125
1913
1681
1307
325
388
1801
412
880
1328
1788
1193
1952
1140
257
122
1790
1806
1338
735
259
100
1972
688
1881
213
1630
672
349
1108
1336
1754
989
1897
1960
1933
1899
1765
862
845
299
1348
837
1212
239
772
716
96
1378
204
286
1006
1227
1853
579
1474
386
1496
208
1605
345
60
1077
196
434
1004
633
1542
328
57
419
1492
576
223
635
1294
958
1325
311
980
1404
513
588
1237
814
1785
87
575
152
1043
1886
640
1968
471
1754
4
1054
1000
436
1378
1748
982
741
435
201
1829
1643
1823
854
1966
1813
295
797
1959
1739
1167
828
1275
532
583
1419
248
964
143
406
1786
631
1048
1737
963
938
445
396
1237
1261
69
1069
636
1801
764
1450
1727
773
1633
1184
1432
1357
1957
1262
1394
999
669
195
736
1587
1078
1610
1804
750
588
306
807
1744
1074
121
797
1950
975
1364
504
1068
379
771
937
1924
1803
1687
1276
32
337
1614
1779
823
296
1301
1590
1603
515
515
1595
584
827
996
882
174
1888
1635
1819
307
1347
531
152
747
1660
1606
871
190
57
881
1556
1336
938
1193
295
1225
605
571
620
1218
451
1045
272
609
1776
1550
568
1635
729
407
501
1633
308
1452
1143
443
766
937
1763
669
1811
1144
1542
1276
1339
872
1863
754
219
967
1119
458
133
147
1482
93
1344
1064
677
1690
1850
1690
1754
525
725
999
460
679
1402
1374
1723
926
59
1799
1365
479
671
1985
1536
474
152
91
585
1300
1406
1517
1347
668
472
273
1250
1298
69
865
1232
723
1196
717
1138
1429
924
45
1071
1390
1737
1285
923
1513
1311
1199
1575
930
455
1592
1049
297
1240
427
1727
1943
588
1913
1869
281
163
1140
1694
1207
1161
593
1833
618
1772
417
485
453
439
1170
1200
1424
128
1055
540
108
1848
1115
517
226
784
1089
699
61
1614
815
201
1053
626
1996
868
1749
1915
1385
922
263
1441
1721
48
856
1056
1075
409
1525
658
373
1447
1979
1076
863
145
873
1700
496
737
163
891
370
1105
1624
1883
859
1496
367
1420
1209
31
1509
372
1296
810
151
632
1445
1157
1407
1617
81
1680
437
1295
1530
1140
1504
99
1904
483
802
771
1835
1280
656
774
1241
1411
1360
1942
614
63
1938
266
476
1417
1414
548
1065
389
622
1034
924
1292
1496
851
1998
1474
447
1420
832
127
179
1791
298
82
767
840
1252
495
1106
1162
267
1024
565
356
1017
969
1447
768
1735
234
1228
1600
1371
1000
1826
1060
1073
1899
980
1217
302
1608
1458
915
339
411
1714
1762
1220
1001
1201
1785
656
907
1704
134
1698
1239
1880
1644
1826
1855
1244
265
1923
535
1002
1477
1750
873
775
293
1523
1511
1548
1344
257
645
1359
354
411
1470
275
17
415
1872
439
1015
1004
680
182
1580
1662
1022
1442
382
1870
751
42
516
1962
860
1649
186
1936
150
510
1638
1042
1310
982
1319
184
1031
880
1996
1207
1968
31
1061
788
689
1172
1838
68
1749
1895
1467
775
1565
201
1968
442
1966
1796
1699
134
881
1128
214
1766
1405
1485
1919
1948
1788
1762
348
1220
1815
942
442
869
224
1193
1235
310
321
631
10
1164
1250
1168
1065
364
241
286
1729
616
282
1485
602
1059
1242
1317
1393
159
1882
481
1333
619
1138
1415
1757
500
1047
873
1104
1736
73
529
305
1407
1316
1804
117
212
1802
1175
699
1421
83
789
778
1314
1146
21
783
1142
283
478
64
464
1525
1227
1662
1021
589
298
975
211
332
512
890
1769
180
221
1346
824
1758
1434
1770
1860
441
775
799
131
696
1812
1324
667
776
1498
375
1774
1091
1646
275
1818
235
1382
1441
1361
820
1334
524
411
1760
361
626
1348
191
445
1774
1907
1169
1596
904
1995
1616
1969
336
1457
640
756
1112
1566
1211
1511
406
1591
376
860
820
1452
110
528
1514
446
193
307
854
684
1478
732
1155
1186
732
250
1041
1626
700
1143
1952
1294
1274
1932
336
248
1021
1650
942
154
1959
902
44
299
734
1173
679
581
701
505
341
1504
631
1564
95
1054
1560
269
1611
1956
1165
863
1085
1043
1987
759
1988
1648
709
1319
1037
1754
1005
1112
370
1020
560
903
773
1817
675
131
55
1320
995
1630
1698
1837
1147
868
1352
664
1565
132
1363
299
1027
94
1665
1817
1805
1913
1808
435
217
443
408
762
256
618
1859
132
950
731
1996
971
20
1007
1475
1987
1571
1168
412
1938
200
89
1748
159
1039
1678
1400
1385
193
839
1653
89
1264
438
1278
141
890
235
817
1242
795
600
1966
867
381
519
1845
1772
1833
1755
1563
929
674
1133
385
615
856
1457
411
1968
1018
1086
1979
323
948
609
467
1927
1380
1491
1199
1571
509
1905
1735
19
1861
1694
92
420
1944
1066
576
1263
1988
554
809
1945
1423
1575
1113
1211
1217
154
82
1209
1606
1530
1102
568
1851
835
889
1959
1838
57
589
1500
1488
440
1426
34
23
1946
609
1585
1553
1165
1094
1012
1233
11
81
1138
957
1647
290
1344
331
270
462
1901
1070
1711
960
1548
1967
1424
521
112
1694
549
132
1228
142
1630
1059
311
221
128
534
1183
1748
393
1916
996
1294
131
222
1419
993
1318
1641
139
1550
923
1426
484
1800
954
82
369
658
1464
705
137
904
1472
191
472
1934
690
388
942
166
927
532
984
356
696
278
326
961
1348
688
402
690
1830
272
562
1612
860
627
746
966
1225
525
758
834
767
773
1177
729
1867
407
405
1413
1604
1102
530
1047
700
1650
1702
159
1907
825
1433
1267
1306
1261
697
1155
1015
1096
532
701
1590
1870
476
1492
668
1143
1640
657
743
909
97
608
663
834
1314
503
949
295
517
1107
1470
458
1330
196
1505
169
1210
1706
1
1441
1001
1529
782
1199
1709
1790
1060
141
1975
1734
1745
772
1507
199
715
1258
963
1768
1732
1037
691
1636
23
265
278
1433
376
13
723
1935
1770
621
1161
876
684
1250
1667
1385
614
581
1593
1947
1280
1093
1815
202
1005
1386
273
757
540
1547
264
1452
1570
1624
1550
327
654
358
740
701
1995
1025
759
1717
404
116
1362
1930
874
1812
1249
1162
22
139
1157
1405
317
358
1331
670
432
426
1447
281
1914
1545
1384
1008
792
374
937
1087
1414
1008
276
1407
702
109
1240
1462
1010
811
570
1755
1107
1797
1156
126
1915
776
393
1539
1560
1937
5
262
1726
1708
1712
1610
387
169
1153
1579
1101
934
532
665
492
1664
388
467
1775
1818
1859
1647
53
1395
1210
216
1621
1391
872
1313
1884
1905
1148
259
289
1914
1718
439
790
97
1018
629
811
374
64
13
744
1346
632
991
1618
399
998
1074
1409
1502
1117
1475
1470
839
1992
1889
1251
1104
1599
1421
1708
1713
36
1629
304
1044
906
1035
40
1570
1510
1082
919
622
998
710
1940
1777
1158
1823
735
85
1005
86
513
1913
1723
1208
571
240
1917
579
1852
1259
1580
623
1191
198
1852
1481
1044
886
1745
1236
1170
692
1243
55
728
826
1166
740
632
1297
1374
50
1812
116
1832
170
1767
738
54
561
1267
1642
1965
1365
1417
101
1637
1501
1379
1514
995
712
1138
968
1410
1038
1662
149
1263
878
1047
1446
908
1294
186
1360
1944
1437
1570
162
1606
369
491
952
914
793
806
898
69
349
578
172
537
456
837
1504
750
1833
698
1022
837
1535
380
1517
866
1455
171
298
1704
200
1270
1686
295
803
1307
1164
723
999
733
1043
1402
514
6
1323
759
412
165
1033
525
1622
362
145
1090
1487
1299
390
1282
1504
1528
370
393
26
973
578
1403
1756
849
1452
1852
37
1294
361
1447
917
1326
47
196
1921
260
591
1759
1744
838
1889
1462
1962
359
1908
1060
1035
1156
607
1331
1214
1364
761
1635
661
188
1919
625
1571
1005
92
1395
1793
1268
548
1970
45
1700
1066
758
596
1278
475
195
490
582
805
545
599
1588
1327
228
1738
178
1214
971
1751
602
1984
478
1676
360
1509
1591
594
787
718
1988
70
1380
214
1276
1565
649
1632
434
1866
334
405
168
683
58
408
264
1480
1604
690
821
1007
959
830
1263
1212
1061
1577
1163
912
288
553
845
1965
534
479
1688
899
60
944
1806
675
321
1313
1735
51
389
1303
847
43
579
1810
1804
716
541
1763
1169
1995
364
1202
1540
614
1581
549
1883
620
772
222
1101
94
1871
1157
315
1007
550
147
283
1973
1904
501
569
727
1477
301
87
217
79
1
1045
479
1553
975
518
530
1607
1129
1252
1333
1868
516
453
1496
308
1758
1602
1106
1057
1035
620
158
845
1378
1698
77
63
962
1217
109
1207
1350
1992
1013
568
1860
1533
406
1708
335
864
1980
579
1359
305
1678
865
1445
1041
1325
1762
1519
619
301
1711
87
1114
1408
921
1831
520
158
1653
1923
1662
1882
231
1504
1953
145
1852
388
1290
1445
913
233
1725
1326
947
1324
1375
104
1764
669
1985
1945
1901
1792
1797
1143
376
1836
462
1014
1456
1923
1808
235
1947
511
815
992
1229
613
413
1794
636
912
587
716
361
1783
1603
928
967
99
1874
1033
1048
1384
69
1513
1870
576
240
963
81
1181
1349
1424
1964
1321
427
861
893
1843
140
384
1756
403
1446
1758
215
1481
1704
1012
1335
118
637
54
781
1898
327
1442
1423
579
131
428
598
1930
1193
1871
1184
673
875
1313
1167
701
864
602
927
