114
366
500
497
841
64
802
296
276
558
634
840
70
600
547
551
80
799
3
772
719
836
521
818
844
601
578
583
725
227
858
400
795
286
635
442
260
661
128
187
618
353
884
545
782
673
199
648
500
6
40
181
379
287
147
276
618
607
824
1000
872
14
555
804
751
995
655
589
894
763
667
190
427
383
436
859
617
273
197
742
854
521
764
264
572
247
330
574
505
601
987
44
133
456
691
95
426
39
405
763
168
317
565
94
632
911
697
384
138
167
889
25
263
308
335
999
81
726
284
757
21
21
345
121
332
75
901
577
216
85
468
579
576
648
50
641
897
392
742
156
708
983
492
425
595
648
656
391
647
707
30
241
661
313
865
528
725
566
456
404
648
216
101
591
791
852
63
58
747
879
576
287
723
702
723
318
637
794
603
314
982
165
589
511
879
720
484
160
50
486
311
997
152
598
211
44
619
487
244
222
496
803
455
81
883
724
451
924
575
175
830
118
648
314
802
382
846
195
209
350
454
456
162
915
905
158
231
377
481
766
379
391
55
144
228
449
734
217
953
847
745
872
460
421
840
837
124
282
512
408
752
196
710
659
592
2
385
775
941
192
79
619
944
401
734
36
409
614
986
558
572
881
340
423
100
886
764
670
723
197
17
212
242
995
543
993
80
618
443
934
313
443
957
953
452
508
684
228
439
936
165
275
847
478
228
425
492
281
970
630
127
817
43
185
93
784
823
837
755
923
306
223
505
960
532
767
276
816
107
220
148
208
921
337
165
674
777
63
819
130
233
873
148
296
896
436
327
964
272
970
883
536
389
438
420
181
489
985
228
803
492
16
486
105
414
74
18
70
799
978
736
809
787
24
746
991
283
498
215
369
888
689
927
511
1
689
264
843
456
642
112
126
67
691
59
294
767
245
711
184
134
709
719
127
660
174
108
186
661
410
173
165
315
865
235
534
701
583
801
299
203
579
420
632
581
750
502
733
30
536
616
140
792
854
931
121
793
407
993
766
26
51
104
93
110
463
536
903
638
793
133
435
301
694
633
793
455
255
96
528
686
936
299
264
753
429
759
974
958
844
151
317
350
629
949
134
780
715
853
303
471
365
701
95
786
127
987
41
369
922
901
648
343
322
677
921
848
135
117
53
48
842
658
159
667
294
550
236
436
589
64
451
681
468
345
929
353
281
614
823
758
543
295
832
877
459
210
763
758
306
414
756
84
307
957
709
346
465
942
103
96
382
501
188
592
271
637
839
87
972
851
93
265
418
396
243
841
77
151
455
267
563
365
166
369
268
354
930
540
742
85
412
399
159
454
669
846
611
258
300
657
428
560
426
619
636
476
845
344
232
807
4
969
577
416
171
514
76
658
975
853
702
830
273
330
351
488
615
87
863
355
275
293
435
3
5
891
731
429
156
346
34
214
184
459
109
447
386
897
787
565
456
206
674
902
645
358
285
313
418
67
19
411
6
635
468
797
697
753
927
16
428
679
168
945
543
78
754
588
848
662
32
973
139
825
768
476
641
702
398
788
642
511
175
18
598
593
725
92
390
372
921
962
869
957
375
140
687
876
44
738
18
729
684
360
963
616
650
754
583
506
713
177
555
144
566
93
192
217
881
826
240
487
125
901
843
216
366
110
735
345
404
165
518
199
961
452
31
283
916
116
746
278
461
516
828
281
328
253
882
902
589
555
553
795
770
909
619
85
526
967
442
374
980
980
353
180
638
100
617
257
607
142
301
637
11
537
179
588
527
881
29
75
788
924
162
298
462
398
131
369
816
214
40
364
280
316
582
291
199
371
4
513
998
896
738
790
911
395
39
17
545
887
254
406
55
750
556
40
917
356
215
412
970
539
240
192
964
864
590
760
695
306
510
782
976
151
347
628
488
290
618
239
385
78
155
846
399
954
904
472
488
141
734
231
89
92
911
655
91
236
19
79
548
915
37
458
768
7
717
706
68
274
908
876
375
337
402
10
502
798
768
431
704
741
252
249
942
628
466
540
964
787
414
428
627
733
19
521
737
945
240
191
552
135
983
79
174
429
679
896
472
73
999
963
646
389
709
518
315
266
307
641
380
772
298
296
756
677
670
346
859
279
227
41
752
749
211
512
642
401
611
73
477
927
80
310
21
112
50
507
300
907
117
340
921
29
322
679
702
936
922
280
87
812
36
179
869
4
392
569
775
481
748
189
745
563
328
304
987
788
413
81
344
290
331
657
224
761
468
67
257
929
690
857
861
436
234
642
296
578
282
870
609
926
992
855
430
140
211
638
659
980
872
237
15
749
513
930
482
29
737
124
123
14
58
897
566
843
520
723
673
500
708
862
889
430
499
544
458
265
861
645
123
555
596
489
349
216
804
585
939
323
33
239
596
898
591
782
725
57
144
529
626
773
61
418
23
158
775
462
576
766
609
208
17
841
320
444
954
39
728
869
806
766
765
674
627
707
73
788
956
263
63
523
73
988
498
277
196
309
816
473
109
538
747
591
262
559
716
702
137
516
777
863
429
406
814
882
256
104
862
900
698
704
295
753
141
206
781
693
794
71
79
471
510
998
862
907
535
682
785
437
971
17
446
150
415
433
604
156
389
73
104
713
724
277
682
633
153
794
88
31
392
606
465
19
635
131
308
966
469
379
536
876
843
293
59
691
52
703
864
776
274
838
306
192
243
91
800
537
263
207
434
118
196
122
636
809
391
110
772
796
172
282
488
634
151
560
986
570
53
306
602
141
728
972
495
806
954
405
705
534
870
825
176
567
524
123
723
32
4
324
843
995
721
648
223
283
737
642
724
2
890
252
699
686
789
19
636
602
101
963
335
984
144
836
311
27
612
352
905
747
771
106
20
785
121
636
187
739
879
320
846
173
17
287
815
921
113
49
898
395
444
221
593
376
902
150
930
153
29
319
517
564
560
591
233
151
195
100
433
227
32
271
540
197
44
756
559
171
362
307
116
66
707
384
827
542
319
996
726
564
952
383
428
273
818
130
731
490
190
793
150
687
532
43
593
578
524
141
276
522
809
26
13
788
300
514
821
806
531
436
811
82
601
475
198
148
763
441
580
74
464
160
196
515
547
894
188
915
574
894
222
939
98
627
720
896
883
835
677
190
742
461
936
51
891
623
15
488
997
650
664
985
303
488
750
909
368
353
361
166
469
377
181
91
559
18
568
144
31
755
902
553
713
374
545
968
565
104
172
697
521
48
160
35
291
331
620
841
22
131
413
884
800
989
381
260
306
310
164
875
381
754
586
493
138
582
2
942
516
909
775
885
701
110
621
534
898
951
773
135
199
963
36
842
698
964
393
160
163
991
418
780
564
840
886
349
768
353
251
142
762
707
719
543
641
463
465
413
970
63
175
55
840
766
329
98
314
518
251
189
601
262
932
443
113
665
595
525
303
562
240
877
278
98
567
119
624
460
962
474
787
353
18
570
904
522
360
972
534
200
357
178
662
49
237
518
292
162
161
238
733
193
529
351
345
878
111
864
718
22
758
285
785
509
269
812
93
688
576
528
253
618
155
950
563
339
557
566
88
490
869
683
865
365
522
604
354
880
747
698
837
125
355
802
652
515
754
789
939
403
94
281
186
784
165
191
822
591
300
569
589
376
748
324
584
437
909
421
734
917
892
356
151
55
635
865
530
643
406
60
774
880
542
458
383
356
799
898
974
622
542
550
694
592
292
950
185
605
962
892
616
734
689
898
361
764
159
981
308
234
925
567
398
402
678
581
634
693
560
955
129
569
563
749
909
129
156
73
356
257
725
775
277
787
648
219
229
835
999
502
108
82
823
290
26
991
12
49
7
804
114
909
17
283
500
122
707
594
306
838
185
740
454
703
234
358
333
513
561
801
570
359
595
189
269
780
582
364
53
897
798
786
833
404
317
955
677
779
928
601
600
883
32
775
162
798
378
123
544
129
551
730
168
56
705
781
772
433
263
527
933
175
583
978
182
558
339
536
559
545
119
850
167
109
292
260
314
293
235
208
422
148
16
487
909
395
818
207
375
912
993
169
472
188
661
496
748
744
135
987
832
665
684
116
569
406
677
387
465
901
359
551
832
960
336
727
268
198
985
845
807
521
120
327
890
222
584
266
190
260
15
833
288
966
881
303
165
23
695
474
535
522
407
447
721
573
69
678
665
538
542
810
363
762
943
837
699
959
265
996
868
638
247
57
670
216
7
890
865
499
12
219
126
143
48
506
664
4
702
465
924
28
35
284
73
978
945
86
597
601
457
202
381
942
882
430
695
492
831
299
23
926
638
285
612
959
374
421
996
636
160
121
690
866
354
83
909
642
168
26
372
152
543
615
590
27
33
318
857
609
620
743
487
90
254
626
244
635
23
351
816
618
379
814
616
208
878
758
330
445
249
693
533
978
309
513
603
99
992
925
739
383
381
869
802
475
252
805
53
600
685
652
993
275
673
781
601
459
233
819
182
648
631
367
712
263
490
721
302
542
540
995
726
814
536
313
182
415
576
984
767
12
791
635
282
84
746
941
644
777
245
843
402
20
400
24
70
201
37
663
327
545
101
158
574
127
610
175
309
153
558
624
792
81
844
779
639
985
441
341
808
151
77
613
693
507
303
785
657
627
307
303
904
996
739
935
206
688
721
378
992
825
395
819
764
680
292
966
705
284
624
607
633
413
765
899
139
220
620
883
899
929
32
118
526
751
182
965
839
547
168
594
338
182
789
279
114
888
430
202
234
91
807
701
777
270
991
444
951
863
339
467
737
551
713
318
94
791
905
550
491
902
358
737
70
303
586
7
281
173
168
908
302
242
81
612
731
805
754
903
842
838
198
347
128
672
190
390
100
449
994
119
756
502
638
663
231
359
366
960
328
629
633
194
157
90
460
529
136
552
351
199
402
680
855
273
808
591
247
695
738
993
626
180
838
794
175
970
566
532
303
466
624
734
961
454
629
580
108
682
729
83
366
8
374
938
861
291
351
735
750
30
754
117
549
969
94
20
582
227
138
539
850
373
428
369
177
763
513
297
395
371
246
876
103
252
746
779
75
470
51
553
388
114
989
390
792
861
919
100
600
624
436
775
164
96
107
2
468
30
120
596
304
861
842
998
833
556
658
520
475
23
48
863
378
815
754
259
255
491
455
152
760
347
833
847
966
803
480
308
750
377
220
88
122
431
535
752
874
533
779
432
583
21
61
63
991
750
416
906
344
741
49
652
732
923
705
714
482
510
333
380
950
27
856
390
814
526
44
682
74
265
804
85
154
290
12
381
806
527
541
433
609
156
30
494
772
520
128
158
981
849
549
849
652
151
262
754
350
34
892
859
887
843
818
612
17
368
793
251
895
154
285
646
998
724
914
49
652
599
360
353
170
754
394
232
68
900
490
366
99
283
828
154
414
271
860
64
912
369
977
648
373
874
708
630
168
746
624
194
400
768
895
732
233
207
835
816
339
958
103
833
327
754
449
246
945
650
747
279
855
180
841
296
465
828
798
504
379
848
119
425
558
989
91
885
831
443
667
248
430
603
234
344
48
666
856
889
472
917
307
448
769
628
532
764
521
150
674
175
329
846
812
566
333
574
364
286
648
961
698
150
952
610
845
640
675
754
669
268
823
139
650
398
289
588
961
443
754
431
711
342
383
674
480
219
830
79
328
602
618
878
534
995
476
975
89
232
654
221
667
100
59
286
608
34
419
12
532
540
185
690
921
234
153
800
603
987
13
472
241
937
373
938
849
282
518
410
141
163
509
998
829
342
720
819
518
986
826
181
78
119
896
856
964
90
800
734
642
352
302
531
805
276
377
601
449
156
986
908
70
806
214
155
838
502
734
744
59
738
52
911
690
197
537
16
37
99
279
12
66
688
201
616
795
426
34
921
502
664
168
275
851
966
133
595
76
673
469
493
666
681
561
432
262
296
604
287
501
588
839
667
991
219
481
30
733
886
584
605
844
486
515
80
870
545
697
660
767
176
708
650
803
254
897
967
409
986
26
431
351
958
560
308
951
474
453
553
89
875
540
48
459
577
539
696
842
377
320
892
54
704
352
826
467
714
686
612
725
494
372
435
9
322
892
23
970
835
780
674
22
966
43
942
203
539
577
788
96
578
153
244
234
727
351
223
928
264
371
744
831
194
556
41
749
896
376
549
339
22
207
950
647
468
640
818
571
523
896
843
865
750
760
5
107
814
441
812
925
6
624
704
616
769
272
661
54
412
774
637
843
189
984
575
736
966
796
622
160
453
797
76
550
867
962
733
300
442
34
973
242
600
278
18
133
501
853
571
301
546
229
715
293
209
498
615
480
793
867
431
279
709
285
278
711
214
683
515
757
864
50
629
985
245
315
29
226
356
913
4
53
462
363
501
349
413
281
819
80
801
802
799
390
431
955
82
8
738
409
891
708
745
476
135
127
881
796
439
948
22
967
130
766
739
331
914
367
298
328
180
958
165
711
558
349
597
795
971
975
166
646
236
586
60
176
395
860
895
969
38
740
100
94
329
736
623
443
668
613
707
312
373
123
50
350
314
500
251
242
316
978
768
852
714
183
972
361
385
928
805
703
204
141
768
743
30
543
579
37
376
994
875
150
316
103
128
528
431
419
299
717
755
39
766
224
138
219
158
565
571
234
796
661
339
780
268
233
157
330
765
114
754
806
979
415
18
574
566
488
887
750
334
967
937
253
877
239
817
228
190
740
541
301
832
604
91
130
906
288
564
695
782
914
979
37
514
586
547
839
490
265
964
426
984
973
661
846
536
409
165
333
667
913
477
704
463
168
315
365
900
649
934
315
755
600
361
198
248
100
581
849
335
937
650
466
239
923
712
388
638
917
118
904
967
188
313
887
961
38
233
749
802
315
699
573
770
980
839
978
905
792
903
482
765
240
140
116
258
796
254
977
372
317
127
533
460
442
293
669
438
81
256
900
32
388
259
206
879
15
738
890
246
981
830
975
127
948
333
381
887
670
727
170
443
712
754
50
39
760
824
800
55
730
76
47
963
298
371
375
405
172
680
125
167
226
210
663
280
499
160
973
536
483
59
236
758
680
671
17
38
797
496
990
568
832
972
654
452
906
920
178
99
277
463
218
346
877
784
96
223
11
33
236
647
440
43
639
553
422
820
526
45
258
584
859
88
729
89
54
765
266
475
590
210
744
67
599
861
661
789
924
333
895
442
271
139
519
299
989
221
600
509
671
194
778
183
830
132
330
942
730
875
222
216
557
561
629
599
978
188
912
410
978
120
701
270
17
188
269
811
693
202
430
48
353
942
493
194
803
64
399
257
581
276
106
205
977
239
404
706
860
960
357
986
935
523
3
453
431
908
118
591
914
490
887
975
873
842
466
347
94
974
265
426
22
699
796
623
994
318
715
374
525
333
283
498
24
984
803
502
385
12
98
103
485
2
635
592
869
744
248
615
372
970
556
31
814
718
802
447
363
432
407
277
425
419
944
791
268
286
985
625
903
457
909
370
15
572
591
514
156
102
24
250
731
100
638
866
938
330
273
669
922
262
755
278
46
647
783
329
425
508
844
556
417
464
706
266
620
724
92
200
54
530
509
51
737
890
587
872
789
581
958
362
75
973
578
487
927
922
603
343
555
654
964
818
698
986
506
211
246
880
779
462
717
702
247
851
685
901
440
331
484
154
449
440
93
904
717
557
552
64
850
598
52
213
207
692
924
831
779
47
146
640
943
944
308
346
130
702
133
540
755
228
811
85
355
482
58
251
272
306
765
969
397
874
327
328
739
670
788
459
787
896
63
549
357
744
39
405
40
48
172
903
449
649
171
489
280
624
477
381
334
286
874
999
612
593
189
490
956
693
21
65
390
786
581
911
437
889
975
342
864
990
101
153
859
629
362
714
118
136
872
624
222
408
169
597
946
977
823
592
728
398
70
163
605
995
595
770
60
574
803
461
485
19
771
607
152
340
726
558
743
801
900
234
116
778
213
160
345
416
927
504
580
329
556
703
111
22
911
479
757
752
32
702
942
353
18
244
881
598
467
458
780
103
625
974
645
486
23
335
77
135
840
180
839
869
38
258
978
255
433
846
486
661
225
716
229
449
237
660
92
81
354
236
261
89
226
696
368
453
407
221
122
726
240
517
45
973
534
798
481
151
41
135
872
463
699
95
89
108
700
298
397
441
459
844
358
84
90
725
68
246
78
50
750
851
580
474
298
251
529
292
217
794
692
593
233
941
839
961
130
355
658
207
720
980
330
148
178
276
412
421
215
111
700
458
512
423
124
566
420
171
736
868
373
382
692
620
680
56
759
86
889
615
699
897
815
76
973
337
153
336
361
319
779
327
504
17
615
631
794
28
640
590
186
786
893
566
994
369
298
166
64
321
137
26
462
735
879
18
395
937
153
938
218
955
977
665
510
274
461
810
471
375
554
440
826
60
91
50
299
88
722
199
375
241
688
994
836
399
469
979
14
676
74
979
582
596
574
249
569
407
740
687
410
914
393
355
689
433
361
162
356
404
743
441
743
182
803
552
755
333
770
151
887
541
977
44
114
849
598
817
361
854
370
101
100
761
202
136
42
892
975
721
533
889
422
812
331
3
170
491
594
317
784
519
153
2
97
349
35
156
475
206
945
693
500
583
890
571
357
243
447
169
777
75
60
14
660
296
694
573
481
154
799
939
579
83
53
289
116
402
673
819
546
728
885
506
470
28
583
305
57
866
701
309
958
238
708
844
625
546
224
393
74
945
828
687
86
302
863
864
829
386
81
253
947
445
483
619
714
808
286
167
213
550
118
147
987
240
252
697
743
47
910
20
677
137
431
789
985
905
939
444
273
10
864
274
948
417
924
245
874
936
732
421
108
571
83
392
11
786
712
385
146
55
630
280
283
739
448
116
225
213
976
34
884
475
166
329
344
4
478
204
435
122
767
849
410
859
626
219
523
477
350
501
363
103
885
778
677
40
649
508
128
415
869
795
717
113
431
656
694
567
16
307
733
668
272
197
281
490
644
616
333
91
240
485
755
267
39
450
27
604
96
208
706
732
50
385
393
396
460
15
321
789
618
972
502
791
490
187
970
901
423
540
646
392
311
925
679
931
578
439
715
334
882
84
329
366
209
136
35
284
476
24
513
591
562
150
548
29
795
317
748
176
603
208
297
321
77
408
567
837
35
809
366
133
933
743
210
143
505
96
841
481
821
475
62
992
627
700
209
577
321
596
603
93
191
669
596
614
385
960
735
844
310
337
837
155
87
503
176
21
668
281
155
286
23
209
291
522
728
864
470
126
581
40
519
201
665
837
747
56
955
646
452
593
84
269
188
609
28
251
634
857
617
921
951
870
721
61
717
346
235
850
255
255
730
178
245
594
942
931
894
870
593
273
659
176
949
963
831
733
656
689
307
904
761
376
725
572
860
633
692
893
326
402
329
404
423
11
638
915
861
366
249
84
891
476
264
492
375
969
317
481
286
37
4
860
342
331
88
954
346
717
283
983
221
800
260
681
804
603
860
410
480
135
8
986
901
464
739
648
612
46
113
923
39
804
131
478
817
660
72
138
649
195
764
458
846
248
667
340
479
248
174
409
467
773
289
267
50
660
177
605
140
196
725
436
768
872
334
829
710
739
534
932
239
582
340
548
369
530
835
688
23
402
181
470
794
632
709
232
60
774
489
934
135
713
736
324
544
832
827
267
404
767
627
93
127
757
943
964
69
433
585
946
936
326
194
299
943
152
463
236
595
677
922
125
513
646
314
303
869
593
999
154
685
615
637
291
324
936
338
986
157
436
130
761
843
578
468
562
235
606
74
995
821
425
401
58
941
244
657
965
523
925
426
754
322
886
843
523
183
363
660
758
353
821
750
703
316
844
60
64
813
894
357
326
694
133
243
800
724
225
443
623
644
29
7
764
132
603
359
747
231
283
362
523
779
561
991
441
372
175
196
845
407
51
312
967
184
173
393
476
187
797
231
926
679
485
177
577
568
941
224
832
790
43
756
597
620
55
712
332
213
473
550
977
569
611
965
456
413
408
546
510
58
152
179
62
26
12
709
74
369
350
252
268
760
176
872
290
631
100
713
213
987
676
474
211
949
518
152
3
557
510
296
201
922
670
338
502
513
893
970
930
546
253
446
647
317
182
524
385
867
603
282
823
610
80
386
8
775
156
107
950
607
679
589
290
119
72
369
49
700
687
362
354
637
616
189
297
331
785
497
934
889
229
630
509
903
770
818
952
514
830
479
489
265
981
99
930
221
893
186
747
541
15
226
722
696
368
313
735
791
819
514
508
499
593
31
170
976
124
73
812
416
487
341
491
429
203
239
177
408
8
981
120
662
10
436
918
322
689
518
546
712
809
832
171
862
376
605
774
854
759
566
784
498
852
367
608
971
685
130
763
28
304
330
895
290
723
632
950
375
617
963
928
657
402
695
84
890
939
284
357
586
790
383
194
556
165
72
783
453
874
173
793
358
656
50
850
913
591
264
981
911
502
570
34
268
55
551
919
181
559
233
274
837
506
64
800
364
59
201
897
705
888
188
936
705
940
724
901
994
52
811
664
532
386
361
644
210
8
138
113
680
375
495
868
856
334
424
896
834
572
737
368
909
29
279
920
704
132
715
477
291
94
637
190
546
903
438
706
826
71
600
906
783
592
388
634
939
642
611
434
749
485
904
776
220
696
333
858
903
810
78
764
384
561
449
577
150
406
205
55
651
477
914
406
226
799
679
142
774
382
508
266
790
553
102
201
915
176
72
453
605
808
544
433
315
174
164
699
6
303
672
324
624
104
145
688
449
989
938
299
668
893
482
116
844
445
998
909
418
526
970
727
367
922
4
431
46
176
959
803
508
958
823
658
740
242
947
823
679
994
754
237
176
980
391
118
161
5
765
995
2
16
879
403
366
102
457
487
386
260
372
779
8
237
67
335
885
826
738
64
394
87
466
1000
864
940
97
732
945
143
756
3
4
642
587
359
671
83
979
885
475
907
515
732
315
165
855
37
806
718
369
469
554
312
97
813
978
480
440
438
969
847
639
336
978
233
816
256
975
45
266
517
843
867
538
63
367
739
207
872
555
679
494
855
997
225
896
388
891
979
711
162
391
641
85
28
197
481
49
785
301
528
741
660
6
934
45
277
211
543
526
446
692
225
311
152
137
623
183
361
902
764
279
558
303
140
738
112
28
472
355
529
411
271
295
819
386
540
160
762
450
394
758
105
65
412
622
835
919
587
644
82
508
959
705
492
338
963
707
465
578
986
107
890
375
627
166
796
976
556
499
581
197
754
920
382
481
41
462
56
528
744
785
739
268
612
127
587
633
96
853
400
566
388
596
50
420
340
813
313
515
503
446
159
369
966
3
701
299
205
130
257
564
927
590
869
937
723
145
496
262
297
759
848
711
628
485
527
953
81
713
319
326
797
155
318
811
573
599
637
371
970
430
177
63
501
726
534
43
678
125
269
513
301
115
712
131
946
224
101
871
100
879
493
495
347
490
752
181
802
81
439
26
727
801
877
811
341
822
546
265
58
731
952
246
690
915
881
259
779
249
390
270
504
665
416
264
80
645
504
246
363
83
479
188
312
867
346
805
735
622
669
365
555
886
209
932
944
707
856
953
654
362
786
564
432
702
205
3
885
812
833
396
803
480
327
327
750
851
899
945
551
387
314
470
202
408
815
128
699
1000
414
659
821
428
61
339
741
298
603
739
330
995
883
315
789
175
586
959
996
468
562
528
200
32
433
534
617
897
807
523
594
325
894
604
815
346
25
17
316
106
428
931
887
634
915
763
969
99
106
879
559
401
895
815
726
99
650
137
541
358
8
687
664
606
287
504
836
744
133
294
311
819
143
358
428
144
541
811
694
663
205
21
839
994
929
972
280
96
36
653
778
112
470
119
812
624
720
165
484
189
970
858
346
950
506
142
533
860
443
800
122
57
807
901
402
748
862
790
111
329
837
478
723
718
270
919
930
373
242
724
709
699
116
586
867
267
775
230
29
137
52
924
282
394
23
142
416
908
181
365
643
984
342
811
255
729
527
347
81
352
852
756
175
446
861
112
471
239
817
768
881
301
928
342
817
318
717
96
879
889
646
245
969
222
244
20
484
919
722
173
415
453
252
174
921
927
624
991
264
732
482
921
836
119
518
909
458
778
186
830
254
183
514
461
358
662
878
386
706
621
134
190
454
867
661
66
768
21
550
338
9
948
905
954
31
696
183
469
526
794
32
892
370
902
951
606
189
662
799
807
312
617
690
721
608
636
651
643
493
842
205
270
392
310
779
712
595
862
245
888
64
285
792
276
282
414
47
434
170
272
715
446
422
476
286
291
689
232
827
823
514
784
537
277
460
320
856
543
647
250
198
232
38
348
627
545
64
369
925
886
49
313
856
47
843
14
965
155
520
484
153
702
989
873
779
358
464
282
329
306
828
19
606
892
947
574
81
761
369
623
84
331
75
587
987
255
752
801
722
828
756
941
670
81
346
454
212
439
979
250
398
983
267
695
953
338
854
215
308
26
33
958
504
138
575
869
967
944
57
284
55
509
935
69
989
361
927
914
908
385
59
856
332
665
987
56
379
796
652
791
558
492
501
921
741
599
796
965
642
615
214
196
828
640
662
773
106
318
619
640
568
94
915
608
37
792
428
746
820
282
547
178
872
877
166
872
673
830
612
229
670
792
44
478
924
422
454
196
993
16
162
427
740
817
10
777
685
780
799
124
44
645
79
934
400
385
546
352
250
162
557
677
427
976
838
741
733
698
426
464
514
599
673
377
479
760
582
596
699
537
928
82
100
673
840
620
564
967
594
102
580
224
761
592
281
447
662
896
3
641
774
331
552
782
775
675
757
825
520
236
827
115
224
324
174
64
801
159
117
438
757
165
890
327
744
540
832
696
74
260
355
275
564
765
777
502
719
641
104
326
346
921
143
488
352
816
331
979
911
360
807
504
55
621
732
839
216
895
762
601
732
604
108
992
264
400
514
466
324
68
576
272
749
374
309
59
524
292
261
955
819
555
542
419
143
242
678
67
306
370
94
627
811
191
819
668
738
659
656
288
848
507
288
801
388
172
783
156
241
184
36
73
958
220
430
164
903
879
440
953
34
583
395
409
550
174
624
313
511
997
813
453
895
533
755
378
992
814
389
936
12
904
795
540
41
83
425
254
979
636
466
83
660
976
766
352
789
472
219
293
732
500
829
340
464
957
143
352
863
755
691
448
33
505
133
992
256
982
877
841
914
73
483
121
7
899
795
924
174
150
386
994
397
784
298
490
454
738
438
303
160
900
711
330
102
408
407
541
886
94
109
444
736
23
42
983
105
647
587
29
540
448
166
380
192
228
103
750
183
695
737
360
776
609
406
455
856
901
317
137
885
744
381
743
503
663
797
545
498
942
119
679
496
866
344
484
770
31
979
667
937
439
639
235
6
468
874
121
935
989
727
294
979
989
869
842
19
336
910
629
1000
337
181
525
438
98
307
484
70
199
552
759
597
106
599
669
380
667
839
667
102
963
912
426
65
59
542
282
706
966
208
959
607
699
712
704
278
857
513
265
464
30
19
252
113
159
767
976
596
399
720
359
376
691
389
787
920
678
84
491
515
775
558
961
644
957
572
3
244
597
685
199
338
482
909
994
379
944
86
902
547
605
698
375
253
168
93
212
758
534
815
837
265
476
812
656
641
71
852
286
506
170
131
990
15
491
375
971
22
346
764
143
309
697
66
464
852
564
577
642
859
187
190
127
901
211
469
940
6
356
262
569
261
310
618
16
388
897
920
92
721
861
504
218
687
567
170
817
391
639
142
968
330
809
502
954
781
508
946
856
27
742
557
155
890
210
299
631
10
685
779
964
859
151
75
938
859
597
967
792
381
770
854
890
18
827
295
242
210
871
763
895
853
180
531
824
860
509
82
342
826
715
707
307
802
460
333
291
11
90
521
292
107
954
171
306
726
48
819
382
664
400
737
522
641
556
786
422
711
32
255
102
232
681
968
3
478
197
994
550
392
871
438
370
195
578
457
937
310
484
778
173
974
592
234
33
308
251
490
602
61
289
469
141
767
388
390
504
513
539
903
650
293
914
915
691
208
374
412
684
636
855
547
506
318
708
122
27
121
522
91
392
715
866
158
501
97
740
303
701
205
794
334
912
376
436
763
142
217
453
36
952
543
188
467
532
365
118
798
82
243
162
622
102
280
706
305
133
554
463
941
980
123
572
127
737
22
115
678
238
421
163
870
688
386
142
548
437
59
592
180
450
650
790
148
921
740
638
510
411
204
34
466
950
833
761
278
818
496
594
128
996
840
864
530
404
179
678
770
768
986
911
440
215
252
215
777
210
548
679
704
420
829
198
882
44
606
130
832
960
75
411
88
144
500
583
138
914
896
816
167
743
231
263
204
368
341
165
749
327
902
874
993
269
840
620
397
995
18
849
384
164
707
357
903
318
974
564
273
752
546
182
540
201
734
982
720
21
230
684
682
316
761
909
234
642
275
414
192
782
770
627
732
238
570
634
786
775
80
685
61
913
396
925
177
440
513
819
785
726
976
201
592
500
182
198
789
527
173
981
918
835
1
986
20
867
655
867
805
993
266
273
967
393
543
113
953
381
118
928
533
754
97
654
903
761
507
268
267
897
775
44
976
775
180
87
597
825
102
952
852
610
402
177
440
326
563
731
554
752
600
413
36
15
341
531
63
644
745
396
49
42
846
964
801
968
35
587
729
766
82
596
246
598
891
565
74
550
356
329
477
856
980
233
968
288
825
588
49
687
788
185
56
736
638
745
207
593
406
515
96
750
588
105
745
247
727
262
852
517
481
123
189
117
269
902
421
184
282
180
720
35
705
481
758
699
672
951
12
398
926
810
704
919
428
385
855
128
343
241
71
277
993
599
979
575
989
253
776
443
474
480
349
358
874
248
974
723
668
649
185
555
988
434
981
456
999
968
626
764
999
697
629
226
9
776
920
881
182
718
719
181
83
908
326
211
82
679
883
704
251
523
268
695
442
209
559
411
548
359
891
186
698
440
770
223
123
78
699
79
803
631
181
437
13
316
242
616
587
777
886
103
607
541
198
272
1
666
278
550
869
570
546
90
371
693
33
140
586
139
141
661
429
680
235
262
149
49
591
145
152
535
458
976
251
817
368
790
319
909
748
589
790
584
140
911
652
394
787
244
831
113
279
168
335
937
23
678
155
196
428
777
309
336
484
34
136
85
835
196
672
530
512
892
225
237
412
409
691
287
791
946
844
762
897
88
101
262
15
693
841
414
129
972
914
327
343
931
885
783
876
770
881
807
227
40
416
667
381
521
816
533
444
778
221
620
173
776
618
59
954
638
879
882
68
265
523
440
861
221
601
156
497
191
215
643
477
62
207
210
908
934
30
393
815
634
309
178
701
756
760
568
995
516
976
664
705
548
654
104
691
689
912
199
760
197
513
542
960
20
223
936
251
829
187
599
953
2
560
127
47
69
329
984
920
51
385
482
596
4
118
305
898
555
737
738
947
400
779
997
103
48
875
510
97
6
995
213
166
855
177
560
251
595
479
719
698
60
749
440
305
923
499
575
215
898
333
961
647
768
57
120
227
682
453
236
774
265
682
867
675
350
678
769
689
943
734
341
663
303
989
201
727
950
426
430
767
228
402
805
596
930
885
786
914
850
452
205
443
908
750
355
867
146
860
415
825
561
438
493
265
738
382
191
481
518
347
388
224
503
274
624
149
107
996
216
949
152
524
908
91
561
737
997
149
520
305
101
485
353
596
466
500
481
911
62
372
757
948
203
42
856
950
954
227
577
426
769
752
872
740
912
735
518
335
911
677
966
335
109
444
20
197
316
541
632
166
380
218
133
129
771
127
210
617
276
699
751
384
949
331
571
618
456
36
436
150
29
333
259
594
875
954
334
470
763
430
304
505
627
222
593
222
970
802
183
263
471
149
635
210
482
865
533
539
911
173
299
341
507
516
602
242
800
948
85
142
816
607
715
475
789
437
506
236
208
226
760
976
137
960
245
812
861
65
671
84
593
294
338
404
709
445
52
989
174
659
184
925
144
146
6
403
391
497
739
118
801
458
262
563
763
798
47
789
871
509
417
967
899
328
690
449
800
926
617
129
350
455
522
444
303
603
690
327
772
835
271
86
542
324
999
564
126
258
389
669
392
919
372
695
648
953
295
104
489
38
84
777
743
88
837
55
405
296
76
786
513
426
1000
920
163
170
231
175
362
593
698
315
389
559
990
860
888
828
216
222
429
972
679
80
893
425
757
406
116
21
237
827
547
43
724
539
652
757
69
305
40
558
846
964
110
95
612
959
137
568
926
418
423
876
539
952
659
495
104
295
922
332
324
942
815
750
308
564
617
168
236
254
80
321
265
740
174
491
924
268
547
582
102
357
881
812
697
378
598
951
34
648
749
652
457
282
757
879
444
73
518
998
865
843
763
106
258
823
34
743
265
223
443
928
911
658
275
834
580
903
370
145
590
167
213
181
988
520
288
662
812
90
663
602
567
702
563
87
492
904
91
75
78
512
764
773
791
885
442
221
508
242
396
427
435
823
514
598
212
25
659
126
44
822
425
8
87
44
10
945
488
486
964
475
479
739
234
726
353
323
835
17
440
400
616
434
255
980
40
735
79
436
900
784
455
694
547
485
930
174
538
953
893
688
177
59
711
637
806
898
995
417
811
631
569
241
973
277
914
713
365
596
424
66
168
10
918
178
515
124
942
858
147
34
695
475
326
486
695
533
737
195
298
527
603
132
107
761
996
631
810
732
691
710
32
206
978
920
149
826
401
598
340
316
145
885
10
606
330
372
800
512
956
87
189
969
979
531
371
733
788
478
286
474
622
908
642
261
481
375
945
937
807
606
750
265
338
614
782
737
468
46
623
878
575
536
123
669
873
603
153
519
770
682
23
450
619
780
998
562
435
890
603
132
560
703
700
224
173
117
806
139
200
338
471
650
89
561
964
417
772
565
433
501
180
995
573
881
558
355
576
863
805
853
54
597
459
266
379
872
917
980
184
207
412
392
230
7
513
720
112
4
195
366
165
247
733
690
738
80
373
919
673
487
352
115
589
268
320
147
212
994
278
501
352
932
956
897
837
215
705
825
629
563
699
963
943
520
442
401
494
988
656
355
80
348
332
866
766
454
988
443
726
33
480
288
688
555
483
152
139
858
104
495
192
938
126
769
234
872
940
282
527
577
721
651
902
453
90
727
970
860
538
495
835
388
2
829
322
228
88
90
845
774
56
16
905
979
449
368
862
633
928
241
965
760
276
52
819
402
912
6
136
450
251
961
919
792
519
680
532
192
580
16
913
187
141
607
241
941
656
117
711
407
537
78
380
455
195
305
740
975
232
994
85
411
307
600
979
194
670
461
413
426
41
55
547
118
222
333
415
18
463
882
344
906
489
821
790
354
529
684
420
600
505
130
786
571
907
253
906
678
567
418
979
507
856
899
18
280
249
590
242
675
190
539
183
315
590
137
394
758
922
32
282
20
953
262
232
37
16
960
867
104
978
861
652
259
826
235
358
789
683
986
44
71
652
697
501
205
265
58
139
400
556
485
213
259
866
147
167
572
692
119
183
986
328
961
58
122
620
505
869
595
15
818
823
75
730
612
317
358
24
384
930
48
329
456
927
899
515
416
702
524
769
515
739
606
680
60
988
824
409
69
919
375
139
511
721
327
453
569
845
987
444
775
127
806
509
228
514
148
886
97
342
570
433
896
150
95
158
165
653
271
530
46
448
386
748
754
538
698
717
739
632
920
68
236
622
656
507
941
126
228
119
956
184
221
88
945
993
935
783
586
622
704
437
573
867
688
877
629
891
642
716
905
909
495
256
263
767
77
91
206
415
32
632
109
660
813
445
4
6
124
429
668
345
905
925
507
772
888
415
963
429
488
931
45
546
974
715
844
446
92
295
257
866
660
12
200
132
463
850
807
764
757
782
561
309
374
341
87
108
849
317
868
919
954
820
666
53
516
702
743
208
808
308
394
765
953
50
385
937
869
617
11
766
504
978
389
325
454
917
870
879
525
496
565
553
193
515
870
11
868
530
723
104
555
297
617
660
899
129
444
285
91
873
710
69
129
593
337
92
450
817
447
52
593
166
154
724
520
816
706
842
407
918
167
41
454
153
958
386
733
195
310
46
217
375
14
801
410
688
379
860
279
295
125
537
585
993
847
930
519
918
603
577
542
900
120
330
709
830
399
424
389
131
370
118
725
191
42
865
729
437
160
737
997
491
17
581
838
690
663
339
989
178
699
945
424
950
249
546
515
761
180
57
744
169
61
802
449
177
474
894
770
993
520
847
509
539
442
921
222
401
509
377
490
635
513
989
648
363
680
495
579
866
432
982
365
347
496
735
508
10
702
60
912
55
448
844
238
618
371
230
302
883
904
539
735
98
36
13
921
223
483
561
627
816
822
865
850
651
249
630
481
725
182
880
844
32
395
340
247
883
332
447
243
639
707
158
600
319
102
787
934
223
710
328
259
374
152
232
759
683
768
820
640
646
796
334
868
789
727
946
893
147
376
640
170
470
903
914
341
81
511
360
840
417
605
265
966
113
829
229
653
866
31
422
656
384
563
939
231
947
196
649
53
861
218
679
367
18
544
48
609
85
301
416
860
538
653
914
668
471
757
100
280
97
715
459
11
653
283
951
833
101
193
636
141
721
876
604
222
922
283
905
634
938
776
274
58
949
745
687
963
751
814
445
431
298
426
891
200
906
276
801
534
716
570
210
377
970
467
125
581
210
141
595
722
956
682
237
224
719
287
757
902
947
185
403
47
909
552
907
362
742
938
913
182
975
90
742
398
703
431
420
814
205
623
8
13
762
75
844
816
239
717
248
929
603
466
939
73
812
92
513
305
227
248
547
341
889
67
141
485
256
74
939
676
886
632
851
784
109
171
208
72
315
521
433
289
19
897
148
383
369
754
150
594
414
906
882
113
3
560
417
999
224
738
213
2
389
842
16
587
872
125
961
320
853
904
156
969
198
525
188
289
981
466
590
362
788
238
46
333
149
373
861
721
782
304
414
23
28
122
651
24
328
351
252
958
257
675
113
781
203
195
791
99
276
890
461
375
44
238
332
343
638
576
458
691
724
261
706
118
316
852
448
337
687
622
524
465
579
876
752
65
306
662
224
654
581
447
136
28
28
738
551
749
919
471
122
118
457
5
627
765
916
275
637
881
700
547
153
404
358
371
151
327
519
129
413
301
25
763
564
898
840
695
840
730
821
524
553
556
725
35
934
442
649
643
599
62
700
850
647
267
361
709
565
702
727
653
165
437
108
874
834
814
224
3
945
300
571
360
71
977
711
354
383
317
316
256
252
935
352
26
613
182
553
779
999
565
194
995
913
716
971
3
673
695
789
639
634
522
969
200
758
791
909
519
542
51
976
48
150
690
313
981
74
510
232
854
283
486
650
185
680
690
909
355
127
436
660
833
384
934
685
381
758
170
264
510
908
317
816
588
257
22
2
3
601
94
281
943
610
408
212
976
404
282
686
350
178
580
185
686
978
776
462
404
886
380
777
372
992
162
797
376
855
507
414
910
528
374
191
861
666
933
87
335
911
764
233
119
206
90
38
481
503
118
265
206
62
325
894
218
511
82
678
279
579
48
634
699
698
925
586
467
626
960
718
54
493
498
831
246
163
465
719
433
657
393
176
671
704
323
553
959
203
415
25
247
189
187
140
849
619
244
715
558
578
997
862
254
556
243
720
545
291
242
122
335
14
539
876
533
894
729
789
697
40
274
99
9
808
640
603
11
667
14
947
638
780
749
381
79
829
705
410
658
140
766
654
979
416
198
611
828
340
220
667
196
675
554
629
734
751
824
672
655
418
326
502
207
595
590
749
458
804
931
907
69
278
358
169
675
219
933
549
62
986
998
638
336
968
68
94
526
167
782
757
104
149
367
661
132
85
813
326
462
40
934
167
811
951
434
555
144
39
756
435
958
659
367
827
165
250
592
343
556
947
670
91
483
764
972
798
679
324
898
783
728
818
783
386
858
808
838
140
411
106
347
22
179
939
541
310
604
231
88
125
999
923
200
705
943
741
517
925
488
860
105
205
810
208
460
983
293
628
885
610
245
102
598
79
737
251
197
240
879
507
808
344
622
810
729
761
498
365
395
723
307
244
978
745
787
403
667
74
389
419
110
970
986
931
222
571
187
31
653
416
456
980
16
773
344
41
527
633
658
717
850
941
329
920
427
476
315
610
495
357
140
953
531
621
612
58
981
784
747
389
195
276
50
457
489
604
524
474
626
746
778
999
174
147
654
791
541
190
366
586
614
820
620
728
143
172
809
414
459
127
229
915
406
416
517
735
538
991
32
539
641
616
759
484
664
573
867
623
275
561
444
683
970
393
503
483
682
907
870
691
841
477
242
385
996
868
201
122
214
623
902
279
972
7
511
84
179
756
131
181
269
973
284
259
219
100
875
912
294
849
234
840
306
121
472
336
415
635
604
98
94
411
91
952
125
514
946
830
397
50
750
108
322
712
358
36
400
932
132
857
770
459
525
54
266
507
270
873
779
860
563
223
290
966
162
719
607
169
704
355
462
765
511
685
123
855
478
250
891
777
124
480
383
288
498
216
68
176
697
706
804
170
553
208
482
697
983
629
103
226
560
9
638
661
655
757
202
856
347
75
375
148
129
34
204
456
528
458
995
279
421
709
510
668
435
495
138
673
654
932
375
209
386
77
751
431
425
873
120
449
842
215
753
951
923
43
791
750
608
620
409
306
165
168
725
470
794
736
451
868
321
586
8
749
185
813
824
130
406
40
63
964
487
54
211
249
908
347
898
538
42
2
725
440
382
240
264
356
570
553
16
901
585
649
425
749
38
824
74
978
929
639
671
477
978
787
67
163
99
788
595
272
657
484
760
559
438
652
719
145
97
516
270
604
601
40
785
92
695
810
173
229
525
824
723
19
212
285
3
595
652
208
451
144
315
894
433
425
409
276
595
204
841
250
955
463
332
9
497
422
193
567
139
873
478
192
716
671
762
594
349
286
775
217
815
115
632
577
877
299
117
765
829
820
177
969
480
797
383
775
311
401
146
771
271
2
883
157
224
4
23
81
972
805
479
229
353
671
670
483
625
129
761
980
330
462
268
749
632
19
655
730
517
426
21
558
656
404
501
691
323
788
519
435
978
722
123
465
204
72
149
252
836
121
424
229
163
150
239
556
337
860
317
259
923
567
673
783
321
695
380
442
267
766
820
65
612
419
438
953
283
58
752
615
179
927
927
233
842
550
709
319
643
396
111
181
852
338
46
4
274
157
364
812
481
727
339
115
79
461
189
238
274
726
694
196
563
612
619
787
906
556
460
641
966
715
250
288
735
641
910
371
91
597
423
538
269
918
44
861
44
716
891
253
47
58
270
790
229
738
52
73
438
877
835
432
606
394
366
952
682
715
567
105
735
556
356
394
369
556
423
657
190
222
221
728
968
502
456
85
224
4
758
131
430
631
662
378
779
942
405
613
548
326
677
233
571
62
538
266
734
349
670
411
90
747
117
416
325
437
680
297
229
938
285
715
104
16
455
101
22
68
505
383
927
72
420
626
748
699
843
965
403
457
703
332
799
315
859
103
473
44
674
298
94
621
63
979
461
517
410
179
691
332
862
250
541
427
132
129
335
776
931
846
118
839
232
339
71
969
449
350
269
401
792
417
278
163
310
181
276
594
708
26
248
485
316
189
200
993
399
746
977
174
437
218
905
291
44
452
678
951
183
163
559
882
836
405
946
772
951
518
253
483
814
215
790
702
977
73
786
413
255
667
602
322
456
467
380
460
859
895
351
740
594
142
237
539
366
442
125
722
114
661
52
473
721
209
937
716
701
687
690
943
998
985
330
110
192
384
537
761
775
622
311
749
45
866
619
142
324
152
695
369
769
193
281
732
8
318
693
112
395
944
159
15
574
862
666
645
133
771
431
155
766
175
906
391
402
917
387
225
426
702
792
478
403
465
222
418
700
484
86
765
611
441
855
36
640
650
244
97
55
861
444
262
720
654
565
339
386
446
940
232
128
943
646
751
88
58
860
795
26
484
586
663
436
894
574
449
692
32
280
194
858
499
522
417
258
522
865
70
688
1
948
793
287
247
911
670
738
8
979
62
754
596
623
730
641
328
101
234
951
566
940
640
629
464
624
283
860
155
656
18
905
866
812
393
165
933
440
670
71
575
93
644
597
191
378
669
333
912
957
70
604
99
322
754
655
14
796
79
5
967
413
388
915
669
93
929
87
522
553
46
664
716
222
162
571
264
608
29
807
397
782
167
157
886
706
609
217
379
811
255
147
64
153
510
364
239
684
59
415
624
667
963
990
839
589
110
617
402
305
598
127
210
835
980
924
539
187
123
840
635
428
243
274
702
9
105
699
38
523
977
102
878
784
725
950
724
545
341
867
145
618
816
153
681
472
485
264
816
625
844
854
718
886
797
752
325
803
151
201
131
792
397
74
43
350
119
148
241
604
475
675
14
725
327
959
519
326
782
447
70
812
888
669
983
283
767
980
384
489
791
162
951
494
337
992
748
498
856
341
927
236
775
989
960
119
288
764
983
955
891
688
627
25
827
258
267
367
130
717
173
696
563
721
593
746
566
981
126
735
390
941
599
167
127
240
595
329
395
874
369
339
460
368
302
362
636
869
160
366
788
159
493
630
927
670
175
851
245
835
760
720
895
685
249
108
490
943
272
829
697
123
461
230
62
603
659
924
738
405
129
155
85
60
681
970
386
270
417
437
152
611
33
757
97
444
630
782
283
74
429
432
389
333
274
230
874
63
85
494
969
802
40
975
849
727
29
43
806
159
420
92
726
942
344
198
538
884
948
727
884
653
829
637
84
648
182
753
459
619
270
520
789
992
639
284
108
898
628
974
908
847
742
567
428
74
227
116
97
682
680
339
689
99
238
649
221
781
357
30
365
331
140
953
775
275
905
592
534
804
984
282
747
355
190
50
134
236
556
952
826
612
161
719
335
172
507
279
443
908
921
697
493
712
172
856
298
950
919
92
63
515
35
703
214
409
389
815
548
896
337
704
95
837
633
118
161
274
209
700
363
161
463
822
55
914
499
439
310
463
705
842
507
109
919
944
459
118
1000
793
217
235
477
997
730
57
857
948
503
939
978
227
203
131
998
993
918
868
48
324
427
774
279
892
93
786
159
608
486
237
109
286
667
599
533
474
59
382
132
412
345
76
748
677
938
242
499
274
492
406
25
132
970
142
871
604
601
197
18
653
905
613
659
201
869
598
263
389
213
987
971
488
260
714
998
996
346
367
94
721
110
867
54
168
688
486
101
530
229
672
763
260
169
904
355
364
412
286
290
147
37
305
702
198
322
240
847
292
33
98
96
340
213
515
545
62
588
759
547
3
815
551
337
974
722
343
998
218
341
571
787
831
178
391
847
434
106
16
587
768
819
233
537
647
760
680
201
243
146
322
797
361
597
467
521
116
928
531
886
583
634
611
296
975
463
19
147
809
996
476
673
477
18
232
655
662
531
870
685
7
21
984
524
112
257
45
305
796
80
590
583
966
770
885
943
577
570
664
814
130
402
536
473
858
696
136
291
591
551
918
461
283
276
242
61
689
700
902
840
277
777
180
252
271
626
874
230
435
649
977
867
641
253
884
590
431
248
159
746
88
768
863
495
814
557
868
393
661
234
107
546
225
154
208
624
357
915
540
707
580
124
625
707
401
265
232
157
397
986
44
890
674
486
477
98
835
927
460
792
694
297
355
290
800
286
641
369
929
675
602
167
492
705
870
137
460
261
466
699
960
400
874
294
914
456
241
922
797
291
288
738
280
976
968
146
839
419
20
688
769
794
975
34
58
541
367
837
758
844
874
775
458
572
111
655
750
84
626
93
770
339
230
431
941
319
316
833
973
988
904
153
143
619
538
923
395
67
935
339
474
461
473
287
776
602
12
525
470
762
10
94
771
931
990
450
33
187
104
462
125
507
897
27
408
392
102
900
21
793
654
162
246
186
877
74
454
376
638
805
28
304
870
222
73
998
52
895
455
438
907
684
696
176
535
939
35
315
433
922
609
936
395
676
338
47
140
326
171
427
366
552
19
853
321
815
253
241
636
145
903
531
86
128
396
988
572
622
507
546
247
685
70
704
343
434
481
432
784
181
622
703
653
987
319
650
621
143
739
687
774
260
384
570
992
731
714
453
204
553
638
840
883
701
368
625
742
810
86
277
553
261
819
239
916
768
741
788
737
397
969
176
489
324
353
477
33
259
862
871
857
769
778
741
698
524
459
171
491
155
581
206
891
495
237
57
215
514
291
283
518
519
482
314
408
418
967
426
113
322
759
272
964
282
247
772
311
171
104
738
779
822
134
357
818
564
713
286
8
539
56
875
818
417
83
487
836
161
677
420
404
510
991
146
123
816
516
727
555
299
364
114
665
968
314
535
298
623
935
821
391
17
165
87
110
1
368
302
355
624
421
810
976
456
620
64
469
196
302
2
100
341
492
10
724
292
420
330
698
893
481
350
247
802
430
875
87
756
303
637
316
493
911
175
684
231
487
912
75
830
947
418
229
465
418
72
9
888
764
530
828
45
192
771
199
633
831
521
501
714
818
808
470
482
200
663
586
368
460
382
862
205
953
282
779
426
516
193
462
750
188
491
43
173
982
111
793
416
952
248
442
689
68
59
497
287
79
464
451
4
149
994
343
122
304
100
275
794
185
438
49
263
548
696
742
355
918
607
388
300
486
603
892
159
646
678
865
184
851
622
955
580
262
550
75
785
640
958
226
429
155
957
54
431
519
235
819
168
324
990
209
380
693
578
471
992
911
815
334
389
830
86
882
17
368
883
625
338
38
405
623
494
301
658
583
556
491
630
490
224
903
267
266
202
403
638
727
29
235
138
962
971
553
749
906
969
466
857
740
726
344
851
450
648
5
67
278
136
926
540
3
220
70
129
84
730
431
57
228
164
452
328
129
667
852
189
898
147
561
288
364
740
589
35
529
564
174
539
881
404
895
925
304
395
967
657
690
832
256
617
531
267
44
3
531
323
935
901
724
541
578
905
986
552
498
211
373
624
600
129
191
556
541
769
709
874
599
502
356
611
984
959
164
437
331
594
594
493
871
797
735
205
167
967
978
957
889
815
845
130
808
296
10
839
452
89
914
526
896
394
533
528
863
428
28
928
914
80
397
989
341
722
625
515
364
965
931
632
24
626
826
431
393
267
852
978
715
924
249
241
984
267
667
628
638
690
503
172
214
324
491
63
322
271
957
314
386
752
65
24
805
761
470
346
714
934
991
478
617
407
221
507
810
240
535
567
84
577
423
476
312
271
81
466
455
937
594
399
440
61
510
561
367
129
239
272
747
764
997
925
894
202
608
559
255
515
696
172
941
194
570
405
503
90
672
507
876
427
390
125
860
433
383
74
709
739
925
703
219
267
922
431
649
295
71
49
572
809
513
612
426
415
502
386
828
102
457
433
534
734
818
144
305
503
480
636
586
933
314
933
319
374
248
147
314
296
236
267
761
226
619
446
800
822
87
434
960
487
444
166
90
632
801
936
518
336
123
694
177
173
405
126
830
546
192
698
774
705
297
307
535
997
358
72
587
685
345
995
573
779
622
689
828
495
429
748
999
305
88
52
114
692
112
848
749
132
307
785
929
807
943
86
84
490
900
857
955
339
909
144
156
802
547
381
366
989
89
830
188
826
456
1000
700
463
60
614
406
467
827
951
638
532
978
408
256
533
851
288
920
277
455
80
229
268
636
942
341
605
185
86
627
504
204
409
11
205
83
777
324
974
882
296
87
230
283
254
345
423
204
99
272
530
875
31
849
530
563
866
373
459
857
340
978
332
324
936
806
101
633
866
83
129
450
947
850
900
372
898
578
702
668
686
338
129
894
484
132
679
847
683
920
379
179
863
470
881
32
791
970
625
974
921
801
408
361
828
591
910
879
472
312
299
720
739
253
588
302
953
438
822
489
672
184
623
462
186
536
797
708
313
300
336
485
50
613
503
568
384
481
206
581
948
200
927
8
602
840
618
458
266
59
759
232
195
250
522
424
441
111
704
59
19
543
586
426
969
400
861
804
29
398
798
59
226
829
563
19
489
905
241
775
686
267
369
314
241
104
759
747
13
77
250
528
263
457
215
689
897
676
606
230
723
265
862
163
710
448
544
418
524
288
235
560
681
333
495
152
436
890
638
522
466
22
951
661
574
98
173
843
321
255
586
326
516
746
680
560
720
500
990
447
303
67
16
144
341
521
606
849
944
704
887
248
167
884
666
496
996
196
236
906
427
438
285
918
326
532
626
739
849
854
740
671
937
567
666
611
461
397
478
55
189
331
317
688
316
519
837
251
881
645
857
45
955
539
125
407
386
527
638
773
984
359
655
546
841
501
468
829
818
740
931
287
20
600
712
850
396
22
610
218
39
741
707
485
426
427
333
603
92
648
579
823
249
384
716
236
808
315
788
806
786
957
266
624
252
196
848
129
901
979
643
940
55
311
375
53
388
928
215
326
350
108
917
550
759
344
953
440
239
504
872
877
113
65
811
651
154
933
45
452
282
480
75
68
794
388
510
793
669
366
822
767
149
164
72
916
450
851
324
266
103
291
910
826
567
563
45
437
320
84
653
69
226
713
564
169
790
541
985
309
36
908
939
884
582
652
693
437
860
313
906
939
374
971
460
779
534
965
865
224
796
345
41
758
541
813
623
380
794
604
322
737
685
808
770
22
878
721
657
457
862
651
408
85
586
891
797
452
237
314
128
866
927
909
929
372
734
202
182
199
253
282
616
178
752
760
860
638
796
702
913
611
109
134
5
719
138
121
1000
305
759
180
867
896
329
385
330
721
550
504
675
562
241
285
37
802
721
905
355
628
488
451
827
957
754
404
267
822
459
613
751
638
769
332
530
699
78
393
160
674
191
543
624
260
705
325
854
393
783
579
73
735
623
23
70
764
455
120
198
218
608
126
666
587
82
802
341
490
266
285
981
842
923
144
26
35
521
435
826
767
237
275
530
605
172
638
125
477
386
589
753
373
417
90
129
890
880
980
798
744
470
31
824
620
872
246
832
872
604
100
279
122
594
333
281
995
559
11
587
81
297
759
852
398
112
477
741
581
625
796
233
109
15
24
124
517
511
41
905
502
990
32
621
481
130
920
277
227
359
873
79
745
976
207
938
848
356
522
992
464
939
99
829
283
654
621
923
246
276
450
300
777
672
206
234
310
705
21
565
23
622
846
769
700
75
940
220
845
82
22
719
920
268
633
270
137
613
109
522
734
257
724
923
207
78
685
79
145
816
210
683
668
765
282
403
448
900
652
459
924
265
426
384
834
422
753
759
842
501
716
666
291
847
888
216
668
799
981
513
408
676
211
81
95
997
714
938
374
371
12
243
220
938
797
528
987
493
854
31
766
799
189
399
773
19
543
973
523
951
844
177
577
832
651
227
172
337
394
148
846
970
819
22
453
468
494
29
719
525
353
795
177
346
411
256
507
666
730
794
973
869
840
849
5
686
796
719
515
647
675
268
259
439
989
428
207
554
409
504
167
210
277
266
451
697
538
538
147
78
571
848
875
960
134
43
137
175
942
214
834
758
43
848
313
583
792
567
88
215
653
843
969
687
619
494
416
368
813
152
768
375
56
995
360
712
949
633
907
105
958
172
559
545
786
591
43
297
967
668
885
5
374
134
66
85
364
957
493
495
49
769
91
619
593
269
985
959
173
308
642
253
149
189
705
358
306
884
285
562
737
627
844
396
342
971
690
140
893
988
84
406
575
236
365
713
665
697
836
865
465
212
586
985
741
561
265
710
887
450
69
278
520
134
117
757
554
350
665
570
629
825
83
746
674
681
908
221
681
256
838
290
907
847
536
952
153
616
699
157
618
221
628
223
472
997
589
743
201
485
31
668
527
695
49
669
615
601
865
387
506
659
434
561
108
67
473
772
752
681
24
551
290
992
983
951
376
705
726
548
885
391
385
102
341
222
9
737
488
457
3
959
949
305
981
704
616
589
562
962
323
381
632
922
398
407
928
640
671
49
28
92
380
876
644
447
691
516
114
427
986
938
1000
113
396
194
264
722
885
571
813
707
716
928
676
179
644
246
757
865
751
426
757
53
904
724
661
544
511
656
832
862
315
104
892
859
52
612
902
520
253
275
788
160
27
114
570
634
841
574
241
239
484
862
304
458
401
929
94
95
459
571
264
110
576
227
705
114
362
247
38
545
820
454
301
122
878
887
785
386
180
538
113
247
659
919
862
698
785
163
208
724
306
361
837
459
197
294
269
415
504
750
431
613
361
863
880
301
90
192
83
727
420
120
205
67
422
183
565
467
216
849
691
521
389
622
365
839
363
636
862
60
92
32
421
148
841
196
971
740
89
134
483
161
280
411
708
941
985
288
53
554
293
33
326
259
75
168
65
478
157
857
179
11
913
268
751
765
839
790
884
7
505
208
894
738
542
867
987
791
979
34
190
794
865
781
6
672
264
289
329
865
22
280
387
373
376
757
509
817
86
493
145
483
300
832
540
434
15
875
260
252
65
434
182
637
29
494
870
638
721
201
356
119
250
395
600
241
78
511
866
425
97
401
418
738
939
705
444
870
238
784
157
906
58
8
338
467
978
52
748
100
564
178
165
748
507
151
675
395
502
850
748
425
255
58
795
848
325
276
615
768
503
645
49
19
686
654
233
93
562
310
754
389
383
804
738
138
869
707
582
100
385
550
886
297
654
282
259
21
621
965
4
289
245
99
762
100
833
836
641
847
652
989
906
500
651
981
572
284
57
547
719
538
243
215
146
738
581
918
303
206
223
847
465
688
16
249
994
323
881
99
212
14
212
94
48
372
912
879
215
925
19
56
556
195
219
471
138
150
460
999
729
281
378
818
548
494
802
499
996
860
860
583
430
788
887
828
773
925
465
43
879
380
92
304
783
201
143
707
801
352
202
186
799
824
120
346
462
509
815
808
362
26
677
588
517
956
383
480
797
442
388
147
404
681
861
176
606
31
101
563
730
439
135
396
931
138
5
791
890
499
195
277
741
761
138
651
196
151
900
356
927
125
99
853
202
874
711
17
760
852
270
42
545
28
489
619
191
964
2
897
569
828
94
243
626
827
408
421
834
126
844
310
863
137
4
540
464
770
865
982
353
663
963
765
892
890
658
431
119
327
880
959
617
199
17
118
605
808
683
505
281
698
187
204
220
280
596
595
664
134
409
719
3
870
224
74
384
971
402
498
88
295
472
77
512
414
121
699
401
92
389
582
942
964
390
188
344
512
739
739
132
61
5
177
622
778
831
421
831
639
589
370
125
332
110
980
446
786
285
592
750
843
476
229
873
706
104
832
360
411
340
438
351
924
936
422
802
399
566
984
908
465
40
165
110
571
905
51
84
256
655
896
121
379
634
992
456
268
887
332
808
332
971
483
532
435
825
279
39
707
354
64
866
999
22
160
394
256
486
805
955
418
783
291
605
785
986
499
756
34
875
525
546
236
664
105
734
571
547
265
102
598
194
391
517
632
733
571
45
604
563
791
990
128
537
426
932
69
957
332
16
166
368
510
21
353
71
16
797
608
343
868
261
168
971
214
320
206
817
91
825
293
826
359
936
204
136
540
450
87
275
863
112
812
802
873
703
324
389
458
484
616
597
524
482
43
806
951
79
6
447
505
530
604
795
118
946
250
424
552
30
20
760
49
289
372
928
978
700
583
993
211
886
66
176
127
169
776
801
595
25
216
418
503
342
399
249
922
773
646
437
552
484
176
730
235
981
103
285
471
470
744
792
534
969
65
403
495
910
466
745
478
448
570
109
152
766
349
789
865
895
384
652
125
57
185
748
236
113
704
348
191
889
139
152
381
473
814
289
889
113
501
929
846
351
395
213
569
31
588
802
171
842
4
281
511
223
162
102
712
231
671
233
8
379
254
417
763
140
381
262
599
541
494
813
518
991
487
909
427
172
882
555
884
22
960
580
658
203
911
55
750
317
106
45
241
155
314
206
185
839
205
559
905
443
642
596
780
176
581
371
190
259
489
747
315
61
114
715
803
426
825
337
835
535
139
738
817
73
92
650
837
141
382
342
175
799
421
783
783
105
961
926
529
125
707
980
145
243
270
688
417
517
387
181
302
777
817
252
959
605
722
904
848
298
436
971
821
32
479
492
298
183
505
78
254
348
24
908
138
290
901
889
941
950
993
286
263
872
776
388
460
48
42
762
308
706
331
756
343
129
124
135
867
694
313
285
812
377
993
69
613
563
330
369
451
429
164
697
468
831
257
836
403
73
608
841
931
213
268
346
999
569
103
268
326
583
123
470
841
813
463
922
872
884
401
747
104
855
592
937
577
794
688
390
636
37
824
709
459
726
666
120
892
146
595
818
588
451
655
437
664
993
130
892
149
176
559
603
576
456
513
276
799
251
433
327
859
592
371
4
265
370
274
373
625
718
213
246
618
709
708
803
550
123
974
18
212
468
809
646
425
721
827
833
126
812
307
729
971
486
638
785
686
874
240
228
520
139
463
210
912
293
350
127
683
970
321
68
308
808
259
310
607
923
194
548
562
675
918
498
90
315
295
164
802
262
98
1000
979
720
605
821
635
662
131
819
628
336
14
381
332
2
288
722
416
992
923
845
566
111
47
499
42
592
338
976
461
837
222
347
223
202
570
784
325
100
373
686
624
318
875
720
10
638
243
620
369
214
821
299
405
591
107
944
45
339
714
435
735
745
390
333
239
275
363
966
82
62
926
741
401
418
983
131
107
523
191
327
476
863
181
992
653
699
285
176
392
243
227
766
137
742
602
93
261
875
988
628
188
691
653
155
473
814
286
507
821
491
322
704
95
846
790
682
519
341
841
600
73
936
211
934
764
623
961
88
957
517
101
291
892
613
301
994
16
798
313
385
827
994
850
58
369
487
845
334
369
42
279
727
55
801
460
162
252
723
594
889
431
853
714
830
580
67
44
137
417
573
872
61
442
247
314
746
163
294
713
416
814
236
530
682
682
71
140
716
830
703
708
914
410
265
393
337
819
266
423
383
275
597
170
465
131
927
599
655
1000
961
641
685
156
455
491
464
45
711
906
387
306
338
410
719
70
725
999
674
579
77
459
68
845
663
864
434
745
853
247
196
923
705
145
681
10
964
949
464
895
860
210
902
329
954
228
372
658
163
603
311
860
487
262
830
576
551
641
912
842
954
937
471
216
20
106
410
594
435
495
677
740
811
949
694
64
507
840
600
771
276
820
536
933
280
881
702
933
779
970
191
956
965
854
553
337
555
573
240
897
282
602
517
420
323
795
361
207
236
893
417
804
812
680
412
921
908
543
793
686
200
631
402
80
879
723
541
226
846
920
804
393
339
675
721
983
837
870
837
371
599
406
904
44
59
702
737
727
448
928
649
981
963
852
826
94
800
515
503
352
347
696
467
604
396
124
725
934
672
84
883
991
469
323
803
876
408
540
480
821
101
636
621
817
514
161
552
177
620
694
257
935
256
580
167
790
588
34
423
382
132
796
354
761
233
899
249
469
655
147
679
854
655
4
997
660
748
246
944
756
643
528
733
855
954
155
81
307
603
931
126
367
478
805
355
186
753
788
764
14
126
484
269
707
261
207
844
269
351
778
225
462
594
144
388
373
733
498
402
110
257
787
108
144
553
497
683
17
461
450
91
745
703
813
373
633
265
455
462
798
297
347
925
531
100
798
832
47
216
4
97
327
839
356
856
790
132
693
94
483
257
264
109
656
376
587
646
74
757
761
514
692
673
606
987
647
383
892
622
507
309
751
858
581
340
182
283
686
124
966
723
675
748
179
435
754
375
928
230
43
880
969
593
835
664
367
187
34
156
588
250
336
231
168
263
167
403
208
626
508
765
939
364
855
419
928
662
971
490
460
467
932
788
758
338
471
7
750
632
294
97
888
965
905
445
955
705
312
133
461
736
820
812
545
15
432
734
459
432
797
598
610
569
419
799
626
301
722
634
771
200
260
221
530
667
209
192
853
642
384
735
892
97
425
590
415
590
698
43
807
844
47
311
390
701
68
249
473
70
310
937
714
85
993
172
779
384
520
459
659
525
613
642
537
254
188
721
889
256
575
396
263
46
982
857
929
747
851
165
395
759
296
462
576
446
163
20
109
220
287
71
924
655
594
447
884
225
546
939
60
409
458
407
443
543
554
528
276
809
582
655
873
2
938
329
189
304
946
37
779
89
946
962
865
78
208
60
797
725
814
615
220
520
712
475
63
490
234
896
167
756
858
128
391
153
399
765
562
864
13
957
96
609
263
77
252
441
118
804
997
405
365
487
755
6
757
841
350
817
17
973
145
135
325
220
186
143
84
107
195
19
553
691
667
18
640
679
894
269
890
563
99
904
281
372
275
708
836
924
73
837
808
159
284
608
750
323
81
584
214
442
701
37
488
773
1000
690
606
42
537
425
582
669
928
865
200
834
181
324
766
257
562
512
900
759
9
426
667
175
283
49
159
153
166
620
498
37
787
892
735
830
190
234
568
165
711
708
448
278
825
812
272
847
285
424
27
559
136
116
464
872
603
711
544
390
347
575
540
379
468
689
954
761
316
529
504
842
491
945
789
43
303
329
117
904
478
965
234
136
72
768
542
649
18
466
807
84
380
896
340
547
91
700
97
771
893
874
85
816
750
182
220
375
769
430
566
832
791
675
442
957
131
447
398
810
733
119
94
735
719
52
786
988
923
613
628
87
191
297
669
126
756
558
165
434
311
818
592
248
998
917
273
556
413
982
588
747
172
429
58
61
20
424
265
970
629
109
303
670
550
916
723
955
130
761
186
114
146
444
261
632
411
78
394
830
629
615
338
620
637
716
987
567
412
315
295
867
330
257
419
53
421
126
85
462
311
173
592
334
840
529
976
156
835
69
310
61
974
991
38
947
145
235
529
215
115
449
267
631
698
920
643
55
678
954
386
382
747
612
904
291
889
872
168
931
497
962
545
698
621
170
277
68
711
49
2
431
740
608
94
968
538
660
272
890
45
616
541
998
804
220
34
203
170
691
184
573
380
124
801
864
530
270
178
571
144
759
595
692
100
978
703
659
887
968
142
440
577
216
942
622
420
768
301
597
607
117
862
591
435
44
994
799
841
271
615
107
940
853
184
235
726
91
644
553
703
336
54
399
365
72
925
617
273
820
776
879
949
82
991
494
203
822
925
652
888
205
425
877
395
421
159
528
66
675
247
908
798
913
914
741
622
118
473
569
879
413
590
371
810
96
730
229
185
28
359
988
359
823
346
805
381
372
393
339
443
249
216
366
936
519
876
384
317
916
237
325
146
739
492
964
266
76
31
181
985
232
299
285
248
429
141
374
134
644
389
571
871
713
135
477
815
322
600
622
161
754
540
157
20
674
224
626
260
920
790
717
967
365
265
201
682
968
321
322
215
349
318
504
336
857
482
189
999
936
657
353
573
353
322
799
244
594
265
944
316
497
391
798
324
698
311
244
472
33
874
463
160
699
126
645
406
172
648
884
713
761
138
227
339
283
935
532
394
986
820
202
295
856
518
731
102
742
26
380
852
135
814
187
769
853
109
15
612
529
37
688
399
812
290
328
343
173
463
691
129
687
651
826
541
631
801
644
580
178
970
475
715
812
63
367
861
837
847
304
95
535
365
735
402
515
41
993
631
598
483
16
581
695
970
2
367
901
784
661
302
290
167
535
609
924
17
343
51
823
863
796
757
176
969
91
452
445
753
123
342
228
22
656
730
1000
38
800
352
82
215
798
893
907
789
468
906
968
611
271
787
526
749
914
928
696
640
12
746
546
98
103
294
247
711
111
971
765
70
52
616
187
877
907
859
465
445
905
315
735
678
190
976
468
464
259
803
218
921
234
147
277
573
834
134
513
733
922
758
211
387
410
349
602
500
881
492
196
252
494
660
984
342
207
340
199
220
824
864
463
146
164
342
435
877
783
747
521
455
457
832
691
92
225
606
411
758
289
594
729
695
511
638
17
590
486
624
109
516
28
90
763
944
801
1000
21
182
699
579
223
948
363
193
555
453
406
132
917
32
105
942
151
566
808
239
226
819
164
348
304
664
548
896
411
400
621
446
960
471
561
53
401
790
144
623
491
168
12
872
898
649
574
646
829
887
583
280
222
187
279
444
506
878
68
837
733
253
550
682
816
778
877
93
849
147
203
603
545
184
1000
482
255
244
868
977
69
311
396
610
665
556
759
476
808
596
72
217
910
879
798
629
263
120
225
448
309
941
631
867
669
760
683
590
272
885
610
999
47
392
223
624
465
369
928
635
580
799
56
478
850
212
452
685
380
838
885
670
653
289
19
383
947
597
769
24
228
349
426
85
962
545
598
482
459
628
58
24
309
784
313
325
921
53
869
31
689
21
911
824
420
70
708
43
578
649
429
281
377
780
866
826
511
150
77
93
972
594
901
481
79
319
3
40
241
738
288
665
948
830
645
908
607
382
547
497
532
617
269
830
768
120
253
129
377
587
495
179
683
998
339
737
693
177
231
824
131
654
372
978
735
348
575
184
245
783
327
806
257
888
143
180
126
666
93
841
708
568
813
621
707
351
4
338
702
257
28
882
238
988
198
912
66
777
47
340
946
701
64
287
271
383
318
285
727
919
668
245
82
521
926
326
500
829
545
193
428
791
888
549
251
470
936
345
558
444
646
321
309
482
963
483
860
566
640
74
625
847
342
820
74
778
429
450
527
72
619
794
637
319
238
886
883
164
225
341
296
485
263
209
371
249
813
556
753
410
235
572
875
760
227
983
568
744
3
172
46
556
32
953
576
953
83
661
667
347
318
434
347
783
57
376
686
475
542
652
250
629
30
756
546
316
384
942
831
847
689
136
661
139
603
617
637
262
806
984
356
485
321
184
100
770
728
50
8
445
884
107
790
321
956
981
587
198
830
899
528
217
986
596
39
497
320
699
638
683
883
35
343
657
382
160
64
64
305
254
184
701
739
688
713
703
746
232
359
537
549
289
571
562
815
655
353
145
8
583
585
244
338
286
830
82
262
555
761
506
86
339
673
17
761
812
507
271
788
444
916
8
812
795
879
455
936
830
960
984
655
597
633
197
358
280
956
485
389
918
318
867
717
778
535
699
178
207
332
661
325
737
143
740
578
596
394
68
303
752
523
267
950
806
217
509
248
966
78
706
820
960
441
431
895
246
980
835
983
853
857
742
315
692
859
143
477
619
211
882
26
961
438
718
740
453
998
629
180
687
598
585
758
863
972
330
210
956
648
279
394
911
88
55
478
432
633
451
480
857
854
925
967
196
157
181
290
813
382
777
183
256
716
789
335
229
312
392
757
87
758
348
394
918
834
835
888
39
493
218
590
294
900
90
584
858
197
179
861
185
375
908
240
195
595
284
15
481
381
665
33
651
515
104
670
500
499
14
526
569
851
971
351
886
851
644
990
537
202
762
261
748
545
644
623
909
794
42
65
709
400
834
921
223
174
234
390
612
298
813
167
674
426
750
498
531
511
548
203
823
387
117
838
830
7
417
54
411
815
474
183
648
72
334
117
728
11
129
583
965
99
24
671
886
527
535
144
330
167
722
514
202
603
500
789
57
697
641
227
724
615
340
477
845
494
783
374
988
55
455
170
277
631
691
251
127
472
862
878
921
271
871
104
201
671
133
66
124
679
545
598
618
826
2
527
429
168
663
854
585
20
330
457
880
327
594
392
645
48
456
736
110
407
489
304
991
51
327
623
414
690
622
536
2
445
128
832
232
289
188
217
339
43
526
458
34
33
644
235
600
979
308
495
509
850
391
161
334
488
719
515
321
880
254
336
780
479
909
452
652
980
672
493
713
615
956
582
51
147
572
282
553
812
369
784
513
215
50
579
392
263
892
8
998
882
750
933
848
292
835
694
35
111
7
360
912
214
991
145
446
45
746
13
567
608
206
782
814
701
740
274
925
429
411
486
608
883
513
2
773
413
127
543
414
48
274
389
391
117
341
101
98
780
91
147
165
349
424
93
442
497
684
937
232
15
601
948
663
196
635
540
891
937
892
273
841
239
904
251
462
721
977
415
849
205
880
480
960
329
453
836
288
959
63
841
517
136
679
459
141
701
630
384
470
604
272
809
460
47
597
569
616
737
982
813
465
325
44
521
874
79
410
16
542
304
753
709
522
128
745
831
281
154
217
152
906
366
449
273
235
602
533
623
705
733
164
85
252
871
470
407
215
930
112
564
527
389
735
106
185
311
101
281
175
995
414
910
207
963
970
699
276
980
302
881
469
857
557
556
890
845
147
789
544
285
629
852
624
692
420
312
781
241
341
45
715
394
888
993
399
388
777
868
628
521
785
199
895
52
395
792
429
146
546
37
944
799
988
127
502
440
414
72
968
10
637
746
545
963
28
471
916
310
172
328
197
303
334
945
72
747
924
666
885
24
705
791
25
110
663
478
71
849
933
571
952
664
701
764
118
790
58
892
478
984
272
435
447
618
573
968
115
736
436
469
644
525
8
485
332
755
229
559
97
745
110
500
286
340
500
83
386
119
30
261
477
472
675
212
973
400
140
176
992
539
725
250
210
224
649
323
991
914
990
70
487
480
579
30
424
93
877
555
376
640
834
526
261
167
1
845
229
9
709
463
626
115
693
87
692
505
250
601
778
230
490
551
382
872
89
789
134
671
489
353
297
335
472
78
151
800
768
253
684
150
76
735
176
660
529
601
707
281
728
41
539
287
478
517
312
20
656
595
951
358
421
107
441
257
136
468
435
327
275
711
473
905
620
471
747
926
646
153
732
978
487
119
979
499
907
532
969
86
850
131
885
272
551
69
572
40
750
87
684
504
33
965
462
530
392
704
179
996
350
968
475
711
896
233
448
654
425
916
913
323
368
663
109
618
818
118
8
156
968
576
379
639
94
123
2
894
835
698
590
746
168
776
532
230
694
543
173
118
446
684
473
934
947
512
123
355
897
371
1000
802
50
381
19
446
67
746
808
151
993
546
140
946
571
868
437
544
947
7
566
140
147
806
83
52
627
147
60
701
400
168
12
577
888
901
634
952
258
385
630
321
194
996
162
142
882
816
93
458
660
522
182
284
711
890
933
568
512
337
173
345
564
281
105
638
331
26
863
94
277
52
161
807
393
432
544
820
764
213
184
196
143
798
532
65
139
192
809
270
234
147
649
623
160
431
863
19
526
374
556
770
171
119
447
945
497
872
986
761
403
889
834
853
839
700
985
452
66
781
998
433
449
929
279
297
270
130
856
776
956
536
886
398
880
392
997
951
905
57
918
762
818
946
390
171
146
879
125
422
494
821
178
666
398
856
274
397
619
464
28
295
334
498
945
918
159
993
163
422
488
830
623
345
756
468
707
694
238
492
776
398
10
748
418
109
321
816
856
369
556
135
324
775
307
729
149
440
672
530
291
352
517
4
792
548
558
937
368
308
884
22
422
445
527
149
499
127
61
674
351
479
207
98
235
588
531
929
237
995
527
656
31
284
636
945
963
680
542
805
211
678
383
794
668
15
878
26
122
901
768
424
729
875
561
595
435
169
973
351
200
283
614
259
963
961
223
294
90
352
665
616
65
126
945
978
362
926
789
893
816
798
6
791
830
570
220
305
363
776
642
92
655
699
352
329
190
933
98
860
461
45
907
378
684
992
189
531
757
642
511
128
542
51
420
309
460
433
38
158
620
37
499
281
842
350
952
878
579
853
32
748
503
568
319
14
239
437
881
967
19
839
208
393
864
926
705
490
236
54
124
765
615
844
47
137
565
486
202
508
671
741
77
809
198
717
681
703
3
393
544
462
400
230
41
890
741
139
771
154
305
88
720
389
637
595
686
964
177
431
56
306
126
551
180
39
634
529
913
662
470
534
413
999
767
34
702
436
66
950
889
368
445
403
474
89
274
215
867
283
98
710
176
287
825
272
920
968
598
553
256
535
274
70
851
45
170
850
572
220
672
395
120
782
28
357
121
574
32
325
771
69
258
13
695
761
620
37
83
947
790
536
477
587
822
512
836
39
263
370
207
205
838
63
50
841
41
101
424
661
441
890
444
286
839
538
961
608
776
887
577
685
838
404
66
82
545
121
831
557
900
386
737
216
697
87
980
93
287
787
833
80
135
828
951
630
72
468
599
677
207
807
569
212
132
539
378
21
374
66
856
772
40
42
306
1000
934
647
907
74
885
103
164
554
166
482
870
728
917
546
875
810
603
866
884
261
82
158
702
154
71
164
403
440
69
285
370
393
830
456
646
486
241
152
254
828
769
253
350
758
775
120
405
384
27
691
636
675
237
171
967
614
960
359
423
445
320
403
777
147
993
770
89
286
491
925
500
163
773
593
792
734
55
430
736
331
183
747
456
849
169
423
424
540
476
715
115
748
138
91
173
596
46
739
173
186
347
471
207
586
649
544
625
827
40
930
449
719
535
53
383
989
4
921
728
198
482
588
461
397
267
721
431
343
629
649
989
30
678
529
168
709
700
465
149
556
669
95
245
336
417
210
281
481
180
358
573
307
392
689
427
266
24
460
351
990
801
890
102
495
271
304
300
609
98
857
803
775
695
104
764
47
428
524
706
638
486
269
842
768
362
981
36
528
550
329
200
940
24
141
483
973
806
629
930
201
708
899
518
154
677
811
185
52
971
259
685
224
651
758
744
492
406
208
67
284
32
192
533
480
204
471
385
439
224
627
409
841
255
518
435
986
380
994
993
669
619
608
524
369
589
692
639
105
102
49
977
599
894
137
170
980
298
86
83
838
6
454
389
503
856
185
648
129
550
35
398
743
448
238
599
269
758
399
1000
805
635
156
662
594
889
839
426
508
927
551
174
333
456
356
214
932
135
134
833
40
379
787
585
121
985
5
517
549
397
947
564
978
316
853
50
720
599
480
530
533
57
776
241
682
620
120
791
531
263
618
724
364
154
761
66
201
356
950
413
751
929
513
383
710
647
809
318
188
380
807
806
702
635
85
666
215
348
404
827
885
436
966
677
578
362
198
667
479
27
768
269
297
983
229
778
852
17
281
118
752
464
181
166
856
92
644
783
5
274
362
566
60
564
584
635
163
304
678
149
295
317
323
247
654
718
618
857
980
970
527
574
362
705
817
236
932
429
969
283
305
397
808
129
43
127
502
210
163
612
436
220
730
157
395
74
514
983
406
846
229
186
155
666
916
245
795
565
173
196
519
638
503
332
930
757
888
836
782
282
341
996
832
383
337
349
821
589
191
347
651
150
325
136
409
304
440
927
382
396
716
316
146
70
758
81
110
251
771
680
778
243
696
474
320
505
275
501
709
909
198
785
322
253
163
577
155
986
513
192
583
90
705
109
594
514
527
182
121
803
393
803
292
924
774
714
3
561
117
732
327
853
299
950
614
429
233
379
702
621
306
414
363
761
680
720
302
776
265
3
985
121
446
77
315
410
807
951
74
643
798
503
158
373
662
469
920
12
98
783
386
141
921
724
146
355
81
198
785
699
67
583
122
855
955
131
205
377
886
888
797
580
547
936
945
727
610
98
280
696
728
432
17
759
99
100
94
525
89
270
900
126
145
924
666
186
573
849
496
66
448
243
652
969
582
630
680
436
555
265
175
296
181
1
561
527
115
53
172
214
360
934
61
89
62
322
980
961
458
309
916
309
603
534
934
650
356
522
166
615
521
198
495
500
414
914
361
276
693
129
622
952
643
279
886
24
12
557
627
742
688
568
756
838
164
424
997
467
735
141
668
945
307
49
341
287
194
321
403
988
625
910
972
913
724
773
776
282
63
229
612
318
213
665
854
338
173
527
436
456
66
60
705
178
90
236
809
685
425
92
917
594
418
678
581
257
256
82
597
572
906
404
289
531
780
452
205
271
685
89
560
918
959
725
187
287
370
996
667
738
946
758
264
318
40
238
140
308
898
481
359
78
986
187
580
833
986
44
64
18
181
176
715
272
62
147
240
245
44
269
994
75
52
823
545
127
943
298
846
303
323
774
738
467
229
459
331
472
917
663
484
722
993
200
81
387
660
160
331
658
84
111
802
282
89
288
32
291
197
762
522
406
109
901
463
752
142
997
876
96
925
168
162
454
285
908
315
966
417
729
809
782
100
177
961
260
544
80
656
864
732
202
378
115
750
142
144
171
506
76
859
195
910
915
385
610
67
506
477
477
814
825
865
506
267
283
975
85
403
311
300
125
397
621
354
850
901
959
76
596
500
558
175
891
622
752
589
235
643
665
498
335
327
709
267
906
883
351
925
907
310
528
202
589
157
217
570
510
473
71
812
646
633
610
265
777
190
29
594
281
497
265
438
867
13
854
804
731
966
719
560
333
314
352
182
588
843
622
669
438
939
705
281
372
906
67
606
782
80
378
789
462
252
372
685
775
813
873
400
592
125
683
685
904
632
516
44
945
508
373
254
315
853
592
419
5
730
359
956
661
735
166
600
702
726
987
358
232
177
173
189
181
297
474
188
888
168
971
296
520
813
974
23
996
848
867
762
917
394
816
561
321
860
850
542
187
620
193
369
612
588
920
787
714
945
48
69
110
263
220
166
167
980
922
125
409
804
772
464
754
268
653
312
215
104
290
814
851
398
705
988
740
888
382
956
335
774
636
182
326
705
958
892
695
891
658
900
352
618
565
461
421
846
901
635
816
588
152
394
862
730
281
251
236
350
695
154
127
428
853
529
890
63
693
482
824
400
931
857
372
594
859
927
345
983
489
40
729
455
615
821
782
510
695
361
8
951
693
719
970
958
196
929
919
344
314
390
654
737
153
918
637
157
25
635
431
808
296
445
160
801
622
677
928
138
999
460
382
280
240
198
317
794
600
714
841
103
952
826
285
392
698
5
880
242
213
154
3
242
610
524
489
396
831
238
160
181
380
292
997
11
131
596
158
419
178
851
275
279
811
419
740
93
71
111
154
916
231
905
659
131
839
336
389
39
361
992
386
693
899
944
424
580
737
746
217
366
184
133
211
653
38
802
933
124
593
915
320
595
315
975
649
578
74
885
267
341
607
575
802
226
997
976
577
174
862
576
876
618
903
34
881
837
805
917
999
316
412
117
949
941
230
114
951
207
783
788
455
652
916
740
471
75
884
501
479
858
37
473
540
665
27
66
604
444
932
126
338
586
523
39
439
496
650
343
574
524
140
212
920
879
640
194
686
572
237
471
586
10
907
498
18
449
44
880
190
256
586
382
218
362
311
337
485
740
952
125
36
633
796
483
266
304
98
708
477
44
665
921
413
618
488
571
983
582
784
62
538
983
276
427
690
306
897
728
860
668
187
556
805
97
606
112
782
24
478
634
775
930
391
635
626
683
757
228
593
293
497
103
360
894
525
844
542
46
773
977
475
236
603
907
151
69
267
876
786
330
483
94
393
109
777
569
331
538
300
218
342
119
490
782
904
845
164
666
861
448
909
531
41
229
537
437
743
272
442
536
308
25
644
5
307
840
786
305
328
421
113
960
519
775
929
135
961
831
629
201
402
321
5
436
301
156
727
925
644
993
25
605
497
744
952
808
724
249
785
897
163
160
427
705
162
359
796
745
11
971
94
685
601
464
921
407
735
636
857
553
505
494
707
274
515
606
476
97
400
539
125
702
602
823
80
474
661
774
350
166
698
950
297
767
954
906
782
102
523
402
329
412
132
937
561
513
687
61
809
511
253
247
458
252
829
872
385
797
176
974
303
773
599
674
927
836
261
438
821
666
4
897
147
100
786
363
989
192
903
590
100
641
105
828
230
180
418
395
59
555
818
326
660
234
135
609
821
19
869
502
939
340
227
172
678
194
430
417
9
917
80
282
769
38
418
344
678
42
137
160
471
548
247
196
775
888
7
730
388
923
477
935
431
385
782
86
607
359
378
606
682
211
966
293
319
63
816
691
950
598
46
904
944
97
368
47
126
937
668
727
159
974
419
670
429
510
932
74
554
527
709
308
65
196
754
848
279
207
258
807
856
414
570
56
748
825
463
303
656
626
402
544
96
638
215
237
127
749
172
538
68
250
690
558
664
444
413
657
839
131
798
806
515
422
308
964
739
451
275
843
140
470
388
515
112
919
760
808
126
812
53
386
637
353
198
457
966
862
242
415
234
344
806
266
901
652
464
210
481
366
550
829
676
347
9
96
389
190
589
210
952
447
233
265
291
324
845
148
98
790
324
653
934
606
722
104
345
918
865
176
307
807
71
924
341
291
43
270
528
824
91
914
636
803
620
209
637
110
871
328
24
794
896
302
923
530
788
264
985
358
14
585
336
538
152
549
707
434
902
946
769
116
22
183
349
820
379
555
787
418
94
687
316
557
938
59
270
626
576
748
492
12
323
5
745
826
277
371
652
548
878
155
419
571
103
258
372
588
888
350
135
472
658
59
505
876
298
667
505
194
806
43
93
239
745
584
172
59
873
100
621
952
185
545
703
831
27
433
513
200
940
611
478
172
331
652
523
755
819
707
466
812
98
197
567
922
623
662
889
755
921
905
65
809
116
100
256
94
837
121
407
719
99
663
109
973
589
320
829
983
11
961
910
879
455
940
693
213
503
873
55
163
56
886
626
669
553
914
319
837
698
627
449
943
201
195
736
470
461
532
403
227
774
40
45
924
166
334
8
848
852
798
80
826
819
718
701
934
252
24
960
276
525
378
141
533
966
616
405
592
11
635
44
218
169
748
515
681
870
193
164
178
536
826
598
688
853
805
675
713
201
695
507
69
394
803
980
693
321
374
952
739
431
697
647
997
368
950
175
264
644
56
931
859
823
863
706
827
884
636
331
109
419
620
350
604
875
182
924
317
801
27
918
478
674
361
874
913
736
718
516
598
26
893
591
851
347
358
819
228
579
206
943
47
826
258
945
507
269
154
791
593
586
756
500
408
296
901
360
312
752
554
804
380
986
589
899
688
440
833
535
2
450
953
875
675
298
875
786
287
351
546
858
223
429
978
598
122
351
914
130
227
338
441
374
913
607
487
366
206
150
994
651
430
495
727
893
331
239
849
960
675
532
114
329
593
738
452
787
499
471
675
315
699
513
615
592
337
274
308
455
909
711
573
590
100
449
753
589
856
620
728
436
596
129
650
301
488
649
994
515
456
984
202
398
449
946
357
57
735
495
106
915
119
969
545
789
31
468
533
332
645
396
838
969
203
64
662
174
409
75
700
284
384
994
602
249
895
239
262
757
894
789
762
650
159
268
581
775
568
917
401
334
104
786
106
336
399
585
849
667
339
879
476
774
974
154
340
901
234
100
823
83
842
351
10
932
861
93
226
761
517
496
370
333
240
977
227
959
490
659
756
328
895
758
867
776
742
487
599
117
499
297
854
262
35
348
418
958
640
680
719
31
284
395
91
588
407
250
910
818
469
563
458
300
136
516
875
538
947
663
674
379
14
624
161
605
553
618
369
13
192
402
660
513
63
318
93
859
522
778
213
37
385
605
810
629
648
651
900
14
96
468
417
634
2
365
301
348
438
833
989
335
552
814
291
460
928
286
782
130
502
29
967
130
237
594
721
443
491
463
144
347
44
765
71
179
649
673
362
728
850
936
706
619
61
626
481
827
710
535
771
649
316
858
417
420
661
797
441
598
795
810
429
597
674
596
732
278
950
865
509
939
620
803
451
799
575
830
207
158
31
938
873
767
840
620
882
299
785
14
547
749
221
307
645
522
304
844
458
287
288
610
17
851
124
436
592
737
29
313
643
422
523
481
99
206
128
186
497
191
861
112
238
951
424
29
204
657
324
858
53
347
877
544
576
883
682
511
336
843
231
35
707
180
703
542
950
169
549
53
760
703
310
322
773
438
286
242
700
808
172
417
550
572
277
359
97
652
994
512
222
369
471
713
465
679
613
365
962
147
239
877
462
563
371
310
311
261
421
15
248
831
491
365
549
675
577
316
268
938
837
63
522
79
409
19
14
996
385
454
611
840
824
332
307
436
766
195
27
590
30
881
952
65
201
97
831
374
65
478
196
250
470
911
908
726
720
66
667
352
865
22
900
189
112
841
247
350
929
573
412
761
944
573
860
84
773
390
307
97
75
995
654
434
754
603
370
810
514
323
417
23
349
126
421
451
441
965
111
107
446
16
605
138
673
422
563
228
968
344
93
759
217
719
986
253
461
912
403
98
609
922
399
765
53
96
289
946
992
969
275
907
626
842
205
104
528
452
107
519
584
539
310
261
718
703
939
591
239
833
181
871
801
381
186
381
216
909
950
254
370
705
31
614
767
928
735
249
922
143
960
794
133
321
278
653
229
794
712
61
161
262
215
505
196
662
788
330
151
827
130
733
940
974
815
219
479
323
159
15
208
651
581
671
363
756
536
639
939
999
887
413
318
190
925
297
553
416
846
958
58
353
382
554
631
739
933
976
972
386
196
541
659
431
593
130
104
200
213
564
838
881
114
139
818
146
436
402
296
924
684
840
688
247
634
955
217
670
276
527
911
284
971
870
338
526
709
422
461
154
329
503
258
2
157
511
74
304
371
277
412
618
323
485
173
66
939
332
334
144
660
359
399
149
378
260
244
54
61
207
981
517
908
405
281
308
2
677
997
438
147
66
651
256
508
791
866
417
657
700
752
786
277
566
689
883
229
338
939
237
624
682
986
994
678
470
934
852
15
903
478
384
48
693
632
631
281
699
322
930
116
206
675
448
161
188
88
183
197
761
58
210
946
162
623
291
966
460
664
906
805
665
791
575
809
69
480
598
895
234
517
372
988
575
165
389
824
918
117
680
602
58
273
309
310
468
473
909
219
932
671
994
369
769
891
709
854
78
142
31
892
180
119
84
207
284
605
14
499
180
330
702
52
629
955
159
200
763
941
688
177
961
210
49
256
495
457
322
226
989
119
831
268
552
264
537
174
119
846
797
200
975
681
206
365
498
846
141
736
101
419
942
906
422
754
947
412
181
941
259
924
335
470
574
672
912
132
890
294
98
869
177
381
966
18
397
459
332
36
878
358
819
301
593
19
6
765
459
935
152
384
695
343
795
197
538
6
426
228
836
2
351
789
817
777
249
692
646
747
888
127
364
264
610
441
468
792
448
808
673
293
320
689
217
164
65
827
762
402
878
668
420
646
203
920
524
887
794
859
948
780
981
931
685
162
431
227
395
605
465
490
814
177
471
969
773
358
403
