26
297
9
1110
30
49
1542
1180
2865
1266
1374
1183
83
81
1540
1978
585
1040
1
364
2
1016
1495
63
1
1
23
542
978
2798
148
2352
1126
2793
1197
2030
244
956
46
743
6
12
42
147
216
194
102
1028
155
1
709
2881
1027
229
11
831
7
1
163
2652
222
74
1
37
346
1493
2491
20
1
1260
1912
1824
110
835
749
1514
12
1284
896
340
449
38
180
93
1219
1592
2481
2067
10
132
44
103
978
1514
3
2186
535
529
404
465
653
139
2964
1086
11
2555
2421
20
1695
95
21
68
1
78
544
2050
1375
4
1216
1747
875
1353
1327
299
112
1
57
6
1231
1066
1668
130
49
169
181
277
31
828
294
1450
42
76
68
250
222
79
1243
537
385
1240
1928
71
104
2358
1894
2764
1501
1369
1170
424
970
1436
912
605
15
1941
2309
1727
2
195
602
5
281
1
341
118
2796
616
2443
188
189
248
16
1869
150
255
23
471
78
59
2188
11
249
2
58
18
644
950
74
59
1
2051
1454
26
2694
95
2
1
1324
604
189
87
66
1162
13
12
40
2
39
1604
19
24
270
79
25
2622
404
523
66
1592
508
118
1858
1383
2278
1527
4
455
538
67
4
1921
26
1236
45
1
23
925
1473
800
195
1153
680
273
198
844
20
333
670
1230
640
119
81
2715
94
518
2
79
96
1567
2411
27
918
2343
1951
4
51
186
429
164
1417
2160
997
147
104
161
1
43
33
134
181
2517
481
233
25
4
897
1337
674
1872
903
28
6
1922
778
1855
1947
83
1616
5
232
468
720
701
1743
1923
3
14
58
464
4
1
2463
89
9
2047
333
1598
1090
171
45
22
433
1383
2870
2495
469
1255
44
42
4
557
21
2927
888
8
375
7
150
37
10
789
10
110
864
404
24
154
1
1149
1701
184
8
10
144
1633
39
1
5
270
1
47
1643
1662
833
1063
611
2253
5
1296
197
386
276
366
541
125
491
123
2678
2317
205
6
2229
1283
11
108
35
1004
2
77
9
1154
13
127
120
1650
1310
1618
80
1295
1485
346
1045
1876
54
2605
4
119
83
10
49
74
2
26
319
2204
34
458
92
311
65
77
498
2
2693
92
4
2718
232
1509
58
318
371
281
55
86
39
2574
346
1991
155
171
6
1
4
2670
74
27
116
4
79
78
1027
197
83
1431
503
83
2
9
490
2094
2948
945
1526
1939
6
2044
19
100
1642
55
800
224
19
463
21
13
587
402
6
747
135
78
398
603
154
51
119
4
1255
14
50
1843
408
1
260
33
7
572
614
211
73
1704
1415
58
4
2124
980
13
347
1008
58
2127
274
294
200
12
23
2536
1025
815
767
364
271
2
911
357
1984
553
487
603
1658
37
132
20
2557
2077
4
14
38
228
58
499
225
619
153
119
480
46
126
111
12
71
859
3
127
297
3
6
1696
338
1217
2
64
53
712
43
9
8
43
494
551
785
212
2327
240
76
3
137
6
33
394
438
75
2718
1796
2726
28
4
13
228
240
2550
30
67
11
22
32
1442
290
243
1637
192
48
1880
83
1
1
966
2
1314
9
2332
938
546
56
403
1404
1601
2
74
1712
32
1433
2454
1768
2520
492
1560
241
1792
193
1354
3
508
843
1469
1
5
285
2
1374
2260
1856
5
1143
33
1283
1102
4
2218
11
48
1718
1675
5
848
303
1002
319
2615
3
175
366
2
13
25
163
1262
25
2863
227
87
2326
1646
856
2075
461
1300
1344
1
1
1251
561
1623
29
302
1
6
4
79
369
35
19
102
328
342
1400
701
94
915
2016
214
2649
4
73
333
264
807
1229
34
348
2479
3
2682
29
1431
293
90
1081
120
2446
2
2
226
252
1958
50
57
995
42
40
2800
2205
374
292
3
5
2088
463
7
1
1297
398
169
1631
1895
409
1
219
29
2
26
2512
266
365
382
49
333
207
35
2149
387
2679
62
4
2
160
201
739
21
431
31
715
3
624
178
2014
751
112
2193
116
79
1
129
746
757
66
2220
2546
108
2
137
183
177
60
209
503
62
2090
408
2735
2926
2409
2835
639
2608
166
21
395
2129
46
476
455
212
1478
20
1
630
2550
7
2918
4
403
484
1086
913
494
24
1073
31
1
201
104
30
460
4
110
444
1287
150
279
917
3
10
2581
196
564
26
21
7
282
769
62
109
2037
597
210
1916
1
1065
25
163
6
586
312
7
304
1630
1
58
878
199
23
356
2
1677
604
922
668
665
209
1
146
75
2498
1102
281
1732
10
1278
528
1507
1081
2443
4
276
955
175
3
1648
685
247
309
27
631
125
27
2725
2
5
28
1816
2835
261
396
15
16
428
890
1
2110
15
2
286
45
11
375
316
2
1
143
874
2348
184
591
13
5
107
108
175
769
81
1
225
1777
599
189
55
358
2415
944
217
22
7
4
17
23
13
2382
1866
9
890
1281
1017
123
917
524
1666
304
8
395
377
170
5
1049
985
304
265
655
21
665
1
2120
16
198
417
39
22
44
996
27
1580
330
674
2317
13
1079
422
723
153
937
547
172
24
22
86
2588
2396
1
2940
751
18
1
1740
57
382
20
107
1146
202
1390
1834
55
1
186
54
551
238
2096
1857
2939
1858
1895
1534
1053
40
9
1
17
31
25
128
9
11
24
453
1517
2490
1531
1912
287
841
129
1774
136
1806
5
1342
132
257
1055
1220
1427
1873
58
745
17
20
6
4
398
58
10
460
6
721
60
308
4
27
1182
142
2644
626
2
1557
255
1
2353
7
5
259
23
143
347
45
2456
3
287
980
401
219
2333
22
649
2
176
650
18
311
367
2678
2
725
20
176
1
2295
596
17
142
19
209
6
778
2629
138
113
498
64
1507
83
825
449
2652
2449
1
685
353
10
276
260
2964
2317
81
1828
93
214
2566
548
1
593
1
1482
1849
1
1121
350
8
17
2530
1478
1863
419
566
1223
441
296
200
828
14
4
229
1582
984
674
6
445
1083
1553
1504
793
154
338
5
219
17
328
2
331
307
44
581
2709
1678
2729
1678
428
3
6
1510
2279
590
226
1782
3
1455
833
13
177
351
1153
230
2197
1114
49
5
90
515
2594
1787
2994
85
1598
1642
773
199
70
735
184
2228
646
2979
2069
121
10
1
335
2853
2218
2901
1846
11
82
1718
1595
70
1022
421
62
10
2871
445
452
91
1001
188
1422
1
2287
227
266
56
625
170
48
44
62
86
1012
38
2669
497
1701
1674
271
292
671
923
535
14
181
191
488
26
25
769
1965
2699
1794
13
1318
1972
1
34
592
36
2598
25
1
1573
220
67
2819
1062
646
662
443
798
230
2652
7
86
2406
124
483
998
1399
26
992
138
139
1
416
146
4
1258
322
294
23
57
762
927
1162
1183
1947
1
3
1166
8
20
1908
16
1185
12
173
659
48
106
6
43
1472
4
908
339
172
894
81
1966
1673
117
1
37
2
2445
23
2
1627
9
235
14
137
275
1390
379
550
1267
964
482
459
961
2976
87
1227
2219
724
2
56
8
1336
1528
41
281
1845
39
32
168
454
95
9
1642
30
569
1433
1609
13
138
614
2163
18
796
450
32
10
74
337
2282
6
32
179
901
1
33
1993
798
2234
773
10
19
1336
718
1
1
36
37
1747
4
2822
580
44
226
891
2277
170
941
2253
176
34
158
110
1858
582
2949
39
1977
34
51
2409
13
1
680
209
624
169
475
1
11
2125
287
926
629
3
2341
40
104
1484
399
10
2277
1
1
514
1944
1876
1054
924
223
6
3
1
51
2109
1570
363
3
463
1312
1282
299
51
1245
1134
313
2529
7
1048
378
1399
1434
468
19
476
1133
4
3
19
283
125
73
1828
856
875
24
606
1
1800
123
84
34
51
2236
476
1091
85
85
1677
1
522
421
950
1
453
525
9
396
61
247
4
1012
138
1901
178
287
411
1270
545
707
1
25
686
343
1165
72
1445
2716
106
35
147
20
126
22
46
12
994
910
409
11
93
43
324
575
14
25
2943
181
336
3
123
7
80
2382
534
9
2477
1
39
6
1377
35
132
1255
237
2
805
18
102
66
1502
486
74
460
523
26
2
54
313
422
1274
17
500
477
38
41
10
183
1268
2840
107
9
15
325
949
7
2843
335
505
2053
83
867
37
18
33
69
109
22
881
336
282
197
842
42
1670
169
2899
1853
388
82
599
36
122
2
935
1751
125
21
2949
2234
1606
2773
30
114
21
1127
2657
7
17
741
547
792
1057
262
1427
2483
744
2813
8
1
15
514
305
155
51
2
44
24
1008
5
1067
122
99
2294
1082
1
1556
230
1265
1
498
2
12
369
1514
333
107
75
61
2
506
227
45
29
185
31
298
3
387
621
46
18
31
98
1062
1
1783
144
100
214
1079
531
2021
74
111
6
2658
287
17
718
31
101
1708
107
10
283
24
14
339
47
1183
58
494
535
182
79
149
1331
13
291
1849
2293
2784
1180
5
37
1991
39
30
6
287
86
2121
98
2732
2630
10
5
242
411
53
4
707
497
2054
1511
638
1
2858
440
10
56
741
441
2209
491
4
2774
541
1339
158
114
1199
978
2
2016
2602
779
944
1643
1088
2693
576
543
89
50
997
334
2106
504
905
9
195
53
2933
2471
30
7
347
589
2351
1138
620
2907
678
525
1
12
358
179
1095
2309
1587
545
1227
267
35
1110
14
83
2736
5
549
2918
5
3
25
70
3
30
2843
2
2152
2845
128
343
1389
192
716
523
392
505
1088
523
1606
621
2428
1567
931
1184
1
203
385
400
1318
154
25
1006
524
144
2381
2477
99
73
212
678
494
306
95
1620
2531
50
434
227
1486
2392
709
271
358
61
1
2250
615
248
478
2639
1050
1658
1339
8
62
287
10
1
26
90
8
950
1523
1568
71
4
1388
245
27
30
173
3
575
655
50
1649
8
20
2
47
133
374
2
2096
2
384
6
900
2
3
13
302
231
1008
1230
225
643
210
92
2292
1899
2455
132
467
284
15
983
674
6
15
15
238
1229
38
733
2282
1781
820
44
1460
6
1800
154
813
1708
2
83
1
2281
767
564
55
591
857
32
304
574
1410
555
615
1976
562
2960
28
4
14
28
124
1
2487
75
25
1460
649
1436
149
33
790
18
360
1332
37
228
1600
2706
5
1979
775
886
1787
462
1807
46
1212
804
411
421
1524
1682
1
222
2466
275
1
81
245
160
780
657
141
36
1463
1964
1280
45
10
3
565
2930
115
18
654
298
2341
185
818
2333
2760
319
1414
1726
462
22
107
3
202
2803
29
615
892
167
421
93
161
59
126
743
299
24
52
1268
37
2667
950
569
1792
199
397
1180
11
287
294
22
2774
30
166
5
140
2604
155
1301
1819
33
1
1
660
147
115
116
1
397
4
156
147
1531
2503
1213
1695
969
1875
59
2790
1317
2167
15
2558
1359
13
644
265
21
1477
1719
1571
208
9
94
2566
17
81
878
739
2420
2579
1736
198
4
744
232
9
2589
30
192
232
86
11
2
68
310
2639
2
745
1166
973
16
317
772
45
10
718
1977
1158
2837
598
124
5
1118
171
80
1151
1222
1
139
602
1249
2334
59
214
1
1681
1488
435
1596
961
94
1903
1466
80
22
38
73
20
1138
91
625
2321
224
770
6
37
212
931
1360
382
363
9
2885
239
8
136
1155
558
239
483
1785
9
1426
33
2686
1130
2883
760
36
2423
14
1733
24
1680
10
1162
666
1274
92
36
8
92
38
1997
52
2
9
360
34
179
441
1
3
326
1515
1
42
88
49
97
9
1008
207
366
218
14
265
1049
4
41
1074
115
24
17
26
104
14
81
1884
3
116
1625
821
707
36
12
1606
2984
711
27
813
67
53
2642
621
418
125
2710
2
44
136
141
119
386
2566
1236
142
2980
241
126
478
2555
9
570
199
1038
2593
1528
735
2
291
1432
1829
3
71
217
88
2
1
53
514
208
5
2048
926
640
2627
90
2220
812
4
8
463
8
579
172
2174
2162
318
859
7
1
10
140
185
91
176
67
69
2592
1722
236
3
1800
136
227
701
1751
70
1247
2466
259
1863
623
597
865
1422
20
337
2
40
2469
10
2686
156
1615
220
280
2192
411
34
1497
281
39
1026
3
1
210
1983
8
860
59
2903
771
10
90
186
14
1
8
25
10
832
1285
1232
32
2379
114
146
29
677
1536
1
448
62
42
59
56
101
2189
7
466
676
104
1460
535
531
94
2
264
2801
277
1802
324
829
187
285
112
704
34
2901
1567
579
1033
57
235
90
2576
1121
1858
305
2
2422
1630
1752
7
880
2041
2441
200
10
109
16
164
41
339
1893
302
260
998
52
410
22
209
893
1168
3
777
739
479
3
12
2424
2358
322
1597
1
23
179
361
46
157
14
167
2316
194
828
537
314
277
12
78
723
2114
106
1
314
37
17
91
744
932
65
4
28
567
63
1445
11
215
725
5
1272
339
315
2552
37
32
1135
1798
27
2330
130
1015
2223
18
1770
2539
19
39
2698
42
74
1686
409
2597
16
34
1025
2340
13
197
209
625
105
812
19
26
318
17
749
73
2130
1599
2093
4
2158
40
54
1
182
2930
48
320
1169
710
6
166
408
489
2256
1916
1079
261
2316
1030
38
19
526
34
1900
874
124
471
137
2509
1156
662
157
19
10
16
911
2398
2279
84
10
1754
200
1
59
1213
7
17
81
339
2184
1804
1776
10
7
1194
818
492
345
204
874
2209
961
68
9
25
287
1938
710
17
1439
1633
174
176
478
197
2
2142
117
1
834
4
1136
31
20
2929
2
2508
389
90
1222
8
56
274
876
1185
214
1
3
37
340
8
2642
289
2045
2377
706
5
2755
875
9
10
913
76
370
1057
61
103
1259
19
166
1347
246
80
20
30
52
400
55
2892
83
1
799
52
170
570
7
3
5
2279
1448
6
194
1861
35
449
38
2205
2301
2
970
1309
498
6
97
2879
1316
3
14
38
1734
640
1269
160
3
31
326
71
16
49
8
1386
1880
89
1384
357
779
850
2650
112
410
106
1898
264
1
1586
1974
164
1060
1019
101
419
5
227
128
189
90
4
1
899
726
650
10
32
2276
291
2
1
132
1992
1861
140
44
2
2803
312
223
29
665
97
2
1831
1230
379
2692
601
1
11
183
2735
1957
206
187
735
366
257
23
243
9
4
22
2812
1567
32
100
870
409
41
724
70
295
2
56
77
248
13
368
200
206
13
32
1058
117
124
94
8
2080
52
184
1
987
325
30
13
1
178
1493
19
13
114
108
86
269
449
1422
2356
1688
2
216
48
767
133
1
1373
2390
156
395
53
886
1
223
493
5
187
746
2165
77
6
5
143
1
743
1189
2090
327
153
2399
899
55
25
2391
15
13
2590
2299
19
1246
848
1
42
9
2513
106
2
302
7
3
13
3
36
702
1557
2854
72
1141
857
781
11
1030
60
10
1328
81
202
9
19
5
46
1244
134
2178
13
266
12
1
1
415
1142
1161
808
894
1
991
253
2383
103
487
348
110
1858
61
3
104
5
1973
2734
904
307
2793
1835
31
269
1126
3
169
2673
2
10
1425
15
63
1
2771
5
1042
546
309
96
92
22
523
1075
2938
248
20
1340
2
28
2141
37
92
103
2613
2543
1822
1
7
18
2390
12
1727
134
331
315
2280
18
43
1158
141
1877
126
70
1297
21
3
897
2063
81
2367
3
1697
2358
3
173
144
397
219
1
622
14
814
1
106
62
489
1
9
1932
396
118
444
4
22
10
137
11
8
2870
126
19
39
896
749
1622
238
2428
1488
49
1
719
3
1
2397
138
450
6
23
138
1359
155
167
3
5
1
2251
2800
929
635
19
707
729
2537
83
2290
12
1541
8
50
216
2709
178
198
492
2806
1456
3
111
386
33
7
2006
250
261
858
126
23
1074
28
2014
2869
916
26
1486
851
784
1903
95
142
1567
36
1264
1571
277
14
22
24
2920
224
78
2517
3
2735
2866
149
64
599
36
4
1219
184
1
1
1129
1599
786
282
1186
151
590
329
2185
4
74
447
130
161
4
657
1329
536
890
314
2335
615
2484
205
1
1
200
2828
45
2200
89
2
1958
57
82
2975
639
664
1
110
2399
656
801
2
1593
2
442
5
343
634
1640
2991
1243
155
1776
30
409
74
1200
370
1062
702
2127
3
9
246
665
53
194
592
1
100
86
5
203
383
29
4
37
1898
1291
1125
464
11
37
81
114
893
64
1220
64
1422
1024
1878
1
67
12
2072
1210
383
3
1924
2029
2
1
15
11
259
1767
590
6
21
3
516
47
676
16
2
7
547
50
1839
49
228
2958
964
212
41
12
626
636
92
380
540
43
578
738
2552
697
2485
525
1223
942
566
201
562
1118
2770
2672
771
104
1411
1
1285
2366
1310
712
101
24
189
688
181
3
12
70
1266
17
867
300
1336
2
1312
311
1116
2
1
1
20
4
131
618
1651
143
647
95
474
205
13
53
332
182
469
24
4
1811
38
154
283
23
824
1251
496
9
64
1135
196
91
71
18
56
2705
782
261
400
352
353
2
408
1961
1142
1065
2500
240
168
7
216
51
57
41
367
107
1414
17
2996
1444
16
55
88
172
149
19
304
613
529
4
2600
65
945
1358
91
2918
80
1384
2338
42
11
27
800
144
1940
1
1373
24
391
145
92
2385
480
3
2
587
1162
1
724
88
1912
2565
141
2011
23
135
688
82
4
91
242
1847
2
2231
1273
1
2930
2509
1836
1087
1626
2214
201
30
2
2
37
248
170
16
209
33
505
43
1928
293
414
1064
21
2766
1218
1876
422
51
327
1476
2
1208
26
911
217
270
2
2242
1161
123
2191
882
1354
1182
955
155
62
27
174
1366
3
518
41
77
1
140
184
2825
3
46
111
353
1
1642
3
1081
83
172
359
264
120
341
4
476
7
228
1124
642
1
716
211
24
756
1742
4
298
2228
33
1
313
978
848
1
520
1
31
300
1957
462
2819
523
688
1
159
130
1
62
296
20
188
1419
534
1508
1840
856
1334
2860
1
1377
2995
626
249
76
352
21
1103
103
1677
303
226
4
55
784
1584
778
2444
2
2
643
1516
129
14
24
1141
42
471
1094
2
1
996
2380
15
21
569
2577
8
20
2190
198
2
58
306
17
98
458
14
18
35
2
18
12
42
217
2451
2389
33
26
84
1
24
814
4
831
904
538
118
2882
1903
4
1144
277
82
191
2158
2969
98
3
2563
2367
2093
2427
1091
1630
16
9
282
945
237
2706
1034
19
49
2267
158
924
46
4
740
711
2033
13
204
15
478
304
1781
398
2481
1505
851
56
1
1411
82
3
1566
694
2144
808
287
17
65
2675
2767
1414
1
2877
901
511
16
151
20
4
571
589
1811
1660
1115
104
242
813
7
19
4
37
10
214
2845
63
446
173
1592
28
7
2443
27
36
958
762
296
386
4
78
273
619
1
1304
4
744
51
1
16
2
1
32
2
7
1037
3
2727
4
171
1063
15
2730
423
410
607
131
229
2797
905
109
1775
558
365
1
242
135
2254
95
13
17
572
1218
560
2851
16
1
86
1367
52
1125
78
966
70
13
1244
608
13
6
126
689
271
819
2210
2454
166
8
374
457
416
3
1660
3
3
14
1
989
2712
131
1981
505
1652
19
94
85
2373
3
4
104
1734
104
373
46
2368
896
208
367
133
6
2026
1281
9
1913
62
1129
242
51
171
903
153
333
4
125
1
198
363
10
452
3
897
64
11
1222
244
353
298
2005
204
977
4
70
1
1259
743
774
34
950
411
759
102
41
1896
665
27
1
881
1913
151
70
2
856
28
44
416
1181
1719
1513
1223
25
508
2143
206
2526
2005
2175
6
199
1523
1943
2780
24
1828
185
55
1488
1532
1300
1049
488
669
7
494
347
2987
85
1277
1344
559
11
148
25
1709
588
154
948
59
2273
202
208
1884
56
188
314
2
2461
343
2039
3
108
1513
466
218
14
415
135
71
767
120
4
820
1518
2109
261
3
2990
330
7
66
1682
807
200
313
98
1
4
364
886
372
427
150
328
2602
569
1977
4
943
540
141
5
48
1000
2328
1
4
56
1626
44
781
680
2576
1990
97
27
1423
11
12
169
650
2828
71
4
553
1256
20
107
20
1984
125
1
2531
804
783
2
13
1998
138
471
339
1255
2441
70
1028
1226
134
1973
180
2231
813
368
174
705
53
95
565
141
1205
2904
2386
24
1
4
2443
40
1266
321
15
976
2755
195
178
15
179
146
945
83
87
2128
2597
207
962
124
2622
19
1004
209
1208
96
371
1056
27
456
1447
1247
402
338
2882
24
236
148
1154
354
2
15
75
1692
1033
511
123
1
318
469
2113
82
286
1301
533
2445
336
188
1145
271
174
1228
307
1
25
350
1761
7
211
134
132
30
56
971
1037
1029
256
2275
7
639
3
226
407
9
985
100
27
125
18
1
256
3
935
425
21
9
15
49
2991
1283
1858
227
650
122
1185
606
223
299
908
35
94
1979
16
72
2485
114
507
288
14
7
175
1
2358
11
5
1588
395
407
2165
492
4
1407
1
2087
569
6
1
2483
29
531
951
750
7
130
7
5
191
2019
43
1637
616
41
754
5
3
6
173
876
1916
1036
549
303
43
564
19
244
1955
11
241
2580
59
2911
2780
2112
2
1
156
2707
128
226
5
51
391
1242
18
545
25
2632
2623
1783
70
423
1172
1178
1342
2567
67
12
2
192
1344
1398
1
909
117
11
1801
79
365
18
1321
152
453
389
1324
2282
84
1144
63
13
253
312
2896
1168
77
225
1438
1688
15
1127
324
1662
30
291
332
1344
238
293
2201
58
2386
1673
183
5
1506
6
3
646
1888
891
254
804
2466
161
6
281
265
155
609
1
2872
4
7
892
2
2
309
302
4
1424
69
1828
2646
2001
2413
505
239
2
2331
34
174
1903
76
306
565
416
620
2172
182
59
2
948
31
2547
35
892
1283
26
23
45
2398
2552
1406
2295
754
2762
718
843
159
2033
2
198
393
31
1598
1637
348
2530
228
95
5
1843
1
27
1367
5
2769
1
30
159
5
390
726
852
22
39
2739
915
127
123
3
995
2163
123
206
736
21
281
1682
183
3
1
479
456
117
20
65
355
669
640
651
59
274
1265
2204
765
381
22
1712
440
189
852
1158
2579
14
1029
3
527
5
2
4
3
1673
1741
138
5
2303
205
346
36
257
1911
34
1337
69
621
267
1426
23
338
1
188
1641
2402
492
305
75
605
844
38
736
88
277
2666
235
2101
404
2140
11
834
1946
776
790
1129
277
1407
135
124
17
2052
480
11
6
2060
501
990
249
1
374
36
3
2234
573
771
1000
123
1
2340
44
3
1195
465
368
520
2987
868
1082
1319
401
37
513
1498
224
581
12
2258
72
1059
521
2744
1919
82
992
2782
230
25
986
1897
1826
1179
79
1106
14
2204
66
355
385
8
17
67
2455
762
1977
2657
647
10
1
23
2901
2907
1706
699
1866
1
185
504
1774
2455
38
244
112
2
2769
15
560
1012
1
1183
680
328
1435
4
1251
297
163
75
2168
1645
335
256
1393
127
336
3
216
782
77
451
1
1686
221
21
136
2
519
889
2203
2345
294
633
1763
3
41
1463
2
1
29
361
370
2490
12
899
2874
2821
2399
11
2
32
329
2776
1160
14
299
25
1959
16
248
211
26
183
173
3
2059
32
71
23
1924
194
1744
450
2883
324
7
440
1010
18
926
94
895
5
288
1050
962
565
308
2417
578
805
3
278
1008
1287
4
1789
1
1
2
91
1133
292
175
2
208
53
961
1273
2
1465
81
1
8
1350
2100
1706
97
295
2
14
1187
387
1442
2126
996
1760
266
461
691
17
2598
702
995
1973
1773
72
125
191
10
510
183
1192
161
14
1227
470
1118
2605
69
158
939
66
32
1217
182
110
964
77
1446
456
8
145
7
5
1
1
341
698
505
2157
416
296
575
2468
2126
4
1
741
265
1686
2
2742
2765
89
9
712
603
21
28
610
318
491
3
7
2733
1232
70
2310
2
283
2944
13
2
5
43
229
2278
2747
76
921
1121
528
628
298
5
2279
1516
907
1409
190
122
597
402
76
1528
1
3
14
237
385
124
69
2
6
682
1398
1690
16
452
203
292
2445
29
2532
906
367
56
1205
2180
2244
163
1988
2304
7
22
46
1350
2
328
1858
775
45
117
31
7
140
248
345
163
103
251
144
961
8
41
15
76
129
81
16
295
816
3
417
899
521
1172
800
8
16
262
963
430
2
933
1
7
1335
489
2428
532
171
1241
94
1386
161
146
1845
349
13
195
47
113
71
60
517
492
1
27
550
1173
616
1878
743
214
52
253
2364
86
63
129
1487
31
574
33
2716
113
33
2
2851
295
12
242
67
701
168
191
143
1457
1241
1863
16
2967
1876
1104
1661
366
26
17
428
417
50
218
434
2381
996
109
2537
4
1219
280
1462
10
2453
540
340
1245
44
463
2606
4
713
1213
1272
1680
577
2539
1607
4
692
629
2
38
410
161
90
15
16
29
1688
1454
592
8
1827
25
874
12
10
15
126
1653
76
35
89
12
305
35
1100
50
2742
240
12
322
107
96
1
614
1376
1211
1084
2984
1374
522
6
32
2
181
857
2
96
20
2877
583
507
44
207
1164
223
87
334
272
799
524
22
2310
2256
382
136
1092
1
1536
1826
76
382
2065
2013
43
1438
1359
1748
2056
2824
1103
3
278
135
661
1002
194
581
401
69
200
166
1419
2974
94
808
545
70
507
42
1175
787
323
1393
74
2
49
2802
489
7
6
13
37
20
2497
2559
73
8
73
150
13
1835
1314
272
273
540
18
5
564
1
1971
77
1654
86
1322
623
1955
511
2364
2
216
1842
2365
1519
357
9
2877
1073
838
415
2126
544
41
56
16
2226
2710
92
4
2
610
1301
7
2755
472
7
1002
2452
458
55
116
25
584
318
1155
46
610
437
28
24
2799
271
16
2824
2209
1776
1406
19
2329
7
7
484
10
1474
4
8
4
1472
1038
2977
208
127
2478
2312
224
1936
94
246
687
410
1
1913
3
716
5
170
893
58
310
957
2208
27
450
1331
1887
404
801
9
7
142
198
2638
316
6
949
646
9
399
52
6
651
323
2151
104
6
3
206
39
681
2577
60
2153
172
282
291
2137
1171
693
1068
588
2339
656
502
207
2017
211
2932
2148
282
335
339
49
1391
192
15
7
313
4
1275
288
15
14
2
474
367
60
25
166
49
121
137
2176
2301
1273
26
2444
135
1543
759
2816
230
322
58
108
436
181
1
144
3
387
809
1890
278
764
344
1531
2650
33
115
1337
394
362
570
1
12
2032
287
335
2372
1748
1536
1118
534
16
399
17
46
116
695
1
118
102
191
302
1192
11
13
285
530
1249
1447
102
20
197
289
1347
224
2
2
109
1
28
85
2778
29
842
2
2751
144
181
392
405
1601
966
162
7
2
361
571
3
2488
8
1177
674
85
1459
28
1012
116
505
51
12
2207
1542
236
4
70
1107
246
21
3
1231
280
1574
79
2768
82
2894
1420
1411
453
1384
20
112
118
211
611
23
3
2816
282
80
196
3
6
454
2
26
40
660
180
1513
1
1702
42
714
12
16
50
18
240
2853
1248
3
391
209
39
1621
1740
57
94
3
739
863
9
887
19
204
303
179
1822
479
226
8
81
13
183
11
671
14
268
12
18
2275
18
1298
210
1773
31
2114
71
3
200
2
21
9
43
2074
6
1843
1
27
19
312
24
2
503
903
190
12
6
4
2562
131
241
40
46
105
167
2354
101
104
573
1333
222
2
482
890
165
78
169
189
9
60
1272
124
1505
4
326
43
196
351
2078
2382
123
222
32
264
66
2362
221
13
141
447
1493
57
1511
54
1674
1760
7
122
1215
6
679
33
1029
73
917
17
11
838
2608
702
2583
962
1375
58
1670
10
8
149
65
1702
560
2587
1944
1812
20
2044
411
201
1227
161
2730
741
263
113
2
12
2526
58
407
40
1
93
419
1128
2651
25
1997
205
709
61
1243
36
317
1680
2361
105
1928
571
436
307
1
700
6
1782
294
89
2989
17
141
1897
2495
2860
345
3
1
78
2694
57
7
151
1251
9
977
242
18
48
877
876
1392
639
821
2172
2496
1587
3
306
1383
1
186
399
14
116
17
1344
785
1244
25
928
3
605
509
1
793
59
1794
165
141
957
828
139
794
1720
138
30
523
2705
2184
75
1288
913
23
79
310
1338
81
859
82
26
34
1788
56
156
1664
24
1193
21
1301
1
5
6
4
345
5
2830
72
2618
665
4
237
104
1531
858
445
1002
1258
2773
217
661
4
58
2198
2
148
221
72
1
7
308
224
171
1451
294
721
2
2456
188
20
35
83
306
867
67
1416
1111
4
437
2516
1170
204
141
45
5
1
3
2480
5
110
1847
1299
6
647
714
500
55
2551
290
100
1716
450
457
11
17
520
56
72
58
68
476
469
443
1146
654
443
35
103
2707
769
1642
7
4
76
1324
667
723
76
24
49
2588
593
1582
1207
10
3
1
421
12
746
101
108
6
609
2374
1216
106
222
10
1547
1
1286
1429
431
20
2722
341
498
1450
256
167
20
44
316
57
2661
432
84
95
306
4
1320
240
30
2957
218
568
108
2271
2
1727
322
415
1098
716
52
762
868
1079
112
803
2
399
2423
1511
1301
18
46
2458
37
42
384
829
2198
1
352
2527
8
1256
705
2151
804
1864
63
2356
2452
59
172
5
222
240
1
2352
18
558
2045
1746
315
2
65
2
427
119
997
4
114
188
236
2547
400
347
584
94
1557
4
1378
804
2178
1757
5
297
3
160
14
4
358
2323
27
1161
805
239
47
8
2294
1884
7
274
18
1984
753
1805
16
541
1
126
669
9
296
581
1722
690
559
689
2979
829
75
22
3
101
968
311
1933
35
262
47
1452
1726
2046
1355
16
251
814
50
326
292
1
66
3
67
196
105
2
1935
363
834
1936
1354
2004
6
2654
1972
128
232
2379
193
95
311
528
1800
3
2804
40
1006
1356
367
2240
39
360
3
43
772
529
515
2143
2
4
9
17
511
1612
59
8
1043
392
1044
1178
2400
1100
6
3
3
1068
1790
1663
139
344
470
158
2989
155
114
1512
88
11
6
78
20
912
1334
2924
2479
1040
379
1665
2
16
1849
8
11
2
307
322
1395
849
1
27
178
2638
1117
711
746
2171
2
2731
23
1478
2475
137
222
142
2
1400
179
1613
1577
1093
1679
2064
123
2407
1
89
881
1694
151
33
481
15
49
241
63
82
179
857
1
150
886
1390
2
855
154
18
200
1188
1800
1853
655
150
22
203
11
5
338
1897
335
2
1424
147
841
25
295
869
1191
1498
1255
348
8
1834
86
70
1094
3
1631
1094
2264
933
452
7
1044
399
18
1
32
332
1034
1271
2731
104
1
1
2040
99
727
2
512
332
139
1308
336
43
11
2
110
39
1
10
529
1082
947
1081
5
448
418
116
762
249
2312
490
602
2078
563
331
6
577
29
2528
1220
7
17
882
1752
623
743
1059
341
3
4
146
230
2686
1
2297
13
1977
40
269
4
603
14
12
4
12
22
669
1329
66
514
3
2784
38
1014
2349
296
6
452
673
25
463
1256
664
122
33
150
2234
10
2
760
166
70
469
234
3
5
192
23
585
29
577
340
1322
261
1396
387
61
235
943
611
137
2970
162
1
40
1
380
1115
284
90
141
393
44
12
1661
169
335
4
1877
377
49
903
1937
2508
1154
112
161
267
120
299
2148
2869
2043
1718
1232
906
2695
548
597
951
681
11
72
9
764
12
1060
81
390
2
82
27
3
1690
11
1520
74
663
139
1666
21
22
954
160
79
2674
409
1065
19
25
33
249
1317
2961
1108
45
11
317
3
1122
27
2870
25
550
553
2354
1832
169
1128
24
2735
75
1884
1
533
250
2105
184
2096
27
143
472
3
45
18
26
1024
10
68
108
190
2365
24
588
1246
12
34
1563
106
711
191
751
1715
119
598
590
59
2631
1163
873
70
3
145
2
154
29
35
2309
1989
21
1380
5
650
15
22
410
1
25
441
1039
2948
392
638
1206
121
1
134
64
223
312
5
6
193
44
244
2
53
1390
2794
6
67
219
286
1445
176
361
577
12
336
1758
3
2606
290
2
246
2320
42
1
970
306
36
546
61
317
648
1901
1
1814
15
10
1850
62
202
93
194
1
22
1952
172
248
59
423
25
5
17
2554
307
111
21
943
1053
818
13
1044
434
16
269
1959
117
2176
78
2306
92
365
1
3
24
296
300
22
447
1231
1
4
374
232
3
2097
1040
56
356
826
179
20
1
1119
291
1
17
18
1994
701
62
103
408
1163
1485
271
295
74
872
2026
894
1261
1917
7
18
1453
304
564
1
101
404
937
684
722
2292
279
5
357
16
1732
54
198
2109
11
851
130
19
2138
84
384
7
9
515
2111
2211
799
436
23
1635
719
31
410
978
90
102
224
12
224
784
871
709
37
270
2956
638
899
52
6
4
1704
100
375
1270
2287
22
46
101
15
16
560
407
2367
20
9
166
164
148
25
479
66
116
66
1033
70
2763
497
5
392
17
2445
1434
18
180
10
1184
558
2530
128
2307
1869
727
4
63
2682
2716
256
2357
2512
1774
130
1036
149
7
220
4
22
823
78
87
1
14
23
13
1412
3
480
42
151
721
781
2329
1425
721
1814
3
1634
49
1103
2
327
1331
143
49
58
1
2052
80
84
39
344
13
2399
601
1970
201
30
40
4
369
1561
21
2
21
335
76
534
920
1929
275
32
1200
217
5
1813
2292
1925
26
2987
879
817
171
50
6
222
928
2887
17
2143
379
8
609
1922
268
373
19
1366
250
1751
1
311
197
2035
37
665
319
4
440
10
66
2768
8
486
2418
5
50
57
1285
1420
2846
135
44
2085
15
715
2302
166
116
2898
1926
57
60
353
216
803
2756
2980
494
2471
22
68
49
35
101
2589
176
201
1452
1
1530
1021
2
50
12
1007
1287
1702
822
5
2440
28
65
2189
1647
98
41
2890
653
774
14
63
189
514
108
113
2456
401
14
53
2203
72
68
61
757
26
243
732
66
1191
2060
2542
5
151
100
183
556
822
659
1758
275
522
1106
163
2634
21
1766
59
5
2160
47
1186
216
1109
28
152
1235
23
206
16
53
309
62
140
34
35
33
12
2937
2088
325
1
557
2526
49
621
195
7
267
1710
1119
3
1300
573
799
229
82
31
622
1921
10
613
14
15
96
302
817
21
349
163
1680
1839
679
152
31
21
2330
1865
2545
241
21
2
825
710
1544
35
2377
283
657
1353
4
199
529
1252
259
207
181
53
1754
28
298
1518
2539
704
2904
66
1887
532
1290
215
2437
227
2295
1129
1709
355
3
306
42
2
424
4
1079
1
516
89
28
102
1664
415
823
67
5
230
600
634
19
201
2727
1284
182
146
2
1
3
671
907
1569
99
2290
35
729
344
109
716
1
1669
2546
31
2629
2140
555
1152
166
262
11
1901
990
59
680
1450
59
202
547
10
49
1092
481
2769
26
329
118
342
1572
10
1211
282
602
1
186
237
1
1
1422
1281
337
336
1
2132
1667
175
1271
269
62
1117
6
1184
917
521
511
91
1
857
383
1030
47
167
2
54
2227
2
8
546
2973
61
1707
35
374
1
4
1467
200
501
177
5
1311
2484
2
1094
68
58
393
2823
835
130
247
5
2904
71
95
1050
478
306
76
117
1637
468
1144
353
609
844
701
7
250
316
340
76
1
66
77
248
1046
958
167
492
2
5
904
198
2619
429
132
2
1895
998
962
35
50
463
1931
629
1
772
1254
7
1
12
17
2770
2
3
29
74
114
41
672
367
79
47
1
2065
9
2503
2
15
647
676
2855
20
172
2
54
118
2307
2432
1934
19
2326
2
717
2581
1182
133
17
2
60
4
5
313
1741
972
11
940
35
2
746
153
44
490
2863
465
1
1765
19
763
926
1772
160
173
416
4
1790
81
2231
430
37
84
232
377
63
68
2239
1
1517
601
17
13
1262
798
456
1
487
68
97
98
8
16
111
1349
44
2326
195
648
366
110
224
678
324
167
19
2782
2740
1007
37
2
1203
119
8
4
2690
112
60
2603
2145
1381
139
130
908
90
13
255
21
205
1
189
2771
25
1684
235
2535
92
2508
107
1732
1615
1
1689
24
3000
109
542
57
2756
7
1455
2410
2638
196
2189
1
2456
1440
9
1434
10
229
558
274
35
812
90
618
6
1769
1528
306
164
191
6
323
22
1501
1885
2132
1462
325
82
169
2827
137
1
5
860
2
248
428
210
74
108
22
64
2459
1
11
446
69
690
2258
25
840
275
66
1845
766
1577
295
181
608
6
1615
1493
2429
202
371
8
20
2377
1323
51
842
2906
7
90
444
90
1544
8
101
2431
186
38
476
6
2088
1
2525
320
647
567
1263
281
752
1
19
826
620
36
142
7
3
648
25
2346
818
82
76
2
375
307
957
46
173
2737
637
1
12
993
6
28
1331
1
33
409
128
47
1190
2683
154
122
38
46
1149
620
1413
382
110
2450
2
5
397
46
45
253
2283
2257
2191
56
131
31
142
726
1033
7
2776
2360
1888
585
12
6
992
1779
1433
2630
7
66
1811
10
182
1064
7
1044
42
193
1531
254
1
22
998
93
2212
529
56
349
136
46
2978
19
259
267
1478
18
508
1124
1497
121
4
305
1559
2681
569
11
1
255
18
532
5
670
80
32
1
115
812
200
2461
2
11
7
1
290
62
3
437
5
66
1
719
961
1
57
373
8
26
2465
324
48
3
1140
134
28
37
1624
1370
529
2
405
27
3
1519
99
1909
65
9
138
9
744
1840
409
16
4
151
181
14
3
2949
2472
3
23
8
413
82
541
83
550
2118
402
1560
699
8
1857
551
2872
29
887
513
127
60
72
2778
508
558
2052
1316
1526
870
2196
137
7
60
2362
1109
1342
2774
452
89
38
2504
290
2815
395
1852
392
32
140
95
6
1455
1
38
113
84
21
1368
188
2399
22
2
1904
53
187
458
4
7
1305
2017
1419
9
2664
186
596
104
2194
41
367
389
288
1417
876
49
2756
317
2252
202
720
37
120
10
21
2
1
210
2700
158
433
28
1
2435
1040
83
571
2904
2503
692
15
345
142
17
86
2957
715
750
2
70
2464
81
1121
25
2
34
4
61
1486
2938
3
114
734
161
22
57
2308
131
2023
231
593
264
302
1145
430
2343
20
702
88
234
324
14
186
2422
560
2396
88
33
389
586
119
3
2431
2894
1563
114
660
181
118
47
68
2763
350
1593
2467
7
466
70
33
541
2202
226
1541
1098
290
20
1735
2557
199
199
11
1
322
38
138
60
1
12
2750
24
12
33
136
2609
151
2
90
1
1404
179
2913
417
18
183
149
2785
123
724
542
3000
873
410
958
799
13
8
11
540
372
23
244
5
448
609
2884
2250
2237
1269
844
572
290
22
11
756
2325
24
1267
2
3
44
183
547
2002
798
140
59
10
103
1716
1028
1723
22
2349
26
1382
380
337
1
2834
1689
2687
361
7
118
57
2189
39
22
37
1341
759
1
728
1278
3
356
417
942
92
15
19
16
2990
1
1411
147
2238
1438
1478
597
700
3
62
453
92
129
1885
6
827
43
128
268
69
36
2239
120
1789
91
42
330
43
972
36
256
1
11
355
614
8
1
1
47
871
1155
2
308
14
2452
764
622
775
27
54
1
9
91
1
129
4
267
1473
5
321
1705
518
351
1608
66
2
534
30
95
411
2
2
2800
359
2570
1
3
89
41
1364
3
95
1969
1925
489
76
441
742
1467
18
2954
121
992
1
370
718
1539
856
374
51
62
1317
24
6
61
1231
96
187
1325
1186
4
2264
3
658
1
157
8
437
985
1079
750
1250
1215
15
1
39
229
366
2363
35
2749
2
32
256
1244
1646
309
24
36
203
4
644
2412
2269
13
1496
1802
492
73
2860
475
48
2767
1378
1698
51
398
89
26
247
50
2637
329
1057
453
112
1808
840
7
480
644
59
369
1588
2323
162
509
224
11
2075
18
1077
3
2
312
5
2
3
1165
205
157
212
931
2172
511
1
621
10
1278
5
1127
484
118
387
14
992
2612
356
1434
50
6
202
284
271
2618
839
31
238
1340
532
1355
2078
56
342
392
67
168
1
2
687
371
14
581
2560
4
21
968
124
4
5
3
2077
1233
1523
393
170
88
1313
1
613
8
29
1965
284
5
1
93
86
457
20
1776
50
333
181
2583
166
2408
19
2847
1352
907
27
605
21
1974
63
219
5
1335
925
288
520
1314
703
230
2561
207
1874
2918
1903
525
28
440
144
2377
4
2925
921
398
274
2012
366
27
2330
89
34
567
202
61
3
448
238
96
487
746
1457
1
38
1108
2972
2738
582
311
9
1354
1989
41
2684
2825
15
16
451
1070
368
1663
1548
20
823
1246
2493
2799
764
928
67
31
363
35
76
20
1240
1572
361
5
94
999
109
572
2175
499
1246
18
502
1633
8
1
359
93
547
590
2146
116
251
17
1130
31
9
1007
2541
1149
138
4
2500
2423
1255
390
313
3
573
10
66
634
2296
2129
4
307
594
947
91
174
1880
712
247
274
888
648
42
65
1014
1
671
7
1796
866
1038
393
2379
197
299
821
2619
541
2
774
958
2
11
637
2494
660
1713
124
108
387
22
295
1
183
639
2
828
490
63
1534
69
129
1286
1220
2481
473
177
1163
53
28
1286
4
1714
2744
29
36
1299
2027
37
1
139
18
1776
1
486
558
1956
2
815
22
134
368
1097
10
6
22
353
481
219
299
3
114
2602
2341
318
2195
1248
2802
320
146
2437
289
17
1672
2072
27
27
969
30
279
2710
1023
106
145
121
608
163
2648
1383
91
2877
616
2
1448
5
195
324
3
13
1
170
548
1023
529
766
23
305
29
2532
86
849
26
2306
353
947
34
833
12
36
10
12
419
1160
1386
847
2
1069
2304
2978
1
126
50
455
24
1330
11
2584
134
28
27
1026
44
472
1707
159
3
2280
2
17
1
345
20
1904
2181
22
36
323
251
2718
31
108
144
609
1743
437
1009
11
3
709
162
59
1
9
3
139
273
947
985
97
584
3
77
89
28
57
576
458
227
2
1
1511
84
289
1046
97
1091
639
2236
43
163
240
672
257
769
991
244
15
17
544
37
1944
1414
2810
1043
1603
4
32
290
2
2
418
1273
2663
5
1763
330
950
274
2359
1
2
1925
638
299
842
1090
509
1
402
79
67
212
18
2910
2
1646
1321
114
10
2
3
694
445
153
766
12
484
2257
303
101
361
2788
46
8
1081
197
785
7
301
13
56
71
1385
1885
4
597
1
3
1251
35
1389
2
2018
2147
272
12
5
623
105
125
14
2388
489
1893
35
17
1460
6
812
2089
2526
20
2575
2053
1033
9
593
2692
313
2060
896
2
1520
416
936
2
6
163
1575
1
98
159
1116
155
4
673
661
60
579
2698
60
633
2
606
386
11
400
2
23
319
802
7
15
232
1081
1421
33
10
1937
29
15
13
1
696
1516
196
2389
245
24
49
716
370
32
134
29
2722
184
338
1919
2612
119
19
467
462
2605
2313
299
70
18
3
764
8
853
529
176
357
3
166
1
1019
2
966
1778
2949
17
338
104
606
59
144
374
2299
289
1024
1593
2060
1360
1471
1708
1445
28
3
9
686
6
1938
143
8
227
2971
41
17
455
668
194
724
108
1
1091
2340
27
959
243
25
1
34
10
2
2831
18
1004
240
397
194
428
1000
926
63
165
1995
431
88
12
233
1340
8
716
2320
608
11
1618
1802
130
118
140
2423
2
8
2175
257
1435
8
1
2373
569
2252
2542
1086
359
2
885
979
908
215
849
1169
331
563
214
1301
42
2408
19
1049
1043
1916
12
74
1677
1
63
32
300
734
346
68
30
755
73
233
262
24
1908
192
1522
5
790
2953
244
2580
40
2
751
9
1148
2013
302
56
186
215
546
120
2
2788
789
2654
1323
561
64
13
1045
54
17
1976
2
56
825
435
55
15
233
29
8
1461
1861
2858
21
617
1141
24
2066
754
15
977
1595
238
524
1726
477
753
151
555
131
1329
35
734
1127
1503
350
99
792
96
427
47
151
47
1244
589
260
1395
2590
14
1607
655
987
456
1228
167
16
219
2828
195
307
36
130
19
295
1058
2323
983
9
2788
31
1041
4
1026
412
1
569
747
560
494
2697
188
6
66
7
44
535
807
1
1
100
17
83
2509
2024
73
219
2877
24
1581
1371
1183
752
2304
475
816
411
3
56
70
141
24
1713
479
3
505
1328
121
26
187
841
1994
412
30
14
103
2
583
30
66
1194
34
2968
71
1
2
16
2825
90
154
141
246
89
1981
119
1242
629
1672
383
857
44
171
27
2
36
91
1408
1185
11
2387
2079
223
200
1542
797
2334
170
119
307
327
138
899
20
732
14
871
451
2479
1705
174
144
2284
3
1541
2785
258
2497
424
32
1836
2
97
2
820
1066
9
2183
190
460
1159
36
2551
356
211
1529
113
1995
1539
1506
774
1086
40
173
39
283
12
796
7
3
203
267
1407
303
2453
1838
362
432
11
2130
2995
1
2115
1908
5
1050
314
2737
292
2761
150
9
2378
31
1622
132
2875
5
661
7
161
229
3
4
2338
517
115
237
1770
2389
314
6
558
19
289
758
127
1397
6
480
87
178
13
650
778
13
86
166
1340
12
2956
7
38
1
9
1086
867
1876
1256
1256
533
1257
1527
19
1041
23
70
128
32
12
2
14
2
2465
1246
3
24
78
1047
164
2080
564
1786
46
884
2792
210
214
287
13
2044
2899
1132
10
487
2348
657
256
187
1091
78
1
2726
186
1
37
99
605
565
564
2374
1257
441
402
342
29
1819
44
21
1
69
92
221
1540
7
1098
212
13
195
8
1946
917
2292
14
2087
354
698
27
292
1263
4
1525
53
15
17
38
80
524
2817
2233
2448
1867
33
2
49
135
297
81
747
5
441
18
1133
33
406
748
3
52
137
1
15
230
2844
983
109
1860
180
3
677
71
10
857
1034
418
90
936
378
264
1809
63
2065
6
172
655
148
975
17
447
1
1051
242
111
119
1
2
2208
969
2435
1014
41
2979
19
795
299
8
34
155
714
461
269
2596
28
661
940
22
2
6
14
1
90
1064
1228
71
11
526
1420
37
60
2633
9
1254
142
6
1073
1831
60
145
890
821
913
33
2677
2085
195
5
309
2489
1786
824
342
1030
30
222
4
286
331
20
7
2
1633
1166
24
2355
2
1070
629
707
1
467
9
14
722
897
716
10
193
148
14
170
12
26
532
16
4
5
2377
15
2039
23
2118
2953
383
8
4
93
1
322
31
52
2165
160
2442
945
647
1937
2867
148
1371
1096
5
1887
1
209
443
602
2075
2161
780
1462
308
2956
320
66
7
105
1608
785
899
616
226
1092
44
223
893
657
168
2612
29
92
160
614
3
52
735
1820
1673
22
1005
35
31
21
151
195
1
797
1551
2097
3
288
2212
1405
138
8
57
5
38
1
1539
122
2106
763
1
9
2
2170
161
946
1
584
6
7
947
213
673
4
1537
370
20
67
46
1810
13
94
736
321
4
1386
2
1386
1153
26
2346
475
134
1307
22
3
5
1
157
1597
46
374
271
2
579
2075
3
4
77
95
106
2267
174
294
183
72
155
137
490
136
187
17
1638
53
218
10
203
81
406
7
2736
19
2068
564
137
369
269
129
162
1155
1280
865
918
16
547
1785
25
2988
711
2010
2148
36
57
219
681
8
630
2340
303
359
194
48
681
759
65
1938
281
2720
290
2529
5
2472
1358
1123
7
552
646
281
1433
176
1948
1856
3
101
765
740
524
2830
790
14
397
1208
513
538
12
190
18
695
341
1071
1317
10
4
146
29
1927
3
2591
23
229
1334
626
56
886
1872
11
448
21
1143
174
268
2338
102
1709
1957
63
465
1532
1279
413
1785
401
5
608
875
441
386
31
154
1187
446
3
245
493
614
190
1086
1425
1830
14
270
1530
54
212
1
11
43
44
16
1991
1449
1827
596
17
851
137
243
52
659
4
366
2
286
1175
323
643
1291
455
2970
237
638
1496
811
2413
5
11
12
151
456
57
9
3
1881
2452
156
4
3
978
10
82
329
31
319
185
69
1268
401
2533
2443
1709
63
554
2517
15
109
317
756
407
61
1877
1179
1884
1845
200
129
1067
648
537
814
1501
2
21
99
25
333
1634
812
32
3
367
640
2666
92
44
2797
201
420
2050
2045
1999
108
982
1196
58
596
452
215
21
92
1898
5
1570
757
16
1292
76
2132
702
682
2828
167
1331
2196
33
2
1324
254
342
78
821
1
127
2346
14
56
309
2447
2
2215
3
1965
264
1309
2244
4
21
15
2099
270
2
15
435
2052
171
1
51
398
1273
2309
868
1173
898
1270
2248
54
210
32
1453
271
13
2185
1899
1
87
411
38
1884
2780
63
334
848
154
2483
59
2473
42
457
720
358
3
644
73
130
2
1543
70
76
1476
44
126
179
1043
11
1327
2831
227
2114
13
188
147
1
18
8
2178
1746
150
957
257
21
224
1449
338
203
714
200
19
30
1239
626
2683
1450
2851
1695
21
1749
4
824
37
77
36
578
1805
2591
3
306
10
47
186
19
167
1725
1893
10
3
83
1
2130
6
48
442
342
161
703
427
1694
26
2347
88
214
717
2483
750
118
5
72
1
151
142
4
91
20
140
14
2484
209
1864
811
175
243
14
325
1792
447
2210
18
2710
513
268
5
1349
8
1820
1106
311
1
2795
523
1883
980
2094
2
806
502
284
657
6
2596
2093
1445
111
144
91
20
1
33
3
1216
1841
70
705
1959
23
432
193
139
178
2275
231
107
338
1368
1369
6
1262
4
240
13
1960
15
2305
83
1431
1
426
2712
22
24
28
12
199
963
933
852
2660
14
535
1466
180
194
131
29
422
1327
842
705
76
1190
82
101
70
294
528
4
68
4
95
1569
407
73
377
677
232
2
764
691
374
835
1
1
4
379
201
525
836
286
124
2780
467
50
159
1647
3
61
61
1162
269
731
2
34
7
990
1
663
217
4
28
1
1200
490
16
66
22
120
1401
2872
329
725
594
2824
194
1
284
40
21
1947
154
1
42
2646
1008
3
2797
2108
464
11
278
219
1036
1074
702
217
2249
212
435
1
2745
833
91
1
2668
1923
19
465
28
7
2177
1250
1875
374
2
8
1692
60
11
296
266
142
29
1113
6
2932
2
559
3
90
215
611
1
67
15
82
56
1
23
1052
526
2857
1418
2411
1
750
542
17
197
28
1022
29
674
6
228
1494
9
14
1948
919
146
2499
157
1572
29
195
2
41
978
970
27
384
7
2
343
1978
898
1235
2
535
101
31
2
1028
2701
37
746
2683
114
540
36
244
770
54
136
67
2013
107
12
139
1202
383
137
1917
622
2
313
55
7
1640
339
2
2
253
45
123
95
274
186
2363
1844
23
87
2864
23
173
2379
371
2
3
324
1138
1121
1
494
76
1152
3
885
1972
86
1242
762
6
87
73
1993
11
1255
255
2
614
129
70
29
1
63
78
91
1691
752
3
571
256
1029
23
6
507
50
838
798
108
1594
107
953
4
1
25
4
13
1
456
607
198
2172
2348
358
490
247
317
352
25
842
26
68
2827
1126
718
2065
2
75
2080
277
1457
647
1561
1203
1790
1210
6
2085
1582
104
801
467
715
2301
1609
602
640
959
272
2054
359
253
26
316
11
917
3
14
356
1141
231
445
1121
733
1204
177
70
12
2077
1567
6
259
1257
12
1951
2032
2
2443
2022
15
258
229
3
134
224
2208
1605
25
6
1791
2020
203
2235
4
2481
437
335
33
89
12
1970
20
412
1403
13
1059
1542
135
1610
775
1100
1010
2584
1664
14
2058
221
6
2808
1252
24
77
2121
1395
5
1104
44
624
2251
648
3
342
2153
369
4
2720
103
839
124
2726
116
1
1891
2591
433
973
260
522
307
173
234
128
175
488
8
2520
2655
2674
155
1
14
2117
634
2025
114
85
18
360
205
47
751
666
1850
72
134
5
7
372
1085
34
1527
453
346
1553
1138
1227
1099
2488
2095
29
1302
9
9
24
1499
5
387
1438
563
2022
161
29
2402
25
589
439
2868
1233
85
1
423
1453
1136
1517
1171
169
195
1986
656
304
7
1067
1151
2656
2694
26
780
40
629
41
365
1148
179
269
1547
27
1414
1026
739
624
1653
301
494
4
319
26
2303
1277
170
328
166
995
2735
2135
2642
54
87
415
259
1862
582
241
592
465
51
1804
50
486
1
9
112
33
8
164
1198
1
2439
3
389
2493
321
1545
1
2061
1489
2791
15
826
2019
1916
24
435
256
797
10
2207
2042
305
1
31
482
343
790
128
29
7
10
102
23
3
6
4
439
915
259
957
969
218
2352
2
8
2852
2997
1775
1614
3
3
61
1028
1652
280
86
2992
158
10
1
37
324
442
18
628
30
5
61
1325
70
515
41
381
4
405
11
5
1135
14
6
18
27
7
58
319
262
254
1372
937
47
56
155
1
666
384
26
2114
214
1627
1
2
200
2445
1264
833
1
273
26
40
2798
672
321
1979
180
1871
2224
582
2
233
1678
807
229
39
252
6
99
2110
1625
100
146
428
316
22
428
32
350
1
14
926
31
10
16
410
347
294
6
894
785
9
1666
6
436
24
642
861
2257
16
321
2910
2522
10
1
1394
2780
401
29
2
808
1
15
129
359
219
226
2
1140
4
764
2
53
2380
222
135
175
2128
17
92
558
830
69
592
15
748
2858
44
869
6
67
446
2072
2
6
417
2112
60
1308
22
1874
1
560
2981
220
3
742
2003
2919
207
24
108
577
7
10
25
2
446
1
70
425
1422
119
101
1659
20
128
65
156
352
2150
1191
569
976
6
2493
300
1
2
2137
1138
1020
29
473
2
1249
2763
2
1125
1246
824
1866
30
303
58
1743
63
24
21
11
1618
78
3
583
2551
54
4
1
5
327
622
163
2
92
1356
2
20
1820
67
53
1416
23
14
427
38
167
131
11
2226
12
2377
35
1449
2265
11
272
1991
4
1
75
879
1813
6
2451
84
535
562
2
21
64
913
1371
218
6
1702
20
736
630
2
10
344
554
2
423
7
2298
267
595
2
22
814
1660
237
17
19
2744
270
1
447
2484
412
3
2420
80
13
169
4
189
1
807
4
235
2826
276
763
20
201
441
2554
41
98
1874
2321
1857
84
1793
228
3
1975
153
166
403
5
496
204
346
2
23
2871
902
310
1127
2610
2363
6
1646
102
34
7
4
1762
453
1234
2
2
376
1004
7
329
303
114
2155
1677
2295
984
26
4
525
165
67
392
1
1
1476
1328
1038
578
239
2372
42
1941
4
1107
1217
187
4
240
3
968
39
793
1115
148
1116
328
230
119
567
1829
169
2521
2097
238
1759
2568
15
2
297
10
56
946
1411
2086
694
176
22
1666
1732
858
11
64
688
1086
1
1376
119
454
1997
1998
219
653
3
1731
466
1776
168
134
936
1958
344
172
1528
20
18
1303
86
264
1829
2029
31
8
144
90
193
684
248
90
1
26
892
925
443
39
182
1040
56
488
2
86
2593
1
2
2
1949
258
63
2505
199
1100
1
445
84
658
95
758
233
229
22
310
3
714
2192
78
2567
492
1
727
2898
582
1128
7
7
76
845
155
266
65
6
415
702
9
6
1
988
574
867
147
1009
75
3
5
47
296
1298
368
1086
1288
1118
34
947
5
1003
440
1
1478
1655
1197
6
111
395
2
20
12
3
336
792
3
96
470
2150
1640
428
61
11
413
5
2468
2365
1308
91
15
788
4
96
1314
1248
200
2434
26
3
467
229
53
1
3
124
107
106
89
68
1249
2463
915
96
54
114
124
47
2
512
2864
1296
1
1567
26
581
972
91
50
301
5
180
132
1727
131
548
43
52
49
935
573
849
278
2710
680
1
157
2682
27
1
10
2953
215
2349
413
111
1511
1852
1261
4
9
618
391
367
3
413
501
359
3
2448
2046
1882
22
507
688
16
1
1030
1963
47
148
9
32
704
43
249
19
21
6
652
591
337
1240
162
2391
90
1
2009
2041
1736
479
233
59
3
109
2150
2
2055
2382
3
207
16
476
1
103
20
2175
116
60
227
48
1663
244
1475
38
27
26
1066
3
199
1802
865
2
17
8
8
52
1052
1354
2
703
515
2637
141
59
376
22
401
1175
2245
9
1483
53
464
88
681
2690
299
26
1714
1342
5
1849
2256
28
2330
1
6
378
58
999
1397
424
111
2
1914
1265
100
1060
2
135
61
2180
133
129
1273
563
2907
1091
11
30
5
1858
48
12
2151
19
16
25
95
941
1
26
323
1392
2
634
26
2814
6
528
307
9
4
1
55
227
1087
69
2
107
1409
122
597
612
1683
109
1529
515
2582
286
1901
40
727
101
205
1
1
1548
293
1450
64
6
1307
54
5
1
1004
1228
52
954
2873
1721
1
9
311
78
662
1308
115
35
6
228
281
745
866
991
4
6
1
1471
5
1
17
2031
877
110
700
985
434
59
130
1421
1782
869
10
411
378
194
1612
13
2793
566
200
1683
941
247
335
949
9
126
2527
14
985
1205
515
160
900
741
91
126
777
3
820
587
1185
929
83
340
1915
1584
2
524
26
41
20
834
218
39
1147
2294
1735
1
1
2410
1011
372
197
2045
312
641
1315
1
7
236
587
130
13
481
28
854
895
1856
7
17
272
1316
125
537
1405
7
697
48
1
510
1822
89
11
541
13
584
15
183
238
1334
426
36
16
115
267
1185
2981
96
792
123
910
35
920
23
179
2
2161
764
378
925
89
1120
48
722
990
76
35
420
29
35
114
411
1717
818
1022
1
563
38
108
2
2775
662
19
7
6
2721
334
7
353
830
1538
251
58
240
6
5
36
323
7
168
820
44
55
72
118
313
1665
876
1809
1032
1363
38
19
1589
12
112
11
193
48
685
1618
867
109
3
1
138
718
1457
1682
122
1686
6
374
119
471
1
5
23
362
1
2039
1806
144
2408
2673
2111
2019
361
173
2294
32
1934
157
2
1468
862
39
11
1870
81
92
38
302
1041
61
9
6
320
741
176
1750
11
122
901
1
3
985
1793
2
2116
25
2448
633
553
2019
94
2504
118
12
2895
872
61
382
2412
1676
2935
1291
65
341
2529
2460
32
438
873
213
211
55
104
763
816
3
233
2123
2564
788
20
179
924
174
2936
63
1
10
601
837
477
153
398
71
1265
5
1454
347
1500
13
75
1379
353
52
1253
727
206
5
2542
187
1249
195
805
722
3
1
73
796
527
1
58
1783
784
1399
2213
2785
1974
482
1346
20
1619
623
76
1
189
81
819
620
308
852
84
2338
20
3
668
30
13
356
2394
2411
1799
2487
4
475
118
1
12
218
1
1048
228
2957
42
875
31
34
34
2516
33
1
364
964
281
32
2578
317
1666
28
409
3
21
1879
2045
1429
608
605
2798
37
751
2876
1020
40
9
2688
2
125
618
215
360
254
1
363
234
24
1424
295
2402
2057
16
138
637
1538
112
174
2988
2234
1
2
1753
969
131
9
298
1968
16
750
1789
1288
633
443
13
2221
141
1734
6
3
2161
1
20
4
1143
1
1451
230
556
78
760
2864
9
2274
1
166
2405
2338
4
3
168
2446
64
286
722
1260
72
233
256
150
829
481
224
32
335
1788
2561
342
718
795
401
147
1102
2697
1332
175
5
539
7
1899
75
763
44
1
179
2021
981
528
322
309
1462
1588
619
6
18
355
364
157
51
565
390
2
800
17
51
484
1004
30
43
10
690
249
1
2764
45
640
68
16
902
48
320
1135
519
189
2
1261
2645
918
1757
419
1
318
984
398
1045
1428
275
20
2099
1500
1739
236
164
5
106
9
1520
1733
475
1192
59
11
8
372
8
2
617
79
743
151
10
840
1042
550
2111
2
73
2833
4
646
2058
82
269
447
2356
75
131
8
768
889
196
5
474
2429
4
775
1556
1537
4
840
1
682
347
1615
32
245
741
1189
1074
148
17
540
856
12
2074
760
1965
681
333
132
1458
79
1
167
1381
116
1906
7
10
1019
50
1
2712
85
21
1110
62
440
438
1022
2791
1
422
107
664
1507
294
3
590
80
11
796
6
82
51
737
2552
2213
184
73
1817
2953
52
3
1087
1414
522
7
3
5
56
688
2
22
565
7
1328
2
2
1057
5
1129
1185
2075
2598
1
484
2
2298
3
288
34
592
389
578
226
702
19
207
2771
80
1
51
294
1948
1894
257
3
2259
395
2201
438
167
1410
1
1
40
657
1078
1
746
816
267
1727
82
55
63
2795
293
1857
146
5
1515
1115
1432
13
1991
2182
6
2283
1766
1332
1
8
97
109
626
528
286
55
110
2813
58
5
22
833
1906
109
1649
52
44
8
21
398
44
144
2
799
162
217
65
85
2706
135
20
12
233
1
292
78
321
2354
498
59
106
663
187
1455
43
2876
171
519
2679
1
762
2188
1003
1604
56
1413
6
199
318
81
2814
312
509
10
3
580
66
391
1580
333
32
2702
864
282
56
421
110
2988
1
1053
14
261
60
46
1031
5
11
37
458
56
37
18
916
1
1769
10
511
292
20
7
356
160
417
1
308
427
2226
734
33
1701
499
1288
1257
318
2962
1229
93
1
2301
2897
8
2
505
875
1
113
1603
508
112
40
218
645
7
78
934
65
956
94
1
2521
945
625
515
1656
2
539
15
215
1371
2730
1321
1788
440
22
1968
2405
38
1475
95
8
46
123
6
338
684
1082
6
1
2711
120
2608
2338
7
1771
103
1451
2151
1929
20
156
266
10
161
81
1201
2418
35
30
1632
75
528
202
1
123
63
114
788
2846
504
1416
682
2908
500
465
225
875
292
13
86
1451
1049
26
2018
365
915
2940
2372
25
1514
1132
285
79
1629
9
26
1634
769
133
1277
48
178
103
1668
2475
441
181
279
741
615
1173
2782
145
2
986
21
286
1462
61
3
40
2190
10
10
1038
48
2271
1185
1594
1
614
1782
17
173
1
9
490
401
12
729
16
379
300
919
1214
1330
189
62
14
1113
874
5
1223
349
27
140
12
627
1512
287
95
2764
1724
126
492
10
269
5
2074
2629
1417
1
1224
2194
685
8
7
7
2420
2222
2085
35
3
21
1913
540
320
83
1970
5
221
2733
13
572
5
1116
4
593
150
509
134
725
392
1599
2
661
857
237
370
250
483
116
1092
2675
26
893
224
115
1
2256
1104
1827
663
1247
20
14
253
126
1
1025
47
5
11
150
7
36
3
733
12
1649
2411
23
199
2079
50
1156
2
179
5
12
5
33
1219
12
1213
491
2602
2224
2268
4
2809
5
465
833
173
1277
1007
1447
130
755
5
24
577
342
1
56
70
2678
1
698
11
16
354
302
31
1150
1108
2085
2665
2784
153
31
41
553
4
588
80
1983
853
744
324
326
17
775
325
72
1218
1172
2663
409
2
877
2492
57
2525
872
6
21
80
2
1920
1
370
7
1119
3
86
1072
565
1768
45
506
244
1092
677
1230
441
2
973
300
7
13
2
4
714
5
2631
738
125
2573
38
1881
2418
915
283
557
2776
34
398
511
353
6
234
158
9
54
1471
40
1468
1802
774
1305
1711
72
258
199
10
982
2808
1599
183
404
818
620
380
5
556
15
560
205
64
331
5
491
631
1951
2542
1544
11
122
3
169
672
2195
706
326
1
251
638
231
86
3
1543
203
236
2
1296
23
7
864
312
10
18
641
2
880
75
728
1603
14
74
90
208
73
1301
12
305
582
18
1518
1655
1550
729
107
930
348
470
248
3
527
1432
28
17
85
1880
6
1429
228
10
1855
41
802
681
22
2018
2663
1765
2292
825
2767
1207
1723
9
1401
1083
2
887
585
401
7
1732
872
745
2267
1231
1785
43
2695
115
527
171
1972
586
1804
19
2174
26
66
2679
911
365
23
2175
10
92
2674
2289
2461
367
1
9
9
1365
1302
28
1055
29
8
96
47
5
129
2654
2561
1859
1977
7
1300
46
520
391
4
2
270
1705
1184
208
1503
999
405
1
254
5
57
914
5
2256
47
628
2980
749
4
236
6
237
1
2754
69
47
47
1773
2062
1509
1359
646
12
135
1485
1
2518
23
572
1255
801
2164
17
1279
3
513
2146
2292
2491
33
35
156
2414
1
1
2
1670
41
81
2028
2
1712
662
40
2456
703
21
1840
164
7
8
743
1414
96
7
1701
31
31
938
1040
436
1259
28
32
48
2369
123
2546
2969
1142
144
1074
2743
580
782
2191
96
209
973
110
1592
2
121
228
192
2820
1980
815
16
8
745
896
715
974
7
119
266
558
1
34
350
58
2525
1916
3
28
2663
616
6
331
52
757
695
218
194
3
191
629
564
2268
59
55
1445
131
3
1257
1784
46
87
853
125
1147
2219
1662
34
53
782
20
229
2935
215
258
492
850
2489
1783
2531
151
124
327
453
1952
9
193
680
3
7
534
168
303
2914
2606
2457
15
176
2682
194
223
608
123
1187
2
2283
375
11
81
1590
29
1
252
2128
109
1
1042
118
2478
679
2522
78
52
152
61
27
6
666
34
2
826
2027
1753
598
10
162
48
241
603
10
52
74
505
27
1705
2476
104
2033
226
370
10
677
7
1712
3
197
820
88
2695
61
51
241
42
8
58
8
149
1225
1297
106
2516
485
14
1558
321
5
185
218
100
393
1
320
202
1846
3
27
1638
690
107
2231
15
4
147
20
2511
487
184
57
765
9
50
13
778
103
310
10
755
2336
80
1
46
1203
85
7
158
10
1131
20
104
24
17
813
1020
1
4
33
3
2037
1752
16
1313
28
579
1720
451
332
97
57
703
3
23
59
533
8
2629
969
1720
585
190
1349
1492
1545
41
1452
101
1130
3
226
355
50
131
1724
278
1486
6
340
2
239
2031
12
2254
5
2
212
91
64
172
72
125
662
7
206
308
2482
1843
1612
195
122
8
317
53
52
4
698
1
804
18
2
382
494
335
1535
68
218
3
681
235
54
709
91
14
7
18
480
914
39
549
801
510
2338
60
822
293
167
775
1855
19
2207
1350
1356
2172
2240
307
939
5
2030
216
231
671
88
123
146
5
248
1009
479
1253
34
1449
560
72
821
146
121
26
1043
68
2619
5
490
63
3
158
10
27
1
43
70
220
1700
721
446
527
147
1
1078
1704
362
89
45
901
44
90
2
1786
24
2
159
139
202
187
21
1578
787
78
1368
588
4
2818
520
585
56
74
194
310
2506
398
236
1767
2377
2806
1591
732
1404
1558
67
115
1071
1
591
1394
1592
30
997
1974
2
184
2102
2048
2656
69
303
726
1304
351
26
1976
35
132
1282
1145
1318
1219
188
233
58
2071
2630
11
582
541
315
343
2663
344
465
1118
8
1007
812
17
2823
52
165
2
1161
54
43
56
433
4
4
10
235
2109
782
663
94
392
1287
141
10
679
2911
440
439
757
1749
7
7
107
65
142
3
1408
1805
1154
109
43
2554
1
79
49
681
144
74
2
1757
18
483
4
249
2931
1949
382
1151
282
475
167
2
2511
175
60
949
1216
475
2207
166
2226
296
566
2571
322
7
13
1770
105
523
200
47
2081
406
1494
44
603
45
34
23
63
1315
1
354
54
1590
1
1253
1255
848
484
1584
1
82
433
115
3
1
1
1908
13
1984
30
1486
1
2988
2
99
29
1909
58
1524
77
4
2515
14
314
1877
56
1385
1584
248
27
1771
163
2215
548
73
1574
1656
1727
273
938
11
3
1
284
976
1617
764
15
55
123
2272
711
97
2861
3
3
2518
1949
1
726
183
30
2716
9
436
323
983
455
1
26
166
655
273
2601
344
218
53
354
366
200
85
2
119
841
1093
189
149
931
1059
227
1375
507
257
152
10
9
164
2317
419
144
67
1
2332
25
1453
2588
2089
153
16
16
34
3
1104
33
1290
660
1566
1065
12
2850
16
314
1874
61
673
96
1151
1392
41
2619
2
114
1961
301
354
65
91
15
1
1691
1073
3
2097
1
835
2788
2546
1
487
894
2846
387
359
11
1720
878
474
222
1369
193
247
73
1521
21
1776
532
80
28
2260
37
22
2222
376
2060
2778
250
2338
271
2334
336
519
11
1076
324
29
91
10
7
20
254
1889
342
654
17
388
522
127
7
4
65
1
102
457
1860
131
8
2868
2617
203
1529
1
132
1542
1061
308
1099
1570
2
298
558
1625
11
570
588
1500
989
878
802
2197
10
29
982
480
487
12
4
151
677
501
345
31
27
101
93
1
8
492
37
65
57
65
897
50
144
1525
107
7
237
15
11
155
1727
10
7
25
4
149
251
3
4
376
1105
94
411
698
116
1241
2406
59
1197
2427
1640
1003
2548
31
1362
98
64
2692
256
45
4
1524
28
560
319
16
1204
1687
38
680
1678
2058
971
456
380
2500
2649
524
307
1
2
1056
3
1
14
95
61
69
1691
96
1
529
2
683
25
2774
80
1834
28
7
6
221
164
1303
13
11
17
1
313
1236
608
2090
33
272
2107
2
197
457
53
289
30
260
1024
2055
2618
5
1235
6
2767
1572
388
82
40
1151
2671
368
21
165
8
10
1670
26
1
14
2927
2389
200
1043
2866
739
1739
114
45
2490
1659
1917
1642
21
263
2369
291
1206
1363
115
1
833
172
18
989
20
6
20
413
143
1543
255
4
36
2819
454
2853
1
2374
15
11
142
131
536
4
27
1177
2
12
1669
56
1383
1
163
802
3
608
817
1998
1003
137
1477
1068
842
2235
27
900
411
1
2127
8
1707
1102
9
354
3
13
320
432
1491
619
1
21
2205
2802
63
283
1298
25
7
1224
38
30
1565
437
4
73
12
460
104
703
1
56
2235
1223
510
348
2010
68
13
402
20
2130
1388
342
1027
91
1387
212
207
12
503
2319
323
970
2301
445
119
211
153
517
499
1370
915
168
2583
1829
648
255
2733
992
1595
52
163
2988
303
58
249
325
1316
31
2046
34
1
63
26
1259
2149
73
453
982
2288
134
152
755
323
312
377
1696
1
54
2849
376
1743
47
1071
1402
2936
1374
129
690
2224
311
169
287
2048
74
260
737
226
6
336
104
1025
173
255
405
1615
34
99
32
205
710
15
1
499
18
154
396
19
27
738
270
229
105
1020
1
1162
77
465
233
1139
2748
12
644
188
1778
80
2
1
25
1182
553
2993
1547
2846
85
13
1
52
45
2
1302
96
336
338
22
2816
1115
193
236
2273
1152
28
177
75
754
2
4
1020
2042
3
15
39
1080
1730
1657
1569
420
78
519
887
1607
39
1580
156
21
1559
112
2281
390
135
506
811
18
1764
9
2448
2
794
1
3
2
2259
26
16
1605
380
284
82
2792
45
1033
1
483
21
2175
959
1139
589
111
152
201
725
1006
3
1381
102
1226
1710
16
1057
318
1
399
2726
894
1750
314
1118
1952
245
294
2592
81
93
1396
242
3
1385
44
2
121
4
9
914
62
1738
1339
11
1
2307
1762
1050
2208
866
29
581
2
34
4
15
818
269
81
49
471
785
4
872
104
60
2936
1609
454
893
159
5
173
206
481
1635
355
409
2063
121
1
265
2701
1
1896
1025
18
492
1
96
3
2513
57
598
2186
91
561
7
1
1618
2094
185
18
1029
19
1742
327
385
107
1179
273
2024
2753
1846
355
1
1025
1
1
592
29
491
1072
482
322
1430
1729
433
346
11
175
1244
216
61
273
360
10
183
1116
1779
104
647
1282
280
714
118
1355
58
1064
920
1534
2582
641
1240
2951
1
6
938
76
506
165
1526
53
95
333
1688
8
2946
288
400
2976
2369
142
453
547
1738
31
2248
2673
508
9
1336
307
1690
2472
1294
28
15
439
653
2
50
2
45
242
2134
28
8
1108
627
27
1
319
2131
2229
1241
1648
1
20
175
1026
16
71
643
2293
285
1997
10
729
403
34
34
207
630
488
184
1270
983
57
2
574
80
1807
6
1090
104
1064
506
802
240
2309
97
1576
181
460
215
18
46
3
21
5
873
205
13
1168
76
138
21
4
2
404
43
613
1
194
7
2374
156
2360
312
1765
534
1678
110
1338
478
64
363
2910
325
425
2290
1283
974
1571
30
1626
37
2438
6
1300
2062
8
431
1194
1799
197
2192
542
41
788
2452
29
470
46
24
1886
347
1
1178
2198
44
1954
88
14
1294
204
30
6
2736
215
533
1
2
166
1
19
135
5
282
36
6
2566
284
11
175
1415
647
78
408
6
6
417
21
342
167
1
1642
1983
226
1362
267
2928
284
58
38
634
567
1843
987
8
1625
11
515
22
87
177
585
15
36
344
115
1434
225
1
52
881
2327
1
1107
37
2
2958
2889
1
355
243
1936
1616
3
1
2
616
1740
69
904
95
2762
592
192
2755
5
32
1497
295
295
9
1241
721
1073
316
1391
21
1
1
2799
1374
148
2946
273
168
682
130
8
1503
1099
2
112
1836
165
1155
99
5
28
88
848
77
2
2515
919
33
2636
2952
198
392
13
347
799
261
1023
18
38
60
143
327
5
956
1665
1545
14
1059
4
937
48
515
17
2
7
145
87
99
5
1
655
1
1363
1476
339
508
288
2
1224
656
1707
165
1956
1137
840
363
113
1
2351
1061
1498
1294
58
3
1414
1418
57
751
2
1004
409
1448
47
20
2
56
94
1267
788
56
396
904
21
679
105
1
13
2176
1692
1236
2418
2444
774
1072
396
1
44
12
1174
1
348
25
29
166
53
334
1625
2996
2299
474
144
253
227
890
1532
67
728
365
886
2219
1670
1197
2525
580
53
164
7
515
67
2909
478
18
361
978
266
2388
1035
36
16
598
1363
538
75
35
1299
37
2039
32
2409
65
1858
30
81
290
1743
26
388
667
263
13
1289
24
1672
708
1667
50
19
1732
259
171
382
2431
2615
2862
451
2092
440
50
457
1054
225
29
592
1435
129
279
1060
507
954
1556
328
648
1
455
205
1
10
95
24
832
246
943
672
847
1
3
1754
1683
160
379
29
1215
1
1659
31
44
1
1362
286
33
64
330
2542
35
1822
799
1021
745
590
18
1365
27
1118
40
646
106
1678
76
2032
550
170
2
3
17
32
1087
13
98
29
157
1059
154
743
385
153
1
242
1392
978
19
317
1339
37
2654
69
327
193
1840
57
8
8
285
27
206
8
22
75
546
539
422
43
104
715
180
488
1
3
604
1182
2
9
344
25
597
1900
5
124
146
1
2264
2144
2237
1014
2
154
37
121
2468
335
44
2221
568
2
2429
42
343
31
272
584
8
11
3
440
99
8
235
1
6
2238
8
498
2224
748
2748
1661
603
2083
1632
76
2062
125
197
40
3
46
6
1320
437
26
708
100
687
2133
5
1428
1862
312
1056
981
125
338
946
128
8
908
556
2142
722
969
645
601
2
50
820
596
2613
2
167
21
1
1017
2553
1909
509
693
297
1468
410
22
2
150
657
67
2
661
306
1104
3
1
1890
2478
13
46
1612
244
154
295
2416
12
2274
6
89
1418
2296
28
442
2149
38
10
533
10
42
27
1705
126
65
103
48
359
31
27
9
1309
647
665
68
65
1642
2
916
2893
324
61
17
683
98
1978
6
5
2226
136
446
7
2027
764
737
