2
2
3
1
1
1
1
1
6
1
3
4
3
5
7
155
2
1
1
1
3
1
4
10
1
3
1
7
1
1
2
3
1
1
2
2
30
1
1
1
5
1
2
3
1
3
29
1
1
1
2
4
3
1
21
2
6
1
1
1
1
1
1
2
1
1
4
2
1
3
1
1
1
12
7
1
1
1
6
13
1
21
1
1
44
10
2
1
19
3
1
3
1
1
2
5
3
1
1
1
66
1
1
91
2
1
7
3
1
1
1
1
1
1
19
2
8
2
2
1
2
1
1
1
1
1
1
1
2
3
1
2
6
1
2
14
5
2
1
4
2
1
1
1
9
1
3
1
1
1
8
2
1
1
1
2
1
2
1
1
1
1
9
1
1
1
4
1
1
4
1
2
1
1
1
1
1
1
1
3
30
1
1
2
1
2
1
1
1
30
2
1
1
3
4
6
6
1
1
1
2
1
1
1
3
2
4
1
1
1
3
1
1
1
1
1
11
1
2
1
1
21
1
1
1
1
3
2
1
5
1
1
1
1
1
1
21
1
1
1
1
1
1
1
1
1
1
1
3
1
139
1
1
1
4
1
1
1
1
2
1
1
2
1
1
1
1
1
2
1
8
2
1
1
1
2
1
2
11
1
2
1
1
1
1
2
1
7
1
1
8
1
1
1
1
1
1
1
1
2
1
1
2
1
1
2
1
1
2
1
4
1
1
1
2
11
1
1
1
1
1
1
2
1
2
4
2
21
1
1
1
1
1
1
1
1
2
2
1
1
1
1
1
2
1
1
2
4
3
444
1
12
1
29
2
4
4
1
2
1
2
1
1
1
2
1
1
5
1
1
1
1
2
1
2
1
6
1
1
4
7
3
1
26
1
2
1
2
1
4
1
2
1
1
1
1
3
2
1
1
2
1
1
1
1
1
1
34
3
1
5
43
1
3
2
1
1
16
6
1
1
1
1
3
9
1
1
2
7
1
3
1
2
1
1
2
1
1
6
1
2
1
3
2
1
1
2
2
1
1
166
2
1
1
1
1
3
1
5
1
1
1
3
1
1
8
1
1
1
1
1
1
5
1
1
1
1
1
4
9
1
2
6
1
1
1
4
1
2
1
1
1
1
2
1
1
1
1
1
2
1
5
1
1
1
1
1
1
2
1
13
1
1
1
2
4
9
2
18
1
1
1
1
1
1
1
1
2
7
13
3
6
1
1
12
3
1
1
5
4
1
1
2
7
1
2
27
15
1
1
1
2
1
26
1
1
2
2
1
1
2
1
1
10
1
1
1
1
1
4
1
1
2
1
4
2
1
1
1
4
1
1
2
5
3
1
1
3
1
1
2
1
1
1
1
1
2
1
1
1
138
2
29
5
1
1
1
4
1
1
2
2
1
1
1
4
2
1
1
1
2
2
4
5
1
3
1
48
4
6
3
4
1
1
1
1
2
2
2
1
1
4
1
1
1
3
2
1
2
6
1
1
1
2
9
7
11
1
4
1
3
2
1
1
1
1
2
1
1
1
5
1
1
94
1
2
5
1
2
1
1
2
21
8
9
1
1
2
1
5
1
1
296
1
1
1
1
5
4
1
1
2
2
1
67
2
1
1
1
1
1
2
2
2
1
10
1
5
3
7
1
1
1
1
1
1
1
2
1
1
2
1
2
2
2
1
2
1
1
1
1
1
4
2
1
14
1
2
1
5
1
1
2
1
2
3
1
1
16
10
2
11
1
1
7
1
8
1
1
1
67
12
6
1
4
1
3
1
1
4
1
1
1
1
1
1
1
1
1
1
1
2
1
1
7
1
1
1
1
1
1
2
2
1
39
1
9
33
1
1
1
2
1
1
1
1
1
1
28
1
3
1
2
1
1
1
2
6
1
2
1
1
1
1
1
2
1
1
2
1
1
5
1
1
1
1
1
9
2
1
13
1
1
1
1
1
1
1
1
1
1
2
1
1
1
1
11
3
3
1
1
2
1
4
1
1
1
1
2
1
2
1
2
2
1
1
1
2
28
1
3
11
1
1
1
4
2
1
3
1
2
1
1
1
1
1
1
1
1
2
2
3
1
1
1
2
1
1
1
1
1
4
7
2
1
1
1
5
1
1
1
5
1
1
1
1
1
1
1
1
20
1
1
8
2
1
3
1
23
1
2
1
1
9
1
2
1
1
1
26
1
1
3
11
133
1
1
2
1
1
3
1
3
1
1
1
1
1
1
1
1
1
2
1
2
2
3
1
1
1
2
1
1
1
2
1
1
3
1
1
5
1
1
1
1
1
2
1
1
1
2
1
1
1
3
1
1
1
143
3
1
271
1
1
1
1
1
4
2
1
1
1
1
2
60
1
1
2
1
6
1
1
2
1
1
1
1
2
1
1
1
1
7
1
3
1
5
1
3
4
2
1
5
1
1
1
4
1
1
1
1
4
1
1
1
15
1
1
1
14
1
1
2
20
1
4
2
2
1
6
1
3
1
3
1
3
1
1
2
4
4
1
3
11
2
1
2
5
1
2
1
1
1
2
2
1
1
1
2
2
1
1
1
1
3
4
1
1
6
1
2
2
19
1
1
23
1
1
1
1
1
8
5
1
1
1
1
1
1
1
1
3
1
1
15
14
1
1
2
1
2
1
1
1
1
1
3
1
1
2
1
1
2
1
8
1
1
2
1
5
1
1
2
1
1
5
2
1
1
1
1
2
4
2
2
1
6
3
1
7
1
9
1
1
3
1
4
2
1
2
8
1
1
3
1
1
1
1
1
7
1
1
1
1
1
1
2
2
1
1
1
1
1
2
1
2
1
1
1
1
1
1
2
2
1
38
1
4
2
1
1
1
1
1
1
2
1
1
1
1
1
1
1
1
1
1
2
2
3
1
1
26
1
1
1
8
1
1
1
1
6
1
1
1
3
2
1
1
1
1
1
1
7
1
5
1
1
1
1
1
1
1
1
1
1
1
1
1
1
2
1
4
1
1
1
2
1
4
1
2
1
1
1
1
1
1
1
2
69
1
1
1
2
1
1
1
1
1
1
1
1
3
1
43
1
1
2
1
2
2
1
1
1
6
1
2
3
1
2
1
2
1
1
1
2
2
1
1
3
1
1
2
5
2
2
1
3
1
6
1
1
2
1
21
1
8
2
43
2
1
2
2
1
2
1
1
1
1
1
2
1
1
4
1
1
1
2
2
1
1
2
1
2
1
1
1
1
1
2
1
6
1
7
1
1
1
1
2
7
1
1
2
1
2
1
1
1
1
1
1
1
1
1
1
1
1
1
5
1
5
5
2
1
1
1
1
4
1
1
1
2
1
1
1
1
1
5
1
1
1
2
1
4
1
1
1
1
5
1
8
3
1
2
1
1
1
1
1
1
1
1
21
1
2
2
1
1
1
3
2
1
1
1
7
1
6
1
1
1
8
1
2
2
4
2
1
1
1
1
1
11
4
1
4
5
12
20
2
2
1
1
1
2
1
127
1
4
1
1
1
1
1
1
1
10
1
1
1
1
2
2
1
1
1
30
1
2
5
1
1
5
1
1
1
2
1
7
2
7
1
1
1
1
1
1
1
3
1
1
1
36
1
2
8
1
1
5
3
1
3
3
1
1
3
1
2
12
1
2
2
4
2
2
1
1
1
1
9
1
1
1
46
1
2
1
1
1
1
1
1
1
1
2
2
1
1
2
5
1
1
1
1
2
1
3
1
1
29
2
1
8
1
3
3
1
1
1
1
1
3
2
1
1
2
2
2
1
4
2
3
2
2
4
1
1
11
1
2
1
1
39
1
2
1
20
1
1
1
1
1
2
1
6
1
1
1
1
1
4
4
1
1
1
2
1
1
1
1
1
8
1
1
2
1
8
1
1
2
1
3
5
2
9
56
1
1
12
1
1
1
1
1
1
2
1
2
1
1
1
5
1
1
1
3
1
1
1
1
1
1
1
1
3
1
2
6
2
2
1
12
1
30
2
3
1
1
8
1
1
1
23
1
1
1
1
1
2
3
5
1
2
2
1
1
1
1
4
2
1
2
2
1
1
4
2
1
1
1
1
1
3
1
1
2
13
25
1
3
2
4
1
1
5
51
1
39
1
1
2
4
22
25
3
2
21
16
1
1
1
1
7
1
1
1
3
1
1
1
6
1
1
2
3
71
2
1
1
2
1
2
8
15
1
2
1
2
2
1
31
3
4
3
1
1
1
1
1
4
1
2
3
1
26
67
1
4
1
1
9
21
1
1
1
4
1
1
1
22
1
2
1
1
1
7
1
1
2
1
2
1
3
1
3
1
2
3
3
14
1
1
1
1
2
8
1
2
2
1
1
1
2
1
1
1
1
1
3
2
1
1
1
2
1
1
9
1
1
2
1
2
2
4
4
1
1
2
1
1
6
1
1
1
2
14
1
1
1
4
1
2
2
2
1
1
1
2
11
26
1
2
1
1
1
1
1
1
5
1
11
1
1
3
1
1
1
1
1
1
103
1
1
1
1
1
1
1
2
2
1
2
3
2
2
1
2
1
5
2
1
2
1
13
1
6
1
1
15
1
1
1
1
1
2
8
1
3
1
2
1
3
1
1
1
1
27
1
1
1
1
1
1
1
1
3
1
2
6
1
1
1
4
1
5
12
1
11
1
4
1
3
1
2
1
2
2
1
2
1
1
1
61
4
1
2
7
3
1
1
1
4
382
1
1
1
1
1
8
1
1
1
3
3
2
1
1
1
3
3
1
1
1
1
3
1
1
1
10
3
1
1
2
1
1
3
3
1
1
17
1
1
5
7
1
1
13
2
3
1
3
1
1
12
5
2
1
1
1
2
1
3
3
1
1
1
1
1
1
1
1
1
2
1
1
1
1
1
1
2
1
1
4
1
1
1
1
1
1
4
2
1
1
1
7
2
1
1
1
1
205
76
1
1
1
3
1
2
1
1
1
1
2
1
3
2
1
5
3
1
1
6
2
1
1
2
1
1
1
1
1
2
1
1
1
2
1
1
1
1
1
5
1
1
2
1
5
1
1
2
2
2
1
21
1
1
3
1
1
1
1
1
1
1
1
1
1
2
2
1
2
2
1
1
2
3
2
7
3
4
1
1
1
5
1
1
2
1
2
1
1
1
1
4
29
1
1
1
1
4
12
42
2
2
1
1
1
1
3
3
1
3
1
1
1
2
1
27
7
1
1
20
1
1
1
2
1
1
1
1
1
2
2
3
1
1
54
14
1
1
1
2
1
1
2
5
1
1
1
1
1
1
1
4
1
4
2
1
4
1
1
29
2
1
1
2
3
1
1
1
1
37
2
1
1
4
3
3
1
2
1
1
2
9
1
2
1
1
1
1
4
15
9
2
1
1
29
1
1
1
1
1
1
1
1
2
1
5
1
1
3
1
1
1
1
1
30
1
6
2
1
1
1
1
1
11
1
1
1
3
1
1
1
8
1
1
1
1
1
1
1
2
6
1
1
1
2
1
1
26
1
2
1
1
2
1
6
1
8
12
1
2
2
1
1
2
12
3
1
1
1
1
1
1
4
1
1
2
1
3
4
1
2
1
1
1
1
1
218
1
1
4
6
6
3
1
2
1
1
1
4
211
1
1
4
11
2
1
1
20
1
1
1
3
1
1
3
4
11
1
3
1
1
1
1
4
1
1
1
1
4
4
2
1
13
1
13
11
5
1
3
18
2
1
8
1
6
1
1
1
1
7
4
1
2
1
3
1
2
1
1
1
1
1
1
4
1
17
2
1
1
1
2
2
1
5
1
2
1
19
1
1
1
1
1
1
1
1
1
9
1
1
1
1
4
1
1
6
1
14
1
1
3
1
3
3
1
1
1
2
1
2
10
2
1
1
1
1
1
2
1
7
1
1
4
277
2
1
3
1
1
4
1
2
2
1
2
4
1
1
5
1
1
17
2
1
2
1
2
4
3
20
1
14
1
32
1
1
9
38
1
3
1
36
1
1
1
1
3
1
1
6
1
1
2
1
1
3
1
7
1
1
1
1
1
18
1
93
1
1
1
2
2
1
1
2
1
2
1
1
1
2
2
6
3
3
7
2
1
1
21
1
2
1
3
1
9
3
4
5
2
1
1
1
1
1
1
1
1
1
3
1
1
2
1
2
1
1
1
1
3
1
9
1
3
3
1
2
109
1
1
2
1
1
1
2
1
1
1
3
1
1
1
1
1
1
2
1
6
2
2
1
4
1
1
1
3
2
1
1
1
1
1
3
1
1
2
1
2
1
3
1
1
5
1
2
2
3
1
1
1
2
3
2
1
2
1
2
1
1
1
1
1
1
3
1
1
21
1
2
1
486
7
1
2
1
1
1
1
1
1
1
1
1
5
12
1
1
1
1
1
1
4
1
9
1
1
1
1
2
1
1
1
1
1
1
1
2
20
2
1
1
1
2
1
1
1
2
1
1
1
1
1
1
1
1
1
1
17
1
1
1
1
1
1
1
12
1
1
1
5
11
1
1
1
1
1
1
1
1
4
1
1
1
4
1
1
1
1
1
1
1
1
2
1
1
1
5
1
2
1
1
4
2
4
1
2
1
9
1
2
1
2
2
1
2
1
9
4
1
49
1
1
4
2
2
1
1
1
2
4
2
2
3
1
1
1
1
7
1
3
2
149
15
1
4
1
1
1
2
2
1
1
9
1
2
1
1
2
2
1
1
1
9
2
3
4
2
1
1
1
1
1
2
1
1
24
17
1
40
1
2
1
1
3
1
19
1
1
1
1
1
3
1
1
14
4
1
3
1
2
1
1
1
1
2
1
1
1
3
1
2
1
1
4
13
1
1
1
5
1
1
1
1
1
3
2
2
2
6
1
1
1
1
1
120
1
3
1
2
1
1
2
1
3
4
1
2
2
1
1
1
1
1
14
1
24
1
1
3
2
2
1
1
3
1
1
5
1
2
2
1
1
1
1
1
1
1
4
1
2
4
1
3
4
1
1
1
1
1
10
5
2
1
8
1
13
2
1
1
1
1
1
1
2
1
1
16
2
1
1
2
4
1
75
3
3
1
4
25
1
1
4
1
3
3
1
1
1
1
1
1
23
1
1
1
6
3
1
2
1
1
3
1
1
1
1
1
1
18
1
1
2
1
1
1
3
2
1
1
1
2
2
11
5
1
1
1
4
9
1
1
1
1
1
1
2
3
1
1
2
8
1
2
1
1
8
44
1
6
1
2
1
1
1
1
1
1
1
1
1
1
1
1
2
8
2
1
1
1
2
1
1
1
1
8
3
1
1
4
1
1
1
3
1
1
1
1
1
1
1
9
27
1
1
1
1
19
1
1
3
1
1
2
2
1
1
2
2
4
2
1
1
1
2
1
1
1
4
2
1
1
1
1
1
5
2
2
2
12
1
19
341
1
1
1
1
1
1
1
1
4
1
9
1
3
13
2
4
2
57
3
1
1
1
1
1
10
1
1
1
3
7
1
1
1
82
1
106
1
1
4
1
1
3
1
1
5
1
2
1
4
1
10
2
6
1
2
1
1
1
1
1
1
1
1
1
7
5
1
1
4
1
1
2
1
3
1
1
2
2
2
1
2
3
42
1
1
1
1
1
8
2
1
1
1
3
5
1
1
5
6
10
1
1
1
1
1
2
136
2
1
2
1
3
1
1
3
3
3
3
2
2
8
1
3
1
3
1
2
1
1
1
1
1
11
2
4
1
1
1
1
1
1
1
1
1
1
1
1
1
1
1
1
3
6
1
2
2
1
1
1
1
1
2
3
1
1
2
1
1
1
1
1
1
10
1
4
1
1
1
2
2
1
1
1
1
1
1
1
1
1
2
1
3
11
1
1
1
2
2
1
10
2
1
1
1
1
2
1
1
1
1
1
1
1
1
1
178
2
1
1
1
2
1
1
9
12
1
1
1
1
2
1
1
1
5
3
4
1
1
1
1
1
2
2
1
1
5
1
1
54
1
3
1
1
1
4
7
4
1
1
3
1
13
1
1
1
1
4
1
1
4
1
1
1
1
1
2
9
1
4
1
1
1
1
93
2
1
1
1
1
3
1
4
1
1
1
1
1
3
7
1
1
1
1
1
13
2
1
1
2
6
4
27
15
1
17
1
2
2
1
1
11
1
1
1
5
2
1
1
6
2
1
12
4
2
8
2
1
1
1
1
1
1
2
1
2
1
17
1
1
1
1
1
20
2
1
1
1
1
1
2
1
1
3
1
1
1
1
1
2
1
2
1
4
1
1
1
4
2
1
1
1
1
3
1
1
2
1
2
1
1
16
1
1
4
6
3
1
1
1
1
1
1
2
2
1
2
1
1
1
2
1
1
1
1
1
8
1
1
4
5
4
1
1
1
4
1
3
1
1
1
1
1
1
2
1
2
1
1
1
3
1
1
1
1
7
1
1
1
1
8
1
2
1
1
1
1
1
1
1
1
90
1
12
1
2
1
2
2
86
1
2
1
4
1
1
2
39
1
1
1
1
5
1
2
1
1
1
4
2
1
2
1
4
1
1
9
1
1
1
6
6
1
1
3
3
1
1
2
5
2
1
1
4
1
1
1
1
1
1
3
2
2
2
1
2
1
3
1
1
1
2
4
3
1
1
2
2
1
1
1
7
16
1
1
1
1
46
1
1
1
1
1
2
1
2
1
2
1
9
1
3
2
1
1
12
1
1
1
1
4
1
1
1
4
1
1
3
1
1
6
1
5
2
1
2
3
1
1
1
3
1
1
1
1
1
2
1
2
1
1
1
1
3
1
1
41
8
3
9
3
3
7
1
6
1
4
2
3
1
1
1
10
2
4
1
2
1
1
90
1
2
1
2
1
21
1
1
4
1
2
1
1
1
7
1
2
3
1
2
1
1
1
1
3
2
5
1
1
1
3
1
1
1
2
5
2
1
1
1
1
2
1
1
2
1
1
5
25
1
3
1
1
1
1
1
1
1
1
9
2
1
1
2
1
1
2
74
2
70
1
2
1
1
1
1
339
5
1
1
1
12
1
1
1
2
1
15
5
1
1
1
1
1
1
12
2
2
1
2
10
2
2
291
3
8
1
1
2
2
3
5
14
6
1
9
1
3
1
2
1
10
10
1
3
1
4
3
1
3
1
1
1
2
1
2
1
20
1
1
3
1
5
1
1
1
3
1
1
1
3
9
1
3
2
1
1
3
1
2
8
1
8
1
1
1
1
1
1
1
1
1
2
1
2
1
4
1
1
4
1
1
1
1
1
1
1
1
2
1
1
35
1
2
1
11
1
68
1
1
11
2
2
1
2
2
1
1
1
1
1
2
1
1
5
1
1
1
4
1
1
2
13
3
2
2
3
1
1
1
1
1
1
151
1
3
1
4
6
1
1
2
1
1
1
2
3
1
2
1
1
1
1
1
2
1
1
1
3
1
1
1
2
1
1
1
1
1
1
1
2
1
2
5
1
1
17
1
3
1
1
21
4
4
4
1
1
1
9
3
1
2
1
1
4
2
1
1
3
4
1
1
1
3
4
19
3
1
1
5
1
1
1
1
1
2
1
3
1
1
2
4
7
1
1
80
3
1
1
1
1
2
2
1
3
6
6
1
1
1
30
1
2
2
1
1
1
1
1
1
3
1
2
1
1
2
2
6
6
7
1
6
11
1
1
1
6
1
1
1
1
1
7
9
1
2
1
1
18
12
1
7
1
2
1
3
1
16
1
1
1
1
3
2
1
1
1
48
1
1
1
10
1
1
4
1
1
1
1
1
6
7
1
2
2
5
5
1
4
1
3
1
1
3
2
3
8
1
2
3
3
1
1
1
1
1
1
1
10
24
1
1
1
1
1
1
2
1
12
125
1
1
1
1
1
1
3
1
19
4
1
1
1
1
1
2
1
1
6
1
1
1
1
1
2
15
3
1
3
1
1
1
1
1
2
1
1
1
1
3
4
1
3
1
5
1
1
1
2
2
1
2
2
1
1
1
3
1
1
1
2
1
1
2
1
5
1
3
5
1
1
3
1
2
15
1
1
1
1
1
1
1
2
15
1
4
1
4
3
12
4
1
1
2
1
2
1
1
1
7
1
1
5
1
1
1
77
1
3
1
2
1
1
1
1
1
1
2
6
5
1
1
1
1
3
1
1
1
1
1
9
1
1
1
3
1
2
1
21
3
1
7
1
1
2
1
6
1
1
1
3
1
1
2
3
1
3
1
3
1
1
2
3
1
1
3
1
1
1
5
1
1
1
2
15
1
1
5
109
3
6
1
1
4
2
3
1
20
1
1
1
1
1
1
2
2
3
5
2
2
1
1
1
1
1
1
1
4
2
1
4
1
1
1
2
1
1
1
3
2
1
1
2
3
12
1
2
1
13
57
3
1
1
1
1
1
1
1
4
3
2
1
1
2
72
2
1
1
1
1
1
3
3
1
2
1
1
1
1
1
1
1
1
3
1
8
1
1
2
4
16
1
19
1
1
1
17
1
47
1
2
1
1
1
1
1
3
1
1
1
1
1
1
1
1
1
1
1
1
1
6
1
2
1
1
6
1
2
3
4
1
1
11
1
1
1
1
1
1
1
3
1
2
1
1
3
12
1
1
2
2
2
2
2
1
1
2
2
1
1
2
1
1
1
2
28
1
6
1
3
9
2
2
1
2
1
3
1
1
1
1
1
1
1
1
2
1
1
2
1
1
1
1
10
5
1
1
6
2
2
1
1
1
2
5
117
1
1
1
28
1
1
4
2
3
1
1
2
1
1
1
5
1
2
219
1
1
2
3
1
2
5
1
4
1
1
2
1
1
1
2
1
4
1
1
1
1
4
7
2
3
2
3
2
4
3
2
1
1
1
2
1
1
1
1
1
1
1
1
1
1
1
3
1
1
3
1
1
1
1
2
2
1
1
3
1
5
1
2
1
1
2
11
2
4
1
17
3
1
2
2
1
1
2
1
1
7
1
1
10
3
1
22
2
7
8
7
2
1
2
1
1
2
1
1
1
1
1
1
8
1
2
1
1
1
1
3
6
2
2
1
1
1
1
6
5
2
9
2
1
1
2
2
21
2
2
1
1
2
1
5
1
2
2
1
5
5
2
3
1
1
1
1
4
1
1
1
1
1
5
1
1
2
2
1
1
2
1
3
2
1
1
1
1
4
1
2
1
2
4
4
2
1
1
1
1
1
26
1
1
1
1
5
2
1
2
1
2
221
1
2
1
1
1
1
12
3
1
1
6
1
1
1
1
3
1
1
1
4
1
1
1
1
2
4
1
3
1
1
1
1
1
1
1
1
4
5
1
1
23
1
11
11
1
1
1
3
1
6
1
1
1
1
2
1
1
1
1
1
1
