1664
2387
1164
987
327
424
37
13
560
431
359
22
2398
1354
367
2495
1
91
2106
543
1671
348
1438
1624
470
898
213
189
89
1406
10
1568
1133
478
2359
328
656
870
1072
713
29
88
540
108
1574
2169
931
1969
1
28
876
371
1146
5
31
11
809
153
376
333
267
1012
726
8
1712
939
1360
2082
349
1046
37
10
15
1476
1370
2404
93
54
42
1505
2103
168
332
2049
1470
21
575
1885
71
2110
1226
1532
1080
666
1811
127
1078
735
33
855
86
1286
1412
959
1704
124
711
2
148
478
655
4
285
1260
1691
1366
47
31
1394
155
1636
1752
321
19
546
1829
1078
125
284
2453
224
2156
1063
1425
219
348
1947
1757
513
9
298
7
602
298
522
1523
822
1881
1484
2060
11
670
57
18
85
1042
612
344
1
11
1992
1872
449
45
619
561
1922
530
764
805
219
501
1382
760
2027
278
655
999
664
30
962
4
157
39
1480
199
79
1164
472
837
396
10
82
2468
1379
104
757
1142
637
2298
3
50
472
330
755
1413
45
1373
944
1763
606
158
659
852
1999
105
308
1397
1
275
2404
2146
674
680
77
301
1442
2089
2058
102
1910
1760
705
637
103
2212
433
760
7
1040
647
1259
2026
564
1293
10
68
932
1702
579
2443
1789
1164
2238
914
1409
1916
508
1002
475
1563
276
1593
1
747
1319
1274
10
701
7
1444
1026
332
135
722
359
1430
749
18
2356
763
1282
92
325
1612
1597
526
508
555
50
663
33
1058
678
1021
1333
583
165
87
25
1720
1219
484
831
807
330
542
356
1798
1395
366
456
1494
1450
66
78
878
1370
30
549
768
1040
163
573
294
1561
623
396
1009
1028
134
724
796
575
103
315
757
172
1127
947
159
1218
2094
2118
217
813
153
658
1105
30
341
1305
19
37
68
197
758
1166
567
642
21
26
393
1847
1395
908
23
1
58
169
3
1803
798
836
1365
282
995
1166
34
1592
85
2240
137
57
596
913
33
9
5
1981
237
194
124
436
1437
638
1692
817
519
37
258
2435
447
1365
2397
468
1515
663
42
62
1052
605
531
1238
883
1785
216
369
1599
1927
2026
1656
2145
892
861
70
2312
230
1497
73
1624
156
993
92
282
860
1081
2
439
1077
1159
453
1670
1329
218
888
1895
635
124
58
1843
436
1162
2202
1106
650
241
21
8
1576
93
1785
735
209
2115
358
150
42
1857
96
40
772
2088
134
544
22
984
2213
5
1466
68
93
21
2296
1358
262
804
530
9
190
2106
1335
826
1885
953
2210
237
2314
544
307
670
34
10
1523
1
1047
8
902
280
404
2111
1781
312
1788
214
1309
271
509
365
351
116
807
800
655
213
178
39
526
75
1778
86
24
286
353
407
77
1517
361
2055
83
1607
698
804
131
64
2184
1596
2474
1618
999
647
1228
8
845
294
3
1910
631
1119
792
2395
1340
1698
2079
2462
314
100
336
16
473
1084
1770
3
1331
158
1729
18
235
1190
1178
1135
280
1744
2073
167
1705
2112
19
274
2458
890
959
73
1553
2166
432
445
32
1009
583
7
22
416
490
1541
1266
1740
1546
356
362
636
1073
1048
2007
570
1042
2415
233
1066
1238
29
1202
1550
659
5
1716
2476
310
1139
544
1255
916
11
394
865
2051
40
89
2102
2189
1
216
795
1003
4
26
2124
21
450
807
167
174
1807
917
1881
898
136
548
401
154
1358
274
1182
823
1563
1575
695
49
638
1128
2358
373
384
1268
1704
652
57
2142
2
285
1121
70
174
1464
537
1236
977
2455
1225
1088
2271
2146
193
789
269
2174
1193
1381
30
57
1315
241
1242
185
165
1637
677
1643
329
228
2241
1
2102
321
1195
977
1955
1681
1200
686
1487
433
380
877
218
26
666
308
1554
1491
2290
2172
238
35
54
1988
1257
39
494
400
1101
297
1537
455
1403
1734
1500
149
2397
1727
1
1147
247
1910
543
105
1893
713
674
922
640
558
48
2205
342
593
2399
492
1971
97
178
28
566
398
175
1462
354
1684
1142
258
367
993
691
2027
809
1637
1976
827
624
1
1941
2468
458
729
1633
115
2119
710
1774
1982
761
223
218
2376
682
251
6
1078
3
20
80
272
1585
438
1081
638
2426
835
1792
224
375
188
1191
321
2123
2331
362
466
241
733
787
385
814
632
2175
2043
77
1406
751
1
2211
505
551
681
581
920
379
604
198
1500
47
1456
181
1206
100
868
1881
62
19
253
1937
1223
36
577
286
50
398
1923
881
579
1805
1
2284
43
443
182
12
1852
721
59
2
17
110
4
2146
2472
58
519
1008
156
660
795
395
155
2141
158
166
830
2141
1023
2201
1
427
20
1592
1047
476
1604
516
2051
513
2168
959
1
22
1603
95
1063
274
459
121
93
868
250
475
896
845
84
14
2380
249
1609
2327
83
579
92
1258
1841
1544
485
1988
1163
1759
248
2496
712
50
310
1065
420
2090
215
1202
1887
757
1100
932
88
416
1627
1723
2277
1245
447
51
775
1444
1938
5
2098
222
208
860
1981
1159
1077
808
1771
306
1806
206
1220
521
2
668
468
135
128
835
841
694
1391
981
1943
1044
596
55
1031
365
204
1441
464
1492
1060
466
564
703
1425
17
1
1167
1393
2113
1587
60
6
221
347
1664
446
7
685
382
1333
920
1002
136
11
457
371
431
2489
7
1442
208
1130
1680
44
13
77
1
2036
476
21
468
1368
2123
458
133
1128
85
1254
370
209
499
71
565
532
9
687
707
1383
1912
1180
877
2
4
2273
225
1408
273
1663
267
1703
505
265
618
654
1398
1444
409
190
872
1281
1297
474
1484
56
1355
91
97
1137
43
500
1203
482
818
8
1432
1152
1314
288
93
820
1237
674
41
549
970
1040
319
398
225
995
2
1166
893
258
127
6
1081
132
199
1393
288
643
847
1285
261
1017
1813
2052
1142
83
123
109
862
251
462
1995
1946
126
483
1617
1154
32
2149
2102
1267
43
1368
1556
1027
182
1
451
245
1539
1966
125
209
2331
656
510
5
19
1195
675
1351
129
2209
236
54
867
194
515
43
220
1167
134
464
81
803
113
183
831
1814
1494
1905
230
1183
545
460
887
54
25
2194
1941
430
65
369
1099
611
7
18
2384
1879
173
785
2108
2
255
817
1957
29
2435
672
792
90
1580
1508
130
336
193
1
291
2172
12
33
1914
728
1714
32
2349
175
2239
1128
139
1596
1153
1435
1945
412
687
644
1639
543
529
991
2219
1871
925
160
764
1252
938
46
240
292
80
927
1651
52
221
148
15
1261
1974
866
2247
2499
272
295
2077
1291
2052
766
236
542
41
98
295
264
799
468
35
1660
1261
1148
2013
429
2142
904
778
1335
2300
212
1706
928
1804
1206
986
909
357
1405
3
216
1789
655
493
773
2151
1104
1938
1638
1324
61
430
2104
1326
2167
2176
1452
592
2415
1110
198
222
50
393
2078
2454
2017
834
428
1365
2111
1903
72
6
372
1003
99
379
526
874
125
1028
745
236
2041
777
74
173
1896
510
95
902
195
373
1957
115
2178
519
1021
238
185
649
913
1179
2467
944
2161
1695
1714
1132
1857
1284
651
265
151
1116
2094
117
522
1184
1365
413
1710
118
2
165
201
588
169
419
723
317
343
107
885
969
667
36
833
1185
39
2158
1145
2177
1993
1724
360
32
23
45
555
944
1024
378
1374
62
8
2163
984
351
765
2159
113
369
801
2024
998
88
362
49
1618
926
1334
282
1544
1025
206
1299
323
2414
825
1907
1021
598
176
634
533
73
1743
168
1958
667
573
1079
363
1267
1570
1
439
321
1269
144
64
136
1075
1441
2316
1994
33
734
1947
247
555
260
794
2058
874
2232
1562
1938
1394
157
2297
64
2276
71
114
2
2123
75
756
103
382
397
1955
1261
19
855
2059
714
2290
376
378
1895
638
1046
2120
1094
1492
309
1454
750
75
369
50
2259
5
809
468
433
1975
114
346
268
17
2267
308
2350
1867
1921
181
1308
2078
861
119
1300
228
1385
431
46
1534
4
340
2174
1
1015
253
51
202
222
522
1496
2103
1592
365
2366
757
2389
1610
1541
1415
342
147
112
2256
237
200
2227
363
2164
71
2466
1407
657
32
55
215
505
2383
1042
699
307
1309
511
337
21
73
177
2491
132
2405
672
1043
1634
343
82
2451
215
1288
1144
744
1260
1616
493
364
466
264
2022
948
1137
10
46
45
700
540
411
2168
1808
23
206
2357
727
47
1982
1497
764
1239
1975
1615
3
620
16
2303
14
1858
119
73
5
1
172
131
34
1779
1
783
579
148
5
63
11
1535
671
74
153
1151
1292
74
48
45
1316
100
1860
135
2
1400
165
2449
608
256
1942
1584
784
1157
969
2327
223
182
2140
409
895
957
1903
959
1312
381
1182
695
11
228
34
436
80
775
1430
295
593
1005
178
141
1692
154
16
1717
98
128
160
34
2191
98
962
410
820
92
2230
342
728
1
1
226
1613
212
293
2213
883
1608
54
1
2003
1237
9
2180
775
922
189
1101
576
10
2055
248
363
2439
763
579
2048
1728
11
2
30
1869
578
12
669
2447
322
25
905
64
1587
209
170
238
132
525
2456
53
2137
28
1453
46
845
2
1370
1752
126
8
1651
20
956
799
621
468
580
1673
2429
946
2054
484
395
1627
1355
789
1080
21
50
2402
14
1655
234
2408
2214
2480
1972
1362
1402
1612
574
2143
550
1172
470
5
84
678
40
365
494
1174
1
2018
888
37
2293
7
871
879
1260
148
1741
54
1964
285
127
1147
1529
2245
1816
1829
1511
667
2279
1021
859
1793
1764
822
46
1605
27
465
2116
1984
464
2113
2299
1555
698
569
2386
1674
131
62
852
678
970
526
565
783
143
407
416
2136
896
1638
1820
692
186
158
586
1440
206
49
495
686
656
138
1940
217
1074
41
2127
396
1517
200
471
1873
648
1296
2095
1144
964
218
1116
658
242
249
543
131
163
90
2497
441
876
43
291
1295
1
1393
2131
566
78
62
1018
229
1402
2130
79
1598
746
304
34
1625
2222
138
475
2302
22
31
631
2417
382
65
674
265
507
1192
114
1080
56
1346
37
56
795
1564
53
226
294
1528
3
693
1177
1070
63
1903
482
2284
15
1222
29
2134
1343
1229
40
2278
1708
4
667
1978
345
4
980
30
193
357
1043
385
5
540
2402
267
406
336
414
2452
275
137
1109
1783
1137
405
192
246
1435
1754
1360
134
1852
665
68
538
2064
2275
9
543
2356
2075
1007
130
121
1429
1174
578
485
385
26
989
1710
128
96
1019
6
5
880
757
1199
2464
83
4
16
207
10
1164
128
87
751
7
1237
2324
583
2216
577
116
837
1669
9
48
1017
14
967
2243
234
949
1122
1009
124
127
56
1098
300
90
1833
1229
699
415
273
27
960
485
1642
28
378
131
2206
182
5
372
310
987
153
1755
110
2021
1591
9
940
2413
80
476
373
255
3
79
2437
1118
84
117
108
1731
746
1223
334
488
2134
452
1363
1
102
1597
715
119
204
1082
50
1346
27
1
949
8
8
77
6
623
929
1112
471
258
1177
490
1685
1295
2361
1741
1483
490
1265
628
1438
1552
912
671
1393
438
1098
604
772
1969
2090
670
338
2095
843
1121
271
240
107
648
904
553
1162
19
1552
961
1826
265
703
14
2430
1444
452
1779
1915
1156
1251
1054
782
152
2
2105
155
235
6
15
667
55
3
213
933
47
32
610
1603
107
1614
375
444
2339
1475
16
1
3
188
2226
818
1387
40
261
7
399
35
223
4
2285
26
9
8
373
1877
2123
744
88
346
601
2233
2336
1730
1355
1950
1721
1731
546
980
77
1
274
1055
531
398
817
920
1418
1328
915
54
107
1226
122
1447
16
415
1770
45
2342
424
10
645
7
1761
99
33
338
51
209
412
1207
1
1245
2354
362
2376
2334
181
4
437
106
105
785
99
600
285
2340
856
82
1654
20
1130
1376
124
1455
43
1132
1266
1802
51
2
1328
18
87
2143
2114
538
314
505
6
426
1239
30
2265
326
340
2253
855
1740
1031
1806
1
291
40
1253
1435
2391
113
310
2291
269
4
2333
1349
2231
957
621
154
162
344
3
221
2306
101
690
338
456
2414
854
675
1
1743
558
127
570
1310
847
1631
996
1947
151
825
12
1580
1003
687
320
1844
11
200
2433
1053
700
2285
53
957
57
769
1412
331
398
503
1383
622
1159
143
210
4
710
1153
1541
749
697
800
142
380
1315
333
1552
1497
644
1497
202
160
991
1787
413
987
38
2070
529
477
104
2489
2394
33
24
1236
194
2417
491
171
1582
2318
15
120
82
132
33
848
226
508
64
493
2280
729
268
130
25
1457
1278
46
392
186
247
4
25
1870
662
2344
263
1820
788
200
1441
584
796
1580
2
4
52
1067
1079
1158
1622
786
292
126
2101
189
2216
584
484
21
281
811
1485
2169
1038
1316
29
388
689
33
51
1791
2065
1105
1803
1212
1159
190
1055
393
2253
1389
293
1689
2
301
2316
1748
2406
571
2393
1876
956
1418
1050
600
1592
534
1157
1671
1763
489
1063
737
1060
226
543
990
131
185
2203
2101
1404
1633
2161
34
534
32
219
10
2302
10
164
241
254
12
837
474
272
1658
1844
243
24
620
83
1378
11
125
1939
347
1437
403
402
1756
1271
2050
345
126
94
501
7
791
2009
2413
772
2090
1442
66
186
2354
64
1605
1681
424
2154
82
225
2478
2194
1201
220
395
120
662
1666
1891
6
52
926
1436
1666
1849
703
902
41
1559
1298
121
346
636
2003
162
2218
8
985
1097
101
827
4
709
1947
2337
84
160
61
2300
217
1465
340
575
825
1496
1088
100
2049
82
141
88
1116
208
309
10
310
936
2127
619
97
1105
663
575
799
1875
1848
2486
169
1895
1639
1244
2349
1348
1725
619
7
1995
1554
564
877
31
169
96
2025
843
200
2054
299
452
2126
30
930
921
1366
1528
39
952
1825
1323
27
2347
673
299
79
1852
1765
2421
1273
1528
236
469
137
78
195
1100
550
923
1953
148
228
819
386
959
128
400
936
1648
167
2252
2076
1018
504
1892
33
1846
1952
152
2020
411
1059
1737
10
261
1551
16
1214
1799
79
2330
553
55
1349
1821
2309
667
8
1166
578
1327
337
2139
706
672
1413
144
2485
793
829
625
43
225
2197
9
1555
771
2003
2111
756
1389
900
351
2271
671
463
749
1779
102
58
30
2377
1389
2179
837
1166
2010
969
1228
17
1730
1706
1505
755
1332
1389
472
1333
29
1761
2293
537
592
27
1390
7
147
1626
7
30
527
433
4
1303
487
283
282
716
668
1016
240
160
140
31
2333
1471
591
1864
2385
208
34
392
423
1454
187
38
1342
586
109
395
2220
1
60
115
332
220
108
2162
1505
464
97
1826
2350
771
523
1445
922
2357
1913
1744
808
526
2173
126
781
1559
2033
727
415
765
1054
2420
19
1629
147
314
1957
395
2139
2344
1324
172
968
1800
618
520
1338
515
2370
15
176
1006
569
24
2302
103
737
1508
1355
235
363
3
2099
1704
32
344
299
162
2470
332
227
1496
1840
1106
890
318
580
593
3
1008
668
2268
241
60
2292
358
1171
725
1938
1677
1151
146
1819
166
954
5
1468
404
47
1597
1446
1540
340
28
430
2451
754
1332
2086
2339
1185
161
792
479
33
2470
22
448
944
13
571
2008
103
972
57
1682
22
1270
4
33
63
1285
1093
1162
202
1
542
2250
15
553
1389
21
9
1443
959
240
1640
119
252
689
453
950
1064
21
506
1568
1249
180
1112
741
667
912
87
2069
138
52
906
507
53
1288
917
599
1828
5
660
83
854
1477
883
478
16
31
283
461
707
673
180
74
1627
55
979
882
1269
1633
103
2142
366
846
321
285
1025
138
944
825
101
87
2349
379
46
1303
1241
1598
958
1191
717
7
264
1470
1106
40
722
67
573
39
658
409
237
678
2304
833
217
90
666
44
2049
96
429
2406
114
223
825
523
51
609
1118
640
1521
113
1489
2462
655
18
162
2052
623
1486
147
1878
2438
1496
1120
786
1744
988
2275
2
7
1816
1009
856
2450
280
964
3
717
1353
390
6
2493
567
192
285
759
4
1196
2407
1152
690
2047
93
155
2357
1714
1587
660
1631
465
1394
68
232
734
619
188
208
2183
965
1587
243
336
1312
87
1992
24
720
1511
1479
829
1165
488
841
1396
197
523
684
2159
297
90
24
1168
164
891
107
427
19
305
24
1917
452
371
319
185
607
755
8
180
95
1189
937
642
964
241
39
468
2278
639
1790
1751
425
2322
21
2128
11
298
25
1104
677
267
541
1512
4
2052
1586
193
472
100
33
11
1482
1026
2243
29
511
1188
42
1324
93
1648
110
1826
761
525
1706
10
3
1067
38
932
39
793
22
1371
1297
1977
460
104
716
851
523
1244
33
1150
2395
2081
177
829
1342
1150
45
8
908
934
185
5
1483
709
59
1712
21
433
316
585
99
218
1899
2477
515
429
721
10
218
439
711
431
1156
1827
589
957
479
885
66
1755
45
1560
141
1644
320
254
182
111
2402
3
143
1961
1018
508
2
2195
1975
351
155
1056
171
281
106
1156
298
1918
79
675
701
276
1
109
2110
912
2333
4
1037
1244
2
138
48
410
257
2
631
210
1389
1964
1548
1834
841
25
206
2043
251
1984
250
2447
2205
1492
492
1296
706
513
1704
2263
197
317
697
489
1944
662
39
1578
1607
2441
764
2297
568
2332
1801
1829
2114
1162
1810
2281
2070
93
51
1595
284
93
2475
2173
900
3
2194
2241
158
616
180
227
84
555
281
1188
1470
1229
2
1000
1794
1127
169
2324
207
1517
226
2120
2424
1389
6
413
170
2343
455
503
251
336
358
883
1933
31
463
1979
221
727
46
1369
1326
2267
306
21
806
2034
996
2298
1011
1856
484
236
2169
908
2268
2452
475
1111
135
1594
1327
85
191
813
680
2076
435
891
2233
15
138
1704
2464
2006
280
1241
1156
2354
1111
2466
341
1630
1487
327
1435
195
451
1662
249
128
1727
582
630
1743
157
1054
1214
1
620
2356
54
46
47
143
360
961
354
48
398
613
254
36
1770
280
222
301
1317
1469
440
1144
2012
270
283
1553
858
1989
1258
147
38
306
351
93
392
1945
27
853
423
1921
1239
503
20
1248
324
334
633
43
12
1362
2006
346
608
108
50
1391
109
52
16
128
125
759
1191
402
525
1562
818
607
1400
32
332
1210
2175
273
2081
1487
63
1879
1273
1288
461
545
572
370
146
456
2166
689
405
1190
522
739
1222
2114
2290
836
555
1089
2262
1279
310
2125
2075
8
7
1432
1895
82
794
1689
1363
463
556
1504
70
65
1181
308
1423
1482
654
922
844
1459
595
51
108
202
2446
1292
304
798
847
1747
40
2230
415
1562
1306
407
1431
1654
705
423
134
243
1
1804
1
230
167
456
377
1271
1736
437
1
495
277
2148
658
3
2474
8
46
537
473
765
200
104
1790
920
2482
283
2065
48
1771
1044
237
882
27
1233
11
5
173
2109
63
1635
1942
2169
599
126
5
41
2132
845
391
1698
529
5
897
2029
1728
2233
745
2006
296
1373
46
521
1954
537
1324
241
1295
368
434
1803
97
1518
2082
516
41
847
1972
838
2083
1686
62
1607
605
1822
1239
424
809
43
219
1116
444
1125
1534
257
162
810
160
1216
178
750
1269
1471
1878
942
4
1604
11
50
2274
41
2051
2031
765
307
938
1115
2182
520
1900
1660
2480
598
936
326
397
1119
581
2146
2183
2272
810
469
202
1509
1963
1712
1042
242
81
305
736
1068
1559
1518
629
244
686
2163
365
503
1173
1804
25
1756
665
2262
95
7
269
737
1971
182
338
493
2393
1040
953
471
255
35
193
22
1553
341
10
450
2302
72
19
444
5
1780
1514
375
1
2254
347
759
1649
1060
584
561
1563
886
6
440
249
715
375
5
369
484
241
91
1127
30
287
280
1473
2239
2112
1814
672
431
799
68
1594
120
2095
1746
123
2100
19
1834
48
15
1238
17
1
107
295
1624
1134
1465
2369
1320
364
212
945
1329
1314
2342
246
1178
859
1737
240
2239
1241
598
13
1497
29
1861
2011
1727
147
1028
82
661
1233
204
1783
19
924
1434
1531
48
2068
120
65
560
59
672
3
690
291
446
3
118
46
1825
183
307
2280
373
1446
887
2
1426
49
205
679
475
2254
1966
1716
442
378
1081
148
217
249
1062
46
879
61
169
137
114
1043
789
650
4
1694
62
522
1573
2212
388
1839
654
282
101
1463
118
139
590
795
86
52
2392
1588
1705
788
1769
1779
1761
1871
35
169
719
4
100
943
75
690
74
686
1284
242
1339
57
1515
755
11
2110
4
126
48
599
2480
105
1450
432
1300
414
533
179
157
1710
2462
1060
2248
1734
28
268
187
969
1659
216
1870
1388
914
239
195
3
286
43
1003
245
374
44
1604
2222
535
36
717
734
683
786
260
29
1202
356
5
1462
895
206
91
1623
2415
267
1637
1
1144
96
1
14
877
1189
786
3
1401
773
2295
751
2397
190
155
2226
295
2229
1069
29
86
117
1697
2334
1946
1096
938
1231
576
2318
2000
11
16
389
2070
2478
801
11
340
252
1988
404
1269
744
2217
33
349
1974
344
2460
289
435
57
16
25
2057
78
2124
115
79
138
1075
85
1645
1821
2223
339
271
2336
650
1
496
1208
234
1625
87
1263
2027
1491
88
1069
582
1271
138
51
523
93
203
137
604
92
107
2463
672
737
68
95
570
1713
1297
1567
3
11
1935
407
1197
1680
81
625
372
106
57
2494
44
881
1390
1219
384
765
233
841
537
220
290
2069
1207
521
29
205
14
476
357
1420
1368
1594
82
1272
134
48
63
1230
700
25
1618
14
1029
840
548
2353
1759
1465
1988
285
2116
80
12
221
805
1287
7
1524
178
2125
1388
213
1594
1
2184
864
2298
814
2112
345
2274
2175
2106
2126
995
650
160
1150
155
1942
1893
1628
1939
277
198
38
522
17
1526
1293
1213
1607
2130
502
1760
2467
1483
907
49
1
1913
1791
2240
1590
150
1348
601
1118
49
2161
626
368
1579
1069
1963
515
24
25
1597
1469
2499
730
24
48
1696
1792
501
12
2357
2045
405
1552
701
396
153
1080
2489
1600
1905
951
1685
2098
224
1968
1
166
74
421
178
277
38
237
865
168
1101
1644
1154
264
1171
304
1366
656
1998
2373
2
1
547
2016
631
595
325
1734
1713
112
668
521
1802
256
308
225
260
1174
2324
2222
14
1183
216
344
365
917
119
1579
2135
1766
175
1224
319
4
607
766
40
762
1055
1473
77
831
1635
950
1804
2209
1268
89
1357
1682
2119
482
836
871
50
136
442
892
77
145
76
391
2219
1330
976
1916
142
171
110
399
391
1091
916
1691
1115
1970
1929
1458
24
669
185
998
1100
2237
1
2201
18
100
176
2308
594
277
2343
2155
180
2184
189
420
173
299
19
1396
778
218
779
2016
2470
1505
2286
2061
97
373
255
1150
6
203
172
9
62
2230
978
211
15
44
866
2086
352
774
2262
117
4
2113
193
1143
4
42
1558
9
131
2091
225
1351
75
322
1018
61
44
486
144
2
9
1207
1501
259
336
2143
661
4
1043
81
1558
17
397
421
286
525
579
819
13
268
228
1602
9
154
1076
422
1753
3
788
1100
426
778
2183
243
2449
1925
2318
1269
244
1101
168
551
31
285
235
279
2049
438
238
2068
153
31
456
1926
633
6
501
849
801
1693
382
85
2200
2134
567
394
990
24
2
1279
872
12
181
388
273
2030
404
1377
1910
2460
438
46
346
761
8
912
1425
1689
1460
165
775
3
1468
151
81
1257
1054
229
29
379
493
175
744
22
2
2119
1266
818
2277
532
2487
1252
94
1767
234
1596
1090
1559
68
545
718
229
2147
1674
261
1446
1882
182
1295
1524
1656
1323
348
744
597
111
756
463
1523
438
1545
856
2099
19
858
98
595
855
815
4
1340
2057
2474
1268
301
1433
157
6
15
94
2186
1980
79
946
29
1570
75
533
612
2300
104
1947
1869
1700
524
181
1542
322
715
947
1183
1923
712
1008
1725
1586
8
2340
1222
1208
259
668
321
1537
522
159
240
1811
269
243
435
1684
139
246
1236
2063
159
42
1528
510
695
1709
344
303
1062
326
404
1209
2039
236
49
1030
143
2099
15
1790
24
10
581
2007
10
240
102
823
1214
2090
28
932
674
334
810
804
359
212
16
147
1007
261
1681
249
1821
693
747
914
382
68
129
82
481
789
1472
1237
131
1098
119
365
1342
77
1470
1085
878
238
1674
123
2392
1939
190
935
1617
9
2401
1580
743
1361
2209
304
1907
832
2311
34
1870
458
1547
1070
335
620
2482
1
71
2440
1670
45
2270
727
266
2122
984
995
1461
1299
33
259
722
1001
37
2464
2064
2494
239
949
2487
212
9
751
868
783
489
1147
2
45
976
150
1898
1009
13
1631
1344
1226
1099
212
143
1582
96
832
101
1
1422
2385
2473
1613
79
2055
4
706
76
2
1045
2323
55
8
348
1731
41
1700
80
1785
43
1232
2323
24
314
1770
793
1898
286
1436
172
936
886
1996
671
218
409
2062
7
1679
17
159
279
2320
1277
1951
1874
2134
72
8
909
1498
1
1501
164
1645
387
1230
9
970
1533
146
305
1851
1019
703
1101
1069
1015
433
1
310
88
1
930
942
4
1791
2485
30
127
193
100
2248
1706
26
231
1140
2331
1074
96
694
189
310
140
1162
2124
904
2342
249
2063
630
2463
2421
1438
28
28
2282
2338
900
433
142
2456
63
29
645
799
769
593
254
766
1563
27
121
15
2269
174
218
883
156
1790
819
1742
396
267
13
766
1672
1526
2227
369
2051
1141
2233
549
840
2129
1044
279
522
1339
1989
398
871
144
2368
1952
1382
232
1833
956
329
781
36
321
875
16
1268
452
54
997
145
39
721
72
211
1215
359
7
23
311
882
799
2498
1945
1749
44
490
490
353
371
1856
2226
1173
689
1965
4
1165
2329
2026
782
2
275
2148
337
885
1311
2323
1819
899
1724
179
333
372
163
766
334
1025
345
503
38
1898
285
1495
575
1305
2305
2306
2090
846
1004
722
2105
54
801
1054
1662
10
34
863
248
2303
39
982
124
360
622
363
263
1916
15
106
1860
1225
339
1422
994
2046
1345
1143
2095
2449
1327
232
1412
1
2041
1209
33
79
193
877
2019
1743
1892
2135
2024
1364
1414
3
1926
1454
1762
986
1786
356
12
1578
1384
1110
35
127
935
342
1424
1306
716
16
52
676
820
2327
1952
67
83
255
50
1465
2085
1392
1258
639
166
950
535
2495
1219
746
1792
822
152
138
1601
349
931
1410
1281
845
1298
15
1168
392
2092
2055
53
1216
812
255
110
2024
1641
1672
1298
1502
2102
2476
473
778
1517
1086
1453
279
102
160
315
113
586
1168
832
185
941
382
815
742
7
827
821
9
281
2148
943
1136
1199
2471
533
1719
2225
505
1834
547
479
32
1186
6
989
1946
131
2331
1043
2133
1070
4
275
263
1328
1195
2150
2116
360
208
229
182
21
13
2234
278
1857
73
2043
804
133
4
380
2414
973
439
924
2
1817
1993
268
372
19
121
72
1230
1034
221
652
596
1
1754
514
847
1009
873
1014
535
2101
170
1622
495
100
500
11
293
1
2244
143
346
604
429
55
286
1056
2376
583
303
50
64
2500
212
650
286
2043
712
2471
144
1468
1294
2226
1250
1713
1391
1620
153
1129
607
1399
1712
1971
571
529
707
959
2043
12
617
112
30
1223
176
1763
1425
192
2078
1001
187
239
2434
149
641
1979
917
1048
1187
1143
5
2168
1113
40
79
863
108
57
2054
2422
772
268
30
314
1017
465
650
298
271
514
1389
8
1082
1629
797
460
127
12
2
157
850
599
2235
2465
658
246
29
661
35
224
262
22
377
1577
574
2063
453
1458
687
1472
25
733
1280
394
15
1499
73
2335
2060
114
47
2372
2199
896
105
830
1315
133
23
742
729
24
309
59
38
63
804
423
34
2422
2488
2062
277
345
28
1162
39
171
453
764
774
1676
1569
1702
2443
32
43
632
475
2384
2087
1103
2017
260
92
234
917
2323
9
75
669
215
1119
2157
497
1
1
205
494
710
1349
1197
140
1191
905
617
638
2011
452
2155
33
1288
922
1963
1432
89
261
682
1386
1334
1968
343
49
401
515
878
2209
1822
497
801
1913
2313
1158
30
2385
2227
1766
1051
127
1578
350
597
103
921
4
1189
583
502
73
118
1392
463
1166
395
2234
9
26
2400
11
601
461
1608
1663
123
97
14
240
1316
494
2379
1431
1410
18
122
1569
1615
1541
36
2413
365
866
2032
113
804
946
1501
394
2441
97
1060
473
2233
50
1232
2
70
421
2318
377
2312
936
1274
1246
411
5
438
77
1005
1074
1411
1238
2274
791
989
60
691
263
792
19
17
1147
1993
43
1919
2484
170
2393
2163
962
80
575
1961
1421
1939
572
2
37
1253
243
785
600
1687
877
1767
370
199
552
129
667
864
1258
125
161
106
250
278
307
1470
1402
113
14
58
376
123
336
2004
239
706
479
400
57
1390
165
369
127
2390
480
1274
2064
119
886
251
2004
161
33
411
471
836
2454
45
1329
2496
739
1134
54
12
876
66
2172
603
1849
1152
342
60
925
28
1613
101
1998
344
970
145
39
2358
4
2147
418
87
2053
1707
135
13
148
1141
569
1801
295
191
2138
307
1252
138
1076
194
15
1314
1001
1240
203
888
97
527
1501
1106
726
1256
895
29
217
1176
703
1114
1781
1515
237
244
225
1586
250
242
65
2250
1120
1376
2214
635
2424
645
217
1065
162
710
1209
1215
337
159
709
525
1019
129
247
452
1409
131
886
8
2149
1568
311
295
1142
10
261
150
2229
280
679
88
2
82
1585
1064
1330
1054
1031
474
803
673
370
2259
2413
622
78
1525
368
219
395
1
3
1570
28
53
2176
213
471
1022
1474
58
1668
1818
69
235
12
1534
299
2250
237
1602
1053
1893
138
609
87
2108
72
2335
1493
1024
2419
696
511
1439
1159
563
219
206
715
11
125
238
97
885
16
7
489
260
778
83
92
1768
2355
1122
1231
10
715
1712
208
350
4
1504
2
323
1647
1761
72
14
2486
1618
26
672
625
1063
38
1823
181
30
811
1141
95
827
1617
778
3
581
1567
24
14
6
252
317
618
1343
83
120
59
2235
279
500
878
241
90
1422
659
1786
176
2397
8
108
2289
1018
2
1561
621
1801
1047
177
77
56
632
80
315
1453
198
1099
2043
310
399
458
18
244
1446
1596
2
1721
1
12
234
1648
335
1804
2277
2203
1200
1013
310
661
856
143
2281
1892
62
1381
1061
199
1811
1937
54
115
452
185
1983
1018
1941
1356
1598
234
1
673
418
69
1404
796
546
956
184
79
1998
225
863
582
684
816
189
2
1449
1192
1206
2055
1378
7
153
1569
54
1423
51
1082
103
815
2299
1740
2066
817
1464
2294
1575
1181
18
7
322
54
4
476
1632
1403
2489
1927
531
1920
312
1034
632
34
23
2
1618
1399
1269
39
399
697
954
1084
2294
177
228
20
2031
597
331
907
1517
1210
2481
798
3
1044
664
2189
1260
141
335
2403
944
2433
169
101
4
41
559
1060
671
163
1584
706
1024
1456
856
1085
804
2179
2
327
2075
458
490
2
209
579
60
435
662
1481
1634
237
1217
1257
1308
1179
1569
362
9
115
2095
63
1453
2362
109
2265
486
679
1997
2453
185
78
176
335
562
735
761
545
1295
61
155
264
502
1498
184
312
1294
162
6
4
747
685
1650
366
777
14
176
723
854
919
780
702
784
1715
850
415
1699
258
506
221
1068
2363
126
711
2020
391
2232
974
91
1249
33
1891
2442
4
1577
595
177
2265
46
2312
472
1499
1171
167
22
444
2307
257
1147
885
1861
2274
299
12
9
260
46
1204
164
987
1979
623
2409
1802
202
58
262
61
2094
643
2305
932
379
2421
477
15
2157
1152
751
973
1
166
675
931
522
1550
1965
1518
43
474
1297
18
900
1710
84
64
940
450
227
485
119
1636
1710
135
1668
26
347
224
2127
157
442
1089
293
89
622
1169
2341
80
779
848
1223
22
1789
1194
844
305
508
888
2308
1863
10
2200
1
735
1530
300
194
160
1839
776
140
1291
2437
505
5
660
200
1739
1096
55
57
2340
143
2436
1064
259
1119
12
2189
212
115
2278
158
395
303
1014
1629
1834
392
795
844
30
2312
1014
205
380
2479
311
652
13
1115
1116
221
1
1985
821
216
23
2268
1911
1580
248
463
1212
242
8
511
2
144
1210
686
113
721
351
1073
315
166
1752
45
1131
1131
1519
2
84
351
428
946
123
1103
1682
1646
200
254
1364
1427
2012
2214
2374
8
788
901
2107
2121
1165
207
165
371
19
2173
2091
133
48
1806
221
1308
571
2466
720
1715
125
243
209
1156
162
1122
2149
11
506
2415
15
1755
2281
968
20
1710
16
670
130
19
1253
32
36
621
48
1995
98
1371
73
192
2
677
51
103
4
1345
1409
268
2297
147
94
1169
489
186
35
121
800
151
2382
1166
277
1688
118
141
11
10
1287
271
4
23
363
114
130
1250
1197
362
2329
68
1788
7
1512
68
596
378
1819
441
760
65
3
663
10
112
169
345
10
184
862
734
882
909
2377
329
1
304
213
103
209
749
307
750
1320
425
451
67
1722
763
50
1783
89
59
273
541
521
1744
1963
1098
1102
1160
1008
44
134
2368
398
1056
1761
1933
71
4
888
37
2026
2206
2274
2351
998
395
578
208
649
40
630
1243
1031
863
1828
2209
338
337
1782
1301
377
1056
1893
1235
2
1857
104
554
213
408
689
1792
449
1336
31
989
2275
1213
11
83
1108
986
19
89
1778
925
1305
2491
99
335
1556
1115
1379
257
243
30
854
1622
1554
6
2241
2244
164
2104
865
617
741
2214
123
1350
676
891
266
479
672
383
577
1407
443
42
2
434
1259
7
2191
1820
1491
215
1623
1302
1279
77
28
2339
386
477
4
6
3
515
587
1293
1
55
40
228
804
825
366
8
21
1078
2186
175
33
143
90
124
98
2429
32
1600
1364
357
611
221
778
1798
2398
2
2
861
146
682
1531
416
506
2460
2034
550
995
22
2270
894
1428
346
1181
1132
477
32
1022
362
4
305
238
1626
23
1584
368
2362
268
117
1008
1
873
75
566
1549
1
2347
1373
508
206
321
1100
1017
1379
781
142
2258
188
57
246
2202
1576
10
90
2024
1375
168
69
2081
178
59
758
499
1913
490
11
1408
1876
384
2120
260
1291
47
1397
2255
597
698
138
2166
497
552
220
2154
117
665
44
1383
1091
173
333
4
2494
37
18
2177
1161
797
492
563
65
537
1566
1034
2089
2020
1
306
116
1988
709
642
961
696
732
1421
47
1694
90
43
548
7
2256
14
1419
2189
885
776
1495
1558
1839
1696
2078
28
1614
77
54
1978
103
1542
1476
787
236
1208
1677
505
84
2444
1216
910
15
690
1827
686
2489
84
1028
2120
61
1062
226
184
705
1791
4
83
551
363
2423
1170
443
436
2432
68
2290
2450
869
2243
272
25
1175
478
1476
1941
37
463
1092
1181
2393
1621
21
118
645
77
978
2296
1026
1402
32
76
1437
2382
2163
32
177
26
1489
1632
6
349
345
87
120
113
170
553
1733
135
178
1593
1053
735
132
739
1304
257
5
64
1980
889
76
484
290
156
2282
724
232
2127
3
1461
1266
1065
608
864
855
496
2373
88
1607
32
47
1983
103
891
1159
1450
466
7
1416
1592
11
702
82
1469
48
1489
65
172
591
1998
1518
66
1570
707
2386
174
1961
10
933
109
57
1338
147
214
201
962
929
23
1060
974
16
503
31
46
35
737
228
366
596
1299
610
466
1561
1439
1382
2368
38
349
2158
2087
2055
3
1096
2080
1065
437
22
415
2212
473
749
16
58
5
438
2253
771
46
581
1578
1106
2206
88
273
2163
2
265
1660
1772
3
2341
1019
458
2
351
887
3
1581
2128
797
1079
128
468
1596
1943
1343
893
1084
90
600
355
542
1255
1041
1317
644
910
113
1616
41
1762
2108
215
2005
336
12
1819
402
15
354
461
1116
1610
1331
231
605
1399
15
140
26
884
9
2078
1119
2035
642
744
388
899
85
118
2438
927
140
2435
2318
93
511
123
110
972
1533
482
811
438
606
1698
86
1729
1840
266
266
1185
182
2221
679
25
1365
1453
1115
41
2191
130
1666
694
52
308
299
684
112
254
378
89
533
906
201
1626
308
264
1533
100
1816
2078
1822
402
388
1162
1927
1436
72
445
1232
431
512
862
60
1130
447
91
1
691
2029
117
2087
1967
107
807
371
11
8
3
671
1230
1828
405
753
621
1507
22
387
2169
899
916
1393
43
2438
593
1391
901
1498
61
116
471
1007
2371
954
2431
116
323
2099
1714
995
373
489
102
145
211
756
642
548
2
175
1982
3
1540
1972
21
940
115
923
162
866
847
36
1274
570
18
279
2050
23
1560
627
2322
28
1563
697
588
568
1457
234
656
351
269
1014
9
4
660
981
807
1942
457
2028
657
426
158
473
1870
227
269
899
829
1397
2360
1233
448
1910
142
2
572
75
1703
1086
1349
1402
6
346
307
7
116
148
202
804
1867
1204
432
465
106
21
1760
905
905
383
539
883
738
36
1175
19
412
1936
208
98
1751
8
2451
874
367
662
142
1552
1729
522
769
1
1252
1910
1317
2293
856
50
938
192
2263
1594
963
1
1320
46
1078
516
371
225
33
422
832
2256
103
482
553
615
1442
614
1182
648
178
144
6
1343
2006
1507
1237
577
66
558
228
3
463
170
317
575
59
8
1063
659
58
1977
287
167
1032
2004
1622
398
1717
772
879
1296
93
221
1406
2161
145
1597
593
1337
69
889
31
1884
1588
257
163
1959
317
1109
1764
181
199
1354
340
332
226
621
1978
409
421
33
2481
1160
1002
1406
2440
1743
341
11
1
23
2494
1175
2141
545
1032
302
6
336
26
1613
758
55
354
951
329
1099
778
1814
60
1554
1175
556
677
2330
226
16
2457
1742
1690
14
1556
564
1332
283
166
1661
41
1122
15
297
2146
1632
410
2067
67
129
1339
357
669
1075
1976
2327
1581
567
297
27
884
1041
1715
2149
39
1211
448
496
456
1988
258
677
1072
6
560
482
1367
341
645
2329
634
2210
69
6
927
2455
867
853
319
1084
2388
2367
47
5
72
1583
275
858
1215
910
1809
1
94
1202
237
1299
129
680
2370
2397
61
34
1744
1409
345
28
1666
1819
301
443
5
153
90
545
904
462
15
2018
68
108
1024
1302
1159
508
1
181
715
1147
121
329
1584
205
834
272
2175
724
7
839
128
1654
189
235
1368
410
83
1929
235
469
257
142
248
24
807
416
909
1382
2493
461
2492
1465
197
740
1788
1302
372
239
1839
2483
1080
540
300
75
53
1716
197
149
1740
2158
106
212
54
2036
2
5
483
1978
1220
1189
126
1162
187
1185
824
1491
945
1369
45
84
6
1615
2173
338
868
7
34
827
12
329
863
1669
1371
2
205
2035
402
32
2093
154
1311
1323
248
512
75
1652
343
2263
2090
3
572
19
554
22
295
575
313
497
1344
991
204
139
331
78
754
562
1563
2285
1721
1786
770
357
1755
1
153
2027
1316
106
858
45
911
180
345
9
1382
2194
278
1303
745
767
912
2275
1614
1410
1640
1514
1312
384
1
1882
1750
1349
97
495
233
2175
683
575
325
563
488
1117
158
40
23
717
159
1029
551
457
1568
2336
1777
1265
1769
860
334
1535
46
1360
659
722
214
83
1345
29
2079
1216
1745
1938
242
1
903
2368
96
2383
595
44
50
349
1151
949
258
1143
1819
125
797
280
1871
430
1412
208
521
406
1
2154
1314
757
1670
1185
1231
31
1040
464
407
1638
854
331
91
2316
1666
4
10
1357
442
204
153
197
328
2346
915
2459
1342
1583
222
2410
269
2199
1982
1709
1396
1480
80
1075
505
1327
361
504
441
44
96
355
139
203
2342
80
5
2124
189
55
2397
791
30
1228
63
418
1561
351
1442
777
128
975
407
237
481
1924
3
1392
126
1485
275
125
2202
2267
2385
1111
1014
307
577
328
878
876
1417
2435
190
6
932
726
224
1381
614
1904
353
1079
2359
1892
920
248
2174
2430
805
9
15
1464
1753
1195
1544
2296
759
1234
807
1323
2174
603
64
393
523
7
241
2197
320
1734
2273
355
169
1
202
1012
164
2025
32
614
773
2463
173
794
5
94
2265
1016
1925
5
1308
45
1354
409
349
842
107
9
204
1512
1666
1475
335
1649
41
1353
1825
948
90
465
108
87
578
48
744
57
1069
2018
2065
1989
1060
2265
1162
1685
24
1129
1279
14
1215
1457
876
382
1127
171
614
193
1678
2148
260
316
316
2223
4
742
317
405
1
1498
656
523
1981
203
26
1
1088
2440
1
414
2241
1737
1081
42
14
1827
1496
2279
188
190
580
1943
778
48
1007
85
2483
168
498
747
558
58
12
1517
77
479
955
1528
981
1732
906
1589
835
154
1607
2011
574
1096
1905
1145
1760
1200
1741
223
249
199
518
533
14
1747
157
1447
2014
124
2153
319
991
1828
335
529
262
215
1500
303
251
1086
1988
79
321
1216
752
336
47
172
137
1399
1906
1968
1068
2469
28
1758
229
510
76
2257
722
119
172
104
2455
1800
458
52
678
1480
796
2299
2102
30
1899
654
224
268
1853
712
936
74
1357
946
752
2391
168
43
628
1179
12
2027
2185
182
1983
753
13
1390
527
7
142
1749
636
1977
86
116
841
1153
1479
806
1821
173
9
1885
282
2373
129
1074
2296
186
627
144
875
170
1860
755
311
2317
2447
58
735
33
1943
1013
810
164
393
315
1099
97
1248
821
1979
42
476
430
11
1287
173
348
665
1846
118
2117
422
1383
61
1512
77
1983
1409
284
802
60
6
10
336
302
1030
2388
1211
2140
1048
62
375
1909
695
429
304
122
254
1124
22
206
1453
25
458
2325
1083
583
44
304
397
286
2003
243
589
3
2028
833
2248
1443
395
1179
1621
2209
30
164
21
857
1051
118
1328
621
28
2167
2025
122
274
1872
1089
1032
119
257
1498
83
1097
1297
1898
13
232
1754
196
1321
1
172
639
63
188
501
6
475
19
135
1284
712
739
443
1171
2242
496
79
659
1487
2141
12
28
1878
4
192
1709
7
96
1
208
1291
1873
6
972
279
1121
4
87
2266
424
1040
2284
1438
8
1689
1877
905
81
367
1143
1316
400
3
1654
585
1682
1400
190
1664
84
407
55
1957
284
806
233
84
31
116
74
1
848
701
1525
787
1510
1859
1240
1377
1209
26
1084
1755
434
59
191
537
1328
2288
2032
34
2103
2400
1933
252
812
788
595
2205
1813
441
113
6
2159
1700
782
967
251
19
26
245
2206
182
877
1331
238
187
2396
2377
123
139
8
1605
253
996
2403
238
478
918
364
1285
31
662
2230
978
1265
699
2350
1538
2
797
234
331
623
579
389
2079
173
627
79
580
2328
1775
786
1875
36
328
46
1822
1130
251
1026
2430
979
290
34
1530
1200
1728
119
1621
6
98
577
521
110
2055
1657
2281
334
899
2
2277
1076
1035
384
6
1
2333
1016
29
83
9
364
634
2005
2
405
1205
1
1840
985
2262
594
113
528
185
32
1723
1455
973
127
652
508
1228
289
271
1
1872
1988
256
1337
2
1767
1932
653
1767
883
509
1511
401
1899
4
573
1344
73
1060
750
571
368
2457
1843
1280
905
2246
2302
1195
440
391
411
1626
56
890
565
1
260
772
964
287
525
956
4
1246
1575
176
191
2253
165
2134
318
2287
115
194
30
685
1728
2269
1620
237
163
525
952
42
1519
2422
615
5
1806
65
81
234
135
654
2336
1177
63
25
738
16
590
720
133
347
1899
1370
751
2364
636
1751
598
570
1407
31
60
1119
778
1
1135
1442
223
387
737
219
134
238
581
800
1228
930
1700
634
1910
2213
1935
668
233
397
873
29
109
546
426
717
655
1315
245
990
1211
1402
623
3
532
89
117
473
2210
1751
273
2039
2352
1236
64
824
672
269
2346
1657
373
317
654
1227
1489
181
155
472
159
4
141
1602
4
1758
2368
70
89
1411
450
11
44
792
1966
845
18
2293
21
305
2116
798
2273
167
64
1473
3
2
1347
70
1105
2095
1652
920
743
30
2302
2289
1578
1396
459
601
2046
4
1019
321
61
721
2187
688
552
88
1753
51
279
69
154
814
2480
2130
351
2442
283
329
1182
721
2205
2437
1142
665
9
459
9
242
269
174
2254
1427
230
1867
62
431
1716
931
1017
1997
1001
2164
2
12
440
120
1890
567
8
698
1352
370
652
331
2027
1885
1
232
473
273
967
949
813
79
242
1499
584
160
731
168
507
576
2122
1889
855
54
1726
2253
271
1520
209
11
2105
695
965
804
1240
798
123
635
1107
1890
1
25
20
149
1942
107
11
1393
1861
654
5
1574
1334
1987
1914
294
1450
88
17
299
1332
1870
49
1648
52
2207
1098
1262
2339
2234
24
1825
166
2329
27
2428
55
13
369
2155
115
1673
513
825
20
504
326
816
1888
8
493
103
949
84
2153
1432
451
1237
264
465
872
1975
1232
2353
931
14
660
1913
160
1004
1716
1519
1583
1863
2153
295
696
14
946
1792
34
155
74
1065
1088
623
7
192
135
727
924
907
2
1530
33
942
1085
370
2398
144
398
1954
1576
1059
1945
1170
20
524
942
322
1903
2302
2
209
568
1106
1315
1734
56
407
1290
362
260
2349
1114
199
96
328
479
2380
1084
584
845
331
314
1942
371
2281
512
764
9
21
1407
3
1325
314
94
122
62
298
1383
1222
125
638
2148
4
795
144
1199
1555
1550
73
1085
2213
2393
173
715
883
7
65
2430
469
1446
1369
1447
1293
653
470
533
1499
135
47
16
1382
1119
525
1689
115
2353
2214
107
50
94
81
113
2
46
1984
690
845
43
32
641
467
312
627
77
571
1513
726
1947
700
491
282
1102
174
1143
375
1302
398
264
66
735
249
1884
511
1921
139
2123
687
1475
260
16
1301
1865
2169
2153
2062
400
1125
25
25
1201
225
699
2241
128
1178
452
1519
211
884
1109
33
57
1861
148
958
1865
491
408
36
456
679
664
902
675
1263
41
416
143
45
473
24
397
2116
7
1484
823
58
206
1533
647
231
322
785
726
171
629
1969
2469
1770
98
1480
1294
175
65
1222
18
729
754
53
357
773
2055
1247
175
1426
636
17
2122
10
311
4
1390
248
223
1305
2269
1532
2049
253
1190
347
45
362
12
299
338
77
2260
11
211
294
2482
10
795
562
1400
1166
1315
290
1166
631
523
575
33
415
101
784
215
232
2142
1455
262
820
594
81
11
1553
447
28
1208
420
305
11
1157
736
1786
115
309
596
983
1796
114
1716
963
813
1693
40
959
430
16
1039
2336
1401
1513
43
89
37
1420
1081
1566
2271
44
883
2083
2276
149
1388
1112
154
549
1023
475
627
62
2373
35
1246
709
1754
1067
514
633
2447
166
2154
1987
932
1899
2177
203
916
70
601
1958
7
217
1741
2359
1414
1029
46
266
2415
314
2282
308
17
188
1862
844
130
455
2210
416
1450
1510
569
238
461
1432
1
121
150
941
6
1195
1462
1357
2030
69
243
74
49
759
50
1471
1734
1795
574
212
1359
264
2421
10
867
27
80
2185
1750
53
2309
1273
385
2
1
2408
1347
1632
358
1877
1555
76
435
8
740
2299
1550
318
1507
206
2068
310
215
1668
21
300
211
956
1711
20
1119
2479
2349
117
742
41
768
1163
2459
15
917
1075
106
60
2458
186
224
2
1853
3
2264
206
126
2183
22
1205
671
1468
51
104
522
953
2371
8
1027
1887
1481
919
1410
25
1393
2176
1
1793
1863
320
1872
1501
118
1076
663
1808
629
104
58
13
1999
246
11
1230
70
837
69
1440
2391
2355
2399
1631
1496
53
49
1651
1781
1679
979
68
1261
1509
2449
172
921
586
1142
55
824
495
8
3
8
1961
21
1595
787
997
93
649
1744
1024
1059
945
386
327
374
572
1098
17
2
374
290
171
627
515
767
286
318
766
520
2
146
439
297
718
3
101
1487
1485
978
2483
1679
796
41
2471
668
1422
1297
174
1118
1607
439
608
996
1467
187
2133
1282
2
299
324
2279
51
16
119
169
44
718
348
796
254
72
165
2135
1040
2200
2358
1633
2441
57
399
1
21
19
6
783
884
2477
20
1507
456
2415
1414
2402
38
1238
184
713
1150
1
486
1182
787
1945
1306
2481
2174
895
2107
240
1029
2015
1222
21
1201
1007
51
256
289
2262
1277
1746
114
865
2015
576
341
48
892
38
1971
655
616
66
10
66
1905
1579
60
723
2082
1734
969
292
1
605
194
488
595
707
788
460
38
2428
70
1167
254
809
842
808
1708
4
30
734
474
785
556
136
1337
1431
234
1875
49
54
125
1143
1514
1321
102
236
709
137
1562
8
281
2254
978
2299
2056
17
430
1034
795
1988
1910
1583
402
133
274
827
20
2109
7
301
2165
469
248
649
1246
319
1177
2143
2
490
2
21
878
248
323
1485
490
262
164
629
222
55
180
1365
1357
4
518
2340
1632
41
287
553
412
459
89
1961
67
3
1005
1544
1554
252
807
1952
1840
319
2105
1156
1986
1734
65
701
34
1698
98
659
1502
1444
2193
619
151
1883
1672
28
1198
65
606
1582
35
879
2122
2242
429
48
869
13
586
1510
451
809
1371
21
450
992
171
786
961
174
1801
1224
2243
194
1639
1133
276
323
15
1640
394
756
761
2038
1
64
934
1767
115
145
2272
946
108
296
1421
1248
272
1767
1900
753
1313
28
308
716
361
1513
172
263
1283
1033
984
1544
39
22
1801
699
733
560
5
1352
1741
182
1688
113
179
294
484
165
261
1857
1158
1708
1363
2369
81
1343
945
40
2348
1489
110
48
1619
2222
18
20
2185
1235
167
663
780
83
1894
588
1223
608
1157
243
499
1123
379
2064
878
532
116
698
13
120
128
115
2221
695
2482
2348
16
931
1047
669
30
222
570
2187
4
1266
1372
1622
621
798
290
1117
159
975
105
151
263
873
185
1097
1437
1862
1322
2001
1301
1742
1014
29
396
1428
2144
151
2148
989
965
22
208
2103
1752
2366
359
455
413
2312
7
721
1540
1928
323
386
432
94
184
2433
13
1395
2082
113
76
1737
557
187
440
1009
678
1086
1550
65
30
1066
140
12
842
961
27
734
1102
10
2100
160
7
1426
641
276
1277
1446
137
802
227
499
406
87
391
1848
1473
374
1698
2210
1717
2306
2423
352
1180
1435
14
234
555
183
62
2355
6
1239
286
1304
188
1165
1766
2
2004
1186
1550
626
196
443
831
448
439
889
602
1470
540
867
732
2082
1
9
214
9
445
208
892
3
43
2076
951
533
391
1343
134
1431
143
761
2045
2357
271
1690
610
131
196
1751
1534
1157
746
12
427
1159
1343
357
13
158
646
441
729
1
11
23
84
848
1406
7
256
200
728
1973
47
26
1336
768
1513
1247
1515
2409
1059
764
17
49
593
44
203
2467
1
10
2416
2377
63
1209
624
1241
1080
1103
243
193
1654
193
1322
862
285
184
25
31
162
728
155
221
287
169
2238
1083
984
1143
67
2451
70
1940
141
161
675
325
90
1574
161
71
2218
2432
44
811
10
463
212
2456
238
550
909
124
285
11
216
1449
4
242
2355
464
142
688
586
55
780
3
179
1142
1832
2431
2004
188
2155
963
324
1668
691
181
845
1006
2
515
510
2138
503
2163
127
325
853
220
632
376
1209
119
181
509
1381
913
864
314
618
2225
54
4
164
6
472
609
1502
322
634
1234
791
809
45
334
1266
330
2159
799
23
384
1847
24
2480
1710
314
1835
126
1269
1476
2004
999
110
499
1790
461
1458
258
877
2218
20
2308
818
327
181
1
26
20
1809
1003
295
2
1467
2169
2132
1113
249
26
1
1542
2085
817
1962
1760
258
1501
124
94
2272
425
56
5
1673
170
1882
46
1
1208
70
2156
1609
1145
2306
94
273
1974
2352
124
1746
417
1782
2386
1025
77
1664
562
41
46
270
720
4
55
1080
116
1090
43
2
284
188
100
591
1343
47
1417
1325
596
8
798
1429
1473
683
42
566
1738
3
240
336
459
43
1139
1234
1582
1013
402
4
45
1323
1089
2157
1438
1924
1024
11
85
207
782
2126
622
201
2450
1882
53
808
1641
1668
647
1284
1986
1340
45
180
186
24
617
1489
280
1450
47
863
1090
160
1200
1543
3
297
539
28
154
330
426
1286
1111
725
237
2151
63
2068
17
1755
12
64
1820
1552
953
668
406
1079
785
18
264
1147
227
1238
267
1173
85
927
32
229
1838
1158
163
205
601
296
13
1041
1788
1773
27
1877
1294
2459
457
889
921
309
804
818
200
403
176
138
1410
1958
2034
700
50
215
731
1035
6
2151
610
97
1304
181
304
1607
1277
660
659
2312
1087
587
13
1471
1013
1736
428
2428
2443
19
43
260
1170
311
1183
15
464
50
434
105
1808
781
1512
26
1887
2173
251
129
1799
752
21
1531
1296
427
37
1804
359
931
2150
394
1341
1215
1129
141
54
2106
354
20
1560
1560
167
2190
342
336
1488
783
1687
206
1433
9
1209
14
22
1278
565
8
1589
1868
445
588
2307
1227
214
1326
32
1103
16
41
1323
35
110
61
1116
448
1139
6
639
1226
1730
2234
1801
86
522
730
1724
812
289
1757
9
1402
182
333
704
55
71
123
991
226
813
48
108
376
780
2135
647
31
66
300
2446
4
1791
1122
925
47
229
1845
1811
1982
100
119
391
845
109
1336
151
1089
1358
2010
2187
678
1879
100
1204
2281
16
1158
247
617
1138
85
1621
188
582
855
26
1805
1403
1062
835
16
1438
2220
11
241
1328
2498
1
110
439
429
52
5
445
1425
5
559
944
590
1096
184
2224
3
1010
747
1020
1525
1667
200
1537
246
1173
1172
2163
1953
863
1055
158
1028
23
77
1149
741
1843
161
313
175
331
525
2261
231
275
26
473
937
2201
1211
929
357
751
709
1519
748
2493
463
1210
1068
1884
619
430
693
1743
102
393
919
512
806
479
114
281
1917
2493
9
2096
155
1093
1906
1953
308
35
224
2197
1805
9
1744
265
84
37
200
1640
766
91
153
477
788
1139
842
490
202
7
1545
959
1993
11
667
1449
20
2
1627
2310
1894
1453
1
2108
8
499
625
1038
286
31
194
1337
281
2221
997
663
123
290
481
852
282
1
1736
447
1706
1483
689
1004
23
305
1515
1614
1776
1144
790
927
319
25
255
43
376
9
2042
171
450
1287
1463
1813
175
1548
395
871
141
383
562
984
460
2182
1281
638
607
322
294
1850
1278
453
1699
35
744
1365
193
999
1163
269
3
1372
1193
773
1700
979
2370
495
1793
72
230
436
558
132
655
1502
82
818
487
1225
2133
212
2468
1378
715
14
2315
1809
950
1583
255
330
340
1859
98
40
931
120
85
2365
1600
890
1901
906
1917
965
274
1871
1677
1226
280
808
2084
1770
2208
1018
1173
354
429
2144
2001
26
336
800
521
244
1309
1149
1129
800
1272
1598
3
119
944
2350
497
168
30
261
146
2238
354
1533
506
1043
59
1559
25
1
189
84
12
2246
2082
26
2378
21
2059
1540
732
459
1762
4
497
2095
882
372
908
21
1481
1482
366
1715
1901
1769
1221
495
105
588
1775
716
219
1039
194
527
1444
1770
241
2472
1671
48
68
1233
2221
561
1332
1671
940
319
284
34
444
766
51
1270
1048
1434
1654
428
501
20
25
2093
928
2370
663
38
2189
306
50
617
657
526
236
1605
338
1728
1343
47
1054
2245
19
127
41
254
519
1756
1455
1821
1503
84
78
1504
1012
65
1351
11
2354
282
2472
1640
513
8
1911
121
736
493
762
186
491
945
1477
1219
1710
91
41
903
688
43
1864
1714
402
53
494
125
785
36
908
488
657
54
2289
10
1549
1195
515
344
318
984
120
1590
1012
294
1204
1597
653
712
211
2029
3
843
1466
1613
358
437
1610
1096
2266
1706
78
152
607
1
631
118
701
256
2131
303
2241
870
915
184
50
72
11
915
280
90
2238
1516
174
2228
781
1665
2130
2091
721
2
4
1290
135
144
780
565
2454
1067
11
2295
1631
748
710
1693
2445
78
4
1283
402
346
164
856
1238
5
743
21
62
2413
1585
428
275
372
715
15
1085
81
304
2038
2021
355
367
487
916
7
686
379
1232
501
121
122
1603
466
193
891
935
1058
743
2027
328
2231
429
32
810
117
1703
2015
39
1080
2456
59
1441
1253
33
84
625
253
1522
1798
1962
10
1251
60
625
737
1234
378
741
1835
2105
1771
546
704
1309
560
37
145
1199
359
1696
483
416
1544
125
1603
1578
2227
1060
1008
324
196
1308
1283
840
307
31
380
141
18
1927
554
1604
823
459
257
12
139
4
518
1693
1724
541
2381
204
1557
1005
832
208
95
2288
1101
1404
4
1065
290
105
841
294
979
10
2049
1530
1074
725
611
29
1611
283
290
1462
861
2249
1163
2461
436
2332
1721
833
872
34
633
1324
475
728
66
910
1724
1977
85
2
879
515
239
298
487
1466
160
192
1545
1245
1581
1783
931
161
617
965
1108
1332
86
1747
653
1078
368
74
803
132
1386
650
959
5
18
57
173
1851
2184
124
280
209
1155
15
378
11
40
144
12
461
408
893
21
1594
1636
1312
1246
407
45
7
1546
1148
19
290
164
1124
2296
27
60
598
329
587
2166
190
426
1804
229
1
680
19
1888
302
167
755
186
1232
888
152
10
903
1232
31
1877
264
799
98
13
638
157
359
120
349
1217
5
3
2149
480
233
131
826
1083
327
365
1590
2254
1262
1123
941
2280
5
1321
950
394
175
1245
131
97
1003
2316
644
1868
1081
20
8
820
1369
1254
2413
646
114
593
1657
1306
693
318
2368
299
1892
15
547
308
1874
489
9
2457
53
211
562
2383
2277
1160
483
1288
2068
1017
986
49
92
1442
19
711
1604
1369
1272
1025
387
554
61
225
2009
2
1053
358
1930
1224
1513
1193
198
1183
779
1586
583
1298
189
1921
983
1570
918
326
387
53
113
65
357
595
305
617
1432
427
786
31
2142
1116
21
160
2096
800
908
2417
1886
931
780
1857
2005
107
452
2
686
1750
15
1081
8
305
759
570
147
83
1991
1069
216
2377
165
250
886
546
720
1772
1
648
1846
791
162
953
2402
1119
277
725
154
669
519
54
642
1080
312
35
1474
434
2335
469
1324
38
969
704
1344
1459
211
62
1417
259
769
121
625
650
245
350
1541
1946
53
241
82
1646
714
1288
779
989
69
96
2192
1336
2361
867
327
913
1
471
133
130
869
603
87
41
26
954
638
2301
1372
2381
610
464
75
528
9
204
513
559
300
1006
122
2
313
1690
318
174
673
2328
148
699
932
2461
176
29
14
1914
3
7
1038
781
76
469
475
228
1505
1634
10
70
10
2460
1650
1802
2329
66
1363
1195
27
229
2308
633
1237
21
617
2
1246
1573
1259
87
1397
8
2400
231
1138
996
2491
584
484
765
1067
418
1375
255
349
1555
786
39
100
879
1424
1385
827
2201
998
1535
1219
686
315
2223
55
927
1792
1943
610
5
1099
102
1605
513
2126
824
56
670
363
205
2268
122
301
1090
8
1689
2379
25
115
129
40
1058
39
2494
319
599
913
135
597
468
224
1773
41
436
397
654
170
370
149
17
348
1364
203
186
2
156
1035
2
3
478
1092
12
2481
279
104
6
1201
365
971
1084
1160
603
1611
3
960
359
175
142
152
673
226
614
1994
2198
1200
1857
663
324
786
28
1121
996
26
899
455
1282
315
73
732
1673
207
1171
783
507
422
1263
495
1554
2021
361
2099
854
1475
1117
1
1237
1283
1148
1248
1737
304
65
208
21
1112
1032
37
2395
4
1436
1
169
19
375
3
1910
1223
1020
484
13
1652
104
1888
882
3
2457
608
258
224
1035
500
21
2225
1731
770
1697
1092
1821
54
1228
25
11
712
503
17
843
2064
587
179
1948
1878
2443
1603
2373
543
65
2181
1706
175
2147
415
201
1342
20
666
369
1387
358
582
961
1307
1251
3
1443
9
1127
2100
793
298
154
149
21
60
1796
864
166
495
844
1533
2331
246
669
1159
479
1589
1774
1257
1006
1994
2068
91
698
40
9
1291
461
360
221
260
2262
1027
1696
1606
325
494
225
1863
252
588
1103
2063
109
400
1270
2120
1179
161
200
67
142
5
2219
105
15
950
1108
1480
419
1599
440
21
11
1642
934
1790
658
248
595
1893
230
49
1
113
125
1738
142
788
57
1235
1179
1350
2073
489
388
703
1719
365
2
78
2404
1800
23
668
1018
2448
5
1
154
1425
164
15
1364
9
1760
1876
1271
261
751
168
19
1335
7
904
28
44
13
567
2438
352
165
790
275
1166
1963
866
57
87
1231
282
886
709
202
322
861
434
28
7
65
2059
1090
186
91
1401
101
1164
933
1734
440
3
2
1460
467
251
7
1237
413
23
1665
752
996
703
1565
1441
1192
681
901
1507
1636
965
345
330
1174
1991
1242
1389
50
645
2069
114
581
1316
335
273
911
84
543
886
1554
67
1313
46
633
1981
52
1
1
2408
4
714
1370
78
1843
74
1162
2417
1515
381
2
7
70
809
800
634
588
22
2359
106
114
41
980
235
276
1481
882
472
454
1674
1010
1199
1197
628
40
55
573
462
493
5
587
1537
959
2153
497
844
410
17
511
24
28
2027
46
891
53
263
349
623
1426
57
62
4
1107
1402
73
1502
29
558
718
83
1712
1626
2
988
1083
7
172
33
79
797
66
1269
712
1288
1713
664
384
1523
1681
392
47
683
1447
124
938
820
955
476
2199
428
1524
459
1995
267
940
2186
2325
1732
489
1926
439
575
1301
592
114
1457
98
592
449
197
1940
1100
1417
58
583
2137
653
712
443
1174
486
87
112
529
1043
591
403
2438
1270
413
608
383
532
81
7
1541
105
455
872
1672
1914
630
1337
655
2162
2083
2057
32
1208
166
196
666
2205
1178
1397
78
1350
98
2369
1164
232
1174
541
34
9
173
4
510
760
25
2290
692
18
2481
2424
955
23
1206
2482
225
411
111
259
1128
1430
2
2055
1859
8
2493
2435
1130
385
51
1240
72
2425
213
2210
45
42
113
948
1456
1985
2217
392
514
23
394
270
593
1910
1972
98
2403
651
1972
1814
753
680
7
1111
1762
885
52
247
157
5
1776
1863
290
640
341
371
1256
53
2423
843
2033
1067
412
20
560
1964
379
2043
166
226
479
41
18
64
43
2002
726
2403
724
877
2450
958
840
320
1116
2168
111
705
525
112
256
153
103
1310
454
994
10
2371
1331
194
2195
52
104
387
825
2310
500
1310
2014
1398
76
53
1810
1867
1562
31
1882
194
16
144
1888
160
1796
78
17
18
186
909
367
154
1012
2438
2255
384
266
1206
931
209
252
697
49
692
268
1460
254
810
1073
274
257
9
259
365
872
2222
263
1806
717
66
2013
718
67
18
2429
15
705
448
110
2458
371
1
530
436
1059
2180
544
720
361
1001
2039
499
157
2314
2350
377
2368
1274
49
261
1312
963
2218
2160
1184
1121
1693
1375
662
2094
1060
1191
1581
1821
48
138
1115
839
1161
35
1
65
13
825
1676
875
1033
1634
103
133
65
2469
1601
27
1542
91
1828
130
1246
87
114
191
373
606
1793
2324
2473
968
1175
180
1596
1
1792
1198
1566
98
939
170
1391
673
606
145
1946
961
1253
8
1586
1013
6
196
871
2208
511
1644
1960
381
1
1841
515
249
1466
458
2
1866
106
635
205
212
890
1949
185
25
450
705
1217
2275
747
2115
805
23
2055
5
171
291
28
1651
519
730
1353
1776
268
1302
997
2206
535
2096
1149
57
158
2221
1662
803
1347
59
754
1632
81
572
360
1047
250
74
2
760
989
1222
1769
722
44
10
11
1455
253
15
1770
119
250
2279
214
997
23
1627
240
737
2092
1665
1439
2333
2189
357
2468
669
1804
1494
128
562
966
242
1437
44
71
992
84
1324
2282
2
1099
71
1819
2094
1
2037
1367
2205
1429
19
1296
1971
122
189
1335
1174
28
331
1655
2055
1494
2042
35
679
45
318
46
96
921
146
1934
579
485
1157
77
2250
479
9
1976
1817
1608
2265
842
41
485
30
78
1086
1383
706
679
629
681
1749
631
63
302
1819
471
81
39
1900
55
24
1208
1936
2069
145
228
10
627
114
1728
1930
1125
144
814
719
1324
65
21
1066
605
395
1662
1524
1546
191
91
1230
601
88
535
461
638
221
538
38
882
58
170
734
16
2202
1195
226
316
1089
324
7
221
1299
155
439
645
2227
1602
26
2393
27
1887
1585
2129
504
2479
330
778
45
2159
1947
102
28
338
1513
434
101
729
169
810
528
97
1922
1255
312
290
966
1157
846
740
655
69
2433
530
863
2433
762
254
1697
1441
110
872
626
17
11
186
221
553
1575
297
553
1056
190
84
346
999
2197
1
34
2096
2107
16
696
1874
270
804
1557
1694
394
1001
1
1503
751
1915
2159
221
723
61
365
1682
2372
554
621
68
1463
375
1116
65
2432
155
203
100
408
296
1143
1156
334
469
222
200
387
465
2302
2272
1730
85
1937
155
1023
455
808
1398
4
57
7
75
1008
1123
491
747
1126
2485
1034
456
381
1
831
1419
1406
1102
323
1
707
2269
2116
1828
539
2194
171
1402
490
1808
2292
293
938
17
9
36
289
2007
1713
998
990
89
420
1076
1498
444
553
1552
1767
841
240
2
45
1497
544
82
917
1051
51
2332
1370
2500
1938
235
13
1873
1101
142
738
358
1607
1154
1190
34
748
2216
104
126
2480
16
263
48
1693
939
70
12
8
877
1027
446
1355
373
1314
1660
2481
2217
291
2058
1535
1238
2398
121
564
98
836
948
847
170
2
147
195
1894
59
1237
1157
1821
216
1431
130
625
4
986
1598
2340
64
996
513
802
429
218
23
985
21
20
1607
5
123
80
2205
744
2426
1112
217
1101
1696
1540
2002
174
1672
154
1463
131
6
165
347
116
26
1247
327
1078
232
17
207
158
1927
814
1574
100
141
1646
1113
1220
1342
1765
12
1115
1906
691
354
525
148
3
557
95
172
226
1820
1191
704
1193
491
462
373
1235
6
2439
1391
1894
1598
2114
1
2296
1152
2348
353
43
1076
2346
265
17
29
2164
1959
348
2462
131
6
2
129
1826
28
42
1659
1402
983
648
802
1530
427
2340
2421
595
2321
25
283
1148
1496
157
8
580
370
136
45
1921
1496
269
626
2044
562
1117
391
1163
1823
290
357
1595
1833
24
1996
424
275
79
981
127
835
31
19
96
2252
1656
1017
4
589
1898
679
485
76
204
26
1766
151
1467
31
1191
417
861
507
149
741
235
92
2236
94
283
10
1419
2166
265
2440
198
1555
395
2202
3
964
1463
1409
1
357
40
2412
682
3
2210
12
240
367
1814
1046
1930
1488
9
145
1038
39
35
1456
913
2430
312
1042
1621
54
2003
1895
843
1657
1850
872
160
1516
38
103
1319
116
2490
1929
756
1980
1
31
2171
672
2297
19
851
1289
1994
2293
875
1345
149
44
2265
130
435
2010
32
1587
996
2
83
1674
1494
587
690
347
105
693
60
1994
240
78
2181
1621
453
1499
1933
113
783
1090
234
1500
9
1473
1269
658
411
2281
632
763
1042
1118
484
39
1058
128
586
264
2340
1454
1598
411
984
2154
1525
2468
2329
588
1269
2327
2429
1217
42
1316
3
2420
457
74
283
14
171
2203
213
1600
1797
420
1679
2001
546
24
476
115
320
618
75
295
1577
1020
12
432
935
323
2009
246
950
261
1758
490
22
23
321
1921
217
9
1903
1560
195
582
423
845
418
467
1226
906
2434
494
1206
550
438
1770
78
210
175
1208
82
1723
8
182
183
80
1431
1032
54
50
83
114
39
2463
1245
2048
542
1771
1769
844
235
856
473
276
846
269
163
1330
316
918
201
1051
26
384
2157
46
107
699
2027
195
8
2479
10
1950
179
82
1315
101
1114
146
1372
61
377
2156
716
220
1776
100
240
517
14
679
266
336
9
990
410
25
1741
1688
992
1575
117
1192
898
208
91
716
19
295
23
1611
75
1064
539
2369
233
86
996
890
345
1766
31
709
700
1
1607
1117
1630
2307
47
557
1071
755
524
418
855
1233
15
243
2285
263
1823
2368
715
1981
601
131
14
2280
760
1052
1430
95
280
2360
4
700
2319
4
1274
60
1228
8
89
1127
47
81
1689
611
72
371
120
1675
143
12
438
1069
84
584
951
1109
245
968
295
34
1959
323
25
930
872
2223
252
294
389
1569
1099
63
165
641
116
1236
624
18
2052
65
582
7
367
635
1708
325
1348
1248
160
730
1745
1693
1672
690
1127
372
877
269
984
526
1322
688
2006
722
11
2441
692
135
66
1774
2320
784
1126
298
209
397
3
40
2312
335
427
1783
1578
174
1373
1152
2024
222
77
17
154
2159
1057
485
328
1106
595
578
1906
1500
130
282
1395
2456
216
269
1523
1866
354
241
172
1455
1035
1895
107
667
1189
1983
465
7
2201
1
1990
443
331
201
1360
783
53
176
1389
179
105
252
551
394
62
1359
195
157
320
1
581
46
95
710
2488
245
111
3
102
2323
632
1245
62
907
1727
541
143
1332
4
2357
820
2119
615
1244
541
122
213
480
298
749
138
38
386
166
401
3
2257
2421
59
25
108
202
159
26
230
104
1778
244
712
49
527
2065
1825
1390
502
393
48
535
521
1
1088
1511
19
11
1028
148
1494
14
218
1473
30
65
719
54
1119
117
1225
64
239
58
835
292
2206
291
706
2184
23
28
1530
337
69
1751
175
1495
1250
1736
764
483
346
1290
1614
1765
517
703
1946
740
60
2364
58
1052
823
508
118
1396
8
2267
63
2273
1173
1021
3
655
129
2043
1071
1791
2261
313
951
245
6
1603
2222
87
614
794
96
27
2381
405
935
439
52
112
1207
1897
936
699
992
459
142
53
498
2220
456
1285
1821
43
18
2338
903
336
38
2158
2015
72
2
1540
1295
1417
548
2035
15
2336
2214
344
51
703
1671
2
1651
1008
349
1185
241
16
169
1239
52
10
1215
304
1919
1676
30
1327
652
1545
509
1838
2142
2
395
1747
36
2254
52
1757
1089
898
77
204
4
531
2098
132
519
1748
12
1341
2271
1910
263
330
1799
337
1758
1327
1039
517
110
1273
272
4
280
1692
1891
370
34
1687
916
2349
642
99
2001
8
1484
292
93
2297
129
1803
111
142
3
648
411
978
18
1761
12
50
38
8
1684
5
1133
399
79
2283
196
111
168
1516
2195
2102
15
185
298
2209
236
1308
1000
196
727
10
2
722
22
11
172
1048
1810
286
713
57
743
901
1835
228
729
194
662
228
655
110
1909
200
301
92
2298
2091
35
46
1997
720
258
14
1302
1030
1499
2172
2124
1571
135
47
814
110
5
950
2160
1304
353
974
2230
2412
1955
185
2443
32
1439
77
50
395
2198
966
38
1365
960
633
368
731
99
1007
1507
7
123
852
939
2206
1946
1754
1086
29
1530
636
4
249
1098
1053
2112
1830
721
5
842
535
1914
83
668
1372
856
495
319
253
373
1098
233
1427
57
62
1793
245
719
44
605
60
1552
92
291
1630
1382
167
2348
75
1124
1206
569
14
23
1100
1028
869
261
2482
468
230
680
329
2220
1068
1209
1068
142
563
1975
220
117
441
1928
1934
838
2476
2
1255
433
1513
1398
5
1440
10
104
134
59
230
1706
332
46
950
1575
40
1822
2498
842
1776
182
830
1095
311
36
21
509
364
859
106
522
2161
597
3
381
2402
1137
1343
2173
23
505
1808
538
1098
812
13
1112
2
25
1769
1558
845
1
1333
2412
1782
1006
317
158
1926
21
25
1548
595
748
883
1120
83
228
2488
2497
10
70
13
2068
317
2
1089
1959
4
867
121
18
29
2184
394
1189
5
1053
1711
1037
1646
91
627
433
786
2290
896
238
2125
1932
529
559
401
35
1097
939
1181
1033
430
844
10
531
299
812
714
750
1157
1749
99
1670
166
1696
7
669
1079
89
503
2198
21
19
102
47
277
610
2326
309
1878
1118
550
2
1743
1509
74
550
1167
60
106
149
2414
214
55
34
968
2455
34
870
2
318
2109
378
1504
2062
945
104
17
232
407
387
212
9
2300
873
2494
1
1643
368
430
2321
362
637
848
1556
2
368
2008
495
22
8
330
2389
1497
635
2
136
35
1391
725
988
1604
218
266
72
233
30
1727
676
927
1876
13
1336
1517
512
58
529
879
269
122
357
803
326
1638
507
1304
207
306
13
594
1968
609
80
1712
1376
12
2082
740
1844
1159
1816
760
360
2410
347
195
356
1218
310
118
30
1697
17
15
10
117
336
155
427
107
1060
591
786
202
875
915
1243
1112
177
462
1425
595
455
1519
1271
549
643
2369
1981
67
542
114
68
218
78
1343
503
7
398
45
151
2287
1685
2208
22
193
424
961
1321
102
273
367
1010
466
552
913
18
1410
1507
81
1132
1800
91
185
2194
1274
347
2091
2125
68
118
564
1072
681
1284
1736
115
1913
2266
1607
1111
2447
452
1772
78
2
2142
947
462
1059
165
6
1042
1261
97
797
1791
1620
300
134
1344
1770
2149
501
143
690
2257
679
706
2316
1171
2347
610
142
253
978
86
1380
1689
107
1340
751
264
508
1693
951
2184
843
1063
1495
177
5
1252
316
2227
156
386
1847
1038
1432
212
228
799
1099
1409
131
804
415
76
25
8
265
1125
2005
895
165
1157
640
129
538
408
434
10
206
1075
656
549
140
1588
571
1762
193
1304
793
295
934
1083
2029
906
1073
2447
668
2022
2180
1069
2498
1932
1238
1638
296
135
2
214
2352
97
217
803
198
457
296
991
1708
1
675
81
319
446
1687
2200
1389
1850
2145
1468
12
2233
488
740
750
2116
819
142
850
137
10
23
181
669
2289
408
26
963
394
159
1394
133
1134
23
829
84
1297
675
896
752
532
381
1043
995
382
1223
110
452
106
1819
445
859
6
71
935
2242
498
448
2158
409
1065
310
199
924
4
114
367
337
897
1559
116
2391
84
1414
314
248
29
35
21
846
1776
1791
463
1045
136
567
2359
690
7
1186
1062
627
917
1450
103
1984
459
169
43
69
2490
1386
1810
1742
19
22
1127
2059
805
1297
23
283
1960
23
558
214
1439
1059
183
668
1124
882
583
1662
620
220
1281
3
789
1899
1315
670
1602
119
1237
325
11
492
2008
454
787
2315
1868
659
1206
114
527
1858
140
263
166
19
285
2254
159
76
415
327
119
705
563
146
2462
1562
402
1488
1673
49
41
552
1693
1094
158
24
2087
17
215
1856
1052
2395
994
1301
1532
357
299
1431
74
51
609
340
49
2402
293
193
178
111
477
140
437
1334
755
874
492
21
976
95
1946
157
822
142
676
795
951
86
2134
21
55
1745
722
81
682
1571
1367
916
1286
344
30
478
1613
642
930
915
247
1118
973
1055
93
816
874
1041
247
22
2119
1548
156
130
648
1030
487
2488
937
99
827
168
1940
208
944
1720
981
1576
110
2467
470
611
483
977
38
99
35
2298
4
590
1832
297
2313
961
859
122
1712
1643
148
248
1977
112
1930
148
62
8
284
463
11
5
56
1374
1171
715
488
1176
2
385
1617
168
1786
1954
1025
2319
318
1805
850
696
407
180
2092
317
1590
301
55
1265
2489
1216
12
24
160
1945
290
286
2163
1705
863
434
1984
113
337
31
2078
1543
2055
1024
651
88
1557
1322
437
184
474
1896
1547
1189
128
1000
698
640
877
1850
1279
1362
45
752
676
1986
1894
822
76
239
2073
1236
2279
2057
370
903
1945
1274
490
2417
1
130
216
2012
390
629
308
2035
47
520
256
2485
1446
228
815
176
1687
1382
510
148
774
1862
1592
1200
491
717
17
85
789
602
1582
653
408
50
3
228
6
2341
180
141
1598
485
1598
396
1187
1904
90
2357
1699
219
2176
116
1890
2048
317
733
1092
16
1043
2156
1311
199
1066
427
2196
1818
701
192
597
105
1961
1785
31
1395
5
423
2
1374
954
698
120
21
470
1778
682
259
390
811
225
330
56
1260
23
777
2428
1442
637
1583
1861
2257
16
364
2
79
271
6
2314
1053
1320
203
1207
958
317
662
290
189
41
52
716
283
142
699
180
386
1124
382
300
569
737
41
56
97
24
110
2309
71
13
1699
1009
2
1598
2162
1546
374
473
1284
188
1324
124
835
2066
240
1322
140
1511
1
484
606
16
258
2124
1090
294
786
85
1627
350
79
78
601
1956
8
738
394
555
2248
154
473
322
1906
513
176
110
3
25
526
1205
481
241
2
5
220
1476
303
554
912
501
2024
1530
274
494
2449
213
1499
735
1331
265
1
257
1407
950
1722
362
372
1794
102
2279
1271
943
1212
112
493
147
552
1732
1325
4
39
2218
248
2130
930
1068
1002
1165
455
736
253
1515
1059
600
2463
1594
37
124
1
1156
658
538
806
53
482
1991
262
882
148
1457
41
1237
124
2413
251
2176
551
63
722
840
1220
272
313
72
279
367
1103
873
1238
749
548
1329
388
689
2319
1715
46
1137
2473
609
2004
986
202
146
32
443
931
84
2164
152
2238
101
2327
1072
12
2281
114
5
62
197
2062
2212
283
55
2000
92
1535
2204
313
1461
282
203
840
138
517
471
285
761
1196
633
1121
5
7
510
1370
250
872
299
1498
571
22
4
270
944
73
1109
2014
1381
900
127
1269
1286
983
326
1815
570
276
540
2471
2296
1185
2193
810
1688
1286
2045
201
12
486
224
954
1287
328
708
46
2345
821
218
1809
2350
379
