1
2
1
6
1
212
67
1
5
35
1
1
1
6
2
146
287
1
1
4
1
1
1
2
33
2
1
23
7
1
9
1
2
65
2
80
1
1
1
4
1
2
1
3
2
10
27
3
8
1
2
3
5
2
2
1
3
1
1
6
3
1
6
2
1
2
18
5
190
1
2
13
279
167
1
1
7
1
1
1
1
10
1
19
2
29
1
1
1
13
1
20
10
2
3
28
3
1
1
2
1
3
4
146
2
3
1
2
1
1
1
2
50
4
1
1
4
4
8
3
431
2
2
1
1
1
1
1
2
1
45
1
1
62
2
3
39
40
65
5
18
2
4
3
5
119
5
215
5
1
130
4
4
1
1
19
8
4
59
2
2
16
6
14
4
58
2
1
1
1
1
4
2
4
1
4
21
6
1
1
1
3
1
2
1
1
1
4
2
3
1
1
1
1
1
1
1
3
4
5
10
1
1
6
23
1
2
1
1
48
1
27
1
5
3
1
1
11
3
1
4
29
1
1
375
3
5
7
17
5
13
11
12
1
2
7
1
1
1
1
209
72
1
1
6
92
1
3
2
1
1
69
1
19
24
1
7
9
1
1
1
11
2
1
4
2
16
96
72
1
1
2
1
6
1
3
27
1
1
1
1
51
4
1
1
1
1
1
2
4
2
5
2
13
1
1
3
10
9
18
5
20
2
400
1
2
2
1
3
2
5
2
7
3
2
4
2
4
1
83
1
1
3
125
1
4
1
6
1
4
5
4
7
1
7
1
3
2
1
1
61
2
3
2
2
14
1
1
1
13
16
7
1
18
5
4
1
1
1
1
1
1
1
2
3
1
13
1
1
1
4
43
8
1
1
1
1
1
1
1
24
1
15
3
20
1
1
33
1
91
45
2
1
1
53
1
183
1
14
2
3
2
193
3
5
2
1
1
162
6
2
98
18
11
1
1
16
38
2
1
2
2
1
116
1
1
1
156
2
1
1
17
8
23
4
355
1
12
9
3
4
1
1
1
6
271
1
87
5
9
5
1
1
23
2
1
75
1
4
142
4
1
1
1
2
1
10
1
318
158
17
2
25
2
1
206
1
1
71
2
1
1
7
15
20
1
1
2
1
1
1
1
86
3
2
3
176
1
1
7
1
1
47
3
2
5
12
1
5
8
12
4
109
3
1
8
7
32
1
5
1
2
11
16
2
17
1
2
2
8
7
1
3
8
1
1
11
3
1
3
4
1
1
2
3
1
1
3
2
1
2
10
7
56
10
1
4
3
5
12
35
1
1
5
1
4
17
21
2
194
15
1
1
21
16
191
7
4
1
1
1
1
1
195
2
2
2
1
1
1
5
1
1
2
15
12
1
1
1
26
1
4
22
1
3
2
2
104
1
1
1
1
2
2
3
8
4
1
1
1
2
13
7
3
3
1
29
1
4
2
1
5
1
3
15
2
3
2
1
2
4
7
4
10
2
86
40
19
2
1
1
1
1
4
14
1
4
1
2
7
26
1
1
45
1
1
22
2
1
1
2
1
7
1
1
3
9
1
65
4
4
143
1
15
200
1
1
3
8
1
1
65
6
6
3
10
1
1
4
2
1
1
1
9
2
1
2
4
1
1
3
1
8
4
2
19
1
2
1
1
1
4
1
1
146
23
2
1
1
1
1
80
2
16
3
2
1
2
4
1
8
1
2
27
44
2
13
6
1
1
2
3
1
1
3
12
1
2
1
1
1
161
12
9
2
2
6
1
37
3
2
21
1
24
1
1
2
1
4
1
7
1
1
11
160
4
1
1
1
3
10
4
5
2
2
2
88
4
1
1
1
3
2
14
4
3
1
2
1
2
2
3
7
1
10
2
5
1
25
52
2
66
4
76
7
2
1
1
1
1
9
1
2
2
4
3
1
3
29
1
2
4
5
238
1
2
39
7
20
1
8
2
307
1
1
1
1
156
17
63
3
173
5
2
6
1
7
4
4
9
5
3
100
2
4
1
1
5
1
13
7
2
1
1
1
1
1
237
1
5
1
76
2
4
2
6
12
9
3
1
72
2
2
10
12
10
6
4
2
2
2
2
332
391
1
40
1
3
7
3
1
4
1
1
1
1
26
1
20
3
53
1
1
12
1
1
9
1
76
4
11
12
11
2
1
13
1
1
1
1
1
47
337
2
38
1
1
1
25
3
5
2
7
3
5
2
7
14
21
10
12
7
3
16
18
1
1
1
42
1
2
1
12
1
1
4
6
3
3
3
16
3
10
3
1
1
1
26
14
1
1
26
3
45
1
13
1
1
1
14
2
7
135
1
1
3
2
1
7
4
4
1
90
1
2
19
15
6
1
1
3
22
1
1
7
1
4
2
2
12
1
1
2
3
4
16
1
123
1
1
1
1
4
2
11
1
1
91
1
9
2
83
8
1
22
1
107
4
1
5
1
1
2
5
2
1
7
22
47
1
2
1
1
2
8
76
9
1
1
1
1
1
1
1
4
5
219
1
1
1
447
1
2
129
1
1
17
10
2
17
1
1
127
1
1
1
8
1
1
1
55
2
1
1
3
1
12
173
78
1
1
7
53
8
1
8
31
3
16
41
1
2
2
2
1
1
1
1
1
1
74
1
3
27
113
1
2
1
28
2
51
2
252
14
10
1
2
1
1
1
1
208
2
18
1
1
39
3
364
1
27
1
1
254
6
1
1
5
1
1
74
1
14
2
1
1
1
1
1
1
16
27
10
1
27
1
3
2
2
5
2
6
3
1
1
3
1
8
11
6
1
3
1
252
2
2
1
78
1
2
11
1
374
3
1
108
5
1
5
1
2
1
110
1
7
12
27
289
5
17
5
2
1
1
1
39
1
34
1
1
27
1
46
1
4
4
3
1
23
9
4
1
1
1
4
4
1
1
4
1
24
2
18
11
27
1
29
4
1
2
2
1
6
8
21
2
2
5
4
15
1
1
2
268
7
24
2
16
1
6
5
2
1
1
1
3
1
149
3
1
1
29
4
2
1
17
105
18
1
2
5
1
3
3
2
1
1
1
1
7
1
1
1
5
11
2
123
1
1
1
8
1
12
211
15
4
1
1
163
5
5
2
1
2
6
1
1
2
14
2
1
1
1
20
1
1
2
36
2
2
5
4
185
1
4
1
56
1
1
9
1
2
1
129
6
4
7
102
12
100
6
18
1
3
1
25
19
1
1
3
14
8
6
1
1
1
4
1
14
1
1
1
16
1
26
1
4
10
1
4
2
4
8
6
4
8
10
1
7
3
4
1
2
2
29
12
6
353
2
1
1
19
49
1
48
3
4
3
1
1
7
1
5
3
2
2
1
6
1
2
1
39
8
73
2
7
1
1
25
3
10
1
1
18
1
3
24
1
1
2
2
1
11
1
64
1
4
1
5
1
1
1
1
3
1
2
1
3
93
17
1
12
1
1
2
119
1
5
14
1
1
7
1
25
15
1
3
45
2
1
365
2
7
30
11
1
1
26
3
1
4
1
1
326
1
1
1
1
1
1
1
6
1
1
1
3
1
3
7
2
2
41
1
3
1
1
1
335
41
1
1
3
77
1
28
1
10
174
1
3
37
3
1
1
1
2
29
9
1
15
2
4
13
1
1
9
2
2
263
1
6
1
1
177
1
1
1
2
1
44
1
2
1
4
3
13
2
33
1
49
5
2
3
1
1
1
6
2
1
3
18
1
1
3
2
1
1
4
1
12
3
3
18
11
5
3
8
3
25
6
2
2
1
1
1
1
1
1
57
28
2
1
1
2
2
1
1
38
2
2
1
46
9
2
3
3
1
1
2
1
1
1
1
3
1
1
1
34
1
1
1
1
1
1
1
99
3
1
3
58
2
9
1
3
8
99
1
1
4
7
1
114
6
5
3
80
176
1
2
1
6
1
1
1
1
4
1
5
3
8
5
1
60
1
1
4
1
1
3
184
2
1
1
6
16
1
5
1
14
1
3
1
3
1
2
5
1
2
2
10
1
11
2
13
1
2
8
6
1
1
7
4
6
1
5
1
3
5
439
1
1
1
135
3
13
1
15
1
1
23
1
2
3
1
29
1
7
1
1
1
1
2
1
1
6
36
1
1
1
3
1
225
1
45
8
3
5
4
6
5
1
2
9
186
1
18
2
1
1
63
1
27
2
3
1
1
31
2
6
3
1
12
2
1
2
1
1
24
1
1
32
1
1
1
2
6
2
3
1
2
1
1
4
2
1
2
1
17
1
1
357
27
1
1
1
36
113
1
54
25
1
80
5
13
2
6
14
1
6
1
1
1
1
3
61
145
1
17
1
1
3
1
3
1
1
2
1
1
4
2
3
5
4
1
4
15
1
25
1
1
1
18
321
34
12
340
1
1
1
1
18
1
3
42
1
1
1
14
1
2
5
21
5
102
1
41
1
1
1
4
3
36
2
9
2
17
2
1
2
32
40
1
1
1
51
2
5
2
1
53
2
2
1
3
1
1
1
1
25
2
1
2
7
1
12
2
1
2
2
20
2
2
2
1
3
1
2
1
1
1
1
28
3
2
1
4
1
5
1
5
3
2
3
1
2
26
1
13
4
1
2
7
1
2
1
6
1
467
1
1
2
86
10
1
1
3
264
1
10
1
8
224
4
1
115
35
1
4
1
4
142
34
1
4
54
159
7
1
1
1
2
10
1
1
1
1
2
47
27
2
153
2
446
4
1
4
1
2
1
2
262
23
1
3
1
1
1
1
3
7
1
1
1
4
6
11
3
1
2
1
1
4
1
15
18
112
1
1
15
1
2
4
6
12
7
20
1
1
3
2
256
4
2
1
4
7
1
3
2
1
1
8
1
12
5
3
10
8
1
1
1
1
2
1
6
2
1
1
5
12
3
17
1
11
1
2
2
9
1
1
5
30
1
6
1
8
1
1
4
12
1
1
2
112
1
6
1
99
1
1
18
3
1
1
2
12
1
186
40
1
1
127
14
1
1
3
2
2
1
1
1
4
3
1
2
6
5
9
1
1
24
2
4
4
1
12
9
220
1
13
1
1
105
7
4
3
3
1
2
1
20
1
16
1
8
67
1
2
2
2
3
2
1
30
1
112
1
3
1
12
16
36
1
1
1
48
4
4
6
1
1
14
2
1
1
1
2
1
4
3
1
1
134
1
1
5
99
2
3
5
5
1
5
2
1
3
2
1
44
1
1
1
10
1
6
7
1
31
1
1
78
1
2
5
32
1
3
233
2
42
1
1
1
4
1
1
1
15
2
122
8
1
1
38
6
22
2
2
1
62
4
4
37
4
29
2
1
1
1
10
2
1
4
1
1
4
2
1
1
1
1
1
1
1
1
1
1
6
4
15
1
10
2
144
1
1
7
1
1
10
67
2
1
1
131
1
1
1
21
2
10
8
1
9
16
1
1
116
2
1
27
1
1
4
1
17
1
116
1
1
57
1
1
28
21
1
2
1
1
352
4
12
1
1
57
1
1
9
2
3
4
2
19
7
20
42
1
11
2
1
19
104
2
5
1
22
1
5
1
3
1
3
3
3
75
1
1
1
1
2
9
2
51
3
8
13
1
3
154
1
1
9
1
1
24
4
1
465
1
5
6
3
1
2
54
1
2
55
1
1
2
1
1
1
1
37
4
36
1
3
2
1
2
1
3
1
1
4
21
4
2
19
2
31
10
1
2
1
1
1
2
33
294
2
1
1
19
1
160
1
22
1
16
1
1
1
3
2
13
1
2
17
8
1
9
1
8
330
57
232
3
3
2
2
1
4
13
1
1
1
1
1
1
1
2
1
1
1
1
22
1
1
20
77
2
1
3
1
6
1
1
1
8
1
1
2
42
6
1
1
2
1
17
1
2
2
2
1
1
3
5
5
3
8
1
1
7
3
4
1
17
5
1
1
1
6
4
2
1
2
1
8
3
6
26
1
1
7
1
9
1
115
3
1
2
4
3
230
1
17
1
3
26
1
1
4
6
1
2
1
2
1
1
1
12
4
2
11
2
2
62
32
13
1
14
7
1
1
2
450
1
5
1
8
2
7
5
21
1
17
1
2
60
1
3
3
20
1
1
1
1
1
5
4
4
9
3
51
1
2
3
11
1
1
2
8
8
4
2
3
8
13
6
13
1
11
2
1
5
1
200
1
42
30
2
1
1
1
1
1
2
6
2
16
2
1
2
1
5
6
4
3
4
4
3
3
2
1
2
12
85
2
11
7
3
1
2
2
4
2
1
1
7
4
31
77
3
1
2
1
1
5
1
2
9
19
16
1
5
1
1
44
1
3
1
1
1
3
15
1
74
1
2
1
1
1
4
3
225
21
1
1
1
39
111
1
6
7
1
1
3
1
307
1
67
1
3
1
1
55
133
2
3
2
8
2
10
1
8
2
1
3
8
1
3
19
44
1
1
1
2
1
8
5
1
4
1
1
11
1
13
1
1
5
6
3
2
1
1
1
42
3
20
14
8
2
7
5
1
2
2
415
3
67
1
1
1
2
7
1
1
19
4
3
1
43
2
2
12
3
7
3
41
1
1
378
1
1
1
5
1
19
1
2
1
79
6
1
3
6
67
1
2
1
1
1
2
1
4
10
1
1
1
6
1
3
1
55
79
3
4
1
7
93
3
76
15
1
2
2
1
11
1
1
110
1
1
1
4
2
1
2
1
3
169
2
1
56
1
8
1
3
1
1
13
9
1
3
1
1
6
3
2
4
1
2
17
2
1
1
1
378
1
5
77
2
126
1
4
1
2
1
1
12
3
1
13
1
2
1
2
2
30
3
1
3
2
2
1
3
3
1
2
3
12
1
15
2
4
1
1
1
1
1
2
1
3
1
1
1
100
13
1
4
1
2
1
3
4
1
1
5
413
3
6
4
2
2
8
38
5
45
1
4
2
1
3
8
2
2
1
1
4
2
1
2
3
1
4
6
59
2
38
72
2
1
4
138
4
4
9
2
3
1
1
11
1
4
2
9
1
17
3
1
4
1
10
40
13
22
2
3
1
11
1
2
9
9
4
41
2
155
1
5
4
1
21
1
106
3
6
1
3
2
15
2
4
80
18
1
54
7
3
36
8
15
8
1
3
8
1
4
1
1
2
1
8
3
2
31
3
3
1
1
7
13
8
3
2
1
37
1
1
9
24
4
1
1
9
1
27
2
1
1
1
2
2
1
15
1
2
1
448
1
1
1
3
13
12
16
3
5
3
1
1
6
1
3
6
8
7
1
38
3
7
7
3
1
1
2
10
7
5
2
1
2
11
4
1
1
2
1
1
2
4
4
1
1
1
449
6
2
1
1
3
10
37
45
1
1
11
15
4
34
5
27
1
1
46
3
2
3
1
1
36
1
1
6
173
3
1
2
1
145
1
12
1
1
1
1
2
4
1
2
92
1
2
5
5
2
1
2
2
1
1
420
13
1
2
1
2
7
3
15
2
1
4
2
1
381
6
8
81
4
1
3
12
1
1
7
2
2
1
4
1
1
1
31
123
2
3
2
10
4
1
17
1
1
8
1
25
2
1
5
1
4
129
1
1
2
10
1
9
20
1
8
7
14
31
30
32
1
1
1
1
18
42
1
1
1
129
1
5
1
3
9
6
1
1
2
1
2
3
1
1
1
1
1
7
17
3
4
4
2
1
39
4
10
1
1
1
3
1
1
1
377
1
1
9
1
2
42
2
155
1
2
8
2
2
2
1
1
2
1
25
6
1
1
8
4
4
3
3
2
2
1
1
2
2
8
22
2
74
3
2
38
64
139
14
1
1
1
1
2
15
4
1
1
3
1
1
1
1
2
21
3
2
8
8
1
2
1
1
10
1
5
1
24
2
1
1
42
1
26
5
1
6
1
2
1
11
1
1
13
105
1
31
1
222
340
6
1
1
3
3
38
4
3
1
1
164
3
3
2
9
17
1
3
4
4
2
296
1
2
1
1
2
5
4
1
1
1
4
25
6
15
17
111
2
1
95
2
3
3
10
2
1
1
1
2
11
2
10
10
2
4
2
33
1
3
5
1
1
6
7
3
1
101
37
2
1
1
37
6
1
1
7
8
5
1
1
2
3
44
1
1
60
2
1
2
3
19
395
2
10
1
6
16
13
2
8
7
1
1
8
2
1
1
91
70
5
1
22
2
2
2
3
2
1
5
2
1
146
1
2
1
3
1
2
5
1
1
1
25
1
3
3
16
98
4
2
1
2
1
1
1
12
2
2
18
4
1
1
40
8
1
3
21
1
6
13
1
1
3
1
3
492
2
1
7
1
1
4
3
2
2
15
80
4
4
1
1
4
4
1
1
1
2
1
3
2
6
2
1
1
1
5
10
83
1
1
2
2
9
1
1
1
2
1
3
2
1
1
2
1
3
2
4
1
1
2
1
1
3
1
2
1
5
6
2
13
84
2
13
2
6
1
1
23
1
2
2
1
5
1
8
1
1
6
21
180
2
3
3
2
1
1
1
1
1
5
2
63
3
1
5
1
2
2
2
13
5
3
89
4
47
1
1
3
1
1
1
1
3
4
2
1
7
9
1
4
1
4
7
12
2
3
11
3
6
10
4
16
1
1
1
1
6
314
1
65
6
1
1
2
1
2
1
2
1
1
2
1
1
1
1
1
7
2
12
12
1
1
148
1
44
2
4
3
2
1
4
233
1
1
1
2
1
33
1
18
1
17
1
1
3
1
2
1
1
3
1
33
14
1
3
1
1
2
1
1
45
1
1
1
2
56
1
1
1
1
1
1
2
10
1
4
1
2
1
2
1
6
3
1
7
1
3
1
1
2
1
10
1
1
1
6
3
5
1
2
2
1
6
2
2
1
2
3
34
10
1
1
1
1
18
1
89
1
1
1
2
6
2
1
2
1
1
1
14
350
10
6
4
1
17
92
1
9
1
19
39
1
31
2
64
3
209
1
3
1
1
70
2
12
2
1
2
2
2
1
16
6
5
2
30
1
2
3
363
2
1
32
1
41
1
9
7
10
12
1
1
7
240
72
1
7
6
15
3
1
9
3
11
1
1
5
15
60
1
4
1
17
21
2
2
1
21
430
1
72
1
1
4
1
1
1
1
2
391
1
1
18
2
2
13
4
3
18
4
1
3
1
2
1
3
1
1
1
35
1
1
2
1
1
37
2
1
2
4
4
4
6
1
7
2
7
3
1
1
1
1
1
3
58
3
3
2
14
1
13
1
6
8
1
5
2
35
1
131
12
1
30
4
1
1
3
1
2
2
1
2
17
1
11
13
1
1
2
37
96
73
1
1
1
263
1
9
7
5
1
11
27
1
5
159
344
1
12
1
13
1
17
1
34
2
2
1
1
1
10
4
1
9
1
1
4
11
9
2
35
12
3
77
2
4
11
4
2
1
5
5
1
3
3
8
1
6
2
1
2
24
4
9
1
23
1
11
10
2
2
1
1
2
1
1
3
3
1
3
13
1
17
14
4
2
2
19
2
3
13
106
21
4
31
1
3
2
4
3
68
1
2
1
5
1
10
3
7
1
3
1
7
3
2
1
110
4
162
7
1
1
5
304
1
53
160
1
14
1
1
3
1
10
1
1
76
1
1
1
1
106
1
3
1
197
16
1
7
331
3
7
1
1
44
113
3
1
1
1
6
1
1
3
20
1
90
2
2
28
2
1
5
8
2
2
88
1
2
3
1
2
4
12
5
6
15
166
2
1
11
84
112
1
2
1
3
3
30
329
3
5
20
26
16
2
1
23
4
164
32
183
26
1
341
19
2
5
15
1
19
1
2
3
1
5
1
3
3
1
1
2
125
52
1
1
2
2
3
6
1
2
10
1
6
4
1
1
2
3
1
6
7
9
5
7
2
4
1
1
1
2
1
24
6
2
1
3
1
1
32
6
1
1
2
1
4
1
3
1
3
2
1
1
1
2
9
1
108
1
3
2
195
2
9
2
14
1
65
13
172
9
3
4
37
4
1
1
71
12
1
60
66
1
9
6
5
3
2
2
8
8
1
1
1
40
2
4
5
17
2
2
5
1
40
6
1
1
7
3
27
1
2
4
8
6
3
204
1
3
1
1
1
1
2
5
1
1
4
1
2
1
4
1
2
4
18
2
17
3
1
1
1
1
4
1
66
1
1
1
1
40
1
77
54
450
17
46
9
103
2
2
8
1
1
2
2
14
1
1
4
2
5
1
2
1
3
1
1
15
2
1
64
5
6
1
28
423
1
1
2
1
14
1
15
1
20
2
129
1
3
5
1
390
19
9
2
1
2
5
12
1
1
6
1
423
1
1
1
2
1
1
2
5
25
1
1
1
13
5
1
2
1
3
4
1
3
18
24
1
3
22
7
3
3
10
27
15
16
1
5
1
2
2
1
4
4
12
2
1
1
1
6
14
1
5
3
81
1
1
11
7
1
5
13
1
1
37
143
1
6
1
2
14
1
1
9
2
1
3
3
2
1
33
7
390
2
2
7
1
1
1
2
7
25
9
1
1
1
1
2
5
1
3
1
33
3
3
5
2
1
4
1
1
1
3
1
1
1
1
12
2
1
1
8
1
1
4
3
4
410
4
1
1
6
17
1
8
5
38
36
1
8
26
1
2
16
12
34
13
10
1
2
16
1
1
1
26
1
46
3
1
5
1
27
4
1
3
16
20
1
1
4
1
74
1
11
384
1
1
1
2
23
1
1
8
6
1
1
5
2
27
27
2
1
2
13
1
11
4
2
1
339
1
1
2
20
2
104
1
1
6
11
2
1
39
1
131
1
1
1
3
423
1
26
1
1
9
1
127
5
8
1
6
3
2
2
1
2
1
60
1
3
7
1
1
1
7
6
1
38
1
20
2
5
1
1
13
1
1
1
1
2
2
3
1
1
5
1
1
1
3
1
117
4
3
1
3
3
3
12
1
1
17
1
6
1
2
6
1
1
6
20
2
1
1
102
14
2
1
1
3
188
1
4
6
1
5
1
1
8
1
11
1
1
1
3
58
1
1
2
3
2
11
27
1
1
15
1
4
1
79
3
13
1
1
1
5
1
2
1
14
1
466
3
1
2
1
383
1
1
1
17
1
1
32
24
3
1
15
4
1
4
1
127
1
1
1
5
4
33
2
2
1
1
204
1
1
1
2
175
3
3
1
1
1
1
1
9
1
205
1
1
1
1
1
1
16
1
2
154
1
338
1
56
1
1
1
2
2
2
282
2
1
206
1
13
4
23
1
1
1
1
8
1
1
175
2
11
1
28
1
1
1
13
3
3
1
8
7
3
39
21
1
1
1
1
3
3
19
1
1
1
9
49
1
2
3
2
47
1
1
1
4
2
30
1
1
1
7
1
6
2
1
181
14
1
1
18
11
14
4
1
2
4
33
208
165
9
1
2
69
6
216
1
5
1
72
1
22
1
1
2
4
1
24
1
1
6
1
7
8
3
1
13
1
10
2
1
1
2
9
26
1
1
14
17
236
3
22
4
1
47
1
5
1
4
1
9
7
13
1
3
255
226
1
1
7
7
21
3
11
2
3
1
275
2
3
1
1
87
6
1
1
1
1
2
1
3
45
1
1
9
10
175
73
2
4
2
1
1
1
1
4
2
4
1
7
3
1
1
1
3
1
6
11
196
3
10
119
8
1
8
2
1
1
16
4
7
1
1
2
1
37
1
43
314
3
1
13
4
2
1
1
24
6
2
1
389
1
1
6
1
2
4
4
3
1
6
14
6
1
1
1
7
13
4
2
19
5
1
1
279
1
1
2
1
3
1
8
1
1
2
2
1
4
1
4
20
1
1
2
1
1
1
92
1
17
3
2
1
1
1
138
3
2
11
6
2
263
3
16
4
8
3
2
1
60
75
3
1
6
1
1
1
2
22
2
2
3
1
3
11
2
1
4
1
3
4
2
1
1
1
2
1
2
4
2
1
3
1
3
1
4
2
1
40
11
1
4
1
1
1
1
17
3
2
4
1
13
8
1
1
1
1
2
230
13
1
3
6
6
9
8
1
2
15
1
4
15
5
4
1
1
1
1
3
6
351
15
5
3
7
4
2
1
1
2
2
1
1
1
1
422
1
1
5
6
7
1
1
36
1
1
1
1
9
2
2
3
1
1
1
1
1
1
2
1
3
1
1
1
1
1
1
1
2
3
1
1
3
18
2
1
3
2
319
3
2
271
4
6
2
17
2
1
227
86
13
1
1
1
4
8
2
3
10
1
136
8
1
4
7
1
12
2
4
1
4
1
275
109
9
1
26
6
37
466
11
21
2
1
4
1
1
3
4
6
15
9
1
4
9
16
1
28
45
1
1
1
6
1
4
6
8
1
1
35
5
1
12
2
34
3
33
1
29
75
3
4
1
7
1
4
3
2
1
1
33
4
2
6
2
2
70
1
1
2
2
68
1
12
1
1
2
1
2
11
1
1
3
2
2
3
6
233
1
14
1
2
21
1
3
1
72
2
7
1
1
1
1
1
2
2
3
1
227
2
59
1
5
3
3
1
1
1
8
1
1
297
11
75
3
14
4
1
1
6
6
148
5
2
9
8
1
1
3
1
1
5
1
2
9
8
53
1
9
1
9
3
2
8
3
6
113
48
1
2
5
1
1
1
1
4
29
119
1
1
1
24
1
25
3
1
5
2
4
26
2
19
134
1
4
3
23
2
4
54
1
4
1
11
1
1
1
1
37
1
2
1
3
13
2
4
1
2
1
10
1
12
5
9
1
1
5
2
22
12
10
213
1
1
20
4
1
1
7
1
4
2
11
1
2
20
1
3
10
4
1
4
36
4
25
7
4
12
1
2
82
3
1
4
386
4
1
11
3
115
21
1
1
1
3
4
2
8
6
1
14
1
1
71
384
2
1
1
3
3
2
40
1
11
147
39
27
98
3
27
4
1
49
1
1
2
1
1
9
43
2
1
1
1
16
1
8
1
2
2
22
1
5
13
3
1
24
8
2
206
2
161
2
1
29
30
2
2
2
1
137
1
1
63
2
1
9
2
2
5
3
1
4
2
117
1
3
1
1
5
1
1
2
1
4
1
1
4
1
14
1
14
1
2
1
42
1
9
1
2
2
3
177
2
1
6
1
4
1
5
1
42
115
2
4
1
2
33
5
1
1
1
233
1
1
22
1
4
173
30
1
42
8
9
1
34
2
6
2
2
4
1
2
6
8
1
4
254
2
24
1
1
6
2
1
1
272
2
1
1
1
1
18
1
33
1
3
3
1
1
1
1
3
20
1
1
32
2
364
1
12
2
1
2
2
2
20
1
1
3
1
3
1
4
2
3
2
2
223
1
1
2
1
2
1
430
2
6
203
25
13
1
1
1
1
3
1
282
2
1
2
38
180
1
2
1
1
9
1
4
85
1
252
1
1
1
43
1
4
1
8
46
1
14
327
52
2
7
2
25
6
39
5
3
20
8
2
1
19
1
1
2
4
1
1
1
1
1
2
190
1
12
1
19
2
4
1
1
27
1
2
1
1
1
6
157
2
4
1
26
4
1
1
15
2
1
1
3
1
20
113
4
1
2
70
14
1
3
9
4
5
1
1
4
1
2
48
1
1
63
2
1
17
30
2
6
1
1
5
2
2
120
4
59
11
2
1
2
3
5
7
2
8
1
14
1
9
1
4
3
23
43
2
1
2
2
12
1
1
2
1
1
8
5
1
1
7
2
2
1
3
11
2
1
1
2
1
1
4
1
1
5
3
35
3
1
2
1
281
2
2
1
4
1
1
9
1
7
7
5
1
1
5
3
3
1
1
1
1
31
1
7
18
1
2
4
1
1
2
1
36
2
1
1
1
36
13
35
1
2
1
9
2
1
292
2
1
18
1
1
1
1
1
3
4
2
1
1
336
1
22
4
7
1
1
1
120
2
11
9
1
7
1
1
9
4
1
1
19
1
1
1
7
1
5
3
2
3
1
1
1
1
39
78
57
9
3
2
10
1
1
1
1
1
2
1
161
6
5
2
1
2
2
1
6
4
4
28
81
1
1
5
1
5
2
60
9
9
14
2
3
3
1
1
8
3
1
1
123
3
2
1
1
5
1
4
1
1
74
1
43
2
4
3
3
2
23
3
2
1
1
4
1
5
1
4
5
1
1
2
15
1
24
2
1
10
1
19
13
1
1
1
1
9
49
1
18
3
3
1
2
7
1
25
1
5
2
2
1
3
1
1
22
2
1
1
8
4
1
30
1
2
1
26
8
3
4
20
3
16
1
6
1
1
2
17
94
2
6
6
499
4
2
3
1
6
3
57
2
1
72
1
37
2
5
11
1
2
1
1
1
13
120
3
2
1
2
16
1
4
1
1
129
9
9
1
2
1
3
3
1
1
2
1
1
1
13
10
1
5
3
3
1
1
8
22
6
1
4
8
11
2
1
1
125
17
1
9
2
1
1
2
1
50
224
19
3
1
2
1
5
1
24
1
2
1
29
91
1
22
1
4
1
3
15
1
15
1
23
2
2
1
9
20
1
2
1
2
1
418
1
3
23
27
1
1
2
16
2
313
125
12
16
87
1
5
103
1
1
2
483
2
4
3
1
1
2
1
1
2
3
1
1
194
1
11
8
1
2
30
1
49
3
1
92
1
13
139
1
1
20
4
1
8
4
4
1
32
1
1
2
1
7
1
1
13
1
1
1
217
1
5
1
2
60
2
8
1
1
16
1
1
4
4
1
39
1
4
11
1
6
1
4
2
6
1
1
1
1
19
9
13
6
1
1
7
3
28
3
1
1
1
1
8
1
1
1
3
1
5
2
1
1
1
76
3
4
1
2
2
1
1
2
13
11
1
2
5
5
1
1
1
6
4
2
1
1
1
11
30
60
2
7
1
13
17
78
3
1
1
7
2
5
121
4
205
8
3
4
2
1
13
6
1
2
1
3
1
4
1
2
1
4
17
2
2
154
2
12
1
2
1
1
2
2
1
3
1
1
1
41
39
1
1
128
8
1
3
2
220
155
38
4
4
2
1
1
1
1
2
1
10
1
10
295
1
62
1
6
1
6
122
1
2
3
7
5
8
1
140
2
4
1
6
1
1
5
42
2
5
1
1
3
2
7
1
1
11
1
19
1
27
6
28
1
344
2
1
92
1
5
53
1
10
1
1
3
1
5
2
12
48
1
261
2
2
1
3
3
1
21
8
4
1
2
1
4
1
14
1
1
79
2
2
1
1
1
1
2
2
1
2
7
2
1
1
1
2
38
7
5
108
3
5
78
1
5
1
4
8
2
4
1
7
1
1
19
4
21
1
29
1
9
1
1
1
1
2
2
80
444
60
117
2
3
3
4
1
9
121
1
2
4
6
30
2
1
1
1
10
2
3
1
1
2
41
1
8
1
1
1
4
16
39
2
1
1
1
2
4
1
45
2
2
1
2
5
8
1
1
1
6
6
1
3
2
2
1
9
6
1
1
2
67
10
1
11
2
1
1
3
3
1
2
57
3
112
2
1
4
22
2
2
1
5
16
7
1
7
1
1
4
7
2
1
5
2
1
3
1
5
1
10
3
11
1
334
6
5
2
1
1
1
2
119
31
103
7
1
2
1
5
4
4
9
4
15
3
1
2
7
21
1
28
4
1
1
7
67
3
4
14
1
67
234
2
1
27
1
10
5
2
1
5
3
1
1
1
1
1
5
1
1
1
43
484
38
11
1
9
54
3
1
1
4
3
1
159
9
6
79
1
3
5
1
1
4
4
2
1
48
1
1
34
1
1
1
1
1
7
1
1
7
17
1
2
2
10
3
31
1
7
5
2
8
3
6
24
1
1
1
108
8
1
1
2
1
108
1
8
4
7
1
4
65
2
6
31
1
1
1
1
1
3
21
1
1
2
1
19
3
2
6
3
1
68
206
1
3
1
1
3
1
1
3
14
426
2
3
1
1
21
11
6
3
6
29
1
7
6
1
1
3
1
1
178
9
13
3
1
18
2
7
18
1
18
3
1
3
2
2
5
1
1
1
2
2
5
3
17
6
1
6
1
1
1
6
2
4
3
4
6
1
9
1
2
1
1
1
1
83
7
1
1
11
35
114
3
1
8
1
1
22
4
1
1
12
2
1
1
3
1
1
8
1
1
15
10
1
1
2
2
1
1
17
2
3
5
3
1
1
1
23
6
1
6
1
1
1
1
83
4
1
13
8
22
99
2
6
19
2
12
2
6
1
3
1
1
3
1
1
2
1
24
27
2
1
2
13
7
1
36
1
1
9
2
3
2
3
1
13
34
3
2
13
6
1
2
9
1
2
7
1
46
9
329
1
1
9
14
5
2
1
1
2
2
1
1
7
1
1
1
3
1
2
11
25
1
1
1
11
1
490
1
2
2
72
91
2
91
1
10
1
1
1
4
1
2
1
13
77
5
1
8
2
5
88
1
1
1
1
22
2
45
2
27
1
229
3
44
3
43
6
3
17
1
1
14
1
4
3
2
8
19
1
53
8
25
1
3
1
4
1
1
2
5
6
1
1
64
1
1
1
32
2
12
13
4
5
3
1
4
1
1
16
1
1
1
3
23
25
1
1
143
1
2
2
1
210
1
1
10
1
1
1
5
3
1
5
13
1
76
9
6
2
8
10
2
1
2
2
33
18
2
29
4
1
1
1
4
1
1
1
1
1
1
1
1
4
1
2
4
2
4
1
1
4
6
1
2
2
2
403
2
3
221
1
76
1
1
65
2
1
3
2
1
1
2
3
1
1
1
5
3
1
2
1
1
40
7
1
1
20
12
39
1
1
1
1
2
23
1
1
1
50
1
7
201
2
2
2
1
1
1
2
3
1
1
5
5
2
29
5
1
285
3
1
6
1
1
400
2
1
252
1
1
1
1
1
1
1
2
15
1
2
1
1
2
1
2
6
12
1
2
1
1
1
1
3
3
2
1
2
1
2
1
1
2
13
2
2
1
44
3
1
4
3
1
17
11
1
1
1
1
39
1
12
4
208
1
3
376
2
202
9
2
1
1
2
1
3
1
1
12
1
11
11
1
6
1
3
3
2
5
5
149
1
24
1
1
1
14
5
15
7
4
50
1
1
1
1
1
1
5
4
2
52
1
1
2
1
1
1
1
1
1
3
42
3
1
5
3
2
9
1
2
1
1
5
1
7
1
1
22
4
1
2
1
1
197
1
1
1
58
4
6
10
3
2
1
2
1
7
1
32
2
1
122
1
3
1
6
1
1
3
3
2
3
7
2
2
6
18
6
1
5
2
1
2
61
1
7
1
1
14
2
5
2
1
1
2
1
56
128
2
3
2
19
2
1
1
1
9
409
1
7
1
2
1
1
1
2
93
1
1
1
56
1
6
3
31
8
2
1
24
3
1
1
1
1
5
1
3
73
2
3
2
5
17
1
1
3
1
16
68
1
2
2
2
2
3
1
2
2
3
2
4
11
2
2
1
2
6
1
1
1
1
4
61
2
2
2
1
2
32
58
220
1
1
1
4
2
1
121
44
19
1
18
8
1
1
1
1
4
1
10
2
1
1
1
1
4
5
313
1
5
72
1
3
26
368
1
3
4
5
1
1
5
2
2
1
20
4
1
2
1
3
1
292
10
6
2
1
1
2
1
1
2
2
14
4
2
5
1
3
2
24
1
1
1
3
5
16
1
84
1
1
15
1
1
5
6
3
2
38
2
8
1
1
1
6
2
1
1
2
38
2
1
3
2
15
1
1
1
29
5
1
1
1
1
1
2
1
1
1
1
7
1
1
2
1
3
49
4
13
1
1
1
9
3
6
2
13
10
25
3
2
1
77
12
1
4
1
11
1
5
1
1
37
8
5
188
251
51
44
1
2
1
2
1
1
7
17
1
3
1
20
1
1
83
135
1
1
1
4
12
1
1
6
121
1
1
11
1
4
3
1
3
2
2
7
1
1
4
3
7
1
2
1
17
2
1
43
1
2
7
2
2
1
135
2
1
1
3
48
1
1
11
33
7
1
26
1
1
1
15
4
19
7
2
1
2
1
123
6
2
1
23
1
4
1
3
25
1
9
3
3
1
26
3
10
80
3
1
3
9
4
1
1
3
4
2
1
1
19
6
1
1
1
1
1
1
5
1
1
6
7
5
1
3
2
6
1
5
1
1
176
3
1
1
1
1
1
1
4
1
4
1
1
3
63
7
1
3
2
4
19
1
1
299
10
12
1
5
1
5
3
1
1
4
9
5
1
5
13
1
33
4
20
2
4
1
12
45
115
1
10
10
3
1
1
1
1
1
1
2
1
3
1
1
1
3
2
1
2
1
3
1
1
2
1
3
2
1
1
1
11
258
1
26
1
2
1
2
2
1
1
1
6
4
12
1
1
48
1
81
4
1
1
3
5
29
9
97
273
24
12
1
10
1
1
16
8
24
1
2
3
1
1
5
33
2
5
7
4
2
1
16
1
2
2
1
7
1
207
2
2
1
1
28
2
1
6
2
2
1
1
1
1
2
4
1
26
1
1
2
23
1
1
8
2
5
1
5
20
1
4
157
1
6
23
1
1
3
2
18
8
3
3
1
1
3
34
42
4
42
2
1
1
277
3
1
4
69
1
1
20
1
1
1
7
1
1
58
1
102
1
1
2
1
3
2
23
2
1
11
2
3
1
1
12
1
6
5
1
1
1
37
49
1
7
9
40
1
14
2
3
2
24
5
1
83
77
1
29
388
1
30
11
1
1
1
79
1
262
139
7
3
19
1
111
1
1
1
8
9
2
2
4
1
41
3
1
9
2
6
3
9
2
6
36
2
102
2
1
54
2
1
1
2
22
4
2
1
1
4
133
8
40
1
2
1
1
3
1
3
1
1
1
2
2
267
315
1
4
4
153
2
9
5
39
1
1
67
2
1
10
4
1
1
2
2
7
2
65
4
1
2
25
2
1
1
35
1
2
2
1
2
5
1
34
11
1
6
1
3
1
2
1
1
1
34
1
28
1
2
1
1
7
11
4
1
1
1
6
74
1
1
12
6
1
5
3
1
139
1
3
6
1
1
2
2
21
1
1
61
295
2
5
3
18
1
9
7
39
1
2
1
4
205
2
37
19
317
1
9
1
4
1
1
2
37
1
1
10
18
2
1
26
1
2
2
99
1
16
1
1
60
1
9
1
1
1
33
1
3
7
20
35
58
1
2
43
40
21
1
4
6
153
1
1
3
1
20
1
1
1
1
1
2
3
5
11
1
1
3
31
2
6
11
2
175
21
1
9
1
1
19
1
3
1
1
1
1
1
1
1
3
4
72
37
2
2
1
13
2
1
7
1
4
8
4
1
16
5
1
1
68
12
45
17
5
3
1
4
1
1
2
1
19
1
1
1
30
1
20
33
1
1
1
1
2
74
5
1
4
1
11
333
23
1
2
5
21
9
1
1
209
1
10
9
1
1
7
1
1
1
2
1
7
1
1
10
4
1
10
1
2
2
1
2
1
1
1
15
10
8
3
3
1
1
3
1
7
1
1
1
3
1
1
236
1
2
6
1
2
1
250
3
1
2
25
3
2
21
1
2
6
1
1
35
28
22
1
1
3
3
4
1
5
3
1
1
1
1
26
9
1
2
1
14
7
1
4
13
1
1
1
295
18
3
38
1
3
1
2
1
1
1
237
1
2
3
20
5
1
1
1
3
3
1
1
6
3
1
5
1
36
5
1
1
5
66
1
1
79
33
1
31
1
1
2
2
9
2
5
1
1
1
1
2
1
18
19
95
6
3
1
1
2
3
244
2
1
323
1
1
11
1
1
1
4
7
1
1
1
21
3
23
18
10
10
3
5
5
4
1
1
1
91
19
10
19
5
3
7
3
1
1
73
1
3
5
1
6
2
1
5
1
1
13
1
4
3
1
3
4
6
1
1
9
5
79
1
3
8
136
10
2
15
2
1
17
53
1
5
1
16
4
1
2
1
1
3
1
2
1
3
13
6
1
3
469
3
70
12
1
3
1
3
1
1
1
4
226
2
2
3
1
3
2
1
4
1
3
1
2
3
1
2
198
4
1
58
2
23
1
1
7
6
22
2
1
152
10
1
20
3
1
25
2
2
1
2
2
1
2
1
1
6
8
352
1
11
95
1
9
4
1
1
1
75
26
1
67
10
3
1
108
415
1
1
1
1
1
3
1
1
1
6
5
1
11
2
59
2
1
2
1
21
5
1
2
61
4
97
116
1
8
4
259
1
1
3
1
1
1
1
258
1
1
1
1
31
5
4
1
1
8
2
1
2
2
24
12
9
1
22
4
5
23
1
1
2
1
39
1
1
15
1
3
1
1
128
29
3
1
5
3
7
4
1
21
135
2
459
1
5
2
2
3
5
2
9
1
1
3
1
8
1
1
4
1
1
2
35
4
3
130
2
14
1
2
2
1
9
1
1
22
2
3
1
1
26
1
2
1
1
2
1
36
1
381
2
3
1
25
1
349
1
1
1
4
2
1
1
13
51
2
2
1
1
1
410
3
2
8
1
1
1
2
112
2
2
15
9
1
4
5
5
4
4
33
1
5
1
1
1
1
45
4
2
1
1
1
66
2
3
45
5
7
1
2
3
13
4
2
4
1
3
1
4
11
33
1
5
106
1
1
1
94
14
1
1
1
2
2
2
17
19
4
6
18
1
1
2
2
3
27
8
2
1
139
1
300
2
2
2
19
1
1
40
36
26
101
8
1
19
1
2
11
27
1
12
2
4
3
31
7
5
2
391
2
1
12
1
4
3
14
13
2
1
1
3
1
1
1
1
1
2
1
1
1
252
2
37
187
21
1
1
11
2
3
29
1
1
2
346
2
1
131
15
14
2
1
6
2
12
1
1
36
1
2
5
10
1
14
25
2
1
1
1
2
1
1
11
3
3
9
13
1
1
433
1
45
3
28
1
4
5
9
1
2
5
1
106
4
2
22
36
1
1
24
1
1
2
2
162
1
2
12
1
2
2
1
2
28
3
2
1
3
1
143
13
1
4
1
6
3
13
45
6
2
12
10
113
3
1
8
1
3
1
2
1
2
186
80
1
1
7
10
5
2
17
2
1
1
29
1
5
2
4
1
1
12
1
22
2
7
3
11
4
1
1
180
29
1
2
19
2
3
1
1
9
5
1
2
1
116
20
2
1
1
2
1
1
3
8
1
1
9
1
2
1
8
6
1
8
1
1
181
10
11
18
4
70
123
6
1
5
1
1
1
1
7
3
1
3
3
1
1
1
2
102
2
1
46
1
1
5
8
1
8
5
1
1
1
13
1
1
4
1
1
104
4
1
1
3
1
1
2
77
2
1
1
85
3
1
181
2
1
1
1
1
1
4
1
353
2
1
23
2
1
30
3
1
1
33
2
7
2
1
1
3
7
1
4
1
3
79
13
1
1
1
7
1
2
271
96
7
4
4
46
1
2
1
2
5
1
6
1
14
1
1
8
3
2
8
2
1
1
2
1
3
1
1
2
4
1
38
7
1
27
1
1
2
1
1
4
1
1
4
1
1
2
2
1
1
32
2
139
45
1
7
4
1
3
1
1
1
1
1
3
2
248
2
1
2
9
1
2
1
37
4
2
2
1
18
1
1
34
2
17
1
1
3
25
1
1
1
1
3
1
1
149
1
7
1
1
54
1
1
6
1
1
4
3
40
4
2
1
1
1
1
2
2
1
15
1
1
1
2
1
4
1
2
52
1
2
2
1
1
2
1
1
1
5
1
4
205
34
1
3
63
9
3
1
1
1
37
9
6
1
1
1
2
1
4
18
2
2
1
58
15
1
1
2
118
2
1
12
1
1
3
1
2
3
3
4
1
3
22
1
2
11
8
6
53
1
1
5
1
1
1
58
1
1
1
21
2
1
20
1
1
22
1
1
302
8
2
2
2
1
3
1
1
1
3
8
1
2
75
3
3
1
1
2
2
1
7
4
2
8
2
11
2
1
33
2
1
1
3
1
14
15
393
38
17
2
2
1
2
7
1
1
6
15
1
1
2
47
1
102
1
1
1
1
2
1
152
62
9
1
20
3
1
5
5
1
2
1
2
1
69
2
8
2
1
2
3
1
1
1
2
11
1
8
1
1
1
1
2
5
1
3
129
1
2
1
1
3
85
1
42
36
4
6
1
3
1
71
1
9
3
1
6
22
1
5
5
7
6
5
1
55
1
1
3
1
2
1
7
2
1
56
1
1
12
1
1
11
1
463
9
6
4
1
1
1
1
3
281
7
4
1
1
1
7
1
12
21
25
3
3
3
1
1
1
4
2
1
1
1
4
3
1
3
16
2
1
3
2
1
1
4
1
1
2
1
2
42
2
1
1
1
9
1
15
7
2
1
2
11
1
29
1
1
8
19
49
2
6
2
1
60
3
100
48
1
1
14
64
1
16
9
2
1
1
1
1
1
2
85
2
25
3
1
3
1
1
97
5
460
1
4
248
4
2
8
4
1
7
12
2
6
1
8
1
2
1
5
13
10
2
9
2
2
4
2
1
20
1
10
2
1
2
1
2
1
1
3
1
1
1
1
2
3
3
1
1
1
1
1
1
3
1
2
7
20
2
4
1
1
33
9
5
2
49
45
31
1
1
2
22
8
1
1
3
2
1
4
1
1
1
4
1
12
1
16
82
1
188
1
1
1
3
3
14
1
3
1
1
18
15
15
6
4
2
1
1
1
1
2
1
80
1
4
5
1
1
8
1
29
2
33
1
35
1
11
5
15
1
1
6
1
32
47
1
21
3
3
1
1
1
1
1
7
3
3
1
4
4
1
1
7
1
1
1
1
1
1
6
1
6
1
2
1
2
16
5
1
1
3
1
53
3
1
82
2
73
80
7
3
10
124
1
3
2
2
1
1
80
2
1
1
1
1
1
22
2
147
1
1
37
4
2
223
28
1
1
5
3
1
1
9
3
1
171
11
1
1
1
1
3
2
3
1
2
5
4
25
1
1
1
1
2
3
4
1
2
3
4
1
16
72
1
3
62
1
1
35
9
2
33
3
7
27
3
1
1
6
1
1
4
4
318
1
1
4
134
1
6
14
2
1
2
1
1
1
2
1
330
2
2
1
1
3
2
1
1
6
2
9
11
1
2
10
1
3
37
2
27
2
65
18
2
1
1
1
1
24
3
8
2
3
2
11
1
4
1
1
29
14
1
1
1
54
1
4
1
1
5
1
1
1
1
1
2
1
3
2
22
4
11
1
11
1
3
1
2
13
3
1
3
1
2
26
1
2
1
1
2
43
53
282
10
1
7
5
1
2
1
4
33
333
3
5
1
12
24
1
2
138
7
1
1
2
1
41
1
4
2
2
5
5
5
1
1
2
2
43
85
1
1
2
13
15
2
1
3
1
1
2
23
1
21
18
5
1
3
2
127
3
1
2
3
42
1
5
1
6
1
406
7
1
6
1
1
4
2
15
1
1
1
22
3
1
25
1
8
6
1
2
2
1
2
3
1
1
1
1
1
1
15
1
2
3
1
221
1
1
2
93
1
1
1
17
3
16
2
2
1
3
1
4
2
1
1
6
1
1
11
3
79
1
1
1
1
3
2
1
11
11
1
2
7
1
1
1
5
2
35
3
1
1
12
1
83
1
28
4
190
4
1
1
3
1
2
22
1
194
5
1
1
3
2
1
2
2
5
1
1
2
3
1
2
4
65
17
1
1
1
1
1
1
50
75
13
1
3
4
1
1
2
2
20
2
2
1
1
1
21
434
29
2
7
1
3
5
7
1
4
57
1
27
2
3
1
1
1
146
2
6
29
4
3
2
1
2
45
1
3
41
138
413
1
1
1
19
1
2
4
1
1
1
1
1
1
7
3
21
2
1
2
1
3
2
1
2
13
31
2
1
1
4
2
3
1
2
2
1
24
1
1
1
1
1
1
15
1
1
11
144
1
5
7
1
1
19
1
1
23
24
3
1
1
2
2
88
5
4
6
3
3
1
17
1
13
1
6
327
1
1
20
2
1
2
14
3
1
3
2
30
2
193
4
2
7
1
1
5
9
1
15
3
1
2
1
22
1
3
8
2
1
53
1
20
1
1
2
1
22
1
2
1
1
3
97
2
140
26
1
10
346
152
2
3
7
34
68
4
1
1
2
4
2
3
1
1
2
1
1
13
3
2
16
7
1
1
1
1
1
43
3
93
2
65
11
1
1
1
1
2
1
1
7
18
10
19
381
355
1
1
6
1
7
1
1
15
1
1
1
66
250
1
2
1
1
1
21
78
2
1
2
1
7
5
1
14
9
2
2
8
2
4
2
1
1
2
1
1
1
1
3
2
1
7
1
316
1
1
1
240
121
3
3
1
1
2
1
1
1
2
415
3
8
2
4
1
1
1
21
6
19
21
70
2
30
1
37
246
38
245
1
29
1
1
1
1
350
2
3
1
1
7
4
1
4
2
4
27
15
1
58
1
1
12
1
257
5
7
3
2
3
2
2
1
1
1
2
5
3
5
4
40
2
1
3
1
3
1
5
1
13
5
18
2
5
1
1
4
1
3
1
3
1
1
29
8
1
1
1
3
1
4
15
1
14
21
15
12
3
1
9
1
2
1
74
2
1
145
2
2
4
11
2
1
1
1
2
53
3
1
1
1
5
1
3
2
3
1
2
5
2
6
1
1
2
59
6
3
1
23
1
12
3
50
1
1
1
19
1
26
20
4
23
2
1
1
2
2
3
2
2
66
1
5
1
1
3
1
1
1
7
1
1
2
2
1
2
1
1
8
3
1
3
48
1
1
1
1
319
3
15
2
2
26
5
21
7
139
8
8
5
172
3
2
3
2
15
2
272
1
3
6
2
18
1
1
5
6
1
11
3
26
2
2
1
5
104
1
1
14
1
4
1
41
5
9
1
3
3
3
1
1
4
2
1
1
193
1
22
1
23
1
5
6
1
1
2
1
1
1
2
40
4
13
3
4
13
1
3
1
1
4
26
3
137
1
8
1
2
1
1
6
26
1
1
1
4
95
1
150
2
46
61
1
15
13
1
1
3
1
1
1
23
3
2
3
1
14
1
5
1
19
1
1
2
1
1
1
1
3
1
1
2
87
1
1
2
1
1
1
6
9
1
1
2
24
56
7
1
2
1
2
2
1
8
2
3
2
1
1
3
1
1
298
2
1
5
4
1
3
34
2
1
1
1
216
1
1
1
1
1
1
8
44
50
2
3
1
7
3
5
2
23
2
10
2
1
4
1
1
1
43
1
2
264
4
2
1
1
46
56
11
1
1
1
1
5
34
1
56
7
6
1
5
9
2
1
2
8
1
1
1
1
1
6
7
3
1
7
22
1
12
2
1
2
23
3
1
1
20
38
1
120
4
1
56
41
29
21
17
71
456
72
1
8
1
1
1
14
39
14
2
20
1
10
1
1
2
1
3
1
4
4
3
1
1
16
5
1
3
1
128
2
2
1
1
1
123
1
1
5
1
1
1
12
1
1
28
2
1
1
2
69
1
104
35
10
20
1
26
1
4
3
2
2
1
1
10
1
21
1
1
3
5
12
3
63
1
7
2
7
1
3
23
1
99
2
2
2
4
7
12
4
9
1
316
1
124
11
1
1
2
1
1
1
1
17
2
1
94
1
6
1
6
5
36
1
41
1
3
4
9
1
7
2
1
2
6
229
1
1
1
2
1
4
1
4
1
16
5
185
1
4
1
2
1
2
1
82
9
1
20
1
1
3
1
3
147
1
2
4
1
2
1
2
30
1
3
1
10
1
3
1
1
1
1
2
1
44
2
7
1
2
3
1
13
51
4
21
3
33
1
1
24
1
2
2
8
1
59
2
5
1
1
1
1
33
3
1
1
2
1
3
7
11
1
17
4
1
26
67
2
1
1
1
3
1
1
5
2
1
1
6
2
1
5
2
1
48
24
1
56
173
1
29
9
1
5
25
6
63
9
1
1
210
22
5
2
10
60
1
1
1
1
5
1
8
1
21
121
9
1
1
1
2
6
7
5
1
2
7
1
1
169
1
4
9
1
5
1
6
6
1
2
1
6
1
1
9
1
2
1
13
21
1
57
22
175
1
1
1
1
18
1
92
24
1
11
179
2
16
1
16
2
1
2
1
4
1
479
136
1
1
8
1
1
1
3
1
3
1
10
239
1
3
1
14
3
38
3
5
1
4
1
2
9
1
3
5
1
1
12
1
1
1
4
1
6
23
1
2
2
15
1
2
1
1
3
27
3
1
1
57
2
1
5
3
1
2
62
1
1
3
1
46
1
3
1
1
1
3
2
23
1
1
1
58
6
436
2
1
7
1
2
1
52
84
1
1
1
15
6
1
2
131
55
9
1
1
2
1
42
8
1
5
1
10
3
5
1
1
1
96
33
1
1
1
5
9
56
2
3
1
7
2
1
1
1
1
70
1
17
1
10
155
2
2
2
12
51
16
9
1
1
1
6
5
9
14
9
1
2
27
2
1
44
198
2
1
3
3
1
2
11
2
3
3
2
11
1
5
1
1
1
24
40
1
5
1
29
3
103
4
1
253
10
24
2
2
1
1
3
2
2
54
8
1
1
2
1
1
4
1
2
1
1
19
5
22
27
1
1
3
1
439
1
1
1
4
2
3
16
3
3
2
1
1
1
251
118
72
86
20
17
4
47
3
12
2
5
1
15
1
2
4
2
5
4
51
9
1
1
1
1
19
1
5
1
11
1
1
3
1
7
1
1
1
2
1
9
21
5
1
1
1
1
1
1
11
4
1
1
17
319
5
16
4
25
452
1
2
16
2
6
2
8
1
9
1
9
2
5
2
1
1
288
1
2
1
15
19
9
2
1
1
440
1
1
1
4
4
276
5
1
1
1
5
48
9
4
4
1
1
40
33
3
7
4
8
433
2
213
2
32
7
5
1
10
2
98
1
52
1
78
71
2
1
2
4
12
6
3
7
1
2
6
2
2
2
1
4
227
7
15
4
1
1
15
4
10
1
1
4
20
73
12
15
12
1
1
1
1
15
1
1
2
4
3
3
15
2
34
5
2
2
1
1
22
7
2
245
26
3
1
3
1
2
1
2
1
6
2
1
1
1
7
2
1
3
6
2
1
24
301
1
1
2
1
15
1
6
2
4
2
2
5
35
1
18
2
4
1
1
8
1
22
1
6
23
1
1
9
9
1
1
8
4
62
4
5
1
95
46
1
6
8
27
2
2
1
146
1
26
7
4
1
12
1
24
1
2
2
7
6
7
1
29
4
22
2
1
2
32
5
1
2
119
31
4
61
6
3
2
7
63
3
1
1
1
4
12
143
36
3
1
1
2
1
1
3
2
1
1
61
1
5
12
1
1
108
2
12
7
1
1
1
8
2
1
8
165
1
3
1
6
1
3
5
1
1
1
13
9
10
6
49
1
1
1
2
1
2
3
1
6
142
1
9
10
6
7
1
8
10
1
77
7
4
1
2
5
1
2
2
87
1
15
2
2
6
3
3
8
13
4
8
1
240
4
1
19
1
17
2
3
4
2
5
1
2
2
3
1
60
1
5
480
1
1
407
2
3
1
1
1
3
140
1
2
1
6
105
2
22
2
3
1
29
4
1
4
6
1
5
24
3
2
97
1
1
7
2
7
12
1
1
7
1
17
6
5
1
2
5
2
1
1
6
1
3
2
1
3
1
129
18
1
3
1
254
7
42
4
2
1
8
5
1
2
1
18
1
2
20
3
2
1
7
4
4
1
1
1
42
5
12
5
6
14
1
5
40
4
124
3
3
1
4
2
1
2
3
1
2
1
1
3
74
2
2
1
1
3
1
3
2
1
4
3
2
1
1
1
3
1
1
1
1
1
1
4
2
1
1
1
6
1
41
1
1
2
1
13
15
37
6
165
9
18
8
20
1
3
18
3
2
13
4
4
1
9
1
7
21
3
1
1
1
1
2
23
1
1
3
2
6
1
1
5
2
26
1
55
1
1
1
1
1
3
1
3
1
3
1
4
2
4
1
4
1
10
3
134
5
1
1
3
2
1
1
1
5
3
13
2
12
2
19
2
23
35
1
18
34
1
11
1
50
1
2
1
5
31
2
2
119
1
2
7
7
2
2
2
5
1
1
32
1
1
139
1
46
131
1
2
26
1
3
1
1
2
19
1
8
40
1
1
2
2
3
1
5
1
1
2
3
75
2
14
1
1
1
4
1
1
43
1
6
5
1
8
1
41
7
1
1
1
1
1
15
1
3
11
1
22
1
71
1
4
35
4
2
41
2
1
1
6
6
6
1
2
2
1
29
2
3
2
2
2
1
1
4
3
11
3
9
78
5
234
1
2
2
24
7
1
1
1
8
1
2
1
10
1
3
1
18
1
1
5
5
23
1
1
1
1
1
53
1
179
1
1
6
3
1
10
1
1
1
1
36
1
1
1
39
6
1
3
1
1
2
1
31
1
22
3
2
1
1
1
59
3
1
1
58
2
1
15
1
3
2
1
1
4
8
2
1
20
33
12
1
1
1
2
1
1
2
6
1
3
7
74
7
1
1
5
38
7
2
5
3
64
1
5
16
5
4
10
1
12
1
1
2
9
1
43
9
1
1
384
2
1
3
1
5
3
2
81
2
1
3
7
3
68
5
1
1
1
65
13
1
1
2
1
42
2
1
41
1
34
187
106
19
2
1
296
28
1
1
4
2
18
3
1
1
159
20
3
4
4
3
20
36
57
3
39
4
3
2
2
6
434
1
1
1
104
1
114
2
11
19
1
1
12
2
1
1
50
2
1
62
6
1
19
1
1
1
1
43
83
3
4
2
6
1
2
2
1
1
4
1
1
129
6
1
1
22
159
1
1
12
1
5
10
20
2
23
15
1
3
9
12
1
9
19
4
1
58
45
3
6
2
1
1
1
4
2
1
1
8
7
4
4
5
9
1
1
1
7
1
1
1
2
9
1
3
2
1
8
2
1
1
9
37
3
2
1
2
19
2
1
311
1
1
6
92
1
182
4
8
3
2
1
1
52
4
1
4
1
6
1
9
7
1
2
2
11
4
2
1
1
9
9
2
10
3
6
1
3
13
2
1
1
1
1
1
1
1
31
2
1
4
16
40
5
2
1
2
1
1
1
2
1
7
3
6
1
1
6
2
2
7
29
2
2
4
2
45
2
2
1
1
1
5
96
3
1
2
1
1
2
7
1
14
56
1
2
8
1
1
100
3
6
2
2
9
1
2
2
5
307
1
3
4
75
1
1
2
1
6
6
4
1
1
2
1
1
8
1
11
1
1
1
11
5
1
1
39
2
6
4
96
1
1
2
2
9
19
1
6
1
1
14
98
5
1
12
1
2
289
2
1
3
150
14
1
1
48
1
1
2
2
5
3
1
2
84
6
46
1
32
2
2
2
4
2
14
4
2
1
1
238
8
1
1
3
1
2
101
308
1
3
5
20
7
9
1
308
10
1
1
44
2
3
1
1
3
1
6
1
4
1
2
1
6
1
1
1
1
2
2
13
24
7
32
1
1
1
1
1
59
1
2
1
3
4
2
2
2
2
1
1
1
1
2
1
2
2
4
1
4
139
1
1
1
1
1
6
1
1
2
21
6
6
4
1
49
10
2
18
2
1
1
1
3
5
7
6
1
1
6
1
3
1
2
9
2
17
9
3
8
3
1
1
5
1
1
7
7
1
1
3
1
1
9
1
37
1
1
147
2
1
1
3
1
44
2
1
1
36
7
2
4
5
63
4
218
1
1
2
37
101
4
4
2
2
1
1
3
2
1
2
1
3
1
35
2
11
1
5
4
1
2
1
17
1
5
1
1
1
2
1
2
2
3
50
3
16
1
6
8
1
20
1
15
16
3
2
1
9
4
4
2
2
2
1
13
2
15
79
1
4
10
76
1
2
7
398
35
1
1
1
19
1
1
5
7
1
7
3
3
1
1
52
1
19
2
1
1
2
9
1
2
2
12
1
1
1
32
19
10
1
1
3
1
1
1
2
167
1
2
8
1
2
13
2
7
3
1
1
1
7
9
4
61
65
1
1
2
1
1
1
1
6
1
34
2
2
2
155
354
2
1
42
7
2
14
3
1
1
8
1
8
1
1
9
3
61
87
1
22
1
63
35
1
19
1
6
13
2
7
1
179
17
16
3
1
1
1
3
5
64
1
4
1
1
5
3
1
12
37
70
9
2
1
1
187
47
1
2
8
1
1
1
239
1
1
1
1
1
184
115
7
1
2
1
5
1
8
1
14
2
1
1
1
1
4
322
226
2
1
1
1
1
2
9
3
2
1
1
223
1
4
1
3
1
4
1
13
1
27
7
1
8
10
2
3
3
1
13
1
13
4
1
1
11
34
2
1
6
347
3
5
15
1
13
1
16
1
1
1
1
2
2
1
2
20
4
1
25
3
2
1
1
4
2
29
17
22
42
2
4
2
123
1
1
1
7
2
19
1
11
8
1
1
1
1
5
1
1
1
1
1
1
1
53
3
4
3
1
3
8
57
1
58
43
3
2
2
1
25
6
1
4
108
1
3
8
1
1
2
3
2
1
1
1
4
31
1
2
1
3
1
98
1
86
2
1
6
9
2
8
1
1
8
1
8
1
7
37
3
3
2
1
1
1
1
2
2
1
1
4
8
2
59
10
6
19
1
1
6
39
1
20
5
1
3
1
1
20
37
5
1
3
5
1
1
22
6
2
1
3
3
24
2
1
2
1
29
2
1
2
1
2
1
1
1
5
2
80
1
1
2
1
1
3
10
1
6
1
17
102
1
3
6
206
1
1
25
2
14
2
391
7
2
1
9
1
1
2
30
1
3
5
7
10
1
1
4
2
1
1
166
1
9
1
1
2
1
4
468
1
2
2
7
1
20
1
6
2
1
1
1
1
1
1
1
1
7
12
1
62
2
2
1
30
25
2
97
1
2
1
1
1
1
1
16
1
3
4
7
1
1
1
1
3
75
2
3
1
1
6
1
158
9
1
11
14
3
17
2
1
3
1
53
2
1
1
9
1
146
1
84
2
1
2
1
65
1
2
41
1
4
318
3
1
3
1
1
22
2
4
1
1
2
5
6
1
3
50
5
1
11
47
2
1
1
3
144
47
4
1
1
6
1
1
1
5
5
1
1
17
2
3
10
132
2
1
1
8
5
4
1
1
1
1
9
220
1
2
1
1
1
3
3
1
3
1
1
9
186
1
1
9
10
12
17
1
1
3
2
1
1
5
4
1
17
2
1
1
2
1
25
8
4
1
1
1
3
279
1
1
2
38
17
1
13
10
3
22
1
12
2
1
1
1
1
1
1
1
3
2
13
1
1
5
1
16
130
10
1
2
11
1
1
4
37
2
16
1
70
3
3
1
4
2
1
1
40
2
10
1
11
38
3
1
44
3
9
16
1
1
2
1
6
1
1
3
26
1
1
2
21
1
2
1
1
18
4
1
1
2
1
8
4
3
1
7
10
1
2
31
22
1
2
1
2
1
30
7
5
3
3
7
1
1
89
2
3
2
39
1
1
3
1
2
1
15
12
1
2
1
1
1
12
1
2
1
1
1
56
1
2
1
4
1
1
13
2
7
4
13
1
1
1
1
5
16
1
7
102
171
1
1
6
1
1
11
2
3
1
1
3
1
1
1
1
53
1
1
2
17
1
3
3
62
2
5
10
16
32
1
2
1
9
1
1
13
1
1
1
1
3
1
3
1
2
1
2
22
10
1
6
103
3
1
27
3
4
38
54
2
3
13
1
3
1
2
1
110
23
5
12
2
3
75
50
1
1
1
1
1
1
12
4
5
2
39
45
3
29
19
1
13
57
15
1
21
1
1
1
3
17
1
1
18
2
4
1
10
5
1
21
5
1
2
2
1
72
1
4
1
175
1
1
1
1
2
6
2
3
2
2
13
1
4
1
1
4
27
13
1
4
12
3
5
2
2
3
1
16
28
23
98
6
1
51
3
1
5
12
6
2
2
5
11
1
3
1
1
1
1
5
1
2
2
1
3
2
6
1
15
13
1
23
13
1
5
11
7
1
2
1
1
15
2
4
1
2
3
2
6
1
28
1
42
1
1
1
246
1
3
35
1
1
2
4
6
3
1
4
2
1
4
2
35
457
1
1
1
5
1
4
14
6
2
10
4
2
1
2
1
1
1
4
2
1
7
3
2
49
1
3
2
3
3
28
1
1
1
1
1
3
2
2
1
1
4
3
29
1
1
23
1
1
1
1
1
1
8
2
1
1
10
11
3
1
1
13
15
9
3
10
13
1
2
19
5
11
1
69
1
3
3
15
1
1
6
71
1
1
1
135
2
1
2
1
3
6
3
1
1
160
31
9
2
1
1
3
1
5
5
1
1
8
20
5
2
12
1
41
1
4
3
10
2
1
7
2
6
1
3
2
3
1
1
3
1
11
4
4
3
37
3
2
3
11
1
8
6
1
4
2
1
2
1
3
2
11
3
2
1
77
3
365
1
2
12
1
160
1
2
1
1
1
1
10
1
8
1
27
2
2
94
7
1
88
34
3
4
42
1
5
1
6
5
3
1
2
1
1
11
6
1
2
2
1
1
2
2
1
2
40
161
6
30
3
3
1
7
1
1
2
2
10
2
49
7
1
1
1
2
4
12
8
1
1
3
148
1
146
1
6
1
3
1
55
1
52
1
5
3
1
1
7
2
1
1
1
1
1
2
1
70
1
12
1
1
7
1
6
1
3
1
119
80
154
1
1
1
1
3
1
5
6
1
1
25
1
418
3
5
1
1
80
1
4
3
1
61
75
4
3
3
73
26
2
8
1
1
1
1
251
1
1
1
53
4
1
206
5
7
1
1
1
1
2
1
45
7
4
330
1
2
2
1
1
15
1
11
1
5
1
13
1
2
1
10
19
1
6
83
1
1
1
1
6
11
4
1
1
2
2
290
84
1
2
1
1
1
3
7
12
3
3
2
2
10
4
1
3
1
2
1
1
359
15
1
3
1
23
1
1
2
1
1
1
65
6
211
1
2
1
15
90
1
1
216
1
2
1
12
1
3
25
1
3
1
3
1
2
1
3
19
4
33
21
1
16
3
3
1
1
14
5
15
5
19
2
2
211
3
1
16
2
1
49
1
1
8
1
1
2
1
1
1
2
1
1
8
2
1
280
5
1
12
1
2
4
3
11
4
1
5
1
16
1
1
2
1
1
1
5
1
93
1
4
1
1
1
5
1
1
1
2
4
1
2
9
1
1
1
4
2
1
1
36
1
2
1
20
2
1
1
1
1
15
1
1
438
1
4
4
142
11
1
3
5
1
2
8
1
1
1
5
7
4
6
1
146
5
199
2
1
3
155
2
210
6
1
1
1
3
242
297
2
2
1
2
1
1
21
1
3
4
1
2
96
3
2
1
1
1
1
8
21
1
1
103
1
2
1
30
1
1
1
6
2
1
1
8
3
2
1
251
6
8
5
2
122
2
1
26
1
1
1
75
1
3
1
4
1
4
1
1
74
185
2
1
17
4
1
10
3
49
1
13
1
3
4
4
7
1
1
4
24
46
1
1
5
8
1
2
19
167
30
1
7
62
4
1
2
9
3
3
2
2
93
1
7
1
2
24
1
1
4
1
1
1
9
5
5
1
3
1
11
2
1
1
1
1
2
5
4
1
1
8
4
59
1
2
11
4
12
4
4
1
7
1
2
5
3
3
1
1
13
2
1
4
1
1
4
1
6
3
1
3
1
6
7
1
221
3
3
84
1
1
1
1
3
1
44
1
1
2
1
5
1
1
4
3
10
4
2
1
2
3
1
1
7
2
5
1
56
2
5
12
393
1
1
6
11
26
1
125
1
1
26
2
1
1
59
2
2
1
1
3
2
3
464
1
1
11
214
1
1
7
7
1
1
2
9
1
154
12
2
1
5
11
218
1
347
5
1
1
3
1
1
6
71
1
8
5
15
7
1
2
1
2
12
1
36
1
1
1
2
7
4
5
1
3
1
1
1
1
1
3
1
12
21
2
4
7
11
3
6
5
1
2
3
