917
344
803
731
975
524
69
227
552
851
467
842
788
972
5
696
33
367
97
268
478
869
839
899
122
653
372
312
647
923
296
359
330
672
615
592
890
400
206
508
937
423
839
420
248
859
176
515
785
361
147
320
431
189
430
54
386
572
856
816
988
461
735
522
633
393
935
609
561
444
101
246
697
497
668
734
903
406
277
77
1
156
314
406
573
903
714
385
736
556
332
204
19
306
304
106
204
209
268
320
987
537
394
706
683
953
366
78
429
165
743
617
41
220
34
739
73
847
245
721
762
84
593
576
810
330
77
424
891
834
499
680
573
27
952
137
182
981
424
425
494
725
68
902
624
891
380
385
496
445
316
355
659
486
283
954
319
249
593
347
383
163
744
896
444
734
590
572
63
9
162
285
223
319
998
235
311
841
330
493
791
334
236
537
388
385
382
574
160
267
226
139
788
214
577
176
340
990
482
650
696
372
913
995
938
132
103
780
556
324
336
850
175
186
113
156
346
828
600
798
1000
781
363
340
50
949
190
626
147
974
720
726
430
397
898
251
712
585
747
830
679
250
358
489
956
740
49
448
447
648
835
776
817
243
68
803
695
745
200
761
657
500
67
25
998
913
14
621
667
697
689
844
974
276
94
1000
136
530
848
891
618
699
329
754
513
518
286
339
281
266
127
419
470
379
786
101
643
217
723
606
221
400
618
235
895
173
296
647
624
35
944
104
950
106
40
340
601
225
602
665
562
9
989
975
247
870
109
992
361
886
122
554
90
396
546
821
736
490
972
514
809
340
113
781
97
440
333
422
593
457
12
882
948
832
950
568
564
509
568
674
363
978
688
475
147
387
435
724
370
646
541
973
594
248
462
217
46
399
822
504
101
256
83
78
918
129
629
440
934
333
224
786
675
135
344
376
225
739
138
487
651
459
339
986
13
196
268
847
140
962
249
348
174
346
818
756
48
910
21
190
17
286
879
696
431
493
322
964
666
190
281
634
421
805
302
542
423
334
315
11
900
542
242
292
401
114
68
390
972
545
109
581
612
326
280
697
580
497
620
576
259
202
465
259
363
13
353
963
305
227
875
28
292
992
502
777
767
140
513
737
455
81
571
829
176
961
987
235
121
199
975
623
562
17
91
438
242
919
923
939
100
478
102
70
41
460
533
705
411
571
244
987
95
563
60
186
18
266
662
331
467
975
402
113
515
848
456
651
963
514
60
83
262
521
857
168
948
500
377
912
725
802
562
898
533
278
769
862
887
651
955
550
205
436
170
657
623
320
216
151
353
267
678
984
613
890
473
217
190
604
681
725
195
197
916
566
604
80
615
946
188
302
571
17
892
772
629
495
915
417
735
642
710
803
605
975
198
744
343
388
996
799
176
305
96
882
236
561
132
752
247
845
994
130
860
666
184
625
480
845
69
887
199
878
677
641
708
569
65
959
152
597
768
533
1
936
448
290
871
689
837
427
140
650
227
961
486
177
215
459
254
157
99
376
283
988
585
571
205
101
932
315
424
855
83
266
801
90
988
357
891
958
239
737
577
238
143
750
970
489
185
319
286
543
494
874
485
957
106
756
539
975
38
268
209
172
578
428
456
559
653
680
625
178
337
835
857
487
323
817
807
961
38
133
369
625
305
363
207
959
980
674
621
101
797
148
367
388
98
158
630
741
659
475
678
585
858
269
610
551
517
995
164
670
215
856
518
930
517
934
665
948
939
159
890
879
776
849
924
251
914
747
435
733
582
288
681
63
830
939
918
625
373
652
829
629
968
153
938
453
691
142
932
130
93
313
661
812
815
13
998
760
495
506
526
663
317
160
334
153
387
752
370
914
671
281
503
569
285
491
169
469
106
834
657
278
412
797
111
582
636
959
100
31
298
102
807
138
180
409
660
239
543
333
631
239
211
318
780
308
378
379
93
762
987
410
518
906
832
547
684
500
468
324
264
819
440
303
36
784
873
534
153
56
930
501
754
698
763
257
492
147
461
906
159
879
711
945
576
237
873
124
261
369
656
903
762
536
301
569
697
103
74
169
306
18
645
861
470
56
223
374
315
282
580
931
564
149
621
128
581
614
215
478
776
712
517
580
365
439
392
107
466
732
423
320
659
509
723
876
970
237
77
957
840
930
806
459
974
237
596
494
494
25
920
453
925
834
54
166
663
666
680
255
610
457
249
293
285
468
240
951
996
389
761
516
176
804
899
724
493
341
604
265
828
551
571
873
167
772
593
82
958
163
958
620
75
284
182
844
37
124
638
161
180
990
258
209
556
206
355
992
390
983
278
465
261
501
884
971
626
81
603
227
169
697
475
392
58
208
604
473
580
742
836
19
832
212
166
617
250
91
761
185
652
150
259
972
981
721
741
254
872
447
673
491
583
163
957
657
800
66
625
46
603
166
449
547
912
592
285
590
519
618
967
750
846
288
152
909
728
562
876
469
415
318
561
702
767
898
310
759
793
262
518
731
297
651
919
630
377
862
659
592
895
304
365
71
255
147
692
118
498
346
549
720
570
39
463
470
928
211
914
410
672
910
881
247
469
409
801
311
471
784
333
319
669
986
347
161
222
643
699
336
412
431
760
147
370
241
543
442
156
663
341
532
257
435
996
747
214
657
289
922
643
773
182
344
521
996
100
693
857
808
182
707
886
369
27
353
493
848
363
780
134
643
124
631
284
393
416
972
459
137
978
648
353
330
231
955
35
992
53
979
692
577
758
354
691
523
268
574
673
57
246
978
587
744
491
395
457
505
148
256
651
231
427
297
193
354
356
863
111
445
321
462
378
684
621
615
289
514
475
80
348
719
575
154
972
617
812
457
837
143
234
136
111
889
517
117
452
315
795
865
130
78
538
166
5
843
341
708
536
782
428
533
514
519
767
228
213
184
767
518
290
924
358
466
700
751
920
553
454
451
379
586
955
674
673
526
848
402
250
450
712
31
742
290
422
836
962
431
358
481
75
89
165
118
964
734
241
524
576
229
572
986
266
868
914
91
696
518
798
971
132
395
11
452
736
395
245
837
417
917
293
883
624
636
974
520
426
924
66
150
749
598
534
786
117
318
640
701
512
692
65
846
600
486
810
647
937
161
448
507
584
673
9
70
909
971
186
144
976
714
104
640
676
107
822
821
366
573
186
851
414
263
665
395
197
143
497
98
952
66
55
446
212
448
399
795
861
336
977
852
266
912
585
722
166
891
484
213
518
807
6
761
282
512
202
854
42
752
220
478
934
981
459
637
891
776
9
569
535
425
478
172
248
157
797
640
142
839
566
963
772
692
152
474
320
900
779
163
563
887
139
939
815
271
660
255
433
662
400
353
992
149
649
74
391
239
916
93
204
691
928
272
991
129
480
267
261
328
427
884
569
372
174
303
537
862
277
921
103
330
496
537
123
575
519
164
558
383
748
314
165
948
289
980
188
200
874
610
105
964
353
712
837
368
421
763
631
891
511
796
887
920
486
365
534
436
295
744
470
760
6
427
836
298
430
582
839
416
940
762
469
302
23
422
878
965
549
856
368
61
854
530
974
486
977
761
588
580
342
578
391
12
570
645
649
801
940
660
307
828
408
627
822
183
322
764
875
619
229
307
803
15
156
478
518
93
362
276
765
990
687
732
269
810
256
383
432
317
756
759
555
513
842
81
492
674
551
294
731
652
255
643
904
552
987
555
607
221
705
580
833
325
433
932
79
643
857
849
94
827
758
689
184
311
739
402
770
8
243
831
716
874
490
885
394
332
48
512
699
67
991
388
209
654
901
838
727
845
296
352
530
200
694
452
804
507
57
255
845
757
688
233
854
854
357
631
152
159
371
32
707
245
981
842
301
105
134
846
925
999
424
56
120
648
290
812
261
570
924
35
593
179
531
102
158
453
138
640
614
974
760
851
602
387
468
636
449
554
944
270
175
961
481
900
177
909
713
381
945
10
470
970
435
227
302
204
728
173
745
785
719
275
388
561
856
3
732
212
683
188
719
577
749
895
578
425
926
550
968
861
528
705
304
24
291
834
195
539
236
208
329
35
430
852
135
494
240
934
569
885
864
443
622
251
333
554
779
359
166
932
66
406
227
517
128
226
540
694
205
277
540
717
791
673
969
1
675
697
968
819
178
15
205
982
369
777
456
79
871
909
362
605
114
714
871
163
366
574
79
321
770
96
138
977
591
399
57
849
463
859
493
355
160
256
39
980
273
367
459
451
677
152
412
379
959
920
228
780
852
201
5
884
220
620
642
574
200
405
951
172
108
542
540
390
556
721
572
458
412
311
998
20
869
348
613
280
899
260
667
580
382
932
728
776
457
762
610
313
927
10
839
498
706
324
318
859
642
354
978
310
231
943
724
7
405
462
886
431
292
967
804
795
68
18
341
407
351
8
194
718
701
215
32
703
646
569
738
19
456
325
109
674
884
539
195
704
488
386
154
630
773
265
113
409
432
788
713
518
811
855
73
373
387
783
370
57
312
255
637
114
410
964
808
316
483
741
222
272
357
243
844
127
1
6
535
714
999
67
504
487
558
246
593
887
203
636
303
714
243
778
633
328
483
744
724
48
460
432
345
395
126
920
741
44
313
324
941
980
26
287
574
254
598
635
665
325
675
974
846
700
750
395
456
65
269
238
131
494
61
144
767
486
831
266
719
787
343
275
332
257
857
669
355
342
387
355
830
540
333
562
494
515
785
800
531
320
799
445
186
421
61
50
162
528
453
849
354
227
225
481
527
542
342
765
775
352
591
906
910
753
898
522
102
222
652
114
1
834
764
895
913
859
969
438
5
104
528
287
707
514
512
884
609
170
673
158
898
468
803
514
779
317
148
172
402
294
254
80
951
807
25
246
778
478
350
940
678
311
501
770
142
311
755
527
944
404
629
845
352
449
654
830
621
414
200
399
463
617
420
525
514
74
390
340
413
86
553
754
388
712
96
241
482
644
658
770
421
57
756
844
316
780
798
660
540
56
336
914
416
535
635
983
95
251
88
775
412
467
666
373
696
346
297
978
121
392
104
907
127
84
239
120
765
510
591
547
481
420
188
379
353
430
194
939
826
321
219
502
4
303
666
274
151
665
566
699
71
593
789
804
512
459
416
476
311
751
386
661
997
432
654
254
295
403
240
396
212
152
697
534
533
354
900
74
396
989
565
785
878
725
75
646
998
328
989
596
711
657
390
215
555
145
890
142
248
50
610
236
349
408
977
619
501
445
845
598
804
263
966
550
671
627
60
397
183
151
727
424
940
317
950
670
505
916
450
32
2
881
414
106
475
114
249
128
126
117
849
18
447
270
693
85
431
752
222
268
642
733
368
932
106
560
247
102
956
413
19
817
650
636
730
186
202
988
54
316
212
624
669
315
424
469
235
446
629
101
850
945
322
747
337
814
993
544
114
595
620
314
268
830
991
362
296
107
226
428
621
770
39
51
556
618
256
729
732
336
953
423
859
594
778
971
814
560
179
527
485
775
820
277
750
642
669
390
997
416
927
394
626
254
82
454
484
611
62
98
446
148
523
477
440
362
32
798
493
239
762
283
915
979
966
55
609
948
619
422
129
618
116
261
950
403
91
676
628
107
513
85
837
796
802
414
117
107
318
852
191
765
591
757
23
521
267
152
118
146
831
344
502
67
323
747
490
348
646
977
284
102
843
649
764
399
442
875
674
747
625
531
659
189
976
151
608
91
285
54
702
404
748
687
380
978
662
287
918
518
352
854
141
962
934
103
837
44
298
528
321
364
52
746
620
762
849
74
435
549
62
569
310
6
639
351
674
452
291
719
721
875
604
670
337
930
700
524
136
828
439
501
636
953
798
340
319
892
837
338
188
828
36
290
229
627
394
751
445
444
959
741
981
40
852
917
203
373
580
26
866
293
655
244
229
405
345
329
30
866
954
306
611
112
191
173
688
360
426
452
386
843
579
677
459
628
392
155
899
351
891
357
985
550
273
838
645
486
219
771
15
911
425
176
760
507
205
576
411
687
236
684
928
587
702
232
147
545
735
497
778
121
627
870
961
325
244
921
810
729
93
191
16
433
921
661
548
226
484
342
760
471
613
277
269
20
280
590
38
266
460
310
639
704
67
693
906
423
186
547
503
862
631
440
26
154
195
432
710
662
770
706
849
785
627
74
818
202
326
892
607
804
145
986
468
233
62
536
42
125
426
995
317
870
112
74
66
66
242
17
311
215
785
619
511
837
29
49
190
831
94
872
976
509
197
271
701
502
823
60
624
637
330
703
790
118
184
865
890
400
184
74
743
295
439
108
135
591
822
757
65
260
91
292
795
872
733
677
903
554
187
14
422
219
268
292
362
762
345
359
485
326
85
239
672
937
317
417
779
645
975
23
569
616
71
438
909
40
996
896
330
291
588
931
343
313
738
139
258
234
266
933
272
246
908
929
19
874
252
70
649
891
38
686
53
154
370
556
811
753
20
163
457
949
705
320
492
99
421
828
955
930
282
534
745
421
343
99
150
719
226
800
281
197
751
656
354
572
883
191
434
918
388
543
682
765
777
402
257
752
491
898
224
417
354
736
870
768
26
628
763
801
448
226
524
595
422
644
952
408
465
519
445
263
831
293
62
16
356
355
154
879
734
563
332
832
143
993
599
911
450
720
169
65
88
968
138
424
800
90
733
132
78
99
426
291
37
460
426
529
278
677
997
497
145
572
681
746
578
890
28
769
860
391
763
758
34
992
425
188
972
878
924
162
614
895
27
438
116
775
449
189
430
190
198
524
807
406
4
323
339
68
948
472
292
82
687
532
538
250
702
306
813
385
341
864
951
514
477
89
213
245
621
555
131
640
123
889
617
317
179
833
667
143
770
275
149
446
200
589
301
224
546
366
769
757
943
976
496
475
479
129
281
943
35
116
277
170
697
25
423
537
688
958
383
743
903
525
950
738
824
971
773
366
514
802
884
844
541
605
44
944
643
93
310
143
396
166
706
919
165
340
844
369
844
14
178
736
292
795
394
738
601
687
778
30
566
35
209
772
426
98
152
479
956
582
469
675
133
594
511
442
243
134
596
560
992
977
3
388
153
610
535
805
675
331
694
729
50
300
33
628
542
125
514
946
514
719
15
102
36
124
159
217
964
136
257
968
355
932
782
804
236
737
353
726
971
769
721
40
626
156
628
756
162
734
884
554
689
454
313
972
96
163
161
874
351
147
104
601
201
519
262
687
663
245
878
935
1
633
830
578
482
288
430
861
763
547
151
562
901
442
459
424
391
970
4
69
170
498
825
277
957
581
299
21
898
655
665
136
956
410
155
171
798
620
170
667
800
807
497
916
123
398
745
105
115
815
375
455
125
581
344
780
221
427
791
431
571
741
368
564
404
697
369
832
333
643
510
971
183
231
120
548
487
420
110
546
248
315
243
990
415
854
126
625
944
218
555
438
234
835
659
215
412
580
277
85
314
490
426
824
10
395
577
836
961
140
343
913
935
897
999
688
522
705
780
827
58
220
742
576
688
476
152
843
239
96
29
306
469
36
803
839
13
379
11
689
596
628
501
533
292
843
879
62
393
742
2
870
943
682
381
490
193
365
93
565
719
923
306
917
203
695
104
761
622
351
312
1000
945
484
552
672
999
364
775
24
113
561
641
111
239
449
55
541
250
716
122
558
791
513
320
999
385
585
442
910
745
538
980
488
917
743
310
922
602
525
572
385
800
109
418
279
436
974
51
381
635
645
505
565
227
911
483
931
623
857
777
204
844
485
796
476
35
986
724
191
221
81
727
651
933
71
511
881
643
935
917
634
26
535
192
753
16
579
943
209
830
494
432
512
180
280
396
633
740
502
123
318
7
865
618
482
422
872
297
184
2
364
826
763
561
277
235
757
441
286
602
248
78
154
371
730
422
44
277
17
334
130
601
755
208
950
680
559
455
830
229
664
47
982
990
518
356
472
344
815
212
636
443
894
77
774
10
515
44
653
603
792
827
570
948
743
591
800
108
493
200
186
49
989
519
283
118
474
208
761
565
582
928
776
971
805
501
7
610
317
62
797
62
741
303
201
486
886
684
475
113
862
220
982
129
592
751
278
983
804
513
652
970
163
353
762
273
12
134
660
499
251
96
692
864
912
239
59
880
136
750
499
295
699
818
846
102
164
161
804
115
338
387
64
785
23
359
29
703
377
633
559
908
781
366
570
686
724
81
330
676
554
477
951
475
801
772
583
942
563
664
918
12
936
572
227
865
427
559
206
880
253
917
917
262
500
675
201
566
314
92
832
49
154
352
996
503
481
276
207
226
627
870
711
231
986
43
591
514
331
926
871
815
400
349
185
567
910
476
355
226
870
694
299
217
88
642
716
459
770
834
373
990
154
369
612
884
360
115
534
613
816
545
179
157
703
230
411
607
145
29
387
94
363
705
168
208
7
556
942
384
649
202
170
922
675
765
232
588
40
427
791
954
775
124
173
13
215
514
327
801
34
373
376
499
335
225
688
63
759
409
751
685
664
215
366
138
915
352
532
259
276
303
547
61
710
344
498
197
585
265
274
652
101
288
963
398
179
240
368
833
12
601
230
578
133
291
869
125
18
732
753
157
167
622
707
630
606
235
861
427
641
927
865
467
611
551
61
17
131
47
566
476
275
924
884
267
285
614
518
515
147
477
878
988
250
959
652
106
393
754
311
945
25
598
327
27
286
243
342
171
647
584
938
597
210
352
555
681
563
670
94
612
676
142
617
574
393
775
547
928
672
766
961
155
492
261
318
916
586
746
360
852
193
387
455
473
594
846
653
173
549
408
704
606
1000
852
65
866
738
69
45
220
602
564
834
807
725
179
139
601
188
383
506
488
552
531
281
762
483
819
750
839
64
601
818
844
628
650
760
767
965
326
935
531
797
177
163
999
602
590
706
575
853
82
309
418
216
966
831
840
218
433
630
794
398
903
333
293
166
932
595
860
85
207
947
614
566
113
424
964
911
313
328
193
799
407
295
949
572
430
164
994
744
531
468
788
764
694
633
447
432
871
627
518
741
975
263
1
364
826
144
70
88
951
461
410
715
691
376
533
541
722
274
703
469
28
560
955
617
426
869
538
356
332
774
137
152
680
731
350
822
785
464
839
914
942
155
349
772
313
351
28
188
521
120
510
803
376
239
754
902
902
832
352
472
870
6
159
684
63
185
303
785
707
571
824
147
141
24
492
602
171
118
322
418
897
602
645
953
178
88
120
65
903
266
756
606
79
723
92
899
551
954
889
513
324
387
398
216
105
57
502
684
23
428
298
154
934
118
182
358
830
871
789
729
484
850
138
733
559
230
815
910
263
489
838
760
123
500
748
973
226
113
633
302
64
393
69
359
547
867
939
336
27
434
403
931
84
61
297
476
370
187
77
428
28
738
452
497
711
327
340
530
488
171
784
614
777
4
115
935
452
369
740
623
520
488
906
890
96
576
636
888
58
400
430
286
618
925
214
130
244
270
436
385
509
117
976
641
797
424
435
360
856
41
138
509
932
830
841
477
859
192
301
746
763
250
271
668
149
706
798
28
320
793
121
255
365
644
47
13
497
588
590
697
486
956
419
247
723
755
253
373
239
325
326
757
609
443
220
370
722
1000
216
287
838
718
210
728
277
468
695
933
894
362
474
209
286
713
188
807
85
838
437
8
512
388
57
654
587
347
444
71
32
175
252
418
4
177
207
276
381
510
780
291
277
308
982
33
341
88
165
291
296
569
687
134
730
311
475
335
564
658
949
947
238
796
850
638
373
711
897
668
261
252
416
117
485
106
818
822
269
235
866
357
920
771
621
985
380
979
373
327
15
693
186
938
880
501
18
622
343
96
925
561
635
361
163
420
706
413
570
661
297
220
480
429
708
574
865
170
264
886
808
568
865
203
78
715
933
404
604
137
295
297
731
497
838
514
226
350
482
570
969
55
875
149
908
844
73
768
377
725
118
200
686
386
691
45
662
52
58
903
895
891
780
161
327
734
890
735
928
482
333
185
347
451
68
209
248
212
622
164
144
8
765
303
69
967
131
756
952
812
700
261
693
749
606
924
396
779
415
732
506
389
553
836
397
50
443
924
746
203
286
85
343
968
124
127
875
40
945
209
74
976
722
209
408
92
121
171
780
798
191
887
690
385
219
970
566
693
637
769
144
483
608
385
799
870
164
628
361
852
730
19
775
345
120
542
156
508
445
322
301
720
605
82
688
692
654
508
571
669
4
964
29
65
826
688
777
521
873
434
804
874
603
40
715
312
489
176
866
80
718
967
158
497
170
60
231
431
21
297
251
322
462
600
48
334
643
931
887
131
956
27
903
467
100
377
9
187
384
590
413
932
913
324
784
517
165
673
570
992
916
418
874
998
439
589
365
837
818
600
965
875
499
745
563
873
390
298
864
818
36
840
226
795
921
421
32
15
765
204
1000
253
16
3
37
630
277
23
528
427
258
69
247
757
206
738
876
583
643
437
790
839
604
443
417
487
640
357
102
164
140
920
759
799
834
746
448
241
169
136
599
432
977
817
525
466
721
178
302
716
856
720
214
773
960
311
778
965
802
452
784
897
179
215
159
962
51
402
279
327
971
477
778
522
624
911
880
246
27
626
539
657
278
859
83
985
555
654
557
674
786
551
434
114
511
227
317
470
441
874
374
111
925
576
1000
7
98
713
777
94
655
911
548
261
5
409
92
278
7
376
966
677
384
811
829
654
976
279
652
798
17
696
47
559
27
713
878
298
265
60
321
776
971
467
719
920
756
185
239
119
47
978
652
975
726
799
604
3
750
710
488
221
532
883
341
372
956
411
800
699
619
990
874
45
437
860
207
957
1000
6
193
308
7
994
56
317
598
405
389
308
97
492
49
255
966
186
444
637
705
705
447
140
81
964
94
208
961
555
914
694
995
942
225
473
151
402
240
168
301
641
333
219
957
271
952
32
686
522
734
276
312
734
46
96
21
629
845
367
195
118
159
789
607
1
740
925
933
900
440
959
614
809
319
803
863
299
573
241
575
248
565
677
604
966
82
95
391
418
786
144
674
606
762
732
263
361
662
472
776
468
976
722
331
311
718
572
300
455
10
823
326
102
4
774
243
608
206
325
953
143
737
784
443
635
874
757
195
867
9
600
311
585
706
842
132
989
815
964
242
346
570
642
170
925
669
158
161
598
797
185
950
833
969
260
266
861
838
425
650
55
755
301
322
412
661
898
953
382
941
321
328
206
732
593
654
815
130
362
875
214
943
54
236
926
163
82
425
306
32
440
432
912
17
352
707
292
620
56
303
436
140
553
799
193
939
973
461
464
636
721
775
306
775
676
416
193
704
65
295
341
805
662
554
413
191
563
364
651
