968
8
7
5
58
44
1
90
5
1
7
16
1
71
711
28
74
22
71
4
3
1
198
3
1
1
32
72
195
330
9
510
152
33
32
49
76
3
221
251
30
165
57
1
11
1
397
8
4
72
384
32
4
2
680
176
722
790
7
1
3
10
2
2
40
141
432
377
147
4
9
3
19
9
218
1
2
214
1
21
112
1
13
71
34
1
5
317
8
529
291
162
103
11
12
4
124
1
22
7
2
1
90
56
447
1
4
3
584
17
5
422
3
1
165
919
24
46
8
11
59
369
212
10
3
20
816
842
33
2
375
30
6
1
105
70
234
2
76
13
132
133
1
5
185
615
58
2
2
58
861
251
9
345
1
17
508
364
41
2
8
42
85
345
19
94
2
33
16
190
237
68
52
410
775
1
312
30
58
4
435
24
14
21
7
3
917
182
6
29
6
60
1
13
10
100
16
7
1
997
5
1
8
273
1
108
4
5
26
1
492
172
23
23
7
1
1
728
66
1
118
336
203
37
6
59
294
15
18
66
7
38
3
2
2
20
499
16
1
1
26
2
79
11
27
1
374
133
133
366
75
1
529
180
2
199
3
7
4
210
1
29
1
1
673
591
710
15
579
4
960
13
7
2
2
17
220
106
2
1
67
57
246
9
85
2
102
4
1
62
16
616
38
29
1
3
161
14
6
13
1
287
67
2
1
3
1
72
15
1
24
551
7
98
434
131
22
2
421
887
69
2
19
5
608
9
8
3
289
34
828
44
4
199
219
14
899
159
2
329
4
301
1
110
1
50
1
4
17
30
688
5
105
848
25
6
855
194
1
770
6
869
649
759
1
275
1
171
47
58
348
198
15
39
5
9
1
6
1
2
49
404
2
1
383
10
149
199
2
7
29
529
1
3
3
4
6
96
1
13
791
115
3
7
150
96
378
19
351
91
442
194
1
4
2
76
20
638
2
8
33
430
1
32
1
38
14
1
91
1
83
299
567
4
10
7
1
3
1
1
7
1
1
4
1
14
1
631
112
739
329
12
586
1
2
22
7
809
42
2
1
522
20
431
15
67
50
29
348
11
4
637
1
107
103
15
213
1
292
3
16
148
252
8
541
9
21
582
1
626
1
20
425
3
400
3
438
30
2
4
16
7
27
23
2
36
116
18
1
654
148
289
14
51
2
3
178
119
1
77
7
49
48
2
2
2
5
2
1
40
230
7
1
1
1
29
12
250
42
7
2
1
1
8
119
212
22
154
25
22
220
21
2
242
90
40
2
4
372
8
22
8
16
46
37
230
1
3
10
375
10
1
9
2
840
4
2
169
2
13
30
28
3
100
2
32
1
178
65
503
2
1
1
59
12
1
21
8
26
28
349
19
337
4
76
3
5
3
26
5
1
1
6
101
679
5
12
10
589
97
1
77
322
12
136
1
11
60
12
8
231
1
2
2
753
3
7
1
237
647
749
6
253
1
12
64
237
58
12
895
9
80
1
8
1
5
1
173
1
8
1
296
14
6
880
62
34
347
105
15
1
2
13
7
717
681
56
770
6
53
3
695
16
82
81
47
3
1
455
7
3
6
97
9
68
16
4
27
10
71
67
56
2
13
60
8
114
358
27
9
80
452
29
461
193
45
86
1
3
23
5
29
496
40
5
266
123
1
19
45
4
3
745
343
186
180
57
54
6
17
2
128
176
83
2
10
549
140
33
23
2
841
215
363
2
1
300
3
1
11
8
1
32
275
17
2
18
4
5
4
255
112
120
70
11
11
289
127
1
250
688
458
779
174
560
1
5
54
1
4
1
107
35
338
4
12
28
2
3
1
7
1
206
10
6
637
25
763
1
24
652
1
1
93
8
2
38
531
1
253
141
5
10
508
1
15
7
5
77
7
1
107
3
2
306
3
2
56
24
15
54
69
2
2
495
2
1
2
1
3
11
2
2
57
19
7
1
10
35
26
2
83
105
68
66
8
3
564
79
82
15
7
563
127
111
4
1
955
22
268
1
229
8
4
157
4
66
65
49
338
221
32
940
27
5
3
128
820
3
254
56
964
398
15
210
505
15
7
10
53
1
17
7
12
849
55
20
1
1
24
24
70
32
124
28
7
2
5
22
154
54
29
105
21
3
6
1
91
2
27
6
656
31
22
1
1
357
5
3
944
100
12
34
1
13
4
97
133
23
105
715
2
78
236
20
98
1
39
368
314
374
48
669
2
4
49
292
47
51
5
47
15
1
365
129
27
29
535
145
6
2
4
45
894
15
380
12
22
76
8
245
2
682
19
2
5
103
135
7
1
190
1
62
49
21
17
222
106
89
2
9
17
12
429
3
570
4
871
78
270
34
598
110
279
8
58
37
4
37
31
32
96
596
73
149
682
23
1
514
1
1
988
1
104
19
484
23
3
1
3
322
882
172
5
241
2
6
111
1
701
7
122
3
745
18
9
668
36
2
406
518
1
232
1
43
22
4
6
18
10
7
4
144
228
43
547
4
33
12
120
1
64
1
99
3
25
5
28
7
3
6
4
388
65
6
1
1
2
2
955
8
1
64
145
260
372
494
42
10
1
29
530
228
380
113
800
865
503
9
2
786
852
26
4
1
30
406
6
37
9
20
1
70
1
47
204
1
40
358
11
5
3
23
535
545
7
1
10
171
573
73
291
60
824
840
3
4
901
434
27
1
2
883
2
12
25
49
1
39
175
1
333
3
67
32
1
1
691
2
33
2
13
65
10
442
2
360
9
4
58
3
735
161
685
86
186
138
3
3
8
58
2
4
2
282
142
7
762
8
143
68
165
3
17
759
42
85
33
379
1
56
4
77
125
152
104
12
722
32
6
244
10
3
206
10
2
4
10
25
82
17
13
94
298
71
1
46
517
105
11
2
2
11
3
156
1
4
65
40
967
2
12
7
10
426
2
224
81
17
1
9
163
791
889
81
162
172
133
168
18
1
47
6
1
16
622
8
15
581
868
191
402
7
20
14
1
45
119
3
1
3
41
235
1
71
20
15
4
14
299
8
1
4
88
10
1
26
953
11
392
34
218
395
6
2
3
60
364
143
20
30
1
562
7
660
80
821
5
2
10
1
65
3
8
375
16
71
27
6
133
1
1
1
30
8
47
14
54
2
2
5
1
38
5
2
4
2
4
1
226
27
929
34
129
67
66
58
92
73
2
67
58
1
61
45
20
7
230
30
105
43
24
42
22
1
589
512
5
558
132
1
598
146
97
1
1
318
280
1
520
2
340
9
224
143
2
665
84
1
800
22
104
86
2
834
31
2
44
835
4
7
105
442
1
386
237
1
11
27
1
2
36
2
738
1
601
40
95
1
38
1
6
33
5
729
2
7
2
2
37
124
14
263
1
1
184
36
226
1
6
16
2
3
422
51
32
7
559
182
253
33
29
57
827
3
1
378
332
162
72
6
58
32
159
12
5
162
315
6
1
2
889
7
11
102
30
27
4
126
69
509
1
1
3
1
119
336
14
75
158
1
2
83
703
25
26
209
1
701
4
38
1
20
10
2
7
1
74
1
242
331
34
166
54
365
6
616
15
6
3
141
1
29
15
335
11
3
148
39
2
2
7
157
6
448
13
1
230
238
3
1
317
5
6
7
44
2
694
1
392
2
124
5
8
18
1
163
1
278
1
1
11
117
177
5
9
1
4
4
77
366
81
1
6
269
89
1
514
285
75
249
3
84
907
98
2
59
1
24
12
1
2
53
492
2
2
554
288
59
784
69
2
1
27
454
8
365
90
1
4
4
881
275
5
485
1
1
14
709
590
77
1
3
1
180
338
1
7
10
11
1
2
221
54
2
17
30
4
19
3
748
1
98
17
2
1
3
1
2
2
399
8
96
226
3
6
1
100
885
10
1
31
105
20
264
792
46
33
7
412
65
9
2
14
1
28
530
137
23
25
12
21
6
55
130
182
35
60
2
2
397
2
1
3
9
6
311
3
2
16
5
11
17
18
886
6
388
393
5
12
183
1
35
1
8
1
2
2
1
28
407
1
9
3
3
244
87
968
42
43
1
7
189
1
23
36
76
524
200
1
60
4
62
1
141
955
133
9
716
114
68
2
6
53
113
592
434
1
160
11
10
8
30
26
666
5
8
203
726
3
196
1
116
17
486
3
250
2
1
6
8
443
17
2
5
10
8
119
16
422
330
409
2
47
125
26
964
26
41
1
28
4
72
641
601
759
1
936
547
122
846
5
134
19
1
1
20
12
9
69
3
288
1
112
4
581
15
2
26
280
2
3
41
1
19
11
381
71
17
3
65
39
117
5
2
2
207
57
311
955
7
24
2
188
2
126
7
6
13
59
42
107
22
134
112
4
9
469
6
359
2
256
241
63
884
143
2
1
336
52
21
118
29
1
253
71
2
65
100
8
14
169
386
20
108
39
143
42
1
17
74
34
32
132
1
2
75
359
17
23
3
625
1
1
11
43
304
9
26
16
908
1
233
7
846
17
3
7
700
7
107
307
280
526
4
53
194
1
967
762
395
131
1
8
261
138
12
68
1
1
12
19
7
13
1
59
4
1
17
46
3
429
1
345
50
2
58
4
1
6
5
2
1
216
3
380
26
1
2
3
5
10
218
155
2
738
16
3
1
266
16
1
7
30
1
13
183
37
16
298
8
38
169
124
378
49
272
1
232
1
54
3
175
706
4
1
24
3
2
13
1
1
9
11
976
662
55
3
128
97
38
31
2
3
14
207
96
1
53
8
3
57
16
1
80
979
2
151
373
1
6
174
195
301
2
4
1
11
8
11
2
6
1
756
20
8
3
460
40
46
34
7
5
1
811
3
397
6
156
440
876
15
1
10
1
2
1
2
35
20
36
2
1
329
47
1
71
2
1
1
1
2
579
3
975
50
11
415
208
64
546
662
276
1
8
1
44
67
9
4
1
9
14
385
298
2
1
1
758
3
550
335
847
248
7
742
71
136
275
120
3
1
4
694
414
7
2
3
26
1
30
11
675
258
809
284
2
593
3
14
1
2
13
436
23
1
36
155
66
9
81
10
977
25
117
48
138
252
6
3
10
7
353
1
1
150
533
55
42
376
4
2
17
258
24
4
3
18
5
1
1
260
3
7
16
1
40
42
14
375
57
4
1
46
166
1
122
2
69
1
3
228
10
50
243
654
3
3
73
21
446
1
118
66
543
2
260
13
168
207
197
11
8
166
93
2
58
1
13
104
635
62
5
5
525
336
72
18
442
2
5
6
19
13
2
28
2
43
12
385
2
3
209
81
136
70
110
6
77
1
43
1
68
9
25
18
5
3
4
7
3
1
185
753
31
100
3
60
7
24
50
423
1
50
64
799
6
2
32
2
2
138
7
3
3
68
371
266
134
130
2
12
1
74
26
2
2
55
823
13
4
1
324
1
74
1
370
85
22
1
35
54
724
80
746
1
48
62
23
258
59
274
491
3
11
660
170
1
242
7
158
20
2
9
24
9
1
2
312
73
9
3
1
29
306
1
3
1
1
2
113
12
9
688
2
169
1
22
2
1
230
392
360
911
69
695
14
65
4
169
29
74
3
2
49
328
1
3
645
1
1
234
23
349
934
4
3
18
34
11
1
2
1
1
1
74
7
26
77
49
55
205
21
3
1
3
1
664
2
126
22
115
4
323
817
114
68
7
10
513
107
26
717
704
1
77
2
90
73
601
20
8
47
59
980
36
7
24
4
63
101
65
12
226
33
975
586
10
25
1
73
31
5
91
271
3
1
160
113
336
1
25
295
21
4
52
169
25
35
2
357
5
2
4
30
109
131
3
9
838
600
129
60
2
18
111
434
2
3
3
12
307
40
57
676
579
1
1
20
324
298
95
11
210
65
6
33
1
15
2
20
4
125
166
356
110
7
42
225
2
1
371
79
240
11
10
3
12
2
17
435
22
5
34
695
865
16
1
231
1
10
153
1
365
239
1
1
648
2
281
260
112
2
3
312
961
1
475
3
6
725
1
2
1
3
14
61
3
9
1
105
6
3
219
453
216
1
205
43
6
10
17
1
6
18
1
18
283
39
1
15
2
29
3
14
8
14
234
1
83
7
16
2
165
54
117
14
1
1
1
219
23
4
178
5
203
7
22
1
684
89
656
1
2
1
3
1
990
155
1
8
299
2
120
76
4
11
13
1
63
18
134
116
204
12
120
25
14
3
50
240
4
2
75
1
357
24
638
982
23
3
3
787
12
1
37
94
299
8
5
12
180
455
878
3
3
614
4
152
50
9
62
2
19
82
295
9
1
369
259
384
2
44
1
43
174
3
26
112
7
31
453
8
6
2
8
1
15
100
263
57
973
2
5
27
111
2
11
3
1
2
1
5
1
4
4
3
3
2
68
2
102
15
82
42
53
8
20
15
95
44
5
2
156
45
7
190
482
1
157
484
21
1
80
4
1
376
13
1
43
4
308
22
36
6
39
285
1
7
2
1
1
495
8
7
17
3
24
1
495
3
1
98
6
1
5
5
22
805
14
30
233
3
38
3
609
15
1
2
15
71
1
7
783
2
1
1
11
4
476
101
368
657
5
9
232
4
908
1
868
3
81
1
86
21
604
3
1
1
374
540
32
20
333
73
9
84
281
224
2
3
264
1
52
108
4
186
3
442
60
708
1
34
15
37
16
22
30
1
4
880
10
225
1
17
1
5
4
1
68
2
7
158
49
126
5
21
4
74
2
3
4
80
618
193
15
4
5
93
7
1
3
1
93
1
145
460
325
5
9
207
2
8
22
24
3
1
200
803
137
217
25
5
1
113
531
937
443
87
4
46
16
862
1
1
489
76
142
3
1
253
385
1
4
1
6
5
38
14
1
11
357
3
880
809
5
1
14
428
356
874
21
139
8
1
374
453
2
170
42
1
897
13
2
136
6
2
22
41
5
79
573
145
1
1
39
166
329
61
4
257
84
717
1
3
58
164
17
9
989
2
18
272
3
317
171
2
130
1
121
1
1
589
220
24
1
14
6
5
7
721
14
1
3
308
878
154
836
672
2
2
4
2
782
541
50
1
16
5
2
6
7
8
48
25
6
78
1
602
136
3
162
1
410
265
15
2
56
365
6
68
4
16
32
25
97
117
20
1
1
1
553
72
62
2
12
69
3
1
1
72
336
197
598
9
6
474
76
1
89
24
5
339
714
4
734
62
37
22
3
6
95
24
1
38
79
752
16
114
180
41
61
81
8
1
10
61
2
696
4
1
69
9
162
40
69
3
2
562
17
231
79
1
43
7
1
5
78
2
9
10
223
66
388
17
2
517
396
645
270
8
115
1
5
6
275
709
16
54
1
7
128
158
436
2
1
124
60
2
25
252
7
10
1
42
3
88
7
234
15
177
13
29
72
85
253
20
1
4
5
585
351
481
206
2
107
5
268
57
24
6
11
20
128
182
162
354
23
327
9
2
4
1
258
175
29
39
145
29
1
553
9
972
152
91
124
2
4
88
30
408
105
126
2
37
27
98
2
9
1
60
55
64
1
28
1
22
3
46
20
796
242
250
19
500
2
11
11
1
164
1
3
1
8
711
1
58
4
113
1
3
53
1
7
443
592
11
3
7
2
205
52
215
23
7
3
175
43
5
32
7
11
1
19
3
1
25
74
4
246
20
7
59
516
4
13
715
5
124
6
1
25
82
11
2
3
478
291
1
4
187
55
63
1
2
599
3
489
60
420
89
1
4
2
70
7
1
273
1
51
23
186
476
2
567
1
2
73
1
9
48
70
446
1
105
67
31
643
26
1
552
379
976
4
1
17
179
4
17
333
37
2
278
27
114
3
353
668
434
7
56
54
3
5
3
525
40
508
138
9
63
144
11
27
1
1
6
1
47
246
1
1
1
915
2
26
187
3
36
3
960
2
3
14
453
82
855
775
1
2
12
117
5
3
283
11
4
1
9
12
21
2
1
530
1
260
11
19
7
96
760
1
1
30
120
26
39
1
104
17
213
61
53
2
2
111
5
53
1
1
3
19
51
41
761
167
359
134
4
58
159
168
284
500
1
405
1
1
9
7
8
14
811
464
3
779
443
627
2
74
1
7
9
25
1
119
1
1
98
326
11
1
4
40
39
959
297
32
838
224
1
1
77
1
6
683
2
1
7
18
1
116
2
71
45
4
1
5
20
176
9
629
14
48
1
17
21
4
41
9
24
621
23
3
61
32
12
55
4
277
2
1
149
22
47
1
299
53
12
205
16
1
28
39
201
12
86
141
1
24
27
201
797
681
922
16
681
1
36
4
464
4
7
759
48
119
71
2
25
939
1
65
1
424
59
347
1
256
10
12
1
1
495
4
95
419
341
683
8
818
1
395
14
4
182
25
34
1
8
10
186
108
1
1
38
384
1
26
6
1
6
5
3
2
16
28
5
406
3
2
157
20
52
16
10
78
80
739
5
33
9
6
698
180
765
26
9
823
5
52
79
579
3
1
460
105
43
187
1
67
617
165
67
3
2
4
40
21
2
14
236
4
271
5
47
9
307
10
136
344
1
1
422
77
475
20
107
1
18
11
284
4
218
539
544
39
430
1
680
7
1
4
340
325
328
12
3
381
33
97
48
67
2
598
797
3
6
781
105
7
285
190
28
1
405
45
25
45
172
42
23
3
13
2
211
1
1
576
7
6
471
712
34
498
1
220
866
5
33
949
1
434
7
3
2
2
73
1
2
1
2
17
1
1
45
46
65
4
10
1
5
145
20
252
267
1
27
11
73
2
330
50
122
168
426
39
844
2
366
5
342
1
6
521
534
1
7
1
1
25
11
528
355
22
348
19
1
11
15
29
7
611
22
29
1
2
1
1
15
8
3
1
472
24
18
1
13
27
9
318
175
9
23
5
10
570
324
15
31
159
95
318
38
1
47
477
34
1
24
1
60
1
248
2
1
66
7
102
17
1
12
182
450
38
593
398
401
790
1
1
849
573
1
743
385
201
5
1
709
158
12
97
9
11
4
113
670
1
1
22
56
730
333
1
22
18
25
4
168
196
335
784
5
69
25
373
37
118
2
44
240
8
155
10
4
128
955
2
166
52
2
2
1
5
12
8
349
187
88
338
9
110
179
84
16
1
52
2
231
19
75
4
22
6
9
89
27
1
4
161
12
122
15
30
1
2
13
3
388
537
45
435
740
698
959
11
8
1
172
231
1
44
61
202
6
93
121
13
16
2
3
977
6
1
13
109
131
53
370
4
2
5
155
1
34
35
164
32
17
1
1
310
1
520
13
1
45
25
1
126
2
99
1
386
3
41
3
41
3
17
1
746
407
50
9
1
1
196
1
457
1
5
24
399
294
476
2
17
84
579
62
1
360
113
24
395
4
1
414
36
4
38
849
65
10
97
1
114
417
1
1
1
29
1
25
139
35
287
5
59
3
22
130
1
11
86
2
24
209
14
13
28
115
4
3
97
265
23
608
31
12
2
6
11
26
2
69
5
25
11
5
6
1
51
8
7
1
1
323
8
35
180
2
94
77
110
2
1
69
327
12
110
3
4
89
1
56
1
3
359
35
2
15
84
18
74
2
3
6
508
1
620
1
18
208
3
175
1
37
26
23
8
3
3
632
1
151
3
20
7
99
1
4
53
122
22
7
1
4
1
8
317
9
4
6
1
233
257
7
18
65
1
542
8
53
7
2
4
1
434
23
17
12
622
1
404
516
1
239
6
132
23
598
21
764
1
7
96
601
374
26
32
3
3
6
126
51
3
176
6
1
1
389
2
1
257
556
1
1
617
14
36
5
15
45
494
3
30
3
24
225
17
27
773
9
27
4
32
1
16
103
775
7
10
12
2
21
2
11
28
37
483
1
505
3
3
63
28
834
6
22
613
369
1
7
5
180
146
10
28
18
2
3
292
272
201
35
556
205
2
300
110
33
10
5
2
10
6
26
5
99
904
268
12
63
1
19
39
264
47
4
1
1
9
28
3
80
17
693
5
1
304
31
31
96
29
3
25
204
459
429
2
836
48
6
19
6
101
5
160
37
193
114
3
41
233
44
40
14
4
258
46
17
3
5
7
24
364
1
4
89
470
121
133
1
398
1
1
63
2
1
865
618
1
1
26
349
1
1
737
1
171
31
2
27
187
1
392
19
977
1
999
130
97
1
4
9
961
4
3
149
72
445
646
550
588
2
10
5
3
3
5
224
5
40
15
1
40
15
4
790
93
79
25
7
1
27
2
404
1
1
63
115
88
1
10
151
8
120
9
107
19
487
693
175
19
53
348
3
19
27
64
686
372
33
100
902
4
1
3
46
90
11
1
4
1
33
604
186
98
83
204
27
4
3
8
4
973
78
17
9
47
6
114
605
4
3
21
8
68
7
245
395
522
136
4
432
115
32
513
4
1
169
8
32
111
10
52
2
121
1
17
207
31
66
4
1
795
4
292
71
118
2
2
38
5
8
9
40
335
1
332
34
83
5
4
9
2
522
38
496
21
3
70
1
17
7
864
391
110
139
8
302
309
1
5
5
318
17
2
62
32
29
16
24
5
129
1
22
44
580
2
25
397
5
88
317
2
1
17
3
11
248
1
1
1
15
457
461
49
932
467
16
1
3
1
108
111
391
77
659
58
145
142
201
64
20
154
5
47
150
116
731
12
30
9
76
3
2
696
60
453
1
339
55
6
158
3
281
854
1
144
10
345
27
82
28
122
675
109
386
2
4
112
72
15
38
1
3
6
2
15
5
1
121
82
2
1
1
91
378
38
15
307
47
1
402
98
1
48
191
15
3
253
2
29
34
238
11
471
6
8
4
1
7
20
31
167
1
95
2
3
29
337
236
122
27
24
93
1
5
311
1
38
2
232
76
154
2
2
8
59
5
954
580
6
4
201
964
15
238
2
76
22
20
5
170
77
46
2
4
111
1
489
40
3
589
62
179
115
2
333
3
169
154
441
99
2
89
589
1
2
988
15
846
58
4
2
359
6
47
120
3
318
101
2
186
2
16
447
2
347
2
28
24
4
3
426
1
12
632
9
31
9
9
26
20
17
1
472
1
15
1
1
106
23
328
168
11
17
25
917
1
231
95
257
1
41
759
34
14
1
3
17
24
1
102
625
11
883
72
94
254
787
313
293
121
1
16
116
2
649
25
19
421
10
215
113
63
23
1
6
4
29
16
16
649
90
839
518
3
138
457
31
878
1
2
3
409
609
24
652
934
10
26
1
54
41
890
171
434
3
16
2
2
8
524
152
21
1
84
3
66
19
60
456
349
2
4
314
256
11
39
3
51
99
1
203
114
91
1
2
101
115
661
150
757
4
203
3
50
3
1
4
134
34
1
66
726
1
