37
7
1
542
548
12
202
3
27
6
980
14
48
867
86
58
179
9
72
26
119
10
8
1
140
7
11
12
4
181
1
40
23
18
24
22
408
246
209
2
266
1
271
3
9
38
6
23
520
7
235
1
935
24
213
1
25
537
220
41
24
25
2
15
6
2
41
171
26
706
901
6
1
809
130
510
416
58
11
1
1
1
158
22
364
15
47
11
804
1
5
4
1
12
3
66
735
13
67
31
305
10
17
2
3
510
311
9
32
535
33
310
222
39
754
3
8
4
61
2
6
2
35
936
864
18
6
142
57
2
424
125
663
28
1
1
99
2
37
2
580
2
3
8
8
604
354
45
117
15
2
2
4
12
200
30
217
2
437
2
120
2
12
41
440
329
347
40
219
3
54
717
966
4
297
4
203
139
4
354
83
621
323
2
2
1
71
117
5
4
163
5
10
1
43
9
2
106
1
420
750
567
99
32
459
870
3
39
8
365
4
4
64
33
2
1
261
86
731
22
22
5
4
93
16
4
238
5
34
67
3
51
1
10
9
670
2
147
403
3
225
7
9
36
1
74
539
24
21
82
108
1
123
24
1
26
1
850
4
568
138
19
191
9
83
3
156
2
943
25
6
128
1
1
1
862
9
43
1
10
38
437
19
68
9
11
1
63
87
1
67
531
69
1
105
3
9
8
9
1
226
387
5
1
429
192
1
43
2
108
600
53
939
1
384
12
5
667
2
5
28
783
54
1
103
99
1
60
5
40
8
12
466
281
374
3
13
7
11
40
67
37
3
90
69
129
221
712
14
6
25
1
17
417
2
130
1
767
138
15
10
1
4
915
48
1
130
6
642
540
247
180
20
14
42
5
1
1
4
2
178
4
58
56
21
207
190
1
178
73
9
287
1
7
112
336
766
12
224
19
52
12
1
1
1
70
25
2
13
1
220
13
2
487
6
3
267
722
3
19
13
518
96
631
17
363
354
10
2
109
3
1
10
1
1
15
1
449
14
147
168
927
1
2
1
187
4
1
6
202
9
162
76
20
71
2
43
13
1
1
133
63
3
41
5
873
18
2
465
5
5
4
1
130
23
8
230
100
5
98
2
67
367
77
1
20
5
137
602
48
1
649
7
27
13
7
19
267
132
4
58
114
502
388
106
981
7
71
2
7
3
20
782
90
1
952
327
111
479
832
1
10
34
5
1
92
524
190
50
746
18
178
2
4
539
12
4
302
34
10
1
149
433
3
1
225
585
1
2
217
20
260
333
4
9
1
846
2
95
13
591
302
1
3
2
6
1
1
1
16
120
5
1
16
4
25
321
902
2
3
228
284
227
523
30
2
633
712
843
78
246
851
10
2
2
155
664
1
48
1
54
90
440
607
320
13
575
38
1
9
2
865
166
65
441
378
2
2
806
4
5
4
3
77
1
21
238
265
278
1
3
1
36
1
56
22
13
1
5
4
4
51
2
1
1
11
150
2
17
25
10
2
7
10
2
37
3
26
39
728
100
1
79
6
1
189
56
2
21
97
244
85
90
3
2
49
17
34
256
7
103
13
2
294
53
780
430
13
366
1
14
54
10
1
9
43
287
669
25
104
89
8
885
35
12
342
579
333
10
576
181
122
121
18
356
86
11
26
25
54
51
16
4
15
257
2
24
1
5
3
4
44
838
4
1
952
541
468
23
19
452
82
25
31
1
153
6
244
944
231
1
46
353
80
72
226
264
1
4
1
322
520
87
4
97
84
3
24
120
45
40
333
28
1
75
264
6
33
4
1
12
1
3
8
1
392
3
2
7
387
18
2
29
1
13
6
33
210
1
709
54
10
2
66
31
16
3
517
979
11
12
110
5
1
5
4
823
491
943
75
51
1
380
341
333
93
45
131
152
3
738
201
41
10
329
15
326
34
12
15
185
25
229
38
13
2
4
48
17
711
11
320
44
602
3
672
703
510
950
1
245
99
310
1
20
172
36
37
52
1
37
4
7
1
13
2
6
241
565
3
2
1
10
820
22
2
129
34
348
11
11
370
169
27
70
5
85
239
903
24
12
16
1
173
93
7
11
18
345
225
6
1
6
8
888
983
1
19
37
36
832
468
1
9
11
69
159
1
27
2
1
18
1
11
45
14
11
86
263
1
65
1
150
4
20
46
182
2
7
206
1
30
5
50
8
11
408
6
23
25
10
1
2
804
1
254
8
213
1
60
1
615
63
1
599
552
426
14
68
295
10
14
9
11
13
5
1
101
34
9
7
15
74
34
975
95
261
80
12
1
487
12
5
500
25
17
3
555
1
8
5
64
135
4
4
205
1
155
698
350
378
7
32
1
70
17
87
17
16
481
8
988
2
2
3
13
27
765
8
24
1
147
16
4
4
738
1
87
1
324
679
23
59
320
13
504
3
1
1
28
88
88
429
2
45
2
6
25
11
4
195
618
750
8
1
5
12
157
10
262
3
26
5
1
614
11
175
10
1
7
7
36
8
34
10
7
5
6
119
1
689
55
54
837
144
18
161
1
4
792
4
843
1
1
60
2
53
9
184
54
21
2
44
50
80
12
7
3
1
51
70
7
50
4
226
28
501
93
2
1
43
1
18
4
321
2
51
288
30
20
139
12
884
162
323
149
231
35
9
1
11
4
33
17
1
329
48
426
115
202
46
109
2
53
525
736
129
1
93
51
3
33
1
723
51
51
30
6
105
2
2
1
2
963
8
47
31
743
19
1
51
13
53
5
1
1
176
238
73
48
1
3
1
231
82
15
115
24
74
965
27
45
7
31
158
7
179
2
4
197
35
4
193
2
284
31
444
24
4
8
280
33
81
7
4
717
17
12
13
270
102
1
931
1
2
69
25
12
9
500
737
14
4
726
25
264
41
3
270
14
136
132
1
310
53
41
1
608
342
4
20
495
9
6
15
210
1
5
101
301
22
48
135
2
77
15
3
1
51
51
437
31
566
18
1
1
148
19
5
1
250
51
13
9
20
1
8
133
56
219
34
8
44
11
5
197
2
1
262
7
12
4
24
9
204
1
2
3
17
515
1
6
244
8
83
232
182
1
3
360
104
11
142
10
3
26
96
676
1
31
832
1
1
129
1
3
17
442
420
458
68
197
43
77
5
674
120
23
18
7
226
2
17
9
61
1
11
6
4
1
83
36
1
72
9
1
14
27
1
9
1
252
100
12
130
13
232
3
70
218
5
2
6
1
3
5
15
783
17
93
5
10
421
117
50
26
4
34
8
127
251
312
765
2
828
256
23
4
133
4
5
305
11
836
166
30
4
153
112
21
884
168
829
11
2
304
322
44
339
13
346
176
280
25
140
9
1
304
246
204
665
30
1
2
23
677
39
3
5
42
275
3
7
301
19
875
15
53
89
42
378
45
977
527
3
396
10
28
372
1
16
231
764
1
105
29
1
18
322
57
2
3
1
151
1
1
803
4
3
7
12
657
25
3
837
1
1
121
9
510
17
207
1
20
16
1
5
876
3
116
201
6
567
166
5
5
3
2
8
5
185
306
907
531
249
69
926
1
418
353
2
32
5
2
14
11
28
4
17
20
174
13
1
107
20
10
37
2
1
3
255
1
12
1
1
646
1
14
161
5
3
366
3
1
6
319
8
285
1
113
50
20
231
75
15
1
527
1
6
585
1
8
346
943
28
8
320
985
5
674
12
1
7
420
10
2
23
6
8
399
305
30
6
811
69
28
702
5
7
26
147
345
531
1
1
6
155
620
2
1
87
3
254
1
21
2
591
9
318
119
17
149
97
51
24
29
27
256
2
12
799
1
2
392
62
4
50
5
695
46
68
193
3
30
25
193
1
151
15
572
28
252
7
3
67
26
4
244
2
37
35
1
1
443
4
103
387
622
1
1
116
13
1
31
307
448
104
60
313
41
50
11
416
11
7
8
15
178
5
87
121
201
1
58
1
33
658
63
122
14
8
65
19
126
277
2
109
37
1
42
2
638
367
6
24
124
9
76
410
11
10
10
872
1
1
153
33
72
10
18
333
420
52
55
188
376
1
12
1
722
15
1
49
24
2
71
146
31
140
157
102
747
609
151
3
32
360
183
54
61
7
36
2
6
630
81
4
870
62
615
14
178
7
3
13
5
31
959
273
1
55
53
20
29
4
8
1
463
9
357
333
763
49
44
1
4
2
3
190
2
22
3
2
11
13
10
13
44
4
5
1
2
237
1
7
3
1
99
4
5
203
492
1
16
25
5
2
665
151
1
3
6
33
1
65
7
14
783
3
255
8
380
366
3
1
3
772
211
4
2
30
12
929
2
21
58
2
265
144
14
63
194
22
39
1
35
3
21
134
28
1
13
5
264
48
153
21
3
4
16
107
683
623
2
458
7
10
517
34
4
2
2
1
299
35
1
1
586
214
4
154
199
1
50
2
88
28
18
225
31
248
1
754
1
177
1
29
1
80
1
1
19
17
28
63
3
567
738
185
3
10
5
6
9
64
18
17
11
207
7
36
52
23
1
1
16
38
72
2
54
47
3
23
58
7
3
1
174
4
46
475
17
4
4
2
734
488
26
264
3
55
248
7
152
24
656
234
111
28
10
1
1
2
91
673
1
478
17
5
3
540
4
3
1
320
56
3
284
2
31
80
3
576
2
5
33
147
18
8
2
1
1
6
2
906
5
613
3
5
474
82
21
15
296
172
2
4
3
333
16
131
2
9
9
1
34
579
6
1
123
169
1
2
6
13
24
252
35
6
21
1
5
1
67
83
33
3
32
1
2
4
225
48
8
1
431
12
1
2
1
46
103
2
6
33
180
630
2
24
15
4
6
4
4
698
2
407
9
10
11
33
931
4
735
2
8
5
5
915
105
4
18
24
350
80
60
2
313
1
38
170
2
21
31
34
172
49
92
3
1
77
425
1
58
232
301
3
199
1
10
5
1
145
1
2
12
8
2
1
491
1
1
1
3
9
2
26
12
3
7
1
1
24
1
29
1
13
449
840
1
2
2
43
522
894
193
1
65
7
92
2
44
207
4
2
820
62
3
390
634
1
10
5
498
457
1
49
7
27
21
171
240
100
4
263
21
8
8
6
28
3
322
3
107
1
932
9
15
325
41
281
90
3
3
4
242
21
5
45
118
537
101
5
1
325
442
29
464
11
114
294
1
13
21
32
3
5
312
12
99
18
140
759
18
7
105
9
268
441
5
38
467
103
9
15
37
339
169
3
835
2
21
6
1
171
422
468
2
616
18
2
9
34
5
115
578
343
3
97
43
5
3
1
129
469
535
72
352
13
44
310
947
1
411
1
1
399
26
21
2
1
2
4
6
234
1
1
558
499
371
1
1
389
7
61
47
379
327
54
8
1
169
86
2
462
1
9
9
218
1
207
1
47
1
4
3
69
6
83
2
5
3
3
1
2
1
486
1
21
2
54
44
1
52
9
1
34
11
872
434
264
6
352
19
1
255
4
8
80
30
13
8
243
2
171
124
47
11
958
56
5
209
26
7
23
864
123
2
354
17
4
269
6
3
2
260
3
1
667
7
37
42
483
4
29
314
36
813
4
14
73
1
1
3
8
58
3
45
861
74
8
649
672
6
758
5
738
465
1
19
27
104
3
82
1
1
35
13
4
140
4
272
81
145
5
1
54
38
178
1
126
1
60
19
21
113
57
4
662
1
330
53
18
3
53
2
1
402
2
20
1
40
130
94
22
1
6
1
1
280
29
1
2
257
93
8
156
2
39
433
304
2
283
21
4
4
549
42
675
125
410
3
1
43
348
28
51
407
5
60
465
1
21
1
2
6
3
55
1
1
74
254
1
6
268
128
5
6
1
15
176
4
2
1
1
406
133
6
62
2
3
114
17
18
1
44
301
3
2
37
2
1
18
45
17
3
6
374
2
16
546
10
8
4
73
95
33
313
173
4
589
18
200
23
884
17
381
1
59
30
53
1
911
39
8
198
456
7
363
14
1
74
75
27
43
15
15
8
120
3
134
634
1
906
528
2
62
2
3
267
204
68
1
1
14
1
1
2
5
8
5
82
5
510
2
1
11
46
57
52
21
4
2
69
2
608
1
123
7
790
142
765
95
1
6
70
22
5
24
890
2
70
2
4
102
5
136
267
3
224
19
66
1
461
1
28
172
1
1
24
855
9
128
71
608
30
4
918
15
76
39
6
15
28
46
11
93
213
3
28
19
1
4
1
847
37
5
353
12
222
51
21
12
7
523
253
136
688
28
281
3
3
6
5
58
36
7
2
19
168
379
3
3
48
12
106
6
10
716
509
257
52
5
36
1
143
19
431
164
7
508
1
6
2
468
217
1
365
15
40
6
3
2
15
854
28
2
775
285
1
77
2
237
1
422
585
36
817
1
315
49
2
286
228
5
10
4
4
27
2
104
24
105
30
7
4
81
1
1
29
13
220
19
21
1
1
1
594
2
189
217
269
1
25
8
1
200
10
90
49
1
1
4
9
1
17
50
43
1
490
112
2
8
43
37
705
2
809
19
54
1
45
359
2
16
61
140
1
38
745
5
252
17
641
6
2
11
73
13
2
15
629
1
467
451
100
2
4
218
6
2
20
77
2
29
192
256
1
4
12
38
109
186
456
4
126
1
213
88
2
1
4
6
211
413
18
1
3
7
43
1
25
2
2
336
2
13
149
422
2
40
231
348
114
74
8
198
203
8
1
2
106
4
63
625
20
2
8
261
1
11
7
385
1
318
2
1
1
202
19
2
37
8
4
36
117
19
145
1
33
213
20
13
50
13
3
121
14
502
1
2
12
15
147
39
3
1
463
20
265
4
428
13
154
16
797
170
1
216
57
4
375
1
22
512
127
92
730
166
270
2
40
282
63
4
2
84
279
620
3
3
42
1
3
2
6
129
27
14
1
131
1
1
47
43
593
1
919
1
1
122
33
2
84
1
188
1
10
9
83
480
83
477
1
724
5
6
1
62
186
24
213
6
1
31
51
251
19
160
1
9
6
685
25
51
49
54
415
14
78
14
849
10
1
5
311
28
4
2
4
26
111
34
82
67
467
36
41
158
2
2
16
17
29
1
3
1
141
4
7
3
340
1
3
1
3
16
1
2
184
994
28
32
494
449
2
31
159
2
21
22
4
26
1
13
17
7
9
47
878
21
6
116
51
9
123
9
6
4
1
1
1
2
123
1
348
1
692
196
30
62
684
590
655
3
217
23
129
59
4
9
142
4
503
2
201
177
3
58
17
20
105
2
2
585
7
377
122
325
938
671
857
313
1
3
41
190
16
1
9
1
1
107
159
503
7
724
337
92
96
731
1
12
2
346
595
12
192
1
3
240
149
14
13
2
860
4
1
529
923
10
3
1
1
1
104
1
780
11
863
175
16
316
1
2
8
4
1
113
151
5
3
7
9
386
28
1
104
105
7
2
120
5
333
18
864
6
699
1
1
9
10
2
498
6
66
207
91
924
220
38
49
6
8
132
14
887
184
25
76
1
32
2
2
10
179
2
3
367
1
527
112
1
4
1
9
142
139
130
35
3
48
47
900
9
5
1
26
2
204
3
2
250
7
115
6
65
13
34
16
24
484
42
8
2
181
7
38
129
172
171
126
4
12
14
26
445
5
592
10
14
446
9
294
19
609
483
384
3
4
456
27
16
2
1
16
290
66
38
3
1
4
656
4
75
865
101
18
23
19
586
4
10
5
1
155
32
7
19
18
24
4
20
3
3
19
350
1
7
171
2
3
992
11
19
59
291
23
21
748
27
226
185
1
267
1
1
135
1
54
1
8
7
3
7
482
725
169
4
1
11
15
3
6
170
399
1
2
7
2
2
8
157
53
214
952
81
1
1
114
16
932
9
49
40
2
4
140
1
2
2
1
477
290
3
24
38
215
263
461
1
586
269
364
249
40
9
91
103
6
248
90
15
237
550
1
45
1
23
2
4
34
3
30
21
310
52
38
818
5
214
21
1
8
5
8
1
986
1
186
9
2
2
124
41
9
1
2
1
1
1
53
7
129
60
1
665
12
937
2
34
4
1
73
4
417
49
73
5
1
47
1
417
30
39
9
376
723
121
580
430
41
12
1
2
258
14
10
3
39
7
139
17
388
12
1
435
51
1
1
48
101
15
3
77
216
24
17
1
9
13
38
625
24
34
10
58
46
65
3
65
25
29
31
1
1
172
369
864
308
1
11
891
245
13
20
219
4
6
1
4
59
2
8
140
1
1
2
367
21
760
62
201
352
5
237
131
15
48
9
1
24
8
101
2
190
490
212
2
37
443
1
779
1
12
1
183
738
287
160
7
188
1
23
3
87
1
1
793
198
1
3
199
648
6
1
29
1
90
10
159
524
18
27
108
236
15
1
565
3
863
1
276
43
109
514
115
1
8
729
1
5
77
3
4
743
64
16
18
4
367
37
143
118
72
10
10
526
28
140
10
6
536
37
9
1
1
180
15
130
4
56
202
44
155
5
2
9
1
57
14
87
7
4
3
44
44
123
39
43
29
1
3
75
202
12
3
10
124
19
2
6
302
45
1
3
7
298
141
253
3
1
6
583
100
4
19
55
488
51
14
6
953
2
1
201
92
1
36
206
2
1
895
2
12
72
70
4
420
4
75
193
48
40
563
8
11
45
1
55
3
32
2
12
24
52
509
1
806
6
4
15
143
88
1
10
6
25
2
499
533
23
87
1
70
20
316
8
1
20
1
59
246
192
1
57
2
39
1
3
1
28
88
1
432
2
194
6
88
778
199
180
3
5
42
174
8
377
1
30
12
92
7
4
870
49
932
19
513
7
2
4
1
10
317
253
4
2
26
12
1
6
22
12
76
4
162
346
451
158
17
32
14
421
92
2
277
9
44
10
193
820
1
482
123
5
14
917
9
55
1
142
8
1
1
163
65
953
84
322
302
1
1
7
77
4
109
47
78
53
45
2
10
1
42
81
48
53
5
22
46
28
106
7
11
9
53
530
14
6
111
635
3
574
383
61
109
1
109
4
3
4
10
515
30
388
20
15
21
1
2
84
8
1
20
4
191
139
259
1
80
538
3
520
1
48
1
68
3
848
420
58
108
33
4
1
103
7
110
4
1
1
57
5
109
34
11
29
12
57
555
5
960
72
4
110
144
896
43
628
2
4
8
603
3
20
25
1
97
1
2
10
9
88
365
131
10
75
43
93
33
3
1
479
149
442
89
71
1
5
233
108
6
846
42
1
3
313
1
365
1
3
368
1
40
5
778
3
44
357
6
14
41
2
5
84
634
151
42
14
364
4
4
74
123
10
1
4
215
7
28
19
3
1
1
5
1
83
5
1
2
9
16
139
464
808
53
267
131
6
46
27
1
211
6
109
4
10
692
1
9
869
1
6
3
1
57
154
72
2
20
46
20
14
25
12
2
37
2
16
2
3
1
735
32
3
110
3
555
62
1
1
15
460
137
13
321
239
3
2
1
4
308
172
2
1
41
12
4
476
99
756
72
424
3
1
493
35
1
736
25
26
1
9
1
59
1
343
50
1
41
2
303
2
8
55
449
337
2
282
1
322
367
11
235
130
373
39
6
15
1
267
428
49
1
1
7
177
218
1
1
120
507
12
1
553
4
72
2
7
49
240
3
16
5
3
1
183
9
543
1
734
1
705
571
59
76
9
44
4
5
9
2
32
50
76
472
1
223
121
21
927
2
1
70
200
24
6
145
2
12
40
35
49
6
206
91
2
8
30
11
5
11
77
15
2
1
289
284
2
2
1
674
3
5
37
19
29
19
2
245
88
2
8
137
25
2
267
642
6
63
307
80
222
5
106
3
2
74
2
18
642
229
91
1
27
38
85
129
1
4
69
126
1
56
2
1
87
137
505
61
56
5
31
784
3
7
38
1
14
5
6
114
13
34
3
38
1
341
889
1
1
218
3
200
13
858
35
2
136
98
214
78
102
1
8
871
10
2
2
11
462
7
463
14
41
42
3
47
357
53
2
234
682
9
125
446
5
6
151
2
90
41
196
5
345
364
143
22
9
1
28
239
53
629
6
36
37
2
1
14
111
18
6
141
1
3
3
1
53
4
35
14
16
905
9
411
28
573
60
13
1
843
205
35
31
8
1
162
53
3
4
11
147
8
41
68
271
807
83
25
6
822
1
2
2
25
965
44
148
677
160
283
5
3
7
29
2
62
8
9
121
1
450
460
12
108
253
58
2
8
96
1
783
89
2
20
30
8
65
2
5
2
116
4
16
1
5
12
104
145
1
149
83
2
148
180
716
7
231
140
42
206
293
2
10
2
645
13
4
26
45
28
246
92
26
592
465
449
571
17
318
153
5
167
51
2
89
1
23
8
4
3
2
5
538
3
21
1
232
85
2
170
6
8
5
743
8
1
504
406
42
31
85
104
1
4
2
2
2
1
99
5
34
2
86
1
244
1
1
28
224
59
1
24
866
55
100
130
6
5
3
1
20
208
682
511
822
2
9
1
7
2
25
29
11
91
7
114
348
5
345
1
2
1
119
3
1
35
321
4
25
2
123
469
11
7
9
94
143
1
222
578
2
2
51
12
858
31
283
63
180
752
13
339
2
208
1
1
2
5
25
470
80
29
34
466
121
4
175
121
64
5
111
6
1
1
3
567
25
994
230
52
1
5
3
1
45
7
23
53
60
1
249
123
364
1
5
54
1
3
225
9
1
103
274
555
11
6
270
2
1
1
4
51
27
513
792
494
92
2
343
1
2
96
965
27
4
1
4
8
5
1
939
4
3
2
169
149
1
13
690
872
196
1
2
633
25
20
1
6
25
529
1
1
12
5
4
9
1
1
268
18
70
18
70
1
1
4
1
10
7
6
41
797
10
68
2
89
95
2
580
1
22
21
440
17
215
4
37
402
1
3
272
14
24
22
136
129
1
890
31
2
1
44
456
1
2
5
29
12
315
73
66
7
14
9
309
7
14
82
3
1
2
1
1
10
25
7
1
69
8
616
6
57
1
289
9
2
117
40
36
1
3
28
2
640
6
18
2
4
3
557
25
4
160
295
1
908
62
12
12
860
1
3
34
216
292
7
639
3
1
71
2
144
34
1
33
10
94
107
48
597
1
1
36
3
3
6
10
208
100
2
18
15
6
74
680
50
681
1
184
12
139
7
825
34
71
1
35
57
378
249
52
1
54
37
8
454
474
679
133
1
102
1
210
2
28
2
24
951
26
25
1
1
2
15
57
133
250
1
173
112
262
57
128
3
1
1
65
19
6
32
523
379
2
2
4
205
147
6
7
2
25
1
1
2
823
12
281
121
1
845
94
111
1
27
8
207
47
1
440
44
57
5
1
4
2
1
34
160
137
1
780
3
2
21
602
315
921
73
221
161
501
33
1
2
44
102
488
1
960
1
15
7
465
2
6
1
298
1
387
5
556
3
17
783
2
669
5
1
33
61
17
16
30
5
12
13
2
2
43
7
884
22
2
488
53
16
1
30
13
223
560
5
1
1
972
374
57
10
5
912
6
33
71
40
872
4
700
61
5
151
158
245
443
75
5
5
6
5
70
13
50
890
2
104
4
1
10
127
359
575
8
4
459
538
27
22
6
8
1
1
1
3
8
45
1
393
39
117
115
643
124
5
7
2
17
284
1
24
216
451
12
24
2
5
4
15
914
235
6
210
597
131
5
15
19
49
79
316
6
315
2
386
26
16
39
1
9
3
2
5
5
4
4
352
207
4
17
4
422
2
1
358
99
1
1
22
5
286
2
347
1
2
269
4
151
97
16
1
14
1
60
225
9
213
1
1
24
16
5
41
61
573
1
8
307
6
6
264
29
283
155
12
2
6
1
13
7
287
23
39
17
10
1
56
5
107
115
2
427
225
1
11
13
1
290
432
978
34
18
135
412
27
1
7
43
20
464
1
407
120
70
19
21
14
6
2
1
5
1
5
1
69
5
491
488
2
204
497
27
3
72
196
27
14
19
154
17
302
104
13
1
21
317
20
1
253
1
9
5
10
7
15
5
2
28
986
76
12
3
7
741
88
39
38
668
233
67
1
1
280
13
8
5
20
2
1
3
309
208
3
1
293
32
2
1
211
6
32
992
824
2
576
15
11
191
1
1
4
471
143
15
1
6
37
98
29
140
34
1
1
1
339
290
1
134
89
20
1
5
11
913
3
156
580
49
37
14
32
119
31
65
3
6
121
9
3
364
992
726
2
181
37
29
217
80
15
21
8
5
5
1
1
764
4
11
52
54
1
660
578
3
679
1
2
1
18
3
361
1
237
126
17
37
2
13
570
590
1
263
14
12
191
2
1
7
10
4
8
1
41
6
3
2
7
8
3
7
11
13
797
73
4
6
1
490
5
45
1
32
78
82
33
11
13
2
1
2
3
30
2
12
19
10
3
1
4
3
12
117
2
11
11
1
3
312
4
48
1
91
70
671
505
4
502
1
13
5
6
187
58
738
124
7
3
11
257
12
376
3
1
18
10
2
639
1
5
3
1
807
5
30
10
233
151
1
442
78
119
8
89
54
402
7
565
881
345
91
1
17
747
158
1
528
19
15
7
14
4
3
3
163
4
8
1
2
380
86
1
43
1
912
1
9
1
17
2
3
84
5
398
610
24
1
16
7
472
1
3
9
328
22
88
4
28
91
373
17
146
229
45
11
2
357
692
92
1
124
63
243
4
49
40
49
236
280
11
5
5
1
1
7
177
7
22
9
2
765
2
253
11
1
2
1
4
49
30
3
167
25
809
9
1
457
4
2
54
61
2
37
860
579
1
322
136
1
67
20
5
58
651
4
333
1
85
159
2
9
2
2
8
331
16
5
101
1
1
9
175
694
8
38
27
3
372
3
1
2
108
135
235
11
1
568
43
5
5
696
4
6
2
23
3
581
57
838
6
13
138
5
609
7
4
19
268
49
16
5
61
71
90
1
1
2
365
8
27
276
3
2
25
93
33
1
1
9
4
1
980
8
14
24
123
141
81
141
42
4
773
2
510
1
35
63
5
11
27
1
15
673
3
25
137
20
972
62
116
1
1
3
5
22
93
1
1
319
295
9
133
351
13
38
1
9
49
3
696
10
3
2
29
33
545
29
5
129
718
875
6
301
7
1
3
92
41
2
3
3
14
1
291
6
11
84
125
2
1
1
507
140
196
475
314
307
1
122
348
984
455
41
445
19
92
432
23
66
1
33
2
59
1
1
3
76
1
172
5
1
2
747
8
449
54
427
213
480
5
21
30
1
293
359
363
10
6
662
193
40
49
5
1
2
88
38
1
12
6
71
8
1
5
474
244
451
2
64
58
41
5
245
197
5
706
925
69
9
63
1
2
2
3
79
53
299
52
5
3
4
30
1
2
8
4
1
114
5
3
381
8
3
225
35
9
1
29
9
7
3
31
126
7
316
172
634
29
1
21
3
197
16
1
7
213
956
332
1
422
43
43
8
28
22
2
142
10
160
349
199
1
5
107
45
9
161
51
605
41
232
2
1
5
1
420
214
397
355
186
28
20
44
159
2
17
2
759
156
10
26
960
17
115
119
36
13
45
4
2
176
995
21
369
100
8
22
3
1
1
2
292
1
3
85
1
320
3
8
63
38
228
3
1
27
1
1
21
301
879
113
7
23
103
20
1
12
5
83
258
24
524
24
7
1
575
55
2
110
9
180
2
11
22
1
2
2
106
29
10
152
30
32
135
422
195
43
878
3
12
2
49
254
691
62
38
633
147
4
10
71
54
61
14
11
229
30
18
6
2
4
146
1
10
81
8
142
4
2
378
166
47
2
4
749
6
66
1
247
1
9
6
9
1
65
1
16
2
54
5
2
233
1
11
8
1
39
5
13
415
178
11
8
207
2
2
3
699
259
65
44
4
5
23
7
15
180
91
78
343
1
5
12
13
338
4
3
12
458
30
580
1
834
1
324
4
1
267
68
6
151
682
410
1
318
33
4
28
1
81
48
25
207
101
57
1
17
1
164
4
166
4
8
62
2
583
4
3
86
60
6
1
252
43
18
1
247
584
944
223
2
2
681
36
7
15
9
21
1
43
2
2
292
102
67
683
1
279
11
3
88
1
91
40
67
365
298
1
6
26
407
295
36
16
28
1
36
63
27
1
10
1
74
781
16
233
1
367
214
384
61
13
1
231
58
46
404
1
2
258
1
1
6
17
56
36
355
740
2
19
169
1
5
121
224
22
4
17
69
575
15
14
8
5
97
4
1
601
233
237
1
6
8
3
284
222
29
59
85
944
16
9
1
96
7
527
7
18
16
180
237
22
24
8
27
32
2
5
377
1
2
1
1
39
35
8
9
5
2
46
19
541
134
1
3
263
135
413
84
133
178
3
9
483
593
15
4
985
112
9
220
446
42
12
23
24
12
1
1
129
38
1
50
4
2
148
1
6
47
43
31
435
405
100
10
20
4
238
932
276
2
6
31
11
5
6
2
3
389
2
318
3
8
4
280
20
698
27
773
7
356
1
3
4
465
10
3
2
92
216
29
522
283
1
51
14
24
14
5
683
8
12
233
6
33
207
9
53
4
1
1
105
197
1
2
2
48
258
3
577
3
25
116
5
1
312
1
346
18
94
4
446
8
510
1
1
205
14
1
63
27
239
1
3
27
58
19
3
1
87
1
2
57
405
5
379
11
20
26
49
18
508
386
369
1
5
51
953
86
1
302
15
7
11
1
348
8
910
3
63
67
12
172
95
1
4
633
291
466
7
346
24
289
1
13
6
398
3
35
2
3
13
245
67
1
133
533
10
44
9
1
921
536
9
8
1
7
507
82
111
11
2
11
8
638
22
1
9
1
360
33
18
30
1
1
3
4
56
14
2
21
18
17
16
5
8
385
2
3
236
5
1
419
63
833
5
39
777
811
36
138
10
36
929
8
1
466
6
629
44
2
152
4
420
13
2
241
1
2
498
254
23
89
408
2
1
12
4
365
58
48
586
7
5
10
68
1
448
4
29
17
35
8
104
8
33
40
8
209
192
2
17
2
155
1
339
1
67
825
314
147
1
215
1
22
74
1
6
19
712
1
2
83
1
241
39
5
21
1
388
1
31
512
434
81
47
228
11
236
1
626
113
742
41
524
1
1
311
261
721
35
28
1
3
360
209
8
474
255
11
6
1
3
52
99
930
206
45
3
6
3
41
343
12
3
50
787
5
145
2
19
54
1
1
3
8
15
1
73
7
1
175
12
24
773
4
17
1
2
2
922
1
844
54
2
1
2
37
10
82
464
157
1
2
4
17
492
19
37
1
415
15
325
2
727
1
72
931
52
366
1
78
13
19
1
60
744
12
5
290
274
1
1
119
35
15
53
6
383
5
1
10
1
259
24
2
93
442
4
402
15
727
620
71
3
53
2
193
670
54
1
18
5
4
1
2
1
3
375
168
22
15
335
233
2
754
963
1
146
8
135
1
219
2
2
3
9
107
13
2
377
29
418
340
68
12
130
1
2
9
21
1
3
19
17
99
1
9
8
416
63
3
3
921
8
710
73
59
353
979
98
1
36
415
12
3
487
517
6
268
454
87
420
1
4
739
27
1
11
65
15
56
1
2
2
1
64
593
24
421
425
482
9
64
851
4
63
67
2
1
306
563
47
361
5
237
45
606
1
2
262
88
20
1
224
51
1
21
207
14
18
52
2
35
30
1
515
449
68
59
75
1
2
133
42
59
629
40
16
25
1
4
47
30
4
25
154
56
425
200
40
802
1
11
4
1
14
4
1
73
116
154
3
61
118
174
1
1
3
45
9
373
2
1
7
53
19
647
4
305
24
63
1
4
20
94
1
248
192
10
556
319
2
34
15
3
7
202
1
4
1
26
3
273
22
849
28
619
1
475
1
314
1
3
94
3
753
4
374
117
1
1
242
1
1
14
291
30
282
35
38
294
58
1
420
48
1
16
8
8
226
2
18
3
158
7
645
65
305
349
13
1
138
2
185
2
52
15
1
79
10
1
2
47
98
6
1
1
3
28
184
67
12
33
15
152
1
170
1
38
139
40
1
95
21
1
20
530
322
2
96
3
35
12
26
17
1
6
41
24
40
301
705
1
287
19
428
207
194
1
22
95
62
540
176
22
31
556
1
1
1
1
2
1
7
16
699
174
6
32
1
1
6
742
70
15
9
922
730
41
19
87
439
2
1
15
232
3
623
424
376
70
6
324
6
58
188
7
4
205
3
3
1
251
30
760
6
220
1
9
1
345
875
345
1
203
10
140
2
951
71
6
10
29
653
17
2
195
442
137
36
1
3
14
4
615
149
3
2
1
136
1
1
504
1
518
15
452
1
21
32
12
12
1
582
9
4
3
2
945
96
677
976
1
11
232
31
15
1
1
5
842
106
251
8
2
654
3
128
14
157
524
385
161
1
3
206
58
429
236
118
1
5
8
555
1
1
7
3
99
34
463
1
409
450
1
7
22
13
4
18
26
13
3
2
1
147
1
5
209
2
17
34
7
37
46
566
1
1
1
256
61
4
1
1
31
142
5
148
241
1
40
26
133
40
6
8
13
477
620
532
3
4
268
18
30
2
77
330
50
153
806
10
3
1
1
301
186
759
583
58
58
4
68
2
1
88
38
2
479
2
101
73
42
292
8
84
1
566
23
7
37
429
104
4
14
467
80
1
15
12
1
531
113
521
1
18
9
20
1
3
251
3
8
18
3
418
33
778
51
16
331
1
70
4
1
1
142
41
2
309
582
61
149
14
476
1
1
565
1
169
1
101
2
9
12
2
1
227
410
1
15
1
238
6
18
200
62
5
3
8
17
537
289
308
3
84
145
22
1
1
56
7
4
6
54
1
48
6
40
29
1
1
1
1
221
12
210
49
16
7
4
72
5
277
460
504
1
684
25
40
332
200
1
4
36
35
71
499
2
9
620
25
572
10
44
264
156
1
64
82
5
20
2
3
453
2
3
5
3
3
372
17
86
5
447
64
2
2
372
32
188
719
11
240
306
3
121
540
33
15
898
36
9
33
29
5
2
748
43
179
29
631
4
822
49
116
899
307
682
26
1
21
2
2
474
11
2
1
689
83
61
145
9
46
33
6
2
2
1
113
516
457
135
5
1
25
2
4
8
25
401
1
1
26
12
4
6
1
430
1
26
45
3
302
261
912
7
3
10
1
172
4
4
9
1
19
223
179
915
23
1
11
113
5
170
132
1
16
7
481
70
564
15
45
1
204
1
425
14
312
4
69
5
236
5
3
1
994
193
26
714
2
14
322
181
944
86
417
33
12
3
59
28
3
100
5
1
17
536
52
18
3
203
101
3
172
27
70
695
1
3
3
11
1
106
2
47
17
241
3
45
13
1
5
7
22
994
1
414
56
350
199
21
360
29
99
52
10
106
5
697
5
49
11
4
2
26
194
11
21
705
157
5
1
8
55
361
1
136
93
1
3
858
5
67
1
1
23
277
1
4
527
3
711
437
15
11
1
78
3
6
2
11
893
340
28
21
815
9
1
9
14
1
1
2
1
407
923
2
12
5
51
288
75
9
1
705
921
1
32
2
6
52
7
150
37
462
44
1
1
27
34
3
56
60
2
972
264
9
1
174
15
63
189
756
2
193
50
47
155
212
3
2
449
1
8
213
3
42
955
10
85
2
1
20
6
8
442
24
121
99
39
1
27
1
666
998
3
4
106
6
3
11
18
153
41
125
4
2
1
295
41
1
407
75
12
113
136
40
404
35
1
125
141
20
24
1
6
452
313
4
622
1
20
1
131
2
130
131
600
4
10
1
8
76
194
548
669
431
40
537
42
1
3
8
48
14
301
970
17
1
1
3
1
61
630
5
1
90
427
354
34
272
8
5
2
34
399
843
121
1
4
281
9
6
10
38
19
97
608
269
7
53
7
92
3
860
26
15
540
45
18
131
160
1
56
618
8
200
404
1
255
426
52
14
177
2
433
711
12
34
3
81
67
76
388
2
67
728
10
1
7
223
9
12
55
961
312
275
44
583
12
513
169
565
33
739
655
68
1
7
254
59
17
243
161
210
739
5
5
272
183
583
223
37
2
1
60
3
30
4
6
3
3
224
5
3
3
1
2
1
55
3
183
2
708
309
74
3
27
1
17
14
28
170
22
72
2
1
3
9
859
15
25
768
113
11
2
7
178
136
20
163
2
16
5
81
5
98
395
279
3
4
516
10
28
61
482
360
13
243
907
135
1
127
31
11
1
8
5
118
155
23
4
1
20
282
153
77
3
315
12
1
3
6
2
28
1
31
2
9
102
199
5
56
444
9
1
1
9
848
4
10
2
2
227
296
24
777
1
1
52
2
4
5
159
144
185
877
1
7
5
3
31
110
7
69
101
155
3
1
6
286
2
11
6
2
95
34
232
93
38
7
1
642
1
1
8
131
423
75
31
3
1
5
73
22
90
1
1
404
9
87
209
1
1
21
231
148
844
2
908
637
3
697
20
20
9
4
43
617
3
39
2
163
479
920
788
6
118
320
13
5
897
4
1
836
179
1
166
504
223
1
643
5
18
505
1
2
6
3
1
12
481
3
14
290
611
389
466
139
4
58
44
3
141
214
7
203
17
43
5
31
1
3
5
24
71
1
182
736
7
36
37
12
348
101
9
216
17
17
17
143
242
193
16
170
3
1
548
8
74
21
7
271
10
6
355
5
1
1
27
4
1
165
16
31
2
31
86
853
2
135
167
990
3
2
4
709
5
3
236
1
325
6
19
1
105
1
2
2
6
3
1
536
5
554
82
43
575
41
76
54
962
2
199
12
1
343
74
13
96
78
1
919
24
484
3
300
25
16
334
213
11
1
3
159
3
316
8
56
394
700
151
11
505
8
252
309
134
315
5
14
9
339
135
1
2
2
35
13
299
1
43
23
160
743
22
1
387
247
3
1
64
89
1
45
2
816
55
2
259
405
6
909
1
1
55
8
4
1
588
2
82
14
1
924
661
9
3
200
1
475
18
5
2
2
488
565
5
503
19
11
53
37
1
1
7
210
82
30
1
495
184
24
598
274
231
1
165
335
9
144
691
2
102
1
603
11
25
40
15
3
19
1
56
112
358
636
1
84
477
112
1
56
596
1
22
61
1
13
1
1
19
3
61
280
2
13
1
45
1
378
141
34
1
2
397
6
1
158
1
3
252
623
1
642
1
477
288
3
183
60
1
8
14
1
2
317
1
31
199
3
5
192
13
15
4
60
988
362
109
1
993
215
10
93
2
63
33
142
14
2
26
120
594
3
448
921
13
131
4
25
812
73
318
261
501
1
16
3
3
6
1
360
309
32
605
143
134
6
4
166
455
19
3
6
4
214
2
1
81
2
225
91
50
570
892
20
2
982
92
13
3
137
1
1
75
13
264
11
44
167
204
30
12
230
8
14
3
297
491
436
1
6
16
591
24
524
76
8
25
5
197
193
2
2
549
3
133
1
1
2
1
511
2
6
7
50
31
701
499
3
356
9
1
557
195
254
5
9
5
19
7
476
311
6
4
28
2
7
319
829
604
8
28
1
891
5
1
310
2
3
1
11
628
10
5
13
8
1
148
52
189
370
245
410
5
11
75
607
1
6
7
46
680
224
727
11
2
128
942
735
320
106
602
593
543
146
2
8
1
402
640
261
25
10
104
3
2
2
159
3
29
310
1
19
454
9
483
150
226
49
27
98
144
12
93
5
3
1
973
4
3
74
23
64
59
1
18
663
41
48
5
153
22
68
252
477
6
3
2
77
2
1
176
95
329
247
17
8
4
3
876
65
90
654
22
45
828
3
54
4
2
19
5
10
26
68
18
11
71
8
6
832
65
40
302
2
1
2
9
1
1
5
10
2
717
19
179
10
821
354
20
53
1
5
266
4
1
695
4
12
51
1
460
3
21
21
855
300
3
100
32
85
10
16
15
232
175
363
255
27
732
592
185
1
2
92
117
53
1
369
22
8
2
1
7
2
7
18
78
6
518
7
4
26
2
87
268
66
92
102
6
19
12
10
27
18
522
3
111
46
1
21
4
10
4
97
217
33
14
1
11
4
561
79
1
823
1
14
88
2
53
541
12
64
5
31
2
30
830
17
3
17
4
1
1
32
2
6
7
9
695
1
250
186
66
75
37
157
1
350
456
89
957
8
189
2
231
61
4
23
39
78
2
275
30
89
206
86
204
471
4
298
9
150
96
2
37
3
28
43
3
1
63
1
29
100
1
2
14
853
376
9
916
51
71
60
588
5
208
1
33
8
5
20
42
96
1
49
17
1
22
13
307
675
4
6
2
1
3
199
189
372
57
8
5
105
4
464
1
521
19
87
531
7
4
3
6
83
740
186
2
8
3
39
1
454
29
94
70
60
28
806
365
12
453
146
21
228
1
28
91
59
1
729
2
4
44
333
3
18
9
637
2
4
28
1
12
3
7
21
44
1
10
6
63
2
5
97
2
126
22
2
9
4
7
19
4
8
2
52
227
382
421
72
448
53
56
27
196
299
2
11
16
31
35
202
249
34
218
2
22
605
31
1
4
147
1
503
20
125
2
6
26
1
355
269
164
468
14
3
21
11
5
79
9
529
689
25
2
1
7
10
30
28
4
8
873
6
6
797
9
7
1
48
4
3
1
31
155
43
189
19
49
23
583
116
671
3
131
15
1
176
18
306
868
64
66
2
26
7
598
12
5
131
17
1
29
11
2
98
605
433
152
467
450
65
295
412
94
26
1
9
6
8
49
45
77
90
7
1
243
37
1
6
1
1
1
826
563
60
61
10
6
207
9
132
62
55
3
256
10
52
276
1
338
63
18
20
922
15
104
43
40
3
108
7
204
25
27
659
149
459
1
493
8
10
94
216
776
137
59
8
159
89
38
268
217
228
786
12
819
32
1
23
38
499
236
487
87
208
1
459
14
12
1
116
29
1
41
124
11
2
1
2
33
530
1
5
3
745
589
208
109
9
134
19
4
240
24
1
654
145
34
52
182
2
2
563
250
276
37
29
28
39
48
17
1
220
9
880
22
31
6
9
43
6
4
7
371
979
442
179
380
142
575
17
920
13
1
13
1
1
1
384
13
1
311
6
9
1
64
1
160
1
4
7
60
103
1
247
12
10
84
10
8
1
12
6
117
913
34
18
8
531
431
11
9
12
69
1
2
3
7
301
21
3
1
76
148
381
2
4
24
6
2
20
3
382
34
89
583
4
1
9
14
85
1
9
32
180
8
1
479
4
1
47
457
354
136
23
59
4
9
301
274
12
17
98
1
15
65
223
399
3
3
1
1
15
1
14
10
1
24
54
3
1
33
344
2
8
53
12
1
71
2
29
12
3
135
2
32
123
178
9
7
13
51
290
41
958
3
60
2
377
2
8
3
3
4
190
90
14
21
43
3
85
325
5
304
1
88
4
41
8
2
4
548
1
67
1
5
7
331
6
1
23
134
18
3
17
4
9
23
4
4
4
300
17
88
27
274
326
1
1
53
559
960
2
522
1
435
3
57
73
4
4
80
1
103
375
25
174
1
51
788
16
37
14
2
10
3
52
51
12
24
10
8
117
63
251
342
27
189
353
902
4
45
12
81
12
1
28
1
13
95
5
15
6
2
379
125
422
208
200
66
5
37
297
212
1
6
1
22
546
1
363
1
280
64
7
1
112
808
307
839
6
403
498
199
11
60
248
2
42
87
385
4
481
545
3
11
348
92
223
33
1
50
27
138
177
22
4
4
7
14
1
6
1
23
993
9
2
77
1
3
1
187
830
38
2
94
28
1
11
14
358
7
1
39
317
737
334
155
825
139
3
61
247
16
446
95
1
22
2
23
7
67
786
648
6
223
36
42
2
14
23
304
629
27
83
7
1
199
65
37
8
6
4
353
50
8
18
79
223
111
29
843
1
31
84
3
136
2
1
49
1
136
543
491
111
1
4
35
794
2
63
1
140
1
203
22
18
1
2
129
3
4
9
3
101
52
62
7
610
64
100
3
970
1
116
124
63
267
244
824
4
57
181
24
3
6
13
2
907
15
1
98
126
26
3
2
74
744
1
4
2
1
68
360
187
2
124
52
1
13
456
904
22
749
373
79
9
295
12
43
77
1
1
44
623
471
1
1
3
204
880
13
14
1
276
4
127
21
7
466
3
12
118
983
695
258
198
1
624
273
1
94
3
47
100
857
7
7
163
1
361
4
3
7
812
101
183
6
1
4
2
6
78
26
645
1
1
3
64
131
2
3
30
46
835
810
748
3
1
2
84
19
1
876
809
1
2
6
99
41
381
7
56
99
8
2
733
186
16
97
3
4
1
104
573
12
1
105
278
53
9
1
1
8
6
1
32
35
134
11
111
162
5
861
10
20
3
12
4
528
1
758
257
50
77
100
5
10
113
1
4
5
6
37
404
23
302
482
506
7
2
143
3
1
574
8
161
33
426
91
2
500
2
318
85
34
655
102
3
185
2
19
36
27
1
4
519
223
56
7
262
1
14
3
261
11
102
469
653
1
116
1
8
9
115
3
341
5
27
363
5
5
77
652
138
962
32
1
476
48
1
1
37
4
26
810
1
587
12
377
825
66
44
1
56
268
14
2
85
4
3
10
3
230
491
1
608
30
17
1
2
430
3
2
14
3
13
348
1
354
1
15
1
1
37
176
69
20
13
156
478
234
3
977
293
1
35
3
261
2
9
653
334
602
71
3
73
10
121
1
2
12
430
220
2
69
1
502
858
1
374
77
204
48
284
2
69
3
8
17
18
80
17
461
32
1
28
2
41
7
635
5
16
2
20
14
449
7
5
23
75
210
631
136
2
1
1
15
8
30
168
27
11
4
1
87
2
500
1
14
5
7
630
537
1
278
140
1
13
8
1
234
125
108
4
187
1
207
1
212
522
436
403
21
7
1
90
4
2
25
787
52
7
539
10
1
10
453
4
4
77
50
9
30
29
57
505
237
276
6
7
52
2
933
586
373
361
346
935
307
940
485
13
3
1
792
16
64
137
69
299
2
21
61
1
67
36
4
10
35
1
137
78
23
841
7
325
18
427
5
1
296
7
6
2
1
2
738
42
29
75
299
16
7
11
1
15
4
29
50
826
813
73
104
74
30
109
62
164
12
322
5
13
217
177
1
12
18
99
59
103
105
845
1
156
395
1
20
73
1
57
377
124
1
1
87
350
2
166
10
118
655
308
87
8
245
545
55
8
10
4
6
34
777
24
1
126
195
39
1
514
1
4
74
51
6
8
2
52
37
555
2
4
195
29
186
344
4
55
139
4
103
77
2
348
33
105
1
6
5
2
56
646
11
352
13
5
553
10
1
14
88
83
439
2
151
251
18
41
69
1
331
643
1
775
2
62
8
14
9
79
13
127
1
8
224
50
1
427
2
4
308
17
575
195
204
1
118
49
1
14
140
6
1
9
5
914
216
10
2
335
13
48
74
1
1
44
1
2
2
11
24
5
19
14
3
328
183
6
34
60
39
2
8
1
45
9
3
1
381
895
671
10
4
9
2
701
459
1
1
39
12
5
237
8
620
3
1
340
16
1
214
60
12
103
4
54
125
25
201
17
1
10
1
3
522
218
11
3
1
449
360
178
1
180
45
5
50
82
113
82
1
748
105
87
166
20
344
14
50
351
300
96
7
17
633
411
1
4
411
9
192
16
11
4
18
126
5
15
5
17
3
28
19
42
21
28
149
2
22
1
1
3
1
57
2
26
14
29
1
133
19
20
5
90
2
14
68
7
12
7
1
482
104
169
120
308
2
3
21
549
2
57
652
82
3
1
525
1
48
14
3
42
12
131
8
1
1
877
187
76
160
52
130
25
27
34
62
114
89
77
26
1
1
9
865
25
198
2
20
186
510
333
18
9
1
124
138
4
676
2
7
69
346
1
19
537
4
667
807
3
26
87
161
617
38
8
206
52
3
162
7
5
75
37
73
611
3
207
893
759
775
153
243
4
476
2
71
26
2
24
690
8
7
152
365
2
550
120
124
76
29
247
2
3
2
4
1
12
101
1
20
1
184
3
2
800
361
2
29
2
1
18
31
8
91
9
2
88
3
23
95
1
8
1
70
151
291
2
295
2
1
100
1
36
17
1
204
1
2
93
2
170
397
1
808
5
1
135
19
14
22
12
149
7
184
192
5
10
251
3
17
491
3
1
32
35
346
2
3
84
11
3
79
521
142
33
61
2
69
5
116
12
753
28
4
247
594
13
716
649
108
2
66
30
20
9
83
6
1
400
23
4
68
74
933
3
10
531
401
3
2
1
7
298
79
102
1
1
25
15
1
2
33
1
34
69
5
971
210
163
81
1
113
62
8
56
1
29
1
1
5
671
840
121
78
179
1
131
3
1
2
10
1
183
17
2
1
74
380
2
1
103
11
2
1
190
7
711
450
105
61
639
4
225
46
1
215
1
264
1
645
1
11
318
9
74
335
523
91
2
3
90
2
5
1
1
7
14
353
13
46
235
657
56
3
2
37
31
507
2
1
920
9
22
478
69
13
1
439
579
795
1
1
2
735
2
1
1
7
14
392
15
986
526
43
18
424
100
39
90
29
4
14
1
677
2
1
367
80
21
1
637
10
4
25
26
36
332
381
71
23
181
500
208
2
2
232
28
5
38
1
327
451
13
2
2
6
1
4
202
79
2
74
258
648
39
54
11
1
5
25
7
190
17
4
650
639
80
12
304
7
618
12
1
4
48
156
98
304
494
412
9
6
129
11
404
2
93
133
1
208
25
28
11
622
380
4
2
380
19
1
87
305
951
2
788
910
429
1
463
270
275
14
144
551
52
1
1
161
1
25
381
39
335
26
280
11
11
1
1
10
32
297
1
38
186
11
31
34
5
55
11
4
204
7
8
90
6
191
18
185
73
188
12
2
1
307
141
51
1
14
859
1
368
663
2
94
48
175
16
26
200
44
96
8
199
12
146
80
91
239
66
4
10
47
5
334
322
25
2
4
498
74
8
12
67
1
111
720
165
7
29
4
402
27
25
6
7
35
5
7
43
366
4
6
103
525
4
7
6
6
517
2
1
2
603
13
113
867
131
73
262
912
120
196
1
50
67
70
2
805
56
764
3
57
1
3
79
1
28
3
50
96
7
344
62
3
10
5
1
1
1
1
53
12
7
6
87
66
4
128
995
265
27
19
2
15
1
698
2
2
501
26
1
56
20
456
53
87
26
12
9
10
16
62
1
85
2
1
2
158
180
81
30
8
3
8
515
841
6
598
11
25
9
1
2
1
5
761
11
38
1
1
7
5
573
1
390
311
847
3
182
168
179
530
3
250
22
149
58
4
40
25
32
7
87
2
127
31
4
1
74
4
8
71
73
95
23
2
49
57
85
8
63
1
28
75
1
1
1
4
648
455
7
42
11
2
6
360
755
2
17
1
91
162
121
214
143
1
965
1
46
13
462
40
3
8
8
12
226
4
1
373
3
135
223
643
3
316
60
1
8
319
183
158
13
1
72
870
30
1
9
1
6
375
6
6
1
790
16
1
887
162
701
33
443
86
403
1
216
85
387
387
25
9
189
2
125
12
662
90
519
7
63
10
5
18
65
1
582
131
18
8
3
12
4
131
64
32
55
183
273
3
39
85
219
226
1
7
102
246
76
192
59
788
7
22
1
10
8
191
18
153
1
955
663
1
85
9
7
756
1
686
21
1
15
1
4
725
173
87
213
374
17
26
51
1
41
19
1
1
558
10
112
1
6
77
5
6
747
3
216
5
12
294
2
29
24
67
97
4
63
19
11
16
2
10
28
462
34
561
13
490
30
9
42
19
7
487
67
30
20
34
1
1
1
13
29
63
153
13
11
51
825
9
258
121
13
83
2
1
91
865
28
252
4
44
9
573
506
2
1
2
2
11
942
1
163
2
12
9
49
551
70
328
1
5
14
18
119
16
160
241
29
90
79
4
1
2
31
20
2
147
9
126
31
13
2
217
3
338
1
577
42
72
20
507
29
103
1
6
209
4
11
4
263
27
19
155
1
2
7
288
768
3
383
4
1
234
408
987
39
3
99
874
7
58
1
6
3
3
838
48
187
1
108
3
23
54
1
85
1
382
3
276
1
6
4
81
1
1
63
28
340
2
32
39
3
2
329
186
1
3
199
6
31
5
49
44
194
2
19
30
2
3
1
12
5
708
34
24
2
378
6
52
67
77
35
138
68
515
276
871
2
18
185
550
259
48
860
1
974
1
99
144
52
37
664
84
901
237
242
26
812
57
24
200
572
655
4
404
10
175
395
12
488
30
97
5
5
2
335
6
689
1
114
13
2
3
16
1
334
1
10
4
4
1
41
1
9
7
4
681
21
798
11
19
9
1
6
10
13
673
5
279
9
70
1
2
21
880
6
165
499
271
332
592
579
2
61
2
269
49
16
14
6
1
171
807
84
31
3
1
1
32
1
16
799
56
1
95
95
6
13
6
44
1
657
3
3
1
22
358
13
10
1
6
12
97
846
2
413
87
3
1
78
286
26
295
83
84
171
11
278
32
17
13
14
935
22
1
744
44
166
3
5
11
545
800
13
1
124
386
1
1
14
59
370
9
8
332
1
244
1
105
135
1
89
1
9
62
189
1
198
2
3
16
1
1
139
1
1
531
65
3
2
63
7
90
1
34
2
256
716
3
109
46
897
1
3
6
13
10
69
2
1
12
23
31
50
334
17
26
1
2
330
6
401
136
593
2
5
1
5
34
54
3
5
711
400
326
299
1
17
1
47
560
1
4
1
268
15
3
8
2
203
7
435
46
1
6
766
115
324
204
844
33
144
70
159
934
1
38
96
63
4
139
114
21
22
9
36
29
535
2
1
87
1
11
149
649
5
58
8
1
13
19
14
343
16
28
29
49
31
100
35
1
17
280
81
8
234
6
17
178
6
15
77
1
739
79
142
844
5
2
113
166
298
47
8
70
28
2
9
1
121
4
24
7
143
45
9
45
2
3
1
2
57
6
517
2
3
9
2
18
3
46
26
150
1
280
713
27
10
63
6
2
295
248
5
16
3
2
18
807
21
127
1
281
2
8
186
811
22
1
36
88
6
34
61
66
2
27
281
16
208
148
1
58
42
606
62
3
8
88
8
54
4
1
18
7
3
2
11
450
208
1
90
2
513
136
812
3
5
82
26
195
12
12
2
189
227
50
15
71
153
257
5
259
1
104
24
1
866
3
927
28
4
19
2
39
150
368
270
2
127
19
543
174
5
319
61
1
25
10
3
105
645
1
34
1
6
14
21
6
1
2
7
267
22
1
4
615
2
6
20
8
29
1
128
2
294
15
1
68
964
5
8
13
11
3
8
226
134
584
253
57
1
4
19
19
1
159
1
4
9
212
4
430
22
24
8
48
391
13
7
47
394
108
18
9
18
449
1
273
2
423
19
1
744
198
310
2
27
2
5
86
39
193
155
4
64
42
52
4
115
2
1
2
2
53
8
4
26
30
5
1
5
42
101
4
5
2
55
726
1
857
4
527
3
4
153
1
614
150
688
35
78
9
1
2
431
1
61
1
3
26
2
60
2
36
5
17
291
165
3
23
2
517
15
17
14
5
7
53
429
901
1
3
1
40
3
15
1
312
2
13
66
26
111
6
454
337
16
6
2
7
10
5
251
266
350
18
8
87
735
35
5
89
1
3
45
46
2
1
1
3
76
64
64
61
13
12
942
16
3
40
69
741
106
54
29
98
1
6
1
73
976
13
263
35
130
20
760
149
140
6
2
74
1
83
11
5
2
7
1
82
1
60
8
78
341
18
503
10
602
108
11
101
398
14
3
1
9
149
1
253
122
34
6
12
1
18
3
9
26
563
24
55
15
2
135
24
1
10
50
311
73
6
95
631
23
4
478
596
255
220
1
1
4
1
1
603
570
2
306
947
34
1
25
2
7
1
224
3
2
79
50
1
39
45
113
26
35
134
2
119
335
72
1
71
8
805
3
50
93
403
27
4
111
24
12
1
2
3
69
553
47
150
36
2
3
3
3
758
128
441
2
198
3
1
14
35
1
4
23
1
882
850
184
1
2
13
383
4
61
77
40
26
7
668
5
679
334
60
3
154
77
13
5
912
799
3
131
35
3
1
1
5
586
93
1
138
4
1
3
84
6
1
147
15
110
526
1
7
180
1
1
34
3
48
711
6
2
1
251
128
5
18
100
888
42
1
2
27
449
9
3
71
1
1
35
16
914
1
38
13
4
1
74
1
60
8
43
1
27
35
3
8
1
5
1
5
12
23
17
34
13
6
15
1
15
228
2
122
14
12
47
5
242
66
104
2
356
74
818
2
1
2
965
14
6
464
16
45
538
604
95
1
674
647
588
1
2
3
29
2
17
319
304
1
167
29
903
1
4
264
64
366
540
5
1
3
575
7
1
36
10
11
1
161
119
20
2
37
2
3
26
14
3
9
938
8
247
3
389
1
39
818
7
15
2
13
124
1
4
6
2
3
23
322
218
35
5
11
14
12
5
1
409
16
129
16
39
169
1
341
1
455
14
1
640
3
196
27
88
4
19
22
3
170
162
1
260
629
1
1
13
43
9
21
220
467
117
173
1
1
9
47
141
3
839
7
1
7
126
13
275
463
212
538
1
8
181
55
23
856
383
235
364
385
39
8
4
5
162
2
8
1
7
436
66
482
17
13
1
40
11
409
2
136
99
90
50
254
3
8
14
146
4
292
4
60
284
1
3
15
17
1
1
405
97
86
14
167
20
131
4
96
5
447
13
1
65
6
192
4
1
65
30
488
2
98
176
1
3
4
88
66
62
5
1
1
2
79
2
45
60
31
2
6
1
68
125
2
399
714
270
506
31
1
5
19
3
34
553
18
12
263
576
4
12
2
5
10
276
5
15
2
217
70
20
261
1
1
1
243
3
16
90
964
878
12
90
1
2
34
6
1
2
1
13
24
1
1
13
10
2
229
998
3
863
10
199
34
21
6
1
24
1
2
98
1
3
176
16
15
1
371
553
25
1
214
127
5
199
705
787
527
36
12
88
398
5
2
1
24
2
33
113
2
1
36
39
3
2
2
130
1
2
75
93
632
37
15
6
13
8
41
2
24
345
116
3
872
3
5
3
127
317
2
27
223
1
2
9
1
19
1
1
82
2
13
106
224
30
49
69
514
284
162
626
20
2
1
4
17
224
18
50
203
365
353
2
1
619
700
752
11
5
3
574
3
1
876
1
12
23
2
21
332
385
2
669
7
692
579
104
722
42
145
61
262
442
82
2
3
43
285
1
8
5
237
99
82
746
72
9
157
3
43
1
30
317
1
11
76
202
5
125
1
178
12
524
35
449
357
101
38
57
1
55
67
34
24
15
4
143
5
32
4
203
69
133
1
5
1
74
109
1
240
2
1
57
2
25
253
1
238
431
14
2
13
2
180
60
25
1
762
2
3
48
83
1
47
131
8
8
52
122
70
124
181
48
3
786
11
4
700
53
52
17
41
203
386
70
1
918
342
1
48
1
18
991
458
843
7
598
156
605
2
14
11
183
22
2
2
3
56
12
35
17
97
44
1
8
1
523
442
117
42
87
1
11
3
121
87
444
14
3
47
35
1
1
25
49
1
76
153
16
381
1
102
1
89
73
942
40
959
194
6
4
305
58
98
314
580
24
148
4
36
4
844
14
1
900
2
3
2
464
2
19
722
144
93
12
9
129
806
357
27
73
6
2
5
527
33
134
5
773
8
330
896
30
2
18
1
384
2
42
1
113
1
160
204
20
962
2
143
41
8
147
47
15
53
23
228
69
100
51
103
2
75
4
713
750
3
25
9
1
92
8
19
5
270
8
11
9
117
6
263
58
184
2
1
28
43
364
1
564
78
1
12
648
6
8
683
38
12
1
58
636
256
4
1
37
5
10
138
529
21
95
68
1
1
4
12
856
47
1
99
429
467
107
1
37
1
2
406
1
6
3
574
869
558
11
613
766
9
12
1
12
89
1
1
430
6
250
2
230
1
510
7
158
547
3
931
1
201
237
184
13
359
123
1
83
1
50
12
6
2
705
1
65
49
421
1
1
2
1
9
1
80
146
766
722
258
6
63
31
533
3
1
992
249
209
83
741
78
240
38
1
23
230
488
155
26
53
18
5
2
112
839
20
463
483
7
26
5
127
23
1
823
260
14
2
1
86
3
4
22
2
1
24
192
1
932
377
2
994
714
8
5
4
64
84
1
502
1
18
106
1
61
136
6
1
410
235
159
511
546
102
1
20
1
20
7
300
256
3
7
187
716
2
41
134
4
19
524
21
53
10
1
2
6
5
2
3
1
3
1
16
129
383
431
1
6
1
261
119
13
108
15
934
192
22
20
11
22
4
2
35
144
122
9
6
28
3
5
1
7
10
914
64
109
4
19
231
1
1
2
15
1
325
2
2
1
527
5
79
46
385
4
1
154
2
203
14
10
98
275
95
877
109
1
10
162
123
10
3
5
1
142
12
915
568
152
169
220
62
5
26
982
4
9
4
24
165
88
112
6
398
2
75
926
11
494
36
2
161
25
628
170
43
38
2
65
87
2
8
554
3
1
121
5
22
138
145
61
1
2
692
9
30
561
7
8
561
16
1
347
4
139
9
21
4
855
1
211
88
30
24
3
4
999
223
1
641
119
42
273
256
137
336
459
1
236
9
5
34
46
11
11
458
6
2
102
215
113
32
3
1
5
9
403
138
332
7
55
875
19
37
11
21
14
108
6
126
247
130
3
7
24
2
1
4
2
24
5
35
1
57
2
27
1
17
18
244
109
215
38
25
708
7
39
36
201
14
377
9
626
13
69
125
144
1
244
204
1
91
832
96
176
4
4
699
155
21
132
1
57
4
2
40
10
291
1
718
48
51
3
3
3
885
49
18
302
14
2
37
9
1
236
82
3
5
127
17
58
2
106
1
1
82
56
9
2
21
893
2
157
2
7
1
61
1
196
7
17
35
7
221
2
15
109
3
3
1
10
36
59
16
126
22
32
7
2
9
87
163
152
5
85
140
3
1
1
979
4
15
209
32
7
124
14
5
125
11
1
1
3
32
9
3
253
16
84
11
14
263
1
31
17
100
154
57
126
99
3
931
3
7
19
3
15
127
271
3
1
1
20
275
1
250
2
77
407
121
94
51
1
927
98
126
884
156
2
1
10
2
1
16
2
40
1
14
4
20
11
769
12
2
3
23
15
12
214
10
8
1
4
19
71
121
22
32
1
5
40
177
97
107
1
187
4
170
832
322
975
6
67
123
3
5
180
21
12
715
665
265
5
255
29
8
11
469
455
929
13
61
1
16
166
38
190
90
2
61
781
28
185
985
1
1
11
486
121
35
6
8
2
45
7
31
30
121
3
11
27
155
34
65
78
474
58
361
3
1
47
2
270
188
1
91
196
13
6
153
9
429
3
14
23
2
2
11
1
5
1
21
1
5
34
3
1
343
1
373
489
102
723
61
6
2
65
5
3
35
4
384
4
3
5
29
2
1
1
2
19
24
93
73
32
6
454
16
20
841
188
1
2
2
124
16
5
768
3
45
11
755
10
188
12
553
110
124
324
7
1
6
3
167
484
306
30
23
91
96
8
376
818
15
16
7
20
57
591
148
389
377
8
2
410
11
650
47
200
6
65
76
384
11
28
1
5
5
13
1
172
163
56
112
1
130
41
5
1
11
31
4
1
1
45
493
11
2
3
154
35
206
17
1
1
450
1
252
1
34
238
14
8
3
1
2
330
7
4
20
12
17
222
1
447
149
501
1
64
56
27
74
640
23
201
268
5
21
7
2
989
178
1
13
92
33
4
8
392
334
4
2
35
165
4
13
1
2
2
1
2
5
29
206
457
83
4
51
18
1
1
65
1
1
10
11
51
1
411
183
174
719
872
6
601
300
812
1
1
983
77
7
3
6
4
37
174
5
2
9
162
12
48
1
2
436
13
1
124
82
15
60
20
351
1
1
10
37
18
1
9
2
142
8
1
169
32
2
1
36
683
991
295
1
158
1
1
386
15
2
268
4
23
246
9
7
109
399
2
357
3
141
743
393
2
12
84
39
158
3
814
11
1
25
4
9
41
4
738
8
151
20
61
33
369
59
98
31
129
24
763
14
450
1
290
184
3
4
851
15
8
694
622
8
30
219
68
6
16
500
7
6
3
255
830
6
280
2
36
4
382
3
138
1
70
4
60
198
2
2
37
1
659
60
54
7
14
1
19
16
5
64
509
61
1
11
1
29
2
22
6
5
218
2
141
177
4
220
46
144
278
6
4
26
9
1
641
1
5
9
5
462
3
65
27
1
20
5
10
284
254
5
47
63
1
336
24
20
148
1
299
3
353
1
2
588
11
2
870
135
1
138
1
143
1
1
8
106
3
37
20
19
20
120
55
4
84
1
140
11
5
1
4
1
137
11
2
159
902
34
728
2
13
13
34
251
2
6
20
2
46
413
276
362
32
439
343
814
47
9
172
353
55
240
112
63
328
4
8
141
767
809
296
23
1
5
475
541
2
387
24
212
1
6
178
148
35
13
8
654
16
11
84
74
1
57
2
5
52
199
160
80
873
7
28
9
1
2
535
5
214
324
5
12
10
44
26
1
143
19
209
3
1
16
1
3
285
577
15
5
65
1
33
495
4
190
836
1
53
33
6
90
9
10
62
7
75
313
36
45
9
2
3
3
135
4
112
1
1
5
251
18
59
2
59
54
168
496
2
21
1
36
3
1
330
6
57
120
390
1
43
163
788
68
566
2
273
2
433
5
10
746
3
1
34
5
1
747
40
85
73
4
1
664
573
1
3
57
2
45
60
2
6
2
7
19
13
49
2
2
6
3
32
29
328
11
957
249
81
2
35
987
88
1
323
3
177
35
2
260
2
10
832
10
13
1
122
299
761
17
7
24
374
25
491
74
772
87
215
2
100
759
54
7
407
145
2
2
98
97
5
15
9
1
721
311
38
2
62
5
2
606
42
4
22
1
17
80
645
3
64
968
5
11
2
9
32
27
81
15
6
141
98
5
75
205
9
86
18
386
19
1
2
8
10
11
17
308
838
20
143
2
33
567
135
2
1
15
22
98
4
1
414
698
137
17
1
2
362
8
560
4
49
53
1
40
36
34
4
46
1
86
15
19
54
112
69
1
1
2
332
2
1
1
598
14
91
1
32
61
449
4
6
10
898
4
1
1
7
1
19
1
1
125
5
340
30
476
156
560
1
27
15
150
48
8
927
15
736
76
846
4
17
4
409
220
2
3
1
1
2
760
51
1
2
9
831
46
547
1
53
1
26
19
85
8
157
2
311
11
173
20
97
576
10
38
7
468
8
7
37
20
419
6
820
218
17
4
205
4
440
522
1
163
1
2
2
2
591
1
32
19
1
213
5
30
16
35
12
2
105
1
87
832
246
43
1
88
385
1
42
1
5
4
72
1
303
12
70
188
5
555
58
7
37
1
242
71
115
87
252
12
44
591
1
2
29
14
919
98
2
42
150
65
82
247
6
4
103
25
71
253
1
7
43
61
100
1
144
18
3
2
1
2
150
110
436
3
1
3
39
143
28
14
2
52
10
1
7
696
798
54
11
4
25
1
919
2
58
8
29
3
94
240
5
8
153
1
1
13
150
38
1
4
89
90
2
1
25
2
13
9
163
1
396
70
552
1
49
66
20
558
66
514
758
845
2
56
46
2
1
67
196
6
163
4
20
57
21
960
2
2
414
1
5
52
55
43
3
13
256
166
28
1
2
1
774
5
14
66
1
377
34
46
1
43
10
708
174
43
38
964
1
1
5
141
162
9
1
74
102
41
30
2
54
2
424
11
805
30
1
340
147
29
733
253
273
7
18
997
5
3
52
2
1
514
1
10
39
2
8
201
44
60
1
18
190
121
34
18
163
1
430
34
11
1
428
90
226
996
183
112
14
7
1
171
99
31
3
14
3
2
66
147
76
7
3
2
658
870
39
58
203
21
262
311
1
57
131
7
6
701
8
562
2
539
138
135
1
1
5
1
4
1
104
43
5
9
223
4
41
2
1
1
172
53
41
6
1
4
11
1
9
236
199
1
128
37
252
1
214
408
112
4
40
616
3
1
1
3
1
220
5
2
69
380
95
3
264
15
91
1
20
1
109
1
353
17
1
551
17
81
164
200
1
16
710
504
1
55
11
524
185
101
7
679
2
1
733
49
579
36
18
109
316
868
46
61
17
18
104
153
26
603
7
3
39
8
2
549
275
5
1
94
1
699
267
6
306
32
167
538
27
23
1
2
32
2
596
2
22
3
177
3
1
1
7
1
1
45
2
72
39
221
18
220
772
40
34
7
523
6
973
62
12
3
6
40
658
343
423
2
15
44
310
6
248
5
8
67
224
43
14
19
16
16
71
46
13
5
406
1
9
733
530
33
10
1
836
1
34
57
50
1
4
375
15
28
10
5
57
1
100
14
10
410
224
11
136
552
300
139
608
978
31
6
13
360
458
48
414
953
31
4
9
5
640
1
19
391
100
11
7
47
1
2
6
1
1
145
141
59
3
1
16
244
678
5
3
18
18
171
630
30
2
6
9
6
649
216
7
18
4
70
2
1
1
9
1
68
1
6
605
57
27
12
7
713
14
2
1
60
17
4
2
210
2
4
58
50
2
10
93
1
2
10
4
7
558
728
87
3
1
102
70
3
244
1
254
1
3
983
4
23
5
4
3
28
11
17
27
128
72
24
1
7
1
398
5
4
3
1
1
133
13
686
2
1
229
750
2
18
105
8
3
199
51
3
6
3
617
1
3
10
93
234
440
77
22
1
3
5
5
7
12
362
3
1
383
347
1
107
176
524
4
343
560
164
46
3
496
27
20
3
92
13
3
69
20
1
19
1
27
495
1
94
8
140
44
10
77
56
5
475
57
396
47
303
286
8
67
737
58
73
2
2
239
7
1
90
207
13
280
28
3
131
1
14
1
5
39
34
14
1
5
208
12
23
1
117
393
639
1
107
260
425
263
18
1
153
126
13
3
190
947
306
41
2
54
160
8
6
1
4
4
1
213
9
7
266
2
1
208
10
537
111
9
82
15
166
4
774
62
2
1
321
638
2
840
7
111
3
13
1
70
211
502
38
143
532
1
13
379
2
11
504
1
298
1
8
2
3
1
3
13
5
443
264
37
172
34
160
415
3
1
15
2
667
1
2
7
573
245
1
67
108
7
466
473
2
15
68
6
3
97
3
66
49
1
9
23
15
302
4
24
4
16
1
313
14
12
19
5
12
2
10
1
31
16
5
559
4
4
3
79
5
53
62
8
1
6
1
1
302
239
1
265
8
1
330
17
48
285
10
32
5
1
57
586
45
851
895
14
29
5
281
311
10
253
87
318
5
114
13
4
399
374
7
5
2
253
3
283
40
3
18
603
44
54
79
3
1
4
9
23
65
7
1
887
4
1
310
2
2
459
15
1
2
1
659
2
15
1
164
534
93
22
1
282
20
294
2
203
36
135
236
2
325
579
41
1
613
916
823
1
2
713
1
8
365
2
46
766
189
70
29
3
2
1
566
2
13
41
29
142
1
52
3
64
159
14
1
414
3
3
89
482
1
2
69
130
6
1
4
3
74
59
6
2
24
17
17
398
4
62
2
63
67
1000
357
129
306
7
1
25
6
32
1
47
361
3
3
12
10
93
3
19
1
200
267
341
1
2
1
2
1
625
60
4
80
18
1
4
3
752
5
4
2
30
1
16
3
1
6
165
826
62
284
83
797
36
389
2
12
2
3
323
2
506
700
64
106
14
1
34
190
17
11
98
69
294
1
705
3
167
18
14
15
6
37
28
225
1
587
287
252
980
3
1
121
1
43
3
2
7
20
1
274
2
10
11
2
1
20
1
46
739
189
27
211
2
1
7
2
28
5
166
421
10
247
13
219
160
2
32
156
1
157
4
1
261
5
107
609
212
1
470
11
2
609
33
49
27
6
4
50
1
87
24
10
55
2
70
4
8
230
169
1
11
4
89
17
139
24
232
103
663
339
11
1
13
684
607
6
10
1
147
327
1
959
93
4
16
432
288
11
639
404
36
2
1
94
790
8
11
4
11
4
4
1
88
19
640
33
359
750
90
197
73
22
1
4
371
54
1
3
128
400
1
6
1
73
42
90
8
39
914
3
1
179
154
120
488
53
43
27
231
439
53
232
1
425
2
120
18
515
65
7
4
1
39
456
14
1
5
1
208
364
32
1
78
215
34
1
20
7
1
114
2
1
1
6
1
9
48
129
32
13
440
51
1
1
2
21
119
5
8
5
1
252
3
6
35
1
95
101
137
15
831
8
437
115
30
1
1
16
21
6
419
2
2
4
21
100
256
24
2
50
446
552
26
245
6
171
647
255
89
5
93
265
239
1
728
4
147
6
32
31
19
988
9
101
30
1
19
21
4
16
1
86
2
55
2
31
11
103
227
71
101
54
896
54
98
4
9
119
5
8
42
1
26
54
1
19
35
102
15
135
4
12
7
1
80
1
87
2
296
1
359
973
1
528
38
3
77
206
2
2
60
3
1
2
103
341
174
1
182
418
1
428
11
467
580
169
8
20
12
105
155
337
4
26
18
11
20
17
480
110
325
23
3
38
6
40
3
3
8
22
20
5
9
409
155
18
19
8
12
2
4
1
185
14
48
587
4
21
1
76
1
5
153
272
3
97
33
36
30
2
474
43
263
3
3
1
98
788
683
150
2
1
46
8
10
2
15
54
129
134
30
6
46
290
172
507
1
12
409
37
168
1
36
30
5
3
1
10
35
64
1
23
1
35
2
5
1
808
103
311
3
6
61
53
8
381
196
1
1
36
4
32
57
90
1
11
7
231
48
10
648
394
15
565
1
2
427
33
25
3
1
2
73
70
18
182
7
3
15
81
132
163
24
238
45
1
454
19
2
1
7
1
628
322
13
1
16
33
7
360
832
2
1
5
13
10
231
42
44
1
9
55
195
594
7
1
131
110
1
2
25
157
42
9
50
16
6
1
2
10
2
1
27
1
32
2
531
2
29
767
13
3
100
4
21
59
27
100
407
2
155
35
1
180
24
79
3
4
6
186
178
2
163
3
6
22
9
7
479
6
159
1
273
24
155
125
1
6
19
72
5
109
2
1
64
623
5
85
33
5
2
3
4
175
1
6
3
386
8
334
16
1
5
21
24
100
484
32
54
31
596
13
30
204
11
908
45
7
149
1
489
10
148
37
793
21
249
2
905
15
1
1
48
167
27
269
31
211
1
223
5
1
161
519
3
5
42
72
28
43
1
82
3
102
11
3
2
326
9
1
404
228
549
148
159
3
1
6
22
5
3
1
466
5
5
229
427
50
54
4
20
72
4
13
2
14
38
1
44
2
1
474
1
7
13
247
18
5
2
25
2
43
14
500
26
6
142
7
9
3
52
26
45
448
56
313
788
23
1
64
146
80
107
13
44
11
711
872
3
143
37
2
207
2
1
6
28
14
2
4
1
1
132
3
5
87
5
31
45
3
2
46
3
68
61
315
110
96
1
105
1
301
700
6
5
4
76
275
44
71
475
11
1
25
301
132
1
1
11
3
136
379
34
4
19
14
2
585
2
5
2
3
139
4
4
635
91
1
1
92
61
1
4
1
6
11
5
12
5
2
2
219
1
1
559
46
278
130
6
10
53
46
531
7
213
17
45
235
71
6
1
3
7
118
14
396
57
51
7
1
2
1
15
2
140
2
39
1
26
1
1
1
105
224
68
78
2
7
14
1
20
80
930
597
4
8
160
24
74
4
198
195
85
225
578
9
490
38
144
112
695
4
6
12
6
89
6
20
626
5
4
10
2
460
53
210
251
7
1
598
56
8
111
2
58
3
32
229
625
6
7
164
22
21
88
1
2
125
5
323
27
20
367
1
2
71
26
74
296
1
516
2
18
2
1
54
6
55
1
106
1
8
165
1
21
1
277
68
1
61
244
3
14
938
362
45
74
884
1
70
24
92
49
7
1
1
2
5
963
151
1
8
9
73
17
185
56
23
402
957
24
34
2
1
1
4
2
1
757
1
92
3
13
1
91
33
215
1
288
3
162
72
22
1
1
1
8
151
7
171
26
1
263
693
562
59
21
1
1
10
12
35
23
943
71
1
998
1
757
14
8
78
5
11
6
20
59
14
4
22
30
5
1
214
814
29
1
125
1
1
416
22
3
17
9
4
4
309
1
23
3
2
5
1
4
7
13
10
308
5
1
14
2
12
455
4
17
78
7
86
2
24
102
44
43
2
785
65
8
5
9
1
12
7
115
30
268
247
295
4
1
3
25
1
134
171
5
1
1
1
16
18
30
11
83
22
17
2
1
498
2
1
1
92
17
157
29
26
244
34
16
1
64
49
1
4
2
166
5
28
16
194
1
55
184
1
91
364
4
393
515
279
1
172
3
48
3
759
9
6
539
17
894
181
634
163
3
364
17
13
4
6
116
13
1
727
374
28
4
49
613
30
463
26
98
182
1
26
19
32
73
530
471
1
374
2
526
50
624
40
6
1
21
39
1
8
3
14
129
65
13
8
8
2
3
2
520
155
480
56
5
778
2
835
34
24
27
1
286
915
30
1
437
65
47
102
3
1
1
927
869
2
20
25
1
7
82
468
3
283
129
53
46
127
390
1
107
2
13
399
6
248
25
41
60
2
637
15
2
30
13
2
4
695
7
34
792
12
15
4
5
1
675
56
273
8
332
5
8
18
3
92
2
19
21
194
1
86
127
223
2
283
1
1
42
232
28
3
1
125
67
706
1
9
49
44
1
30
1
109
767
346
242
5
18
411
1
84
702
1
25
292
5
27
169
669
198
19
91
105
912
182
429
11
18
73
271
169
66
299
59
167
5
8
171
1
4
11
67
1
3
117
317
409
1
1
1
12
10
35
174
22
14
41
402
131
1
1
1
13
261
17
12
708
2
19
200
44
18
1
11
6
1
364
337
24
11
156
1
20
1
1
15
167
73
26
1
7
450
268
5
210
53
2
47
342
1
1
40
4
12
22
694
73
1
33
40
212
102
12
1
149
1
1
278
63
668
119
39
768
879
130
287
11
155
501
291
4
3
2
40
63
875
1
1
28
4
525
15
4
1
29
18
35
94
1
66
507
23
62
1
2
1
55
1
372
309
346
19
150
1
731
952
536
24
1
11
536
12
99
403
2
295
199
3
198
32
224
708
14
9
6
266
1
231
16
46
5
1
4
1
5
844
11
80
829
2
187
529
14
922
6
72
2
338
16
3
32
335
19
3
142
848
23
2
253
12
1
6
13
2
58
140
693
971
242
7
6
1
1
28
6
20
3
3
2
24
3
53
233
38
4
68
55
2
229
202
450
107
3
28
90
1
8
115
539
95
3
513
7
8
3
4
6
2
3
343
69
13
4
572
254
969
24
10
292
215
5
4
22
22
2
81
2
80
80
1
11
88
43
213
7
119
3
145
33
14
658
186
1
49
96
1
1
306
592
415
13
2
147
267
4
689
667
248
1
10
15
1
234
4
266
69
2
408
2
10
50
145
25
192
31
54
1
1
3
770
3
1
2
34
1
1
664
68
28
768
13
19
98
7
291
9
27
40
16
20
5
973
1
2
1
17
225
195
41
7
17
175
80
636
112
39
1
2
601
34
54
1
1
22
79
1
571
59
38
1
1
25
876
23
2
210
1
662
3
14
6
157
2
26
33
89
186
1
7
14
7
843
4
1
877
17
1
3
276
101
1
4
2
430
2
231
2
3
196
121
46
2
12
303
263
98
549
2
282
559
28
497
6
4
276
80
74
2
2
63
1
28
230
208
2
412
394
2
72
392
4
449
1
1
471
6
1
97
271
1
126
2
87
7
4
1
17
12
1
2
3
2
1
2
186
18
551
194
30
522
8
415
59
92
58
22
145
2
103
37
2
1
12
307
993
657
97
63
2
468
32
2
4
20
9
3
60
1
7
4
505
96
7
969
1
4
117
231
229
10
502
1
17
61
236
609
18
41
362
6
2
15
1
102
244
526
36
461
2
62
4
6
56
98
1
303
12
51
1
4
6
1
81
872
162
93
315
202
122
495
135
60
2
93
3
23
644
1
3
510
943
67
185
108
19
1
4
1
3
1
5
3
8
994
2
1
36
103
6
576
236
6
2
551
1
34
817
126
899
33
703
17
37
4
1
31
18
60
50
8
1
20
9
4
264
348
6
21
542
3
34
220
3
3
24
13
2
792
1
245
66
440
2
480
422
1
2
1
703
45
646
5
2
169
5
572
1
1
277
116
2
2
1
10
12
1
16
24
242
107
88
93
182
2
897
4
99
563
10
5
40
5
4
443
3
806
1
979
3
1
1
16
286
3
26
17
301
1
124
227
499
12
358
154
5
89
15
39
15
821
808
23
6
137
29
196
3
31
756
1
1
312
1
6
42
32
67
60
81
13
2
1
203
163
510
90
1
233
44
332
9
422
8
30
27
40
21
222
5
3
1
7
48
47
43
468
1000
800
438
218
712
1
11
18
1
1
780
587
65
1
1
9
379
713
76
540
196
178
2
21
338
31
83
88
2
8
47
26
38
66
12
500
119
3
5
5
165
675
842
53
11
21
119
28
30
1
21
3
2
12
3
35
15
13
2
50
203
101
97
684
13
18
27
10
649
97
14
45
4
57
247
674
16
761
49
279
6
9
1
30
1
43
1
1
3
2
1
1
28
308
13
345
6
1
438
73
4
435
8
147
1
340
1
95
74
4
5
14
11
194
4
121
5
3
34
10
2
67
12
1
129
2
13
4
1
815
9
37
538
3
764
3
456
19
490
370
134
479
265
151
7
149
20
2
14
226
8
978
2
5
23
601
687
952
3
5
1
1
8
756
61
1
1
7
1
1
1
19
437
8
10
21
1
36
67
620
750
751
1
872
133
2
26
5
29
19
1
16
1
2
96
23
30
5
1
4
21
37
4
503
614
22
3
22
1
515
1
922
639
365
498
3
116
1
122
2
9
28
84
51
589
25
13
194
4
507
335
1
3
660
29
520
1
55
12
17
517
244
12
101
172
221
30
23
9
170
40
4
259
1
529
132
29
58
14
718
14
1
30
7
15
414
136
7
2
513
8
5
84
3
395
12
50
3
1
5
77
14
11
2
37
605
269
127
632
166
2
435
1
6
621
5
3
9
6
83
2
36
434
775
199
1
908
1
6
35
11
16
103
1
25
59
21
28
117
19
1
313
679
81
752
6
20
276
2
1
61
4
34
1
1
20
622
148
136
139
2
852
768
43
30
13
6
6
1
733
12
946
42
2
41
29
54
220
251
131
3
10
1
3
496
3
440
3
5
9
1
720
360
349
2
2
60
1
83
8
3
49
322
453
1
3
2
34
77
401
3
6
36
630
2
36
2
1
3
445
61
7
681
2
11
610
1
4
9
14
442
85
793
693
1
2
1
188
225
1
9
582
390
1
12
2
3
66
1
9
209
231
6
22
16
152
7
174
1
265
93
1
18
3
4
493
125
1
113
248
196
2
168
98
43
11
11
65
567
1
26
2
50
14
1
697
2
220
137
62
188
1
716
1
209
407
2
1
52
2
3
8
187
96
64
99
246
371
1
28
1
2
98
4
130
447
1
175
172
1
28
21
422
6
114
37
26
25
159
902
658
73
1
874
895
54
1
41
1
4
11
191
11
1
13
4
67
577
9
4
52
355
2
67
1
5
138
6
3
2
19
577
1
3
32
1
538
1
755
6
153
176
925
1
155
926
2
64
46
597
9
306
135
9
139
4
75
1
13
56
9
777
43
12
12
542
55
1
28
257
681
3
1
285
30
97
1
2
1
29
13
73
12
69
3
187
3
32
1
1
3
177
5
12
21
5
4
117
3
12
119
446
427
128
4
128
4
3
63
659
443
346
245
102
1
4
26
2
2
520
2
103
240
17
1
9
2
2
340
150
2
21
22
1
2
58
1
147
51
3
404
217
1
225
113
5
12
17
13
194
4
108
49
2
17
1
12
1
872
11
23
80
365
114
603
6
234
2
5
93
104
24
1
6
3
84
757
20
67
9
57
4
9
29
59
840
1
178
1
1
59
9
218
1
168
1
126
17
123
1
1
76
2
275
9
136
142
5
1
54
1
1
6
2
1
90
783
29
36
20
16
19
22
2
20
1
33
1
415
51
67
149
222
27
52
2
4
163
80
1
1
33
17
2
68
123
7
121
2
3
1
639
38
7
31
19
1
62
197
157
16
1
538
648
623
1
48
72
2
276
4
213
2
23
538
16
7
17
1
349
116
821
7
222
43
2
403
217
6
405
607
14
205
1
3
2
667
65
207
1
843
1
6
163
286
11
421
3
1
470
89
18
122
10
5
338
20
6
831
106
4
167
45
625
12
27
42
49
43
42
1
17
242
6
3
10
239
75
607
4
10
128
15
9
19
2
98
1
1
11
225
107
178
1
5
527
1
791
67
1
6
161
503
910
1
25
1
173
5
1
1
19
427
205
183
12
62
3
281
765
1
3
13
65
2
3
573
34
5
2
47
102
24
666
1
2
28
206
7
110
759
7
16
1
243
91
2
58
317
223
2
9
95
918
27
611
2
73
1
1
1
175
316
561
516
2
15
38
101
886
1
1
2
145
643
1
97
3
1
22
25
3
667
35
7
167
3
341
5
4
7
20
14
154
4
3
5
345
39
55
311
24
10
665
1
151
141
706
57
24
24
722
232
55
649
177
1
564
1
2
10
66
7
559
142
1
9
78
14
306
5
15
40
155
749
36
6
2
34
4
381
776
16
242
266
35
25
46
2
25
9
3
1
354
898
326
14
19
19
1
299
2
61
6
103
14
39
30
8
71
475
1
19
10
63
342
9
12
2
295
56
85
8
20
347
47
4
1
907
545
49
3
20
30
476
350
742
37
6
1
1
2
18
1
20
736
3
21
291
513
14
15
118
1
1
79
81
51
105
397
1
46
1
1
1
1
7
1
1
96
25
29
19
4
20
164
5
297
52
9
6
27
5
100
8
14
29
2
63
572
70
1
5
9
148
55
26
8
133
13
7
92
15
40
15
445
6
4
1
274
109
148
70
3
577
343
1
36
42
232
1
3
161
22
2
2
5
1
2
34
222
47
8
94
29
2
776
545
7
360
76
4
6
26
6
17
16
5
560
389
11
20
88
30
377
221
2
11
2
115
150
3
147
128
18
190
54
4
755
4
66
1
85
28
10
84
645
11
23
2
16
1
57
273
5
26
199
6
77
217
50
464
133
52
176
7
2
837
633
2
822
20
118
1
3
9
245
65
1
105
36
14
1
32
94
1
235
246
1
98
28
93
1
56
3
191
57
241
21
19
174
717
6
78
26
620
680
32
117
164
7
202
3
2
21
1
1
548
2
84
1
316
4
28
31
44
437
123
165
1
1
304
1
2
2
8
153
28
126
5
222
1
3
1
23
2
1
177
183
1
43
1
1
11
9
14
13
986
38
174
5
6
1
431
2
2
18
118
51
8
269
108
7
1
115
101
84
10
165
1
46
1
43
715
140
4
23
5
13
498
1
124
7
27
80
1
1
77
41
5
392
12
1
124
5
8
291
27
809
5
153
42
14
89
1
1
3
1
18
113
1
2
86
2
5
280
2
199
778
2
460
86
15
31
3
5
512
8
29
2
3
8
345
10
13
1
13
73
110
2
4
3
1
50
3
792
15
6
118
426
677
12
73
3
44
1
1
9
263
8
49
3
2
1
1
1
211
1
1
3
20
186
30
131
3
556
626
65
407
410
411
296
1
37
1
16
77
235
178
462
8
150
1
68
456
570
803
9
15
114
1
7
6
1
8
215
30
60
1
1
14
1
392
153
1
634
5
19
27
114
35
14
3
15
130
203
1
24
7
1
13
43
7
37
1
16
967
625
3
7
107
2
4
275
127
261
80
118
47
1
5
1
9
7
219
3
3
359
1
9
1
728
3
505
80
249
87
381
12
59
13
1
28
171
654
5
141
1
75
11
117
77
14
184
757
79
23
1
1
59
3
3
25
15
2
336
189
2
10
17
444
2
1
123
21
6
156
19
1
237
51
11
93
1
1
1
23
2
4
3
644
196
604
376
3
647
26
588
20
15
34
6
413
168
4
42
7
726
286
279
1
43
1
751
13
19
3
492
25
15
82
2
667
9
301
25
326
368
9
363
863
16
105
82
8
12
24
1
40
20
12
1
37
37
225
9
197
4
1
137
3
2
21
978
183
7
68
12
4
916
1
1
6
788
34
7
84
15
1
11
33
210
446
8
8
451
2
115
8
18
418
1
138
721
85
359
15
445
224
37
4
408
5
7
1
2
5
154
1
281
2
8
3
31
457
55
39
127
688
2
13
21
1
520
4
1
788
5
7
76
695
289
2
41
1
2
20
2
3
4
1
62
105
112
66
54
579
50
1
1
7
1
38
6
2
39
5
3
2
327
129
8
379
13
1
13
10
9
25
19
9
13
3
47
6
468
14
15
2
81
3
170
1
930
131
2
5
14
11
161
881
2
162
5
644
1
754
11
16
4
5
2
551
23
1
472
907
95
347
2
352
390
85
348
5
870
115
33
3
144
439
3
48
23
1
1
13
5
687
157
14
821
6
52
311
348
561
6
193
101
1
2
54
85
56
1
100
1
992
1
200
3
1
44
701
20
16
1
143
5
11
37
1
317
27
6
2
270
1
580
7
3
1
327
2
49
1
3
52
156
3
2
15
1
1
4
1
10
2
7
6
3
212
19
179
2
1
2
1
1
14
473
2
644
12
21
12
2
228
175
1
2
64
431
1
257
1
71
46
9
235
1
238
953
245
1
8
359
8
6
94
1
110
58
14
39
6
2
1
9
213
223
930
36
3
1
462
827
57
24
698
11
107
106
207
814
1
18
8
405
113
2
1
2
1
8
2
184
48
6
2
5
2
24
3
24
309
5
2
798
137
1
61
1
3
18
184
2
4
2
52
16
1
344
9
5
521
134
620
246
105
1
844
384
11
15
1
1
119
15
157
10
453
5
27
3
69
130
38
127
150
27
34
39
1
193
9
2
5
4
998
4
304
7
855
3
235
696
41
790
96
41
9
9
5
413
9
51
1
25
4
539
2
16
18
664
53
320
17
370
367
2
113
9
1
2
3
16
174
245
986
7
100
609
300
119
489
503
297
2
587
4
717
63
37
21
15
269
28
17
20
421
69
2
140
1
785
26
1
2
126
1
38
2
2
445
59
96
2
254
143
22
38
86
6
17
1
432
269
222
24
1
3
1
3
15
83
4
627
15
1
4
67
188
54
7
113
1
42
211
178
1
126
402
85
2
840
72
2
340
96
33
8
1
32
373
15
2
6
67
15
758
13
240
44
2
68
2
85
80
8
10
314
5
5
28
6
1
205
47
75
113
47
114
1
50
2
189
5
3
10
7
1
411
37
2
1
76
133
21
5
20
90
1
458
35
187
20
468
2
548
583
1
315
784
778
124
3
387
6
47
3
632
29
3
34
55
4
3
103
12
210
1
177
831
890
345
709
349
3
337
11
119
827
342
2
208
284
397
89
27
99
595
72
44
174
166
15
4
746
1
9
71
2
2
5
602
11
3
3
1
287
46
6
680
81
23
5
149
4
601
1
5
5
24
692
65
700
56
354
2
597
1
201
596
241
141
219
1
6
5
23
822
2
2
129
2
177
4
12
14
124
34
246
28
5
33
20
453
328
4
605
373
31
32
291
217
41
1
6
647
5
204
1
60
453
1
89
98
7
76
2
55
1
90
456
5
994
58
1
103
18
357
36
2
23
77
778
3
197
121
396
77
68
1
11
2
34
3
1
337
1
19
831
7
323
1
165
3
64
22
247
316
2
778
348
87
61
32
3
5
2
10
64
2
83
808
1
8
1
318
205
3
1
7
111
113
3
5
4
853
3
2
12
12
4
843
244
12
286
355
407
23
824
849
177
6
15
23
1
3
22
13
9
681
184
1
233
9
2
1
6
6
35
37
698
287
1
3
1
1
3
27
1
13
439
1
266
759
33
59
62
26
30
31
202
12
8
3
194
34
524
1
310
30
726
24
1
2
145
30
1
19
6
822
11
6
9
9
19
4
307
6
1
108
1
11
140
84
56
17
8
8
510
3
5
65
5
4
978
46
36
498
4
75
90
201
822
635
1
27
12
2
520
78
4
99
804
49
1
805
1
94
124
96
315
13
3
5
202
21
38
21
150
4
4
391
51
302
6
121
2
18
4
16
11
692
9
1
510
68
678
3
18
1
11
2
534
8
2
543
24
7
194
1
1
2
19
832
50
10
1
94
2
77
221
90
13
26
6
4
2
20
2
5
1
144
390
1
1
441
488
20
9
543
267
1
1
250
9
15
24
141
380
82
43
4
1
226
55
191
94
156
11
9
711
3
1
772
65
666
138
40
571
9
151
26
1
1
6
62
30
1
5
193
312
1
188
6
1
309
840
13
8
42
378
195
178
5
85
222
81
189
13
5
443
171
14
1
215
30
126
3
2
29
4
57
4
2
1
1
80
357
101
3
115
28
95
636
2
1
79
7
3
5
13
10
829
260
1
1
5
24
1
1
1
553
232
61
3
835
2
1
16
786
5
23
578
5
6
9
69
996
11
57
9
41
1
111
52
1
1
2
12
22
52
583
1
1
26
3
4
52
27
22
15
1
46
403
4
55
796
376
9
45
54
3
29
5
23
4
111
398
61
248
28
1
272
8
145
41
1
6
82
10
173
408
1
13
1
581
808
23
14
432
20
78
536
7
2
13
105
8
11
694
408
21
3
248
18
20
2
19
663
72
4
410
19
39
13
107
309
36
46
13
1
44
34
1
13
98
8
878
8
96
402
11
242
12
7
151
4
154
394
354
17
135
13
257
1
128
6
19
59
16
43
53
337
4
3
4
1
187
8
24
1
17
4
29
7
1
101
1
37
12
7
9
1
1
952
6
249
55
84
129
6
14
33
51
45
2
22
43
1
3
7
7
10
9
3
6
193
3
20
11
1
682
2
419
926
179
5
152
150
3
134
92
911
9
6
1
67
1
1
827
2
80
3
1
3
853
667
731
614
6
1
2
25
535
5
1
1
750
26
1
954
387
41
4
305
1
366
3
532
2
2
564
1
121
57
8
1
2
1
27
190
1
9
2
12
4
2
24
5
10
18
673
187
19
2
54
36
1
15
1
1
241
48
115
404
274
3
567
208
196
14
1
280
1
612
304
4
1000
39
1
432
135
3
49
3
2
235
198
6
94
1
6
56
654
3
1
24
633
6
1
103
196
73
1
15
189
668
118
440
9
164
1
6
44
13
569
23
566
32
81
997
97
1
257
11
5
657
451
149
9
2
2
717
28
1
458
4
1
419
12
24
2
359
486
28
13
300
20
3
53
83
192
135
10
160
329
22
28
322
86
209
68
156
52
67
184
80
925
942
337
1
32
887
2
8
330
6
11
28
8
5
5
347
1
320
1
35
3
866
5
122
229
1
412
47
1
89
807
298
144
2
247
233
3
101
527
546
8
38
1
5
39
72
2
1
142
2
41
19
3
121
2
24
237
338
57
67
17
13
1
699
17
10
1
46
54
98
11
4
329
3
77
2
179
58
23
8
3
710
8
1
10
993
65
255
316
1
33
224
169
213
6
1
3
3
32
14
3
146
8
18
2
2
320
12
47
18
1
5
25
10
437
250
2
1
612
2
1
332
2
60
43
1
6
1
38
3
3
212
2
445
43
1
533
984
20
119
15
3
40
2
1
27
111
13
50
15
468
439
495
1
98
4
2
2
3
294
107
1
17
5
38
1
14
46
1
247
473
78
654
1
117
6
105
405
65
87
917
6
98
136
3
106
1
698
4
354
7
766
2
21
14
434
36
5
128
952
558
820
28
40
11
52
4
251
465
17
11
83
104
109
14
73
115
6
4
137
75
593
291
1
16
9
23
8
1
337
394
448
339
565
139
14
1
2
394
176
2
320
219
36
400
18
4
58
151
78
1
356
3
48
297
43
165
1
7
873
532
62
36
27
1
17
1
9
10
2
83
431
8
88
22
241
454
303
271
6
69
914
591
796
6
1
1
20
214
15
29
434
18
89
14
52
2
30
7
48
47
1
37
472
8
201
752
1
1
487
5
3
235
580
1
28
261
26
5
179
405
927
131
5
3
5
25
1
1
40
36
377
6
1
201
3
23
4
37
205
5
31
1
1
462
792
893
1
4
22
796
147
13
10
1
3
2
1
644
403
47
31
2
37
169
33
5
3
69
3
323
3
5
32
42
97
14
245
101
2
132
263
21
6
509
741
7
18
1
10
5
236
3
253
218
882
353
1
507
41
42
749
1
46
1
28
85
106
331
640
2
3
4
1
495
1
2
5
1
4
11
600
2
329
4
3
19
60
20
25
1
1
1
218
10
342
399
1
32
842
391
163
436
37
1
3
3
6
69
4
6
2
213
854
28
540
14
23
14
31
934
2
2
128
4
3
66
33
34
810
44
404
738
24
65
27
17
2
3
2
3
12
4
307
955
8
132
1
7
2
1
29
7
2
6
564
29
32
641
4
188
4
104
103
3
44
32
445
104
4
106
259
9
4
99
85
2
720
2
2
31
110
4
359
445
44
26
723
779
35
8
5
6
30
3
53
21
906
10
1
103
3
651
39
4
600
114
28
1
722
2
28
8
628
24
2
3
1
1
194
320
2
1
1
41
26
1
668
8
8
41
395
89
11
990
157
2
909
103
294
11
2
11
1
9
1
23
15
37
108
15
18
716
17
1
28
15
2
1
220
1
43
10
401
3
208
98
23
72
478
1
1
104
104
1
918
1
56
11
2
4
1
16
1
4
7
4
73
4
359
1
387
405
6
10
457
7
4
10
116
30
40
5
853
85
1
738
370
22
2
7
1
197
54
3
1
613
3
152
32
1
4
1
202
197
4
282
78
112
2
1
525
370
252
392
276
373
1
27
5
183
396
2
3
918
1
8
3
10
4
12
1
2
12
3
75
750
21
3
552
1
1
733
20
257
71
3
118
57
3
1
769
318
172
238
3
795
194
427
178
9
4
1
8
19
680
1
3
20
9
1
2
2
1
10
8
745
4
1
4
3
69
131
6
7
13
8
6
2
3
314
589
1
9
592
1
4
978
3
5
437
3
11
1
323
9
1
394
12
2
38
64
252
514
187
1
26
3
269
5
39
58
4
56
2
81
237
10
297
199
33
24
138
1
261
16
25
135
21
149
5
1
549
125
64
916
11
313
7
8
942
660
17
9
79
3
133
426
139
4
1
1
53
293
674
20
35
320
107
34
2
1
664
833
9
1
474
330
9
10
9
3
886
299
3
761
2
75
94
13
1
52
61
7
407
74
83
681
4
1
8
17
293
939
152
107
3
1
192
1
20
1
15
2
293
196
166
29
2
1
1
26
5
136
3
811
8
815
2
95
5
405
285
363
5
5
1
1
36
14
9
10
919
209
15
1
14
630
525
473
232
1
62
94
351
103
7
1
82
722
36
11
48
1
1
88
9
1
1
343
4
41
937
4
915
8
3
4
931
82
35
28
68
1
4
2
1
14
317
344
2
1
997
2
1
1
401
1
1
452
15
521
1
440
150
1
580
13
1
464
3
540
33
2
5
312
1
24
261
10
11
6
1
68
1
6
120
3
3
6
239
18
576
379
290
37
40
233
34
214
391
19
4
10
600
91
446
706
509
111
770
135
6
5
2
4
424
28
1
34
184
62
359
117
1
740
1
54
188
2
2
463
1
2
5
4
219
479
34
8
976
7
160
139
42
5
4
853
4
2
205
437
897
85
1
13
29
688
49
199
91
184
1
540
210
566
3
63
2
394
7
8
38
35
214
9
409
6
12
52
481
4
9
154
3
26
3
58
47
5
198
7
84
64
1
5
112
711
182
905
218
90
101
264
3
1
10
4
56
12
265
521
2
43
4
109
3
6
36
135
79
348
4
61
73
315
1
144
4
349
20
425
10
25
285
371
11
2
123
1
23
2
32
1
4
17
216
129
90
1
609
531
126
326
259
68
1
36
34
888
1
225
20
4
2
2
5
5
17
2
6
3
479
13
50
18
1
21
11
48
141
223
265
8
134
791
117
132
1
4
824
1
395
23
132
95
17
28
12
2
1
5
4
60
336
6
4
3
4
24
3
303
98
39
1
537
42
73
4
3
1
7
1
56
371
1
113
8
1
6
7
570
6
27
17
1
1
4
2
1
393
24
4
443
6
3
63
2
32
13
244
28
782
222
3
2
2
444
134
174
7
9
11
241
19
832
68
360
17
160
2
635
100
2
1
4
128
10
5
1
1
1
11
18
330
50
1
100
5
33
2
218
1
18
910
3
1
5
10
18
773
359
7
43
493
322
40
1
27
1
1
1
1
181
1
289
1
285
586
1
141
803
316
3
5
80
2
6
1
1
101
198
14
291
519
640
9
101
1
1
111
14
7
455
42
1
3
91
8
186
1
3
53
26
1
40
2
4
407
3
9
234
111
1
7
711
185
7
89
1
322
206
26
4
8
2
51
7
879
267
3
3
117
442
21
36
256
5
950
13
520
2
5
3
4
418
959
5
214
607
248
102
579
43
194
29
55
199
1
1
8
152
1
7
270
9
1
5
1
23
558
1
2
1
1
1
51
79
1
8
27
59
352
23
10
464
86
977
5
657
3
18
13
2
30
4
239
9
2
2
6
78
502
66
534
582
8
56
7
8
84
42
566
2
513
6
1
3
1
50
248
1
1
1
3
66
5
148
2
98
503
106
949
48
322
2
20
1
575
208
5
40
13
12
684
998
57
5
2
41
245
27
213
1
27
2
460
2
5
133
676
23
915
344
2
345
8
6
432
458
7
181
4
452
927
5
9
24
2
25
10
310
38
3
406
854
10
5
207
96
20
6
225
3
20
6
6
1
372
51
380
22
1
32
188
184
337
15
452
29
3
37
34
215
36
2
1
380
19
10
402
30
2
224
5
4
695
15
1
6
23
42
2
51
2
20
215
1
1
2
1
47
139
64
633
16
107
4
182
392
2
6
444
1
2
23
1
4
5
1
46
26
10
19
543
5
954
1
74
802
171
140
1
33
2
1
153
28
1
22
537
10
18
610
359
12
2
167
23
7
1
1
4
128
9
110
36
157
83
50
14
550
14
1
6
372
22
5
1
408
905
1
653
17
4
1
47
137
916
1
29
2
349
30
15
1
2
29
3
1
56
70
3
1
1
38
2
22
229
1
45
215
9
1
5
133
74
1
752
1
14
17
533
3
1
4
258
1
229
166
1
17
23
21
1
1
1
1
13
12
43
43
39
27
1
209
59
169
12
2
963
298
4
4
1
6
1
526
2
1
44
498
5
21
21
180
303
1
1
1
3
21
979
185
67
31
23
8
27
100
6
17
38
8
1
4
585
85
3
315
163
17
9
810
327
11
28
1
387
13
3
1
69
4
1
272
40
49
240
7
325
19
193
6
1
58
4
21
270
7
25
7
4
71
42
458
1
1
7
4
66
10
49
11
840
1
66
109
238
9
58
18
26
82
120
857
7
569
26
5
35
13
4
34
30
354
25
13
2
255
6
8
2
1
141
225
10
5
1
10
78
4
1
1
39
1
44
14
34
224
370
2
1
383
476
52
54
194
1
198
531
340
849
3
3
222
6
52
13
39
2
344
303
334
134
1
11
41
5
1
95
81
200
4
10
1
21
18
135
2
1
685
11
86
2
941
19
9
25
1
1
5
22
2
4
191
8
786
15
3
225
2
376
182
58
25
117
32
266
381
116
6
218
54
25
411
137
3
2
24
427
94
902
110
1
2
1
1
1
19
3
1
2
8
6
4
201
218
144
7
5
23
33
795
97
48
14
40
652
20
9
57
533
771
1
546
1
223
1
4
7
2
13
10
1
1
266
1
950
638
80
464
848
5
3
875
63
5
34
17
5
96
1
11
57
5
8
1
2
4
1
16
12
107
12
674
152
43
836
19
4
17
1
68
1
3
212
1
2
8
766
4
5
57
61
1
2
145
36
167
63
534
2
197
11
307
99
18
6
2
38
149
1
4
1
723
73
12
7
6
4
19
16
1
291
41
28
1
1
3
498
1
4
212
1
1
268
27
508
1
1
66
36
854
63
2
22
31
15
145
44
5
4
2
12
3
2
38
80
1
143
191
14
95
1
6
146
5
61
133
30
521
68
2
366
1
12
25
27
20
51
13
3
55
131
35
91
26
31
317
2
15
7
208
3
1
3
406
1
82
178
17
278
53
8
3
5
6
551
5
2
1
1
64
1
3
7
2
4
1
2
4
35
5
144
8
315
1
37
27
100
258
357
6
40
18
22
117
202
92
1
1
170
1
5
2
3
78
1
2
10
2
3
133
2
614
364
578
137
3
4
66
30
8
74
1
78
58
2
1
65
60
31
11
144
31
7
90
51
16
7
110
497
320
313
158
1
17
59
3
2
723
390
1
27
6
160
4
1
3
107
232
1
7
1
214
2
171
50
80
28
1
1
7
74
71
53
1
7
4
322
2
7
869
765
35
1
57
16
124
2
14
1
2
3
7
2
82
35
20
2
277
512
285
426
93
14
7
5
15
3
10
2
93
4
69
440
1
3
200
2
7
1
6
19
3
1
1
1
123
51
150
1
84
1
28
14
30
322
3
11
812
1
7
1
48
2
4
2
1
14
25
21
1
1
2
915
3
2
19
1
74
120
539
6
355
11
65
21
32
7
10
2
16
11
63
856
685
1
1
27
221
119
2
3
10
523
36
3
1
92
318
184
377
4
819
2
417
310
15
12
59
382
1
286
91
29
508
1
2
2
800
71
382
1
55
409
919
254
12
547
7
54
2
475
2
3
6
54
20
19
2
19
1
1
12
3
12
387
7
8
94
43
3
101
5
129
112
2
663
1
2
141
8
53
1
10
413
12
18
236
91
908
33
18
130
28
3
167
12
3
295
6
1
649
2
641
390
452
4
626
20
709
368
73
1
2
106
446
935
8
73
5
27
637
11
9
1
629
4
341
1
182
1
4
1
32
11
1
230
2
478
1
13
151
42
132
25
211
2
1
322
468
1
1
64
86
231
986
270
4
2
5
1
6
185
4
4
4
2
36
663
927
43
5
1
168
6
114
180
482
1
4
454
17
56
1
420
75
121
2
33
191
398
235
2
392
56
2
811
7
10
172
40
2
19
27
16
250
144
2
96
5
1
11
191
3
598
547
249
127
16
1
9
31
2
544
7
1
1
12
494
1
143
7
190
142
6
11
4
1
512
16
1
10
3
83
271
1
7
47
12
26
3
51
41
349
18
5
2
10
642
1
468
31
38
954
3
1
48
1
58
1
8
5
18
22
40
70
751
1
1
5
20
2
134
459
9
6
8
1
7
19
1
5
147
1
971
1
247
6
8
1
188
37
9
2
429
2
1
42
7
5
42
7
377
27
48
5
38
1
24
1
486
27
365
285
94
1
3
1
2
10
113
11
2
4
11
2
1
2
1
1
19
69
193
339
197
1
1
7
575
876
5
1
222
56
2
21
17
146
279
9
16
56
466
130
1
9
31
27
14
210
3
1
14
1
5
15
135
179
1
335
303
235
2
23
18
20
55
14
207
61
169
7
26
94
13
44
238
1
162
236
169
1
6
84
5
3
9
564
1
4
67
457
2
5
28
46
86
2
32
55
741
19
11
51
1
137
2
5
68
110
2
2
15
1
1
154
39
2
2
17
4
3
2
32
19
45
24
8
1
1
7
313
428
991
3
28
452
1
1
720
2
260
4
95
564
9
5
6
19
77
4
452
346
71
317
840
5
898
1
149
69
69
21
2
889
54
9
2
9
12
139
2
629
741
2
59
4
4
28
1
3
865
68
370
480
231
4
69
92
38
1
1
380
205
22
232
166
92
21
343
6
2
287
28
1
18
878
39
139
1
1
89
646
781
1
54
129
2
1
103
3
1
131
15
849
1
36
891
940
664
1
513
29
25
233
196
1
7
772
284
302
89
111
62
7
8
18
43
429
600
35
752
576
12
959
8
1
3
99
258
308
1
1
2
333
29
788
68
214
224
152
2
181
4
1
2
2
103
998
1
71
1
26
59
428
519
21
9
104
46
325
1
46
3
109
2
4
43
1
2
905
698
3
23
5
54
44
288
10
2
2
6
580
1
4
3
1
2
3
22
95
1
46
1
100
711
1
606
36
15
11
295
843
22
11
144
2
1
11
1
1
13
30
3
2
7
123
392
7
1
441
1
2
525
185
4
4
4
2
17
3
6
9
7
388
9
3
1
1
8
64
5
649
182
3
3
1
10
165
9
11
74
14
473
294
921
241
148
12
7
614
10
48
73
1
3
3
2
29
17
645
92
29
209
13
2
210
388
229
170
52
504
3
2
276
175
165
28
18
3
26
47
14
1
2
10
17
8
2
10
1
1
1
46
2
993
157
333
10
170
394
42
3
54
16
137
286
1
9
14
5
22
15
1
1
536
1
497
500
14
16
1
117
1
55
6
615
1
1
22
26
80
24
1
75
20
33
6
13
1
2
2
130
6
13
182
57
135
82
1
53
12
23
2
6
6
9
2
10
138
39
55
8
324
7
4
2
3
502
1
521
17
76
3
2
13
2
61
9
17
443
258
1
75
12
1
14
1
330
2
484
26
514
329
1
1
112
5
2
77
1
85
179
979
840
8
324
59
11
4
23
215
227
54
2
67
882
336
61
18
107
5
8
30
74
32
364
174
1
1
427
4
11
381
238
43
11
29
9
560
361
1
15
48
16
6
592
1
23
1
903
2
43
44
26
36
55
1
28
104
182
75
1
161
103
875
1
258
252
1
2
63
27
301
2
76
384
4
1
74
284
3
20
20
81
35
156
4
1
13
9
55
12
2
7
1
1
5
839
15
126
4
8
190
3
1
3
10
2
409
4
2
1
621
437
122
8
39
462
15
184
968
2
24
1
3
568
295
2
49
55
129
91
171
7
2
163
616
17
188
106
564
27
216
667
2
105
4
56
24
20
3
122
535
1
6
45
562
6
2
41
563
18
2
2
3
22
87
1
681
799
1
218
12
2
227
4
106
11
5
944
442
1
4
15
179
477
1
5
2
22
349
13
2
27
41
19
2
3
673
102
608
1
2
2
3
2
8
28
107
56
29
37
7
1
35
4
6
10
9
60
28
2
1
21
445
4
1
33
5
7
112
1
216
179
3
1
131
4
1
905
64
195
8
710
2
1
252
6
406
1
8
16
9
83
12
391
1
33
13
98
966
1
19
1
7
1
98
6
5
127
13
27
155
761
4
852
256
770
145
3
5
195
68
30
1
246
641
37
59
263
45
44
15
1
153
149
478
4
206
2
20
769
3
59
7
4
799
18
154
3
2
23
307
15
8
59
369
4
5
260
14
149
1
4
1
6
185
119
13
2
302
650
215
181
39
507
200
2
100
126
6
205
101
4
10
1
237
3
67
2
3
47
642
718
29
55
196
216
733
268
13
26
9
289
6
126
2
31
6
3
4
299
3
862
64
664
8
1
542
2
259
1
249
1
605
4
12
2
197
27
1
44
82
383
3
21
592
402
2
384
12
1
214
8
17
1
72
2
11
2
1
12
12
145
30
13
5
160
3
37
87
23
1
12
95
5
95
13
2
1
1
34
173
882
2
167
9
737
245
10
98
195
274
14
61
13
696
392
822
2
187
1
58
960
1
77
4
109
55
2
2
14
386
1
10
708
118
2
694
35
4
1
71
336
2
13
15
2
2
282
4
167
2
226
14
11
17
44
2
12
24
6
2
280
7
119
1
364
147
11
331
127
318
342
4
23
505
455
67
1
1
2
14
69
45
2
2
146
169
803
103
664
580
3
2
999
5
4
311
79
32
28
30
1
423
2
7
63
3
2
471
2
153
76
1
247
20
365
737
4
3
5
12
110
4
5
413
2
15
25
16
1
27
2
853
1
3
1
19
975
6
1
48
425
473
28
785
113
2
155
8
2
3
763
2
1
1
2
10
17
3
639
2
832
5
471
2
218
26
374
277
3
92
1
48
486
44
69
30
3
94
1
2
112
746
237
119
496
8
117
217
624
228
677
7
1
4
547
139
5
875
118
6
35
4
51
5
272
1
38
14
2
19
938
338
58
1
1
11
442
11
3
5
9
127
2
2
944
3
80
511
489
7
3
1
19
28
2
2
1
22
41
2
31
2
286
17
2
3
28
33
267
8
8
812
3
1
189
3
1
2
1
220
62
32
369
6
21
79
139
205
2
174
431
39
959
7
1
4
2
1
629
98
110
3
1
152
25
47
13
21
2
3
4
1
321
10
1
450
134
86
330
2
49
450
100
6
11
3
54
7
3
2
1
490
99
2
11
175
39
186
5
11
76
17
2
29
4
130
92
8
80
49
31
7
9
38
2
73
460
8
950
8
17
2
52
27
66
194
25
251
3
703
20
297
89
82
6
1
128
784
844
88
175
1
45
580
286
1
212
1
11
829
223
13
2
3
5
550
5
200
71
14
1
49
50
107
103
12
1
618
11
3
2
45
118
