1526
1551
120
1816
1065
1677
431
550
1933
2
516
814
258
600
1621
10
7
1054
3
139
104
1005
151
12
94
1533
909
303
733
845
867
309
321
105
59
405
298
2
1023
456
1560
32
6
21
422
64
506
661
1167
1052
270
14
1983
64
930
1647
372
927
174
182
430
532
746
811
1406
1552
37
1091
257
1057
1
79
119
1056
800
1434
47
1355
607
36
615
164
1379
87
650
844
1642
782
14
1622
1496
1899
960
734
687
1021
628
137
372
1703
435
1683
152
490
355
797
284
603
637
737
625
1465
98
1375
1342
121
1674
129
105
1693
2
378
3
1915
205
1080
14
720
1474
1013
64
34
1994
1876
1980
1656
1127
622
357
1362
39
1055
489
378
283
637
14
693
84
134
12
26
223
686
1164
1057
840
1604
1993
213
152
1939
154
1222
1724
253
367
113
538
227
504
300
797
56
94
944
1141
446
121
637
1048
1554
1536
192
1987
1205
960
251
25
496
191
1252
118
1386
1911
650
30
274
45
925
1435
1776
1713
1307
1797
561
568
972
1981
2
463
1208
384
8
85
993
123
718
290
4
27
1091
781
1951
153
226
191
1029
394
17
98
1355
226
9
40
992
15
819
1017
149
443
1094
23
916
964
448
1579
472
10
649
1389
1072
1145
46
58
19
129
468
1773
141
1246
665
450
473
712
205
53
742
691
558
981
221
1309
398
644
1967
684
90
1056
441
179
8
496
531
1435
828
272
906
634
103
15
884
10
1536
14
1176
6
126
351
55
850
1134
135
908
417
973
29
151
1050
132
38
345
1294
26
373
1995
1360
1614
87
430
547
129
1904
325
16
409
959
88
27
8
273
1217
1265
1844
2
1944
1073
1651
1020
944
1364
1869
2
237
785
2
283
1799
78
650
548
1532
57
17
183
72
757
1194
364
196
666
584
1124
122
4
1605
1080
1419
42
177
275
1465
1538
263
1654
124
1875
44
813
1635
808
378
1172
1948
1636
105
805
1230
222
762
620
15
506
20
1963
403
899
1304
17
943
310
1256
906
1316
565
991
344
1562
1242
1264
10
432
312
1820
23
59
481
67
152
471
136
1261
708
1425
1825
12
639
946
124
1380
358
113
1330
1945
112
15
1257
288
585
1320
1769
138
1349
6
440
1913
792
1076
12
585
1812
193
212
162
1505
1841
484
1681
103
1400
4
622
102
1076
10
1262
1829
1751
244
1
1467
1185
294
3
1356
18
1064
1745
10
82
49
201
1639
1387
1246
799
570
580
322
120
45
24
469
2
92
479
325
477
1606
1069
252
4
391
1707
87
232
222
164
866
1872
1634
858
216
1966
23
91
436
1179
660
574
1785
937
22
31
124
1375
595
289
545
27
216
156
1232
342
203
1946
145
65
939
719
211
1283
393
353
381
582
1665
1550
107
52
303
811
1780
1320
106
905
11
8
584
940
362
387
434
1380
104
31
1677
748
845
1147
1308
1366
78
218
261
366
325
182
1548
164
486
967
1108
552
887
10
468
1676
144
1614
100
1323
1931
582
11
306
39
714
478
1196
700
1942
1571
278
485
20
1723
137
434
1434
1
6
469
355
343
164
736
1759
1122
85
50
992
283
100
215
58
1130
40
232
1920
942
152
35
1790
79
2
324
1279
1687
449
329
237
1941
1695
451
67
1150
76
1127
1573
624
39
855
300
2
301
1110
1756
1514
1049
1067
879
670
1606
62
1155
393
1538
1477
718
336
334
769
5
666
1140
1020
180
49
276
1092
377
1515
1590
44
1186
1209
655
4
1027
184
721
1196
1134
1453
1487
1383
239
62
1488
1864
460
239
632
22
135
132
376
272
1601
1442
529
384
3
34
486
70
1665
1073
177
13
332
257
5
25
1186
76
955
93
10
1637
871
1127
1603
81
1043
27
1229
43
837
79
1313
568
1937
77
96
305
8
1962
149
452
1740
199
206
124
1328
137
966
26
896
101
430
910
664
1308
4
315
1303
766
181
29
571
507
1614
274
1984
172
1645
904
1995
1847
75
106
534
31
1239
70
1233
825
689
4
752
1382
885
63
708
13
495
712
528
344
87
1512
378
15
1478
697
57
441
628
3
426
1970
154
1850
1213
162
47
1333
2
285
175
84
688
16
1385
1101
453
1989
174
1516
752
626
458
589
114
196
925
178
1903
155
956
1280
92
172
1941
1870
9
1267
611
814
1799
221
168
742
106
1648
85
1584
604
230
1003
11
14
816
286
76
6
31
1255
1391
1462
1510
833
111
653
442
617
113
459
1162
97
53
900
36
1230
621
1556
674
1987
1014
1911
170
764
49
1108
192
540
50
128
85
110
1708
757
617
1409
1291
1875
268
403
56
292
651
386
374
1044
1
63
459
920
6
20
494
1005
229
619
1136
1196
1209
238
223
1840
8
86
897
904
1239
1899
61
253
56
257
1359
832
89
310
45
223
58
693
621
824
104
91
102
514
1891
245
3
510
801
145
163
5
1452
34
60
388
49
672
1819
1532
1767
166
90
262
473
585
1554
1176
1817
79
1192
119
415
1297
1068
420
419
1241
283
577
25
1266
1070
363
225
65
766
1766
1624
134
421
153
1100
48
3
894
1955
1886
993
313
396
1085
322
1369
1518
352
89
431
69
527
1618
1273
157
450
444
1612
1342
1137
1068
1971
703
417
257
13
40
76
1847
500
693
9
823
1249
1104
579
765
970
5
429
586
1225
21
114
360
52
246
1760
785
830
656
1530
11
516
387
316
308
101
41
546
94
1
160
1185
824
376
1990
218
705
141
514
81
721
897
394
469
350
766
293
31
422
50
654
31
1045
1748
944
1011
1918
40
690
527
650
202
391
141
916
15
393
6
646
1338
866
473
1578
301
28
391
78
1588
735
268
1041
124
779
7
1178
383
527
183
250
1383
1
1853
74
625
847
145
92
114
1731
207
1835
1409
139
406
1771
995
154
27
1164
451
58
1816
15
1587
2
467
396
1671
1495
33
1853
1171
811
1218
1122
1120
1170
1598
1677
1870
1115
968
1981
577
133
878
266
5
104
1
1924
436
1086
1847
1125
397
44
495
24
1912
17
1082
269
1693
313
4
1446
1604
31
1371
1386
57
1221
3
563
4
493
5
677
1648
1405
940
203
158
1168
120
23
181
1254
29
701
114
1446
20
8
473
380
489
1663
334
278
1258
77
10
860
129
6
468
715
1250
730
1682
1529
869
576
1201
30
544
3
618
4
7
4
1844
626
1295
1369
971
1916
280
407
107
182
800
256
113
94
1404
1268
295
202
425
1589
89
1450
1460
285
482
293
166
1747
388
1516
1456
1142
1870
68
23
1282
79
177
1790
270
745
1007
147
345
9
1553
1845
1198
383
828
280
919
286
1467
123
1463
119
1419
232
216
284
1803
595
139
795
709
1502
29
1752
1075
203
759
353
215
6
369
1002
160
122
1502
73
1824
385
1762
76
74
157
58
1337
71
1182
165
1750
799
527
72
527
377
29
1293
568
863
385
424
839
1645
424
2
278
36
15
41
726
1803
1352
892
668
570
83
68
563
150
820
633
51
1323
11
178
1131
1718
131
384
19
268
80
11
244
631
1
1416
3
1166
106
202
956
66
1643
166
150
1208
652
1787
42
499
1679
320
201
1515
7
1632
1217
60
171
75
263
1426
1216
812
68
1269
194
187
110
605
985
766
154
736
1160
691
229
117
495
95
5
1043
1496
179
335
1522
2
819
468
169
1719
640
302
1368
2
223
1619
1626
255
858
1715
107
23
1182
70
1230
226
382
41
621
1024
1844
1765
577
133
1714
1079
836
1171
1613
5
458
736
223
946
211
1348
1447
10
678
34
227
1192
664
1674
1325
880
314
21
364
74
6
225
1206
443
1116
396
550
1214
1875
1441
1468
875
1166
303
893
213
1739
270
1591
432
2
53
1670
142
700
619
227
1972
102
207
172
364
655
198
60
63
717
379
268
857
975
1
1733
221
528
322
354
737
1716
569
543
633
294
1765
4
58
478
1697
1763
931
1918
544
544
453
945
1071
3
214
1161
702
1195
167
420
74
57
16
135
932
278
609
1964
797
966
322
15
1866
1831
1594
1591
793
266
1852
721
802
1099
628
1584
269
1089
1430
25
51
542
1627
273
466
1142
59
974
156
448
46
204
814
1986
170
1061
357
1597
59
33
13
1215
1808
61
58
95
292
518
110
808
416
13
22
801
921
1
178
287
1643
7
32
429
204
824
41
174
22
938
89
169
39
239
880
493
108
1455
765
173
1800
88
95
807
39
1480
1943
858
300
78
1752
1402
230
1226
1115
25
487
1609
20
562
85
486
7
3
364
98
9
582
1111
19
1915
266
478
96
981
445
1122
884
1240
1695
643
48
160
1104
428
184
1436
390
73
30
3
41
1502
20
111
1309
225
1518
24
866
145
134
1397
1089
878
659
461
642
641
65
106
265
1405
656
123
1363
648
493
702
522
290
700
1588
513
227
29
221
123
198
852
38
112
693
1494
1633
1148
1791
785
1609
1727
284
855
126
1336
704
1430
55
43
85
275
360
59
32
1667
236
1317
238
1093
797
249
8
378
192
747
489
718
1368
447
918
427
1536
855
1384
884
444
524
113
537
1105
306
1405
131
457
9
2
785
79
575
21
2
963
1119
828
432
35
50
1239
233
595
856
634
694
1990
418
1578
340
277
1947
455
25
1575
498
244
234
1530
898
383
208
1178
1404
555
1292
391
582
470
541
826
1281
445
980
1075
1836
449
289
425
1169
36
1935
239
870
893
103
732
498
1081
381
192
525
1581
1177
535
982
26
5
816
6
1420
631
182
314
4
269
1110
159
61
58
129
1564
7
1321
915
93
274
166
458
1852
98
105
138
266
1567
796
280
3
1
1835
1963
356
659
1753
511
98
1966
803
1674
26
233
1264
1783
1809
589
885
5
1317
20
5
627
232
458
13
1459
1718
253
1542
18
1752
455
1124
353
1281
17
158
1211
96
118
788
1147
1143
966
1121
1150
1879
1914
156
111
669
2
1840
304
65
1381
868
1238
381
518
1295
434
3
278
1
109
36
548
198
454
47
74
1309
29
199
592
770
491
1866
213
133
1013
113
892
588
173
1531
1757
1095
316
1626
1068
19
1206
192
5
97
739
222
936
103
1901
1953
1338
282
1162
615
1469
263
1223
71
20
807
32
476
596
19
137
701
254
238
284
90
370
185
11
185
1406
1101
570
252
67
156
1067
31
329
251
75
17
223
712
75
18
56
290
231
459
1902
332
1233
388
1045
709
372
208
326
1297
1492
86
953
877
436
1279
252
122
405
96
1085
259
1478
212
1576
27
1690
918
187
187
1503
287
906
1080
380
732
2
1366
122
451
257
381
90
904
962
692
462
644
1095
1230
8
324
386
150
1259
1833
1148
884
579
122
385
231
917
1056
188
1
1337
47
56
92
37
1063
255
525
1697
883
1113
1301
22
258
128
1061
677
368
1291
2
14
1036
1481
117
462
535
738
227
578
1484
227
1335
238
218
19
1014
218
648
5
74
3
367
832
861
119
1155
1072
913
1241
1750
1922
1792
329
214
729
327
931
677
111
723
774
50
189
452
1169
32
1760
26
1983
1841
83
26
1317
403
477
167
610
14
531
543
29
267
561
15
43
1385
334
524
236
107
418
614
52
1570
141
572
1448
79
98
1751
1093
26
1386
184
1499
993
540
156
105
323
1005
75
1159
58
617
127
852
1909
1276
330
171
1270
667
1197
694
83
76
171
105
1833
1591
251
829
68
1199
3
3
251
673
1232
601
905
1714
325
1617
2
490
605
231
212
60
1640
994
191
856
1078
304
771
1268
643
539
147
181
931
16
5
1246
50
59
39
548
744
928
873
25
1990
918
217
1552
4
41
1067
1669
236
276
313
1811
1274
59
918
1023
1
842
1979
1505
9
141
356
963
198
171
1802
165
183
156
113
14
1
807
182
497
880
6
1877
265
562
848
1
1588
1871
79
465
625
1517
184
152
12
1963
164
64
932
1781
489
17
85
1
1026
1159
1846
528
1494
642
89
108
962
1115
1501
155
6
926
1861
469
298
1602
1772
698
1370
660
6
16
157
998
1347
247
1406
1829
96
418
1042
22
17
1598
1182
842
653
152
42
663
643
1613
1294
104
179
717
1861
115
29
646
352
1941
251
665
229
2
477
1820
1
281
1627
1361
210
1879
1
23
163
397
6
444
1432
490
1622
790
879
65
296
45
399
24
766
1568
727
199
292
290
1603
345
1024
479
1137
212
1
412
89
500
392
584
968
675
321
1493
124
221
742
25
289
598
196
63
974
432
1196
637
1349
399
119
47
248
542
1194
1619
355
80
1870
1362
1555
380
742
1498
1331
123
988
230
898
190
71
283
58
54
245
1749
251
208
1034
4
1687
251
1697
1441
653
120
1052
1562
246
17
143
5
1081
1045
538
1414
26
1071
226
247
512
1550
1202
1912
23
8
9
81
951
1869
674
586
1222
11
281
999
1334
1800
581
268
1754
1373
168
1268
182
1876
1911
537
666
128
41
1521
1443
1489
541
858
348
1503
5
1425
80
140
877
673
25
33
95
684
925
146
68
40
1025
33
173
554
609
108
1447
799
47
824
711
139
231
946
11
1157
544
14
189
229
91
1028
85
1792
176
867
240
15
272
382
277
81
1340
695
801
833
233
46
1670
852
34
1734
1160
721
1872
395
705
299
823
496
1486
4
946
238
20
743
1
320
288
762
662
25
2
1109
1014
77
142
285
1118
3
696
1701
104
1153
1521
658
1889
1824
29
11
939
698
236
1068
35
550
56
154
1577
38
18
1651
705
29
768
2
412
1333
20
444
1005
1823
1660
97
991
15
301
72
1916
147
15
767
256
250
10
742
1336
1975
825
392
625
366
796
529
281
809
435
1114
1
466
59
1661
63
1342
1328
1347
148
7
1974
1119
70
537
87
31
1650
712
642
793
51
84
157
530
45
1539
1263
163
1058
745
24
370
1750
534
1426
65
131
160
719
283
83
977
1168
1131
1442
1692
1966
664
348
379
1127
1231
1007
1010
180
1192
1676
9
1959
1354
779
86
206
912
118
1131
434
1895
687
222
317
1
1454
466
947
664
626
341
24
247
1881
844
1520
328
288
152
167
1680
1755
427
1865
1679
1703
179
86
761
259
286
96
477
1094
214
498
46
24
612
775
195
1662
623
1123
1575
1935
843
513
572
1561
1060
316
674
265
1162
112
250
949
56
16
223
255
560
167
103
550
938
4
712
3
988
1066
203
133
566
15
745
1455
901
1611
415
1648
282
281
11
317
1049
8
539
13
554
1591
987
333
466
1629
54
1029
351
18
31
987
519
1119
124
217
795
9
1323
461
1565
638
382
301
16
1142
575
1
687
416
363
1392
77
30
84
82
122
43
296
656
90
1478
942
230
393
1249
168
1
354
353
1177
129
292
539
39
571
560
209
728
1515
580
4
33
336
718
579
80
1874
1965
107
205
506
754
136
31
1000
278
52
1950
242
1850
1292
20
233
200
86
738
484
50
733
1130
1160
706
846
453
1606
1086
133
394
361
1158
120
1319
90
203
276
561
1549
18
578
170
864
337
511
1526
733
87
655
39
8
714
943
1040
17
357
1695
125
16
633
336
1569
1179
599
607
787
126
508
76
317
853
147
1439
598
205
1573
867
1422
1
1004
443
1538
934
152
1223
235
537
236
16
213
292
467
68
488
1687
1526
513
66
317
142
1974
835
1542
307
297
997
646
109
301
2
1988
700
1065
22
1230
1029
1124
1079
669
690
670
592
15
1194
488
856
661
1772
2
292
1451
416
1176
1634
147
256
549
1910
269
609
1656
12
1918
1161
13
1959
985
51
1111
766
1862
862
1576
1177
693
616
1659
172
214
979
172
35
8
1469
302
1725
448
977
963
682
306
1982
284
172
770
1008
801
282
202
1381
220
10
255
640
467
1101
119
191
499
52
894
359
1015
1399
939
319
12
520
746
233
237
283
1
1588
44
31
1918
1503
1264
1000
489
562
2
61
100
29
1102
441
29
1833
858
5
14
582
1698
1831
32
71
1531
712
367
109
1458
119
13
793
254
497
73
894
18
1140
136
59
210
1213
667
1188
17
27
62
1564
952
1113
1642
421
1670
1049
677
1245
1050
70
1524
660
20
5
709
380
1900
1489
10
48
41
1616
1231
16
712
924
213
446
25
123
43
100
273
780
328
735
280
1191
100
477
900
82
1022
207
1849
19
29
1425
1156
126
21
320
589
1483
1472
549
665
190
64
917
1052
856
336
1942
1596
748
40
1259
11
130
307
673
176
86
51
169
334
1674
28
1097
419
228
907
484
285
139
31
1280
294
1083
446
959
517
1320
204
130
1769
1192
600
1505
780
840
1165
1102
7
36
300
1177
246
2
2
1264
1845
1
18
379
230
443
154
654
227
71
325
297
572
31
40
212
7
1867
155
95
54
75
1665
883
216
789
79
374
656
71
313
422
580
16
675
35
743
475
845
461
267
512
678
667
274
527
939
1724
1404
17
72
13
6
585
17
654
19
1240
1162
148
861
372
314
1
28
193
212
101
312
842
1773
1833
1004
1119
59
51
1811
103
11
1748
1709
1624
684
112
452
361
986
657
162
213
786
177
33
3
801
1288
256
60
331
5
288
1098
5
1125
521
1331
1624
1631
1198
37
57
609
689
428
752
77
982
32
1418
44
1889
2
782
678
956
481
1989
1337
311
89
1458
309
353
1934
1
830
10
1003
507
66
779
43
520
231
1394
186
13
457
712
458
212
1946
12
388
62
719
1662
576
97
7
306
362
1790
175
1070
810
1691
848
995
1339
916
109
1412
1236
21
1363
649
630
493
929
1019
1441
330
176
1465
228
235
1780
520
210
983
99
1238
1526
1763
1002
819
822
347
577
917
676
242
577
863
1819
248
57
9
170
1
1384
51
545
68
1003
1429
23
666
877
762
1178
1715
688
5
54
1
1615
1683
867
1150
16
1470
85
1888
81
1039
1123
1383
154
1753
521
876
752
1952
362
8
1
1213
1138
319
193
1558
663
197
804
1072
126
1
828
568
956
4
1096
179
1158
1984
959
93
1128
54
408
1596
1769
308
106
28
1936
529
1619
181
1389
36
1585
311
687
268
1157
743
284
1230
194
1035
742
1169
381
1332
175
72
1329
414
1100
430
472
280
380
529
75
959
476
109
45
65
1947
980
162
993
28
37
1626
15
468
110
33
444
375
276
1594
471
1064
1
24
438
425
392
1025
18
1402
114
979
892
1048
78
18
1829
1384
236
1235
1109
1989
374
1292
115
1560
166
1762
380
469
489
112
12
72
75
1147
409
65
47
149
1294
267
42
378
442
134
175
86
643
364
180
1732
27
172
1990
777
642
895
607
1101
543
343
1857
84
1936
27
1745
785
1313
1968
894
583
288
318
99
214
1882
67
120
131
1887
1949
1615
670
1784
697
460
369
1667
330
1321
224
55
1686
100
10
450
30
169
3
282
701
857
247
1070
1192
25
318
651
1045
1
1552
759
757
520
1854
1049
560
991
342
825
1769
364
706
198
18
766
1498
134
91
1163
336
904
499
1071
255
1099
279
516
359
99
983
668
846
258
1659
164
160
1772
50
323
1153
1843
394
446
601
924
1921
39
949
1282
1855
337
739
1
449
1551
1781
1537
41
23
808
265
7
1558
312
1970
76
1826
1066
238
1394
1039
17
796
213
64
8
205
108
3
170
1006
9
408
977
229
1880
1320
68
1214
256
343
1984
1258
1088
266
553
1301
1116
534
569
3
706
1254
1223
1020
78
1190
1406
2
23
509
1607
1873
417
240
1760
191
1814
1190
1775
1213
297
23
612
1240
1760
1735
340
29
8
645
214
1880
1799
80
658
553
82
5
356
1287
734
583
1769
55
1514
1088
509
523
1781
257
61
286
1871
1853
717
29
1882
1480
273
107
6
463
1569
832
1358
50
91
242
21
440
635
1750
393
234
482
1770
33
13
1107
834
545
144
78
3
1917
1011
27
290
1472
9
1059
4
184
22
10
1234
390
1226
253
1789
14
808
99
2
286
325
1328
1275
884
147
89
145
63
24
1166
1058
1416
1678
40
362
868
442
1226
25
1067
631
428
55
1044
20
50
1490
49
585
11
1428
70
1516
627
1380
1926
708
23
892
604
266
1580
161
1660
1061
733
962
432
1386
629
615
123
1940
29
982
393
573
40
581
461
944
135
27
1721
61
1
1419
569
206
4
48
762
660
1351
1902
1648
1454
72
572
292
1092
496
1438
355
426
181
768
1896
20
1535
4
812
185
29
1194
5
91
793
1753
1037
103
492
909
118
8
569
1262
1463
2
30
840
189
1035
639
403
1299
1238
708
32
93
60
541
525
549
132
1596
521
148
1328
56
338
236
335
1039
59
8
1485
300
84
827
725
277
1238
41
104
5
147
1225
1730
1649
582
31
133
219
759
98
175
15
275
310
1111
1907
63
667
1590
1558
1677
502
660
1614
813
797
142
1050
162
633
1073
615
100
1761
50
519
3
414
694
10
140
1166
1720
3
264
5
331
355
16
217
548
639
780
1696
1142
1357
575
162
215
340
912
1503
1014
10
53
189
1003
6
406
5
154
1791
27
1173
329
37
1871
34
618
378
1
648
1166
1355
44
119
1546
866
17
238
318
588
432
197
928
106
1190
12
723
1307
112
42
612
68
268
491
634
1618
1900
15
249
961
825
623
415
271
1098
1625
208
203
1053
1035
1627
1269
1635
1239
995
263
397
163
329
302
398
332
1344
1356
1563
503
1526
731
1533
1
1272
12
17
1257
11
871
1
1868
691
293
1090
1946
277
90
579
1876
1370
1455
1431
1958
46
851
513
227
1261
3
702
1813
10
1933
727
1428
218
26
1555
245
816
1882
1759
17
1906
83
374
698
418
577
1727
75
212
284
245
1608
51
145
1496
706
64
1313
88
1861
2
239
1450
1360
58
1359
1843
1175
1060
845
665
146
358
440
756
174
203
557
139
13
236
834
1165
661
96
504
1771
12
251
902
837
723
1916
1410
332
93
147
1536
1973
173
1963
160
285
1321
1980
1590
1001
113
1092
1192
7
614
1
1570
333
555
838
1165
1379
1423
1933
324
874
1635
12
1863
1354
7
617
383
20
1549
900
516
1632
134
603
527
992
1117
623
608
305
1732
12
200
959
1981
8
476
144
523
1575
46
416
855
1816
96
1864
497
700
12
748
121
316
844
501
61
1110
1448
1520
474
446
1648
539
710
248
257
1664
222
207
1943
1512
217
912
181
565
1742
116
493
11
55
15
17
1357
183
553
1997
398
230
1384
24
1056
1670
237
29
127
2
404
1456
197
1006
1678
332
88
1
958
1564
1540
135
85
948
1592
851
1944
394
38
89
62
814
34
593
113
1583
974
853
274
3
1928
266
936
97
346
276
1150
158
345
401
291
839
756
865
1596
1956
1506
374
1685
1463
273
752
1685
370
1
1044
1191
250
235
1062
119
438
601
1675
775
1874
2
406
325
98
1185
517
437
538
79
1222
976
293
733
1195
1213
201
149
890
1816
423
98
836
964
1759
1407
1406
48
858
1396
1660
419
1457
79
1605
365
928
1281
5
32
319
90
695
754
1938
1516
687
561
410
482
1323
1252
948
461
11
885
862
72
80
1944
265
1302
1624
278
549
353
288
584
685
214
420
1311
11
42
1895
30
47
1484
531
84
907
896
17
937
289
393
39
456
1768
965
122
1052
891
1577
1634
854
696
162
1402
1433
839
1206
566
108
966
169
247
1873
87
157
308
236
346
1684
1461
415
74
69
210
1424
1769
819
1716
1425
614
626
1315
17
66
9
1653
620
347
891
589
1692
241
1114
3
473
1076
1541
83
129
341
1166
1725
256
90
1134
1597
1606
1178
428
182
225
1292
146
206
135
261
303
29
171
1755
606
11
11
179
265
1099
449
548
689
653
698
180
18
1141
1978
1945
673
1917
1431
160
215
919
581
418
1027
440
47
1489
200
1176
1600
78
1428
809
7
1244
18
1327
608
166
29
1896
1426
1280
254
710
85
1610
205
166
159
763
931
252
470
262
1355
1055
294
12
1443
363
1862
253
4
1835
95
1190
57
29
1
352
163
712
1521
1522
1601
772
1632
975
35
725
1684
496
585
932
603
1755
461
8
2
1139
29
88
65
1589
402
661
337
461
857
1190
462
188
356
184
3
25
1180
53
2
1694
905
513
1158
1734
1658
1251
1341
853
208
940
3
54
19
1626
1043
1733
171
1720
968
630
735
35
172
51
1985
2
644
597
789
249
5
871
1069
1180
25
567
27
416
221
74
69
1812
3
181
129
594
239
284
1009
48
784
919
1467
1304
185
1372
274
56
19
150
19
229
854
734
650
1824
7
1611
5
45
626
1736
295
66
692
79
49
196
245
2
1449
1878
255
1880
587
1737
806
435
1840
843
127
1790
335
119
312
342
1007
198
557
60
21
1093
1231
35
676
4
12
722
9
38
754
454
1356
712
26
1903
528
119
1195
594
680
1046
151
443
1039
443
1190
835
791
438
1357
993
743
17
24
4
863
59
55
229
967
1935
190
115
1336
1829
309
290
1662
408
930
2
647
1
1845
1534
1
706
561
1934
725
778
514
18
437
232
468
402
57
1670
219
890
691
269
144
55
1018
74
510
510
1888
1110
105
478
189
1253
20
614
61
1077
180
55
68
553
930
166
1517
190
1551
15
28
696
1683
1699
338
31
1894
1691
16
1369
1751
852
220
1439
79
1516
6
930
437
667
1
321
246
489
1
1179
1358
772
92
319
503
495
7
552
398
560
126
346
496
730
836
335
923
9
1586
103
1307
583
67
4
25
1911
414
947
13
4
924
36
638
559
260
1051
1820
398
205
84
1148
19
865
1676
91
200
1700
133
1375
1140
273
245
1426
2
565
7
1084
471
16
12
1756
1676
163
46
75
79
256
8
1671
39
47
265
7
1042
444
1471
18
15
133
67
317
1276
835
352
176
1214
1288
30
1226
1091
56
91
1769
104
1465
1567
1398
60
1714
6
1649
1194
903
314
257
1902
1426
4
360
1852
10
1812
1345
1535
512
250
1041
1404
990
656
275
620
20
1197
672
738
1341
538
1739
1912
191
1884
438
1229
823
91
1999
1319
1673
421
35
1850
125
1599
69
739
1349
981
33
221
552
163
829
1302
297
1729
1662
1
1514
440
1149
499
1704
368
53
51
354
1731
76
1039
199
472
625
1259
303
38
2
649
1262
1789
504
563
910
1917
1961
1223
277
3
168
1791
1629
1414
97
28
3
1826
261
116
1144
35
910
150
1667
459
204
438
1104
497
877
52
34
275
1710
837
211
671
159
1261
2
808
1
1433
2
1181
1149
1400
27
134
549
1
158
215
2
14
7
1187
1348
98
1957
1326
926
510
46
2
1252
17
147
28
669
1568
21
221
24
3
34
217
26
20
18
1582
602
744
756
44
1435
220
15
707
197
175
645
14
1062
299
1595
363
117
779
2
1302
54
255
867
1406
686
745
1771
1227
1276
1426
1599
56
1977
4
1191
168
128
401
1141
1408
681
247
919
686
566
88
76
447
238
585
27
40
888
621
1363
307
508
340
1642
1029
595
45
752
1191
412
941
768
1880
1814
934
719
226
329
1355
1627
8
447
124
487
138
221
633
72
1744
4
37
523
1182
1793
236
467
734
1028
1273
186
1950
1496
325
428
87
689
765
940
1140
148
54
101
64
209
28
352
1398
432
90
893
999
228
168
418
928
115
1264
91
158
250
527
734
1
1412
737
127
264
52
5
2
636
200
837
291
710
530
789
542
1981
430
484
1412
350
1275
1991
712
825
1372
824
1350
3
1767
1086
297
74
132
745
866
36
1247
343
383
264
780
1788
1879
281
1605
1307
974
49
1502
257
103
931
151
54
1834
1295
863
30
211
732
26
150
40
157
2
597
649
1091
608
1931
1660
1917
165
1075
348
1063
922
1714
28
1807
766
84
275
250
54
3
1961
1153
1322
1261
404
21
180
9
1749
1603
1070
15
1098
514
232
5
867
1033
155
18
93
32
1740
941
740
1551
106
746
1997
326
108
903
1213
220
936
13
298
1160
9
691
1349
45
38
567
705
122
143
163
244
664
559
4
449
676
1296
999
1426
66
168
313
1996
199
1194
112
738
10
718
269
1550
59
1451
777
107
10
452
1992
4
231
203
293
979
846
471
65
126
1314
2
647
207
5
860
11
381
181
662
33
630
359
110
435
1371
103
218
576
304
1047
1791
10
581
427
320
1501
164
1769
513
1673
868
1880
13
36
691
195
1421
125
105
1024
892
1162
226
1637
1654
310
1734
1296
1584
391
10
271
52
1252
1350
409
282
718
571
212
1660
14
1211
1669
1819
153
632
1595
129
227
1501
7
92
890
183
20
387
112
97
165
115
171
1424
64
597
1073
817
329
1582
713
128
1849
1787
81
3
1395
703
202
871
119
987
16
1757
6
1158
5
448
1158
14
69
160
102
71
15
859
30
1014
756
236
1
1892
1
216
1254
513
1144
190
1239
234
10
55
1053
1283
1602
45
1091
1553
1914
630
187
62
337
628
76
49
953
323
1705
1891
1977
1720
609
1447
24
1197
616
1425
653
648
9
54
620
321
1613
1980
231
904
1672
52
78
235
76
254
113
1165
162
91
505
22
1111
1457
575
959
67
517
842
30
694
471
1961
104
910
1000
1364
199
678
1786
328
135
1923
638
58
8
192
986
1256
122
961
249
86
31
785
1005
423
532
986
172
1672
666
1215
264
1006
670
1302
1659
811
1579
184
39
1685
452
700
1021
1455
376
499
77
5
125
428
17
458
209
633
648
1570
30
639
89
397
23
985
30
6
286
13
150
764
121
54
388
1579
1119
108
383
1428
641
73
1824
1688
549
84
920
1111
1434
1216
265
709
167
1166
105
73
873
662
468
1560
738
501
47
76
734
507
330
1237
825
6
293
79
1207
1702
158
42
109
666
245
1930
581
76
1019
15
136
631
582
463
1092
633
124
969
535
1087
683
383
44
28
25
174
31
579
542
818
1001
83
79
1473
999
247
773
417
1725
644
1963
571
1968
206
323
1
521
1911
853
408
15
74
607
684
1652
455
892
872
112
1310
662
1028
203
194
125
1058
1994
6
324
1205
865
103
397
1191
674
41
283
7
393
98
454
1
379
77
619
55
1121
327
1035
995
575
64
1723
736
1566
348
570
621
727
4
73
1852
1539
337
149
528
1459
1756
91
18
433
921
946
1217
212
46
337
989
52
273
532
1155
1650
1
461
1895
816
252
728
381
3
53
558
708
535
356
1611
162
210
1493
1433
1625
350
1481
1455
28
1669
803
783
623
660
15
1170
33
907
1480
7
670
80
2
1214
372
1
273
231
1653
1159
33
582
396
126
647
1056
31
227
5
178
1660
1114
589
12
158
1002
400
623
456
421
1340
237
99
225
65
430
503
931
764
557
117
390
78
1789
980
162
81
1713
240
1129
1270
1382
1029
535
445
875
44
1945
69
1789
587
35
997
960
16
1111
8
1602
1626
145
1328
203
1937
756
492
29
20
731
1036
42
465
1764
501
1859
1439
994
531
481
185
1021
545
206
722
1207
1053
317
1808
1926
631
403
1000
3
4
678
1616
198
534
1429
764
650
1616
22
1021
1
332
38
547
680
1
1642
148
287
4
954
695
460
193
1610
1285
1244
17
501
28
7
1000
422
676
670
185
390
882
1977
225
676
911
1156
1859
5
42
751
524
1597
3
308
41
97
1208
818
1080
1
48
487
18
54
169
1468
1433
1979
1
12
23
65
427
5
631
1557
474
8
319
96
888
205
725
1528
951
57
791
1462
367
1364
276
1574
46
1562
7
35
519
487
1050
59
768
1060
834
321
460
873
256
1592
26
126
1674
227
411
259
1901
2
1261
1999
36
1449
1495
884
1209
2
1776
48
633
77
514
4
1032
628
120
899
37
772
1540
580
1374
85
218
1375
5
516
524
1196
802
1571
1151
71
17
1525
72
1008
54
1028
1144
193
334
1367
1347
754
1075
849
568
1265
1282
236
1346
1755
739
747
1566
350
1689
21
52
590
1621
8
1040
1010
108
44
31
147
277
990
1429
60
1957
1027
532
173
10
821
80
169
275
510
59
1172
1351
942
2
143
228
317
363
1896
657
5
1770
222
286
1810
1457
389
31
432
1038
688
1494
38
1962
1144
1440
87
24
358
1502
1254
657
160
17
67
587
302
473
1078
3
352
198
718
817
25
137
1720
941
323
132
1131
4
269
4
53
8
770
145
3
1642
1
76
1915
1858
1
1872
1029
1
737
1783
460
169
352
1225
1676
9
954
538
752
33
9
17
1596
29
1358
158
878
71
2
504
961
914
1951
1973
1812
170
60
1904
63
339
1928
63
1288
1032
1288
1982
947
27
39
952
990
1553
1010
858
154
1357
1747
119
625
1015
741
618
919
1695
764
425
863
207
248
1457
55
541
711
635
227
82
461
21
27
217
700
379
118
1433
1412
216
1876
166
33
1051
855
1073
1081
164
526
674
63
1296
639
572
48
532
284
33
559
453
1756
7
1149
324
1290
1285
1100
1547
6
289
1804
576
656
10
601
30
1217
583
1774
655
1608
156
1496
1368
1192
633
16
359
235
407
66
250
334
53
9
111
158
316
207
778
1673
276
198
376
30
1
825
939
147
1955
577
305
279
116
10
95
36
527
304
249
838
642
420
88
14
308
1722
55
70
16
281
959
1639
844
883
42
53
70
46
479
442
246
385
688
1502
911
66
923
488
857
413
1405
1857
752
1064
1118
976
873
110
59
14
41
725
1380
1713
100
1919
6
59
272
767
1043
723
628
1679
11
1999
6
270
1611
623
537
89
24
1020
1039
245
1066
706
1006
1891
220
1313
17
1762
378
347
29
174
118
462
1064
563
232
137
1420
795
1549
8
2
120
1345
598
657
1518
1981
1338
405
1471
10
297
1582
492
721
529
1541
34
51
1
1897
1957
720
87
27
1004
1284
772
1481
108
1905
28
149
1
5
1831
66
1642
1120
687
761
1391
159
1910
201
244
774
23
1313
22
274
589
15
98
1032
528
274
7
221
519
638
431
1259
196
975
683
21
1241
948
512
187
1861
100
67
699
168
143
1110
14
1115
661
1014
67
686
462
217
34
578
176
77
1295
1309
8
226
835
964
189
2
117
32
423
1388
1048
1143
228
1175
624
1040
1963
1147
477
850
310
9
775
7
1612
718
501
795
1134
1138
73
1836
231
1486
56
738
575
97
873
448
347
917
550
7
1440
1993
1485
22
438
73
50
1752
1305
1027
1064
203
400
1167
260
826
540
1297
1682
1250
158
1985
920
21
1919
318
958
288
287
162
1476
1913
25
1720
1092
19
7
1918
374
929
900
1551
460
9
197
246
680
1444
11
1168
844
12
248
254
75
1333
448
150
48
1383
967
695
560
753
1011
1321
1408
457
17
1487
1
29
1662
513
658
1062
1840
533
65
394
214
675
328
163
1141
1011
541
317
764
156
878
1079
10
265
969
635
846
631
719
985
1243
208
1183
25
1252
1511
21
820
38
1220
194
1786
858
85
1356
439
183
37
1401
327
389
1548
4
70
288
230
26
438
85
20
1054
1025
840
1078
1047
839
1103
48
226
2
360
1123
1631
138
913
67
136
199
61
364
565
1038
11
1474
10
603
1206
865
1929
63
58
890
463
766
1378
417
1256
327
3
3
1473
1890
365
876
674
123
160
727
128
1577
413
74
1605
156
1618
30
197
951
38
1790
528
1225
44
1140
132
404
21
60
40
443
577
90
128
5
1478
1274
147
1026
75
1682
577
1715
527
432
149
1332
1459
1788
41
1181
1241
1041
16
9
1215
1349
1113
21
107
40
88
80
17
227
3
992
875
786
143
1761
1659
1352
1410
206
395
1107
775
1279
1709
910
29
926
763
25
13
1535
68
7
1428
821
2
530
945
751
29
700
1235
1283
1588
448
366
202
132
1202
1073
1192
1593
1189
782
255
1578
1221
1276
1387
922
661
888
30
201
486
1305
862
69
1427
1743
2
595
1620
937
833
1473
977
45
397
42
116
1729
1370
251
371
543
503
274
1527
1050
190
57
1016
165
333
356
1452
1994
202
1
539
189
1437
1489
141
620
884
135
1405
805
957
234
1615
1605
914
193
610
1821
52
1170
882
79
898
274
1392
887
700
1612
366
273
1134
35
295
49
1419
1608
382
1141
15
87
191
805
3
1111
242
1463
746
1224
11
818
1801
85
894
122
1391
1294
1961
132
575
277
875
423
1018
33
1877
1390
7
1554
280
1243
618
228
421
437
91
81
1437
1263
170
672
1682
152
10
372
562
2
520
319
494
70
463
481
199
14
1138
476
77
938
140
116
1558
166
469
54
84
370
2
1647
1432
18
6
1788
77
251
1316
338
369
1388
251
1105
116
754
15
593
46
1351
8
1450
9
1590
701
494
18
4
885
869
675
926
1383
1158
1054
226
371
1071
1250
83
34
315
244
646
420
528
43
872
96
343
915
1897
66
440
772
1917
445
211
652
1599
383
37
29
270
218
240
3
746
1576
1786
47
398
242
1069
1508
1591
1
433
10
297
296
138
1712
237
1489
1008
684
1
834
921
648
343
125
452
141
1432
699
847
466
231
1121
1496
1630
9
389
164
681
211
1211
248
656
664
192
1451
1373
1826
205
161
1646
2
221
102
4
802
1850
102
1929
1
627
222
883
1300
3
1861
634
302
88
1175
23
1
1519
1343
82
10
322
1376
1212
312
452
1174
432
91
266
129
302
7
63
151
185
1919
1800
1388
624
1246
115
449
1754
9
49
243
1143
1054
102
1236
231
354
287
708
209
1860
1571
1485
1250
15
287
1240
1592
848
1785
1195
479
284
1778
192
1047
929
136
1416
1812
1168
939
1710
287
1091
261
138
662
25
1227
12
1970
462
21
1515
577
16
54
881
84
6
850
743
1267
123
929
1882
1971
193
5
405
784
51
1761
64
803
55
1139
509
1628
1765
1562
1695
1067
385
1348
183
33
29
1168
317
448
802
15
114
882
15
444
77
658
1564
1508
518
39
66
1119
5
924
265
1333
70
1171
11
533
1215
794
751
378
1982
1047
9
1280
1912
225
639
565
1978
1961
520
73
56
1804
1
283
1807
715
1048
445
56
304
408
247
1243
222
1654
604
770
191
26
1418
147
245
248
2
161
1332
207
1019
391
366
155
392
14
1712
641
1911
202
353
1661
269
417
1338
6
1869
1552
589
522
273
342
581
73
996
417
1317
97
1677
1351
1185
1948
592
605
1200
1980
915
624
589
1061
286
1622
95
356
75
1346
1828
162
38
1549
734
879
344
1
235
373
581
1706
13
587
1451
874
1944
513
1111
887
1056
33
19
1160
396
281
1040
1993
411
1
1675
2
586
56
1578
8
89
415
276
105
1551
549
1338
1697
296
297
1981
158
90
2000
574
495
99
593
4
183
1211
1625
723
352
171
653
559
827
159
1069
475
176
1580
712
873
253
99
518
1933
56
1182
219
1893
933
1290
1404
452
424
225
959
373
226
1309
13
934
938
1744
1245
22
102
441
33
363
181
175
700
334
1036
1391
955
354
177
1072
135
93
1506
1541
390
169
1047
189
617
1893
1707
846
13
77
78
554
1175
261
1555
61
364
23
501
1401
1666
211
331
416
1820
1387
807
29
1079
1851
88
221
1
871
640
1930
380
1029
586
1811
122
892
1
896
123
884
688
366
607
244
600
281
509
13
5
1934
958
1047
806
1339
659
1366
988
1152
27
780
1115
484
663
1967
983
526
115
1067
583
1371
1452
1704
394
500
734
616
1010
1624
305
21
1555
218
1018
50
1156
355
72
106
5
665
782
11
120
117
1390
171
192
142
415
235
280
1763
99
935
1845
124
342
93
1451
1432
350
1099
756
1259
88
412
1477
368
1083
49
1744
85
897
77
210
50
139
67
5
1031
3
388
1433
1727
264
8
1491
14
195
238
1908
1847
47
692
1072
13
1868
408
112
35
989
1069
379
736
1813
153
305
854
683
1990
1836
258
588
111
1280
167
5
1476
1348
464
5
1106
510
1742
87
1299
612
118
177
651
52
296
1037
1757
613
7
998
168
458
810
341
147
630
3
794
384
1566
2
575
376
1195
409
451
1651
1099
1505
6
922
306
832
636
879
896
2
1260
561
447
1799
825
1001
1081
897
461
505
394
316
1151
194
1044
663
1004
32
827
1449
462
1492
788
734
1356
154
489
3
258
1362
275
50
462
115
715
151
30
1557
102
761
559
631
1905
797
781
927
173
1
1157
3
22
576
1301
33
207
118
1000
108
721
101
935
1014
1291
793
772
361
264
950
1549
759
1667
3
205
1586
796
30
1128
2
426
893
1158
302
1926
266
104
395
306
1009
476
769
47
1076
414
8
1589
1
1261
3
265
10
1179
12
153
545
1
31
1418
1784
67
883
822
106
1901
314
93
560
355
257
563
924
945
56
344
443
744
1529
1178
1800
2
856
1597
1886
353
1377
88
531
639
1282
1142
101
535
771
1768
147
1196
89
9
1686
567
429
45
1317
545
8
41
378
1579
324
1690
49
242
1307
1042
1206
1823
267
14
852
1159
386
976
1957
1531
181
316
92
135
37
653
1197
326
7
1615
1474
827
698
655
823
13
1
485
107
337
62
1356
1422
445
62
1089
4
168
65
181
312
1311
1
1374
232
782
36
466
797
1404
69
7
1091
102
2
1445
603
411
46
7
1386
1425
5
376
1572
1655
77
1091
68
458
19
427
5
927
1054
163
1
1481
1293
813
677
191
1548
1804
747
339
1791
1553
270
837
694
23
5
1261
831
356
888
1446
1035
1481
380
1392
32
1085
1193
817
464
12
65
223
101
655
214
1881
236
316
773
394
252
682
1996
886
1991
360
697
13
472
530
30
457
866
588
1221
1513
210
413
7
871
548
1384
2
776
1246
674
462
165
704
2
726
22
13
5
1426
1647
692
1206
1312
67
1989
1606
1831
652
1767
277
1594
89
1403
783
176
127
20
439
24
1311
330
674
1966
1588
386
632
181
80
904
449
474
1303
80
1781
258
2
609
1002
820
25
1331
1240
273
26
652
218
1563
61
171
1177
844
533
572
149
1846
17
1255
1935
1535
502
1711
111
130
1993
1092
1925
120
787
338
140
10
356
518
286
109
2
1052
5
12
1972
30
519
1543
34
532
36
106
898
999
899
244
78
214
88
763
488
41
1673
1941
119
1452
865
26
1216
1526
1150
1644
72
158
496
860
1675
787
6
109
540
1567
1047
257
311
891
1190
989
321
1052
430
743
1232
63
1405
119
825
572
1869
10
85
533
1330
1957
214
1098
9
1578
1502
103
1248
715
299
7
1
87
656
932
505
165
195
1655
1743
377
687
306
572
22
567
139
941
633
634
88
118
1345
173
1329
1264
162
433
44
1481
58
1760
1634
1267
1773
1279
1355
25
1298
1922
99
1405
60
628
349
634
1073
4
249
422
227
1333
127
480
1375
97
141
1264
1
114
36
1328
1001
613
981
22
1280
1941
1089
1
1753
3
293
1833
1752
1675
784
648
13
1663
1165
310
1228
1372
944
1399
783
238
1133
335
8
1610
9
285
508
274
14
1357
279
1584
783
949
1770
1987
248
161
43
3
917
234
559
78
1276
94
605
1634
1530
17
321
1637
1675
1713
208
67
1920
237
222
298
250
507
976
1424
244
355
806
190
617
442
365
1224
1124
659
913
1966
1610
653
376
643
687
927
59
854
13
3
620
1026
1196
728
1321
1443
7
300
665
896
1758
767
1052
4
9
834
869
802
1
847
745
746
994
407
86
1311
467
858
1365
1528
12
13
1920
800
6
1270
691
260
140
773
265
200
1
27
1634
1696
8
137
1172
324
64
349
878
532
1989
2
826
136
1333
1000
800
1261
655
79
69
149
503
73
662
870
1853
1965
541
1894
1752
887
558
753
1499
1905
237
109
537
333
340
537
1839
402
1022
923
74
688
775
1483
2
1908
16
311
48
177
172
1605
647
272
1351
74
1051
568
1273
1297
106
1764
619
1085
12
507
1931
776
472
65
208
1105
387
966
794
505
1233
331
786
26
1423
98
445
94
1166
526
1432
45
505
928
1284
1214
609
439
86
1518
1871
1587
1024
992
1814
300
1443
331
947
289
15
1126
144
257
620
7
571
280
836
820
314
335
415
226
1512
723
591
463
785
272
1987
347
1895
51
1720
195
54
830
1824
867
2
39
227
448
1856
1953
1110
304
264
1744
980
1141
1169
987
1269
771
984
36
70
521
326
114
571
68
597
582
977
37
1586
543
56
517
1760
1957
7
56
8
363
25
526
1554
112
56
1904
1796
1081
27
129
1026
636
295
1015
1826
1546
299
5
357
61
3
1766
1321
1139
990
16
1306
1473
54
1084
406
244
1942
1449
12
4
14
67
19
1983
217
624
1822
1712
1878
263
1861
1373
1412
58
63
74
1305
2
1285
223
173
1921
497
1305
484
352
1569
222
1514
468
1960
170
1313
519
910
19
1960
125
16
1731
1059
831
20
839
97
862
972
1165
9
10
888
221
1385
17
640
1562
18
498
863
1605
1171
938
248
1060
20
1750
1702
1230
1340
1530
101
727
306
315
256
1799
422
187
133
1290
1163
1454
1055
879
1383
212
1338
1366
382
2
598
769
613
212
1682
1118
1115
567
1811
1172
655
1947
58
1810
18
332
81
305
1001
250
1336
83
213
1353
4
9
172
1711
679
1197
1891
162
422
6
56
372
120
223
179
334
1980
1156
337
918
1186
397
1852
1948
570
91
1319
233
846
964
1020
195
259
1920
1803
859
1371
116
1395
2
208
102
1335
799
259
213
374
240
1917
368
1
26
1794
1897
1756
1319
965
426
638
979
861
744
696
1927
247
117
3
1020
11
1381
521
1143
231
364
233
976
338
1890
361
1122
1192
569
57
995
1179
1636
865
8
963
1514
1211
303
318
67
1746
6
1651
162
140
1459
402
1542
1503
10
1732
1
402
1362
231
1478
98
469
214
662
260
1929
1992
578
147
1819
332
69
1119
308
1691
172
1134
1443
1877
1378
1854
82
256
61
260
625
1037
1541
458
794
307
19
335
1445
46
177
1683
477
1357
1201
701
160
1642
589
1819
170
563
510
129
753
1908
13
139
647
44
1054
1830
138
220
1409
109
1328
1235
69
506
1589
1586
1357
318
548
73
900
1200
854
1711
1848
1941
1394
490
1630
1931
1971
246
1192
486
44
13
567
179
105
1667
675
661
997
253
10
1464
309
18
3
1549
452
103
902
37
67
131
974
160
223
1675
171
579
729
59
61
983
684
1329
1546
231
48
1527
674
1564
239
255
65
71
639
1507
1355
1670
94
1555
10
877
799
879
239
1730
1975
326
190
646
1561
1491
393
166
463
82
1747
177
1299
80
1841
1373
806
1038
42
91
660
6
1158
1518
1277
156
1788
1256
33
1820
1446
1405
227
1848
118
272
700
139
784
85
62
431
1553
1969
6
1153
52
1035
1243
314
310
973
154
1930
408
16
96
157
411
1312
1431
1563
511
1474
85
66
85
331
123
9
1858
700
366
6
251
1
779
1689
24
1099
1112
3
873
1481
24
1380
1900
474
1750
423
1637
62
126
1713
173
1995
5
1597
1961
4
223
1237
14
5
405
286
1106
1654
459
1693
693
912
1429
1082
1623
57
81
504
14
1671
1376
1763
289
30
6
269
84
226
26
389
535
658
582
642
1742
748
494
721
544
49
82
260
1490
1333
760
10
617
124
1218
453
4
380
25
8
981
706
871
331
669
533
1691
240
86
15
1262
981
1647
1093
1147
1772
9
793
1117
840
13
837
594
61
111
5
454
92
647
264
1232
39
216
58
1012
322
132
329
197
977
836
283
988
23
1092
1553
1891
734
33
297
614
357
1763
531
321
1806
72
202
82
231
384
284
493
1006
1613
525
423
152
371
1095
426
1714
1125
761
57
1972
258
607
1
256
18
1014
139
1857
58
673
135
422
1443
18
5
36
711
201
1679
1119
386
269
1131
972
40
1347
1063
1556
18
564
355
163
2
1484
109
1
1112
1091
737
8
1544
276
1620
542
1703
770
50
148
118
193
1
481
1303
296
1853
977
926
103
274
12
316
723
559
258
1237
819
2
2
1415
9
1600
67
571
1
858
1228
3
77
206
100
701
292
5
1280
974
1932
1230
753
922
875
1674
1289
163
1150
658
1524
1593
666
7
212
938
204
366
153
1678
1986
552
12
1290
181
118
957
110
79
647
267
281
70
1777
147
233
103
894
193
357
54
309
2
1408
6
1468
934
30
1520
200
1311
764
850
1
665
1421
15
766
1401
3
410
35
135
1936
1326
1715
151
1076
893
1519
1344
762
442
746
1649
876
52
300
1989
790
1292
396
151
450
570
150
2
338
253
449
803
1561
1510
503
1112
1141
1921
941
1758
1928
78
74
723
783
860
1
194
752
1890
440
85
1202
954
366
520
1198
64
745
1631
520
558
23
1122
348
746
422
1918
847
453
1181
2
165
287
266
1659
437
3
142
391
91
1915
1880
24
643
513
380
327
1100
327
620
261
536
73
1592
811
372
1840
351
336
48
1539
1063
173
262
1074
348
356
854
735
33
870
1188
8
3
387
62
834
125
14
1069
170
233
422
1120
1696
489
175
1
8
1696
1864
355
2
5
353
6
1
1014
1224
1
281
1033
1783
91
1708
1149
82
31
1660
24
1201
187
1123
33
1980
1650
153
9
1802
238
753
1371
709
25
632
160
591
29
217
1135
1178
599
1401
738
565
1219
763
217
739
492
131
222
75
1396
902
276
1976
839
4
336
209
34
178
288
3
336
422
1797
1965
14
556
145
1254
188
146
140
9
10
1085
1167
1485
1542
554
843
1031
1916
1669
85
1718
2
267
491
1372
208
13
590
1791
245
37
1453
427
51
858
592
1842
84
493
27
153
1121
98
206
560
560
461
1788
165
1262
145
113
207
1924
16
134
1430
1682
1747
5
2
97
497
439
447
90
320
24
25
101
1995
569
401
1142
38
693
1168
1542
1499
53
167
1271
1841
37
926
324
1598
694
147
84
577
70
832
1236
1333
353
1036
11
1197
384
671
1479
175
11
27
1463
1206
457
353
485
527
810
1
493
1684
1529
1816
1453
849
24
648
56
1033
1534
233
1
212
526
1596
479
690
1
1303
17
10
1082
811
1923
38
1110
617
174
153
6
177
848
15
10
341
1128
290
421
12
1714
45
223
249
495
489
49
46
537
1006
1
248
1219
46
159
246
135
482
448
1719
1943
67
693
1912
69
558
522
920
406
1997
367
758
140
1673
1041
242
1866
1249
631
50
4
1395
59
36
864
410
1771
839
268
1366
91
1240
1569
1906
440
268
1908
70
1680
1533
74
33
313
954
78
1538
14
3
597
63
740
76
1027
1863
1632
543
444
129
38
1602
126
184
97
1881
803
472
263
1606
46
327
145
1912
114
1067
194
758
440
1026
549
453
393
48
1331
1121
137
314
432
1392
898
1
523
180
707
54
299
266
876
899
1655
598
1009
408
3
425
1670
77
666
1928
586
551
301
8
1324
1240
102
1106
439
1397
868
1004
1044
553
806
1135
218
20
698
688
42
303
248
813
1304
220
6
1218
1953
260
464
48
645
6
90
167
449
944
5
467
657
186
111
1158
1185
1766
791
1921
1136
59
20
36
1682
1552
1828
162
363
1611
1032
1576
1968
1562
1972
31
465
551
1545
424
901
1977
147
1753
72
875
586
83
290
570
27
1000
434
8
421
190
1308
301
1288
4
1954
318
1945
4
11
4
448
1712
406
801
1970
1661
395
251
5
142
1876
1383
1228
214
540
691
424
303
77
18
324
783
1660
1008
55
991
1178
29
95
1042
63
89
539
76
1859
2
1013
7
518
80
400
43
172
265
1771
130
3
432
949
1553
152
80
547
288
1823
742
312
126
1580
149
965
424
468
126
349
815
220
1027
570
1961
1030
1120
1740
954
1924
1255
174
1
1977
294
9
1676
1086
221
1574
31
481
565
138
1651
167
1435
487
11
644
212
1352
379
876
45
394
1
764
68
983
977
1136
1921
286
1682
33
1747
1272
117
1344
6
539
1218
68
90
508
14
136
479
258
133
1197
1
243
677
196
1547
1250
1011
64
142
291
427
1781
19
135
37
835
834
810
1363
371
1624
1359
9
1
1518
1022
634
705
910
35
149
609
1417
820
1496
168
569
1572
1523
261
335
476
277
424
18
1313
1823
62
1170
1565
6
1859
1737
152
1697
6
623
1770
15
1205
171
127
470
126
1251
8
17
471
459
139
814
1284
1745
1007
34
103
950
1367
985
216
356
27
591
561
1280
1161
1619
1071
662
307
1356
54
1396
4
123
1578
326
1214
1514
58
40
1341
882
1726
65
67
782
147
747
200
368
30
532
733
1810
629
618
4
1452
66
299
651
1898
1161
214
1348
632
577
316
312
1849
1197
1398
527
778
290
1187
32
151
377
129
450
1476
56
1378
84
306
1221
840
1353
896
21
6
53
375
1170
223
643
21
264
80
281
578
105
898
785
828
374
1616
29
1138
1467
2
38
1123
191
241
583
394
465
1
79
1028
744
1487
845
1781
1277
462
1204
1522
1841
7
1
373
450
286
314
58
374
498
449
963
14
36
147
1554
603
1056
1265
1051
1106
1900
341
471
1391
1852
222
22
1203
441
1131
34
1004
1151
1053
1781
605
457
114
418
3
5
1363
2
1134
553
833
360
1872
448
725
1323
580
663
1030
1022
1334
1135
2
165
1692
449
1551
1090
14
905
171
1220
247
1700
1268
607
86
824
1
144
1800
1305
37
1689
256
59
37
43
522
1056
1625
1593
3
43
1225
631
281
116
1056
927
435
1363
830
15
417
3
4
170
726
94
7
710
628
945
1815
1145
86
1451
1241
1373
1724
55
165
122
1091
179
1219
49
140
638
637
130
597
278
1736
285
158
441
358
98
255
5
680
6
1725
490
803
1633
1086
77
253
822
868
79
827
744
1283
1346
682
666
1864
1703
1965
1002
1255
1187
337
1368
403
1284
301
98
1577
1
42
539
47
753
114
887
1910
71
47
853
1184
1696
70
45
7
1839
1438
1100
275
818
766
1198
287
1382
69
219
812
239
1470
235
1311
304
19
1873
518
489
595
60
30
249
477
295
1165
169
83
1425
1311
998
229
342
194
90
910
438
108
180
12
795
1894
379
12
1139
114
33
364
772
1429
460
110
1469
650
1781
73
2
1409
1678
643
1205
1814
116
14
1225
1487
86
843
812
68
22
1273
506
564
914
149
305
1813
381
897
314
1169
80
73
559
388
70
583
1548
115
393
60
46
86
347
1
201
1827
1262
344
511
27
1874
1432
1931
44
640
205
676
267
1323
1996
68
66
29
804
1619
186
562
35
14
1747
437
756
106
403
376
599
764
1924
904
84
54
111
120
682
897
998
1035
12
297
1646
445
1117
261
5
261
222
143
581
15
424
142
168
253
1215
26
34
615
1011
1623
45
866
229
1295
1642
1286
1452
108
227
6
131
6
698
258
577
17
260
775
1421
980
465
18
30
1916
31
416
991
997
884
72
101
14
192
218
68
939
1739
342
1093
1775
484
34
1700
17
610
1795
1456
154
27
531
58
622
200
69
1717
255
635
41
363
266
12
465
154
423
100
1538
80
107
1608
87
1844
838
990
17
1753
1831
336
575
1862
531
57
329
12
185
798
367
573
4
1443
166
1587
81
165
1375
525
30
1761
69
755
1280
304
820
938
1940
1075
343
309
1622
326
673
3
1179
616
1950
1283
1092
1753
21
646
1888
981
1097
1786
1280
1955
410
18
578
526
1017
42
179
159
1545
458
119
1769
297
1432
130
1
231
61
1516
118
1174
201
122
1914
50
464
583
412
19
858
42
253
176
857
930
1921
233
864
1810
43
3
1550
211
181
646
1113
353
183
666
156
185
877
240
1073
1280
500
1521
253
95
14
1784
534
48
1470
633
33
1896
341
1
479
235
893
123
784
10
222
1434
177
465
103
1056
496
1331
1118
353
235
1129
122
277
983
316
16
1164
497
273
500
406
1367
10
27
869
789
298
181
3
1532
1147
1877
112
173
550
213
199
260
171
78
1046
723
173
6
99
920
1345
97
1298
880
393
395
143
453
484
1779
1419
14
186
10
75
2
515
36
1429
158
1148
1857
292
355
553
1400
1543
1836
1686
9
135
667
323
1029
1
1174
760
1853
4
1278
323
125
997
21
6
1867
1684
1041
6
1313
33
1460
1718
280
1470
199
12
225
672
34
1602
1051
975
483
239
233
59
1036
698
612
45
524
22
692
253
1607
550
1610
23
572
619
1111
18
34
692
362
1254
14
381
3
95
1639
1879
1078
1007
9
276
220
6
1928
1780
218
1414
4
469
279
5
179
145
891
1149
3
430
1766
501
453
359
1854
1151
351
118
1813
1945
176
173
1293
1509
145
1710
732
1643
624
1334
1863
52
466
184
181
1943
1745
446
1277
1500
867
121
62
96
1850
348
1
1357
169
1018
1590
819
4
16
529
654
721
1
649
164
50
390
222
1
2
1792
968
475
967
1363
128
794
760
140
1734
999
444
858
944
82
572
627
605
1121
1903
1200
631
72
169
1121
1316
1051
788
1567
55
540
100
1208
850
480
474
1392
273
1774
1741
235
1538
888
1030
892
1021
101
743
22
215
480
290
1972
15
298
192
218
1898
1267
238
717
440
354
3
1342
218
974
127
1109
880
2
398
342
87
1124
1834
278
1960
906
456
1312
32
385
491
889
1093
753
257
1574
149
46
1759
535
993
43
1943
1
171
1647
312
140
1391
1514
663
840
115
512
1013
259
782
870
405
1625
42
948
36
11
689
645
668
261
635
509
562
1131
1405
143
132
1973
141
1773
833
964
630
763
1016
274
83
1374
13
37
847
806
976
579
1720
5
304
718
765
1745
136
734
671
1691
1243
239
1498
1333
1235
1454
1892
1266
1456
1495
3
408
1929
1092
19
1457
3
615
1562
1392
684
43
204
44
1
874
345
1113
630
271
1
279
1429
532
343
749
1288
8
127
926
1578
912
942
206
1013
2
74
19
37
51
98
1908
1313
365
1371
263
13
710
28
36
5
1571
1898
342
476
33
1721
1354
38
51
256
1612
5
320
1190
57
17
1872
1797
1057
1544
1068
18
678
193
343
718
3
122
714
488
58
603
183
785
1311
77
772
815
1683
826
1205
1638
333
106
37
143
1096
1510
677
1631
123
49
1526
2
1136
8
733
399
986
369
19
502
785
883
1613
1138
1682
8
216
1422
815
1918
364
178
1412
1805
273
1944
959
7
64
1096
29
1412
384
661
175
621
993
1021
200
1355
233
762
789
1411
607
24
231
1011
193
1278
1479
467
18
1093
552
358
20
428
1534
365
80
589
1653
179
1340
1647
525
636
665
6
1962
451
128
1179
1726
1851
56
236
625
878
268
1257
1751
847
12
1909
1216
1823
699
1844
978
1971
1308
546
357
1172
472
316
1060
1874
1834
1874
1874
1716
525
838
49
5
1111
1295
146
25
1039
1
1531
1416
5
475
1079
769
813
61
7
1366
260
315
267
1206
1396
1229
701
47
111
1385
54
1391
69
141
578
42
53
1554
178
218
1204
1160
361
33
365
747
1513
1183
402
307
8
1277
623
387
15
523
12
1319
932
1423
1429
78
394
1091
602
537
6
924
1783
590
861
1654
1166
135
650
2
1423
574
26
3
942
49
353
540
1074
697
1396
1379
1965
666
77
1479
829
1181
123
1575
1938
1657
2
10
1
83
1550
630
2
1
101
1457
44
222
1616
1
2
373
1158
274
978
1588
930
876
349
1098
1749
131
52
904
857
8
36
170
60
1969
230
3
742
72
393
129
1029
904
1548
176
86
385
345
710
492
96
1225
175
354
8
1134
1346
1845
821
650
1603
1846
169
1204
782
116
1900
1351
1068
378
211
562
1871
1
435
1252
949
33
514
95
1489
77
693
213
55
204
447
814
920
1747
480
508
154
263
382
1553
580
1487
1920
202
1810
325
977
1831
1013
626
1930
2
70
354
1019
442
778
1065
16
236
1046
1966
1299
1996
204
1784
15
214
523
243
1727
127
1244
1398
1838
50
374
455
763
856
280
1694
1451
1828
407
264
19
1184
1411
339
790
1332
1049
278
46
338
941
156
226
1648
356
33
539
1958
411
573
720
23
1451
235
1566
389
187
802
836
484
423
1066
73
612
287
197
189
464
184
61
48
503
1225
13
303
177
145
2
36
1683
229
1623
1188
124
1201
1650
1815
248
508
356
324
561
888
186
1341
499
1503
594
87
735
1696
1885
35
208
36
1940
22
395
937
99
1493
277
1464
233
1171
103
484
884
545
206
33
222
7
46
1083
1913
116
69
1138
782
300
1115
471
130
77
39
423
1601
1083
1020
107
825
841
1742
430
386
1382
150
73
619
132
1897
589
1914
674
1029
314
1937
626
187
18
1536
771
311
671
1933
118
47
1
916
771
197
1254
1099
56
221
258
673
838
359
1912
279
1067
1294
1886
7
1904
50
1176
1158
1752
1313
557
4
1947
1168
5
811
1858
78
62
1971
711
758
224
7
127
837
101
1305
554
469
819
1118
848
1634
45
293
26
520
17
40
97
1701
24
13
1241
28
200
950
94
1885
1129
234
1253
266
121
48
1689
468
28
146
496
1955
126
514
6
361
1685
1190
579
8
1345
1968
821
70
944
823
1874
570
896
1740
423
1917
55
17
1384
167
488
611
1438
1587
82
1527
12
803
568
280
217
1447
1112
82
433
1983
464
67
15
535
1671
303
16
640
157
29
1453
64
517
307
6
408
485
278
1674
498
20
855
1059
705
40
41
5
773
1665
12
1480
823
316
253
188
2
781
437
315
1386
1418
4
820
889
357
4
1330
1477
1269
1434
648
1905
900
1171
1392
1470
7
21
406
40
83
269
24
7
1997
1270
1411
718
437
1230
1985
38
982
36
430
131
120
1
646
963
1372
856
94
719
36
18
1829
605
1421
985
647
1806
1071
1756
5
74
48
17
587
539
409
1076
600
2
1074
236
1105
104
387
1568
1
98
307
71
7
11
1731
965
1591
142
1696
1304
1054
104
1996
840
8
58
888
339
152
1800
1933
822
197
36
680
1616
255
78
36
20
498
1007
430
43
4
1767
482
247
1051
59
571
1115
1592
148
124
75
920
277
25
71
663
422
1371
49
1937
328
1166
763
1287
214
844
169
751
1710
10
1414
499
620
16
398
901
192
20
12
1421
922
34
1557
761
1898
1823
102
13
385
1760
1881
1219
16
1694
489
25
1213
14
577
2
1127
18
612
30
280
1468
902
273
1647
204
280
926
277
115
826
467
1538
492
1
1089
12
204
107
417
1531
230
1951
1688
1821
350
53
1150
1114
1972
980
112
1701
881
1051
388
1702
50
450
762
1594
43
549
825
406
272
22
437
803
497
294
141
1730
304
1144
606
2
470
800
673
1819
1460
1793
182
1495
679
592
1725
170
710
129
2
180
1373
1156
1221
383
79
843
25
13
424
847
941
266
1334
966
1200
1014
1412
353
1505
1179
29
644
1114
67
349
366
1110
757
356
1678
48
1417
392
1394
1106
578
1
969
396
161
470
16
354
365
1331
51
495
401
222
56
103
1064
1696
491
14
1985
154
1716
842
45
719
11
697
110
6
1636
281
1469
1388
1419
46
687
216
1407
46
1236
724
1886
443
32
647
12
347
1319
805
1090
598
2
1121
38
17
1476
29
1049
168
24
1980
447
278
1785
1484
18
412
603
611
334
127
360
15
157
1861
14
36
2
475
33
331
3
92
4
317
24
712
134
491
835
822
30
331
18
507
857
32
1666
1145
380
46
255
56
245
130
1165
51
441
112
1234
269
928
1864
21
62
1477
1045
961
98
199
1357
72
65
290
1832
89
1062
91
33
3
815
96
140
1795
497
155
1988
1939
741
1803
1270
12
1967
1532
1522
1790
1193
1316
1647
184
1046
1099
69
984
1423
1812
3
513
1500
1268
5
1
645
448
1077
74
1514
1707
1982
278
1187
12
1787
334
35
83
1949
1161
96
59
191
1854
1611
191
331
307
764
463
1
572
559
168
193
808
33
68
137
569
10
25
1200
576
108
148
1351
933
1846
379
17
1829
269
468
383
1534
7
1
1345
1756
170
548
1354
1361
855
776
1147
418
585
43
30
200
1275
497
768
1019
382
14
4
1302
1111
625
482
642
1902
1604
665
555
585
3
1405
366
1673
218
290
815
1995
31
604
1761
902
10
930
120
312
1135
1039
74
176
187
456
1205
4
1023
284
670
37
217
61
112
5
1859
1451
1247
572
841
434
596
815
9
1457
518
10
597
124
89
55
812
1210
570
811
514
1
278
376
1488
781
369
466
653
664
204
586
62
920
15
186
789
1624
862
107
977
1124
5
32
1978
638
16
141
1801
215
4
229
25
59
1615
592
1829
1294
822
89
430
1179
1383
1048
1731
1363
962
1277
6
223
1321
1895
1987
949
1898
16
644
1630
937
776
14
82
1796
498
1992
162
1384
556
767
70
501
365
148
361
185
1404
728
1436
174
11
1
101
232
145
171
60
1584
1812
1031
655
772
1713
28
1926
740
730
634
1417
268
304
1445
815
614
721
85
699
115
116
1009
988
1769
261
1486
1085
636
78
75
902
1281
215
581
65
1939
168
1182
122
31
1531
937
1253
1290
255
1821
1307
605
1178
1874
666
158
79
333
198
524
1401
1054
113
1406
49
10
127
59
89
737
1646
182
1699
1681
1109
57
986
1919
112
23
1728
67
254
185
1755
847
299
1007
220
1919
218
976
1195
306
123
806
1184
5
305
1686
64
37
103
203
65
1320
810
1147
1577
1789
720
740
16
4
79
1202
419
4
107
92
1498
1246
202
1155
670
1181
555
1161
75
85
880
187
18
4
3
17
84
313
194
127
1082
132
1842
937
292
133
151
1724
1375
1261
213
132
1106
1502
766
6
139
1295
1300
299
225
1102
1516
137
502
4
765
696
22
386
330
1705
1442
97
1467
825
1132
568
654
624
38
1070
1
98
506
46
205
920
59
1835
203
6
1024
1052
1581
840
1604
1510
1031
760
863
406
222
1658
223
1578
6
95
425
118
624
939
1240
850
1
590
450
401
244
444
1597
1964
605
1386
153
117
1384
170
6
589
1379
33
211
88
22
992
467
1083
1887
1344
414
1172
106
781
6
85
1617
852
1027
1177
741
1203
802
703
617
1773
141
37
1312
181
438
225
1530
85
379
1919
730
1547
1919
235
469
205
549
211
1348
312
97
130
300
462
225
166
1459
722
292
4
30
1482
1636
422
870
217
1096
372
1173
163
1993
462
57
515
222
325
1213
1292
1470
23
1143
16
1487
208
556
1184
432
306
24
3
63
360
1556
279
1565
447
619
1098
523
524
614
37
362
145
8
317
1
776
1397
37
1452
72
10
1007
838
6
216
1844
459
3
318
834
64
1037
1617
2
388
1521
1038
187
403
1499
1312
151
1134
14
167
1678
517
862
786
625
703
1540
22
471
899
89
52
118
1762
574
54
194
50
1359
410
64
1219
1
164
650
298
257
20
168
425
489
171
220
24
1120
996
54
2
32
1724
498
911
904
489
1477
786
26
105
42
68
1055
464
186
1358
280
204
1377
887
1478
203
761
76
9
488
132
224
1549
483
1804
910
436
738
627
1731
691
526
926
9
36
297
162
943
823
1574
456
147
821
402
1456
1234
1265
1333
476
13
883
278
1010
152
19
690
584
1541
90
211
1291
102
250
1096
372
624
1923
382
1925
284
1816
3
1732
212
561
804
918
40
1625
1258
218
496
1342
7
1893
10
915
1639
34
873
613
868
629
434
446
27
582
344
24
860
1737
22
309
932
106
189
232
292
205
1031
1750
568
264
559
117
1797
118
1647
698
227
848
83
74
552
99
1103
166
1065
26
1818
1376
82
1238
426
1551
1
202
1901
342
252
493
1973
1147
119
138
118
1004
22
606
993
952
335
431
390
4
373
202
76
1482
1207
1687
502
158
516
1104
1902
1177
629
1676
91
553
633
377
1760
157
615
1069
359
1541
636
18
1048
118
768
588
398
49
501
625
1743
1206
126
5
1162
1409
1854
97
256
439
329
28
1605
1245
436
780
14
1
113
981
213
1009
628
1616
876
1572
742
425
780
19
999
189
817
191
506
30
317
226
19
810
3
925
64
14
148
1242
2
1503
132
762
894
144
144
1475
569
139
374
1845
162
42
306
1220
828
132
480
1001
281
400
1529
1750
272
1971
103
169
73
7
217
1589
1207
1479
748
251
26
746
147
849
299
301
1015
992
38
42
602
358
18
1320
245
1954
1050
1
631
1629
39
125
125
100
486
1550
1645
455
178
983
750
678
1358
1995
108
326
193
57
1024
715
206
464
1637
1840
661
392
42
1613
123
559
1146
36
1091
35
853
266
1044
661
1827
111
46
44
380
11
91
195
1555
177
1238
1006
355
128
1470
1959
9
139
1471
478
1192
420
47
1054
672
1923
1767
755
1450
769
228
1189
1789
5
545
528
40
545
1670
69
179
267
1312
163
1928
487
197
1767
1402
309
43
1
78
925
220
137
866
255
248
8
1409
1944
1120
1321
686
1742
175
2
968
731
1225
1523
860
1902
10
24
592
366
1320
766
1701
41
1979
768
88
1930
1714
1922
53
249
48
162
460
1564
734
23
1184
121
695
1
94
367
1
239
362
179
1013
152
171
1839
328
565
129
102
1401
457
1239
1695
1590
1424
1
103
436
325
326
377
1778
1217
682
1479
2
1569
1038
19
1612
199
725
349
14
49
674
1798
637
1038
692
47
3
592
578
257
1345
97
43
568
92
1474
1206
7
1
1028
87
1150
1804
1066
1409
108
271
472
584
1370
15
1531
1841
230
410
1810
1855
392
762
1447
1256
768
224
19
1449
1227
635
336
200
1952
2
316
892
1014
1801
137
207
5
1301
1006
336
132
207
864
363
1173
176
208
596
222
37
474
389
10
1
185
80
177
51
490
182
1070
1330
632
44
581
41
34
464
203
821
1713
1088
705
1259
264
1016
218
447
86
1861
525
158
1
196
764
47
67
4
830
1317
74
385
294
1783
47
656
476
732
441
81
15
238
1272
784
311
1466
803
1608
585
40
90
25
4
910
15
652
1722
12
1564
414
127
547
75
860
372
3
1235
53
1883
1677
1339
510
13
1135
420
1674
11
1860
60
674
1685
179
1403
1888
963
488
1615
319
1644
1247
890
883
1624
1335
305
43
845
1117
1007
607
1343
1264
762
30
37
82
1670
621
322
1194
855
1539
1392
847
162
1403
1657
1642
331
405
175
896
167
1310
73
118
965
619
6
168
220
233
1248
10
309
636
913
954
877
24
683
632
559
1172
8
1073
11
946
1999
48
153
1410
1432
89
16
846
47
5
420
242
164
804
104
30
70
1388
364
115
1
144
7
1041
1496
26
111
676
1650
1137
280
1598
1121
13
452
273
1152
94
274
876
321
381
19
823
10
1708
1569
343
298
880
21
1566
1343
1009
1970
14
11
1208
1852
2
528
69
1996
1794
29
78
1715
507
615
276
1213
1538
279
1681
38
41
262
1112
2
1826
745
365
1777
6
744
1531
66
1283
404
261
131
600
1145
1122
244
315
408
3
1360
1244
923
1401
827
929
1180
752
1094
17
966
1032
155
599
174
333
400
1261
1026
232
1273
132
856
1650
1
1567
652
225
1762
21
1095
282
100
309
791
1775
1178
143
9
1233
1820
698
997
180
189
2
208
20
763
1172
278
22
358
25
1890
1280
303
27
801
79
81
1435
679
1003
409
600
46
29
43
139
346
344
1351
210
739
647
9
354
282
514
110
420
766
1329
1970
11
413
890
1620
24
318
1355
150
501
1875
37
55
56
518
1431
11
25
180
1856
1168
486
304
643
850
17
722
1744
6
9
195
179
304
796
1184
1419
701
610
1134
1403
1951
910
1766
25
32
19
1250
1636
418
1983
795
1424
1212
1990
1082
125
168
1805
1365
2
358
10
1096
129
25
507
1950
1212
1
1671
1587
446
1492
1207
369
522
247
305
87
1878
3
442
1937
37
1
94
139
3
1002
1647
308
101
26
382
14
41
1114
443
1103
541
398
704
89
548
453
26
1570
1402
191
338
667
223
64
125
79
341
253
567
389
1587
1507
1954
920
541
100
290
670
43
3
214
142
260
1948
1833
498
65
46
361
314
50
86
546
21
1078
660
1544
44
2
495
1660
466
670
596
238
1009
1552
1506
145
1755
477
26
467
133
28
965
509
1409
802
291
1602
444
454
384
11
1955
471
371
1366
1124
1528
291
1562
921
1238
124
12
1305
51
151
1530
1075
1241
30
481
1534
649
11
31
1728
2
128
772
1777
618
98
377
110
1665
578
664
481
1726
92
1599
40
1424
113
16
1480
1595
67
1153
866
79
1371
1248
1764
701
437
1673
168
1345
1
891
1911
213
1313
1621
1463
1211
250
533
1086
1386
472
738
2
1090
885
208
113
1601
1378
752
13
181
14
1902
36
1635
1159
1209
612
116
1411
116
1470
913
1452
750
717
180
330
1166
1418
366
221
74
595
1444
178
241
103
1720
370
1421
226
889
231
23
337
1713
1238
1760
2
1228
1369
476
1733
546
1064
883
816
50
1822
449
1506
199
670
1701
1629
76
10
97
1509
1656
949
752
1292
27
214
466
118
987
1519
888
1712
144
764
78
1373
334
1551
658
63
586
1548
1880
1959
685
777
813
498
1271
496
106
400
619
1907
1045
580
1445
34
1593
1337
356
512
1385
946
6
111
123
80
713
752
282
688
346
124
189
1867
619
77
1753
859
54
787
13
171
461
952
27
1573
1578
3
182
60
871
655
529
366
326
829
1439
13
1002
1392
478
715
200
1786
67
591
410
270
300
1903
40
186
388
572
784
295
73
460
770
90
509
986
80
1325
185
75
1714
286
3
498
113
1301
1798
1537
232
284
1270
989
87
1001
54
1366
783
1230
1264
1678
1995
1364
608
1579
539
1147
672
378
1532
487
33
1157
31
484
496
150
114
46
1080
661
1173
860
1884
207
2
1793
595
213
706
79
718
864
811
39
222
721
4
500
1269
719
292
462
176
1944
1142
152
1284
131
11
31
1535
305
1509
43
252
123
1116
58
2
53
1007
1540
859
69
137
466
228
1887
886
532
466
1307
166
363
1811
166
1
33
108
1740
1341
1808
1896
1519
31
1283
110
25
991
1073
552
80
298
594
106
801
289
375
951
1466
258
1489
98
576
3
625
1614
1639
1289
1564
1207
702
139
1272
845
815
12
360
7
539
738
1701
4
1140
972
1844
525
894
212
1544
33
367
540
1444
153
1007
1200
836
1127
160
1216
826
308
20
1492
1286
591
94
1496
64
939
451
135
276
592
163
690
687
892
1389
1928
1009
311
331
1524
4
528
356
322
1791
1957
1732
362
40
39
546
332
7
1632
565
960
1164
118
74
1034
1615
352
719
955
948
743
929
1156
1070
375
1275
171
16
474
340
189
174
1410
21
1544
371
1766
58
1553
65
8
1923
1063
6
986
939
325
224
73
116
1065
241
270
1353
455
1644
1
936
1791
1168
664
545
1502
2
220
1148
1310
129
1856
146
702
1915
29
102
1169
264
994
1756
1021
19
1747
1603
658
702
1422
173
1370
895
1847
1035
165
1266
22
1452
1628
884
356
116
14
529
1605
1149
26
1668
208
603
955
431
522
503
395
1658
908
19
324
1272
1152
188
214
1495
19
612
11
379
556
1667
1018
564
867
67
12
13
1407
45
478
10
1770
1501
742
20
730
1467
532
521
1160
1158
1252
1804
182
587
4
399
288
215
1245
75
348
974
2
1552
139
164
59
1895
1787
1279
888
134
370
67
1301
557
905
551
123
545
1169
634
3
29
1243
1370
324
553
1961
23
311
247
8
1813
1795
766
292
545
33
625
20
566
26
1001
961
663
238
188
517
740
183
72
201
11
1027
21
313
45
2
90
1927
698
201
15
1885
12
859
131
106
579
1
1987
60
464
6
1557
1527
834
402
4
598
825
1793
126
1904
928
261
581
249
50
54
55
383
1907
660
318
405
1083
9
1272
151
67
290
85
327
472
1460
1488
1579
1769
661
789
333
87
1144
454
18
595
1168
1698
1863
810
328
1490
206
243
1658
298
1629
2
436
1476
130
28
40
96
283
326
817
479
1600
812
4
1216
160
933
684
43
1502
1320
229
95
1282
1627
1840
244
1207
934
1595
1595
815
369
13
1140
461
133
102
1340
1568
1482
24
203
515
2
5
147
1501
1549
38
151
125
17
621
1959
6
1108
46
786
1056
821
46
9
1313
795
390
450
200
712
1913
5
111
759
1427
50
838
535
119
1514
1267
50
1065
1143
2
893
114
363
44
1774
8
1938
523
474
1767
399
1160
389
239
596
1606
642
954
169
550
1436
301
660
1118
371
1415
145
210
124
1575
35
983
219
2
1651
247
206
1344
15
13
641
1732
1345
105
880
480
53
54
229
149
1266
1417
1500
91
1901
1909
177
535
413
1335
22
1447
19
1367
4
683
11
1452
463
852
981
295
220
1140
31
69
1710
54
1181
664
417
431
20
5
239
1969
1295
9
431
5
1323
640
262
60
674
1188
642
1508
1721
822
1966
1694
1466
65
1535
74
439
141
8
1337
623
713
57
45
1
375
732
704
257
849
56
742
332
557
1124
820
796
1698
575
540
765
542
130
1096
355
293
55
319
1313
468
650
112
1356
6
1031
523
1007
378
292
1660
723
623
869
8
987
1265
83
1050
1800
141
112
50
2
723
91
1488
1193
938
437
1602
1800
3
1665
1831
561
1691
938
690
853
701
2
11
332
399
243
942
154
193
212
36
632
107
992
1842
1541
1446
22
105
393
1998
52
453
1579
222
216
1
228
167
781
62
757
281
102
1272
1534
638
376
934
1805
1198
54
1025
301
1987
1540
24
1
155
524
513
60
15
1274
1854
809
35
1760
5
1731
140
1260
1687
14
381
53
243
10
749
1
134
1343
10
1728
64
1319
1428
1719
1028
1295
1428
54
423
32
1272
18
551
1107
235
1764
16
1484
156
53
839
757
263
1491
626
1305
941
25
2
1679
329
523
1181
24
1808
856
475
818
365
28
337
384
871
801
228
836
1743
124
183
641
187
2000
78
456
260
300
174
473
629
285
1411
1214
1066
19
1560
503
1455
301
441
1796
1032
1464
19
9
1480
167
81
213
141
1454
418
63
99
2
375
259
1199
276
1805
70
1474
181
929
634
1914
173
1611
1108
780
397
558
857
4
757
1396
2
1612
1253
669
942
592
108
1910
1322
1976
781
836
208
294
380
525
17
960
35
144
979
844
392
1336
32
1110
1510
685
324
13
1048
321
1315
50
317
39
603
18
1636
1356
1241
1309
167
308
529
418
989
1997
93
1265
627
866
312
1171
1744
36
1739
627
1162
587
50
1171
1858
962
92
395
1431
254
577
488
134
105
33
255
1099
798
430
154
1162
1434
1259
2
160
1820
64
195
181
6
39
582
37
1081
1146
167
210
633
44
1617
42
222
1710
1146
1147
254
6
869
586
38
543
48
715
3
16
1070
936
991
530
961
931
1821
224
29
1755
283
1782
1969
241
18
913
1211
1792
419
1058
861
1496
5
199
1972
1329
978
299
771
113
524
311
1482
78
105
1514
16
146
1284
1794
1612
563
1754
1546
968
925
1363
1331
1348
401
552
8
1716
1346
8
145
1907
1452
156
1372
1942
1599
291
1620
540
19
1318
92
269
946
144
190
1893
16
1375
124
1004
1758
1241
6
286
80
1428
83
17
745
992
3
142
275
179
77
42
458
240
1640
3
1559
131
8
1256
320
253
852
1088
212
305
516
407
242
636
1313
1446
1
1
30
780
784
55
41
2
207
846
1294
52
1194
11
966
169
329
897
43
45
467
647
1757
821
232
1980
3
1082
88
92
322
381
1
13
1422
28
1659
1529
382
307
782
564
1918
1288
826
267
1992
279
556
860
882
9
485
1178
1313
88
595
497
74
56
1064
88
31
74
2
2
25
1990
1068
742
1778
344
34
228
404
1550
221
846
55
43
3
913
1010
28
1485
707
682
625
1197
1902
141
1100
788
523
29
347
180
694
187
1969
1998
99
1252
367
303
14
44
999
761
668
1600
541
90
1539
255
1669
1870
124
577
821
276
1
150
78
7
16
391
342
300
254
33
1632
757
580
1488
11
3
518
1243
1828
5
261
481
60
25
20
791
778
129
1657
1494
406
1296
742
92
435
1457
975
1914
721
83
898
942
118
13
3
590
64
327
794
455
1831
15
215
550
1868
276
742
344
1943
16
369
1029
159
52
1233
28
1158
1219
22
1173
8
277
88
1373
1790
313
223
1028
1278
861
1262
724
487
83
989
1514
1394
94
1236
114
1072
382
836
680
891
1631
615
798
930
1653
8
1492
782
7
10
1768
1518
1829
612
1
778
153
412
201
601
43
271
387
299
1918
39
1055
941
1622
294
1997
106
188
898
1105
45
20
12
308
541
413
186
725
1772
117
451
116
219
409
40
342
958
1120
1452
1188
216
77
1376
1166
444
201
6
505
71
1990
795
1691
927
1843
199
11
109
656
1040
25
719
1371
467
314
1362
1904
1814
71
138
186
452
12
196
646
1428
446
1821
1726
506
511
1802
1159
1677
24
864
71
1045
619
1321
1375
51
1750
884
5
24
173
645
307
1826
289
1570
697
172
231
1988
1320
1370
1605
537
16
319
116
889
100
1458
420
719
1886
104
716
1331
660
128
1378
43
984
3
32
17
8
1774
6
1519
32
9
1401
1318
554
702
563
834
21
91
185
451
571
177
1233
118
504
285
1254
606
797
1674
13
485
439
1579
132
116
352
175
349
345
531
455
546
1541
1714
22
914
1702
1231
561
1805
488
605
1875
182
247
655
156
9
6
205
1949
57
611
507
274
241
68
1571
694
1457
1071
336
1551
262
667
497
240
22
40
85
244
326
10
28
30
1998
308
1054
6
540
142
677
50
1169
580
210
130
38
1991
1526
744
1824
94
718
1268
164
87
1809
24
179
34
103
137
27
222
46
391
1822
226
1531
123
902
1735
1475
873
822
609
799
112
1485
1573
1126
348
5
44
382
316
546
447
330
1761
114
1636
193
1117
757
1747
251
566
329
1493
17
729
1169
1209
130
1907
872
782
27
21
25
765
1675
126
335
1088
36
319
7
31
586
569
1898
60
201
219
1322
142
979
1876
15
119
689
95
3
1906
1907
740
374
453
16
1
1263
789
933
1654
328
680
185
852
11
947
192
1957
1265
1
1797
1488
3
1244
538
738
12
1817
183
757
84
520
252
79
1276
1751
1520
71
539
1554
1091
342
381
1686
20
508
1162
45
6
634
1183
827
1417
55
172
1947
1115
129
545
91
554
137
31
379
1102
1829
591
136
864
1017
145
183
348
6
831
61
1187
250
66
725
1798
1762
1226
168
136
119
789
217
1439
258
30
1570
1891
670
1447
359
21
171
1575
799
1212
306
74
1173
524
77
1
1010
1710
1594
78
976
1339
48
166
1123
882
1864
63
85
624
249
681
1702
295
1
29
1495
8
1004
191
536
1119
337
570
1185
602
872
827
354
10
277
958
1702
1264
182
1100
60
1414
48
880
334
109
566
1906
5
67
703
462
38
12
697
766
1495
277
1173
1006
889
23
1013
640
129
459
444
59
310
269
1625
8
1458
108
1503
1559
692
72
1691
887
30
73
194
1065
1663
155
1824
1446
184
419
224
1762
7
5
202
596
1327
9
112
249
1192
1490
267
362
385
109
242
1751
459
1079
1950
357
461
627
188
2
216
478
945
97
13
919
132
934
1866
227
1
630
192
598
574
1903
3
890
1996
110
490
1149
1586
1712
395
1611
490
701
1251
309
266
812
1862
1142
1496
1631
105
702
5
60
91
1486
28
1739
1172
1691
322
50
852
81
331
261
1429
1338
1078
1943
121
214
462
902
564
1264
162
451
380
1031
1502
168
536
639
25
36
207
47
236
805
1959
71
1095
988
841
26
62
1082
1996
482
679
4
1194
1714
1443
131
676
4
1745
1835
325
438
20
1163
757
924
124
1015
1574
909
391
1153
271
759
1515
528
992
810
24
56
167
1995
418
74
1467
125
274
982
1713
651
1779
225
1043
118
517
151
1673
236
1354
1967
531
114
829
645
5
118
1063
1988
55
81
955
70
1397
828
311
694
18
211
346
50
228
1869
281
1695
1848
1253
712
1882
1552
906
1979
98
22
1001
173
1026
1003
541
1807
1987
1616
53
315
37
706
189
1147
1747
1469
911
263
30
1256
926
11
1035
821
1679
16
861
6
978
563
1550
427
249
5
973
92
1853
238
1680
331
714
434
1636
74
40
775
776
895
1178
1636
605
258
227
1542
1949
1561
1421
1945
516
296
369
962
1873
1973
1804
1326
1790
1755
948
1206
283
365
814
1375
1231
717
925
8
163
229
818
943
20
167
1594
73
201
315
3
64
12
1064
1372
7
1127
540
1420
116
1989
302
1551
673
1171
827
435
719
779
269
74
903
297
60
260
33
10
709
7
508
967
448
275
130
876
85
68
308
1
418
22
149
8
290
1437
1997
31
484
85
33
171
902
1442
163
670
530
484
85
636
311
1917
658
125
1655
16
1085
166
801
1049
668
831
92
380
762
1214
1996
371
1840
22
966
1843
366
1495
918
1595
769
1415
1414
994
1131
1259
103
1653
4
939
101
323
1566
50
839
227
1074
30
437
82
635
1220
463
193
1192
1202
442
18
602
1800
601
1320
742
823
199
1474
41
57
37
723
731
100
851
44
17
676
945
8
473
211
74
1359
641
655
660
10
94
10
80
1677
152
626
885
1082
555
341
647
1033
1846
164
1616
830
830
962
1892
477
638
1841
84
775
576
561
1614
19
1607
1421
1325
1413
2
40
441
381
737
1030
98
1901
1433
644
1
1369
30
339
10
837
673
669
44
7
154
868
1111
63
68
1861
382
64
33
42
17
485
68
889
81
436
1566
167
1953
456
19
1847
461
1706
1050
21
42
1779
1005
50
1001
5
1281
729
13
21
46
1498
364
1070
733
636
18
1903
149
571
40
1055
258
588
32
7
328
89
700
10
40
53
1599
951
1598
126
543
2
899
98
1680
374
1083
63
202
707
565
894
21
670
463
68
514
3
349
116
38
922
116
498
69
697
16
197
10
30
78
922
45
258
1053
1128
49
255
496
1047
764
2
367
874
314
1253
576
341
1701
244
230
178
1407
1972
870
1012
1239
492
259
118
12
1125
2
512
82
171
897
82
468
1037
3
159
336
1778
1793
47
1758
1300
1082
894
1004
1988
906
391
782
1633
1047
93
765
56
1569
1452
175
305
202
1
885
453
174
388
6
1262
225
1445
1064
565
57
1938
1159
1541
66
654
1120
1331
54
736
4
842
468
396
1015
1154
90
1359
33
1408
33
1502
1027
1801
176
1958
81
33
15
693
314
46
477
153
228
868
723
315
891
7
532
858
14
875
1846
104
8
791
221
1088
19
479
635
1300
106
887
1642
134
5
870
108
336
112
1577
15
60
206
894
116
12
374
1726
636
543
1713
81
267
1615
1690
793
1175
24
291
5
1022
1867
1409
947
1970
1
430
178
277
126
455
760
181
99
106
16
659
549
10
1031
514
173
1228
1940
229
351
1083
1496
15
835
1109
1918
905
251
1205
34
240
738
140
1293
930
573
1522
773
723
12
89
19
482
383
650
664
42
309
1145
422
26
254
220
266
927
64
989
565
89
55
466
284
119
18
74
32
46
1625
1654
637
1059
1140
252
1821
689
575
430
1548
1442
1893
449
80
1685
989
24
14
408
601
677
990
509
162
32
446
1323
647
71
184
333
431
22
758
230
1
1776
1596
1649
675
957
1665
321
1094
7
810
493
3
1309
661
1866
264
1486
1014
379
1038
597
426
1599
124
126
465
28
400
1241
229
1405
796
1997
86
6
928
487
403
507
771
394
35
1
478
746
916
753
1767
358
962
2
1658
829
58
44
1888
315
197
1704
1237
457
198
60
769
1567
46
473
46
1368
914
563
530
606
1555
1715
1063
291
828
298
1335
664
759
936
1720
1490
193
499
1068
1539
1011
660
32
1855
9
1392
1023
416
93
150
16
1507
135
296
10
802
1077
522
144
526
1221
28
357
243
163
83
293
585
458
217
686
1398
334
331
1036
795
1252
3
2
535
1583
170
332
1906
62
235
1543
1530
995
1868
199
1
285
469
1494
1330
1
520
15
699
1276
227
564
848
40
1271
693
1070
882
299
851
218
848
1335
214
142
1007
18
5
7
13
2
893
1361
124
26
852
69
499
982
230
168
35
94
575
222
263
719
61
38
325
340
1689
1421
1101
1854
517
12
685
495
1085
107
1515
14
1922
1412
965
76
234
364
613
974
1216
1459
1043
1112
1684
1874
242
37
446
12
1885
1812
1351
27
1129
383
483
835
96
291
85
577
776
1735
1396
233
101
1368
1492
16
4
288
1733
1324
482
1766
1969
1432
613
757
1895
301
926
3
1366
597
1831
8
180
928
537
636
106
1099
2
32
1298
113
992
1133
854
1842
127
1498
565
1401
1733
141
1056
1193
188
54
131
804
635
641
320
1275
1037
1353
36
222
15
295
574
1458
1693
783
184
275
356
1339
392
328
22
1
465
25
89
744
76
185
224
1264
175
641
1
97
549
867
1083
658
652
678
13
566
136
750
118
1986
131
1748
43
60
1510
61
428
302
1504
959
1858
40
663
122
33
4
311
1744
531
48
54
412
12
29
281
1053
1700
796
622
22
919
334
1896
756
476
252
1104
102
1507
648
286
1010
134
4
3
138
950
1307
494
1414
278
192
13
1829
75
656
950
1415
323
1568
1434
354
490
786
42
733
408
447
1203
835
79
744
1
89
548
86
1857
23
523
89
1256
1468
296
120
425
176
51
1732
318
690
1186
1289
444
188
1934
621
58
48
1053
169
1375
12
243
934
1272
100
1199
941
1029
3
1339
393
618
70
38
31
1111
1431
391
1353
261
287
246
190
235
3
1334
1274
247
114
698
1911
1832
141
1778
189
1705
11
1163
245
1801
17
118
1524
624
1476
1361
32
744
720
1157
45
802
552
984
145
668
734
289
1
937
1744
89
1289
1787
60
1629
25
106
135
172
3
1217
780
25
311
1533
1315
148
427
1343
1529
1531
97
1484
540
906
1568
722
1325
1694
9
1881
1888
724
413
115
60
1477
6
279
1127
1052
492
802
1623
627
314
99
1027
47
1424
1397
1964
455
344
143
375
559
1070
786
20
515
1209
316
44
1431
1634
1021
1700
26
24
1216
745
184
49
745
115
285
51
1908
653
503
43
1041
334
39
114
174
20
382
402
1889
29
358
1673
662
1489
1219
961
41
3
15
1429
1535
394
23
430
1392
6
545
909
489
184
1
762
1751
1243
2
1435
764
1012
1502
54
1158
1833
4
1887
1915
1669
1038
755
204
121
1752
361
771
1693
214
1176
445
506
3
135
1260
837
15
86
100
1017
1302
1102
277
1032
23
93
85
1200
1129
152
855
10
1516
1118
246
259
29
496
541
1668
229
156
918
39
513
48
282
617
427
2
35
290
67
2000
808
1425
320
571
1281
58
899
1972
53
1075
1017
286
320
919
1099
1722
191
26
173
592
4
633
1230
1703
342
84
898
720
1497
12
37
582
79
1192
22
1929
1272
390
1061
63
1444
37
1998
1544
153
4
58
808
685
356
119
572
124
1944
1039
1637
1150
1425
1901
6
37
287
1178
566
69
1511
654
1932
394
913
4
81
172
1349
651
723
132
610
289
352
1019
349
21
1404
540
580
1669
547
447
1607
972
1888
271
188
1300
148
1984
208
949
26
1779
143
971
294
465
40
203
199
144
134
1713
16
1841
196
440
1427
588
1194
1899
560
1656
281
61
9
1740
1089
642
529
1712
8
19
1371
1447
34
500
708
1840
984
8
104
2
278
151
1859
604
673
801
1902
1976
1182
29
1063
1549
448
15
1362
1967
1616
369
39
11
236
595
145
245
136
1425
424
1698
55
1793
555
1658
372
155
564
800
28
1505
76
206
1135
1570
79
115
521
16
1927
111
132
135
119
106
574
778
1544
114
1709
1753
62
322
420
61
5
1678
704
1386
588
1612
43
49
52
141
1978
946
1489
1997
335
10
960
769
680
428
1221
751
617
1874
547
33
482
717
88
521
12
598
33
76
30
1414
1408
1624
177
44
719
4
835
1
1319
407
483
432
374
1
269
1
1263
1112
32
775
1993
991
1693
286
1
754
1136
16
839
234
34
899
25
207
38
29
1345
1813
23
297
836
1846
422
937
127
636
615
1773
1947
19
4
648
1961
1639
463
1392
1077
46
213
1288
1
2
632
559
1755
561
18
1079
2000
761
521
38
1906
555
21
708
262
30
1434
183
213
415
272
700
363
1263
664
651
684
1501
1076
139
180
63
72
575
1633
231
1302
382
1805
13
816
1147
1286
601
1326
17
1976
910
1091
1369
222
791
2
1674
1379
1053
32
436
735
269
82
293
49
224
507
1213
478
1484
1275
488
362
1182
67
78
669
1504
1201
678
647
1192
461
1729
88
188
651
1557
192
562
1326
623
1084
316
461
1061
247
1370
52
1825
1583
123
12
1130
714
342
1503
1894
26
1560
242
350
1994
1992
1303
1346
1
1594
1015
1898
1651
1973
1263
451
1006
485
1473
125
3
803
6
1142
579
1
31
435
314
191
1266
1205
1874
1241
1371
1397
338
258
138
516
150
156
1222
363
241
1165
718
938
3
556
43
53
555
729
1340
1073
10
183
151
266
1077
194
254
157
1211
971
13
1178
428
522
664
1670
1029
1004
1
320
809
1367
1
1196
543
392
139
430
406
707
189
1200
963
508
1686
1294
161
258
1061
121
1010
289
736
1229
507
1893
1523
1431
691
135
401
116
235
12
1661
516
888
1664
1010
1735
73
852
661
1051
34
71
1237
894
1380
110
9
8
416
172
1297
1281
752
63
126
1017
258
167
3
1115
258
496
1329
1
1946
1648
1994
11
469
947
21
160
862
650
401
463
43
1027
1458
29
12
1707
637
652
200
1407
53
283
3
1560
614
875
74
3
1
933
1134
1887
1201
1522
212
411
153
535
706
142
669
5
36
23
232
325
1631
384
1959
190
1706
1562
1746
986
498
1661
3
1302
186
1748
66
124
1268
625
195
1869
1450
1094
913
683
531
1479
829
307
113
919
1761
1008
412
859
1957
8
210
77
108
373
352
224
26
706
1882
1008
22
1056
385
1565
61
1865
1541
1986
261
1828
1466
619
264
1376
726
393
1095
1065
381
1206
10
359
262
1455
1716
9
597
439
54
569
474
1754
1454
30
311
230
1790
174
268
283
289
1786
273
242
150
10
307
1
3
903
353
1091
306
251
986
935
1663
275
423
76
1045
1488
1639
1
1095
1332
19
1658
368
1145
1903
1538
603
1677
1405
1181
1091
1280
574
309
17
521
4
61
261
13
17
398
4
36
1306
176
1583
188
261
241
1298
1059
563
924
1374
1885
8
49
1924
84
1177
1521
17
12
1887
1182
675
690
208
23
1815
1729
1620
6
583
561
471
267
55
195
1
606
1347
338
909
1082
693
218
1465
846
989
665
121
1753
33
1284
1558
1389
1641
726
536
76
1766
350
140
1227
184
31
266
760
1608
290
159
1467
88
83
55
52
1060
694
1675
551
877
958
419
70
919
706
83
217
1331
1134
609
240
4
1416
476
1497
563
57
1035
368
647
880
1457
834
504
396
1025
1925
164
6
1255
182
1328
698
98
216
696
279
1861
9
1385
67
967
3
46
25
1269
106
1564
1350
334
665
187
127
28
386
73
1886
167
1607
195
1220
248
12
776
638
829
15
1585
333
297
1721
1423
1760
698
8
20
60
1504
3
20
317
1
230
46
1481
56
541
1558
1317
1956
413
1782
1708
769
700
1227
29
1601
1611
396
987
209
409
1676
774
37
626
73
9
136
40
315
798
41
127
1875
443
1078
405
94
1994
279
339
450
403
723
238
874
597
1143
149
190
17
1175
420
258
69
841
1286
1260
50
523
575
1102
556
215
1142
1864
335
1245
1567
206
1145
1673
743
41
627
1277
1175
1603
26
110
1773
138
955
334
209
350
1672
96
925
1993
560
132
1698
202
693
1221
293
208
175
559
1466
939
591
1261
170
1106
673
1610
838
338
391
395
1436
7
876
190
472
153
193
1194
649
1533
2
202
851
770
478
66
1707
363
1440
310
452
440
16
739
145
29
1418
158
424
680
1566
1391
56
1193
1963
16
1057
30
1108
1220
1359
1059
1176
9
150
45
125
1755
96
134
1312
1487
547
765
455
75
1763
46
1965
7
1009
1026
76
942
1031
38
195
63
945
1255
73
88
242
1845
1745
548
9
72
346
40
77
1360
469
385
19
330
523
1061
1
1781
1531
7
975
130
101
1376
29
379
1733
296
183
8
159
456
1257
138
436
20
27
116
131
30
1878
119
351
3
8
582
38
264
665
388
605
332
1127
161
8
114
1924
537
74
1697
1277
1491
1213
259
1214
69
110
188
35
980
1824
272
1382
393
1867
1129
14
31
800
3
682
1585
416
559
1226
1424
127
118
655
36
674
594
1392
1358
1825
1634
1783
158
584
19
12
238
549
850
18
168
10
1246
187
1854
699
1515
92
747
264
1019
661
325
61
6
437
339
1941
2
1797
208
1457
1706
147
935
27
577
157
92
1376
77
654
391
688
69
1561
813
566
478
146
64
262
1247
427
481
808
1221
312
439
1573
137
675
1918
99
89
1818
290
1344
1897
1757
486
3
91
160
374
69
1779
114
1148
25
1310
1439
1927
53
54
514
607
51
591
468
1555
902
166
1530
1788
1547
666
80
488
1
132
1199
1696
142
180
1216
1190
486
9
1191
230
567
401
262
390
889
1367
1546
335
5
1316
17
428
1355
346
846
1943
204
1332
890
903
16
15
552
653
1079
1942
1
158
420
316
418
1963
841
1300
383
119
1345
256
1549
135
101
160
1877
1514
542
585
523
70
1
877
365
1294
379
1709
134
1663
1773
274
840
252
746
1283
64
5
73
1994
12
1918
99
1047
987
10
168
1349
370
1133
1604
1817
593
349
58
977
794
7
214
825
465
1275
1728
236
604
1041
160
6
1707
832
138
514
1128
957
1816
473
816
796
1456
90
1267
244
633
1544
224
48
605
333
289
205
25
21
223
364
1015
71
550
911
621
1803
23
1272
20
658
1549
22
1515
630
455
837
1399
45
1564
1408
2
1232
1317
1998
899
18
422
330
1190
860
40
1869
1179
526
1755
405
139
727
654
99
579
1073
590
575
701
1755
897
1633
810
3
430
55
2
215
1141
10
27
1130
770
266
1759
1004
711
598
1814
1910
2
236
7
106
1474
1036
660
81
573
1457
666
511
1563
1424
145
8
1399
614
37
343
1266
64
405
817
34
193
384
212
753
14
13
220
1087
157
312
605
1
1052
310
1254
584
42
110
479
13
754
263
112
612
376
70
40
17
39
252
657
5
1297
976
927
561
113
1514
31
94
305
907
31
1932
102
1493
104
18
510
83
503
1170
142
1305
348
128
128
3
592
69
1500
407
1359
925
618
131
784
545
452
1810
865
67
11
1680
620
1100
1771
33
247
1175
132
318
1975
241
882
238
11
669
1
380
132
161
18
1153
1270
731
2
1058
293
87
1310
897
813
1677
119
441
104
93
1369
1070
1180
25
142
1713
1146
712
993
1067
30
1227
1813
1371
688
109
1371
1637
32
838
4
947
123
865
882
267
291
920
682
186
1785
1741
387
2
33
1679
1992
742
223
1044
236
546
1327
65
291
1928
381
656
1734
376
1045
1168
1
435
1512
162
1191
1594
324
1600
974
11
184
1115
154
133
2
62
83
274
791
1774
329
3
688
727
1679
1412
159
89
984
1200
1866
153
191
1435
183
496
243
1572
3
75
108
373
1895
835
348
806
38
456
284
1
1119
117
991
487
1301
1080
538
1323
578
921
1437
529
12
92
910
1352
223
1743
1578
105
72
1275
13
1656
269
20
888
343
271
1886
1329
205
664
1827
860
8
1816
136
785
77
1715
1218
244
11
169
1541
147
1051
373
7
172
1523
159
1753
915
1644
432
1828
722
29
793
18
975
705
43
830
982
354
1439
1775
1
109
846
1619
388
23
441
306
1038
1236
1549
214
128
26
962
109
10
100
279
572
65
772
279
1046
874
38
202
1688
572
1022
895
96
1820
297
608
1262
98
1498
1959
4
100
9
3
12
230
312
352
122
1093
405
462
39
695
1502
1251
172
1739
106
1386
1209
718
1714
629
711
456
40
1993
229
46
962
25
347
357
854
276
494
1859
15
1288
9
53
1353
1826
1237
184
332
783
678
1764
105
668
102
1544
110
266
135
621
681
1793
1295
1926
15
21
1746
1270
1738
1642
1888
1330
15
196
1623
1889
913
457
15
13
175
776
48
5
134
1910
312
83
1536
35
481
141
263
176
826
163
1974
71
1432
141
151
268
1400
1553
3
31
1707
1685
1422
328
650
1329
1115
437
299
838
631
12
518
1242
1561
789
18
639
1876
438
125
587
37
580
104
759
563
235
1661
72
132
332
188
1064
110
909
204
1412
1343
302
1634
484
1286
1391
23
1846
146
9
170
109
84
246
484
1075
414
1496
1639
1934
1297
482
927
260
27
9
200
228
1941
1200
255
796
447
1055
1866
954
183
675
84
1630
1362
2000
577
213
9
3
11
1313
3
337
56
7
1
1632
495
349
1
1910
203
76
645
1532
584
1668
1285
267
1235
1948
369
72
746
204
381
142
14
529
1152
1428
739
432
254
2
1745
167
704
1459
605
1280
647
43
349
107
26
154
5
79
739
1324
490
212
929
6
101
314
1093
1803
395
1296
953
675
12
794
1438
240
249
884
1584
1496
473
922
686
1851
263
340
1452
262
1080
356
68
196
1013
394
585
778
1327
270
10
1667
899
838
1056
3
718
2
1429
284
376
232
3
1463
1015
1420
718
340
8
1021
993
37
1191
165
699
1271
297
16
1329
85
87
766
1168
1858
12
1648
406
1981
1376
336
19
1746
595
1424
1070
1466
1360
1778
1043
1286
19
707
1725
350
198
320
535
1487
360
230
17
1895
1710
