129
7
6
1
1095
14
2
8
207
2
79
1
322
11
101
17
14
5
29
10
213
27
30
5
125
425
17
804
885
2890
9
1283
1039
4
12
1
3
879
853
11
1053
5
196
31
1811
335
973
7
6
5
1
1022
2
769
183
2134
311
97
2069
15
97
403
9
1
5
6
740
445
256
11
37
5
672
11
646
1968
881
690
248
26
25
5
390
333
2358
39
3
44
2
20
181
1
2
104
74
23
178
159
1
1453
151
5
4
15
3
21
52
13
1508
1181
51
3
8
390
4
1151
870
4
280
332
1
30
342
10
2904
34
8
4
61
372
1
216
92
2316
230
653
1
219
8
1
2
317
266
15
812
4
1
1
3
15
7
5
1
3
3
91
1067
23
1647
421
2946
70
6
80
142
123
1116
247
505
1273
1
144
31
1299
938
379
8
2482
86
2293
30
13
1739
2007
877
66
386
7
231
56
32
75
40
422
32
290
2065
31
38
499
267
1283
532
25
1
10
241
1593
2
88
3
80
103
1539
25
1
241
2
16
36
1858
1
808
1
1414
102
6
1275
1
31
2
1849
39
3
70
2
1182
1863
16
214
56
13
12
666
14
421
8
1
160
20
63
1
34
786
1
351
71
5
1018
86
63
29
2
2
1
32
1447
1
284
305
295
1487
2
40
229
100
363
1
93
35
1
62
263
2
2633
27
1
9
254
8
41
77
50
2
5
11
1
69
11
73
9
6
9
38
1076
51
15
2386
2222
2
2210
1189
2393
1
84
1
1
185
1
21
1
1
125
1295
24
8
87
1
454
282
44
22
27
100
303
206
63
1
1240
1
30
514
11
5
105
1
760
284
7
4
17
1712
5
35
354
2046
364
1
51
1
495
1
17
3
68
80
407
92
257
1
520
1
328
861
2003
10
268
15
1689
28
1740
21
170
4
2
6
186
1223
342
121
47
1
2625
1
2
58
1910
30
224
2350
2312
282
8
193
1
35
262
70
837
65
316
60
29
15
2
1828
514
93
499
3
3
1
50
138
45
293
1
101
138
126
1393
315
539
776
8
4
43
15
2
228
127
43
8
9
2557
4
219
11
3
1
332
704
1505
131
7
1
14
166
249
1
3
1
286
36
3
1577
55
856
1
72
88
4
16
1002
922
11
1
129
98
107
3
7
30
1718
2
2
43
2
1317
7
13
17
10
1774
101
7
321
1658
1270
5
7
23
6
17
7
211
1
7
29
1
463
498
5
1
5
3
256
1270
95
1469
169
2
14
16
1060
1
1
69
30
1
327
119
76
443
432
53
2338
36
8
37
112
179
4
476
37
109
902
70
34
5
1
2502
48
46
15
4
10
1
32
7
18
598
73
508
44
25
635
2158
2
208
723
1
623
1
3
1
1
1710
5
2777
2226
1500
380
443
23
374
1
28
1
2896
210
677
1
5
6
100
52
4
57
17
583
3
4
6
2196
2
1
50
9
1948
2790
2350
1669
34
91
2
261
1040
167
1191
3
6
54
1373
1
1999
1
49
5
1559
36
12
1
793
129
4
4
2
201
32
763
1460
25
31
6
107
210
1930
330
337
7
2179
8
71
11
47
114
919
1
276
19
4
288
3
40
1
33
8
2
2545
1
2
8
6
463
2
1
1
4
605
14
41
1
6
43
2
2708
718
2
1
405
5
146
2809
1
475
2
477
2
54
5
2
5
4
747
8
2
13
2068
508
1
371
10
1059
436
196
1525
18
276
84
358
220
4
2
1
5
6
109
797
2005
47
1
7
1
52
10
1
73
187
656
1
59
526
130
9
2
15
414
6
1
17
805
7
932
6
121
1043
580
2032
6
1
5
67
1
4
116
617
3
2082
2
4
45
1434
30
161
2
1
2337
10
8
71
13
36
5
217
1153
301
701
20
1
502
20
2
2493
77
1
1
760
106
223
271
1
2105
139
1
522
194
124
67
1251
56
2
13
1574
167
285
83
21
3
2
56
164
833
10
251
12
2
1
85
2570
9
71
1
99
1
63
2036
54
468
20
54
1
1920
178
278
12
2414
1927
1511
3
1
279
62
3
1
23
328
1566
399
9
60
1
2407
6
8
1796
1
1
156
3
118
34
2642
7
13
36
43
2
2
3
2
18
1
16
1525
98
2709
271
976
127
372
5
732
873
1
56
1
27
2
1474
5
12
2
1115
3
484
312
2656
56
1425
18
2118
4
2704
35
14
23
6
1
9
80
160
125
22
39
13
1
900
10
2209
13
80
199
526
11
129
3
122
4
8
6
9
1
406
3
3
4
5
234
6
1908
5
39
2
3
341
110
1
136
159
1
13
115
20
699
93
2951
6
779
123
1140
58
8
6
18
153
5
296
18
22
1274
963
1
94
7
1
41
195
408
275
1
1737
24
77
4
814
5
35
2836
418
1
2
138
65
8
387
2
366
456
402
127
1006
112
77
108
31
4
1
1304
13
47
16
1
76
209
2
81
1
2724
666
2
166
2
1
910
280
895
113
5
48
63
102
8
2691
9
105
2820
259
173
641
1490
4
1344
2
43
3
8
104
17
1967
365
148
7
416
1
115
1
1
4
430
3
7
104
89
1
410
109
2
2
335
18
665
29
648
853
4
2544
90
635
1
12
63
477
66
1499
50
1511
898
27
1
1333
1222
42
14
567
520
22
13
6
18
169
871
2643
1
279
45
215
3
376
26
1993
2784
1
1
391
1
395
197
46
1
1372
41
8
293
254
1174
447
1
22
45
166
749
2
2
2
22
33
47
3
876
1020
343
444
2910
67
1
223
195
58
3
1
7
2
1814
4
3
1529
305
13
268
209
65
2
6
5
4
2398
555
29
1
1
22
581
25
612
1450
922
2
1
10
151
2766
1
361
1905
3
1111
1
4
706
4
262
23
956
126
57
1577
17
4
2
1
1
2199
64
54
1
543
443
2
114
330
1157
15
2494
242
201
37
399
113
626
212
27
1
18
898
1668
2
1183
407
516
34
679
1089
22
602
30
159
1596
479
4
3
5
8
1
2
48
1
2
94
355
2227
2
3
2
29
38
8
18
1249
36
825
48
1
4
1785
43
83
4
297
8
1889
29
1
1161
3
91
287
1
7
9
302
1810
2
625
4
12
1009
6
1313
2
2
16
6
167
1
1
80
5
1540
1
1
312
1571
9
1
239
4
155
72
2
1
380
1
13
570
9
721
7
1713
14
25
1100
5
65
4
4
3
295
1
921
3
1
167
81
2750
58
21
1251
92
121
12
2280
2226
4
31
1
2373
19
2687
2801
1
115
3
1
6
58
10
25
51
1
137
1
2068
111
18
41
1097
1
2218
31
4
899
4
11
223
668
2
595
25
421
53
986
4
16
25
390
63
1
57
6
4
672
95
3
788
2
62
1489
2
185
927
2
113
1024
75
380
1
1
2
814
2
8
1286
340
2
1
480
2430
1
22
1
2241
6
1
3
659
3
6
2
1
14
4
907
3
49
133
279
526
19
409
4
6
46
12
30
6
2635
11
112
45
5
1528
97
78
109
360
15
4
1701
19
9
108
157
177
2212
2844
38
322
721
5
61
12
13
4
71
24
2870
10
1
4
906
10
12
20
333
63
2271
1
5
13
26
56
1313
3
10
37
16
1016
1337
140
76
11
35
61
14
31
27
530
1983
37
2
1
34
2214
149
251
169
23
723
83
2
6
109
19
2497
22
2312
5
750
4
36
529
42
14
6
543
829
1199
2
72
88
1
1
28
3
866
3
297
25
19
207
2
77
2838
2923
21
1
3
15
3
1832
61
14
4
3
500
4
2
1
13
61
211
5
26
1182
787
1
237
2
2
709
2620
28
16
3
48
1769
34
88
6
7
9
709
31
138
116
102
325
11
283
15
1
1099
48
1
44
25
450
311
378
3
3
2
2018
1
32
1
13
324
1319
188
2130
18
40
337
18
2431
2219
19
336
119
1
14
12
877
163
19
8
110
23
28
2
221
14
34
477
1
4
1
316
1
140
595
118
1
1
48
176
284
2
2804
2
13
38
1641
1683
2
196
53
9
36
4
2
71
40
19
5
1
1
193
28
339
3
35
10
1869
217
1
16
231
4
2
946
1
135
130
11
1
2
1836
40
1671
2
1
36
73
180
1441
6
126
552
2
342
1041
2940
767
2863
224
1
7
11
261
4
51
1
1037
9
1
3
3
775
3
49
1
87
30
51
141
714
58
17
74
34
221
54
771
9
15
136
7
2264
556
389
18
9
239
1255
2
174
46
151
1243
3
31
6
5
15
487
272
27
831
2194
46
477
3
14
96
1
1
237
9
8
3
47
984
2
24
4
1006
8
583
144
25
2522
76
744
25
17
13
39
107
1401
299
2042
1
9
932
279
2
1109
1918
5
1
580
285
2544
102
4
1120
2044
1
313
147
6
5
3
3
3
2340
51
148
13
2
10
62
1813
128
2
192
126
1
31
268
39
4
10
6
4
1
763
9
5
3
48
2
1
11
1928
365
2648
493
28
159
1232
141
1840
1389
37
7
26
25
2617
3
1
121
1
210
42
6
28
415
3
14
301
1
52
91
18
162
87
2
171
16
16
4
57
131
8
8
397
9
910
22
36
5
563
58
696
6
20
380
10
1128
226
651
1
1184
219
5
25
66
1454
918
43
1114
4
89
2
6
122
26
24
6
3
2
1
114
1
31
42
11
2
10
11
1623
369
6
441
6
9
939
136
118
1
2
40
1
1237
1
3
2568
78
265
1
1
18
1210
893
33
253
385
2050
1
17
34
20
1
355
124
26
600
2
113
402
2
235
39
2981
1
10
43
1299
1588
204
4
1
49
2965
27
4
7
333
110
1396
1
1
1
168
252
232
970
3
1853
1
1
2
33
903
2
60
81
44
1
7
1691
11
11
15
732
3
99
552
1213
1518
1
36
24
1915
13
2
1
52
71
4
876
66
2382
296
2976
89
1
1865
452
30
7
7
9
360
1
4
948
45
558
64
16
1
119
619
23
959
2658
7
935
3
5
15
170
13
4
48
53
56
1
12
403
1767
202
3
51
1
4
1
60
32
12
53
104
1751
1337
1006
723
439
10
1
260
172
30
233
2
20
7
2918
2
255
357
3
1
7
940
3
8
1057
2132
7
6
1414
274
48
465
11
4
687
1
2
36
3
8
209
1717
119
1
1903
2
1
2
488
829
6
3
2951
464
235
5
2
324
15
170
177
10
14
14
9
41
440
34
75
253
636
24
29
2
17
44
1
1
2313
13
19
679
465
1067
1
1
453
1913
146
16
13
1210
376
2960
2
24
1
90
2898
7
249
407
19
54
199
1
3
59
52
156
2404
2
22
253
1
878
4
273
1
316
1
2
9
4
369
3
71
31
1
308
29
30
1063
2
976
1
339
1
2830
3
9
1
70
341
1
1345
3
1
2
51
1005
2162
14
2
1
7
2680
9
1
1
22
1357
236
683
412
9
326
3
2
413
307
5
9
20
1143
10
1
1
2
20
133
3
167
19
1
67
1
39
1955
12
1
5
2
6
10
800
163
159
76
2
31
1
8
1476
4
3
13
428
4
153
1514
17
3
1367
1
4
1
973
1084
73
972
62
18
54
30
48
3
2
1323
4
16
514
866
7
29
473
1
651
184
17
178
217
210
1545
30
1583
1
255
248
3
8
87
1112
451
4
4
236
12
435
6
2
14
30
16
1440
67
18
9
11
272
95
15
9
1
113
366
262
2862
1
561
487
3
1
1
61
1155
20
5
26
5
160
3
3
319
1
1624
2244
1
1723
5
2
780
1
6
1365
34
10
3
1
2
1
2
173
94
433
118
4
1
1317
2
828
2
93
4
350
1
9
57
22
1
2
2
348
356
8
35
1
3
45
4
5
987
14
1
248
1367
1
73
2
3
50
3
1
85
44
1
12
1616
107
2
8
27
453
2144
1
1
481
12
1
837
4
166
1701
3
10
33
816
1316
1
163
33
460
7
55
1657
3
1593
12
1
1775
1
865
1
166
3
384
3
48
361
9
132
14
2
1
1
818
95
54
93
4
12
22
4
825
1
7
1
5
585
106
2
828
1354
93
49
2125
39
43
320
527
1
44
20
2
10
3
1263
127
12
33
296
5
2
76
183
5
3
9
1
2
47
1818
586
2244
1
170
1122
17
15
157
6
3
1947
10
1265
69
232
873
93
1
495
6
2
1
34
2387
137
107
2
1446
131
313
934
262
21
320
136
1
1
1
25
45
1457
1
2
111
3
43
971
57
2806
86
68
494
1139
2671
22
670
3
18
390
3
4
1855
457
218
910
1
454
608
13
556
412
1795
48
256
2061
4
18
2
78
267
74
1148
2
10
2
2427
99
2184
7
275
5
422
1
1478
557
3
35
66
93
16
6
2994
45
250
1152
1079
1864
147
870
816
200
1278
12
269
114
1
664
23
4
1180
58
50
5
10
865
13
63
6
19
1278
898
1641
7
6
58
46
106
426
15
163
676
4
2545
4
1
1
4
330
3
427
100
16
2
2017
74
4
60
870
1
110
612
989
1238
1
360
19
15
2988
1
1780
3
1376
1
2
10
51
111
1242
1
36
5
400
77
112
31
133
921
905
411
1884
352
412
120
141
30
16
7
9
690
1
2158
13
363
287
6
197
24
754
2043
6
1
11
12
5
212
41
11
10
14
112
118
45
24
107
6
159
27
3
92
2
42
2605
564
2
3
544
2
22
356
278
384
1
1
791
2
35
4
5
31
1
21
432
11
3
12
80
75
1
1911
23
1
603
12
247
1887
698
57
7
2
3
478
2
1795
121
1
235
3
2
1221
344
26
75
31
1
122
401
569
2249
19
1
173
35
1871
3
341
39
317
3
1
38
32
4
16
8
1746
1079
26
592
3
6
3
7
2981
663
145
4
18
2
16
737
2306
2
1
2253
218
136
48
87
2
1215
1
1
397
1014
1
1
1
20
15
67
131
150
140
1
1
3
126
1672
3
8
11
3
1195
3
6
3
1
9
336
15
27
73
24
169
3
39
17
477
1208
109
20
1829
11
323
259
448
20
6
56
103
2
2225
461
1
26
116
16
29
21
153
2
8
462
20
42
4
16
1786
1667
2
6
119
21
85
87
23
18
26
2
13
44
2676
26
1519
1
280
556
944
282
68
3
13
137
52
1
145
1
993
2
19
53
184
2
2636
10
1285
144
84
735
1286
13
203
55
202
243
95
446
46
1302
149
188
1
725
518
3
6
829
7
158
3
5
1
102
9
704
6
97
172
1606
23
2212
94
3
54
2
9
15
1
2761
25
343
6
6
43
22
7
1454
31
1007
1357
4
190
2
25
2
788
476
36
19
25
60
834
1884
1823
2
8
344
2
8
156
85
585
7
48
1
8
2
1
141
2
1
1
1376
159
1
567
209
3
1
1
7
110
289
54
869
2
783
253
1
54
4
8
375
105
1
1653
241
590
114
55
10
1209
1368
74
98
1
1
1
8
530
18
3
60
5
1929
153
23
20
1
2
231
132
2
126
77
9
227
2121
1870
2503
119
4
129
7
481
99
849
406
34
23
930
434
1
25
1002
44
543
350
7
24
1
470
2094
1
523
38
691
6
1
3
1
2
2699
117
30
1
33
170
87
4
20
738
406
2
4
39
203
171
47
340
1117
1172
33
5
11
2
1080
2
14
14
78
22
212
948
14
58
129
1
329
14
2
5
1459
99
29
7
88
29
5
6
8
1509
1
1
20
34
19
2089
2205
8
1
100
30
2
39
9
558
45
2
1
442
2505
97
1234
5
19
256
1988
4
122
1337
842
1999
1696
1
790
7
1202
5
3
982
111
71
1
2205
559
1
3
1100
1630
1679
112
574
38
3
65
1
1
63
1
15
63
278
13
3
2371
2053
549
722
92
88
190
108
41
2
5
25
17
1034
6
25
86
2357
5
82
394
872
1
60
2
650
256
143
3
1517
326
1
5
9
2
4
19
982
1569
1
316
17
33
2962
62
1
1097
136
453
131
4
1113
1
37
189
24
4
5
734
1
38
1
647
38
1
7
883
2989
176
3
2
1897
174
2
987
8
2
135
9
203
1
4
786
11
1059
82
1
287
20
4
137
828
20
2522
122
2283
534
1
507
1
903
2482
2
2
3
13
775
112
18
70
2
1
16
4
126
5
21
382
2
1475
272
2473
38
2645
1606
104
270
2543
58
3
1
371
1
8
675
7
65
21
14
284
292
948
428
7
15
1614
145
52
1
73
11
1
6
1
1
153
3
91
106
13
94
13
17
4
12
2070
888
1146
2
1675
17
18
3
86
6
2
260
7
46
179
11
137
1
92
7
1182
1
214
1
120
1
224
661
4
228
8
1
1038
67
133
6
4
72
346
44
2322
3
2079
6
28
22
243
19
1
149
37
46
368
39
469
23
596
21
1033
19
2
371
4
1
12
11
2
37
1450
38
1
324
1744
2
80
1
10
292
398
2159
20
2
1246
36
2
21
2
99
23
2
862
2287
8
1
2
331
38
482
404
9
783
1
128
65
18
5
1
143
1450
1
64
19
68
345
24
286
318
1862
80
201
556
82
6
63
6
43
1
1008
223
6
312
2908
2
64
1215
711
1
191
1609
224
116
2
367
80
50
26
62
6
2
1
570
10
20
1109
4
158
2
7
121
103
3
3
3
1
771
8
47
512
4
321
18
129
910
56
1
52
1
1652
363
472
220
145
433
1367
255
1393
7
365
875
1
255
2
1113
10
12
5
1
2
1
1
7
1635
13
2
150
102
267
4
390
5
38
4
28
1225
3
382
2771
17
2448
668
12
6
17
2
669
2
935
2
16
4
109
37
51
3
1219
8
2306
6
46
90
27
1139
1
894
47
35
3
1
1732
83
622
1
2
622
10
19
40
7
25
68
31
5
2009
945
1
2
412
2
1246
63
1
561
4
4
1
3
3
306
583
7
1025
381
15
2014
87
508
172
341
17
214
2708
520
17
718
17
31
227
140
9
18
1
2
188
284
2221
6
36
386
2350
16
59
82
16
73
1398
27
10
2
1
956
25
14
24
279
6
423
379
3
1
101
9
1282
941
13
4
76
1
10
1178
9
2
1
130
1
3
7
19
29
9
5
11
22
35
1
1
259
2723
541
1
95
1
2
348
110
85
6
4
17
10
91
51
7
69
55
40
2
144
3
1
62
153
1457
326
1664
1
3
1
2435
110
12
141
126
421
34
640
15
9
195
11
8
2302
3
29
21
520
2
1244
2
13
619
78
4
42
53
45
15
95
32
3
157
8
1289
495
806
12
8
1
2604
6
1
5
18
708
1
1215
1507
1
1
1
129
38
2
85
27
7
902
1
1
92
479
112
109
1
7
1899
3
5
2
1012
74
11
2
60
2943
2
104
20
62
1
843
2556
1
975
7
280
444
1
7
1
339
15
64
20
614
2
1
119
246
3
5
2932
17
1
56
1
1298
25
1
57
231
51
345
3
236
54
126
36
2457
259
1175
17
7
155
5
1
350
1
36
1
1
102
2
294
3
3
8
17
395
3
2960
1542
99
28
31
2
617
36
202
1211
1
41
144
1
162
1505
10
1
55
1
470
1
11
210
85
633
11
2390
7
1
1094
1315
108
13
1
22
4
7
917
984
2828
665
32
4
1879
5
621
2
13
223
13
91
76
34
1
538
270
21
3
1
17
3
32
2623
17
1
143
11
27
2358
157
198
2
5
4
97
183
14
7
603
929
1530
4
3
3
302
17
45
69
2058
11
451
41
161
3
34
108
184
61
71
1
716
1725
1577
4
829
1
121
1788
118
20
10
18
50
1
832
16
338
972
25
228
304
177
1128
47
1971
6
2
111
184
4
455
196
8
963
705
522
213
1121
101
92
1
1311
26
749
1
2728
353
1
7
2
416
7
21
7
20
1167
2
9
23
413
1150
437
325
1
1760
32
46
3
1
3
2
176
122
73
270
31
1180
1
54
2
22
2
324
221
1379
243
1
55
1
202
1466
4
23
876
195
8
1457
10
2
565
4
5
2194
1
38
49
34
779
132
13
1
380
9
401
223
1065
29
453
1
14
17
3
1
2
9
51
22
2
2
87
42
6
37
1
3
18
106
5
9
5
2277
2204
5
452
3
9
1518
1
232
1529
1554
1
1241
1
59
666
3
7
1
1523
320
3
4
610
1089
167
1
27
95
2041
638
1476
2983
2006
21
4
40
8
146
1
3
1
1
1
75
1986
4
1
1
292
172
363
47
1
19
780
95
1
5
2808
68
3
1
32
1
447
2
150
800
1040
128
318
20
95
35
3
1
2517
2813
19
89
1
152
555
280
31
21
8
3
26
6
1
176
6
88
52
120
32
327
878
1
172
2433
107
81
1
1
4
124
3
841
2
1
123
132
2
15
493
16
5
377
26
114
980
29
1604
306
2
194
6
520
9
71
18
569
1
141
4
127
553
468
20
3
122
1
3
1
526
3
13
77
110
32
46
1110
26
5
29
3
57
2
84
6
946
3
669
1159
34
23
1231
6
451
7
219
1102
329
232
548
11
776
5
3
186
1404
1
1
45
29
9
12
4
34
1
8
22
1
241
3
1348
14
159
1944
1
2
1
1012
2230
2
26
1
10
229
500
3
1
27
56
5
24
1042
15
3
36
1
161
66
5
10
3
125
97
38
1654
167
1
1
164
2
301
5
26
3
1662
1963
607
22
1459
2968
762
419
1
5
119
7
106
49
12
1
2271
17
10
543
236
2
1
130
481
873
75
2
225
235
7
21
262
2604
4
262
170
1
2
1
22
1
1752
15
447
31
151
365
434
756
1027
95
2356
1
5
51
498
1
126
135
119
19
31
5
1766
971
702
133
901
4
22
137
1
85
5
543
14
19
158
1
582
144
1
255
1062
18
8
2031
40
1
1247
255
2355
55
1185
7
2233
1
10
191
1661
2815
773
41
2997
4
128
2980
24
2
1636
1994
421
7
11
779
12
1102
73
63
62
2
227
257
2
5
242
492
322
444
546
1
5
21
13
1830
3
3
27
1141
4
12
2
542
40
416
1060
23
714
7
1684
7
6
11
4
156
1
4
1
1
1120
161
451
45
1
4
13
1230
192
1292
4
4
1
9
1067
89
193
1
13
3
1
2684
25
3
362
297
2
499
24
591
11
178
1
2139
29
1088
12
68
261
4
11
3
1735
2
698
2183
2
682
255
66
6
199
2
180
2
6
18
269
87
2612
183
12
27
590
58
70
34
70
227
41
1365
391
436
1
44
244
191
1
1
116
82
4
12
11
1
1215
40
2
19
14
7
1034
404
2404
2
124
1508
562
135
641
21
6
1326
2441
853
156
2
1
31
82
655
1
1181
163
629
1
32
259
1080
216
10
7
42
2824
2235
821
1514
2
8
1290
4
36
226
103
423
169
27
15
3
54
3
197
3
44
382
1
20
15
2
1
884
227
2
1739
436
2
3
3
2564
1
1
1
143
598
44
1675
2
4
9
3
42
314
3
3
13
16
1780
2
2386
842
25
91
1094
11
133
202
1
18
16
146
318
7
613
7
345
1
174
20
1
846
1267
4
2
10
274
16
13
11
132
32
16
1109
398
766
31
36
2839
72
7
81
2
892
1935
1
156
77
71
82
70
2754
497
10
14
853
77
19
1038
4
1
2575
2145
11
304
4
1
40
451
6
55
11
4
11
38
1
1384
1
122
8
1
144
16
2
50
40
1394
210
811
2515
1230
61
16
198
22
191
149
10
1012
2
487
2438
2569
1
294
24
9
3
170
526
95
2
1
6
1824
52
43
1
1
2
3
86
3
6
2307
89
13
73
5
31
12
35
7
693
37
1
20
301
25
1195
4
3
4
3
12
34
69
1172
1
90
1801
1286
1940
6
1126
43
323
230
722
885
2
158
2
281
631
1
47
172
1
664
1245
5
390
1
931
3
1058
10
29
2
1
6
1029
1
47
2
2371
1
5
1
172
2
327
188
138
87
3
927
1550
2737
373
