328
38
117
368
156
311
119
292
245
1041
6
1586
174
48
5
3
9
25
35
584
1322
13
60
107
270
10
1686
224
213
170
141
135
159
2
123
7
1173
1191
669
2
5
1062
1246
727
40
986
1
220
338
26
1111
12
1868
1538
164
26
137
310
225
106
68
320
468
2
189
57
3
1671
1646
147
26
191
25
3
522
3
770
438
1
396
566
27
27
269
6
200
823
1969
1209
38
644
220
1740
1201
13
773
235
796
1711
1647
79
90
1
55
1
913
29
1508
844
360
899
26
1316
781
150
1976
192
54
1723
619
1673
151
83
205
514
8
903
14
1429
1
1782
45
1
437
301
1383
1911
488
1159
48
143
1202
1639
1
20
1408
489
3
382
1185
4
1512
6
495
228
1
32
293
2
211
27
209
66
595
1401
889
5
1310
192
1
172
1386
103
101
506
226
1486
57
555
678
877
603
33
7
190
4
56
4
39
380
1
1683
463
1353
1944
2
115
127
350
16
547
25
1
45
46
4
157
348
25
4
49
1
1146
1630
5
6
1774
724
202
1765
1
94
2
138
858
180
54
135
6
43
1619
1917
180
1692
692
334
39
574
169
1
37
1866
893
273
1723
1
907
1070
556
245
149
1696
28
462
98
82
14
260
5
227
100
39
902
1619
1403
42
69
1340
1
348
1331
201
93
17
1
54
1907
921
285
1121
111
5
261
287
358
711
1
225
75
36
417
1352
1908
1205
329
918
1979
4
55
104
95
5
1898
475
9
182
88
606
14
131
446
8
160
7
628
3
79
288
569
597
23
1273
1186
96
4
971
70
279
297
131
172
314
15
484
16
228
3
1783
32
2
1185
1954
1641
336
67
1751
41
12
71
5
393
11
22
676
11
777
613
19
49
456
23
158
615
313
849
1743
491
6
211
1870
17
3
47
496
3
2
1007
410
3
437
27
83
1473
1594
20
21
582
542
403
395
643
197
14
1613
1540
174
745
155
5
1934
18
230
1593
104
65
14
299
1196
254
26
1230
1923
23
1283
60
519
224
1011
319
88
665
40
22
1
613
1485
628
47
1
57
14
580
5
11
82
165
287
653
11
1002
2
39
401
68
258
186
1
1314
5
1430
1506
1349
11
6
1932
1809
156
883
1048
18
1
483
5
1668
20
6
65
52
837
196
8
294
5
403
8
340
375
1915
97
155
10
12
104
34
1
6
11
81
443
549
52
1
72
981
32
176
772
240
1655
359
1176
59
26
121
772
3
73
803
73
1334
1156
1731
53
785
12
72
96
1
406
474
513
695
987
679
1819
139
160
1448
562
58
13
747
47
28
9
358
86
280
1207
18
103
71
56
3
62
221
45
48
70
287
28
7
257
1243
1629
273
480
1069
355
195
1327
386
172
300
1319
3
1820
111
363
126
84
7
2
1694
52
339
1
1691
772
22
1204
315
648
1116
40
1264
1342
3
309
42
6
237
681
293
5
346
1706
1
1037
180
27
1294
828
309
19
4
341
38
1498
822
170
51
1
1873
97
3
518
1
311
25
91
25
1810
227
22
110
84
7
1472
17
320
943
417
1094
1017
4
1198
1605
367
1113
1501
207
5
465
408
1465
612
427
818
37
156
8
10
30
524
1374
13
13
11
3
528
1664
1
1384
591
20
22
94
5
4
711
578
1933
1
50
193
330
91
64
962
1105
50
4
374
193
1447
1121
1483
17
89
205
28
1282
74
1353
797
4
4
788
1073
74
812
9
94
374
166
158
404
4
11
2
1718
2
316
1225
7
1837
1065
1093
2000
120
13
59
464
1407
362
631
508
16
77
328
865
95
28
1624
1575
30
414
111
1403
281
356
782
13
17
735
517
45
4
1654
90
142
4
1018
24
122
1518
200
1641
7
1733
37
1
279
440
1003
70
178
2
2
11
62
5
2
929
1437
660
932
1144
886
1999
1503
1995
77
17
162
65
16
1121
18
31
122
2
1239
1
4
380
244
2
26
46
24
1
23
1619
333
980
1485
1
47
199
1177
880
1543
198
605
871
3
872
11
25
148
1185
294
2
189
680
1337
521
769
1
70
2
674
195
2
15
481
102
2
1191
4
702
11
7
529
327
148
9
977
1105
2
263
636
123
612
780
94
999
25
1739
720
1348
390
73
746
31
76
529
402
1575
23
134
276
643
313
1
1115
1197
153
306
147
76
1697
37
190
1718
1012
498
721
1889
353
735
541
577
14
63
646
1060
42
245
1902
1415
25
1
1473
640
356
385
45
129
240
470
1303
6
659
274
390
106
687
1
374
580
651
5
14
184
57
25
62
13
156
35
1174
1178
1606
90
615
21
538
2
9
1
408
1756
116
376
1
854
3
1679
17
237
1
520
2
16
1501
685
23
992
76
74
21
24
493
1
816
445
83
64
21
187
1001
14
934
244
28
17
777
22
1
178
748
516
296
790
406
36
38
3
10
1
1274
23
1094
3
331
205
1820
478
511
16
868
101
7
14
25
546
886
1804
696
523
1169
568
13
422
128
225
8
963
2
7
865
337
839
609
738
5
1549
217
127
276
834
40
155
902
183
442
92
814
1033
1012
1028
580
130
559
1617
3
163
321
1
7
82
1424
105
163
360
67
839
232
1
185
78
1
1
206
1463
104
551
384
677
6
643
5
2
7
49
245
423
1801
476
522
73
1814
152
417
11
230
261
27
370
10
811
7
228
4
75
532
1923
71
10
4
162
667
994
57
996
1160
25
1146
35
1548
166
1636
311
1388
1
148
88
115
59
440
217
869
3
267
1645
1945
25
608
47
1518
164
283
1238
2
18
105
50
132
33
1048
424
336
1
146
12
343
253
496
245
449
790
972
30
1356
698
1
1651
33
478
670
853
449
700
2
48
18
43
291
240
77
1860
1
415
358
67
7
331
1052
7
943
22
16
32
1816
1575
23
316
1359
55
18
2
43
1385
122
1
779
166
318
1056
1286
257
1021
203
2000
355
1923
134
1019
2
747
2
24
5
256
31
1073
14
327
50
92
483
121
1408
20
1311
176
1108
212
1195
234
1062
2
76
129
1618
1746
276
196
652
1226
12
1317
10
1797
1197
30
824
588
9
70
6
19
1546
1205
3
4
1230
1828
837
162
768
48
1320
47
792
437
52
475
8
1
12
4
140
424
837
1460
127
238
1802
873
652
1
27
1375
853
767
1380
441
172
1
85
1117
549
47
585
439
272
1330
26
448
47
88
83
1
13
883
572
1541
123
15
81
1949
184
30
1
2
451
61
428
20
1416
1
18
299
764
1631
548
1082
556
1
20
552
10
238
55
262
21
34
714
1224
205
26
26
1634
362
2
1218
1254
1025
112
593
1
104
705
4
47
398
27
19
7
484
433
43
1
1179
3
965
13
236
13
102
260
347
79
834
371
179
318
96
2
5
1
163
1311
858
659
27
637
2
560
845
8
5
561
158
691
1502
1069
4
594
1
95
523
33
1679
62
53
10
1935
834
15
5
19
44
173
117
293
4
1
3
134
1863
306
48
390
238
1785
220
23
348
82
240
666
2
1496
1033
3
106
515
1
347
39
58
14
1382
853
1
14
1612
867
12
1589
1552
162
330
74
550
2
124
5
22
61
318
1237
1212
135
17
246
54
40
394
11
116
23
76
1156
245
504
83
169
172
233
315
1
2
1843
6
1487
29
559
21
1261
16
352
1424
1538
349
367
608
1
500
19
910
302
23
10
62
527
205
143
541
222
937
67
1272
51
923
1074
1
1048
99
2
331
257
1665
344
1
2
950
87
112
3
1772
298
522
24
381
476
819
129
184
106
5
79
408
31
434
142
1309
411
1534
5
350
44
1511
972
479
27
26
1011
1
1245
7
1
176
1558
19
647
649
68
63
63
195
362
1297
139
72
311
400
19
1566
293
23
192
3
311
1480
1257
224
1859
372
447
176
119
1629
44
1
4
4
2
1445
28
1432
5
1526
121
201
180
186
20
330
27
2
54
1537
3
1662
1503
67
992
1
1242
1278
1
2
1
93
299
6
1065
149
11
347
1793
298
660
36
143
134
60
80
396
1
13
39
1525
1265
2
50
655
109
508
6
106
272
6
1815
1758
538
665
29
9
626
1919
1435
229
139
1921
3
1081
7
25
810
5
1
1239
969
1154
1658
10
97
262
26
284
18
5
1339
212
35
1019
1
679
7
266
142
1382
189
192
82
71
20
972
4
52
56
1
1172
125
585
147
207
708
210
126
962
837
21
218
18
378
2
24
158
13
624
374
803
510
58
46
707
224
753
1980
725
495
4
488
366
2
10
4
671
24
1881
72
16
34
1233
381
5
60
205
45
11
1758
25
622
69
58
1763
815
3
122
382
377
9
1383
4
255
5
2
2
35
30
5
41
1109
1
111
34
399
1
129
1406
24
31
1458
30
755
489
246
290
38
437
1043
33
1043
27
304
1798
268
995
457
46
263
322
186
7
1
5
1592
1139
20
1735
4
980
12
739
119
237
829
144
119
2
413
835
99
537
241
90
1
2
81
726
632
11
1
117
428
79
642
104
330
366
1263
317
60
11
346
26
115
1273
7
1
21
1
327
326
2
53
628
1523
1008
297
320
78
1308
3
221
121
884
86
211
268
581
174
1
1
16
516
223
35
1306
1451
45
444
39
69
1069
4
1558
220
92
1782
13
328
561
85
459
232
1041
554
57
798
9
1
6
19
707
329
440
143
226
99
173
220
1787
2
1793
14
487
519
127
30
3
25
1
28
857
395
111
567
461
729
77
1972
822
111
31
428
400
334
205
2
1335
292
169
6
167
1078
127
715
3
222
900
10
1
196
1
1405
124
2
1189
463
1917
10
295
62
1722
35
90
1175
32
5
41
1337
186
1461
191
143
106
5
85
200
20
85
12
1532
1051
3
1878
4
1642
698
52
10
4
589
43
2
548
679
143
413
410
12
3
1985
288
460
1344
82
18
1
1770
1959
890
119
1672
86
1140
864
1
289
379
8
5
276
327
97
658
1956
106
107
569
379
91
825
1
1202
1923
1638
795
241
503
1
1159
1
54
51
98
685
102
9
902
230
4
3
195
2
55
57
180
163
50
503
1928
3
87
164
1346
1
770
494
4
4
168
15
5
166
1388
18
65
133
5
1833
1818
1072
694
196
314
174
222
135
15
1553
808
413
23
1539
618
23
1694
676
816
2
114
1190
28
231
145
2
133
220
47
204
30
67
1
1
1670
1757
1
81
16
122
225
195
35
451
153
355
105
1128
8
188
1058
15
10
87
59
22
2
495
1865
69
1329
121
155
197
254
129
503
351
836
1789
423
551
1611
343
3
7
83
34
629
360
134
279
172
1948
10
96
757
6
3
1222
1961
179
764
14
363
174
558
19
13
83
21
439
968
1688
799
339
128
321
1082
4
359
1262
93
1527
29
426
177
89
234
1105
1391
586
1545
116
484
74
892
1646
281
152
173
207
35
31
6
60
450
268
650
122
571
126
176
545
561
76
68
869
155
2
64
1086
554
1576
1793
839
6
404
156
15
354
642
382
458
27
1952
827
71
213
1133
1910
108
352
53
1052
1075
2
1920
242
83
5
213
7
1633
891
1468
28
1231
411
527
259
929
3
636
1
1
911
395
79
1508
222
414
400
708
79
129
2
191
180
103
34
86
18
1058
739
805
282
757
2
82
17
1076
1
1592
1776
271
590
1215
929
351
963
1
1827
213
9
12
417
375
1597
719
4
489
27
301
344
178
18
10
101
31
865
553
649
459
367
320
115
8
33
1828
163
190
10
1405
1320
303
224
1320
49
475
202
20
340
83
1493
28
1168
1592
4
1891
6
1685
1304
938
13
24
873
1190
2
101
21
1262
28
1210
1
3
815
162
578
523
1
690
61
142
1611
678
392
75
512
491
17
149
1892
164
6
74
58
11
1
37
1272
19
213
9
9
8
814
226
995
64
1790
251
335
1872
1019
106
176
385
65
7
519
131
674
6
104
5
57
966
1105
326
2
610
12
832
65
107
723
859
214
1070
213
1
129
450
100
315
157
66
1412
194
154
674
272
40
1030
1233
1462
1382
368
444
8
183
61
47
769
274
68
686
1040
1095
4
1053
409
816
170
16
1794
38
136
1338
5
136
220
68
561
469
1191
1857
1775
1552
2
1490
10
142
93
179
314
43
414
1
408
988
1736
64
510
845
944
259
1812
847
702
188
956
1289
35
11
395
78
778
1930
30
1447
1
34
10
47
147
375
467
813
1801
126
1972
276
60
79
167
182
608
1
40
1
395
84
5
658
1691
286
321
366
693
431
35
261
1938
26
91
832
48
700
176
55
720
230
389
24
9
584
1
1417
1602
1214
1484
1
593
6
734
1811
16
17
1840
558
348
659
460
5
22
33
1278
26
513
357
12
133
261
559
696
243
974
1
1454
1247
918
12
1694
30
1312
3
52
1
1071
312
1027
113
6
189
6
32
1459
375
30
4
1910
915
162
1157
65
1441
2
26
13
166
24
146
1035
10
635
41
11
16
1060
101
285
3
714
192
969
1
795
695
55
634
25
1
101
14
1128
162
1699
1612
9
54
27
332
176
1
220
1569
187
225
416
15
849
1
1287
1
2
15
1552
270
11
1221
522
1483
46
1
60
776
140
564
10
1893
1945
236
1864
242
195
12
1688
319
1944
196
409
2
32
291
10
706
56
102
21
1645
446
84
184
1861
242
82
69
111
1364
251
1862
28
3
515
1329
9
265
306
10
1862
10
1489
1746
213
101
65
1030
1356
896
294
491
136
1051
165
116
650
60
162
259
248
66
71
64
8
195
1154
5
492
236
548
11
2
671
126
724
1192
61
230
237
31
287
6
6
1252
481
960
421
175
6
342
655
1
867
61
1
1710
1382
4
1
53
1
1474
198
1
1091
3
47
9
90
36
162
603
62
18
76
1353
223
21
37
512
281
31
130
119
1
75
869
297
1408
54
22
728
782
90
81
4
519
897
1087
11
249
451
1047
238
1050
6
99
482
116
45
750
362
188
48
890
972
17
94
116
24
1
954
1830
31
1
1710
695
612
99
100
1188
209
303
15
28
54
1791
14
13
39
36
1392
56
330
570
123
687
13
20
5
25
2
56
2
1266
1752
50
6
1
1535
8
1654
381
1463
8
885
2
53
565
976
276
339
162
20
180
1
404
42
1972
2
1176
1236
173
1080
13
22
1
156
1320
695
1001
288
10
78
71
145
1016
28
543
1244
363
1947
84
324
786
306
576
640
121
1451
25
634
37
1
1
1499
1869
1655
198
52
907
1236
277
133
1852
1677
272
317
413
12
3
531
25
1
58
486
2
93
701
45
115
1
1371
378
281
1177
533
2
16
284
96
1898
1
1220
193
3
543
9
138
74
24
16
1671
980
335
3
408
831
4
9
1730
36
1295
56
253
343
389
735
601
29
299
297
17
45
16
221
2
303
1247
2
199
840
2
224
171
81
1562
114
21
72
35
1451
279
18
1
290
3
9
15
115
1844
343
333
1565
37
879
1212
470
838
895
38
87
1734
3
805
18
131
58
729
33
6
572
3
1287
978
1080
319
80
5
41
1171
1
6
65
883
120
752
196
931
254
11
2
51
1763
204
830
1057
1882
1199
6
1044
542
893
12
96
206
269
41
86
20
983
86
6
224
123
53
1489
35
1371
1182
52
1
132
271
69
65
18
133
1931
274
162
22
1
74
743
239
475
1935
310
1282
177
5
1
45
1127
1351
1300
1465
451
1802
1
1227
56
1783
4
76
20
2
75
860
99
5
73
13
656
12
28
931
79
3
91
1419
860
55
1215
621
1217
13
748
1716
61
159
81
25
10
6
28
99
198
214
63
1
1
225
10
49
105
41
107
1501
25
1873
479
54
15
87
686
1
684
1268
1505
8
838
495
19
104
965
130
1347
275
23
5
307
3
74
1054
330
2
2
381
86
4
450
153
2
1798
23
1255
273
1674
1
1011
26
46
1985
218
1663
529
91
469
220
3
1146
291
172
1445
2
50
6
315
11
11
602
24
1
1683
504
1548
84
1742
70
394
4
2
8
23
18
1335
234
1785
1266
820
524
120
738
19
171
269
65
93
44
561
1184
56
544
184
218
5
13
847
27
592
71
71
20
1
328
1206
1677
4
41
1382
860
1131
54
542
579
35
1
3
418
283
1443
952
1666
1476
1171
1961
330
886
10
6
1525
1206
910
189
12
297
662
1144
819
19
851
872
321
1
301
104
270
210
7
12
1137
1488
78
341
476
992
52
1588
185
4
1868
70
110
4
263
35
9
421
53
1463
98
207
158
8
35
27
1654
514
65
85
492
5
1501
1120
4
10
3
274
399
147
1181
1
264
121
34
132
1461
568
27
898
26
13
527
99
1
580
340
315
2
19
64
176
2
29
976
155
60
264
264
1625
31
642
62
8
11
45
174
44
6
734
1326
117
691
6
1664
130
229
104
3
1148
9
1026
111
1
98
16
54
12
1
272
1558
490
748
385
1685
81
306
58
1954
21
9
1289
32
657
367
3
7
27
85
3
5
68
942
1045
32
8
4
10
858
26
577
60
197
1710
490
1881
419
21
144
1559
75
315
4
59
434
1
2
95
18
1
745
33
1882
675
1897
64
1
89
861
4
39
1144
73
319
1
1316
3
996
553
458
1758
18
1
686
1
1
1243
58
986
10
1
347
640
347
226
62
12
106
26
227
1707
1250
73
1185
637
631
257
6
1132
748
128
15
1790
1
4
317
1219
1
1914
1
15
487
1425
94
1117
380
216
1
1
49
211
31
911
134
1802
264
1898
605
16
230
489
106
134
5
5
2
8
311
184
186
16
1
548
1268
394
651
1623
107
14
293
2
12
14
4
762
322
170
292
4
110
1242
261
827
89
194
1
599
1370
1215
1679
1293
44
19
70
224
1379
282
18
429
44
187
1793
36
1858
1962
809
80
970
472
676
351
181
149
775
17
7
46
370
1
155
22
881
183
709
12
7
590
289
26
1163
125
24
1403
1224
787
3
528
33
1294
2
150
520
206
166
839
1
23
510
1646
168
1779
1131
10
110
43
473
2
78
122
512
180
1955
276
1012
3
539
2
1334
141
576
27
175
1984
1306
181
463
541
206
76
1
1030
21
266
6
9
1625
1
2
11
3
612
12
16
295
195
73
408
1190
1
564
611
531
536
408
1006
15
1032
95
450
1634
1
2
436
587
222
29
1007
1437
1141
596
2
39
1753
73
908
8
79
482
634
588
1968
238
171
1467
1395
100
1
1149
73
896
13
96
333
272
1888
107
1733
612
668
245
1489
144
1436
284
174
12
760
2
1765
7
13
3
406
460
954
24
1157
82
401
1
1030
1
1680
274
1022
631
1127
244
1028
247
126
218
1192
25
13
31
348
68
180
435
1067
13
1289
59
293
1439
664
1978
875
86
193
5
783
13
399
5
2
35
121
76
788
18
754
1249
120
65
218
1350
759
126
15
178
1525
2
11
121
260
10
3
908
1172
227
974
395
58
69
1226
802
2
81
1632
1147
1515
636
468
4
28
635
261
2
115
10
46
4
630
1040
4
321
768
402
632
8
338
91
589
8
585
15
1
1470
1340
1863
86
5
13
445
2
400
52
400
270
47
4
1397
1363
183
1169
105
82
25
461
1088
149
1456
1
1326
71
480
262
61
1042
38
21
142
100
61
42
17
1301
1668
9
16
755
1192
1
200
1972
915
5
924
279
163
101
42
210
1487
288
513
11
1228
40
158
597
1
127
1506
57
132
623
1563
277
1454
286
31
87
13
3
540
248
264
54
8
1149
162
66
26
1121
6
1246
270
89
1132
256
42
303
1
32
222
179
2
6
230
249
38
183
32
44
1788
12
928
2
2
1796
1607
160
635
24
1675
1962
133
1503
1815
2
3
924
2
1733
174
23
9
659
1450
980
404
1360
1681
1
1150
489
151
213
595
1573
287
482
299
134
1360
1005
1601
13
151
396
1749
838
75
2
145
833
3
301
1889
157
1
810
634
38
1649
1477
247
202
129
345
272
696
8
7
22
2
331
784
280
301
1192
748
670
1372
153
319
2
2
14
579
282
66
1070
964
2
10
1399
100
1068
1
1599
630
203
427
5
66
5
4
810
26
388
2
15
1375
1581
749
14
97
1051
778
2
1698
254
20
2
1
1249
866
1669
1557
1347
490
1
326
9
802
132
1797
26
369
197
1412
7
458
757
645
36
5
3
1813
129
140
1251
40
6
413
121
449
38
367
1164
2
42
1130
180
392
40
607
25
287
467
798
92
415
310
299
233
202
28
1231
668
367
1357
629
2
1107
693
52
231
54
786
5
715
624
412
586
90
12
1273
837
373
1224
86
1479
111
1253
144
14
38
954
444
1991
418
81
1249
851
32
190
823
77
83
218
153
56
895
1437
1587
586
1707
1996
939
896
96
1125
1
856
996
4
1
69
280
58
2
1115
38
69
1
1310
176
1723
685
1435
516
435
519
1665
549
29
178
1932
1161
190
1137
978
870
110
1170
1253
615
881
23
158
6
966
345
1427
22
83
22
71
1677
651
199
77
348
56
96
1157
4
830
1017
485
480
15
1728
4
975
1276
170
250
53
85
801
129
1514
1890
430
1441
218
1937
14
1257
5
21
47
23
889
1527
22
948
75
1905
44
130
1
1286
295
711
344
125
171
1055
48
364
1846
12
406
1464
599
725
4
2
15
828
7
100
3
8
1847
170
3
424
1784
519
410
3
1434
1229
2
6
1565
241
214
57
1976
6
13
158
8
1
363
19
127
97
769
8
735
846
74
1362
1504
190
1240
145
126
122
1164
64
70
103
1206
772
1
458
588
242
1792
235
4
508
17
689
76
130
10
1167
102
52
1012
1
754
853
145
185
470
3
58
1844
70
105
578
532
2
257
236
396
1
38
258
415
46
944
19
380
14
330
96
1631
3
1611
27
58
171
1176
44
3
100
13
135
40
1642
1
1
194
62
1
10
335
1941
206
529
34
8
20
1302
963
136
1647
478
1460
63
390
79
1249
699
2
1305
238
24
323
603
37
1
109
171
1558
373
15
17
500
474
90
1001
240
418
1913
4
15
655
6
807
928
57
462
992
64
182
1970
769
764
524
68
1326
1
46
430
166
596
463
561
37
76
9
1141
173
627
161
76
51
143
262
1813
1
357
648
1
870
1907
528
218
1
80
436
28
1890
12
361
194
625
4
152
12
363
283
159
904
329
6
1839
224
237
7
12
675
724
323
545
13
199
1818
251
576
72
884
1721
413
315
1997
218
1
256
45
723
286
842
267
4
8
51
108
686
62
31
1
204
983
1248
4
725
3
671
1860
532
87
1316
1263
28
1641
61
1507
107
1993
173
1411
366
480
736
6
725
874
1
255
421
79
993
90
676
26
381
165
1121
87
81
1137
43
8
1925
13
154
345
11
733
200
15
64
614
330
583
1445
1932
847
746
91
112
51
987
93
9
415
83
8
236
936
1
6
61
1627
1
34
162
54
16
7
274
14
221
4
1190
460
138
83
676
3
55
201
922
532
627
1269
438
194
8
1
2
19
65
11
9
187
1205
42
534
154
1236
211
76
393
2
6
71
1798
61
320
359
158
318
185
1187
1166
368
8
630
1524
1611
1019
525
1450
19
926
800
53
1072
10
1329
53
19
900
275
3
140
572
1260
4
395
127
77
76
70
4
1094
18
14
953
218
1758
183
185
18
61
25
222
24
1
1776
1742
51
1251
31
608
14
686
74
396
1145
1704
668
5
1851
69
89
1760
5
438
2
593
1683
824
237
11
56
25
756
1070
1817
194
15
23
6
645
497
529
38
479
347
23
1251
37
21
1514
1405
424
1072
670
52
2
969
1473
19
980
656
540
219
57
28
421
100
61
536
1157
957
2
1699
614
39
855
656
3
67
1
1076
1429
31
51
69
1
8
571
1212
226
391
697
1
287
19
936
25
5
185
1288
85
666
1344
1745
1592
844
209
1074
91
1607
534
17
870
45
980
155
5
92
41
116
3
1428
608
334
157
134
899
236
51
1935
3
1163
605
1629
5
175
94
1
538
48
615
18
127
1844
213
35
19
955
9
161
161
329
947
19
3
476
254
810
481
153
723
210
1357
132
76
839
1139
170
1894
721
1844
220
10
4
520
1246
410
878
1048
25
778
342
188
869
2
803
57
29
1
616
511
1447
184
62
20
85
1096
129
2
1445
846
1947
6
129
84
193
1133
67
24
1524
1190
6
1320
235
449
16
709
365
246
39
5
164
1
6
1792
637
3
1941
1136
34
1461
1378
301
7
1103
212
1730
211
88
472
1056
1337
61
27
112
1447
58
201
955
584
185
280
4
20
1271
10
51
820
123
139
207
8
29
594
355
85
3
559
1769
1482
5
1796
345
745
124
6
34
162
1
21
40
17
108
20
838
25
1025
3
578
1377
15
23
25
19
499
1008
52
281
73
1606
247
1083
18
6
1237
1615
607
638
184
58
3
209
336
297
1259
213
1757
63
469
1377
241
83
23
20
941
30
337
1097
913
2
175
1160
134
253
1522
1487
221
55
1
658
1997
384
327
3
946
121
431
138
233
5
2
450
1248
848
20
125
510
14
121
1
1361
159
509
32
674
1732
5
1178
13
780
255
5
1985
1085
619
450
592
1940
1490
115
103
1440
659
1587
1
504
364
566
280
79
533
1556
41
4
206
396
81
60
1045
1615
1533
43
35
18
895
418
14
225
1861
165
51
250
3
72
1693
2
634
673
1428
253
8
1652
664
543
347
62
23
1268
1767
181
150
659
1076
1671
35
122
183
562
36
150
67
440
859
57
190
720
10
5
46
2
3
474
1658
31
889
1
33
1
842
2
516
57
598
2
183
94
311
1001
13
779
2
1614
22
207
626
33
369
1433
6
769
396
1003
829
145
9
500
718
187
121
76
796
4
3
494
427
1581
565
138
24
35
1
1754
315
575
194
1250
173
27
205
21
1
1197
1
1911
1868
416
35
485
3
926
1051
55
102
4
1307
289
1183
1
1762
1351
465
5
338
34
56
11
150
3
1099
603
700
1987
370
531
28
32
44
381
207
773
4
1724
68
16
1051
1220
592
1726
1212
64
38
329
77
1
172
540
256
88
79
226
1041
85
19
438
17
696
52
3
335
2
907
43
1628
7
1157
215
559
359
160
939
109
82
1
81
1359
98
3
243
61
63
366
773
1498
35
50
302
3
413
1799
6
561
414
2
1152
716
1402
11
299
1391
833
69
251
1005
4
1
21
161
1302
340
1000
183
61
1585
683
33
1
54
2
2
27
31
1979
332
1136
781
1892
1972
494
10
465
1238
13
129
943
1210
557
175
928
2
504
183
79
460
1
41
1245
362
17
188
419
932
947
1509
762
19
479
14
124
827
57
3
1947
700
532
852
881
100
13
39
3
22
1
21
1202
1092
226
328
275
1773
40
1020
1730
143
97
312
1077
2
204
126
822
17
9
1244
1
65
1904
5
5
1873
1744
776
48
27
49
826
566
109
426
53
654
1812
1657
1057
1915
387
1201
6
1
8
236
1299
466
1007
3
35
1227
61
15
360
27
1358
957
12
13
79
1687
1020
37
261
1736
15
116
1081
383
693
429
6
1
371
1663
8
9
780
1923
507
132
263
573
1871
1002
1340
11
556
4
1675
344
1739
400
780
954
69
193
102
26
1
238
493
593
906
159
1
73
126
146
1072
139
376
231
139
109
9
41
1681
78
1391
195
1
1744
1484
1024
25
4
461
2
340
458
1350
68
5
84
41
147
16
379
3
252
5
16
265
1315
113
518
2
1655
612
443
28
98
1129
634
1720
28
1
340
65
1158
512
1782
134
508
5
9
793
2
12
2
366
55
184
2
537
6
135
93
4
36
76
782
36
72
677
1200
10
951
748
349
121
469
764
1062
181
11
67
495
303
160
30
15
272
216
1753
529
69
586
595
9
668
1
72
1577
2
161
158
2
160
1244
857
400
5
1867
517
154
117
1678
488
1811
980
1
1243
68
579
665
19
70
20
486
1069
2
638
273
575
6
12
230
2
48
125
2
1464
50
445
12
867
290
104
20
781
17
13
765
143
1594
1018
1
1
698
2
599
3
484
228
987
12
478
14
23
295
3
1
183
50
1824
1808
1928
419
1058
47
89
88
87
3
20
123
68
1125
1
1070
116
1753
1756
2
1259
7
46
1270
124
111
103
504
663
454
24
2
105
288
969
867
710
37
1851
19
689
14
732
195
297
19
1769
151
346
1896
1333
8
82
373
136
266
250
59
655
1
1
938
98
60
5
38
27
641
1248
21
902
232
134
6
1114
1
62
6
982
1265
131
45
28
1691
911
135
19
402
1784
718
196
574
91
102
1297
663
10
794
1
225
383
919
616
49
9
10
40
847
75
3
1069
224
712
1
19
1460
26
734
10
1546
33
336
6
1059
333
211
161
897
1
1942
473
41
2
62
4
825
2
8
2
5
1187
1423
521
1849
2
1801
2
16
643
965
22
811
123
229
1550
1343
1149
86
22
86
22
735
1897
52
10
177
212
1077
1430
669
626
508
1869
137
1028
431
20
204
484
8
36
377
63
775
371
161
951
705
79
1260
211
71
1789
830
1377
14
463
38
90
364
1829
1152
1
39
348
537
1
59
3
5
1043
1
1478
690
359
2
2
231
5
34
62
237
1968
1640
5
215
21
227
875
165
470
223
2
77
520
1821
179
311
127
122
3
1397
10
78
652
1639
1758
1160
360
440
3
180
401
129
68
120
11
789
82
1923
1
20
950
1
95
14
80
1744
1645
346
1446
17
402
43
514
34
18
15
32
1092
1201
941
19
736
354
19
7
241
73
14
406
342
577
142
36
28
140
119
1558
7
6
325
1799
4
483
1481
47
24
8
4
38
175
304
4
112
1150
112
1885
540
12
754
19
6
774
2
14
1278
4
310
6
62
103
33
183
1416
35
2
90
1165
37
864
21
919
124
346
1848
731
227
548
1162
11
36
238
355
1879
969
1860
139
297
550
317
27
3
1377
42
67
200
986
1057
51
590
198
3
75
112
29
1028
370
1555
11
94
15
163
868
2
35
48
78
271
17
27
578
208
2
396
612
133
17
1913
28
17
1
1
950
1
79
632
157
138
121
5
74
599
231
139
738
199
276
6
1
584
26
254
7
278
3
4
11
1
226
55
66
42
3
300
1320
130
1184
302
140
8
88
1381
53
1395
1
85
1062
1545
5
76
31
2
680
769
81
25
1602
1144
2
269
78
85
1289
813
157
1
431
250
1253
257
34
70
487
381
224
1068
1
61
1187
1098
568
1556
138
548
31
670
86
83
28
294
33
1791
787
430
616
271
164
542
153
7
1
366
213
1700
1066
474
458
12
16
2
119
51
16
413
267
1332
1241
297
136
255
1020
1565
1
140
60
108
1544
10
83
645
629
5
1831
243
453
989
122
3
1983
1
124
47
114
23
117
31
429
219
2
196
1076
773
148
8
121
39
479
12
349
957
1583
27
120
8
1057
173
1159
569
1109
157
1695
31
1428
350
1400
491
1316
179
10
268
3
326
11
36
178
8
43
114
479
295
21
285
8
1
148
482
362
16
492
51
248
4
226
315
1106
54
169
10
33
219
626
38
468
85
312
14
52
1278
848
146
1212
4
430
1
31
846
21
100
1349
767
9
741
89
103
89
1616
85
1617
4
17
945
812
1361
761
1
852
234
27
51
744
335
1378
1
124
91
340
253
1473
19
140
8
2
3
1638
26
270
410
546
307
59
4
1255
980
181
1804
52
99
136
54
4
2
78
9
1823
129
1472
1730
977
30
6
383
596
430
5
229
1642
53
55
664
941
1429
405
373
137
1284
42
980
1217
984
760
8
2
2
106
12
37
221
105
286
140
59
70
114
88
1002
813
176
6
409
252
705
33
1114
819
126
546
410
4
312
799
517
1840
337
43
4
110
858
8
1537
12
1153
26
57
1154
1918
785
80
168
1
123
1132
8
565
247
2
677
906
25
34
1
12
258
183
3
1104
27
360
6
408
11
20
769
1286
43
554
5
390
999
51
413
72
131
417
3
545
585
1667
110
11
1854
24
1329
257
112
27
388
428
1739
1347
2
342
3
410
105
787
794
146
1445
450
1837
2
91
1683
4
3
1047
1903
8
387
93
587
734
12
58
218
1763
263
192
1832
357
907
72
251
1283
1
1527
1689
190
1500
1
324
1531
302
498
1428
667
118
12
673
1428
114
40
80
259
479
19
243
97
451
6
111
29
386
180
1
167
272
856
230
108
537
591
1317
421
681
346
4
349
30
74
29
8
36
52
210
18
1955
108
119
1391
223
8
462
442
671
695
1242
2
4
539
617
122
1823
18
20
521
119
1605
1339
1312
1979
194
41
1
2
57
7
377
2
4
19
493
536
3
3
41
120
1554
256
651
26
101
7
3
1738
87
1953
1011
1945
1
22
205
384
27
1312
749
134
36
9
1
203
617
1875
11
61
216
451
1
24
160
102
193
304
222
1891
1373
119
1634
7
1
497
65
682
110
8
1983
1663
191
1744
1664
823
414
17
444
144
9
95
461
225
29
713
3
9
20
1050
721
1087
8
472
2
1
91
1005
60
135
1599
631
916
2
93
969
19
151
1649
1823
1892
65
91
5
64
136
159
1
244
1664
25
22
57
1459
734
95
1237
1466
52
167
228
706
1209
4
191
288
974
17
29
64
1018
586
934
128
39
619
133
4
2
1883
1614
429
765
1166
133
303
428
161
712
565
697
89
79
363
182
21
2
1297
9
1034
198
701
697
105
1172
141
1526
1
1108
55
884
15
5
1683
26
107
22
915
14
977
3
1
131
39
3
486
578
1153
1893
149
695
246
136
1995
95
89
65
190
9
36
199
61
2
26
1106
685
200
10
1724
1340
1996
1237
472
677
287
37
2
18
301
311
46
71
1581
28
1124
20
34
1122
385
701
967
700
214
27
23
566
7
326
1387
961
185
74
928
1043
20
23
510
36
74
417
905
1539
29
505
59
45
833
53
1128
184
1990
1037
1951
40
758
540
2
96
13
681
1396
34
967
21
1142
505
588
371
704
1655
35
2
6
126
17
34
183
37
176
9
254
1913
25
229
24
321
944
69
99
376
2
280
1150
1
1
176
1
28
35
147
716
1321
340
520
9
232
25
371
157
1240
516
1020
65
259
6
2
971
109
5
43
894
725
616
250
30
3
1730
31
158
4
1
7
2
122
6
140
2
1275
4
199
1514
134
955
1131
87
2
1
1
402
1743
358
4
861
387
339
24
2
10
86
70
1
909
2
100
6
486
62
1436
485
11
494
124
1
1
711
1659
4
10
505
180
43
636
21
4
1
3
200
1701
35
4
332
607
7
146
6
227
19
354
1324
1050
549
13
1949
23
230
74
551
950
1294
3
1623
302
1227
2
62
1634
214
345
176
969
1763
183
101
159
114
5
73
23
5
182
94
1727
118
1060
943
166
137
5
113
790
1667
853
143
1081
275
466
1854
179
32
27
423
1852
751
6
843
14
367
402
3
28
1264
525
813
65
142
301
30
224
795
1738
358
1602
1955
52
95
279
3
1132
1632
466
1145
1016
1109
15
928
882
592
720
2
455
537
95
7
86
1069
1860
1117
750
1704
955
668
80
352
2
17
523
35
3
146
32
119
1
17
210
629
290
11
207
312
1232
1182
76
62
7
25
310
156
174
3
1
51
176
1878
373
220
18
898
2
1921
335
2
4
5
46
768
838
242
79
219
321
555
1525
24
1840
6
104
52
1
1306
1250
48
603
18
1265
65
1650
32
1
852
33
4
31
54
1607
141
920
15
764
1594
649
529
7
1
1502
1083
192
67
62
129
347
1146
3
337
1641
743
1
445
76
257
278
501
163
479
117
2
600
5
509
135
2
630
1683
45
116
90
257
26
5
586
283
443
1332
1211
1878
198
2
630
612
10
804
1048
54
599
1115
800
66
212
428
20
75
1889
40
49
613
1610
529
162
427
733
1386
1248
1069
47
1829
730
1289
538
564
23
7
1231
77
124
7
247
91
41
16
28
1349
1247
154
1010
21
3
49
147
1606
9
5
1443
1761
1387
932
3
65
771
240
426
178
10
4
16
1
163
27
707
915
540
559
114
22
15
42
5
5
221
337
1
1418
194
36
119
123
1920
1917
404
8
28
1183
373
1
1579
1451
7
25
58
809
1149
50
464
1
6
1676
1
1767
138
15
19
53
90
30
531
3
9
1168
6
1656
7
168
529
243
52
248
911
1118
9
642
59
8
703
730
5
17
382
592
3
571
297
170
160
29
68
289
688
17
18
79
422
716
1173
10
61
1193
283
1920
248
105
1347
910
170
33
8
1695
865
34
1214
422
1
551
99
107
173
4
28
211
166
208
214
22
1
19
245
1295
23
104
66
3
310
142
104
3
924
26
49
1
18
329
1
147
345
35
4
955
427
1271
708
141
56
846
36
544
1
1643
1464
1172
166
1174
18
562
179
134
83
248
1863
574
1
184
1509
1
686
1753
4
40
215
75
9
66
468
1857
984
56
1017
429
26
70
43
987
4
96
82
47
690
656
1916
1597
1151
73
945
129
222
212
520
118
110
279
19
782
733
56
1
640
3
5
84
1576
468
44
256
446
661
996
1
204
251
127
724
4
621
3
33
297
4
170
59
820
725
509
118
2
406
32
1004
230
58
1574
426
118
297
1493
312
52
1887
774
109
9
607
358
198
78
617
2
1276
319
1476
126
217
11
19
188
166
161
195
582
698
261
2
1463
5
1
1489
355
273
451
482
25
326
267
135
1058
134
1150
1760
113
29
14
1099
1372
44
16
534
784
7
1282
65
432
604
1882
91
1151
823
24
971
240
488
33
99
20
60
1
1284
996
669
6
11
100
246
6
4
1
324
82
95
5
328
1152
34
1049
306
286
14
614
1
2
1
1686
10
576
1557
91
3
29
32
1450
315
292
52
431
990
1423
1779
376
228
879
1133
314
5
1863
1054
112
3
192
1
364
980
39
6
4
532
550
443
48
228
7
66
741
590
447
7
440
1680
1182
1431
1256
227
6
864
11
573
632
119
70
257
33
34
75
7
1
171
209
1811
1229
113
49
1486
24
1771
1
3
441
37
30
303
1086
319
2
374
350
15
121
1785
59
409
80
175
277
71
511
115
362
16
265
273
75
1696
3
229
2
372
951
1496
1971
204
1176
700
39
3
396
218
35
524
979
1169
1324
887
72
7
211
79
20
6
19
34
118
1
1156
308
627
4
1
179
1
903
1912
26
1228
19
643
41
225
914
889
15
1568
1
1598
763
94
5
453
711
12
204
25
201
455
616
4
122
1
162
1413
715
292
170
47
1
366
203
330
39
28
269
986
5
237
28
87
6
725
122
284
11
553
814
19
1093
5
211
117
2
19
1524
117
19
80
15
534
25
122
742
8
10
255
965
592
1357
394
9
31
47
1085
25
55
668
64
264
1452
4
85
2
29
208
405
133
339
20
624
396
6
50
162
917
95
50
1369
808
53
912
835
13
434
209
544
128
6
49
4
215
867
1016
1
1681
2
221
435
207
175
1219
554
646
89
174
599
691
105
127
1975
961
387
780
1085
1756
15
221
72
387
672
73
1654
182
229
1522
907
164
210
958
281
247
54
79
15
2
241
8
793
127
213
20
690
137
1928
1199
67
383
31
2
142
4
15
2
11
12
280
225
659
372
26
117
605
1517
5
1010
1
3
507
1931
643
1912
37
1268
682
1129
1816
1
275
131
1860
9
186
146
382
85
28
1659
54
19
1592
547
10
29
426
1
1090
547
5
48
297
44
701
911
622
1697
18
815
1058
11
16
12
2
340
103
1092
1206
169
6
99
194
139
7
1
196
43
608
13
313
1
5
1
551
922
1052
865
50
30
1480
6
2
1285
807
88
548
1141
89
888
48
998
19
1547
399
402
107
151
386
19
661
1291
2
235
118
85
408
15
6
204
236
118
66
845
3
142
3
9
23
280
36
2
1189
7
989
761
30
1
819
574
363
286
1895
932
165
865
379
325
800
353
530
4
1114
1
1157
1
17
65
345
314
102
1520
415
1
51
1213
2
540
2
1820
287
655
161
55
90
1
703
870
534
471
1307
1710
2
34
1
898
179
819
240
28
232
82
2
26
458
1158
93
112
22
1969
27
9
39
1749
646
66
591
2
156
958
256
8
1275
675
109
178
662
39
2
2
578
80
1574
2
943
620
331
130
1279
342
586
823
1133
30
47
749
56
270
139
1
460
1764
1458
258
479
5
4
339
350
19
8
116
20
949
487
145
12
3
484
254
211
317
8
665
2
283
760
1337
1
81
1048
14
1594
12
91
686
277
9
1
15
1693
1912
291
55
13
1
19
1
246
54
1209
670
641
317
1154
526
1560
1042
13
33
23
102
33
275
85
574
102
461
36
148
390
12
470
34
576
45
1242
2
272
52
7
196
1474
223
99
1072
9
903
36
824
1572
1
70
370
1
80
1590
1047
282
504
24
826
376
691
314
110
242
1214
1388
8
11
18
1839
629
287
43
1108
26
1028
15
69
466
70
1275
233
1
181
23
1231
446
263
19
1
1633
2
41
198
50
1703
361
799
256
1606
1998
1216
107
8
359
967
1297
14
64
35
1
1594
1823
316
1400
3
1
12
963
949
1751
9
158
138
1917
12
6
4
1
1111
1804
168
40
143
1339
7
1370
666
511
3
2
1363
1340
1213
1887
137
52
874
105
541
5
15
15
416
18
412
1290
617
1374
130
1549
172
9
123
59
12
82
12
13
241
998
96
10
992
1090
6
15
13
1
617
694
1766
277
324
1027
1014
558
652
1346
1710
96
78
8
1720
268
2
9
252
45
2
2
1570
282
1333
558
110
1269
149
339
25
1305
2
19
90
20
840
321
38
13
1463
19
5
22
1292
796
4
40
1728
1142
329
8
123
3
90
6
15
1371
561
1
1190
214
22
1
357
712
5
1
12
205
1534
2
85
1223
105
86
757
133
7
90
345
374
75
15
1241
84
10
296
1980
732
470
240
132
589
10
334
1334
340
2
135
315
413
104
96
3
1
2
817
571
894
93
200
90
1129
1229
1667
1126
1362
33
382
76
26
2
14
24
1291
312
1024
1328
91
46
952
344
30
1
312
5
403
845
36
1918
91
1041
563
129
889
941
2
1609
14
376
121
1193
4
206
82
1545
3
28
1051
129
1933
1059
684
16
835
153
2
18
1253
22
662
1934
1939
59
600
12
8
410
1
26
92
920
90
228
1343
141
578
275
6
76
1864
154
73
253
503
532
1
462
30
33
305
173
1262
117
1903
1476
602
1018
466
19
2
1
3
18
26
230
1306
229
1815
278
844
395
239
350
24
15
1
531
1
1
1643
193
1181
209
35
1190
857
106
1457
1
232
253
85
471
48
148
3
70
766
277
610
3
114
618
878
46
311
1051
338
1
275
960
743
58
1389
482
938
1098
1547
732
87
1534
15
63
14
1025
82
35
74
1593
879
7
717
12
16
1481
71
1417
834
1487
456
29
1443
57
1388
247
101
1324
43
1522
876
340
249
125
1122
279
194
1483
1324
1023
8
1778
1650
1
231
373
469
1046
688
1842
11
283
1520
9
88
15
1152
1369
1
298
76
48
96
14
21
411
10
269
619
9
117
2
2
354
231
5
1461
506
3
268
1496
45
117
2
1362
299
7
471
1652
1170
79
166
316
73
797
358
246
341
548
35
55
26
56
1330
1773
129
3
1102
7
512
232
354
28
5
1550
420
304
1088
94
412
1114
9
109
24
24
40
445
342
87
4
87
646
8
154
4
64
2
782
838
42
2
315
641
3
16
1376
8
114
88
8
14
878
128
1
31
274
13
1133
1216
944
159
1136
160
570
330
17
294
4
1296
979
1
1412
509
8
1
1038
137
7
28
1431
823
54
33
250
1174
8
111
151
1152
90
273
1696
7
29
112
3
1264
1111
224
951
1169
355
494
1
23
9
1467
200
196
93
393
1637
26
596
729
1923
121
908
81
110
1551
1333
550
1
442
213
31
199
1016
1501
67
1709
1
555
10
1796
15
374
3
156
446
1398
436
538
293
496
1300
9
747
416
36
283
6
1762
36
1643
124
5
1969
140
109
120
1854
6
297
284
187
1257
245
1116
1216
1400
1831
68
59
15
24
9
1431
1361
874
909
299
562
26
16
1417
86
1
154
681
1080
723
118
55
731
330
42
32
1604
279
1990
40
1029
498
263
825
912
1981
21
159
1384
30
52
506
163
51
2
1630
2
26
710
1524
48
1813
61
279
3
5
1824
14
272
30
720
1061
1586
1332
103
26
515
106
885
61
4
1276
1699
285
982
864
722
552
2
22
2
862
77
658
512
321
1
925
40
345
25
82
21
55
125
234
868
1014
1771
10
576
304
400
359
4
5
54
1443
1129
29
980
1892
452
1091
1169
1182
1
660
144
101
694
509
26
158
313
200
799
1
6
1392
1436
1887
1078
356
14
1
61
24
283
141
658
23
3
8
547
1917
718
202
86
12
4
8
35
166
249
127
530
1
1942
1
243
772
193
122
2
5
39
330
361
1084
4
205
438
997
1726
75
1072
3
427
6
248
1893
1325
1299
149
7
1715
23
1955
10
376
192
16
37
950
170
1432
79
1302
1416
241
27
67
906
138
1299
93
1251
1070
306
1540
936
533
33
25
1
70
112
24
24
907
1314
1159
1020
47
129
24
1
6
366
97
65
1
47
907
347
214
256
123
70
77
336
1754
1014
19
7
58
73
811
231
499
250
34
442
19
233
264
86
1789
277
940
548
30
75
276
446
76
112
26
2
333
11
17
1221
674
205
707
1458
768
203
38
232
1548
2
141
1780
40
696
166
217
25
295
1219
570
1731
33
521
917
39
22
14
3
214
7
232
1264
1742
286
1578
1038
401
1105
265
1480
118
477
148
15
808
132
347
236
1128
3
1558
973
46
1167
1000
1149
203
35
11
757
318
134
822
123
1731
51
635
662
7
7
1693
67
1
235
1205
16
278
2
383
700
1771
621
3
1824
360
4
108
634
97
666
611
629
470
284
972
883
44
207
1961
4
45
64
28
869
80
657
710
15
170
247
1825
648
100
5
303
10
209
1463
27
3
1022
19
1150
238
100
817
108
1031
120
2
3
37
901
47
571
835
365
4
6
25
163
123
646
1544
1808
274
1020
87
666
16
15
1022
480
6
113
520
58
11
697
159
1062
1175
1960
1611
131
1065
184
20
8
133
824
414
1
657
50
695
15
42
1331
18
231
3
112
27
67
119
891
375
190
904
761
1564
26
995
1042
26
1
1310
16
14
160
10
326
1136
32
234
1503
1575
686
137
40
867
39
26
135
209
102
524
38
35
1
75
1831
1089
1
201
7
598
818
884
129
48
12
51
105
19
101
307
113
1007
3
172
2
13
27
9
169
413
582
2
889
1717
497
540
752
566
3
167
1
584
959
55
559
14
1565
877
379
142
1252
999
30
2
27
19
1300
410
473
2
262
8
414
10
15
884
980
15
59
1000
18
28
5
1
1391
1
1327
729
27
99
49
557
676
235
1104
1
326
135
1539
13
159
80
1
380
526
12
374
21
1291
94
1503
6
1583
783
49
1026
225
1697
1503
1
394
80
1352
210
628
34
4
93
152
873
1668
299
45
1
148
862
703
234
270
20
155
101
118
184
1484
366
21
3
1
75
246
1589
1338
3
1999
915
14
1113
1197
24
130
802
10
356
1444
34
118
470
33
347
88
680
20
1626
24
82
15
38
6
54
21
1464
1683
128
550
773
34
36
79
121
423
612
34
900
97
36
1890
821
1817
17
32
27
245
29
1345
2
165
224
1
120
3
100
161
169
1034
259
21
39
51
908
646
564
202
104
1972
686
1326
7
1191
6
8
3
1409
1
852
78
108
51
74
1642
85
50
615
995
1003
293
18
375
35
1908
244
1098
104
62
13
1891
2
1458
1320
782
177
1169
634
557
39
70
443
1805
1
1020
87
475
718
175
774
72
1334
68
10
1960
1578
128
8
1115
6
316
9
79
1717
1803
854
438
1574
148
522
43
3
101
779
1443
64
1981
1757
873
1077
734
1915
1912
273
11
48
12
31
66
1370
903
1159
222
299
1862
975
23
1
307
10
2
368
196
122
237
324
1703
1
1879
660
131
131
145
1481
1819
33
1789
35
174
1861
117
1314
8
1
57
8
491
791
386
21
825
2
386
16
484
397
480
1
39
13
1021
712
490
251
38
580
153
1319
73
1056
46
1
2
97
260
1066
67
321
54
246
167
1895
16
479
1842
2
675
106
310
4
14
11
623
18
375
637
15
565
2
108
331
314
739
1262
29
16
1031
290
361
209
1
726
123
292
644
4
2
262
57
1749
160
28
1237
1
30
383
340
847
487
307
1
883
1924
1026
4
1
45
47
37
65
171
1510
1604
59
452
74
970
1268
185
1285
4
3
566
131
260
1461
1484
468
357
56
75
477
644
179
391
24
173
1829
13
507
920
600
227
179
2
392
525
172
1921
559
161
2
1726
41
143
1
1
161
24
1008
38
560
294
1937
881
592
754
31
1238
190
160
1
483
22
1852
746
451
271
1
139
1095
40
447
914
185
208
67
1231
10
650
56
18
1
15
486
2
331
386
4
75
1632
1854
7
310
252
1834
1449
331
341
105
342
6
201
5
453
600
167
958
581
707
1386
1371
227
12
882
248
1028
1348
545
34
24
843
25
124
1644
289
1551
97
152
459
377
89
235
195
4
797
606
1573
60
2
1358
9
1795
160
43
385
687
267
1308
1492
29
1
73
1101
1448
1656
175
4
2
64
167
1338
70
1891
3
13
1502
630
4
78
161
1086
843
1660
946
824
8
1851
1485
230
1
990
1561
41
816
196
231
5
850
198
1002
40
3
6
91
314
10
17
60
731
6
4
164
1055
694
188
4
1643
152
340
2
417
138
18
25
65
174
504
32
52
578
1527
581
688
1619
455
342
1925
1249
275
25
252
459
3
3
6
1512
267
179
173
120
17
907
224
219
919
538
1060
40
813
1
1270
120
429
525
1500
145
16
887
433
35
24
137
297
161
5
129
1
777
1970
238
15
34
46
1856
572
368
244
315
214
1
272
907
18
54
1465
51
521
58
1084
87
10
155
2
118
487
6
1378
1670
9
513
178
281
1367
625
1836
1
1645
7
1022
48
689
35
333
10
1371
1
74
1455
1
21
1637
1034
275
992
624
1100
805
1577
1943
179
949
30
292
588
1
563
309
65
304
240
222
3
907
1084
1241
695
1805
1388
3
2
935
217
345
97
428
480
87
1069
25
556
52
801
64
128
707
122
234
13
25
212
3
16
125
940
566
968
865
304
1625
1054
233
1271
45
8
71
24
343
246
1732
1271
297
56
772
1
1343
600
8
9
675
2
799
1390
13
130
1707
1475
693
662
373
32
714
1897
3
1271
784
1
139
726
730
1801
113
157
38
467
93
114
2
8
1910
4
35
23
1445
6
79
18
544
716
390
256
11
150
690
1516
418
1496
255
1058
1188
24
675
322
1427
121
350
177
93
1357
901
3
990
458
360
4
247
1001
330
692
35
1780
1513
59
301
1394
262
229
1
6
2
44
14
371
313
352
13
72
3
20
1004
1333
1879
126
638
345
436
643
1566
1192
601
87
1599
50
618
744
2
492
272
4
242
167
20
1305
366
1013
1017
794
1
1921
759
17
110
1
7
151
5
245
590
333
106
320
639
184
17
1168
288
1210
42
507
570
373
50
610
1
357
55
1448
35
8
64
17
97
1151
289
178
92
590
14
392
638
132
971
1526
1862
2
1155
696
797
394
30
8
342
693
1885
1108
33
112
72
185
747
30
92
85
2
52
1068
38
331
278
4
732
1446
1624
247
999
1394
1286
74
1
11
376
206
27
14
994
1089
948
1
15
409
3
7
9
45
59
943
3
1985
80
1049
2
1
3
1692
1252
321
48
51
167
365
271
67
1178
2
24
8
1
324
16
4
1
7
9
447
789
770
53
570
300
41
2
4
48
421
22
383
14
658
1
133
515
1419
9
234
1599
361
13
418
10
105
15
1669
37
136
1071
1710
1
4
14
312
26
506
110
439
832
125
392
93
225
1675
119
128
2
85
166
3
44
521
121
12
157
720
52
1267
42
173
1629
921
99
7
50
430
92
5
47
1511
61
374
16
1286
35
4
1686
27
9
795
1766
866
125
131
1223
239
1
476
15
292
934
78
4
84
430
1
118
308
16
1
1056
2
2
38
165
1818
36
488
889
122
303
426
6
387
19
68
920
711
842
1223
833
62
342
669
660
149
1327
98
105
1
117
786
1808
64
532
8
336
21
3
1807
19
593
110
2
1572
826
287
94
2
1415
351
39
1796
11
1548
19
2
1210
22
47
774
311
181
2
934
233
1599
563
61
415
1497
1554
202
414
1
107
686
156
315
17
23
547
17
38
37
184
1459
332
16
37
19
478
190
71
1408
347
113
1841
2
1547
1
4
117
181
18
13
178
21
1974
30
1461
1
22
60
204
27
1
18
98
481
1
11
1481
142
716
27
495
7
1
226
1285
83
64
9
972
2
656
368
1479
807
504
91
22
1267
981
290
29
4
240
1219
58
1369
94
150
1310
258
28
1304
48
5
25
71
1007
948
45
1057
7
184
1289
1
1037
358
32
1734
285
894
625
667
9
357
8
383
6
226
3
1902
1266
1350
62
18
167
28
926
1
1676
338
1746
12
1830
400
5
11
720
1
1712
1070
165
70
956
29
167
642
100
8
220
19
826
330
650
688
1214
57
1460
697
1421
2
1
187
1542
14
6
151
5
1271
135
280
363
177
1203
607
157
227
91
262
665
486
1096
554
133
1562
745
184
1009
117
1
1922
121
295
3
79
28
6
242
27
476
3
139
20
325
851
1190
435
378
1
239
1247
13
16
30
1419
13
116
41
138
1402
377
1
857
48
346
71
264
204
266
254
3
855
646
6
287
19
111
5
1
658
1
12
3
790
23
1
262
599
1113
1
1156
172
508
4
1352
221
732
1704
1
685
40
505
1927
1514
147
303
23
550
217
829
55
319
104
430
363
1958
2
74
4
438
228
1716
336
1814
11
77
59
1188
362
137
862
544
36
1146
282
42
92
28
7
1800
44
89
27
770
1
96
2
10
30
125
379
2
1731
1182
5
816
1909
10
10
388
49
2
130
751
26
178
3
932
3
809
753
69
1302
182
6
415
801
574
10
27
255
511
7
1
50
37
1117
2
26
20
35
53
69
1957
10
1031
2
383
576
1414
127
309
1961
104
1001
277
274
210
1
241
239
408
166
903
40
15
19
1230
125
102
362
15
200
54
826
118
85
635
15
588
375
46
3
14
3
1771
69
242
165
180
504
54
1
663
259
1
26
152
648
11
497
1067
790
1
230
1350
22
26
1900
151
415
415
2
19
537
616
1
38
943
432
1383
238
1909
91
219
11
658
259
153
325
1347
117
3
243
622
646
1081
48
38
1258
3
97
506
650
1469
1729
444
1357
13
850
187
38
184
122
2
93
919
2
292
3
903
1330
392
9
409
1538
2
8
3
46
1299
67
324
226
66
1944
1
1845
67
414
11
354
362
27
380
1
1591
331
4
165
29
188
46
11
247
471
4
8
667
143
1828
317
5
72
72
515
952
53
605
272
452
634
421
6
14
353
41
1
341
22
16
44
593
9
56
1
702
1104
982
4
670
10
1
135
1100
895
206
4
939
264
574
222
7
1765
137
3
67
1433
649
90
75
78
1
1083
275
121
59
2
875
129
50
7
1
883
306
476
33
261
395
72
1698
6
969
1
1
1
186
708
558
604
19
117
78
115
1864
456
63
45
28
293
79
682
1626
2
192
1110
568
33
5
448
3
1141
1
1
1
419
128
1192
1475
1870
373
24
1079
1
169
735
8
3
115
1591
10
110
1988
9
63
60
6
2
16
284
1470
10
35
74
123
1203
879
4
118
1609
183
7
8
105
114
1
306
21
13
259
1
432
725
26
73
21
85
10
385
170
16
5
21
1
1
1626
801
4
1385
1
255
301
1783
4
659
837
25
834
1585
7
426
84
514
297
635
135
93
212
895
26
1189
67
48
143
16
111
497
175
10
1140
1171
724
7
30
136
216
42
56
503
1415
879
1199
1
11
152
880
110
80
716
1390
329
345
39
1
32
1090
91
1755
358
313
1
44
312
95
861
742
118
187
100
529
346
1633
1627
237
772
274
244
528
38
2000
173
1076
2
2
95
652
27
1918
18
640
356
1101
20
3
504
19
158
914
16
1477
31
2
655
1105
32
31
138
4
69
19
621
1614
1277
41
46
434
1452
954
51
124
1679
7
203
72
1131
35
53
330
191
678
7
9
529
688
36
1039
9
913
153
493
1125
314
50
1152
61
233
1
2
1028
668
120
113
224
24
1285
1280
14
31
1
7
7
209
57
2
1815
27
357
104
512
141
871
665
1267
1387
536
1068
1
1013
345
525
13
15
199
143
1765
342
44
176
179
4
1294
39
405
17
50
1749
1007
3
739
149
77
628
1202
207
87
7
6
1260
669
29
401
556
548
24
93
6
59
417
46
1610
250
39
1716
66
130
9
201
145
1269
54
43
4
6
1246
332
6
1648
1867
24
2
942
162
241
78
81
6
227
1224
1124
745
1
1
918
10
7
1647
55
645
137
113
1344
319
383
7
835
67
48
1795
1396
1757
4
1264
339
745
800
8
420
42
1776
1277
1470
171
393
2
994
16
282
523
110
2
251
1
151
1
31
759
1251
231
191
994
18
41
9
244
148
1516
37
18
322
37
910
1631
793
740
157
8
1250
42
20
1
154
949
65
260
417
7
1787
31
126
1
793
3
702
39
387
673
1993
395
748
86
561
343
47
1893
27
56
28
143
743
390
804
2
196
39
908
10
23
18
1415
45
12
1007
201
8
19
36
1823
3
461
12
752
17
681
913
155
248
52
186
3
22
985
1097
19
513
4
11
466
139
465
902
3
1569
566
19
1705
155
19
73
1363
874
294
106
683
995
670
132
1208
34
1594
137
1532
1
197
19
2
1
743
758
634
95
379
50
88
29
6
185
8
718
2
374
25
12
15
193
48
13
1640
1965
638
1285
614
101
1863
57
539
42
791
375
8
623
606
95
7
17
479
91
1
6
160
15
12
6
150
277
32
39
189
21
21
430
1266
60
281
263
319
10
20
522
2
3
148
2
528
1109
1029
184
29
519
781
798
59
7
87
687
884
274
680
2
779
22
1033
112
271
49
715
19
37
300
25
56
172
333
1017
140
2
5
18
324
56
69
375
1302
18
991
1079
1365
961
79
25
73
151
1598
506
1484
1124
12
253
213
347
777
871
92
142
40
1086
1872
121
11
3
122
4
267
3
838
160
41
26
27
536
72
1779
6
1154
2
1
1518
73
13
1934
1813
603
2
128
132
1796
28
154
41
14
8
240
711
13
9
503
20
1937
2
777
13
227
330
1080
1
18
53
1883
820
680
19
12
15
4
268
584
885
355
114
1428
163
389
318
875
753
1316
22
170
15
4
130
308
142
272
2
61
1660
121
876
452
4
1
273
1551
270
1389
111
41
590
164
721
874
63
161
3
219
791
1
1141
8
213
28
207
2
107
731
49
46
2
793
715
806
10
76
1234
417
1429
3
3
1
1804
18
241
90
1118
269
685
18
729
1845
1964
84
1
80
15
258
162
1
20
223
19
677
111
592
299
1048
1
1299
426
66
1083
9
133
112
1698
122
458
1977
364
623
753
692
534
924
874
745
61
45
82
105
23
494
354
186
1673
66
546
103
387
83
1307
1116
168
2
6
59
1233
3
26
1
247
529
13
24
10
168
28
219
423
423
1353
146
6
4
1
992
15
162
618
199
21
35
13
690
97
124
207
1902
1519
83
181
1
541
333
1280
147
349
997
1644
815
1444
327
1620
460
111
75
18
1735
5
744
7
316
595
31
439
729
77
26
189
29
210
334
353
594
911
1083
871
59
24
55
1816
218
1901
695
113
16
13
1971
510
2
136
509
125
123
207
159
26
615
80
9
9
291
1325
2
855
424
1196
116
105
1378
17
277
207
31
11
1815
258
235
144
143
1585
62
1939
1768
1293
891
114
1587
15
16
30
5
114
5
22
77
24
946
2
40
1046
50
351
518
1027
158
10
60
1157
359
1577
83
109
5
1908
22
255
1088
201
615
308
127
11
2
53
377
501
138
15
577
570
1547
415
926
29
51
1158
1
1
149
182
1360
268
1240
1
505
1
27
1954
39
526
1140
382
760
186
39
26
194
5
1246
2
342
1375
1634
636
4
95
32
872
1
13
48
1186
212
1369
1
212
66
8
164
384
1
477
31
6
644
2
1607
95
108
1467
364
7
36
604
167
53
1804
439
759
236
315
1945
10
1805
1
113
16
3
619
81
419
70
1
25
41
1
72
8
14
152
13
2
1901
913
879
1201
2
22
16
806
9
706
1075
34
1085
1266
309
968
204
1436
1669
1325
49
6
487
3
2
3
1149
220
136
185
4
4
921
1249
130
19
95
179
144
5
73
423
1833
24
488
267
369
418
450
69
238
1182
1251
2
15
185
116
109
720
340
1
27
1134
1937
131
338
66
7
1
1393
25
1487
21
1179
32
698
676
71
19
71
21
375
2
1372
56
37
65
2
8
102
411
1307
246
121
21
39
171
233
4
596
142
1660
32
40
248
768
644
66
12
600
42
210
677
5
24
20
1556
333
84
465
1210
92
12
1963
1386
131
137
30
55
843
895
77
635
48
1357
7
1
1787
199
1379
471
688
24
177
1365
11
1537
59
211
549
3
21
86
741
125
45
877
823
73
1812
94
406
902
423
1
304
712
960
646
1211
7
52
1486
18
773
914
1720
40
148
1498
1344
703
73
1
474
30
399
1448
537
32
113
4
121
31
756
1093
44
439
1095
2
185
5
318
1802
1096
10
276
373
65
161
1
115
4
1930
52
337
267
9
125
843
52
5
1798
4
21
3
12
1106
207
4
896
1
42
29
326
1186
8
83
279
1429
808
452
30
364
66
27
9
3
1646
213
534
769
47
1
3
888
1256
691
1
355
49
1325
87
172
851
12
101
4
246
578
242
992
62
526
111
4
699
1594
3
525
17
1
3
102
66
1308
2
953
1
485
106
4
1
443
94
70
1110
9
1342
1730
784
158
11
1195
653
1755
1553
770
1396
201
929
908
1236
150
1161
990
7
193
268
363
740
189
53
28
18
1
77
44
199
258
159
941
1923
4
1008
1598
136
94
91
16
17
47
640
11
1
616
5
24
1810
113
1
61
1211
33
162
1854
89
1
134
1066
36
1187
537
355
479
94
26
1481
30
351
679
493
1225
2
794
93
177
242
568
973
1969
184
357
871
56
4
2
1564
1521
49
76
38
555
5
752
18
341
1927
86
1379
699
355
291
924
631
394
594
60
64
1986
203
167
235
1131
589
13
731
6
150
772
108
694
795
768
911
11
4
1389
371
147
7
15
3
8
268
79
27
1927
33
17
1085
39
52
63
22
55
58
1992
1605
65
460
1833
165
727
1011
1287
323
1179
1667
325
1657
613
737
6
1648
855
92
525
853
59
30
32
19
39
5
1984
147
1
408
238
21
915
814
656
146
87
1420
304
168
1107
1302
1168
1815
149
524
17
1933
102
26
839
87
4
1821
39
3
25
219
51
447
397
482
996
361
72
149
958
1301
30
11
796
361
1812
608
1328
4
81
462
417
280
15
10
291
392
333
700
1665
11
363
95
1012
308
2
239
7
1476
1100
192
163
591
1
1888
45
2
1476
182
1172
1371
30
870
1106
1039
134
48
2
8
872
470
57
347
30
138
413
448
871
862
1
175
389
1307
409
228
3
250
1655
1674
80
1496
457
563
3
886
1401
371
37
888
3
872
679
805
1048
1511
179
1458
17
1904
726
775
201
28
1342
9
244
139
166
14
1184
222
35
5
127
14
294
145
108
11
492
1709
172
902
986
3
51
391
537
15
20
458
52
1265
19
837
34
227
11
71
503
20
563
249
85
108
1064
1277
15
22
662
39
503
2
873
88
1660
4
79
679
150
1096
238
3
3
391
14
5
2
1433
1286
1426
83
154
523
1537
550
156
66
8
38
102
568
2
61
141
114
7
542
4
1622
199
469
1213
919
304
177
335
1684
129
134
467
156
11
36
1754
314
1676
64
1
192
1902
136
358
723
699
215
45
98
18
40
1262
207
433
215
1419
155
2
1333
132
1199
3
1509
9
172
46
370
195
827
11
1
4
240
84
1477
4
772
144
1
475
10
771
159
326
1897
1
216
869
209
1794
1062
964
15
1335
737
148
107
244
91
891
690
1
156
78
43
1334
738
694
244
210
1
189
4
66
137
378
49
60
63
292
1
1775
1
1336
1008
19
28
1588
56
400
24
1075
470
568
1624
656
948
74
14
16
4
2
800
5
38
472
420
7
255
336
33
373
494
275
911
353
177
97
1489
898
114
1098
248
41
1725
761
864
496
138
805
1664
42
244
257
10
4
3
225
4
68
710
467
2
5
1709
5
409
10
795
1
1361
33
43
19
2
90
415
88
1
737
52
1680
161
6
5
44
154
681
24
52
1195
1927
1
1621
658
1632
58
534
484
96
1138
274
1643
881
6
1250
16
108
595
1119
9
475
233
34
1037
874
234
528
25
737
4
1115
741
1741
26
285
138
253
1844
4
234
758
21
2
499
239
73
85
1810
3
37
625
840
1337
152
218
10
88
1984
281
107
883
498
153
489
1879
216
124
7
12
569
69
27
3
1867
7
20
26
514
184
1035
1049
1992
37
2
1616
1874
1082
192
1700
325
28
1235
801
941
92
73
18
1061
541
1318
19
1
9
107
1098
5
130
8
47
1444
1749
1600
1554
953
630
743
109
319
114
1
52
37
6
74
98
682
175
770
100
1012
1893
395
108
107
2
684
231
1269
549
10
857
280
4
335
105
16
4
23
996
127
32
1330
1006
1
205
99
4
243
1225
5
39
1409
172
12
18
128
1248
25
170
182
392
86
924
934
286
146
535
1838
1351
52
1226
1
3
10
968
109
107
326
159
4
65
257
1869
94
23
1205
76
388
64
118
232
32
1554
2
1336
6
14
7
1257
128
211
823
296
5
120
1106
1100
1
1192
2
756
310
652
170
229
1
320
655
31
262
158
44
5
425
407
10
117
772
7
67
86
178
881
371
521
488
236
1884
32
29
1174
7
9
53
355
1199
223
87
1326
13
518
658
7
7
83
429
687
811
439
189
1344
1225
26
78
488
257
1554
965
76
1
19
8
16
17
1361
37
110
105
1234
231
484
1
1679
15
573
626
1283
726
722
1
30
37
43
1
1
12
457
2
41
1
379
11
140
136
195
6
117
1466
216
1755
451
681
8
657
5
1328
1558
1144
332
188
44
153
38
421
181
1623
199
1
398
119
5
163
602
1932
1859
3
265
363
370
15
16
30
1800
1114
63
3
362
102
430
675
1709
615
3
22
1
246
1184
71
6
778
1604
1087
208
41
1
24
441
1434
149
543
1529
73
8
3
1020
1174
400
180
1045
1124
648
3
1
441
26
4
1325
5
1177
12
779
431
147
53
1508
702
1249
90
125
190
1520
1121
1813
2
17
963
238
879
413
50
38
8
849
21
503
789
33
1948
202
1925
58
719
35
114
86
118
46
1292
432
10
586
20
121
180
99
1609
20
536
265
43
181
3
293
400
99
20
39
635
574
1961
1796
55
796
212
560
12
1358
37
1120
125
81
23
1244
118
267
3
8
11
1584
66
1162
170
73
685
371
561
33
149
12
1069
284
806
1676
1039
11
530
306
1
92
596
150
54
1721
1208
53
764
850
140
907
2
3
1249
1089
19
34
34
1246
2
306
5
277
668
1803
1637
1272
1264
1151
762
726
255
1
109
70
29
46
778
37
1898
278
1474
1210
1
1
122
2
561
178
25
456
1760
1
295
251
34
37
388
1114
813
1841
128
46
331
1345
1473
2
252
370
88
20
103
2
1604
543
749
149
165
5
601
17
778
1489
1482
197
305
831
11
90
119
57
519
1872
6
981
90
276
279
25
996
1167
307
435
886
36
96
7
132
255
251
669
38
68
367
1550
28
1792
685
1455
3
327
1
454
114
62
305
155
93
1271
1725
53
1
338
1
59
96
804
191
1514
453
3
4
577
1163
363
625
1091
582
684
1027
566
1933
806
246
43
3
1484
1899
419
1236
74
391
397
52
101
10
726
311
10
132
1893
703
288
210
1902
80
33
174
665
156
126
1579
4
160
951
59
4
99
182
105
212
351
294
2
71
100
28
50
363
1965
1734
96
703
483
28
54
6
99
794
154
1837
102
165
1030
176
1742
1768
8
1851
1798
438
506
40
126
11
21
427
166
124
351
32
19
347
1272
24
311
755
3
42
1397
77
624
1831
2
248
22
6
897
1386
37
15
863
1
1147
15
300
4
1898
222
4
125
919
51
54
1
424
451
3
422
1405
1015
7
376
3
227
5
752
291
144
43
113
306
3
495
30
590
50
1198
1052
294
24
5
758
101
363
58
718
12
354
1362
35
233
7
1931
234
6
31
119
11
361
95
1192
890
84
11
587
1
106
808
109
1493
49
67
247
170
1190
1535
229
716
564
1728
63
210
712
707
765
424
776
266
1119
1004
687
14
494
12
3
56
139
1939
644
1546
24
39
553
5
6
1439
7
1221
261
279
1621
36
5
723
10
128
106
76
7
1069
157
7
218
609
1508
158
86
49
11
1686
35
1976
310
714
1460
173
4
13
2
1160
55
682
144
372
3
334
237
298
1623
210
295
306
348
10
388
596
2
2
73
1288
23
1064
2
41
21
5
333
58
1006
211
1710
1016
34
77
32
46
1156
892
200
553
99
63
137
1793
56
1059
1250
11
14
621
154
1447
13
554
9
59
67
492
2
837
1858
243
294
970
23
62
47
51
4
2
1021
901
204
70
41
483
1864
129
588
982
48
500
19
1532
609
113
522
37
30
538
14
35
33
1
694
1270
4
1568
834
609
27
1900
1705
1
1315
348
55
64
1349
44
1727
404
600
173
14
21
280
662
2
631
1799
2
1856
870
14
588
18
557
24
1888
31
207
26
19
488
1599
220
65
8
1277
682
156
233
61
1537
1358
268
1
273
32
305
209
5
833
23
298
2
1656
110
921
1185
24
633
355
5
899
121
34
839
52
213
26
1619
471
65
1143
31
53
1079
53
265
834
7
86
408
5
717
768
74
402
1
375
61
447
713
21
12
1633
1660
1078
79
1563
10
436
116
1809
70
744
68
93
132
1024
42
636
282
234
552
1944
41
429
105
301
1546
109
1136
385
760
368
34
2
2
510
1356
59
35
1080
139
43
803
476
867
156
1167
190
59
3
26
12
239
63
1556
199
9
779
933
13
258
1284
65
889
1341
68
14
29
189
454
1544
31
1344
960
587
286
900
237
16
28
248
587
119
248
281
27
60
483
23
1825
269
1658
17
529
13
1442
1
8
1374
121
26
9
1021
1044
416
5
170
108
19
219
102
919
216
1943
1426
1
1632
793
237
301
761
1213
1361
1011
2
438
1370
9
330
21
396
578
1625
130
602
1
1549
633
252
143
475
750
1146
1
41
1125
15
89
264
189
1983
113
510
51
5
54
485
4
1798
4
654
443
199
224
104
1192
1623
113
1962
1576
471
567
1
839
67
62
283
1
1178
273
1860
329
6
198
1001
1365
277
858
1
1
314
137
558
78
386
1503
188
77
297
391
1582
1381
92
81
445
14
1732
181
67
1180
504
908
3
79
115
94
620
13
77
233
20
824
7
2
1794
645
942
6
1319
1605
592
150
122
1425
730
3
171
940
34
362
8
871
1535
10
18
1305
17
385
1272
860
590
14
21
439
432
31
49
19
279
93
45
1889
338
370
1577
376
119
279
1635
73
1839
1820
728
445
790
179
19
1
174
308
111
2
1669
1088
550
88
213
239
14
43
39
391
587
6
1
104
1042
1127
362
1
1534
548
1
71
408
1070
72
701
28
65
16
30
1745
631
6
147
4
1744
12
48
9
883
149
31
438
3
359
13
361
1160
104
1229
6
1
30
1234
1429
1
110
884
2
67
240
238
44
609
1
1
724
280
1184
109
245
315
12
805
472
384
785
549
763
575
5
667
11
787
106
1109
140
1
310
126
1
1787
1253
1539
74
362
75
5
285
131
214
110
833
1423
119
476
1662
15
6
575
151
198
21
62
590
423
575
153
599
18
1824
109
1998
30
190
1922
88
642
636
11
8
59
1730
643
175
1478
8
6
5
789
1549
148
1347
664
1786
8
7
7
239
162
272
1732
1
184
455
418
74
1760
315
190
10
125
1
5
1756
1
120
207
604
39
1187
70
474
1064
3
1744
10
1587
11
61
1051
905
85
348
9
1905
12
445
781
1702
69
129
537
301
583
1129
304
1
709
56
30
714
1326
13
103
1246
320
1056
555
758
9
12
983
864
180
11
1160
108
1
15
6
755
95
17
480
1639
105
412
1
844
64
893
1565
105
656
543
51
39
1621
1151
14
1098
487
64
267
1435
1535
7
228
747
115
531
134
109
56
617
1265
10
1
674
1340
716
1446
1067
9
188
293
1201
2
2
177
792
18
1903
1572
308
1011
1526
1734
14
1302
12
3
8
502
12
9
288
20
253
210
8
765
299
54
139
1
226
418
691
2
167
410
418
1313
47
183
13
1
1630
180
49
3
69
1364
14
1144
1
5
78
313
230
247
80
1005
221
46
131
1742
2
1189
172
381
26
885
1
89
11
7
74
469
1562
204
660
23
1128
14
16
1632
1146
294
3
23
1
10
199
4
1816
44
94
186
836
280
404
1853
633
16
1476
118
587
732
71
10
657
7
218
452
1426
213
391
26
1413
1101
977
17
1
72
1371
981
711
3
7
241
19
117
14
408
123
160
199
1
82
220
12
107
1419
937
2
3
42
606
1708
875
1
932
54
431
99
40
4
2
1315
1807
304
46
77
163
83
238
7
1689
257
6
201
30
1609
8
453
264
1629
95
1982
29
2
492
1978
1866
2
2
2
26
710
1184
3
90
19
419
1063
38
8
845
1642
1
133
127
119
882
1540
1262
341
169
7
1504
119
3
118
110
1316
439
855
320
92
242
172
41
1
148
806
624
863
226
1959
59
42
1117
3
569
88
1105
1472
726
311
1295
63
39
1852
4
673
5
2
2
912
55
14
209
17
11
347
165
144
5
2
20
35
1635
269
109
48
1263
855
9
1346
1527
420
97
1
5
27
8
941
11
1654
547
39
3
1205
325
368
604
23
211
614
14
215
2
245
321
606
1752
144
61
111
1737
21
300
495
771
8
29
5
5
1
179
388
94
69
1206
225
2
310
6
650
1712
323
652
3
353
5
3
46
329
1213
82
14
4
1226
13
208
29
24
924
16
493
1
302
1298
1213
125
375
8
33
972
228
838
11
17
1669
2
124
1
2
60
4
47
1237
28
502
3
2
155
1
75
310
1269
12
468
643
568
3
412
723
728
94
1576
4
70
1318
465
1
776
1400
283
112
1
13
584
125
930
567
1513
253
1126
62
60
3
1539
1899
43
184
53
1664
168
826
213
7
56
11
1511
147
59
201
1
129
1742
37
175
149
11
765
1030
704
19
255
107
681
1985
277
1457
248
201
132
1
713
62
15
1797
19
4
1564
1
331
324
635
1600
79
1392
31
1219
1179
148
1828
1539
424
162
208
1073
8
259
20
1599
1037
24
324
865
4
1321
848
117
2
59
943
1274
58
211
709
1311
5
1
4
1251
24
1744
7
1
1396
197
2
539
56
702
155
438
125
1751
1478
176
33
20
360
1873
1379
24
620
733
324
1034
1489
156
83
52
502
222
335
7
223
602
50
213
5
1
228
243
1226
155
730
393
698
1425
815
476
669
271
5
636
770
1
4
1976
108
534
692
3
6
491
1277
1663
4
213
125
576
939
19
1792
12
10
993
772
490
5
679
62
1818
488
1897
1457
30
12
1
1811
1706
61
157
546
12
40
756
271
77
607
780
4
9
467
508
27
8
561
44
693
91
44
6
86
30
46
887
1
1470
31
1193
376
341
371
1552
1523
2
351
229
882
14
6
763
1637
383
297
137
1745
380
7
536
1
164
1102
990
58
1188
480
26
23
1401
9
10
6
1881
1843
910
162
753
4
1933
52
92
26
143
254
1060
9
1648
1438
25
1318
78
360
1335
553
646
618
427
587
9
17
659
772
497
1792
147
486
806
190
72
381
108
67
133
32
72
34
1492
256
6
9
863
765
961
64
1074
172
1520
907
20
6
762
155
387
1792
1753
2
630
1892
147
420
51
1
523
175
405
1120
274
246
257
47
24
10
5
481
263
2
7
19
310
1
7
14
1756
732
1
17
903
226
344
640
298
8
229
47
1031
118
134
18
1983
96
50
1460
2
1708
5
639
1105
1
896
31
1
1746
200
248
34
66
1280
1808
13
360
69
1977
665
994
616
1207
74
11
50
804
472
575
14
422
11
336
1155
1002
58
1554
1079
793
89
278
1
856
395
14
3
1234
74
892
870
1539
153
86
849
99
158
9
492
311
35
270
53
11
726
4
253
36
1108
935
9
151
859
1216
578
5
178
2
5
1400
2
5
38
288
1
469
266
1206
74
269
228
709
35
272
3
1820
917
24
175
514
457
10
766
1696
1097
71
1628
1301
173
23
801
1
46
32
1070
1234
519
548
713
6
1485
251
1
353
395
270
155
9
57
1
810
426
380
3
955
1254
91
7
153
829
933
726
2
73
370
446
162
5
710
23
1
430
792
905
113
161
30
648
450
1898
1
64
90
182
31
170
878
102
1200
463
1713
43
57
48
251
429
1182
1783
129
1045
1569
1190
220
28
2
68
1145
44
52
141
1713
74
31
85
463
30
2
1289
4
2
980
46
1
14
9
464
3
3
135
15
1118
206
158
1582
666
78
4
251
21
1974
1
364
80
4
1197
1025
36
1099
294
1207
608
43
17
21
35
75
622
397
215
723
1587
1196
412
376
33
165
103
4
128
129
5
1
1
377
163
620
129
70
336
349
12
1899
1964
53
108
1019
278
378
165
642
1255
13
176
623
220
1141
791
71
1978
3
244
221
581
1641
39
964
1569
35
2
1274
1306
4
109
441
442
622
1385
1826
341
1
31
324
1411
1
138
38
350
13
423
634
252
167
2
18
471
334
4
666
14
959
168
982
30
1139
984
720
15
534
12
5
75
686
189
310
782
21
7
221
2
108
423
639
1216
1
98
19
20
1662
331
106
41
416
11
1054
18
171
20
20
1341
3
58
2
1368
2
414
1307
8
51
500
1
115
206
308
898
1035
94
1662
518
1
134
1100
118
358
31
4
40
168
260
2
15
1696
27
339
128
190
8
12
425
72
16
897
463
36
699
774
507
258
21
12
365
1087
2
328
2
85
68
22
1704
73
1
1899
1
1213
37
1043
99
25
1
2
1586
168
665
9
39
621
1294
827
839
5
1900
1308
63
220
25
1
38
20
1332
220
7
1006
387
66
42
163
39
310
1
266
1665
11
56
593
1313
46
196
262
44
75
553
46
564
1
981
283
1
1178
2
21
192
810
4
1562
362
61
5
203
181
1214
71
742
264
1612
36
601
77
369
224
208
36
847
27
1018
122
1624
578
2
624
665
9
2
7
53
11
515
157
13
1625
290
1648
158
2
273
482
274
2
6
373
131
561
1957
673
107
577
62
605
8
476
304
4
527
1522
223
190
18
1114
19
10
1361
1
1201
23
746
66
171
432
957
4
11
1201
224
56
696
370
3
341
1469
1990
1
1
1383
128
12
913
55
721
1
994
1053
41
440
4
992
592
293
372
36
1731
423
4
6
134
983
1
347
36
609
1061
1650
73
29
41
820
610
1503
4
157
27
1287
334
35
106
1074
974
478
2
13
1754
41
55
1
423
1162
598
239
13
6
1000
84
1226
528
714
572
6
1714
186
212
20
70
1678
108
1367
1
36
786
2
1206
1454
522
3
1796
1603
1
375
5
5
246
1533
96
50
1
1158
208
1255
423
293
45
3
4
1146
1
581
154
206
114
101
5
46
803
17
427
12
1525
1116
1504
698
1857
1033
90
1506
78
10
3
1
70
337
179
1510
1879
338
1518
70
431
98
885
48
1565
36
1556
80
2
239
1342
1957
981
96
408
290
296
317
1
810
1504
579
696
152
1866
257
59
8
5
241
1
1519
3
366
490
292
1312
46
89
1786
9
852
896
4
1723
1896
2
6
100
2
9
14
135
1
176
222
820
496
1092
642
1430
1898
552
29
532
15
1750
1870
192
242
769
38
94
1
4
549
605
138
1600
149
11
120
786
720
947
35
38
7
1
115
4
744
379
499
1091
846
1
417
1554
541
55
6
431
1311
1491
503
81
66
222
621
219
2
189
829
1143
224
496
718
58
518
1489
11
191
917
174
373
35
2
373
2
239
115
73
154
416
272
1380
1633
359
11
2
1468
405
889
1687
22
317
444
16
1
126
1
4
4
1330
657
11
115
15
699
494
517
71
41
602
905
425
3
182
1127
156
1848
307
1698
52
78
166
1685
171
609
140
358
992
95
425
1102
115
1801
35
970
403
431
14
1114
196
34
861
18
63
971
12
1123
2
96
633
26
350
165
2
1
177
1513
817
1
305
307
187
288
946
5
394
1486
96
2
687
50
133
26
80
53
1779
707
947
1375
118
297
5
1230
751
551
93
155
525
176
1
1187
2
652
182
830
872
1562
1573
456
822
6
798
1068
332
1134
1
138
52
8
1304
1802
190
1457
1373
1599
583
360
3
817
649
31
11
30
4
34
257
1722
37
1
1138
64
340
922
10
301
83
1487
192
194
864
192
38
75
25
201
1442
1598
659
24
554
1
304
983
1800
1511
86
1237
373
110
50
171
161
524
383
156
15
1157
780
21
1
1817
961
991
87
431
26
240
32
12
66
97
1
30
167
12
1979
2
1221
7
999
4
100
272
92
59
33
521
335
1728
8
385
119
125
13
447
132
87
1144
37
486
3
221
1
65
349
281
2
5
867
147
709
1910
1484
732
198
115
28
534
960
196
283
211
156
1309
405
11
28
1400
3
1182
1
1
478
1
574
288
22
1168
68
691
1462
4
892
1326
1111
233
1944
15
328
1667
394
8
176
27
28
202
2
1138
962
1
131
1057
58
35
10
332
863
1146
622
68
1454
25
48
82
655
143
371
589
31
494
572
578
547
1
31
293
851
1309
1064
2
1936
40
31
46
1588
687
702
35
587
1525
6
16
1780
172
845
38
3
25
6
5
1562
1609
302
427
1049
13
8
1531
200
5
303
220
1507
409
909
389
325
461
166
35
1580
1429
3
20
1049
1653
3
4
17
261
5
146
69
674
28
512
39
244
163
504
21
1274
1364
272
549
8
121
1625
175
1356
3
298
31
105
158
1048
1626
291
536
137
102
76
248
1
324
1111
490
688
10
78
113
767
1209
3
27
79
1586
169
1584
573
259
25
1403
115
344
1184
106
91
1108
438
48
91
948
1894
265
104
425
8
869
1534
41
440
78
1571
2
1094
13
2
479
214
1
1649
1842
1446
118
1477
1517
2
1
549
133
9
3
986
32
693
430
287
448
39
845
1630
238
4
1557
121
61
65
1598
107
1598
29
195
43
76
1395
1614
17
94
262
114
491
152
749
37
1323
16
1459
74
1739
3
6
20
321
1601
434
4
998
1197
705
299
91
12
72
1342
280
7
119
1
116
119
5
49
5
3
4
34
247
4
47
896
1
156
47
27
5
960
2
80
6
1802
1799
708
1
1008
486
4
1020
2
34
62
97
927
18
109
61
1307
1423
241
1023
19
962
1677
649
58
113
86
26
1
76
14
1034
6
3
110
118
1
40
273
198
115
1489
4
372
21
554
418
48
1
19
90
1987
661
543
136
408
131
133
31
649
463
1
132
1307
137
829
5
81
415
562
2
1367
860
1
116
63
355
1306
4
79
611
10
461
199
2
115
3
94
220
36
268
279
734
886
254
1980
342
1145
443
1521
1447
1986
4
707
220
70
533
65
324
10
801
70
215
59
34
71
36
629
163
1964
45
16
85
22
1107
6
1048
4
1141
4
23
2
80
129
7
454
367
1
22
407
1032
636
185
667
138
1195
1126
921
1570
46
22
103
181
746
793
1997
685
10
46
332
69
1928
38
1
111
17
1127
3
1350
369
74
431
1189
8
773
323
153
22
37
1338
69
8
27
9
1614
156
774
8
306
437
1679
213
368
146
688
1820
28
895
1757
1633
462
531
5
169
873
11
73
312
1300
540
15
21
1525
1481
64
4
3
20
240
1176
22
494
487
279
283
619
189
97
1160
83
42
15
289
3
1383
244
435
123
8
1386
52
2
1006
515
36
1264
1
35
507
235
30
10
1844
237
92
341
111
34
103
242
1017
433
845
23
222
156
1030
9
4
104
1310
4
924
10
20
19
266
4
181
2
621
801
1625
151
1
5
35
217
1535
961
953
213
241
996
7
1436
38
117
51
3
1
1966
1912
206
81
1055
317
55
2
41
80
61
2
2
76
1867
296
35
551
19
621
350
295
7
12
129
1170
150
42
1391
788
407
794
75
142
515
30
1156
1937
228
33
783
274
130
1257
10
20
78
865
15
1582
41
114
103
268
88
2
1259
122
545
2
10
5
1122
1532
43
771
44
365
499
9
1
9
927
116
139
135
10
285
1
583
13
14
1
2
32
519
452
1056
334
1
1829
4
214
11
94
246
486
20
705
4
143
1
186
231
61
857
92
176
57
509
419
642
699
7
330
3
40
278
1613
1639
1286
98
57
329
1084
259
1097
3
256
1157
1807
1
1012
16
300
454
1554
545
2
56
109
940
42
35
4
13
1429
528
1889
1039
1
1
24
159
4
112
1667
561
192
525
60
194
1834
80
1123
30
141
256
408
105
26
327
67
1583
609
270
1288
186
921
731
132
1
713
115
291
62
1752
98
104
1852
173
26
1001
31
491
744
881
744
159
955
163
312
1210
74
123
2
1
16
1628
1090
424
414
1058
156
1156
1387
1795
9
155
612
2
438
798
119
72
72
1374
289
1494
250
1149
1
37
38
302
1
5
33
1385
430
1492
900
12
553
2
54
660
2
336
17
1
71
212
402
8
24
82
311
535
1270
78
18
36
348
2
16
334
284
281
351
212
525
877
755
776
5
1075
12
165
860
27
153
67
65
2
230
27
133
95
548
371
20
8
525
186
1530
358
1546
129
90
6
876
26
1
569
1282
1866
211
104
754
850
264
117
164
49
230
914
3
162
244
1672
1331
147
2
108
21
2
822
41
31
4
1120
72
5
114
390
3
187
323
115
1
1
939
108
161
405
61
279
1841
144
358
169
1692
639
2
71
554
1766
1806
1871
1957
709
47
188
118
99
1050
132
112
7
6
14
233
9
1
20
356
247
849
922
26
125
12
9
917
304
850
61
1832
761
14
309
374
308
95
197
699
162
290
284
1042
1039
2
1404
6
85
1327
561
1
1565
732
1005
8
12
1086
546
2
818
458
1723
810
70
1
525
116
74
26
798
321
54
33
40
9
1152
55
60
162
531
153
23
255
202
58
549
552
1535
6
44
1174
794
39
13
1636
450
39
52
128
212
1191
85
1567
5
96
1227
121
256
213
11
1196
215
277
64
472
68
57
10
511
631
13
1663
1810
1615
89
664
174
136
225
46
255
7
335
87
12
1667
297
141
1689
1320
494
44
306
391
433
1394
1039
141
82
904
491
32
1731
1561
1
1844
160
6
1414
31
1317
113
88
933
323
3
118
34
683
193
343
960
196
98
1974
6
418
279
505
48
578
1
736
4
6
1352
28
895
6
2
333
1471
540
3
460
1500
3
261
1
1112
1407
86
29
107
432
17
1212
3
2
689
761
471
1099
540
1819
234
35
148
18
68
1946
1695
30
88
73
11
7
677
47
1284
3
915
191
103
1422
9
998
7
30
15
1715
57
48
337
2
1
64
429
22
304
197
3
1683
4
1406
179
9
1166
46
1543
1176
709
1054
1831
836
94
619
179
1
773
217
266
4
276
1457
838
48
654
520
7
163
124
1010
14
144
478
50
85
1922
1228
1682
47
81
1359
1716
3
429
34
1679
38
543
1651
53
139
68
242
201
324
17
320
1624
128
188
1745
1
160
1
21
294
1433
14
339
139
391
1535
1999
602
5
222
291
15
116
950
7
1
99
502
1059
1639
345
234
549
1117
14
651
49
776
39
518
28
200
99
726
126
97
429
91
46
8
15
1
103
917
378
592
585
6
770
6
907
23
1
590
14
1061
11
90
50
86
2
4
4
2
1070
682
161
1098
89
1026
259
507
149
439
1
976
375
404
2
1
113
1
78
23
355
5
111
183
41
104
1125
130
23
11
785
213
1807
136
796
172
115
8
54
462
152
26
22
45
129
604
110
19
66
700
2
51
273
207
1110
1023
14
5
92
2
852
185
277
76
1063
236
1534
859
1
32
231
502
151
1460
239
4
81
7
3
16
1293
55
1
21
2
2
701
1707
1667
3
56
1
30
167
38
1355
1947
687
233
32
47
9
16
1727
56
249
125
919
838
2
70
118
500
43
1413
2
18
7
10
16
26
3
151
12
77
41
480
585
66
1808
1120
87
789
660
573
16
2
364
3
130
250
441
823
248
1
1823
9
8
529
6
4
50
1924
4
965
869
1658
1850
1953
75
21
30
10
444
1787
173
293
804
505
1
79
363
684
1011
51
1251
359
202
7
349
44
104
872
1131
925
16
154
2
54
1612
1564
1
1
1
1
6
101
440
542
18
212
117
2
325
1513
1
1039
82
7
1410
131
237
196
247
24
868
150
35
844
106
733
1046
4
1115
102
2
1769
16
1164
515
66
17
208
179
28
101
767
1594
1091
403
14
16
3
395
848
68
6
1756
1668
726
1662
139
113
81
352
17
439
9
1
18
260
1919
863
1877
55
877
199
2
2
1071
133
96
391
1436
1
99
289
26
23
439
102
447
1965
56
63
78
48
2
136
1822
63
10
504
8
1997
280
161
98
1272
921
1328
15
954
1436
1519
11
51
3
512
905
3
47
1681
415
506
177
1006
13
46
4
366
10
145
356
294
103
6
30
4
841
20
771
194
249
616
837
52
5
566
2
1641
2
872
50
1105
57
24
469
691
770
36
23
1288
863
226
367
665
7
95
3
1
244
1321
2000
261
372
13
1299
35
42
1
9
996
179
1714
259
44
71
327
51
1567
213
1598
305
546
36
529
2
4
721
723
1310
1199
38
513
57
975
15
10
5
194
16
14
1616
1001
3
1699
361
367
7
46
49
1018
619
2
110
274
41
193
528
1390
244
266
47
56
281
18
50
3
1831
339
561
2
875
13
41
5
1685
348
12
244
1951
1565
269
1
26
57
45
133
555
18
19
853
434
1
101
127
1613
234
8
214
1
31
1775
163
886
43
101
22
289
562
51
1061
42
67
150
657
13
89
1
564
499
603
4
1387
744
746
1217
672
2
3
46
1889
20
1306
833
227
138
58
8
665
32
629
513
270
399
1097
576
2
165
1031
60
1
570
601
50
1353
218
691
35
48
17
1072
78
1894
50
1
29
282
440
90
217
457
311
735
47
1274
265
1466
1907
926
309
1420
2
2
120
1012
1361
34
1602
3
1305
1514
1625
1313
1794
1
1409
1127
161
18
312
867
259
1264
1095
1
4
2
15
34
20
1264
158
809
3
1661
20
14
1738
12
1
83
280
1666
317
21
1392
1120
742
1022
323
494
61
63
5
1750
114
4
72
96
6
221
397
866
309
634
73
22
1089
542
3
110
234
1448
161
5
1
407
146
9
1532
63
396
113
105
257
295
743
407
1
364
1471
3
96
74
115
86
1246
168
1128
963
66
56
31
215
23
83
1
1376
201
232
530
79
21
148
6
1258
771
263
1062
664
339
1357
175
179
271
285
1484
1063
1120
6
329
8
738
45
1342
734
50
200
68
963
140
13
1
1520
1231
59
29
1461
201
167
85
79
829
16
5
1
901
1976
662
283
855
100
1593
957
157
315
8
39
455
17
304
1959
32
190
41
2
94
5
74
1261
118
256
296
80
386
1057
827
32
381
337
110
3
69
3
5
1320
634
1657
321
1803
4
157
14
191
84
380
1914
40
7
61
514
190
99
76
787
690
437
38
64
311
313
45
205
597
9
587
144
1
343
6
169
76
617
140
30
6
6
228
38
790
950
55
92
158
1452
872
1
144
1751
960
22
1347
1025
214
1594
216
615
1099
783
74
17
422
16
912
693
268
503
116
401
26
103
719
496
1
424
369
248
74
303
374
1042
48
62
285
44
203
495
59
215
279
137
22
20
32
14
924
171
1076
1736
24
1
34
11
236
1763
4
1490
148
174
175
149
174
60
1385
41
226
525
1747
103
1112
1079
150
1551
1389
772
1060
402
598
206
34
679
33
814
153
1001
202
89
930
1
22
115
389
33
1477
1018
4
889
1226
5
400
13
456
440
64
16
932
132
13
12
5
37
115
12
1755
655
4
285
210
116
4
1
40
45
479
1459
58
237
284
157
237
206
7
520
1
1769
1175
1858
1977
54
1103
9
14
8
80
66
3
1063
79
2
171
17
1
177
933
597
6
2
24
568
169
9
1710
213
1610
2
589
233
3
527
44
1263
1967
8
1644
174
174
641
121
10
142
122
963
7
4
1
78
39
5
194
282
1226
414
55
2
217
2
220
720
49
36
689
886
185
756
904
1086
1025
4
111
1366
26
133
3
1
305
1372
9
52
1849
32
11
30
19
209
789
24
1986
36
238
7
424
68
1811
22
1945
131
1003
1163
1646
952
6
1347
69
645
603
708
45
19
161
961
723
137
1
300
1512
1822
126
13
1622
333
983
3
807
42
1374
41
418
1231
1582
90
18
28
122
122
311
7
83
1588
6
1307
2
34
76
790
1070
24
1079
1267
402
71
13
1234
945
1672
20
551
268
15
30
1476
281
1663
84
257
29
1576
237
1887
1142
339
84
27
16
98
216
297
54
13
358
6
299
27
25
295
1147
4
11
10
4
1736
178
26
135
10
56
150
3
34
1
1810
46
125
22
1399
1
870
62
12
117
2
224
14
892
249
497
704
145
1716
372
408
111
47
128
598
837
952
39
35
469
1354
333
1
418
15
572
80
109
36
1843
54
1207
165
179
1733
13
263
191
24
66
78
682
1632
207
1021
51
243
72
671
4
619
1533
1785
176
234
13
437
1047
22
2
561
533
277
180
254
58
86
47
1360
61
56
5
81
387
928
228
1210
12
72
4
1241
732
3
3
201
10
6
41
127
25
1
1
85
172
1
109
106
1764
968
35
11
128
1340
1317
11
592
75
171
317
463
7
693
2
63
1482
249
114
4
13
69
771
328
522
257
73
45
3
7
66
325
1680
700
100
19
19
788
1
119
840
1789
725
1
1640
1850
1717
40
896
1096
195
87
40
74
566
42
101
1015
580
1
5
1031
321
544
1791
15
205
517
219
533
862
5
613
1439
80
2
32
56
70
343
547
21
8
61
230
1105
10
6
185
782
1503
1644
1232
1
8
90
793
1017
329
1388
582
232
1828
1579
1487
94
204
89
65
1789
1568
4
171
525
181
1088
39
3
545
481
119
166
488
8
624
29
449
212
177
56
76
392
9
774
1230
6
434
7
310
1643
903
3
380
31
547
1
164
5
20
4
426
31
932
1
30
306
5
99
6
113
59
493
75
47
58
871
1181
982
671
9
14
610
1
65
529
858
107
101
49
90
45
7
212
260
213
642
231
1
849
444
1611
605
345
16
215
48
1771
62
3
1994
1859
1217
40
7
179
356
68
1286
4
387
30
68
125
169
1265
79
8
133
983
1190
37
15
929
843
1218
9
3
1
770
418
10
1489
1899
619
1226
24
1588
487
90
1191
1776
23
32
77
217
252
8
42
204
200
17
1522
1155
197
116
619
397
514
133
51
117
210
1501
13
1453
574
44
195
27
109
95
344
51
1638
37
77
256
31
86
58
1312
1
3
1685
79
578
78
69
388
216
49
125
32
1633
134
471
10
5
1197
36
467
1717
83
32
291
52
554
18
95
547
2
6
90
41
155
1153
9
664
4
397
44
1531
545
317
576
18
2
5
1909
721
91
577
1717
1551
416
567
14
1267
794
53
41
319
54
694
361
80
8
77
12
1600
457
313
184
1925
201
143
1415
20
1064
41
126
65
18
1
35
135
861
261
754
1048
12
331
85
47
1578
728
224
1
329
187
345
61
519
330
1224
601
255
267
4
1
1
5
34
1120
1478
285
677
65
275
658
56
145
2
1087
198
104
111
200
15
1307
1108
602
5
23
68
8
47
417
42
105
8
437
6
3
1774
1148
102
67
11
259
1
110
104
2
43
9
1465
515
16
1053
789
503
1562
1110
412
623
278
1960
1597
898
3
37
122
122
3
91
22
422
468
29
87
5
58
102
803
1
1881
151
218
97
1363
24
316
1214
1766
220
748
18
6
26
1922
880
127
1616
1169
13
59
552
1334
34
13
106
62
2
551
969
124
1476
11
5
1133
404
1999
50
667
348
206
1
40
1913
918
14
662
19
198
1341
2
8
115
388
1
25
481
36
44
5
1043
1219
26
1088
48
1
314
196
18
62
1
1951
592
1764
158
1781
27
216
321
1173
13
131
700
24
154
1539
273
380
776
90
16
964
1031
90
713
15
1449
317
8
135
34
13
95
1
261
1181
1
1255
349
247
375
169
1869
646
1631
3
1010
753
774
284
425
56
1
203
5
177
53
782
1969
1375
71
213
559
29
644
1
17
2
83
1564
303
959
208
1
569
8
56
681
1757
192
21
51
213
1690
70
133
350
330
320
404
45
192
377
43
209
849
