15
17
49
1
2426
3
1
156
22
237
11
1
3
1
1
1
20
94
1
3
2
28
3
9
1
1
1
3
1
7
2
2
1
4
9
1
1
1
1
3
212
1
2
2
2
2
8
4
2
184
10
7
25
9
1
1
1
11
3
8
1
1
2
21
71
2
28
7
1
1
1
423
8
1
1
1
3
277
1766
2
2
8
1
46
1
1
1
64
1
1
19
9
20
11
7
2
13
3
2
1
1
2
388
3
28
2
1
45
49
3
1
1
155
1
4
3
69
19
1
5
1
1
15
2
4
4
2
1
1
1
6
1
13
7
11
3
1
1
3
1
1
56
46
1
40
214
56
19
5
1
6
6
16
1
28
63
34
7
87
3
3
69
3
8
1
15
1
7
1
1233
2
1
1
1
1
9
14
1
1
1
2
1
7
5
1
1368
2
17
41
7
6
1
22
8
25
15
1
105
18
1
1
1
2
1
2
1
448
3
4
1
1
38
2
1
1
1
1
103
1
1
116
2
124
4
1
3
2
1
113
1
6
7
62
1
9
6
2
17
11
13
5
3
140
3
3
9
1
1
1
1
6
1
78
1
9
3
3
680
1
1
3
1
1
1
2
1
1
2
1
3
1
1
2
26
2
2
1
1
2
1
8
1
4
26
9
6
1
2
1
1
10
10
2
131
1
1
1
1
1
1
1
1
2
2
1
3
11
1
52
1
2
3
54
3
7
1
1
1
1
1
66
3
1
1
1
5
3
361
1
1
5
1
4
2
2
1
1
12
7
34
2
1
2
17
1
9
1
1
1
10
6
1
7
1
1
16
22
48
40
8
19
5
2
69
22
1
26
1
3
16
1
16
2
1
1
2
1
7
2
9
3
1
22
8
2
1
5
1
1
1
3
17
1
1
6
1
1
1
1
13
67
3
6
1
2
1
1
3
1
2
4
2
1
27
8
4
16
1
5
3
51
1
2
2
7
1
2
3
2
1
1
182
1
11
1
8
3
1
1
2
16
23
10
28
1
1
4
119
1
1
30
2
13
3
1
1
7
1
6
1
1
1
769
1
1
1
1
5
118
105
1
9
36
3
7
2
1
1
1
1
11
13
1
1
1
32
2
1
13
1
45
1
4
3
69
267
2
1
1
1
1
1
79
2
10
2
209
107
513
33
1
20
9
211
7
1
7
28
3
1
1
1
2
3
1
25
1
3
34
3
2
5
9
69
4
76
1
1
1
1025
8
1
107
1
2
47
2
5
1
1
2
1
2
1
1
1
2
1
4
1
1
14
1
1
1
2
5
1
11
58
7
1
8
2
1
1
1
7
2
6
1
1
1
3
25
1
3
1
1
4
2
1
7
1
4
5
1
1
4
15
3
3
1
1
937
154
9
1
1
202
3
20
2
69
8
21
1
2
342
1
23
1
1
1
1
1
7
2
31
3
1
22
1
2
1
1
2
1
1
125
1
99
602
1
1
1
4
1
13
7
1
3
1
2
2
1
5
2
1
1
12
2
1
4
2
1
1
77
1
67
2
24
2
4
20
1
1
1
1
1
9
2
7
1
132
1
2
1
2
7
1
5
5
2
226
3
24
10
5
1
1
25
17
1
3
263
4
1
1
1
137
1
1
78
2
3
2
3
1
2
6
1
364
1
1
4
2
5
8
1
1
3
7
59
17
13
2
1
2
1
9
1
1
5
3
1
1
9
423
1
15
8
6
1
1
1
2
1
1
2
3
20
42
11
38
1649
1
20
2
11
1
7
234
2
1
1
18
2
32
1
8
77
5
2
37
1
2
30
3
1
49
12
1
1
2
1
227
2
1279
3
29
2
1
23
4
75
1
3
1
1
1
4
4
1
24
1
1
1
20
1
1
2
5
9
1
1
10
1
54
1
2
1
2
1
8
3
4
2
1
252
2
2
1
10
3
1
2
3
8
9
1
1
1
8
1
494
3
3
1
1
276
1
1
12
382
1
40
1
358
42
2
1
33
1
5
36
1
2
1
3
5
1
2
76
2
75
15
1
2
3
3
1
1
4
1
7
1
1
4
8
8
2
1
3
11
6
25
17
93
12
8
6
2
1
1
13
15
1
4
4
26
87
149
1
47
9
1
30
3
22
41
2
2
1
1
2
1
41
1
6
4
26
10
1
1
173
1
1
2
1
3
28
10
2
1
5
1
1
36
3
2
16
1
197
2
2
1
2
270
2
1
123
1
51
5
2
1
8
23
1
17
1
20
8
2
25
2
1
1
251
2
5
1
3
1
1
4
1
5
1
2
18
5
1
1
1
4
1
1
7
12
1
6
5
1
1
5
3
2
12
154
2
2
1
1
1
1
5
2
4
3
1
9
1
75
1
3
34
1
75
1
6
1
1
1361
3
541
5
2
1
1
3
2
40
873
207
5
18
32
1
4
1
4
1
7
1
1
5
1
16
1
31
8
2
4
4
2
1
1
1
1
1
981
1
1
1
4
19
1
1624
1
1
1
27
13
1
1
8
234
1
1
1
10
2
11
3
4
1
1
3
1
1
1
12
4
3
1
2
2
1
1
3
2
1
1
5
3
15
37
1
3
1
54
7
1
1
3
2
4
153
19
10
1
15
3
149
2
1
1
559
117
1
3
23
1
1
1
8
1
5
1818
1
1
1
31
14
2
32
1
39
11
5
1
1
263
5
22
5
1
1
4
19
2
39
1
1
6
1
37
3
1
135
2
1
1
2
16
1
18
1
12
49
1
2
6
2
15
2
10
1
3
7
646
3
1
1
3
1
556
1
1
744
19
8
4
51
3
3
11
1
7
2
1
9
1
14
119
1
1
3
5
3
1
1
2
2
4
1
1
2
2
2
2
7
1
1
2
1
300
1
3
1
3
6
53
2
1
302
25
1
4
84
686
7
24
8
64
7
15
19
6
1
1
5
7
1
10
1
1
9
6
16
1
1
2
1
1
428
10
1
3
8
791
5
1
1
1
1
4
1
6
1
2
1
3
13
5
1
4
1
5
1
8
1
3
2
1
1
1
19
1
31
1
2
2
134
1
1
1
2
12
3
1
7
1
207
11
1
1
1
99
6
2
1
178
607
1
2
3
1
146
1
1
1
1
1772
1
1
1
4
11
4
5
3
1
1
1
1
3
1
1
8
4
4
9
1
165
119
20
297
1
2
1
1
1
2
19
2
9
18
17
3
1
63
4
5
1
3
19
1
1
1
68
21
5
1
25
1
721
26
1
9
3
489
12
1
2
20
1
1
1
3
2
4
1
1
1
2
1
23
1
1
1
7
5
1
1
1
1
8
1
61
4
1
20
1
1
3
2
1
247
27
9
2
2
1
5
1
6
42
1
50
14
1
1
5
3
1
2
2
4
3
41
1
2
122
2
1
2
1
1
1
38
32
1
3
4
5
2
1
3
4
3
3
1
3
4
2
1
59
2
15
1
1
37
1
22
1
3
68
5
3
1
1
41
1
2
90
1
1
12
1
21
4
1
1
1
1
20
5
1
771
1
77
6
2
7
2
1
1
2
1
6
1
1
1
5
160
1
8
2
1
2
1
9
3
2
6
2
1
140
1
1
18
1
165
1
3
3
25
1
8
1
1
1
1342
1
3
15
1
9
9
3
1
54
8
1
2
6
1
1
2
6
2
4
5
2
11
18
10
4
1
5
12
1
1
1
1
10
1
2
2
114
116
1
22
1
1
4
5
5
1
4
4
1
1
2
2
1
3
148
1
7
1
1
8
18
3
1
1
2
1
1
1
1
1
1
6
38
1
3
1
1
2
1
1
4
3
1
242
10
1022
1
13
1
1
4
2
2
1
3
1
2
1
19
1
1
70
2
1
1
1
1
98
2
1
1
4
5
2
1
4
1
2
3
1
3
4
4
1
4
2
1
1
1
62
1
1
1
1
436
1
3
218
6
6
11
2
70
17
2
4
2
2
2
1
1
35
6
7
3
1
1
2
1
1
210
5
1
4
3
222
75
1
99
350
2
6
3
9
10
8
13
6
1
1
1915
6
61
1
1
1
1
2
104
1
5
1
17
1
13
6
41
1
2
33
1
22
1
1
3
2
2
6
2
2
10
2
7
9
4
279
3
2
2
1
5
8
44
25
1
1
3
21
5
1
1
1
1
1
1
1
1
129
2
15
4
1
1
48
23
1
2
12
1
2
2
9
54
2
1
21
1
6
1
4
4
2
73
2
1
4
307
2
1
88
82
36
1
1
1
29
2
34
4
1
2
8
114
2
1
1
1
1
1
5
1854
1
2
4
2
7
25
1
5
2
2
1
27
5
1
6
2
1
1
2
1
1
1
40
2
2
1
2
2
126
3
2
45
2
4
4
439
9
2
2
1
2
1
1
1
2
1
6
6
1
1
2
5
1
15
2
10
10
2
67
9
1
3
1
51
21
3
4
11
1
1213
17
1
1
8
3
1
19
2
1
2
1
2
344
1
101
16
42
23
2
1
2
10
1
20
6
4
6
42
1
12
106
1
1
2
1
231
16
49
3
1
390
3
9
1
1
4
3
2
3
130
1
1
1
2
1
8
4
2
1
1
2
3
1
9
2
1
6
44
55
1
4
8
2
8
1
1
1
301
2
2
2
21
1
159
1
4
4
382
4
4
1
9
1
3
1
2
1
3
1
7
1
2
32
2
2
1
83
1
1
1
31
3
115
2
7
10
7
19
30
3
11
1
2
1
25
92
4
6
3
1
20
7
4
2
2
1
1
5
6
16
1
2
2
15
21
1
4
2
1
1
1
10
1
1
10
2
1
2
3
12
2
1
1
1
1
2
1
1
10
1
4
3
33
7
13
1
1
1
15
2
2
3
3
1124
1
1
2
2
2
1
1
6
1
1
2
1
71
1
1
1
4
1
4
1
1
28
39
4
4
1
1
1
1
2
1
16
1
11
128
8
1
7
1
36
1
4
87
10
5
36
1
1
1
1
1
1
2
6
1
2
23
7
3
12
1
1
1
1
18
1
1
1
4
16
1
3
7
18
1
4
1
4
2
1
1
1
1
18
2
4
1
217
5
1
1
1
1
1
4
1
1
10
1
1
24
1
89
2
2
7
7
6
79
1
2
3
2
1
23
4
39
1
1
296
3
1
327
1
2
2
1
184
1
7
1
3
2
1
1
1
1
3
1
1
21
1
2
158
17
4
32
760
1
23
1
3
6
1
2
7
7
8
3
642
1
1
6
2
1
1
1
44
2
1
1
2
1
99
1046
10
15
7
2
1
2
4
1
9
33
1
1
3
1
1037
5
4
15
35
1
6
2
1
1
44
9
1
2
1
4
1
9
1
1
10
1
6
1
4
5
1
61
1
1
8
1
94
1
2
7
3
2
1
1
21
9
1
16
4
1
19
1
1
3
1
1
2
72
1
11
150
1
1
1
3
23
2
1
1
18
3
1
8
2
361
1
7
2
27
1
1
3
3
3
2
1
13
8
1
2
9
3
9
3
15
1
3
4
60
1
1
4
218
4
3
18
1
6
1
2
221
1
1
1795
1020
9
1
15
11
22
1
2
3
1
3
2
2
100
1
6
1
4
2
32
1
116
6
146
14
3
145
1
1
14
4
2
5
3
3
1
7
1
2
9
1
2
14
2
4
3
20
1
1
1
2
5
45
1
79
146
40
5
42
79
2485
9
16
1
1
16
1
1
23
1
4
3
4
4
33
1
795
9
3
42
365
286
1
3
3
8
2
1
1
3
6
9
3
142
1
27
50
2
7
1
21
3
1
84
1
12
5
3
1
1238
185
1780
8
7
1
1
1
2
1
25
82
3
1
2
1
11
5
23
40
3
1
1
20
7
27
4
1
1
1
1
3
1
1
8
9
2
10
130
15
1
14
14
1
1274
2
2
180
4
692
22
1
1
1
4
8
1
1
3
1
1
1
1
1
10
1
2
5
1
1
2
4
16
2
18
5
1
1
1
1
2
3
387
1
4
1
1
1
1
1
6
1
1
1
1
27
3
1
13
3
1
34
3
9
1
2
2
1
1
366
1
82
3
6
4
5
5
4
14
5
3
1
1
686
2
1
1
12
1
2
59
2
2
1
37
2
14
2
3
4
36
1
1
1
1
22
6
2
1
1
1
24
4
13
1
8
19
1
86
38
1
1
5
1
1
1
1
1
1
3
45
1
2
1
1
6
86
10
1
3
1
69
4
1
2
185
1
5
2
4
9
50
2
1
1782
12
1
307
1
1
1
329
3
11
2
12
2
2
5
861
4
5
3
1
42
3
5
13
2
1
12
26
7
1
1
1
1
1
1
3
1
1
3
1
1
34
1
2
371
1
59
20
4
3
2
1
2
2
555
2
193
3
2
1
5
1
1
19
2
1
1
1
1
5
10
16
1
3
1
2
1171
221
1
48
5
2
5
1
6
3
1
22
2
1
1
2
2
1
1
2
1
52
2
15
8
2281
1
1
2
2
1
1
5
26
1
91
2
1
1
2
2
1
1
122
3
31
1
2
1
2
1
1
30
1
6
20
3
65
1
5
1
2
1
1
8
1
10
1
1
2
3
12
39
2
2
5
3
1
6
1
1
4
3
11
1
1
1
1
1
1
1
73
2
1
5
1
90
102
3
1
6
9
9
1
36
1
6
3
1
2
4
8
2
15
53
2
2
1
40
1
3
3
1
26
13
128
878
200
1
29
8
1
1
1
6
1
10
2
2
7
4
5
1
3
1
53
1
1
2
3
1
1
1
1
5
1
1
11
1
1
8
159
4
1
29
12
2
1
2
1
9
1
4
1
13
1
2
2
13
3
74
1
1
35
1
29
1
5
12
2
42
73
1
8
1
19
3
1
4
7
8
2
1
1
1
4
29
84
1
17
7
1
1
415
1
81
1
457
7
2
1
1
14
1
28
18
1
6
2
1
3
2
2
1
82
1
6
13
166
7
2
2
8
5
6
11
1
2
1
7
10
1
13
16
1
3
2
3
1
1
3
4
4
326
2
1
143
1
4
1
2
2
1
2
63
1
1
68
1
1
2
2
13
1
10
2
3
1
2
7
13
36
2
1
1
2
5
1
7
1
25
1
2
1
10
1
1
1
720
1
810
1
4
9
4
1
2
4
2
2
33
1
1
336
1
9
234
1
39
1
2
1
5
2
1
24
2
11
3
2
11
1
10
12
3
9
12
38
1
5
18
1
1
1
4
1
2
1
5
1
1
36
7
1
14
2
4
1
9
1696
8
8
362
1
14
9
1
1
2
3
51
42
1
44
166
3
1
1
2
6
4
1
1
1
1
4
5
2
8
4
1
1
2
3
1
56
15
2
1
2
5
1
1
3
2
38
10
1
3
1
4
2
2
10
1
468
1
1
1
2
550
1
2
2
3
1
28
5
1
2
1
44
1
8
16
193
17
2
2
1
1
10
2
80
1
1
7
1
1
317
3
103
368
1
7
10
3
23
1
7
2
1
1
1
36
2
1
1
1247
11
4
2
3
1
2
1
4
1
4
2
1
1
41
1
1
2
1
1
14
11
2
1
10
1
8
1
2
19
376
8
25
34
1
37
10
1
1
1
1
1
262
1
2
1
1
4
946
121
2
2
1
2
5
4
11
1
1
93
1
1
5
3
1
88
1
3
1
1
4
3
1
3
1
1
1
8
1
10
2
67
77
1
5
1
3
2
3
1
5
2
1
1
2
2
1
1
6
4
1
1
4
3
1
27
6
1
1
22
2
4
1
3
1
1
63
6
1
4
2
4
151
1
6
3
2
8
486
6
3
1
85
19
1
25
1
3
10
33
1
21
79
3
1
133
2
1
70
4
76
139
1
3
2
1
43
2
2
1
1
1
5
3
12
3
2
1
1
2
1
20
12
1
25
6
2
1
1
8
1
2
5
2
1
4
9
2
1
1
2
1
1
17
16
1
141
3
1
7
1
1
31
1
3
1
6
15
1
9
8
1
3
2
160
1
1
2
1
7
5
1
1
2
7
1
6
68
3
3
1
12
58
1
1
1
624
16
5
3
3
40
8
14
5
1
1
18
26
2
33
1
94
1
2
1
1
25
1
9
3
1
2
2
2
2
31
1
3
902
1
2
1
16
1
1
1
1
9
3
2
3
2
6
2
1
5
1831
2
1
1
1
1
2
1
3
11
3
1
1
1
1
4
1
2
27
1
1
1
14
1
1
1
3
1
1
3
7
2
1
1
20
5
3
23
5
1
3
9
3
10
69
69
1
1
14
343
1
1
1
1
1
1
9
3
1
12
2
6
1
2
2
1
314
1
9
219
275
1
3
1
4
1
3
60
13
142
1
1
1
2
9
1
2
4
315
11
42
38
3
2
3
3
5
2
1
6
22
1
2
14
1
1
1
7
2
5
65
4
2
5
1
1
8
924
66
4
1
11
1
15
10
1
993
3
1
33
4
37
70
1
1
30
18
7
2
2
2
1
1
1
1
2
4
241
1
12
2
1
27
10
5
3
1
976
82
360
1
3
32
2
1
7
1
1
1
1
1
2
13
1
1
1
1
1
18
6
2
4
2
4
3
1
15
1
1
150
1
1
4
1069
3
4
1
2
2
4
5
1
1
67
4
11
1
1
1
1
3
10
14
1
28
1
63
41
2
1
1
12
1
11
113
75
5
6
1
26
1
5
1027
1
1
1
40
1
279
2
1
2
1
1
12
6
11
2
1
1
2
3
1
4
13
15
4
2
1
5
9
3
24
35
2
4
1
1
2
1
27
61
4
6
1
1
2
1
1
12
21
1
116
1
129
5
1
1
3
3
2
1
1
1
7
36
1
1
1
1
6
1
41
3
1440
3
1
1
3
1
1
1
3
2
14
5
1
19
1
1
3
1
98
7
2
1
6
1
2
1237
4
1
2
4
26
3
1
2
1
1
10
1
1
2
574
2
22
1
1
2
71
1
3
2
1
2
1
2
14
1
5
5
5
2
66
1
1
1
1
1
9
2
18
1
8
18
1
2
21
2
22
22
26
1
7
8
170
501
6
290
1
10
2
1
1
1
4
4
6
2
1
1
1
28
1
2
2
1
1
2
18
3
1
1
2
10
3
174
4
83
15
15
159
1
3
2
3
1
1
2
2
473
3
2
5
4
12
8
2
49
2
19
6
2
1
333
43
1
53
89
11
2
1
2
253
33
1
1041
4
1
10
2
12
4
1
1
2
2
1
4
2
14
29
1
1
14
1
3
1
1
3
1
2
1
2
1
1
13
16
40
1
19
1
1
1
10
13
9
7
2
269
1
36
1
1
1
4
1
17
2
86
1
1
1
2
4
92
1
736
127
8
1
2
2
24
2
2
3
4
1
47
5
9
3
7
339
1
1
3
2
1
1
42
383
1
5
84
1
1
6
1
1
2
2
32
13
4
7
1
1
2
1
578
1
12
6
1
1
3
2
12
40
2
1
3
3
70
1
3
3
19
8
4
1
41
1
1
1
1
283
1
22
11
2
1
1
10
86
1
1
1
1
2
61
4
2
7
1
1
23
22
4
16
8
1
1
2
1
5
7
5
1
2
1
1
15
3
1
2
7
1
8
1
4
1
1
426
5
1
20
1
2
1
5
12
4
2
81
1
7
1
6
47
1
41
1
2
642
1
1
4
14
2
1
4
3
44
8
1
8
1
2
3
6
1
2
1
5
1
1
2
234
3
657
1
34
36
1
2
1
4
47
7
1
5
377
214
1
12
1
1
1
2
2
63
4
1
1
2
4
12
1
4
2
5
2
5
3
2
2
4
32
12
6
26
6
3
2
1
4
1
13
8
17
60
3
1
5
2
7
1
38
2
2
92
1
3
2
1
1
1
2
4
1
1
32
1
2
8
4
29
2
33
1
5
1
1
1
16
14
2
1
1
1
8
14
59
3
1
2
1
1
1
1
2
12
1
1
1
1
2
1
1
1
1
1
3
9
4
1
3
1584
1
1
2
5
903
3
190
1
3
1
4
1
34
1
6
1
3
1
1
1
1
1
1
3
2
5
1
20
2
2
1
4
1
2
12
2
2
4
22
1
21
6
4
8
1
2
5
1
24
10
211
8
1
5
1
1
39
1
2
38
2
27
31
2
1
3
12
1
7
1
203
2
5
4
2
1
1
2
251
727
2
9
22
37
1
13
1
399
60
182
18
4
1
1
1
15
1
1
2
1
3
4
2
2
3
6
1
4
1
1
2
1
20
2
1
1
62
5
1
63
1
1
9
17
2
1
10
4
60
24
1
260
96
4
2
12
22
1
4
3
1
67
62
1
1
1
6
3
10
27
3
3
1
15
1
1
2
1
25
745
17
82
13
2
1
4
1
8
60
3
302
320
1
2
32
3
1
1
1
14
19
16
1
1
3
1
2
2
3
1113
15
3
1
4
1
1
3
1
6
7
19
6
47
2
4
2
32
2
1
2
2
4
1
12
151
3
1
1
37
17
68
1
15
3
1
6
1
4
10
58
1
4
4
20
6
1
1
5
1
1
12
2
9
17
2
1
1
2
11
3
36
1
1
1
1
1
1
13
3
1
1
6
1
11
1
5
2
1
4
23
66
340
1
49
18
2
4
1
3
9
2
2
1
2
1
2
1
5
26
3
7
1
1
61
131
1
1
10
111
5
8
3
4
1
2
1
61
11
1
5
16
6
1
1
2
5
19
51
2
69
1
135
1
2
6
1
1
5
1
2
4
1
47
1
3
1
1
100
1
1
1
1
10
32
5
2
1
1
41
2
53
1
1
1
5
1
1
562
5
1
1
1565
2
3
5
1
1
2
1
4
1
1
1
8
1
2
1
4
3
1
1
3
1
1
73
3
1
1
49
2
1
1
14
69
2
1
1
1
3
1
3
1
1
1
51
3
2
2
3
3
1
1
68
1
1
1
1
3
3
2
3
15
2
1
1
1
93
1
2
7
1
624
19
6
18
2
2
62
108
1
1
2
9
1
9
9
268
4
1
17
2
11
1
7
766
1
1
2
1
2
1
1
4
6
1
1
4
1
248
1
1
1
14
2
7
9
2
1
1
13
1
1
4
1
1
1
46
11
1
2
2
7
6
174
45
445
19
1
4
3
2
574
7
4
55
644
1
1
1
1
1
2
1
15
1
20
1
3
1
18
8
3
1
1
1
118
4
521
1
1
4
6
1
2
116
1
1
5
2
5
25
1
2
8
1
1
1
1
2
1
10
9
1
3
12
34
4
1
24
4
1
1
1
4
211
2
3
225
1
2
1
1
238
1
1
3
1
1
1
10
1
4
1
1
4
11
1
109
1
2
10
1
23
66
531
4
1
4
5
3
3
6
1
1
2
1
1
30
1
157
3
1
5
6
1
1
12
2
30
1
7
1
1
2
2
13
79
1
105
1
1
10
1
10
1
1
7
881
3
1
44
1
17
17
1
1
2
1
5
158
5
1
5
1
1
2
1
2
101
4
2
6
2
50
2
1
1
1
1
1
1
1
7
15
39
2
3
1
1
2
18
20
2
46
1
418
2
1
5
1
4
1
2
1
1
1
1
2
1
1
1
1
635
2
6
2
30
1
21
43
13
21
1
4
31
4
2
5
1
1
5
1
38
1
1
7
1
1
5
1
1
2
16
3
459
219
2
1
6
3
3
1
10
4
479
13
3
1
9
1
37
1
12
1
2
1
1
1
6
1
12
164
1
7
9
1
2
1223
3
1
1
46
440
1
146
3
2
1
1
1
1
21
1
1
1
2
1
1
14
9
1
1
1
1
30
1
8
1
2
2
1
15
1
13
49
2
8
2
2
1
6
1
2
12
34
2
3
3
2
12
3
22
1
1
2
10
3
1
32
1
2
2
1
193
38
1
3
5
1
1
1
4
1
227
47
1
21
1
1
4
1
4
2
3
11
2
8
1
1
3
1
1
31
2
1
5
5
41
3
102
1
1
1
1
95
74
1
91
39
616
1
2
2
1
2
1
9
2
5
1
2
1
1
1
1
1
1
1
82
2
1
2
1
1
1
142
1
1
1
1
3
2
1
1150
5
3
3
1
1
1
1
11
1
3
19
4
4
2
1
2
1
39
1
2
149
1
156
1
1
1
2
2
2
1
2
3
14
759
8
1
2
17
4
3
1
3
3
2
2
1
1
8
1
1
1
2
1
124
9
1
1
7
2
110
89
89
1
1
1
1
22
40
1
1
1
24
1
2
1
1
45
35
6
1
4
1
1
2
39
1
20
5
1
12
1
4
1
1
3
1
1
1
1
1
437
1
10
1
1
26
1
4
2
2
1
1
1
1
4
3
1
60
1
2
2
2
39
1
581
55
4
1
2
1
17
1
4
1
1
40
1
5
3
2
1
5
8
2
60
1
8
3
1
2
2203
1
1
1
3
3
1
1
419
559
4
22
2
1
4
3
1
3
1
2
1
366
1
1
1
3
1
50
1
21
4
1
2
96
1
1
3
154
4
37
4
9
59
2
107
1
9
1
77
9
4
25
1
4
103
1
1
401
1
2
30
6
4
1
22
2
1
24
110
2
1
811
9
1
4
1
1
2
1
31
37
14
70
1
1
6
1
6
3
2
335
1
1
4
1
1
2
4
6
352
1
1
1
34
5
2
5
20
11
1
2
2
2
1
1
1511
4
250
1
1
4
102
6
3
1
21
1
2
1
2
2
14
22
9
1
2
1
19
1
1
1
3
11
1
11
6
1
1
112
2
2
1
22
2
1
1
5
1
4
1
1
561
1
1
1
1
1
1
7
1
1
4
30
1
1
1
185
1
17
9
1
3
1
2
1
1
1
1
10
5
4
1
2
1
1
1
1
2
10
3
1
3
49
9
5
127
2
2
4
308
1
2
2
3
1415
2
3
6
15
9
3
1
72
1
1
3
4
11
1
1
29
2
1
5
3
214
1
10
1
16
1
7
3
7
1
3
2
1
1
12
13
6
17
1
4
7
1
1
2
1587
1
3
3
1
7
4
1118
1
236
2
1
1
1
9
4
1
1
18
1
8
9
1
14
1
53
3
3
136
1
3
6
2
1
9
1
1
8
1
2
4
82
2
145
1
78
1
1
58
12
2
4
1
1
1
205
5
1
6
4
3
1
14
11
4
10
11
5
5
4
1
3
9
1
1
4
10
1
1460
2
2
1
1
2
2
1
22
2
3
2
1
2
6
2
10
1
1
1
29
3
2
1
27
6
2291
8
640
1
1
450
422
3
32
2
1
6
17
1
2
41
1
1
1
1
4
3
1
1
5
92
3
5
1
1
7
1
2
2
11
1
235
5
10
1
2
1
2
1
2
1
523
5
10
2
1
3
1
2
1
12
1
1
4
6
13
11
6
1
8
1
6
2
8
5
2
2
1
67
1
78
4
1
68
1
1
193
1
3
6
4
1288
3
45
2
2
2
11
10
27
1
1
1
3
790
1
1
6
1
9
13
1
20
1
4
1
54
1
19
571
1
3
42
26
1
5
3
4
4
1
1
27
1
1
448
1
12
1
2
16
1
3
4
5
2
1
2
1
2
11
6
1
1
12
6
12
22
33
38
5
1
2
3
5
108
24
1
38
9
1
9
558
6
1
4
15
6
4
6
1
1
1
5
8
3
1
1
15
1
3
1
1
1
1
3
21
2
3
6
1
9
1
2
9
1
295
1
1
1
1
1
2
6
3
1
2
1
1
36
1
2
3
1
1
1
4
2
1
1
1
1
5
7
1
1
1
2426
8
1
1
2
41
1
1
3
1
3
1
17
2
1
1
2
14
7
3
2
1
1
1
1
2
1
1
2
2
4
2
2
1
1
1
123
1
28
1
7
2
25
2
1
8
2
2
22
3
1
1
2
8
1
4
2
1
3
1
1
1368
7
1
1
3
17
75
11
1
2
18
1
1
27
2
3
1
1
1
8
1
7
2
1
1
3
2
6
10
1
5
1
1
8
1
1
4
1
1
1
2
11
15
1
1
4
1
2
1
16
1
1
1
1
7
1
1
1
19
36
2
21
1
1
3
3
3
6
1
1
1
1
6
3
4
3
1
1
12
5
450
51
1
11
1
2
1
53
25
14
1
1
1
2
2
7
1
1
9
1
29
23
1
1
1
1
2
3
6
2
1
2
3
1
7
5
1
2
1
4
2
6
1
3
7
1
5
1
2
1
1
5
1
1
27
2
29
2
2
2
1
3
4
15
1
1
70
1
33
1
1
1
1
1
8
2
446
2
1
1
4
1
1
4
3
80
1
1
2
5
19
1
5
17
30
1
2
1
1
11
2
1
1
12
4
1
5
1
1
1
3
230
16
1
2
25
3
1
1
2
1
1
3
1
7
9
12
7
1
11
1
2
11
1
7
1
1
1
25
2
6
1
16
1
11
1
52
5
1
1
1
3
1
1
2
16
1
1
775
21
5
13
1
26
2
1
1
1
1
1
102
1
1
1
1
3
3
54
5
5
5
604
2
1
1
3
11
1
3
59
32
2
1
1
1
20
4
9
1
1
1
4
3
10
1
2
1
1
1
1
32
35
40
1
48
1
2
1
27
7
2
581
34
36
70
308
2
1
2
2
2
1
1
2
1
1
40
4
1
2
7
37
166
1
3
1
463
1
17
3
1
1
1
32
38
1
24
1
18
1
1
34
1
1
9
92
2
1
2
1
1
1
1
4
12
5
17
1
1
1
16
1
4
125
1
1
2
94
33
8
3
1
2
23
18
2
1
2
1
7
361
123
8
1
12
1
1
2
13
2
3
403
3
3
2
1
1
2
1
1
1
1
1
1
1
51
9
18
2
2
9
16
7
4
1
2
15
1
1
1
1445
1
30
10
7
1
2
1
1
1
72
1
1
1
1
4
58
2
2
1
4
1
4
3
112
62
17
1
33
39
1
6
3
3
1
1
15
1
4
9
2
1
2
2
6
1
1
2
1
1
6
27
4
45
1
1
1
36
1
1
1
7
246
1
52
2
1
11
2
1
1
5
1
3
1
10
1
2
4
3
5
2
1
1
14
14
3
1
1
5
8
3
1
1
1
1
2
11
5
32
4
1
43
2
13
1
19
6
82
1
2
1
454
21
1
2
23
1
18
1
137
1
10
3
4
3
75
822
1
1
1
304
3
1
1
1
15
1
8
2
17
3
26
1
378
4
4
1
1
3
6
2
1
1
4
4
1
1
7
1
2
1
2
407
3
12
1
1
9
2
538
1
1
1
1
1
1
1
4
2
1
8
7
51
5
1
1
1
26
1
1
1
1
2
1
1
1
5
7
1
1
66
104
2
1
1
118
1
1
9
1
27
16
1
1
1
3
1
1
4
2
4
1
1
30
2
28
1
1
2
1
69
2
2
2
4
11
4
1
2
1
1
1151
1
1
1
1
23
2
1
11
197
1
1
1
1
1
11
4
1
38
14
22
6
2
1
1
1
2
1
1
4
8
2
1
1
5
981
13
1
1
5
1
12
4
1
2
5
6
8
1
7
28
15
3
1
1
19
1
35
1
971
1
2
1
38
2
29
1
1
48
2
3
1
1
1
1
4
1
2
2
3
1
224
1
3
55
1
1
32
1
1
1
7
3
7
9
9
4
121
1
19
118
13
161
3
2
2
13
19
64
2
1
57
1
7
21
3
1
3
528
1
1
1
1
1
9
1
1
2
7
13
1
1
2
43
5
1
2
1
7
6
2
1
12
1
1
1
1
2
7
14
249
398
1
49
53
2
394
3
1
1
1
1
1
2
2
119
1
1
2
179
3
2
1
36
1
19
1
1
1
9
2
2
37
2
1
20
1
1
2
1
2
3
2
1
23
3
2
1
1
1
1
11
1
189
1
1
1
10
60
19
1
8
1
1
2
4
3
1
3
5
5
1853
26
2
3
8
13
2
5
73
2
3
1
8
5
1
1
196
1
21
1
1
1
15
1
4
7
6
1
1
2
1
11
1
43
1
1
1
159
1
45
1
1
2
2
1
4
1
36
156
1
77
3
6
1
1
1
1
1
1
27
1
51
126
65
8
26
22
1
1
93
79
1
1
286
1
88
7
1
3
3
4
1
6
70
14
1
5
15
1
3
1
1
5
2
3
1
69
2
1
1
48
1
2
2
4
3
90
4
1
1
23
1
2
1
125
17
1
17
1
5
54
1
1
1
6
1
4
228
2
2
3
84
10
1
23
8
4
2
13
5
30
1
2
1
2
6
2
831
24
1
37
1
12
1
28
4
18
1
1
1
1
2
1
1
1
1
6
6
1
2
1
11
26
211
3
1
2
2
1
1
23
40
14
1
26
39
1
7
23
3
35
1
187
2
5
1
17
2
1
2
3
1
1
40
1
2
36
1
32
3
377
8
1
23
58
1
12
1
58
2
50
1
4
5
2
329
1
26
13
1
1
1
1
4
2
4
135
50
1
2
1
6
2
1
13
2
4
2
775
1
1
2
1
2
1
137
2
663
1
1
3
3
1
3
2
2
1
217
3
3
1
2
1
1
1
1
11
1
4
48
8
145
1
1
1
2
7
1
9
11
2
21
6
1
1
17
4
1
50
266
5
1
1
5
1
1
4
2
1
1
2
54
2
1
2
1
1
1
42
1
4
2
7
8
1
222
59
1
2
7
2
31
3
1
24
7
3
1
2
1
7
4
16
1
209
2
2
2
1
2
3
1
1
4
46
4
22
31
1
1
1
1
1
5
1
146
20
2
11
1
3
1
6
2
2
1
25
3
1
1
13
9
1
1
3
10
1
4
29
31
2
13
1
4
1
6
9
1
7
5
1
4
1
2330
38
4
1
1
7
2
1
1
3
2
6
1
15
119
3
215
5
4
5
27
1
212
1
9
1
3
1
3
10
3
9
4
7
1
1
1
2
7
2
1
1
17
8
114
4
480
4
5
31
1
1
16
15
157
10
15
8
13
1
70
11
2
1
1
5
1
4
1
1
1
1
3
1
5
25
2
21
1
1
1
1
1
19
2
37
1
39
4
1
1
1
1
1
18
2
2
5
10
8
5
2
6
1
11
1
31
1
1
10
1
17
4
1
3
5
57
4
7
1
2
2
3
6
1
1
2
6
1
6
1
1110
1
1
1
3
1
2
49
1
3
3
1
1
1
84
6
122
2
5
2
2
2
4
3
4
18
15
1
51
1
39
9
1
11
3
2
3
1
1
7
7
3
13
1
39
9
1
8
2
1
19
2
1
63
370
1757
1
3
3
75
12
2
2
13
1
4
1
2
643
3
1
1
3
5
3
2
4
2
7
2
2
1
1
2
4
5
3
13
4
1
1
5
3
1
1
2
1
13
6
1
8
2
2
50
327
8
1
2
2
1
2
92
14
7
3
1
3
1
1
1
6
32
3
2
25
3
1
4
10
26
3
5
2
7
4
117
1
32
2
1
17
16
3
120
1
3
2
2
2
1
3
49
10
31
16
2
4
2
1
4
12
11
1
1
1
7
1
7
6
3
2
114
133
1
3
1
2
1
1
2
3
56
1
1
1
3
7
1
1
24
3
181
5
5
1
30
1
63
11
2
1
48
1
2
1
1
72
3
1
21
1
1
11
3
1
1
6
5
1
11
22
12
1
1
1
5
1
4
8
24
2
1
1
1
12
1
18
74
2333
64
1
1
10
3
28
9
15
2
2
1
2
4
6
11
2
17
27
1
35
1
1
1
1
1
34
12
1
1
1
39
1
7
11
1
1
2
1
124
7
1
1
3
4
5
1
17
19
1
194
1
4
2
49
7
1
4
2
2
1
1
1276
6
2
8
1
7
1
1
1
2
1
1
181
1
131
199
37
1
1
1
2
1
1
1
4
23
1
18
1
1
1
3
107
1
8
1
1
1
1
6
1
1
1
4
2
5
2
2
2
239
1
2
1
4
1
4
1
1
5
6
4
31
2
8
236
1
29
1
4
108
2
1304
3
3
1
1
4
2
1
27
7
1
2
1
1
9
1
1
1
2
14
5
5
1
7
8
1
2
3
1
2
1
5
21
2
1
820
4
1
9
3
1
237
3
193
39
101
4
13
3
1
1
35
1
6
10
17
3
2
28
4
1
2
5
2
1
19
24
1
18
8
1
19
4
9
2
1
5
3
4
2
3
1
1
1
4
2
1
30
1
16
2
2
289
1
5
1
1
1
8
6
1
3
1330
5
5
1
412
1
33
21
2
1
9
20
1
1
1
17
8
1
18
1
62
1
23
44
1
248
8
1394
1
13
1
1
1
5
4
2
3
1
1
1
7
1
2
4
2
1
1
4
2
1
1
7
1
1
4
2
11
3
4
1
1
3
1
2
19
1
1
1
8
2
1
3
1
47
69
2
1
71
17
107
33
1
19
1
1
1
1
6
1
95
1
1
1
1
1
1
4
1
3
2
1
2
18
46
3
1
1
1
1
3
4
1
1
11
11
1
612
1
1
1
71
1
1
5
1
1
3
1
122
1
1
288
1
5
399
1
1
14
4
1
1
2
10
10
5
1
1
11
1
1
1
9
2
2
7
5
14
50
2
1
13
20
1
9
1
1
1
1
13
1
92
202
1
7
1
1
4
5
2
1
3
5
1
7
1
2
27
264
1
6
2
41
2
3
8
7
1
3
1
1
1
3
1
2
1
1
11
383
7
3
3
23
1
13
1
1
57
47
1
39
1
1
421
7
1
21
2
68
1
1
3
1
1
2
1
2
20
1
774
1
38
3
1
3
4
1
1
1
5
3
15
2
2
5
16
10
1
2
135
1
1
18
1
81
1
5
1
4
2
1
12
2
2
1
2
263
777
3
1
1
1
2
1
5
3
13
1
63
7
1
1
1
5
1
1
8
120
3
1
5
1
1
1
3
2
1
1
2
2
7
2
2
9
1212
7
4
2
37
5
8
4
2
1
2
3
1
6
1
7
2
1
2
1
2
2
1
2
1
11
1
2
2
1
1
1
1
6
1
1
2
8
2
1
2
1
1
1
1
35
3
3
25
2
3
7
1
341
1
4
1
117
2
4
16
9
1
2
1
7
14
61
1
1
3
1
2
2
1
1
1
1
5
940
3
68
3
1
90
1
4
2
1
1
8
10
10
16
1896
1
1
872
1
1
2
2
3
1
1
1
568
12
1
2
1
2
621
1
1
8
24
1
21
1
21
3
36
2
41
2
7
4
3
1
2
1
2
4
14
1
3
6
48
1
7
1
31
3
1
1
2
22
1
156
3
2
49
1592
8
2
830
1
1
1
2
3
1
1
7
1
2
20
1
1
2
1
3
1
1
8
128
1
1
2
1
10
14
7
1
1
1
2
3
6
1
1
1
3
4
68
1
56
3
4
1
5
252
60
1
2
8
2
4
3
2
2
125
2
4
42
1
1
5
1
1
2
3
1
3
94
2
2
37
1
55
1
8
2
44
52
16
3
1
1
1
1
14
3
1
1
5
11
1
1
1
1
1
2
1
54
18
1
1
2
4
14
1
1
14
1
321
9
66
2
2
8
7
14
99
2
26
1
1
10
4
3
3
1
7
2
1
2
1
2
1
2
10
9
7
4
3
158
254
1
1
1
242
2
1
2
493
33
2
137
193
2
86
84
11
1514
89
34
2
2
1
2
81
2
1
6
26
2
2
1684
2
15
1
4
9
25
14
1
4
12
73
6
1
26
1
1
16
9
2
6
10
3
1
1
2
1
2
2
2
9
55
2
677
1
15
1
101
1
4
7
3
4
1
326
131
1
2
2
39
1
2
2
1
2
14
11
858
2
1
68
1
1
1
1
2
17
4
1
6
18
3
1
1
2
2
4
2
1
1
1
2
1
1
5
1
1
3
1
77
73
7
1
2
1
2
3
2
1
1
1
5
2
2
5
1
1
9
239
2
1
1
102
9
1
2
78
19
67
11
1
1
1
1
1
1
1
1781
52
2
4
50
1
1
1
1
1
3
1
3
8
37
8
3
1
8
30
31
1
1375
24
1
2
1
19
2
15
1
1
1
4
119
3
2
2
1
1
1
1
1
1
1022
1
17
1
4
3
6
1
44
192
1
2
1
8
1
1
1
31
1
55
7
5
1
1
20
1
7
2
2
86
1
1
512
18
1
2
1
2
1
7
1
7
7
26
3
4
1
11
2
1
2
4
18
1
25
3
1
95
35
1
15
1
20
2
19
3
49
7
24
39
2
1
668
10
2137
4
60
6
1
3
2
13
2
1
3
1
10
2
2
339
1
2
3
2207
1
1
1
1
9
532
1
1
6
13
2
14
7
3
14
1
1
2
7
24
12
1
1
3
2
3
1
1
233
1
36
1
17
9
1
1
3
2
5
2
3
8
25
1
11
3
144
3
53
9
1
6
1
4
1
1
775
3
5
3
11
3
1
22
1
25
16
2
32
5
4
2
5
37
1
5
3
1
1
3
890
33
3
5
5
1
1
2
1
1
1
907
3
1
2
24
4
2
2
2
5
1
1
1
13
1
630
1
4
1
1
2
2
3
1
1
46
1
1
192
157
21
17
1
7
7
38
14
3
3
123
7
1
2
3
21
5
26
3
12
1
1
716
1
5
2
2
2
15
1
1
1
2
2
1
1
3
1
1
5
11
7
1
376
1
1
2
3
1
303
20
1
4
40
2
1
1
72
20
68
2
3
1
1
2
4
45
1
3
4
2
1
74
2
2
1
1
1
3
4
3
20
62
3
2
32
1477
3
22
3
20
5
1
1
1
1
18
2
1
2
2
1
1
1
1
3
1
1
7
1
1
17
1
27
3
3
2
4
99
123
275
3
74
3
1
2
2
25
6
1
1
53
3
4
10
2
24
12
1
1
14
1
1
1
2
1
3
4
8
11
108
1
137
487
1
1
1
15
44
20
1
3
2
13
1
1
20
1
2
1
1
266
2
3
1
2
1
1
2
1
1
1
1
4
2
1
10
2
33
4
1
2
6
1
3
1
1
1
2
1
6
6
31
1
2
1
1
14
9
30
36
1
1
9
7
3
1
1
10
157
57
1
20
4
24
1
10
3
24
5
10
2
1
1
1
1
14
1
3
3
2
1
2
1
12
4
1
1
23
4
1
9
4
1
2496
1
1
1
8
1
1
3
5
1
4
1
5
12
1
2
35
5
1088
2
10
1
2
2
2
16
1
90
90
90
1
19
86
10
431
5
1
2
1
726
3
3
1
3
6
1
3
1
2
9
2
1
1
1
3
1
1
571
8
9
8
3
2
1
4
3
16
1
15
1
3
1
34
3
1
2
12
7
11
2
1
16
2
1
4
1
1
49
2
3
4
3
16
1
1
10
488
1
13
25
1
1
19
1
1
15
1
4
1
4
1
8
851
1
1
1
8
2
10
9
1
1
58
2
1
101
14
10
4
1
26
81
11
12
1
13
3
1
4
9
30
2
1
1
81
2
113
2
444
2
1191
174
2
19
176
1
1
5
1
4
1
18
13
2
1
2
5
1541
1
1
4
2
12
1
3
25
3
9
2157
1
4
1
109
2
2
26
31
2
1
1
114
1
15
2110
1
8
1
1
6
1
1
5
1
4
21
1
1
1
2
2
2
1
1
1
1
1
13
1
1
2
1
1
51
1
1
1
43
1
33
1
1
1
17
5
1
5
1
1
2
2
1
4
1
1
2
1
721
1
17
4
1
1
3
2
6
1
1
8
7
2
1
15
2
34
1
1
2
1
5
60
2
1
1
1
1
3
2
2
75
1
2
7
1
1
9
5
2
2
1
2
9
5
1
1
3
3
10
9
2
77
1
5
1
44
24
1
4
1
368
5
13
1
1
155
1
2
1
3
17
1
1
2
38
102
1
1
7
5
18
5
1
1
1
3
60
2
167
2
27
2
1
9
6
1
1
3
5
1474
9
1
3
14
260
2
2
1
126
1
1
1
1
5
3
2
1
23
5
62
1
1
15
1
2
1
14
4
40
1
8
3
8
1
2
1
1
2
1
1
2
11
1
2
2
1
1
13
1
16
5
1
12
1
3
4
1098
2
5
18
129
1
30
3
4
1
4
2
1
11
2
1
2
4
2
1
106
2
1
1
25
1
2
2
1
3
1
2
16
3
1
2
1
2
3
1
1
2
1
4
1
1
24
4
535
4
69
3
5
2
2
1
1
7
185
48
1
1
1
1
8
1
2
3
36
8
37
4
2
3
3
2
2
1
1
1
975
14
1
1
2
41
935
54
3
1
1
3
44
5
3
1
9
1
2
3
3
3
1
1
3
79
1
11
4
1
1
4
1
1
3
1
3
3
42
7
2
1
1
2
24
1
10
1
10
2
2
1
14
5
44
17
10
1
1
1
10
13
1
1
20
2
11
1
1
3
4
3
24
1
2
12
21
8
1040
1
163
5
8
4
1
2
2
46
2
23
5
1
12
5
10
1
10
1
4
3
13
2
1
1
4
1
2
1
2
80
3
1
3
6
10
3
4
1
1
2
23
1
39
7
1
1
823
1
1
1
1
4
8
34
4
2
49
3
1
3
4
4
2
64
7
581
20
32
2
1
7
1
1
1
1
4
10
13
9
2
1
1
29
2
44
3
1
5
1
1
5
1
10
12
4
9
2
1
6
1
1
1
8
1
1
1
1
1
1
1
35
1
1
1
3
4
8
1
2
9
2
3
17
1
2
1
1
1
4
2
2
1
3
1
1
2
7
53
1
1
1
7
5
2
3
15
1
5
2
2
5
9
4
3
3
5
2
2
4
10
6
2
1
1
114
1
1
3
1
7
