68
2
1
1
2
63
4
2
1
1
27
1
2
6
53
3
3
31
1
1
1
3
251
4
1
5
3
7
36
41
2
82
1
1
1
1
2
1
1
135
39
1
1
3
1
1
30
2
1
1
1
3
1
2
1
2
1
2
2
1
6
22
2
2
2
3
1
1
1
1
6
2759
7
1
2
6
1
4
55
33
1
1
5
1
2
1
2
1
49
20
1
2
1
1
1
1
1
4
8
1
5
1046
1
2
1
3
1
1
3
1
3
26
2
30
2
2
3
2
2
52
3
1
4
20
2
2
2
30
3
348
1056
14
74
1
885
1
1
1
9
70
31
4
1
1
2
2
5
7
1
1
751
4
3
2
1
5
15
1
1
19
129
1
1
1
1
2
1
368
36
1
1
6
18
1
1
1
8
5
2
1
158
1
1
1
50
3
1
15
1
2
12
1
6
2
2
25
1
3
18
5
10
1
1
2
5
2
1
1
3
2
5
1
1
1
1
2
35
10
1
1
7
2
1
1
3
1
1
1
63
21
1
112
4
5
1
1
1
1
2
1
1
2
1
41
1
1
17
2
1
1
1
1
16
38
8
28
1
2
1
1
25
2
1
1
2
4
1
8
2
22
39
1
1
30
1
1
3
2
1
2
55
10
14
5
1
1
4
13
8
1
2
3
81
1
1
4
1
1
18
1
2
18
1
1
7
3
2
11
1
2
2
1
35
1
1
1
1
2
5
1
2
1
5
2
2
1
3
16
1
19
3
1
45
1
2
1
7
1
1
24
2
1
1
4
5
1
76
5
1
3
10
5
8
6
2
3
1931
2
17
364
2
3
1
1
2
6
1
18
2
5
1
8
1
1
1
1
3
1
1
1
10
1
22
19
12
167
1
3
34
2
1
25
5
1
2
1
1
1
3
1
57
66
1
2
1
1
1
2
9
9
4
2
37
1
13
2
14
10
2
3
1
2
1
15
4
3
7
8
18
2
1
2
208
50
13
2
2
1
2
748
2
1
12
1
4
6
88
8
4
1
1
1
4
1
9
1
98
2
4
1
2
12
1
4
15
1
8
1
822
37
2
1
61
6
1
2
4
2
2
1
199
1
1
7
8
1
26
2
1
5
55
4
87
12
32
1552
1
1
3
5
1
1
634
3
4
1
2
1385
1
43
4
187
2
465
1
2
2
1
2
27
1
1
24
1
1
1
18
4
1
3
7
1
16
1
1
4
1
1181
1
1
3
1
1
2
1
1
5
2
3
20
1
11
46
1
1
21
2
3
1
43
1
109
1
1
1
1
1
2
75
1
1
4
3
6
1
7
3
1
1
3
3
5
1
3
1
1
1
29
12
11
5
1
1
1
3
6
12
1
27
32
1
2
31
14
5
8
1
1
4
1
17
1
1
2
6
22
4
2
13
192
1
2
13
5
2
68
3
1
1
2
16
1
2
1
9
1
1
20
1
2
1
14
11
1
4
3
1
4
2
999
15
2
1
641
6
1
1
6
10
2
26
1
174
79
1
34
1
4
1
1
7
7
7
2
674
622
7
1
3
5
16
2
1
1
5
5
10
1
1
1
3
14
5
1
4
1
1
3
3
3
5
5
1
1
7
18
1
204
11
1
169
1
28
1
7
1
2
12
3
1
1
3
2
3
23
3
3
17
1
61
220
4
55
2
118
11
4
1492
65
1
6
4
16
2
2
5
2
1
2
1
1
3
4
328
14
1
1
204
1
1
3
5
1
1
1
1
3
1
1
6
1
1288
2
12
1
64
5
2
3
2
1
4
1
1
68
2
1
1
1
89
1
1
5
2
380
25
1
1
834
7
1
1
7
88
6
3
12
1
1
1
1
10
1
21
1
15
1906
2
1
2
1
17
1
1
4
1
8
1
3
13
1
1
2
6
83
1
1
35
2
1
4
1
1
6
3
37
19
5
3
4
3
1
1
1
17
10
1
1
7
1
1
1
3
2
15
1
4
23
2
1
3
1
28
5
2
37
1
2
9
7
2
2
4
7
2
18
1
3
1
5
168
1
2
3
2
65
1
1
1
143
1
5
2
2
143
12
2
1
5
1
1
1
1
1
1
2
6
1
11
2
3
11
74
88
1
3
1
1
1
2
373
1
1
4
1
1
1
774
37
1
1
1
1
1
2
3
1
1
1
2
24
2
1
2
40
1
5
5
1
2
1
6
46
1
1
1
8
1
1
1
2
28
5
1
1
1
5
10
1
470
18
2
98
9
1
1
2
5
8
56
2
1
2
2
2
20
1
1
13
2
2
5
3
4
1098
3
1
14
2
2
7
6
4
1
16
2
12
2
1
1
1
7
4
1
1
17
7
1715
1
1
1
1
37
11
2
2
11
1
35
11
206
1
8
5
1
3
2
13
1
153
2
1
73
1
2
1
31
1
3
8
3
1
1
117
1
466
27
1
17
9
4
60
1
1
1
659
1
6
1
1
3
3
1
1
3
30
3
3
1
5
3
14
1
5
1
2
1
3
1
6
1
6
13
1
2
3
2
9
9
1
108
74
7
6
1
1
2
28
2
2
1
26
1
96
2
1
9
2
2
14
2
1
1
1
23
20
92
2
1
1
1
1
38
1
1
49
2
2
1
1
1
188
4
2
2
3
1
1
12
1
1
3
1
1
4
24
3
3
1
3
1
1
1
14
2
1
246
18
2
19
12
1
25
4
1
37
1
1
7
203
1
1
1
2
1
343
13
1
53
1
3
7
1
1
15
1
8
5
41
1
764
3
1
2
4
9
54
18
662
1
1
22
14
2
1
3
4
1
1
2
1
63
228
1
10
10
1
4
1
1
2
17
2
2
1
578
3
32
1
1
1
1
3
2
1
4
1
4
1
6
15
1
1
24
1
4
1
1
1
1367
1
1
2
1
2
3
1
1
1
5
1
5
13
1
10
2
1
37
1
1
1
8
2
1
1
14
1
3
1
1
1
1
3
2
3
1
18
1
2
5
36
1
1686
19
7
1
1
1
1
759
1
21
6
2
1
6
16
3
4
6
3
4
1
1
2
4
1
3
1
1
4
1
1
4
10
1
6
1
1
10
1
18
2
1
38
2
9
52
2295
2
1
5
1
1
57
1
37
4
12
1
1
1
24
1
3
1
1
1
1
8
1
1
1
1
437
3
1
2
5
10
4
5
6
1
2
1
3
1
73
51
1
135
5
90
1833
1
1
4
6
118
2
21
19
1
3
25
1
19
13
1
9
1
1
2
3
2
1
1
5
429
3
46
1
1
2
4
1
3
7
3
1
2
1
4
1
1
1
1
2
7
12
2
38
6
1
2
1
383
3
13
2
1
1332
1
2
10
1
3
1
371
2
4
5
20
1
15
1
3
1
2
1
22
8
7
10
3
1
49
14
144
12
301
1
3
14
1
1
9
12
4
1
5
1
65
1
1
2
1
2
1
9
10
105
1
8
1
7
6
5
3
1
4
3
1
2
1
12
11
1
2
4
3
1
14
1
1
11
2
2
5
1
1
1
1
1
1
1
6
10
1
1
200
1
1
2
6
1
1
5
3
11
1
1
1
1
4
7
6
2
33
1
1
16
1
1
1
2
1
1
10
2
1
2
1
3
33
8
1
1
14
5
1
13
1
1
1
4
1
1
1
1
390
1186
8
2
1
8
31
1
5
7
3
134
2
1
1
1
1
2
1
1
1
1
1
1
1
2
5
1
1
8
1
30
1
1
64
5
23
7
1
1
3
23
41
1
20
5
10
19
11
40
1
2
14
3
5
337
6
2
1
5
5
1
3
7
1
7
1
50
2
1
1
2
2
1
17
6
4
5
1
1
1
1
4
23
1
47
24
1
1
1
1
2
2
14
8
1
1
27
4
1
1
1
1
2392
1
1
20
2
32
7
189
8
3
1
2
1
35
10
1
22
1
7
1
2
53
1
2
10
3
61
4
1
13
1
2
1
1
11
1
6
1
1
3
6
48
176
1
7
1
7
181
77
23
12
32
1
1
2
220
2
5
6
31
1
1
1
1
382
1
1
20
4
8
1
2
1
2
9
1
86
1
1
4
1
2
1
1
1
1
1
1
39
3
50
1
4
108
1
1
1
1
2
3
2
1
2
1
1
10
1
30
1
15
27
30
1
1
21
11
1
35
2
11
34
2
1
1
1
1
1
4
3
2
147
66
30
82
1
1
12
1818
1
11
1
18
2
10
37
1
1
7
60
1239
2
1
2
5
2
140
2
11
3
1
1
6
13
593
1
2
51
367
3
2
8
116
1300
105
202
6
1
1
1
11
8
3
1
9
1
4
1
7
1
2
6
5
2
1
8
1
1
1
1
2
140
1
1
1
1
1
1
2
1
10
3
11
1
4
1
41
117
2
10
2
2
71
1
2
1
52
17
1
5
1
2
4
1
350
16
1
1
9
1
1
2
2
1
6
1
368
1
219
6
74
15
6
2
175
10
6
1
25
3
12
1
9
2
7
350
2
12
1
5
3
1
1
10
75
14
3
14
1
60
102
1
1646
1
3
4
1
832
7
48
1
16
9
31
1
6
461
33
17
1
1
1
58
1
3
66
179
461
1
28
3
1
3
53
1
1
2
4
1
86
1
1
27
1
2
2
16
11
1
4
1
1
2
2
1
3
1
1
2
96
838
1
1
1
1
1
1
4
1501
13
1
1
1
2
1
1
1
39
4
1
1
5
1
4
1
1
1
1
5
1
2
1
2
33
1
13
32
13
3
1
4
1
1
3
2
7
55
12
1
4
1
16
1
1
3
387
1
2
13
3
1
2
32
7
9
18
35
3
5
196
2
75
1
1
2
205
8
22
25
5
372
1
325
9
11
1
1
3
4
1
3
1
1
39
1
1
1
1
2
3
3
6
326
32
9
1
1
45
1
28
20
1
2
4
2
4
20
3
3
1
9
1
2
2
2
4
1
16
1
1
3
66
1
4
16
8
4
4
2
1
1
1
2
1
3
20
348
1
1
1
39
108
3
64
21
1
4
2
1
2
1
3
1
2
1
64
3
1
3
1
54
8
1
1
1
668
1
191
1
2
1
372
18
8
1
1
5
4
51
159
1
1
242
2
1
67
2
1
1
2
1
12
1
1
5
4
2
3
4
23
10
68
2
5
3
16
2
132
11
4
3
4
204
1
3
2
2
1
18
3
1
5
1
1
1
1
22
2
2
88
795
30
1
38
1
1
3
19
5
1
60
2
3
4
158
7
2
1
1
7
1
1
1900
39
2
14
5
1
1
2
1
1
9
1
1
32
2
1
3
22
5
4
14
3
5
1
4
6
1
1
5
1
2
4
61
240
4
10
2
2548
7
1
1
4
1
2
2
9
2
1
1
77
594
8
117
1
5
2
1
8
1
1
1
1
34
7
1
49
1
28
1
275
3
1
481
1
1
1
1
4
2
70
1
1
2
1
151
1
1
1
1
1
1977
3
1
9
1
4
6
90
2
2
4
1
3
1
1
1
3
1
4
4
1
3
6
9
346
1
1
1
1
1
1
1
2
7
1
3
1
244
1
5
4
1
51
18
1
1
14
15
1
5
3
1
11
5
1
47
1
3
2
16
1
2
2
1
6
19
1
17
6
4
1
1
1
1
1
17
1
1
72
88
1
4
2
3
1
1
6
1
1
1
1
1
18
2
5
3
171
1
1652
1
1
1
2
3
1
9
1
31
1
1
1
1
2
10
7
1
1
38
855
5
2
2
2
14
14
2
1
1
3
3
24
1
39
1
6
13
1
3
18
1
2
1
1
4
24
2
1
2
3
215
3
4
9
6
1
3
1
3
1
1
1
1121
198
1
1
1
9
3
6
1
6
2
1
1
2
203
1
2
9
17
4
2
1
5
9
318
407
1
2
3
2142
1
8
1
3
1
2
1
1
1
2
1
6
1
1
23
1
2
2
1
1
12
5
7
10
18
1
3
2
7
3
1
41
3
1
10
5
87
24
5
2
36
22
1
3
4
7
3
1
1
1
1
4
1
1
3
9
7
2
113
1
30
53
6
3
9
2
1
3
1
1
1
2
1
1
14
7
1
1
5
1
1
1
1
3
1
1
1
82
1
1
1
1
1
1
6
1
6
38
3
1
2376
4
3
3
2334
1
2
1
1
22
1
1
1
31
3
70
6
1
3
2
3
36
1
16
5
1
4
2
2
1
1305
4
1
3
1
1
3
3
21
6
2
1
2
3
20
2
1
1
1
14
1
1
1
4
1
2
2
20
1
121
1
2
3
2
2
4
1
1
180
8
1
6
3
4
6
1
1
25
1
6
2
198
12
1
1
2
7
1
2
3
2
3
1
1
3
13
1
2
1
1
129
3
5
1
2
9
1
3
1
17
9
7
1
2
61
3
1
1
6
1
636
2
1
1
3
3
4
23
6
2000
25
1
1
33
1
8
1
7
1
7
3
38
7
3
2
1
1
1
2
3
1
1
2
2
2
1
1
1
5
1
117
1
8
85
1
1
1
60
5
1
1
2
2
1
1
17
1
1659
9
1
26
1
4
1
172
2
1
3
3
3
1
37
1
1
1
10
3
1
1
26
121
82
1
1
1
2
1
1
1
1
56
1
24
1
2
1
1
3
6
14
12
1
1
8
11
1
33
1
2
2
11
119
1
1
8
1
16
12
3
14
57
25
3
11
2
1
3
2
1
1
6
2
4
35
1
48
49
18
2
1
1
4
2
156
17
7
1
49
24
1
1883
9
1
5
1
1
2
1
1
2
5
4
3
29
13
1
1
3
3
24
47
3
2
1
2
9
3
1
1
1
1
1
1
2
137
3
24
299
1
2
1
41
25
122
830
2
1
18
1
4
1
16
13
39
1
1
1
2
4
1
2
389
57
63
1
2
42
1
1
8
1
2591
1634
3
5
1
15
1
1
42
4
1
11
5
1
191
7
180
8
1
1
3
1
6
1
11
3
1
8
29
3
1
3
9
3
1
1
1
17
119
1
13
3
4
1
46
114
3
15
5
1
6
6
1
6
2
1
6
8
5
50
2
9
41
2
1
1
3
1
7
1
1
1
13
5
7
15
1
15
75
1
6
3
4
20
2
1
3
34
1
1
7
1
3
4
17
8
1
4
1
1
3
10
4
3
49
1
4
4
1
9
5
713
12
4
2
2
1
3
3
2
1
2
2
1
21
2
1
1
39
1
8
135
1030
4
1
476
5
1648
1
4
1
2028
16
1
15
1
1
2
2
18
1
10
8
3
2
189
7
2
6
4
3
1
30
1
3
47
4
1
2036
1
2
51
10
5
2
3
31
1
1
1
1
42
5
4
299
1
3
16
1
3
12
1
1
2
16
9
2
7
7
1
1
14
1
1229
1
9
1
3
87
2
3
1
2
7
910
1
9
2
5
1
129
12
3
17
1628
1
1
2
6
430
4
6
1
52
1
2
1
13
1
22
1
2
2
1
133
19
1
46
1
136
2
1
3
1
9
7
1
13
2
2
3
1
95
80
1
1
2
60
6
24
37
2
1
70
346
7
6
9
9
1
2
153
175
132
48
2
5
1
1
2
1
5
1
2
1
4
1
8
1
8
1
1
1
15
6
9
4
4
5
3
1
3
2
317
17
2
629
2
1
1
6
2
138
3
1
15
2
6
6
1
1
2
1538
2
1
3
115
1
1
2789
586
1
1
1
1
1
5
193
21
25
1
1
174
1
2
1
3
55
2
1
18
3
12
2
1
33
17
19
1
47
1
1
4
1
2
740
1
1
1
3
185
1
10
3
1
3
4
1
1
35
2
33
1
2
1
1
70
1
1
1
1
1
1
1
3
1
3
1
2
23
8
1
1
1
1
1
3
1
1
1
2
1
2
4
10
2
4
151
1
77
3
1
2
2
1
1
35
1
5
1
1
2
7
4
1
135
1
98
32
6
6
1
1
1
2
1
1
34
1
175
1
1
1
2
1
18
1
1
70
32
27
10
1
4
1
1
1
1
1
51
1
9
2
1
269
1
32
14
1
34
1
36
7
1
69
2
1
2
7
1
1
1
2
2
4
1
1
8
2
1
1
8
1
7
1
1415
1
31
1
1
1
3
16
1
7
1
1
2
14
8
9
2
1
3
1
2
3
1
9
37
115
251
23
1
6
1
3
1
2
1
1
1
2
1
1
2
56
819
2
13
1
23
117
1
1
1
1
2
3
85
1
43
2
14
2
4
1
41
2
2
147
1
10
1
612
1
3
1
2
13
19
15
4
1
5
2
1
7
11
1
81
15
1
2
3
15
1
21
7
4
4
1
1
2
2
1
1
6
3
19
168
7
1
8
1
1
3
1
2
5
1
9
4
1
1
86
1
14
2
1
2
37
2
1
1
1
7
1
2
1
1
2
227
6
22
13
1
2
6
1
1
110
2
2
1
2
413
5
1
2
1
1
1
1
3
2
4
1
3
6
1
3
13
1
2
1
1
1
63
5
5
3
9
1
1
3
3
1
1
1
1404
1
26
1
12
2
1
3
44
1
1
3
186
1
24
1
1
52
1
6
1
3
1
4
26
5
3
1
1
1
1
1
1
1
1
32
1
1
4
16
1
3
2
1
1
1
480
1306
1
1
1
182
7
1
1
6
4
2
76
68
3
3
4
1
1
15
2
1
4
1
4
20
120
2
2
27
1
2
1
2
2
21
1
1
41
8
3
1
1
1
96
1
2
1
461
3
2
214
1
1
7
1
1
1
1
1
1
12
2
4
2
2
46
3
131
47
1681
1
1763
6
1
49
1
1
1
1
1
9
5
4
1
2
18
1
9
1
1
3
9
2
4
1
4
2
1
9
4
3
1
2
12
2
1
1
25
2
3
1
1
2
1
46
6
1
1
3
1
1
1
3
2
1
9
2
1
1
1
54
2
7
1
4
1
1
1
8
1
300
1
56
4
52
1
24
1
2
597
1
1
1
8
2
13
177
22
32
2
4
12
6
6
13
1
751
15
3
37
2
1
142
4
7
12
2
5
365
3
2
1
151
314
5
1
1
8
5
1
2
71
20
1
1
1
10
41
8
2
1
1
1
12
1
1
4
1
2
1
25
3
2
28
1
2
119
6
4
3
1
3
17
4
1
1
5
6
10
1
2
334
1
5
3
1
4
1
486
413
1
2
3
25
1
1
1
1
5
70
1
1
1
1
1
2
1
2
2
3
1
2
2
12
1
3
1
6
5
881
1
65
1
9
1
8
58
1
16
127
16
3
1
14
1
76
1
1
1
1
1
2358
1
1
2
1
2
45
6
2
2
4
1
5
2
1
13
1
1
13
1
3
49
2
5
6
188
7
2
5
1
1
21
1
1
3
91
1
1
8
2
480
2632
6
20
2
1
1
2
1
6
4
3
1
6
3
4
1
6
1
1
1
2
1
1
1
1
1
1
7
1
1
1
17
1
1
291
6
2
6
2
26
14
2
1
1
5
18
1
24
1
1
53
2
1
46
1
1
1
2
4
4
1
2
1
28
1724
16
2
37
13
4
1
2
1
1
1
10
12
1
1773
8
4
252
2
1
1
2
2
15
34
1
36
1
1
12
19
2
4
7
65
1
75
1
55
3
21
1
3
17
15
4
9
23
45
3
933
5
1
4
1
1
1
4
4
1
2
1
1
88
4
5
2
23
17
6
24
55
1
1
20
2
5
7
1
3
1
1
1
80
5
1
5
9
13
2
508
3
72
1
16
1
4
115
13
17
4
4
1
2
7
2
26
3
3
3
37
3
6
1
1
588
1
455
1
13
1
9
8
16
1
1
13
1
4
1
5
1
1
1
1
11
398
3
1
1
16
6
1
2109
784
31
1
1
1
9
6
31
2
64
5
1
5
3
1
183
1
5
1
2
5
1
2
6
33
22
3
4
1
1
6
1
1
1
10
1
1
2
2
147
68
6
6
9
1
23
1
2
2
2
1
2
1
3
1
1
1
3
1
21
44
2
1
6
72
12
3
2
4
2
3
2
2
1
1
15
3
4
1
1
5
56
1
59
2
3
837
2
1
4
7
1
2
63
1
8
1
1
2
1
1
1
1
20
12
1
1
3
2
1
7
1
1
1
591
1
1
2
676
1
610
1
6
1
1
1
34
2
8
7
7
2
29
2
2
43
1
3
76
5
1
181
819
2
6
1
3
1
1
1
1
1
20
4
4
15
1
46
1
111
3
1
4
7
1
1
12
7
37
16
1
1
1
2
1
4
2
2
1
1
1
1
2
2
987
8
1
25
13
1
11
17
3
1
1
1
8
2
214
53
1
1
1
1
3
1
46
8
1
3
5
1
3
19
1
3
1
2
9
1
8
1
1
8
2
1
4
1
26
4
3
2
8
1
1
4
6
1
1
98
1
1
3
1
1
74
2
4
7
1
1
1
1
1
3
16
1
1
3
3
2
1
1
1
1
7
2
8
1
11
1
1
2
3
1
12
13
5
21
72
1
6
1
1
1
6
1
3
7
1652
21
175
1
1
1
6
5
1
2
2
2
613
6
24
18
3
5
2
28
1
37
1
807
22
18
2
22
13
5
1
1
17
5
5
1855
1
16
3
6
9
232
1
3
10
1
1
1
3
3
2
1
1
4
3
2
1
13
4
1
1
1
1
4
56
2
16
1
1
1
49
2
1
616
5
3
3
8
422
2
21
1
13
27
1
1
1
6
3
2
2
1
1
8
2
4
1
1
1
27
4
1
1
1
1
1
33
2
3
2
1
2
1
4
1
2
6
1
1
10
2
4
4
78
2
30
2
2
1
516
7
2
33
4
2
1
1
861
101
2
3
97
1
7
27
41
1
5
6
1
1
1
1
1
1
12
23
1
1
1
2
43
137
1
9
1
4
1
1
6
1
1
2
1
168
1
28
2
5
2
3
4
6
1
1
3
16
5
21
1
1
1
378
1
199
11
111
276
14
1
1
1
261
1
8
1
123
15
19
40
46
1
17
2
21
2
1
23
1
255
2
1
2
2
1
3
1
1
7
177
16
1
11
1
1
4
1
1
15
1
2
3
1
1
3
6
10
3
3
23
1
11
16
1
80
3
23
37
13
1
1
12
2
1611
4
1
1
2
1
1
1
4
1
1
7
1
2
14
9
2
27
5
12
7
1
1
4
1
1
3
27
11
5
5
3
5
4
1
1
7
9
2
4
4
14
1
2
1
22
5
1
1
1
1
73
1
1
1
1
1
1
11
2
5
4
1
1
18
3
1
1
86
1
1
1
5
1
1
1
1
22
1
15
1
1
1
1
41
14
33
18
1
2
71
6
3
3
1
1
1
14
1
1
3
3
5
5
13
1
748
2
4
1
4
1
1
13
2
3
1
1055
2
141
31
100
43
66
3
134
1
1
1
2
1
1
4
23
1
3
12
4
6
4
1
789
10
2
1
3
1
1
1
1
1
1
1
2
2
1
1
1
5
356
5
7
2
1
4
1
1
8
10
3
146
3
15
1
1
13
3
1
2121
1
24
525
1
8
454
19
1
5
5
2
4
2
1
1
11
2
16
1
2
1
1
1
2
65
19
4
42
1
2
1
1
3
13
1
1
5
5
14
65
14
1
1
87
3
4
8
26
1
109
1
2
4
1
1
2
1
27
2
8
176
27
1
8
1
126
290
1
2
1
1
1
1
2
4
7
28
37
1
2
1
19
7
1
1
3
6
5
4
2
6
1
1
5
5
1
1
1
1
1
15
69
62
11
3
5
1
13
1
54
188
2
1
1
2
1
1
3
1
4
947
4
1
1
20
10
1
1
1
1
8
7
4
1
1
1
22
2
1
11
9
94
9
1
8
1
5
2
1
1
2106
9
4
1
11
1
29
1
763
1
35
1
1
1
17
1
59
28
1
7
4
4
22
3
1
2
247
1
3
1
2
1
1
1
3
6
23
1
3
4
2
2
531
10
3
3
1
6
1
96
30
29
97
1
1
29
1
4
7
1
35
1
12
3
1
1
1
1
44
12
3
4
179
1
2
4
2
5
27
1
1
2
1
12
12
1
1
1
27
22
1
8
31
3
1
2
2
3
1
2
1
5
8
15
1
1
155
4
1
10
30
5
1
1480
14
1
1
22
1
1
1
1
23
1
1
2
1
182
1
2
2
1
2
3
4
11
8
1
5
1
1
1
1
1
10
14
2
9
125
1
1
1
2
3
2196
1
1
1
2162
1
6
1
1
6
1
1020
2
2
1
1
6
1
4
1
4
1
2
60
2
2
29
1
17
1
2
49
8
3
1
4
3
17
2
2
1
1
1
1
1
2
76
2
1
1
6
2
1
46
1
5
54
1
2
1
4
97
23
1
1
1
7
1
3
130
1
1
2
1
118
2
37
10
1
33
1
1
14
5
1
1
1
14
1
4
2
14
1
2
1
5
8
3
2
67
3
1
22
6
5
1
9
7
6
1
59
5
793
1
1
2
5
1
1
1
12
9
1
7
12
35
8
1
75
2
5
2
6
1
1
1
1
9
3
1
1
9
2
1
1
2
1
3
3
1
5
50
9
1
2
10
3
1
1
1
5
2
40
29
9
1
2
129
2
2
10
431
26
6
8
1
1
93
1
2
30
1
2
1
8
1140
126
1
1
1
1
9
1
1
4
56
9
2
5
5
4
78
1
2
42
1
1
3
2
2
5
2
1
28
1
36
81
1
2305
1
6
6
1
17
2
22
1
19
5
5
1
24
1
1
1
10
1
20
2
811
1
17
3
2849
1
1
2
31
20
2
4
2
16
1
3
4
1
1
10
1
135
8
1
1
17
1
1
5
5
1
1
4
1
2
1
2
3
1
2
1
34
1
9
1
1
1
1
18
1
1
1
1
46
1
9
57
2
1
6
5
2
150
86
16
1
4
1
1
1
1
2
1
4
1
9
1
1
291
10
3
14
19
2
1
1
117
1
2
1
2
118
1
10
2
2
3
1
1
4
16
1
1
1
1
8
4
1
1
1
1
1
25
1
2
1
4
1
45
11
38
5
2
4
1
6
1
3
1
1
1
1
1
9
2
1
2
1
5
4
17
1
8
7
2
180
1
1
1
11
573
32
2
1
7
38
1
1
14
3
4
1
6
33
2
6
1
1
106
6
8
1
1
4
107
1
1
1
4
236
42
10
1
1
1
9
4
5
2
1
4
6
4
4
10
22
1
1
1
13
10
1
1
5
1
12
2
1
1
2
3
24
1
40
1
1
1
1
1
99
2
3
347
12
1
3
12
1
26
1
4
1
1
1
7
7
16
11
2
1
331
12
2
17
2
1
1
1
1
2058
3
958
1
1
30
1
1
298
1
1
16
1
10
1
1
5
1
3
12
11
1
1
5
3
1
1
1
1
3
5
26
3
2
2
2
2
27
1
2
1
146
1
1
11
7
2
2
2
13
17
1
176
173
8
314
148
1
1
42
1
2
1
47
2
1
1
2
219
25
14
1
1
2
10
1
1
12
1
7
2
2
1
17
2
1
6
13
27
4
59
1
28
1
3
32
206
1
1
9
1
2
9
1
2
1
4
1
1
12
3
1
5
9
6
1
1
3
2
11
1
3
1
47
3
3
1
1
1
2
1
411
29
9
1
1
35
5
1
19
2
8
87
2
57
18
1
2
12
8
1
9
63
1
3
1
1
5
1
1
2
2
2
9
2
2
1
1
12
1
1
5
2
975
20
3
18
8
1
1
4
4
143
1
2
1
17
1
8
2
1
1
2
3
22
1
66
23
1
6
11
1
1
1
1
7
4
55
1
2
16
14
10
9
2
1
1
1
2
1
1
518
3
173
6
1
8
1
1
1
5
1
10
1
7
31
1
16
2
7
2
1
4
147
7
1
1
1
5
94
37
2
1
2
2
6
1
5
1
1
13
25
527
3
2
1
2
2
2
3
1
5
4
7
1
1
2
38
4
1
2
2683
1
11
3
7
2
1
3
2
4
1
93
3
2
1
1
3
1
1
2
1
7
2
14
1
8
1
8
3
2
23
9
3
2334
1
2
1
21
1
1
1
9
24
2
2
12
3
2
2
2
1
1
813
1
1
284
10
1
1
1
16
1
6
82
1
8
1
5
74
1
1
1
8
1
1
3
2
1
1647
1
3
5
3
1
1
2
4
5
4
2
1
1
2
18
38
1
1
1
5
1
49
6
5
1
39
1
24
1
4
28
9
1145
1
16
1
31
261
2
38
1
2
1
3
2
1
1
3
1
2
1
1
1349
84
1
4
5
388
4
14
327
18
1
37
520
7
31
1
1
1
1
15
1
87
3
1
1
1
6
29
5
2
13
281
1
1
2
1
161
8
41
11
12
100
25
3
1
1
1
1
14
1
28
1
168
278
7
1
18
1
15
3
5
1
1
1
1
1
21
2
5
1
1
1
1
3
1
11
1
1
689
5
5
57
57
3
7
40
3
1
1
2
1
2
715
11
1
219
6
2
1
9
1
3
15
16
5
14
1
2
2
57
1
135
3
1
1
152
110
1
2
1
106
9
1
37
3
1
1
3
1
6
2
1
1
99
1
1
2
1
1
7
12
1
14
1
2480
1
1
43
2
5
1
2
1
4
5
5
2
4
27
1
6
5
28
10
7
52
1
1
4
414
1
1
1
495
1
1
109
1
3
1
1
1
9
1
141
10
2
55
4
30
1
45
1
13
20
39
2
2
11
150
9
2
6
1
2
40
2
18
32
1
1
1
15
1
6
2
1
29
3
1
1
1
68
1
1
653
1
1
151
683
370
6
8
4
6
47
1
1
3
1
4
10
1
7
60
2
3
1
2
3
9
1
12
2
1
5
6
4
1
1305
1
1
444
3
2
2
3
3
2
5
9
10
66
2
3
1
3
1
4
1
1
1
2
1
1
38
1
26
1
6
3
247
2760
4
1
4
1
2
26
2
2
1
1
499
11
1
4
1
1
3
3
427
1
14
2
6
1
199
8
64
536
38
2
4
1
3
2
5
35
3
3
1
6
1
6
9
1
6
1
1
2
1
10
25
1
1
1
4
4
2
3
6
1
1
3
1
15
2
2946
1
1
1
5
8
2
5
2
1
33
6
2
2
4
1
16
2
1
34
335
1
1
5
4
1
16
1
2082
9
35
11
1
12
1
10
913
84
3
15
8
43
1
25
1
25
1
106
668
2
2
1
2
1
5
2
2
16
1089
2
36
35
16
2
1
1
91
33
1
17
1
1
3
89
48
3
1
8
4
1
2
1
1
1
2
31
173
4
1
3
5
5
2
1
6
4
3
150
6
1
1
9
420
1
1
11
80
3
1
1
16
1
1
1
9
70
1
1
7
5
236
1
1
1
1
3
13
371
31
1
3
3
1
7
5
1
1
1
86
5
2
1
3
4
3
40
934
1
1
1
2
2
6
2
2
8
1
268
51
3
2
9
1
1
90
3
1
1
1
2
14
3
1
1
1
8
1
1
1
144
23
1
1
1
2
282
5
1
309
1
1
6
59
8
57
9
2
2
12
9
1
1
52
30
30
3
9
3
3
2
1
1
38
2
2
2
13
2
2
548
1
1
1
8
9
1
1
41
1
4
9
2
2
2
1
1
1
1
1
1
4
1
7
130
5
1
6
7
2
2
2
1
22
7
1
1
15
2
8
3
3
3
1
1
10
6
2
2
1
1
2
6
3
6
8
4
2
2
1
132
3
3
1
1
2
2
1
1
1
1
1
1
2
3
3
993
2
1
1
1
4
2
2
1
5
1
1
5
2
4
1
2
1
1
2
2
71
8
4
37
1099
12
16
20
11
2
1526
1
1
3
1
4
1
2
25
6
6
1
1
2
1
1
12
3
112
6
3
1
94
1
1
1
191
51
1
10
26
80
6
1
4
12
2
2
1
2
3
26
5
2
1
3
1
5
3
805
275
188
1
4
2
1
35
2
1
25
4
1
2
2
3
1
1
4
2
3
3
2
1
9
1
1
5
6
5
3
1
1
1
1
19
9
211
3
1
7
4
1
2
13
13
1
3
1
1
1
1
12
19
2
1
5
1
30
2
4
1
7
3
113
16
1
5
3
1
2
468
1
1
2
4
1
1
1
1
11
44
172
2
2
1
1
4
6
36
10
789
6
1
8
2
1
2
1
2
1
2063
1
1
61
1
1
1
1
1
1
5
23
4
7
27
1
1002
10
23
19
1
9
13
1
3
145
5
1
14
1
1
1
9
6
10
5
2
46
1
122
310
1
3
3
509
40
1
2
2
3
1295
2
1310
1
7
1958
230
31
1
3
1
39
4
10
66
7
3
6
1
10
11
13
2
4
28
8
1
172
17
2
22
1
68
43
1
1
4
2
2
59
3
1
28
1
26
1
7
1
7
1
57
1
2
2
3
39
31
2
4
1
10
1
327
2
1
2
1
2
1
11
1
1
1
9
3
1
1
6
3
1
1
70
1
3
7
1
138
4
196
1
1
3
6
1
3
1
78
1
13
2
1
2
1
1
2
1
14
1860
1
5
3
1
1
109
103
1
4
1
1
3
2
14
1
1
1
2
1
8
1
1
1
1
15
1
1
1
1
2
2
11
8
10
13
5
2
1
1
4
1
13
1
3
2
2
1589
4
5
2
1
1
1
1
580
1
99
1
3
3
1
3
2
61
3
1
21
8
436
6
2
2
5
2
322
5
39
1
4
12
7
6
14
4
1
128
1
41
1
6
276
1
1
1
24
1
2
2
2
1
13
7
1
13
1
2
3
1
2
1
26
2
44
1
5
1
5
9
4
1
2
3
6
1
3
1
11
5
11
5
1
2
102
10
1
2
70
3
1
18
3
1
7
227
8
48
9
1
4
945
9
1
6
2
3
1
1
6
1
1
37
1
103
11
1
1
1
1
1
2
1
2
2
35
4
1
2
54
1
3
1
4
1
3
3
107
22
526
1
1
1
2
2
4
4
3
2
8
2
7
4
1
1
18
4
2
3
1
1
8
2
1
1
1
1
5
5
2
1
7
1
1
443
2
133
3
2
1
20
2
1
1
1
8
1
49
1
2
1
8
903
9
1
2
5
2
1
1557
8
1
1
117
4
11
2
1
1
1
1
207
1
3
1
1
12
3
1
1
3
37
1
1
49
1
2
2
2
1
35
1
193
17
2
1
2
3
1
2
4
20
1
2
1
1
11
2
3
4
1
143
9
1
1
3
3
1
8
42
1
10
1
1
1
1
57
6
1834
1
1
185
2
24
67
4
35
1
3
1
35
3
2
2
2
1729
7
1
1
6
2
4
5
7
2
2
1
3
20
31
2
2
472
1
5
7
2
29
1
1
1
1
48
1
1
14
1
592
1
1
1
2
1
1
1
1
2
8
3
2
3
1
1
256
1
10
1375
32
1
1
8
4
1
1
18
12
2
1
1
1
28
1
2
7
1
5
171
322
1
1
1
3
15
6
2
1
1
2
1
5
1
6
2
1
835
2
2
1
82
667
16
2
1
3
2
1
1
18
1
1
1
215
164
3
3
2
1
3
1
6
1
1
1
1
30
2
1
1
1
10
32
1
2
2
1
5
9
26
1
1
3
1
6
4
1
1
2
1
1
7
1
7
1
38
1
1
1
11
1
5
3
2
4
1
1
2
1
2
2
104
94
10
1
1
1
1
1
5
2
123
2
34
117
1
1
13
1
43
337
1
47
16
1
7
5
2
1
48
14
3
14
28
82
1
1
1
13
33
4
14
3
6
1
2
1
2
2
1
6
1
111
1
8
5
1
14
1
1
172
1
30
1
1
1
5
1
34
1
1
1
1
1
7
1
2
20
1
9
1
72
193
1
13
1
3
1
1
35
6
1
5
1
135
1
2
5
4
1
1
1
171
67
1
1
21
1
2
7
55
3
20
2
1
1
3
3
2
6
2
1
8
1
1
1
2
1
24
1
1
1
1
61
7
2
27
1
43
1
1
4
7
380
5
2
27
1
1
22
12
4
1
1
267
3
1
12
1
6
3
3
3
3
1
1
4
1
1
695
2
1
8
3
1
3
63
1
1
6
15
3
1
10
460
2
2
6
3
1
9
1
2
1
2
1
3
5
1
1
1
2
3
1
3
1
2
5
2
3
4
1
5
1
140
13
83
29
7
1
1
1
1
1
24
5
1
4
1
27
2
2
1
242
5
1
1
6
1
10
9
1
1
1
1
16
296
3
1
1
25
11
4
3
6
3
6
4
1
1
6
1
96
3
1
4
13
1
932
7
3
1
10
1
3
1
1
1
2
2
1
2
1
2
14
8
11
4
3
19
34
39
5
1
1
2
3
1
1
2
7
1
1
28
37
40
1
108
1
1
6
2
2
1
1
1
1
61
1
200
3
1
30
556
1
1
12
8
1
12
1
173
1
4
1
3
3
6
1
1
2
1
1
18
2
1568
1
32
2
14
1
1
2
1
1
9
4
13
1
1
29
6
4
2
4
2
2
17
1
42
11
2
5
17
1
5
1
10
18
1
4
2
1
66
1
1
115
1
13
1
9
15
9
5
2
1
7
1
1
9
140
1
80
242
8
1
6
1
1
111
1133
1
1
2
13
1
1
2
50
1
54
1
3
4
1
3
21
16
1
2
1
1
1
7
3
2
1
32
2
2
10
1
1
3
71
19
1
1
2
2
1
33
1
1
168
1
25
2
2
2
1
1
4
1
1
272
1
1
51
3
1
1
1
1
6
1
2
3
8
235
12
2
26
32
58
1
2
2
1405
1
5
1
3
4
25
1
134
24
2
1
24
1
1
349
1
3
110
67
1
2
69
18
1
2
1
1
3
1
1
40
26
1
1
4
1
1
3
129
1
2
1
1
26
1
26
1
13
1
9
617
10
12
1
1
1
3
1
1
1
7
2
5
1
97
8
1
4
13
23
5
1
2
5
2
496
2
6
1328
1
23
7
4
10
1487
228
1
40
1
7
4
6
2
4
1
2
1
1
1
18
2
6
7
1
1
1
1
15
6
8
4
3
237
1
12
1
3
2
6
14
1
2
1
1
14
9
1
3
1
2
62
1
20
2
2
698
9
1
1
41
1
20
5
1
1
2
7
1
1
2
1
25
1
308
2
1
7
1
6
4
4
4
15
1
2
5
46
2
3
1
4
1
1
12
2
3
1
1
2
1
2
1
1
1
1
10
3
1
6
22
1
6
9
3
1
125
2
3
6
6
9
1
2
2
229
4
1
24
1
1
1
1747
2
2
12
8
1
17
5
58
3
28
3
1
13
3
900
2
2
1
3
11
2
2
1
10
1
2
6
3
6
23
1
2
816
1
1
1
63
14
2
2
10
10
27
2
7
1
11
1
2
71
5
8
1
2
8
1
3
3
10
49
227
12
1
1
5
1
1
27
8
1
1
2
1
41
1
189
15
2
1
1
12
5
118
4
42
1
9
1
272
2
94
2
1
5
1
6
3
1
2
1
69
1
1
11
2
1
1
4
1
2
1
25
2
26
457
33
1
142
4
10
18
1
6
1
4
1
4
1
1
2
25
5
12
2
1
1
1
1
3
5
1
18
9
7
1
1
1
1
326
1
39
3
2
1
5
13
16
1
4
18
1
4
1
10
3
7
4
1
1
2
5
2
3
3
1
1
1
10
1
1
2
2
1
2
11
51
1
1
3
1
3
3
1
1
9
12
1
2
1
1
3
12
3
3
4
10
26
2
1
7
1
1
4
3
1
1
1532
2
2
2
28
14
10
1
1
2
3
1
1
35
1
3
37
11
12
4
1
1
1
1
149
4
6
1
13
5
13
1
2
1334
1
1
1
3
2
1
1
7
1
31
8
2
1
1
78
31
3
1
1
2
11
1
5
2
1
1
1
2
1
1
40
10
54
1
10
10
1
3
1
1
382
11
1
1
2
6
1
18
6
2
2
2
2
2
1
4
1
1
1
10
2
1
1
11
1
1
1
186
26
1
8
3
1
1809
2
2
13
1
58
3
1
6
1
2
8
38
2
5
13
1
4
1
2
5
6
2
173
10
120
3
1
7
1
10
2
10
3
8
1
3
4
2
1
7
14
1
5
1
1
36
3
1
4
1
13
1
6
1
19
11
1
12
7
2
61
1
28
3
1
8
1
1
1
2
1
186
2
19
7
3
1
1
113
1
99
1
2
1
4
1
1
1
2
2
3
1
1
1
1
1
11
1
12
4
68
1
5
1
8
1
1
1
3
93
1
1
1
39
1
8
1
2
29
1
2
5
83
1
2518
4
1
1
1
4
1
236
2
100
1
9
18
13
1
8
1
3
1
1
9
1
1
1
2
1
3
4
1
1
14
1
1
1
2
391
2
3
6
2
112
1
4
77
5
1
2
54
1
8
4
2
10
4
1
1
247
1
2
2
1
2
1
30
1
4
292
17
2
5
111
11
3
1
169
3
2
1
2
1
1
11
7
9
1
1
1
3
3
3
3
1
1
1
2
4
1
5
1
1
3
3
18
17
1
2
136
1
13
7
1
2
1
1
5
3
1
1
4
56
3
12
1
2
1
1
32
16
1
11
37
9
1
5
1
1
1
1
1
1
1
3
73
1
97
6
3
13
1
1
1
1
1
1
1
42
1
2
10
1
1
335
2
1
10
1
2
8
5
10
1
1
1
1
1
1
1
1
5
1
19
1
1
2
1
1
2
4
1
11
1
1
3
3
1
2
6
334
91
1
1
25
1
11
2
1
1
13
3
1
1
1
4
2
13
1
1
1
1
1
2
11
26
1
7
2
16
1
1
1
1
1
43
1
11
3
3
1
1
401
1
42
1
2
4
3
2
1
1
1
11
5
23
1
10
3
177
1
28
1
1
2
1
8
366
3
8
3
1
12
68
3
60
11
2
3
1
1
2
1
1
41
2
1
91
57
3
1
16
1
1
1
3
57
81
2
539
2
3
3
1
1
16
3
1
72
1
1
4
2
9
26
17
1
1
4
5
174
19
2
1
25
1
8
1
1
2005
5
1
1
1
30
2
2
1
1
11
1412
1
1
4
751
17
705
1
8
4
1
2
1
18
26
2
4
2
99
1
5
2
1
8
1
1
1
1
1
2
5
1
1
4
2
1
182
1
1
1
7
1
1466
6
13
1
33
3
2
1
1
3
1
3
3
38
4
5
1
1
4
1
6
1
1
115
1
1
1
11
1
1
16
8
2
385
364
322
1
3
1
1
4
12
1
1
1
1
9
33
12
40
1
1
3
1
1
1
2
21
81
1
1
2
7
562
1
9
1
34
1
51
1
12
1
10
884
3
2
2
1
1
4
30
1
3
1
2
1008
1
1
78
1
2
5
9
1
107
1
3
1
112
5
10
2
1
3
40
37
201
5
4
5
4
1
1
2
2
16
5
2
54
1
1
5
7
1
2
3
1
1
8
1
1
1
19
2
1
1
1
42
3
27
298
6
3
5
2
1
4
13
153
38
3
2
4
2
1
9
1
3
1
7
5
10
1
37
6
1
2
19
374
5
38
3
3
2
1
1
1
1
2
3
3
4
2
1
28
1
25
3
2
4
1
294
1
1
4
7
1
1
3
10
3
106
19
3
1
1
22
1
1
1
4
1
21
498
10
1
1
1
1
1
2
12
8
2
51
54
1
2
2
49
1
1
4
1
1
1
1
2
1
1
1
6
5
51
6
1
1
10
5
85
5
2
5
1
1
2
8
1
30
2
36
2
207
4
120
2
1
1
1
3
6
8
1
1
4
1
1
15
13
1
1
1
1
8
1
29
5
1
1
1
17
2
100
6
12
3
5
11
1
13
1
21
219
14
3
5
5
18
12
1
1
1
1
17
18
1
1
2
1
44
1
2
1
1
1
1
1
4
34
1
1
20
21
1
5
13
5
23
1
1
1
197
2
1
1
5
23
4
2
1
4
60
4
25
8
22
1062
5
5
1
2
3
1
1
1
3
264
1
7
1
2
1
2
26
2
3
3
86
10
1
1
1
4
20
1
6
1
1
3
3
6
3
178
3
1
5
4
1
3
8
6
1
1
27
5
1
1
9
6
1
44
26
2
1
1
16
1
1
95
2
2
22
1
1
53
2
8
84
3
1
1
1
1
330
1
125
1
1
2
1
1
7
1
9
28
1
1
1
5
2
7
191
20
1
2
5
5
23
1
1
2
1
1
28
1
1
18
31
1
4
12
1
2
4
2
1
1
2
2
1
1
2
1
3
1
115
1154
1
2
2
13
18
2
2
3
6
2
13
1
1
1
1
66
14
5
3
3
5
8
13
4
3
4
34
2
1
2
1
1
1
20
107
1
1
1
3
34
5
1
1
1
5
1
1
1
1
1
57
10
2
6
12
1
12
1
1
1
119
1
2
1
2
2
1
35
87
1
2
25
1
1
5
4
5
1
1
4
6
1
6
1
4
1
7
89
1
3
5
8
1
61
522
2
1
6
3
2
1
22
1
1
1
36
4
95
26
1
1
2
6
3
1
2
4
1
5
1076
24
6
1
2
1
5
100
1
14
1
1
2
2
8
37
3
1
1
1
10
2
22
1
5
1
1
3
1
13
3
1
119
142
2
1
6
67
9
1
3
1
1
3
1
7
2
1
10
4
1
2
1
1
5
1
250
1
30
29
3
4
8
1
2
31
4
274
1
339
1
4
8
1
18
1
1
1
1
1
1
1
246
47
1
1
1
1376
18
1
1
1
1
1
35
1
1
5
3
3
2
45
6
1
2
1
8
2
8
1
3
1
3
13
43
4
2
3
10
2
4
64
190
1
65
1
1
448
5
1
4
5
8
70
5
2
1
1
2
3
5
27
1
1
92
2
1
21
6
35
10
7
4
5
4
1
3
1
49
13
2
9
2
2
1
1
11
23
5
3
2
1
2
92
1
3
1
1
2
9
342
4
1
2
4
1
5
13
2
1
4
4
1
1
8
11
1
3
30
7
281
2
65
1
1
1
17
264
693
1
2
1
3
2
1
3
1
2
1
1
2
1
2
1
47
1
2
5
1
1
1
1
12
4
1
1
2
7
13
2
1
2
2
2
32
1
114
1
1
61
970
1
2
21
3
1
9
2
4
2
1
3
3
7
1
9
2
1022
1
2
1
1
1
241
4
1
1
1
1
39
2
78
2
1257
1
2
125
1
3
8
1
3
87
2383
1
51
1
73
77
2
1
20
1
53
1
5
2
4
1
12
1
1
12
3
26
26
25
1
65
41
3
2
9
86
214
41
2
1
28
41
1
1
21
4
7
42
110
2
84
2
1
1
7
2
1
2
2687
51
5
3
4
1
10
13
20
2
1
2
5
1
2
1
215
6
59
3
112
50
3
4
1
2
1
2
1
1
77
4
4
19
1
1
1
1
5
1
4
3
1
1
6
1
1
1
4
5
4
16
1
1
2
2706
110
8
1
1
1
1
1
1
1
1
1
7
60
1
1
113
2
199
300
11
7
1
1
1
1
3
16
2
4
3
1
3
3
17
2
2
7
1
1
4
2
81
2
10
3
2
1
6
2
2
16
2
11
1
6
14
5
1
2
1
1
1
44
3
3
1
1
1
39
1
5
1
1
9
9
5
1
3
5
14
1
441
1
44
6
3
1
1
2
1
3
1
1
3
1
1
24
214
789
36
1
9
2
3
19
1
1
1
8
1
1
17
1
1
1
1
1
2
1
1
2
75
1
3
2
49
1
26
5
1
2
1
1
155
7
9
1
3
1
1
1
7
12
1
7
4
2
1
1
1
5
2
68
1
4
1
10
2
1
3
117
3
5
1084
5
47
4
1
1
2
1
2
3
3
1
3
5
2
745
1
4
2
9
1
1
2
1
1
2
1
1
1
1
2
3
5
2
1
94
4
2
1
1
3
6
7
1
2
8
1
5
10
1
1
2
9
3
3
1
8
1
4
3
123
65
17
4
5
1
3
1
15
10
1
2
2
1
1
12
1
13
1
1
4
2
2
59
1
1
1
23
1
1
15
2
6
2
6
67
47
12
10
77
2
1
1
8
10
1
9
1
1
2
1
3
1
2
1
1
3
11
120
2540
2
5
14
1
95
311
22
1
2
2
27
5
4
2
35
1
1
1
1
11
670
1
2
13
2
7
3
179
27
1
23
5
2
1
14
30
1
1
8
1
21
1
8
1
213
104
16
1
16
1
2
4
12
1
1
15
1
1
1
17
4
2
1
8
209
2
2
2
17
2
2
2
2
3
1
1
4
1
34
1
1
1
3
45
113
4
1
4
1
2
1
1
2
72
4
3
1
7
7
3
2
1
2
1
475
4
2
2
3
315
10
88
181
1
1
26
2
1
171
18
1
7
1
2
11
11
1
1
316
3
2
2
1
4
1
1
3
4
1
2
1
49
15
2
1
7
2
1
5
1
1
1
216
3
1
6
4
1
1
1
2
1
4
1
26
1
1
4
1
8
1
1
1
10
1
1
3
3
2
3
1
1
1
1
3
1
1
4
2
1
1
2
1
1
1
4
1
1
1
88
2
15
4
1
2
14
196
1
1
92
13
1
3
18
6
1
26
7
53
1
1
8
3
12
2
3
1
2157
1
3
18
5
1
604
14
2
1
1
1
1
16
15
1
1
6
1
45
1180
2
7
1
83
14
1
1
1
1
1
37
1
1
1
30
1
1
61
1
1
1
3
1
1
2
1
3
8
1
1
6
111
2
10
127
46
1
6
2
1
8
19
7
18
1
7
1
1
1
3
1
5
8
1
3
3
29
1
3
1
2
1
2
1
228
1
1
6
17
1
15
31
2
1
2
1
4
1
58
1
3
1
100
69
1
1
26
1
5
9
1
1
1
1
1
5
72
69
3
1
7
1
1
25
1
23
1
1
7
9
1
1
14
8
1
91
183
123
1
1
1
25
1
13
3
1
1
2
1
1205
1
39
1
76
252
125
1
2
1
208
37
1
191
6
5
21
2
3
1
1
1
1
2
2
20
145
1
1
5
26
1
31
62
9
1
2637
111
1
6
1
123
1
4
1
1
1
36
3
1
2
4
38
2
19
1
1
4
210
12
2
1
1
4
171
1
240
2
2
1
25
2
1
2
8
1
1
1
2
1
1
1
1
10
2
6
1
2
5
346
1
7
1
21
4
277
2
6
3
17
93
3
1
2
4
1
5
2
1
2
975
166
1
1
1
1
15
1
1
5
4
16
9
8
1
1
1
4
161
1
1
4
6
16
2
1
2
25
2
10
1
13
1
3
1
1
1
6
1
1
6
9
9
6
2
1
3
1
1
4
2
20
1
1
1
3
2
1
2
1
1
3
2
1
1
4
6
2
1
1
12
1
2
1
9
16
1
14
2
12
1
17
2
16
1
17
19
1
4
3
1
1
4
2
3
19
38
3
1
6
10
49
6
1
2
182
2
2
1
1
1
14
8
3
11
2
11
10
28
22
1
1
2
1
92
2
1
5
2
1
1
1
2
14
1
1
181
1
1
3
2
12
1
3
3
2
1
11
1
1
10
1
1
1
10
2836
1
1
246
1
1
2
2
1
4
1
4
1
2
1
8
2
1
79
31
2
1
8
3
1
2
1
5
7
12
2071
85
3
4
1
1
212
2
3
1
1
2
2
2
1
5
1
4
1
815
1
3
5
2
1
10
1
22
283
1
137
2
1
1
1
6
1
1
104
835
1
5
2
5
1
29
1
2
1
19
3
1
1
2
7
1
1
6
24
4
561
1
5
1
2
3
3
22
50
1
331
1
3
1
3
40
1
22
1
4
2
1
1
2
2
1
86
7
1
1
11
1
9
3
5
1
125
2
2
1
1
6
22
9
3
19
2
1
5
78
8
63
1
11
82
3
2
1
2
2
1
14
1
1
10
48
125
1
9
1
3
3
1
5
115
535
1
2
61
70
4
1
1
47
1
49
3
1
1
2
1
1
10
8
8
1
1
1
21
1
5
3
18
2
2
1
1
3
3
5
1
6
4
38
7
4
1
2
2
341
3
7
1
18
9
1
103
126
78
8
5
1
2
1
1
3
4
3
3
3
165
6
2
1
3
55
341
1
1
8
1
5
1
2
126
20
7
1
1
18
1
15
1
165
2
9
2
38
5
21
1
1
125
10
1
2
1
27
1
1
9
2
12
1
1
219
1
1
2
1
1
2
145
67
1
3
5
9
1
1
1
1
180
3
3
4
5
1
5
4
1
1
1
1
418
1
48
2
1
1
1
2
2
1
28
79
45
1
2
1
4
1
9
45
25
3
13
1
2
21
1
2
4
2
3
1
2
1
3
1611
17
2
2
57
3
4
8
1
2168
39
1
138
1
1
1
210
6
1
1
6
1
1
5
3
1
1
1
2
5
2
2
6
10
3
144
8
120
4
4
9
151
6
810
1
1
3
4
1
3
2
3
2
8
1
3
1
1
1
3
1
1
15
5
147
1
3
2
1
1
3
37
9
4
2
2
179
3
1
2
3
2
191
3
1
32
2
1
1
18
21
21
2
6
81
545
24
2
1
33
1
1
1
1
3
1
4
29
399
5
1
15
1
115
51
1
127
1
1
1
1914
78
1
11
1
3
2
4
296
2
1
1
1
1
99
3
3
1
252
1
21
2
1
1
1
3
9
1
7
5
1
2
13
1
50
3
1
1
79
2
1
1
2
2
2
2579
1
4
320
1
3
3
4
5
1
10
56
2
4
8
10
5
2
1
2
1
36
2
1
1
126
1
3
1
6
1
4
2
1
1
1
1
1
2
6
2
1
3
1
2
7
127
1
1
1
5
1
197
5
2
1
8
1
4
2
1
1
12
1
1
10
1
1
1
8
1
1
2
1
6
1
1
5
2
2
2
350
1
338
1
129
1
1
1
1
3
13
4
2
9
1
2
1
18
59
1
1
3
2
20
1
2
22
18
1
1
5
579
1
13
1
1
1
12
1
2
11
72
4
93
1
5
223
1
1
1
3
1
39
1
1
1
2
1
12
80
1
2
15
280
3
1
1
6
7
1
1562
5
1
5
6
3
1004
1
1
58
1
47
1
4
1
2
1
1
20
1
1
4
1
13
11
1
6
22
1
3
7
2
2
3
1
2
10
217
660
27
2
1
1
3
161
24
1
2391
1
1
1
1
1
1
17
1
1
2
1
2
12
3
1
2
1
6
57
2
8
1
3
1
1
2
1
22
2
3
1
18
2
1
9
1
9
575
420
1
2
5
1
1
5
131
6
1
1
2
4
5
3
1
1
2099
3
1
14
12
1
1
19
1
1
1
1
1
1
4
51
1
1
2
68
1
1
1
2
1
6
1
2
7
10
3
13
18
40
1
1
4
1
2
3
1
2
11
2
1
1
5
1
1
2
17
1
1
3
1
30
1
2
15
8
32
9
1
1
11
2
1
7
4
2
16
4
12
15
78
1
4
1
2
8
4
3
1
5
30
16
1
7
1
8
1
3
1
1
9
3
6
3
1
1
1
11
1
1
1
23
1
1
2
9
2
4
1
222
809
7
2
5
1
33
1
771
3
3
1
1
3
1205
8
1
1
3
2
1
21
1
19
1
21
961
2
30
1
23
3
1
5
17
91
38
1
20
5
1
1
1
1
1
22
1
2
1
4
34
7
1
1
1
111
62
1
251
2
1
1
1
1
3
1
2
1
1
1
26
1
6
1
2
1
2
1
4
1
1
1
2
4
1
2
42
1
10
1
42
1
3
1
6
13
3
1
3
2
1
1
24
1
5
1
1
1
2
44
14
2
1
7
1
3
8
1
2
489
26
4
1
1
196
7
160
82
2676
6
3
1
1
4
1
10
1
1
2
2
1
1
3
3
10
1
6
8
1599
7
1
1
11
26
1
1
4
1
6
1
1
10
1
52
1
1
1
1
3
5
43
1
32
1
2
6
3
1
1
4
2
14
23
1
3
5
6
695
1
4
2
1
12
3
6
2
1
4
3
13
1
1
4
1
1
3
23
3
42
12
10
1
1
1
3
1
2
1
2
1
1
2
21
2
70
2
3
11
75
2
9
1
6
1
17
3
1
9
1
1
8
54
5
3
75
1
35
5
1
4
4
1
7
352
2
1
5
1
2
1
40
16
50
2
2
1
1
1
61
3
2
5
2
4
868
1
1
1
4
3
1
1
23
7
42
2
480
1
1
5
7
14
5
24
1
2
44
2
1
1
7
1
5
1
3
1
1
1
2
2
1
1
15
1
1
5
9
1
10
1
329
30
3
137
1
213
1
37
40
5
1
2
1
1
2
1
1
2
1
1
4
2
3
1
1
6
1
40
1
2
3
8
1
2
1
1
1
1
20
1
21
41
79
1
1
2
5
16
24
1
1
53
1
1
1
1
9
50
32
1
4
6
50
2
2
2
1
79
1
1
36
2
94
1
4
6
1
4
4
42
5
2
7
3
1
4
1
41
1
5
5
4
1
2
1
8
1914
5
2
5
1
131
3
1
1
115
1
12
135
1
1
3
2
3
1
15
1
2
5
1
4
5
1
9
1
3
12
1
1
17
1
1
11
430
2
1
2
1
3
8
393
2
15
4
2
8
3
1
13
1
1
1
32
1
1
2
5
1
1
28
3
7
2
3
106
19
1
1
2
1
1436
43
300
320
615
6
10
1
1
2
3
3
1
3
2
2
1
1
17
3
3
8
1
1
1
2
1
7
4
114
1
11
1
2
1512
1
1
4
1
2
1
1
1
2
10
1
1
2
1
1
2
1
1
8
1
12
7
2
1
24
2
1001
1
9
1
3
1
42
5
6
210
2
9
1
14
150
1
2
1
1
2
13
1
4
1
4
745
13
43
4
3
45
23
2
1
1
1
2
10
7
4
1
1
23
1
1
1
4
3
45
71
2
12
1
1
2
2
3
1
1
1
1
5
2
3
1
2
1
1
1
12
4
14
1
4
1
34
113
57
4
1
3
1
1
1
3
300
3
1
2
2
13
1
1
3
2
1
1
2
1
1
1
1
1
1
7
1
3
1
11
13
1
9
1
134
5
4
1
1
1
1
440
1
1
187
5
52
1
2
10
2
2
1
1
7
8
13
1
1
1
1
149
1
1
2
4
1
1
1
1
2
1
19
2
2
1
1
8
2
2
8
1
5
3
1
2
2
404
1
19
19
740
54
2
13
2
1
1
1
1
2
1
2
8
1
13
5
4
1
13
3
3
1
3
1
1
1
14
6
1
3
1
22
1
308
1
3
1
2
1
7
1
1
695
39
1
5
1
1
1
1
4
2
1
34
10
1
1
5
2
4
1
1
69
1
158
27
15
2
8
1
2
1
1
3
11
2
14
1
6
4
1
20
3
1
1
1
4
1
7
6
1
3
2
1
1
4
3
1
14
1
17
1
3
9
1
3
1
10
1
12
1
1
19
1
1
1
6
1
1358
1
4
153
6
6
1
1
1
1
2
1
1
8
1
1
1
1
3
2
1
1
7
1
1
1
1
1
4
1
184
2
41
2
1
2
14
1
1
1
1
51
1
5
27
4
2
7
8
1
1
1
2
3
7
1
1
2
1
2
2
4
2356
2
1
1
1
1
1
1
1
1
1
1
17
2
162
58
1
1
5
3
1
8
38
1
2
1
3
1
27
70
1
1
1
1
201
1
1
5
2
333
60
110
9
1
1102
3
1
3
1
31
32
2
22
2
49
3
7
4
1
2
3
2
5
160
61
2
1
10
14
1
2
1
1
3
1
1
1
12
2
6
9
20
2
3
3
9
2
1
3
2
64
670
1
720
11
3
20
2
13
12
2
5
1
5
14
2
19
27
1
2
4
1
14
2
2
1
1
6
1
1
3
1
1
18
1
6
304
1
4
7
10
7
1
1
1
2
1
1
88
1
6
112
15
3
3
7
1
1
2
72
4
12
1
1
1
1
1
11
1
1
17
1
1
11
14
1
1
1
1
2
11
1
7
9
2
2
2
6
12
1
171
1
2
1
5
32
465
11
8
1
2
1
1
71
24
39
165
1
73
2
1
1
22
1
1
4
1
2
3
20
1
4
2
1
10
1
117
10
1
16
1
9
86
6
3
5
4
1
1
1
17
186
1
1
1
1
8
2
1
5
5
2
33
1
1
22
1752
1
1
1
1
2
1
18
2
9
1
2
1
2
4
1259
2
9
36
13
68
43
1
20
1
1
4
124
1
12
2
73
211
1
2177
1
16
3
4
28
1
3
1
6
2
10
8
14
2
1
95
6
7
25
28
52
1
21
22
12
1
168
2
1
1
5
2
2
1
15
69
1
1
1
8
1
1
3
1
2
1
1
6
1974
1
2
857
4
1
1
3
8
1
2825
5
605
181
22
1
4
2
24
3
1
2
5
2
6
1
7
5
68
1
1
1
1
1
1
4
4
5
1
2
1
34
2
2
1
1
7
1
2
1
16
3
9
1
2
2
2
171
6
2
5
1
1
42
8
4
11
2
7
1
9
1
3
1
6
5
2
3
1
62
1
2
1
2
1
2
1
1
1
1
2
1220
1249
1
20
19
11
6
13
1
1
2
3
1
2
1
29
3
304
1
1
1
1
31
1
1
3
39
1
22
3
5
3
3
1
6
2
1
64
1
63
5
28
12
17
1
2
1
28
4
1
18
39
1
1
1
2
4
5
37
30
22
365
1
1
2
9
6
3
1
3
3
7
1
2
115
6
1
38
5
20
1
1
1
1
7
2
1
1
2
1
2
49
2
1
5
1
4
1
5
2
2
1
4
5
1
1
1
1
6
1
4
3
2
1
3
1
26
1
142
2
1
1
2
2
6
1
204
218
5
3
143
10
2
3
1
14
6
4
3
1
3
1
2
2
1
393
2
20
502
73
5
252
3
2
20
6
23
30
1
77
1
1
3
1
2
6
44
4
1
1
93
1
2
1
2
9
2
154
45
7
991
1
1
1
1
3
5
54
2
8
1
3
1
3
1
1
247
4
3
1
3
1
696
1
6
1
5
1872
2
2
5
3
3
3
1
1
6
1
1
2
2
3
1
1
5
3
15
1
1
11
1
1
5
1
1
2
1
1
11
9
4
17
4
2
1
10
4
1
1
7
1
3
1
1
26
2
30
3
1
1
1
4
14
3
4
1
11
1
18
1
16
2
1
2
1
1
1
68
1
25
4
1
2
1
21
7
1
22
6
1
54
11
61
1
1
1
11
61
1
2
1
1
4
133
3
402
1
3
2
1
9
1
3
1
23
1
2
1
41
49
448
1
1
7
2
2
1
1
8
1
18
1
3
5
1
1
152
3
1
1
1
1
17
3
3
1
48
1
1
1
1
1
4
885
1
2
1
1
4
3
1
2
8
1
1
21
7
32
12
10
1
1
143
2
1
4
12
732
1
1
38
11
11
1
6
5
1
20
2
1
14
3
1
4
50
3
1
4
1
3
3
2
3
2
25
402
4
652
125
5
2
1
6
1
3
1
9
2
1
37
1
2
1
1
1
135
1
4
1
2
4
8
1
4
1
5
1
2
1
1
1
1
1
4
4
1
9
3
1
1
5
1
1
2
7
2
1350
13
3
25
2
1
2
1021
1
1
11
99
2
1
1
1
1
1
2
5
3
8
1
1
2
5
2
1
1
4
1
2
1
3
24
1
3
1
128
1
14
1
1
1
2
8
1
1
11
4
17
1
1
27
2
1
10
1
64
433
1
2
1
20
1
6
1
6
1
1
5
3
1
437
3
3
1
1
4
12
3
2
1
1
41
1
2
5
2
3
7
129
77
1
1
4
10
1
1
7
107
1
19
22
70
1
1
1
2
1
1
5
1
1
1
9
1
1
7
3
1
1
8
80
3
12
84
1
12
3
39
1
3
28
1
1
2
1
567
1
1
10
3
1
1
3
2
1310
57
1
1
66
2
3
1
3
2
16
1
13
1
1
1
1
17
351
1
2
1
188
2
1
422
7
4
24
3
1
1
1
1
36
1
190
1
9
1
1
1
2
11
22
1
1
2
2
52
1
29
9
1
1
2
1
1
1
2
8
4
1
2
33
2
2
6
2
3
1
1
2
8
5
1
1
5
1
6
1
12
472
3
1
1
2
3
1
12
2
1
13
1
3
1
1
17
50
3
2
7
1
2
32
1
2
5
46
1
1
1
15
2
1
9
1
39
4
7
2
1
1489
4
4
1
857
1
1
15
1
1
1
2
10
3
1
5
1
1
1
4
211
60
1
2
4
1
7
1
14
2
2
1
1
1
2
24
7
711
7
1
2
1
2
1
1
1
1
4
23
1
1
3
13
2
5
1
2555
5
34
215
2
7
1
109
10
1
86
4
165
90
15
16
8
1
1
1
4
2
1
1
2
1
2
1
1
2
38
5
1
1
1
2
1
5
2
1
1
1
3
1
109
1
3
2
1
1
1
16
2
5
2
2
5
8
23
5
3
1
2
58
1
1
10
8
1
27
14
10
30
1
1
2
6
1
5
1
36
49
1
1
7
28
1
2
1
1
1
11
1
2
16
1
1
4
12
1
5
1
1
338
6
17
1
1
346
2
1
1
5
1
1
1
32
112
5
16
1
10
4
2
1
5
2
1
1
7
1
1
1
5
1
29
9
1
3
20
2
2
1
72
1
1
4
4
1
1
1
2
1
4
1
2
15
2
1
11
16
3
1
6
746
63
3
9
1
8
34
2
35
1
1
13
22
70
1
7
4
22
1
2
1
7
3
8
13
1
2
2
450
1
1
11
1
256
1
3
3
6
1
1
12
4
1
3
1
1
1
1
4
1
1
1
1
1
1
2
5
2
2
2
5
2
2
1
1
2
6
59
19
1
178
9
1
1
2
34
31
8
1
1
701
4
7
1
10
1
1
1
1
7
1768
1
2
5
1
6
1
46
1
3
9
18
1
1411
1
3
1
2
1
1
2
12
1
1
1
1
1
1
2
1
1
2
1
13
5
15
2
6
1
2
9
568
1
1
2
3
7
37
3
30
2
70
2
143
2
1
1
5
153
1
90
5
1
5
1
84
2
8
1
2
8
1
63
1
1
1
1
1
2
2
1
2
1
1
44
1
1
1
1
3
1
2
91
1
1
1
1
3
2
1
2
1
14
4
8
7
6
3
1
1
1
15
88
74
4
1
1
1
106
18
6
10
1
2
1
1
1
1
2
4
4
1
1
8
1
51
1
1
1
30
4
1
27
1
2
114
3
1
7
4
3
41
12
2
2
20
1
6
2
1
1
1
1
4
1
1
3
5
6
7
7
1
1
3
37
2
1
57
9
10
1
2
7
1
113
1
2
197
8
12
6
2
4
201
3
3
16
1
1
1
3
1
140
1
8
6
1
3
20
1
3
9
10
1
1
1
1
10
1
48
1
1
2
4
112
9
4
496
25
1
1
1
1
1
21
1
3
2
2
47
2
3
7
1
1
2
3
2
1
2
13
2
4
69
2
1
3
8
3
2
34
1
1
14
41
36
1
1924
1
2
1
1
1
1
2
2
1
1
31
73
2
11
5
1
4
32
1
2
1
1
16
6
147
1
1
14
1
1
20
1
3
2
43
3
2
5
4
73
44
2
8
30
20
4
21
16
1
16
1
164
1
1
4
1
1
115
1
2
1
1
19
3
2
14
1
1
2
26
1
5
2
1
3
2
3
2
152
3
16
4
10
6
1
2
45
1
41
1
1
5
2
1
4
5
1
3
1
1
2
13
20
2
1
1
7
1
2
10
1
198
95
125
22
3
4
8
4
1
2
33
1
1
1
11
1
9
1
1
81
2
6
1
11
1
40
7
23
13
2
1
1
4
1
2
1
3
2
6
5
226
493
3
1
1
2
55
16
1
2
7
1
15
4
37
322
8
2
114
2
3
1
2
80
33
75
3
4
5
1
1
1
1
1
3
1
3
3
33
17
2
1
1
3
1
1
1
8
3
3
3
1
10
4
77
28
3
2
3
2
23
10
5
1
5
1
1
3
6
4
1
1
3
1
1
1
2
2
6
1
1
1
2
93
2
1
1
4
1
115
1
8
6
1
1
2
15
3
14
6
1
1
2
1
287
13
2
3
1
461
2
2
8
4
3
1
18
5
6
7
3
2
1
58
25
3
1
1
1
6
28
92
83
1
4
49
2
1
6
55
1
7
3
5
10
1
1
21
15
189
1
6
16
2
1
1
3
41
2
1
35
1
17
8
9
1
2
5
1
1
1
5
1
1
1
7
1
2
11
33
1
1
18
4
3
7
2
1
2
1
1
2
1
1
1
1
1
1
3
4
96
1
712
1
1
2
3
1
1
13
68
2
1
2095
2
43
1
12
15
1
4
4
1
1
4
4
303
1
2
10
2
3
3
3
53
1
14
246
32
1
1
1
6
1
6
1
177
7
9
1
1
565
5
6
598
17
1
1
2
1
1
65
1
4
1
13
4
29
1
1
1
2026
6
15
7
3
1
61
21
21
1
1
1
128
2
4
2
1
24
1
549
4
1
1
9
2
1
1
328
1
1
5
16
323
28
6
4
1
96
1
1
19
124
1
1
5
4
90
2
4
2
1
1
5
8
1
2
1
1
2
6
5
15
4
2
1
1
5
1
2
21
137
9
13
2
1
80
40
1
1
1
2
11
1
1
18
20
2
2
2
6
37
3
1
1
2
1
3
7
8
3
63
8
4
5
1
1
19
1
2
1
6
2
7
13
391
1
318
3
1673
2
25
1
208
1
1
265
15
13
7
1
2
1
3
2
1
2
1
1
1
4
6
1
1
1
1
1
1
5
11
10
11
1
1
1
9
1
2
1
1982
1
2
3
1
1
2
4
1
1
13
9
6
1
1
1
5
42
2
1
2
1
1
1
19
4
6
3
2
2
16
28
2
980
1
2
5
9
15
37
1
135
1
18
16
2
3
1
3
6
60
1217
4
6
57
1
1
18
3
38
1
15
1
1
11
1
1
1
13
3
6
1
1
4
1
104
186
7
7
1
1
74
76
1
260
1
1
1
35
15
1
3
480
5
1
31
2
10
1
7
1
1
1
5
13
4
2
55
8
1
1
1
1
2
8
11
3
2
4
12
2
2
17
2
1
13
1
4
4
4
2
1
2
38
2
3
1
5
1
1
4
19
1
8
9
1
2
1
1
1
2
1
1
1
11
1
1
1
1
149
21
9
387
2
5
1
542
2
100
2
53
28
4
1
36
1
3
1
2
8
13
9
5
2
1
1
1
5
2
1
2
3
4
2
1
4
1
4
1
2
1
1
3
1
2
14
1
1
11
946
2
1
2
2
6
3
2
5
14
3
2
1
7
2
3
9
1
1
116
39
1
30
10
1
1
2
4
1
5
1
1
10
5
2
5
24
6
1
77
3
368
1
28
42
1
1
1
2
2
2
176
4
2
1100
1
1
1
1
1
1
6
1
20
1
16
3
14
401
14
2
43
1
3
5
5
2
3
1
1611
1
90
1
5
3
1
1
1
2
3
2
12
3
2
1
2
1
6
2
1
3
1
1
1
1
6
4
1
1
4
1
99
3
3
2
6
1
1
595
32
1
14
5
11
2
1
6
1
8
2
29
2
6
1
1
285
1
25
13
1
2
2
2
2
2
6
1
1
4
1
6
8
4
11
3
6
5
1
2
1
1
101
225
1
8
1
7
5
1440
13
1
5
1
1
11
7
5
990
71
1
20
2
126
1
26
11
1
1008
2
6
2
1848
1
10
4
46
1
3
49
1
1
1
3
4
5
17
2
146
2
3
15
2
1
2
14
3
2
1
3
3
1
397
68
1
4
12
1
14
1
7
2
10
1
189
2
1
193
12
19
2
201
1
2
1
2
4
1
7
7
1
13
10
3
1
1
1
2
2
2
1
3
33
1
11
3
1
3
1
1
39
82
1
1
2
56
8
47
1
11
4
4
6
2
408
1
1
2
59
4
1
3
1
40
25
1
43
1
1
5
6
5
1
120
1
39
2
1
1
2
1
1
2
2
42
1
2
1
1
1
1
1
47
4
1
1
1
6
2
3
1
57
3
2
2
19
134
1
13
8
4
1
1
1
1
9
3
1
10
3
84
2
1
24
10
3
1
3
12
11
1930
1
1
31
4
12
2
2
1
47
1
1
2
12
1
12
2
1
285
7
57
7
28
3
1
4
7
15
2
4
7
18
147
1
236
1
38
2
1
1
1
2
3
54
71
2
1
32
2
2
2
1
4
4
407
1
1
1
1
1
4
1
1
1
40
14
12
1
5
6
1
1
1
9
2
4
3
5
4
13
1
3
1
1
2
2
1
11
978
1
7
1
6
6
3
1
1
3
1
5
1
744
1
1
4
3
7
3
46
1
6
306
1
5
1
5
1
2
4
7
3
1
1
65
5
2
5
2
1
1
1
7
40
12
1
1
4
1
3
1
1
3
20
4
1
1
67
1
2
22
2
16
1
4
2
2
1
1
99
99
2
1
1
6
2
1
7
12
1
10
1
2
7
9
11
13
23
2
1
1
6
1
25
1
1
1
6
1
383
1
3
4
1
3
2
4
68
1
7
1
1
20
28
13
13
1
97
266
76
69
184
1
1
5
1
2
15
1
1
3
3
2
1
251
1
1
2
1
1719
1
2
2
3
1318
15
72
1
1
2
58
2
2
1
4
1
2
21
3
1
336
1
1
1
1
2
5
3
1
1
173
1
24
2
7
2
76
1
18
1
1
1
1
1
1073
1
1
3
13
11
4
1
1
4
1
1
1
1
21
31
2
101
4
12
1
1
4
1
5
11
1
232
265
5
13
1
15
12
3
1
47
1
244
1
2
1
1
1
1
5
35
1
1
177
3
8
1
1
2
10
1
1
8
53
5
6
1
1
20
796
1
3
1
57
289
2
1
1
1
52
2
3
1
9
85
1
325
2
3
1
1
2
2
1
270
3
77
2
1
1
16
138
1
7
1
1
2
7
7
67
1
1543
1
218
3
2
2
1
1
5
4
100
3
3
1
1
5
1
1
1
1
2
4
22
1
8
1
2
1
2
2
61
15
3
1324
38
1
6
1
1
1
3
16
336
1
1
26
2
2
2
1
3
7
1
3
25
4
3
29
1
1
4
1
1
2
8
1
1
9
2
13
4
1
1
12
26
19
821
1
6
1
19
13
5
6
22
1
9
1
25
1
4
2
2
1
3
4
1
8
1
17
12
1
1
2
1
1
2
1
383
15
5
2
1
7
1
4
2
1
1
1
1
8
2
337
1
4
2
31
2
5
93
3
107
38
7
1
1
1
1
284
2
1
1
2
1
10
3
1
1
1
1
2
1
1
1
2
1
1
1
7
1
8
1
1
3
2
14
51
27
7
13
4
1
7
2
8
1
1
1
1
1
801
3
1
1
9
107
51
2
1
1
9
1
1
6
3
1
386
38
1
1
10
11
11
1
18
2
3
5
101
57
1
15
4
1
3
25
689
320
38
20
2
1
1
1
2753
5
2
5
1
1
467
9
3
5
1
8
1
8
3
17
6
8
52
1
3
25
1
1
10
1
1
67
6
19
1
1
1
1
38
3
2
1
1
84
1
1
12
2
13
8
1
12
1
1
40
1
1
3
12
1
2
1
6
2
10
9
1
228
1
1
3
1
14
9
21
3
1
5
1
1
1
8
1
1
45
1
2
1
4
60
4
4
40
2
14
1
13
3
73
2
2
1
1
5
1
15
2
102
1
181
1
1
1
3
4
1
3
14
3
151
3
4
1
9
1
13
1
3
1
1
1
9
2
679
6
7
1
7
1
10
11
4
1
3
7
1
10
4
1
48
1
12
3
1
1
22
1
1
8
1
2
19
1
3
56
1
1
2
1
1
7
4
1
1
2
1
7
1
1
1
134
2
1
1
2
1
1
2
4
10
1
448
24
1
2
1
1
21
1
2
1
283
2
7
6
23
1
1
18
21
6
646
1
4
2
15
2
1
4
3
2
1
1
2
1
1
5
3
35
8
1
1
1
2
31
5
1
258
11
37
17
1
1
5
4
3
4
508
1
122
11
5
2
1
6
3
1
2
1
22
2
1
1
1
65
1
7
5
1
15
2
64
3
5
4
1
47
22
1268
1
5
1
2
2
4
1
6
5
2
1
1
2
2
1
3
13
1
6
63
13
30
10
1
1
1
64
4
6
1
2
2
12
1
1
88
5
1
1
1
5
2
24
1
32
47
35
2
5
9
2
1
1
3
1
6
1
2
21
1
2
1
1
1
1
2
1
10
1
5
2
2
20
1
763
1
1
8
8
25
1
86
2
1
2
2
1
6
2
1
10
3
1
2
2
8
4
1
19
10
1
2
1
6
11
26
10
2
6
16
1
3
1
2
1
162
3
1
11
8
54
18
485
1
547
2
2
2
1
1
1
4
29
1
1
2
1
2
5
2
5
202
82
43
1
288
2
4
1
2
2
1
2
1
1
5
1
10
1
71
9
8
1
2412
9
10
8
1
11
1
12
1
54
181
1
1
2
2
19
2
3
1
146
10
1
1
7
3
1
1
1
1
1
6
1
4
15
1
2
3
1
4
3
19
1
2
1
90
1
1
6
39
111
1
2
4
1
2
1
1
1
3
24
1
9
1
52
1
1
1
2
9
3
1
1
6
29
1
1
1
1
6
3
4
307
1
194
1
1
6
4
1
116
4
2
1
8
3
1
3
53
8
1
2
1
2
2014
331
3
7
70
2
33
1
1
2
71
1
19
7
1
1
14
1
2
2
8
1
12
1
5
6
1
1
1
1
1
2
2
1
5
1
1
3
7
51
1
64
11
7
2
1
143
2
2
2
1
6
1
4
5
1
2
2
1
11
1
3
2
1
1
1
2
1
2
1
1
7
11
1
11
4
40
2
17
7
378
1
1
10
3
1
1
4
1
9
4
7
1
1
1
1
1
1
1
1
93
1
1
1
1
3
1
15
1
1
3
1
2
1
2
1
103
1
1
1
2
14
1
1
32
10
1
1
2
1
1
29
1
1
3
9
1
1
111
4
1
1
9
2
1
3
2
3
1
2
68
1
35
1
26
1
1
1
1
3
2
4
1
1
113
131
14
1
59
3
2
9
1
4
1
5
293
3
1
20
1
1
8
1
1
1
2
2
5
4
1
10
4
1
2
2
1
49
1
1253
145
3
2
2
2
3
4
1
11
137
534
5
10
11
1
7
1
590
11
1
3
3
2
5
4
1
16
80
2
11
1
34
19
6
49
2
5
3
16
51
1
464
3
2
1
5
22
3
62
1
2
1
1
34
69
8
20
2
3
1
1
1
3
1
54
1
1
1
1
1582
51
673
4
73
1
1
20
680
39
34
1016
1
528
193
1
1
1
93
2
1
1
4
1
31
14
1
2
4
5
3
51
2
1
20
34
1
1
3
1
10
3
1
3
1
2
1
7
7
1
75
9
9
10
3
1
1
1
1
7
1
846
1
3
34
4
7
101
1
1
2
10
39
2
1
11
2
2
2
2
1
196
6
301
1
30
4
1474
28
2
1
1
2
1
1
1
1
3
1
1
3
1
10
1
1
1
6
2
414
1
1
1
1
1
1199
15
3
1
414
2
1
1
3
10
998
2
1
70
2
54
1
125
1667
1
1
1
1
14
5
3
25
46
3
1
1
1
1
1
21
16
1941
1
2
2
2
1
6
4
506
1
2
4
1
2
99
1
1
1
7
1
1
1
1
1
42
2
2
2
2
1
5
1
1
20
11
60
2
2
3
1
1
29
3
2
1
1
1
2
2
197
1
9
1
1
9
73
2
13
54
13
17
1
1
2
5
465
1
1
2
1
10
21
1
12
1
1
4
42
1
1
1
119
1
1
3
3
1
2
1
1229
237
1
23
2
15
2
642
6
1
4
1
3
1
1175
83
1
2
14
42
16
316
3
13
10
74
4
1
2
1
1
1
1
4
68
1
1
1
3
62
4
2
5
3
22
5
1
2724
1
3
1
6
3
1
4
8
1
1
49
1
2
2
3
4
1
2
8
1252
4
1
19
1
1
7
2
1
10
1
1
2
1
4
3
6
9
1
1
1
145
8
6
2
1
1
1
4
2
1
1
1
1
26
1
5
54
1
3
5
1
1
2
8
56
4
1
1
1
1
48
5
1
4
2
1
6
1
278
2
18
1
3
1
1
2
1
19
16
1
68
1
1
1
14
1
1
5
2
1
1
2
60
1
58
1
1
1
2
16
5
1
23
1
4
4
1
4
1
19
4
5
665
1
4
4
1
1
1
3
1
2
400
1
2
1
3
1
18
20
2
1
1
1
2
6
102
1
2
3
1
10
13
14
1
11
179
3
3
3
36
1
3
1
1
3
1
1
1
4
9
4
1
136
1
2878
5
1
1
1
1
1
1
111
1
36
3
4
1
4
1
8
2925
1
2
1
13
309
17
108
7
1
9
1
1
1
2
1
13
2
151
1
1
108
9
5
42
2
79
1
38
7
16
1
1
1
2
4
1
5
3
6
59
1
1
1
504
29
2
1
6
2
15
1
2
1
1
3
3
7
1
1
1
4
1
1
2
5
14
3
5
12
5
1
1
3
16
2
19
2
62
1
49
17
1
1
4
2
1
4
1
33
3
12
1
1
1
2
2
1
8
42
5
3
8
1
5
12
105
6
3
1
7
8
42
2
1
1
1
2
1
4
1
1
1608
4
2
1
1
1
1
1
12
18
2
2
1
5
2
10
4
10
30
1
2
1
17
12
9
1
1
1
1
1
10
1
1
2
4
182
40
3
1
1
1
1
1
6
3
5
1
3
22
24
1
2
48
11
1
1
3
40
1
3
29
3
2
1
1
5
10
1
1
1
2
1
2
2
1
47
3
4
4
2173
9
59
15
2
493
1
2
1
1
24
1
18
1
41
4
4
2
3
118
2
4
1
1
1
3
10
1
1
9
1
1
2
1
4
2
24
8
7
1
1
12
3
1
1
35
3
6
1
1
5
1
1
2
1
94
9
2
2
1
281
2
1
6
12
2
5
1
1
10
1
1
2
12
1
1
1
1
7
5
3
7
1
1
2
2
1
69
2
2
2
2
1
1
1
11
65
2
8
2
1623
1
1
5
1
1
1
1
8
2
3
1
10
1
9
3
1
1
1
7
1
784
1
1204
2
3
1
1
130
1
167
2
11
1
1
2
10
1
7
2
2
20
1
221
1
1
5
1
1
2
40
26
292
25
1028
1
2
1
1
1
1
11
5
3
2
115
1
1
7
1
1
2
2
1
13
6
1
60
4
1
1
3
30
2
1
9
2
1
7
202
10
111
7
12
1
1460
405
5
289
1
1
791
1
1
2
2
1
1
3
59
1
1
2
2
23
1
1
2
65
2
4
2
1
3
22
2
1
4
2
1537
105
97
2
6
1
2
2
6
1
3
28
3
1
588
3
1
10
2
358
4
1
757
1
2
10
1
2
2
26
12
15
1
1
1
28
16
9
5
3
1
1
4
4
4
2
1
1
2
375
1
4
51
1
1
466
2
1
111
2
71
2
5
1
6
7
2
2
3
6
9
2
1
4
1
1
1
2
1
6
1
1
2
4
1
6
1
5
1
1330
1
177
2
38
6
5
1
4
7
1
3
10
5
9
1
88
1
5
1
1
2
197
3
2
1
152
1
1
3
2
5
1
20
2
3
1
20
113
1
7
8
1
420
7
8
1
127
1
16
4
1
1
4
1
10
1
1
96
1
2
1
1
1
47
1
1
1
85
1
1
1
23
304
3
7
2
1
65
4
1
1
1
17
12
1
1
1
1
2
2
47
1
1
3
4
5
2
1
1
2
1
165
8
1
14
1
3
3
2
15
1
1
2
1
3
12
1
1
1
1
57
24
194
2
5
1
48
3
70
1
1
4
1
2
1
36
1
1
1
1
22
1
14
1
11
3
43
2
4
20
7
1
1
3
14
2
1
9
1
4
1
2
75
1
2
1
33
300
1
6
2
1
1
1
1
4
20
2
10
1
1
10
3
2
10
11
13
1
1
20
2
2
1
1
2
4
1
17
1
1
1
1
1
6
1
146
2
4
3
3
1
2
1
3
15
5
39
2
5
1
1
378
167
1
2
1
1
1
2
4
2
1
11
4
1
1
8
5
2
9
2
1
8
181
4
1
4
3
7
1
1
1
2
3
8
1
1
1
3
4
1
1
2
7
8
1
34
1
1
177
1
9
6
1
6
43
1
2
3
1
2
1
8
40
11
1
5
15
2
149
13
2
2888
1
56
27
1
2
1
2
3
1
2
201
2
77
1
1
2
17
3
1
117
4
255
16
1
1
2
2
137
1
1
9
1
2
158
2
1
19
1
1
2
1
3
1
1
2
4
1
1
2
8
2
4
6
1
19
1
3
2
2
10
2
1
12
1
1
19
1
2
6
9
19
334
5
11
1
82
1
2
1
1531
1
1
3
1
136
1
28
3
2
13
1
2
1
1
4
4
6
1
1
2
5
58
1
34
1
1
11
19
1
6
5
20
2
1
1
4
1
8
4
2
7
4
24
4
1
1
1
4
2
1
1644
1
17
1
1
2
1
121
3
5
37
1
1
1
11
6
1
3
47
1
12
3
1
11
1
19
2
142
1
3
1
736
3
2
5
4
2
2
1
1
2
16
4
48
2
1
219
1
17
1
1
1
4
29
1
2
1
1
2
1
5
2
4
2
1
42
1
1
1
2
3
2
1
1
2
2
1
52
1
1
30
1
2
1
2
92
2
3
1
1
11
8
8
5
1
1
5
3
5
8
1
2
3
10
6
2
1
1
26
4
5
1
1
23
2
1
12
125
1
6
1
2
560
3
6
1
1
4
1
4
3
1
17
1
3
7
3
5
2
5
15
1
1
1
2
7
4
2
2
1
1
3
9
23
52
10
117
16
16
56
4
1
46
1
2045
3
1
11
21
1
51
4
10
2
1439
43
2
14
1
1
11
5
1
30
1
1
5
2
5
1
36
1
2
16
3
1
1
8
468
4
2
1
27
6
6
1
2
1
1
2
4
2
1
1
34
1
21
1
3
1
1
1
2
10
8
33
6
1
3
3
2
1
2
1
1
3
375
4
21
9
9
37
27
2
2
250
168
1
1
1
3
13
1
1
35
1
3
1
564
5
1
7
1
3
1
2
1
14
8
1
1
3
2
2
2
1
3
1
50
1
1814
4
3
2
6
2365
1
2
1
3
8
3
1
1
1
1
4
4
2
43
25
1
3
1
79
1
4
3
1
64
1
1
1
1
1
8
2
5
6
1
1
1
1
1
2
107
2
8
217
2
1
3
2
6
39
1
1
1
1
4
10
2
5
353
1
1
2
3
3
1
1
11
1
2
1
1
283
11
132
292
8
5
69
8
1
2
5
4
607
1
60
3
3
160
465
2
1
3
1
1
7
18
4
25
1
9
1
4
1
61
1
1
1
6
1
161
16
1
2
2
9
1
437
1
2
3
1
2
1
1
3
1
2
2
1
2
79
1
4
4
1
1
17
1
4
1
2
2
2
7
1
3
1
3
1
1
1
6
21
11
2
6
1
1
2
8
4
2
5
1
1
2
1
1
8
1
566
16
2
164
1
1
7
1
1
43
1
15
1
4
1
53
1
1
1
387
4
3
1
1
257
15
2
1
1
3
2
50
6
3
25
1
3
2
9
1
7
1
100
28
2
17
2
2
2
4
1
12
1
2
5
8
10
1
1
3
1
1
12
3
1
1
4
2
22
2
1
3
28
2
3
47
33
2
3
1
12
16
1
45
1
25
3
1
60
6
1
1
212
44
32
1
2010
123
15
3
1
18
1
6
1
15
1
1
1
4
11
1
3
74
3
1
4
3
1
5
1
1
679
291
33
1
5
2
2
97
11
1
1
1
1
12
1
1
1
2
6
11
380
13
54
18
5
156
974
1
1
17
18
1
1
1
2472
1
1
3
24
1
3
1
8
1
4
1
1
3
1
1
19
1
86
11
21
6
2
2
1
1
1
2
1
216
13
1
9
25
1
1
20
2
1
2
2
1
1
6
55
22
1
1
32
6
2
2
22
8
15
5
7
8
1
5
1
3
8
2
83
1
2
2
3
4
1
1
8
4
1
1
1
4
262
1
3
1
22
1
1
1589
4
10
1
1
4
5
1
26
1
21
707
3
5
3
1
780
1
19
6
26
2
1
46
9
71
3
7
1
79
1
1
18
1
1
1
3
1
2
1
2
2
1
1
1
1
2
1
2
1
28
1
1
2
1
8
1
2
7
5
1
2
23
2
2
60
2
25
1
1
263
2238
1
91
1
29
7
1
1
1
1747
11
29
3
1
1
1
1
20
1
2
1
16
1
25
3
2
2
1
54
26
1
1
6
6
37
211
54
13
18
1
2
5
2
4
5
2
3
2
3
5
2
2
1
2
19
10
15
18
6
4
1
13
1
3
5
2
1
4
15
1
1
187
1
2
2
1
3
27
551
1
72
1
1
14
31
1
16
1
1
5
1
1
3
13
1
3
1
1
3
3
30
14
36
3
327
2
1
119
1
1
1
6
2
2
4
2
1
3
1
1
179
5
39
8
13
6
862
2
1
1
1
43
71
1
3
5
9
2
68
4
230
1
2
1
6
1
772
1
20
2
1
1
1
3
1
67
200
1
1
1
7
1
5
3
3
6
3
11
3
2
3
5
21
1
3
1
12
4
8
1
1
3
1
9
2
1
2
1
1
1
1
1
1
3
1
2
38
1
1
4
1
3
1
8
11
12
111
1
1
1
2
1
1
2
3
3
1
23
51
1
2
270
5
23
410
6
1
2
1
2
1
2
1
4
3
2
9
11
16
2
7
1
55
1
1
2
1
4
1
3
1
2
11
1
1
6
2
1
4
1
2
14
1
28
1
6
14
1
32
4
11
3
1
7
1
1
1
1
1
2
1
45
2
2
2
21
5
1
8
1
5
1
1
1
3
1
30
6
2
6
363
7
1
1
4
8
7
2
31
4
1
2
1
288
1
2
7
1
1
1
1
1
5
1
1
3
5
2
2
2
1
1
1
42
1
8
1
1
1
1
1839
1
1
1
2
8
2
1
3
1
1
196
4
40
2
1
19
6
6
3
2
2
96
9
299
3
3
1
1
38
75
1
1
3
14
7
1
2
1
8
2
1
1
3
4
2
8
1
1
5
1
72
5
4
13
1
2
13
5
55
1
24
1
1
2
379
7
7
2
2
4
1
36
5
1
1
9
15
11
6
8
1
1
3
7
1
21
1
1
1
4
1
604
11
1
3
5
1
3
1
5
1
1
1
1
8
21
9
10
1
4
1
4
1
14
51
1
3
3
1
2
66
1
7
1
1
1
1
1
1
1
7
11
23
72
3
1
1
8
3
462
1
2
286
2
27
22
3
3
1
103
1
68
3
1
12
24
1
1
7
1
4
2
1
56
7
3
42
15
6
32
1
1
1
1
1
5
1
1
1
1
4
755
60
12
7
1
2
76
1
1
1
1
1
1
1
3
1
1
22
30
1
314
1
1
21
1
1
271
11
1
1
1
