5
41
651
12
30
21
12
176
45
89
3
3
194
253
99
164
564
284
636
80
97
150
144
1
81
199
65
6
3
318
3
4
493
212
11
7
101
685
24
1
34
564
119
188
341
759
55
34
1
35
10
80
70
9
1
1
6
623
222
24
38
788
8
2
269
128
6
3
1
1
1
94
4
4
127
18
584
113
544
121
37
595
40
7
95
9
17
200
2
1
4
82
546
1
83
71
67
24
1
12
2
271
244
13
4
904
18
10
3
985
6
34
2
227
509
1
9
554
528
18
98
397
885
51
3
14
306
541
1
15
1
434
7
396
171
2
1
3
34
735
178
9
999
9
616
790
29
84
669
10
18
21
159
28
134
15
141
35
3
2
171
373
2
257
54
96
4
1
18
198
126
5
218
63
16
2
969
780
959
2
6
12
4
3
756
2
113
7
364
68
447
2
101
304
2
50
164
2
75
12
592
7
231
9
37
229
29
446
63
11
11
9
1
28
1
9
196
29
319
396
18
2
84
2
3
745
306
5
26
1
4
32
833
340
2
554
162
5
8
121
93
8
2
104
8
116
1
134
10
1
595
1
3
20
64
7
1
7
12
7
2
1
2
25
9
15
534
77
20
77
665
33
219
28
50
3
4
2
109
9
196
218
22
1
478
3
587
7
48
22
15
2
1
72
139
10
5
71
7
20
238
94
10
1
1
4
23
3
6
1
33
7
111
424
21
9
25
306
1
737
34
16
1
70
25
259
82
4
3
925
124
31
5
76
1
63
96
373
6
2
34
99
15
635
6
26
40
66
1
179
2
79
154
817
67
6
3
471
1
7
28
2
1
136
812
19
190
195
162
23
15
9
3
1
695
1
308
63
1
1
4
5
25
3
706
91
492
29
289
152
85
16
394
1000
8
652
6
14
62
12
16
164
4
156
322
200
3
489
2
958
6
22
6
62
1
241
18
151
866
1
5
821
1
18
346
379
1
78
1
323
3
222
42
330
2
5
1
10
634
19
52
8
162
711
4
83
858
75
12
2
177
285
1
8
929
15
2
110
3
120
65
85
171
24
144
29
951
3
59
2
172
1
2
304
3
16
4
4
1
116
333
3
1
221
4
1
93
15
1
1
83
204
14
327
117
4
8
667
290
1
10
923
1
4
2
460
16
1
13
2
421
723
271
180
2
1
1
174
20
9
1
2
2
1
45
137
1
25
174
6
82
122
187
435
1
459
318
1
28
33
1
231
33
1
4
953
631
3
90
1
30
245
133
45
9
497
395
8
54
18
730
28
22
100
983
145
23
3
6
157
1
1
9
3
957
600
15
833
8
4
22
5
71
106
132
410
50
16
4
5
1
65
245
87
4
127
636
9
558
2
77
57
275
15
6
304
381
10
94
40
19
669
1
96
14
47
38
959
435
1
5
9
154
13
61
12
25
24
1
80
914
224
93
2
672
2
228
3
3
53
2
1
130
2
8
6
752
315
1
1
2
138
7
157
13
3
2
27
5
293
3
3
35
2
5
11
572
844
18
213
24
3
12
5
1
258
1
13
500
3
209
1
36
263
1
525
52
60
9
1
204
890
583
523
15
33
17
712
30
13
2
111
4
139
15
18
1
42
904
37
24
35
117
2
1
5
530
50
175
34
43
1
3
531
50
2
6
51
101
81
22
3
672
1
5
21
3
1
14
771
2
13
892
935
9
65
361
425
37
783
22
3
2
83
1
68
17
5
56
134
357
191
4
15
574
7
16
1
14
7
422
1
696
111
129
3
107
23
350
28
6
226
4
1
3
1
129
3
28
39
751
2
53
601
44
679
2
6
1
1
2
144
1
17
6
17
2
13
831
18
1
213
16
13
1
21
299
414
12
493
18
969
211
647
2
11
5
12
35
132
348
204
1
2
41
671
339
621
1
2
7
19
737
7
11
784
1
7
413
4
3
54
15
51
234
3
16
1
10
4
270
36
2
86
13
796
37
105
20
171
4
81
6
643
33
863
564
1
5
5
2
2
6
1
1
42
65
2
11
4
176
9
222
61
1
360
25
777
243
14
2
7
20
9
1
26
65
93
13
19
20
1
17
864
965
51
490
2
74
1
753
148
2
8
6
6
139
21
196
687
1
3
1
12
1
1
69
427
101
414
12
14
493
28
69
945
172
9
2
25
31
1
891
552
762
16
2
1
117
1
1
102
719
20
1
24
121
3
245
47
3
721
1
216
634
1
156
44
151
935
89
259
7
55
9
1
7
505
2
193
9
2
1
44
226
5
1
13
57
441
47
5
1
389
634
56
6
6
39
46
475
736
1
2
39
8
98
1
2
10
7
1
352
691
1
153
269
4
14
349
6
91
13
1
955
11
341
3
37
164
14
835
2
312
21
10
156
124
16
1
2
131
1
51
1
35
1
15
2
9
47
2
2
9
9
132
115
29
4
1
1
4
11
6
22
580
2
187
4
726
6
14
43
19
1
152
1
11
124
406
13
8
697
35
14
155
2
533
1
25
5
2
2
540
890
959
46
32
477
915
314
8
100
470
1
550
65
17
74
1
747
85
139
501
6
106
289
7
107
22
425
1
1
21
60
1
1
92
887
45
229
20
519
816
117
148
1
147
663
187
71
155
1
366
795
26
1
1
274
1
1
209
5
4
840
4
1
53
1
1
458
18
1
544
45
2
1
14
6
637
276
71
4
91
8
803
74
28
1
1
3
5
3
50
91
2
1
17
122
1
13
173
5
399
7
48
227
290
3
519
17
2
531
1
1
2
131
103
8
3
146
347
1
11
10
11
1
3
14
2
164
33
2
66
5
1
12
248
39
455
299
37
127
190
10
61
18
334
1
26
159
11
275
9
515
284
35
2
3
13
87
6
328
1
454
37
42
18
1
12
185
10
7
50
1
552
3
282
1
23
2
29
55
5
78
692
4
33
1
4
442
77
19
926
4
278
569
19
3
1
30
3
4
4
5
44
233
571
1
1
102
27
298
13
3
5
963
599
61
340
1
258
755
75
297
69
43
3
22
311
272
298
2
7
1
129
28
2
2
201
4
97
49
42
754
28
1
5
57
113
40
1
41
1
3
83
10
834
13
20
414
1
368
7
21
30
12
4
8
4
266
49
4
94
15
1
458
60
1
330
42
34
21
39
16
7
611
477
110
229
177
25
284
28
41
57
482
12
881
144
2
1
191
931
2
12
40
232
1
529
4
593
1
1
3
377
12
39
45
17
127
16
1
1
1
717
2
344
21
16
106
28
1
17
841
3
40
127
268
33
33
1
882
403
716
730
150
3
59
591
1
573
277
56
36
708
7
120
314
6
141
1
20
5
12
551
835
4
900
3
11
21
5
1
52
13
37
23
14
637
2
6
7
1
5
298
503
137
843
2
85
484
2
341
163
72
4
2
1
7
33
3
169
1
563
4
5
497
1
14
166
732
94
1
587
20
102
94
381
200
959
39
1
32
265
1
15
665
17
60
2
301
412
145
826
8
118
1
2
4
2
76
285
2
27
244
8
6
3
62
1
204
301
58
78
4
281
1
902
593
10
1
1
109
1
17
2
315
641
2
14
1
22
811
553
4
1
4
12
13
238
380
1
6
4
10
3
11
271
1
5
32
47
122
13
70
965
6
18
7
162
11
41
20
696
145
4
199
942
3
8
1
42
27
556
1
28
61
8
21
217
57
70
14
1
1
4
151
544
326
7
21
473
25
52
30
12
46
211
4
6
781
1
6
1
78
5
34
4
548
657
1
245
33
4
1
487
9
168
2
11
1
479
1
170
7
40
2
44
497
179
110
104
368
93
45
7
981
300
36
48
41
414
11
8
61
29
2
26
2
5
80
68
55
1
21
89
24
503
14
447
309
3
474
614
16
801
176
823
15
270
7
70
269
68
491
23
1
2
62
6
1
1
1
56
8
378
7
159
4
3
3
867
338
60
6
9
1
4
185
2
13
751
30
798
139
194
2
1
1
231
2
6
7
1
13
21
1
11
547
455
277
253
1
3
617
7
181
2
1
19
132
56
31
4
1
23
1
148
1
79
2
23
22
1
12
55
21
266
6
11
74
6
920
45
95
33
151
20
525
7
466
5
217
1
3
49
1
20
171
43
493
670
3
7
75
240
4
9
54
33
1
6
705
79
244
3
10
13
543
8
518
1
4
228
19
20
31
1
18
89
9
11
36
965
13
114
55
50
53
3
854
1
1
1
1
1
104
34
2
42
3
591
1
12
502
3
486
55
39
30
205
200
1
83
600
1
144
178
481
839
15
1
2
80
753
193
50
61
1
2
27
2
214
295
1
1
23
16
671
457
72
502
227
2
17
188
72
5
65
544
925
8
36
239
230
6
3
131
14
1
4
479
1
1
883
1
10
1
199
3
1
10
12
339
512
87
8
1
41
3
4
922
927
23
757
185
52
1
180
180
46
2
1
202
9
12
87
518
1
373
337
13
842
22
569
2
2
4
217
88
1
69
38
112
18
34
13
10
861
9
97
2
658
6
204
72
16
18
366
796
3
2
10
2
12
87
161
7
1
155
141
5
24
13
1
1
3
45
6
2
697
1
276
1
321
64
46
80
78
90
69
95
1
124
42
1
17
99
3
2
2
10
18
23
52
374
12
3
1
244
3
14
2
3
567
298
4
1
4
17
4
10
3
2
80
14
263
11
8
1
483
1
177
445
3
3
33
1
43
90
4
53
6
682
4
10
547
1
4
4
7
3
28
4
3
1
726
535
1
180
4
116
1
2
28
54
1
102
30
484
1
5
376
3
118
1
1
38
12
47
548
65
5
7
4
1
537
65
71
11
2
3
14
23
840
15
67
8
2
86
14
1
116
3
74
1
447
219
78
10
4
20
611
1
1
710
1
129
25
1
2
43
265
389
11
226
18
4
1
40
7
46
191
63
599
2
1
22
2
15
31
53
855
11
9
6
612
563
16
5
1
53
4
14
239
1
293
1
378
35
1
36
1
457
73
4
223
92
7
14
86
787
42
603
433
15
22
6
2
59
611
465
4
644
2
9
10
99
80
2
21
3
38
1
192
14
16
101
94
30
112
15
13
2
1
727
17
25
26
482
6
6
48
5
8
292
643
6
17
2
84
44
34
12
6
1
96
153
818
440
275
70
55
5
166
1
4
52
8
3
152
158
1
289
9
130
6
842
16
4
1
2
1
2
6
16
2
4
656
41
3
2
345
2
4
68
3
1
141
1
227
392
244
9
996
1
506
38
320
23
11
39
21
1
25
464
494
17
619
1
15
539
1
768
10
12
2
1
3
775
17
6
197
73
39
69
716
29
104
2
16
8
68
8
31
758
5
2
5
267
144
3
108
11
10
14
447
113
1
106
83
2
8
2
9
5
2
5
91
1
1
25
66
6
139
100
115
1
110
1
711
20
679
528
6
1
8
2
486
1
617
28
20
3
5
76
23
312
442
2
453
243
8
4
849
3
17
862
12
7
2
3
17
1
895
8
2
167
1
4
1
444
125
10
1
1
7
1
4
254
312
38
1
67
413
6
1
793
95
15
30
579
21
43
299
280
27
1
7
6
1
105
2
7
1
262
84
2
30
48
30
504
53
16
13
1
1
6
359
73
854
480
10
1
1
2
7
9
175
668
16
33
92
371
2
1
69
994
8
1
2
4
17
2
4
12
5
269
10
5
12
657
33
4
214
27
7
14
2
75
1
45
16
1
10
2
150
47
41
28
94
19
23
1
8
30
3
19
16
5
146
5
135
1
46
872
1
434
409
13
173
74
78
66
267
262
5
51
4
1
42
851
303
6
102
89
73
6
402
6
9
143
35
2
2
2
198
151
5
156
478
163
123
1
30
210
160
148
195
16
292
443
14
241
546
2
238
1
17
1
1
81
5
8
2
257
9
19
3
392
2
29
634
530
6
1
4
179
30
3
1
129
5
3
8
283
10
1
626
2
6
15
66
1
10
13
28
1
5
4
1
108
1
1
644
40
1
2
170
181
4
4
422
253
6
1
13
7
4
58
800
18
728
35
31
155
147
30
1
140
5
3
202
107
4
278
7
208
998
966
21
8
6
32
5
541
2
1
25
1
5
9
3
30
330
6
532
1
2
129
4
50
31
36
95
1
12
6
157
5
32
224
253
25
5
244
5
26
6
16
5
18
6
93
4
1
20
3
8
22
13
662
2
25
15
97
132
28
7
75
372
7
259
542
3
18
186
93
149
4
4
1
1
17
83
7
11
12
1
771
3
2
1
572
2
2
22
47
517
118
10
1
6
33
650
38
5
583
347
3
2
44
1
43
25
317
13
330
750
5
5
32
47
17
12
2
100
116
1
98
138
8
1
4
4
349
5
41
5
75
45
1
53
32
11
7
14
1
344
1
218
2
1
19
1
687
22
68
14
129
13
4
13
239
2
38
1000
32
8
4
792
1
447
135
58
352
41
355
678
1
800
1
3
1
8
1
47
110
8
531
373
39
50
1
349
79
951
17
2
388
320
12
39
2
43
5
154
70
108
3
1
2
917
57
6
148
95
12
221
548
2
3
3
1
73
132
51
4
78
463
18
1
442
123
362
32
62
7
2
143
40
2
52
38
742
2
19
1
2
1
138
1
12
559
663
2
155
6
5
349
46
3
249
17
11
24
111
64
10
663
786
6
65
231
32
28
6
5
43
137
1
41
227
1
178
359
7
9
46
10
1
589
573
43
893
8
10
1
162
15
16
13
128
3
40
3
57
6
95
464
4
14
1
131
55
40
711
1
3
206
55
2
26
2
165
3
427
63
2
2
5
1
1
2
421
49
10
1
48
632
5
19
1
4
1
2
56
64
3
1
50
116
4
31
5
27
205
54
2
289
19
1
1
15
14
697
2
454
3
1
4
1
100
59
185
435
1
2
89
1
8
3
17
1
201
11
1
23
120
15
258
4
5
7
81
273
92
13
1
599
2
2
375
124
2
38
372
1
1
1
1
208
852
60
38
126
8
311
17
1
30
1
2
6
300
1
31
4
3
111
5
35
73
97
93
38
847
464
1
837
314
26
1
68
6
192
7
3
111
984
270
773
2
183
1
116
2
5
24
653
9
2
83
7
2
6
264
460
11
79
6
33
66
190
111
1
1
37
332
801
1
1
477
571
13
2
5
6
1
2
113
498
175
1
63
23
6
38
354
117
164
4
1
39
3
36
36
465
129
6
1
239
3
2
4
4
16
814
223
1
15
6
18
23
66
12
2
434
52
693
10
749
11
1
998
441
40
5
419
5
1
59
32
3
427
124
41
67
4
370
2
113
2
2
492
14
170
17
404
1
11
29
839
372
12
2
1
28
332
650
2
23
2
22
464
38
480
17
9
1
8
2
491
184
40
118
60
5
411
2
7
5
214
124
487
15
427
4
34
2
251
1
2
1
60
230
17
90
110
9
6
1
47
21
171
95
6
147
310
2
7
303
4
269
679
346
2
756
5
539
118
1
7
24
1
60
508
627
10
277
3
6
3
42
55
4
13
52
1
157
17
8
1
34
172
457
154
45
52
17
3
4
24
522
93
139
232
75
11
1
31
25
933
50
2
1
169
1
12
1
319
339
2
2
14
57
197
81
8
5
188
119
4
12
24
36
5
4
19
866
32
552
62
2
3
6
14
970
6
51
31
715
85
67
9
248
164
11
70
68
220
14
38
2
8
1
1
2
24
3
58
488
3
187
752
101
191
934
2
1
36
5
15
1
81
93
869
22
96
11
47
4
7
311
523
484
2
47
2
105
54
27
63
1
1
4
105
3
816
2
334
18
1
47
58
101
55
53
159
73
276
3
1
4
225
50
6
2
537
53
462
680
26
9
77
237
186
703
1
407
95
820
1
35
1
20
12
24
128
7
105
914
5
2
7
203
2
698
439
357
40
3
11
3
4
7
13
162
9
693
359
19
4
3
1
106
700
24
5
1
21
1
85
11
1
17
7
19
1
332
24
1
6
243
39
2
421
91
80
6
12
106
99
2
341
524
16
490
15
61
55
1
409
14
49
10
5
4
2
17
2
8
172
5
214
1000
2
115
19
444
13
10
4
1
3
1
651
97
165
3
159
1
5
195
13
68
1
571
3
104
38
103
59
1
11
1
4
317
4
1
10
4
87
55
31
5
39
7
98
1
1
80
79
389
49
3
111
2
8
1
115
55
121
10
177
4
21
2
21
1
345
58
3
94
33
57
1
65
4
1
2
1
43
4
7
1
139
1
11
260
603
6
245
1
551
401
432
71
1
92
20
20
2
63
307
70
22
147
114
7
6
74
83
4
65
381
15
106
28
125
78
102
73
7
222
2
1
52
907
1
56
5
1
24
21
974
91
122
2
5
1
177
5
426
1
13
1
4
173
1
14
1
90
629
1
40
12
4
8
65
69
912
956
4
24
17
340
295
2
4
2
58
8
49
2
223
19
4
48
44
36
3
809
293
961
618
52
55
877
465
4
19
1
15
426
372
973
1
1
8
16
1
41
85
123
3
2
410
172
125
673
5
146
42
32
41
607
429
2
12
45
2
3
3
3
3
906
14
3
3
2
271
116
390
127
190
46
6
459
9
13
2
55
12
135
1
697
55
1
287
354
1
4
2
66
42
66
17
4
1
379
31
291
1
3
355
723
293
3
11
1
4
483
1
541
1
39
38
4
3
1
5
12
130
220
92
1
37
176
37
5
1
28
44
35
106
206
128
5
48
223
12
289
10
138
18
68
66
210
184
451
20
4
153
1
5
35
6
41
226
37
387
7
262
2
3
7
7
38
152
34
259
1
36
100
71
6
32
128
12
17
163
165
35
1
35
34
113
408
2
1
358
3
39
18
23
14
9
59
64
2
39
180
3
20
2
637
7
2
662
18
3
4
313
12
20
1
120
9
162
4
182
53
928
2
31
71
13
1
57
9
9
17
38
4
227
211
298
46
40
7
150
836
647
188
24
9
10
35
695
319
7
1
297
126
20
12
3
467
1
120
102
254
838
7
88
1
118
4
9
3
315
1
24
4
1
196
2
1
1
93
9
303
628
321
23
47
25
32
2
159
275
3
9
6
815
15
7
9
170
131
4
237
6
7
17
242
10
1
139
993
6
116
1
1
24
1
9
1
1
121
426
29
9
2
6
473
829
1
173
134
80
7
16
1
6
65
23
1
5
22
48
589
18
2
74
57
1
2
643
974
854
3
817
7
6
3
22
459
4
17
17
109
19
193
3
446
515
1
10
1
5
7
134
6
55
31
60
76
637
1
350
496
1
21
365
13
148
524
115
4
43
4
974
19
23
194
1
2
303
101
10
66
47
4
6
1
207
4
5
325
7
7
1
21
39
446
295
6
34
34
1
1
4
24
114
549
676
4
26
132
435
16
146
5
7
532
660
1
654
2
147
45
8
925
4
28
3
3
9
77
22
428
181
356
4
1
12
94
66
73
443
56
2
98
461
11
15
2
3
141
40
3
9
646
1
503
3
197
1
10
338
1
262
453
222
1
15
26
3
18
242
88
1
1
5
15
4
3
1
25
1
109
534
1
7
135
51
1
20
58
324
300
16
6
6
56
24
126
1
23
23
604
4
1
2
50
610
2
84
982
7
3
13
617
4
24
34
62
419
577
13
64
172
1
997
83
332
157
53
1
2
450
535
11
1
321
30
98
744
5
47
37
476
1
12
3
468
726
12
3
13
16
1
3
3
89
17
6
108
2
1
2
1
537
29
1
268
716
463
1
3
134
3
467
968
575
308
8
16
832
5
377
66
11
2
32
180
1
311
37
10
3
1
365
5
69
1
354
3
26
101
6
1
1
4
132
926
1
65
59
2
67
2
1
189
925
235
72
2
41
696
68
133
23
1
3
25
21
31
508
25
4
400
26
7
6
6
108
2
276
1
42
56
1
1
349
34
36
1
2
18
674
6
71
866
845
2
120
976
1
26
223
286
3
342
5
184
618
1
887
396
16
27
1
610
1
2
209
4
81
1
65
752
1
22
52
1
125
5
6
202
2
4
6
16
1
13
20
2
456
16
3
64
2
885
308
5
38
2
41
3
15
3
8
108
24
1
1
2
2
22
633
8
756
36
3
93
702
20
2
101
31
9
355
5
85
38
182
45
3
7
45
49
138
23
209
1
16
6
5
3
400
10
1
25
3
1
1
12
1
9
149
64
2
141
32
10
1
6
10
42
39
7
38
33
3
160
131
1
964
11
61
39
1
11
1
14
1
65
264
45
56
27
3
50
5
3
38
25
433
61
360
1
5
1
2
3
37
1
242
18
6
3
19
2
72
19
124
45
164
49
548
30
91
202
17
594
17
20
853
33
10
18
3
18
1
3
9
4
54
30
11
674
35
1
141
519
1
7
549
276
1
2
211
2
18
3
26
399
10
3
274
178
1
1
621
115
1
29
5
26
1
1
228
3
32
941
75
431
15
1
135
8
964
198
7
20
88
7
337
45
339
3
2
67
4
14
460
158
4
11
2
18
237
94
13
340
26
2
333
333
13
861
10
77
1
5
21
118
13
7
305
25
8
2
1
43
914
30
436
1
1
19
9
24
312
56
2
112
1
2
104
5
6
194
17
100
1
1
189
701
3
2
36
47
94
40
102
1
54
1
3
689
13
69
4
473
11
474
8
493
1
2
44
7
23
330
599
32
11
2
28
956
8
8
100
52
8
4
40
24
489
8
6
1
1
7
287
5
3
764
93
193
18
55
1
4
50
3
221
64
39
184
9
17
3
2
798
339
6
5
4
17
304
1
210
1
25
177
1
1
191
15
98
12
2
18
637
141
685
453
39
641
65
4
17
10
138
64
5
1
1
162
326
9
3
3
4
744
5
4
47
37
21
27
42
43
14
15
28
34
48
39
35
121
29
245
1
441
16
42
30
6
1
23
221
13
52
100
2
16
428
212
24
4
5
605
3
3
23
1
7
598
6
651
71
1
1
9
849
104
10
22
118
3
8
1
19
196
652
117
194
3
18
5
36
133
70
5
200
248
586
17
158
70
3
2
7
26
47
1
468
69
1
48
5
292
12
116
1
1
88
212
1
7
2
2
15
2
72
3
16
644
538
8
614
20
233
10
31
1
25
26
1
2
46
1
1
184
61
16
541
3
486
44
1
5
3
101
126
320
1
77
2
1
789
3
1
7
6
11
62
397
4
157
2
4
879
3
43
5
1
15
119
771
52
3
26
124
154
800
95
257
5
451
1
135
2
19
51
16
1
177
79
6
20
179
6
225
6
3
5
16
6
2
45
120
1
1
5
27
4
106
2
11
324
7
81
37
526
4
281
197
7
2
4
2
176
664
65
749
26
1
5
10
234
7
1
6
464
3
85
203
200
3
613
424
444
35
38
1
6
195
28
4
38
22
394
5
11
5
1
1
3
15
18
115
37
88
110
7
359
256
5
367
1
10
68
7
2
757
1
2
1
3
151
289
5
22
6
108
23
15
6
15
438
4
145
452
348
29
975
1
97
44
558
191
374
1
110
1
1
431
638
11
265
31
146
37
1
6
71
26
138
154
3
2
44
60
1
899
2
7
1
7
4
3
88
28
36
5
45
307
6
52
947
5
11
355
2
1
383
901
506
14
31
400
11
1
7
500
230
2
8
686
22
43
178
202
38
693
1
25
4
21
711
283
5
4
837
8
3
90
5
1
29
935
23
848
69
2
378
1
4
1
63
725
208
261
41
1
1
71
647
20
24
81
88
4
77
13
3
2
2
1
1
6
32
2
100
27
34
800
3
134
12
582
541
575
47
4
4
1
25
10
41
1
13
1
2
331
7
649
2
50
55
8
128
48
23
232
14
7
149
10
8
2
57
148
17
125
8
135
3
6
2
317
36
346
104
1
78
5
1
413
16
5
1
58
40
898
5
15
1
4
2
4
896
10
1
2
8
527
1
3
69
37
18
421
72
4
453
346
240
160
747
38
36
416
133
4
10
3
1
42
266
29
1
204
2
17
6
199
412
10
2
203
164
1
1
52
150
10
1
103
218
3
60
278
9
10
496
324
1
25
111
17
467
38
14
42
17
6
623
176
3
73
1
36
519
10
605
1
525
134
71
333
454
233
113
149
266
8
2
2
5
12
30
2
94
636
30
1
730
208
3
417
1
17
777
14
74
610
34
10
279
107
606
506
764
513
7
67
680
174
59
79
1
174
72
21
10
22
14
1
581
1
3
14
928
22
2
924
4
433
1
5
2
2
34
1
1
5
207
11
1
421
6
476
1
7
12
307
46
29
333
99
7
2
3
937
473
3
252
1
123
12
75
22
83
3
2
9
1
113
481
5
367
10
3
12
358
125
3
12
491
10
2
4
52
1
478
62
2
17
62
416
664
3
1
13
27
3
2
3
8
2
956
26
523
1
100
1
2
86
12
10
2
21
7
1
1
1
242
58
20
138
160
2
201
2
1
1
881
86
96
5
1
19
655
27
665
3
5
22
2
318
7
37
13
321
30
82
2
1
223
4
424
151
64
8
14
1
179
6
179
871
1
465
4
266
55
996
641
343
747
81
3
29
41
55
2
792
1
5
1
61
18
73
1
113
9
49
550
5
553
1
37
655
52
40
2
4
10
696
5
76
21
1
133
17
2
333
2
32
58
123
45
575
27
877
887
1
251
1
2
6
160
104
250
36
108
41
411
309
195
2
201
9
147
28
184
8
1
14
1
132
237
107
210
13
756
503
850
46
1
12
7
7
4
227
34
1
5
170
272
6
152
251
1
269
3
55
1
1
802
482
19
9
274
65
1
669
4
4
802
147
61
5
15
493
374
6
33
3
3
679
2
636
2
71
45
65
1
3
2
44
9
31
110
355
10
11
13
423
14
231
767
1
16
29
1
80
43
589
354
1
29
108
3
229
9
184
1
254
1
20
1
133
167
1
53
8
2
733
323
9
68
1
346
3
5
6
8
99
5
887
16
1
109
9
6
57
1
9
48
60
259
37
200
29
212
1
2
894
7
72
419
16
1
305
649
5
190
58
1
2
190
372
13
391
5
3
326
3
28
5
1
1
107
502
328
1
10
718
2
243
930
3
47
220
1
183
12
5
2
390
1
196
44
22
20
258
572
134
43
296
3
24
1
193
11
40
8
86
77
2
3
5
342
49
2
124
946
57
1
10
639
1
1
1
127
45
3
32
133
45
468
96
6
493
88
479
3
17
16
2
139
164
62
6
1
4
17
199
327
1
344
142
209
10
106
10
37
657
253
3
189
90
379
68
50
1
2
23
1
94
1
807
423
536
9
10
4
10
6
7
7
2
15
32
97
39
895
611
2
169
3
478
414
85
148
1
202
98
1
481
8
39
109
60
48
1
91
740
27
17
74
19
2
41
489
27
40
1
490
1
1
684
2
526
1
90
768
115
2
3
179
2
21
567
8
25
210
7
7
227
77
6
537
6
69
2
2
1
184
209
1
108
606
4
5
91
200
19
1
707
281
2
45
6
1
475
355
48
689
4
4
322
11
8
829
119
7
7
2
475
12
90
7
21
35
232
89
3
1
11
78
34
5
1
260
1
439
1
565
23
1
9
18
494
1
118
14
2
396
1
17
25
6
31
1
166
647
339
1
55
29
14
4
36
1
2
300
7
466
137
192
583
15
3
164
8
76
211
89
207
554
67
741
543
46
118
2
1
4
10
27
7
301
113
561
4
905
12
185
1
11
45
1
3
2
79
41
614
301
12
224
1
3
2
92
2
238
182
2
22
2
1
9
2
3
483
398
1
1
87
1
4
2
32
1
5
678
299
12
504
478
19
1
3
49
784
77
1
2
201
239
6
304
98
870
7
7
39
1
832
19
146
2
157
352
4
7
631
81
38
2
4
24
813
8
297
11
1
6
104
1
37
133
47
298
50
55
1
597
942
1
369
78
346
24
1
22
4
4
260
8
16
142
6
20
39
1
2
1
1
11
7
703
3
33
128
3
3
205
252
115
477
49
3
615
41
423
197
1
14
86
1
1
2
2
25
335
304
16
41
201
73
4
34
560
73
5
222
1
66
1
1
134
30
189
397
1
12
17
89
133
4
142
17
2
4
2
65
20
611
1
93
40
37
270
2
3
31
38
1
5
393
445
243
2
26
274
49
5
343
272
250
256
58
9
9
44
39
1
109
1
3
544
943
135
102
157
102
698
206
1
211
3
2
25
1
7
7
701
337
161
87
379
100
616
2
10
528
231
33
2
2
101
12
15
80
479
24
226
34
24
26
43
3
24
10
6
730
2
25
5
1
741
5
84
19
13
19
9
417
1
8
6
240
2
1
1000
2
17
274
34
190
856
1
25
2
34
1
423
123
1
45
26
25
116
40
1
12
56
6
480
4
1
3
288
299
508
179
4
134
576
1
446
2
36
45
1
991
141
12
6
92
170
52
459
11
2
2
2
93
11
1
9
70
133
30
1
42
3
4
1
47
471
192
4
162
5
26
1
4
3
1
82
13
1
34
3
6
35
105
38
950
4
1
35
1
9
370
163
1
26
5
651
2
8
120
228
68
26
74
267
2
385
6
5
8
3
41
86
55
1
55
17
2
46
9
6
11
2
1
239
62
3
5
1
997
16
5
636
2
1
577
176
782
40
7
1
2
59
1
1
162
86
27
1
280
712
597
2
1
43
1
46
130
5
281
1
4
38
4
801
374
4
131
1
3
1
5
6
1
4
1
26
1
9
622
28
82
369
7
192
110
1
35
85
74
8
71
2
437
3
1
4
294
210
8
1
1
1
706
188
18
4
1
12
93
42
18
85
1
3
167
582
2
16
220
25
3
157
1
94
3
1
173
1
135
92
17
1
1
462
252
1
1
9
50
2
314
16
103
2
1
36
4
246
315
3
2
395
845
239
64
30
2
9
272
1
34
10
18
19
47
867
163
6
3
24
1
3
9
8
42
3
320
18
509
242
468
22
1
618
1
494
1
1
83
451
16
13
1
593
162
1
6
258
3
3
70
4
978
233
1
10
1
736
3
185
17
1
5
249
107
52
11
5
50
3
3
21
1
637
126
12
1
10
5
80
11
919
7
9
231
13
424
459
792
167
254
18
311
10
181
18
501
1
2
154
54
5
5
307
11
83
685
94
2
22
16
33
503
34
410
25
83
292
225
2
5
4
4
23
4
1
23
2
1
111
3
311
4
2
78
1
91
278
7
1
157
214
680
141
1
18
63
1
4
773
123
2
909
1
131
26
32
380
405
37
130
1
708
2
12
49
189
20
67
3
231
1
155
1
996
8
28
438
8
99
21
318
3
4
6
2
347
2
8
712
19
14
106
94
6
22
4
3
2
407
53
640
1
678
243
514
347
63
6
10
437
7
18
4
55
608
1
125
3
72
3
1
2
55
509
5
6
258
1
33
296
4
8
166
1
99
1
6
41
32
395
1
21
630
5
35
126
4
1
1
240
12
344
113
1
4
901
465
1
1
21
112
28
2
81
5
39
34
7
167
10
1
14
1
34
1
69
2
120
24
28
11
20
5
1
5
2
774
71
10
1
5
284
7
112
10
57
13
472
301
3
231
5
380
744
148
24
269
15
687
1
502
16
243
3
64
712
4
19
6
2
6
84
4
151
1
10
343
133
84
2
60
1
234
486
8
187
803
51
369
1
626
34
631
5
1
194
1
45
3
1
3
7
277
13
181
454
6
7
1
5
210
332
1
237
62
12
2
51
99
3
717
1
13
17
45
44
4
51
2
2
5
380
40
379
14
339
2
2
1
12
85
19
1
3
428
18
15
2
90
2
2
64
31
2
2
8
11
603
986
1
3
18
59
95
3
1
2
10
24
587
733
618
5
18
25
254
82
1
1
33
69
38
3
1
197
566
4
650
3
152
16
55
130
2
12
25
90
113
387
2
520
59
658
34
209
34
1
5
5
343
23
1
7
123
4
84
5
35
8
7
4
326
1
301
736
11
174
73
137
263
1
680
56
130
270
17
7
3
1
11
1
1
3
348
3
390
151
26
1
6
17
13
1
664
635
35
419
945
6
1
14
133
69
7
3
11
2
1
133
194
214
75
12
65
4
2
50
8
1
170
161
640
5
73
181
4
25
5
6
8
1
4
100
109
18
43
2
448
806
77
14
4
5
243
2
25
2
180
435
9
2
2
18
5
5
455
52
1
66
125
5
786
1
10
12
6
3
31
3
52
6
1
2
404
3
19
220
16
6
283
880
3
328
801
10
345
223
23
1
1
5
805
4
3
5
422
6
171
3
44
28
630
35
407
818
1
8
317
1
1
170
5
37
471
61
9
33
8
1
275
1
628
34
165
5
20
3
568
4
3
31
11
1
1
54
22
3
862
569
4
28
82
10
975
6
307
1
1
6
435
903
17
1
6
481
150
826
18
14
5
29
28
44
334
1
1
5
763
50
3
367
2
53
18
146
53
23
46
13
19
1
1
562
2
7
125
860
29
8
1
11
49
3
120
29
421
41
86
63
682
1
6
2
328
183
149
27
295
14
239
2
579
26
2
2
308
1
280
1
45
21
1
28
33
120
292
20
23
1
447
308
28
3
19
1
193
148
161
4
1
209
1
3
42
386
2
365
1
183
1
106
52
1
21
29
1
37
1
4
4
5
108
132
80
3
239
5
4
581
12
1
197
130
1
1
1
162
1
116
2
399
3
29
176
718
400
671
35
16
103
8
20
4
1
43
31
95
332
133
534
1
6
13
11
1
4
65
53
10
4
35
69
2
710
1
89
3
49
120
171
5
46
1
189
92
10
55
282
38
3
12
8
358
19
13
78
1
95
6
197
36
1
1
4
3
121
3
1
74
1
711
207
46
973
2
238
701
493
4
84
163
4
51
14
167
333
2
49
73
1
732
2
1
398
170
358
190
557
2
37
2
12
55
988
23
1
4
71
95
4
281
75
43
871
17
20
2
14
5
13
717
4
12
660
4
759
48
1
375
10
38
12
2
382
21
2
718
23
6
947
1
192
9
1
3
30
1
12
43
2
296
105
30
1
89
11
378
25
3
3
58
7
1
13
1
32
55
1
5
4
1
889
587
6
56
53
59
977
466
22
1
10
652
39
1
3
58
1
267
1
47
662
24
265
82
1
74
52
18
78
294
7
1
54
1
618
176
263
13
1
314
32
1
1
241
39
1
69
2
373
6
1
4
1
36
54
277
80
563
1
109
25
877
241
426
1
835
444
5
9
3
16
196
868
604
177
11
108
54
99
198
2
1
2
271
12
65
2
1
1
9
95
2
8
6
1
1
28
53
501
447
86
32
305
1
238
429
1
2
18
834
3
141
205
314
5
206
16
22
737
96
27
9
241
102
451
310
368
2
6
5
13
242
15
1
1
255
8
21
1
619
64
45
3
1
26
7
327
46
720
17
262
244
1
608
55
604
75
2
4
6
2
656
4
627
186
1
17
5
3
18
5
116
1
1
1
32
193
554
36
343
2
287
73
189
18
118
1
108
44
5
957
745
2
1
283
114
2
5
2
33
167
193
343
1
742
10
18
1
1
106
164
2
817
394
6
189
5
13
1
10
5
1
18
68
12
142
5
20
86
1
3
776
565
86
2
109
1
4
12
353
4
63
375
253
1
15
100
3
426
1
1
2
293
72
21
213
7
1
1
230
1
1
683
7
388
246
193
62
550
25
18
60
4
411
35
53
88
27
1
66
1
3
3
31
957
3
1
5
448
2
15
1
10
1
1
98
96
871
1
25
57
1
205
39
1
85
2
497
11
6
500
2
103
4
4
40
1
2
2
9
14
60
937
26
1
1
33
2
6
5
8
32
46
3
827
13
460
1
581
9
833
8
74
300
1
131
74
3
2
1
282
62
42
8
626
23
8
1
34
12
442
1
2
13
4
20
122
29
1
110
186
3
1
1
2
70
7
1
12
260
954
7
450
3
55
6
335
2
10
22
12
30
1
501
323
341
97
18
40
212
376
83
305
29
3
27
11
216
609
3
1
168
1
5
246
1
17
4
14
351
2
4
325
183
22
129
7
1
159
10
32
129
41
34
37
4
51
965
110
523
264
411
1
573
418
955
65
7
4
236
5
79
400
60
5
92
29
4
203
351
11
16
119
5
976
3
84
11
2
8
3
118
317
36
1
2
10
1
155
307
6
2
36
8
47
23
264
55
4
41
1
1
17
546
52
3
12
106
123
6
9
704
19
7
446
723
2
152
14
1
3
2
723
2
952
45
2
4
260
47
129
13
1
44
105
1
29
1
882
14
32
5
1
9
799
32
5
1
30
11
65
13
58
214
52
27
885
993
1
401
30
27
14
19
114
19
24
1
707
107
36
33
26
25
921
1
2
10
45
9
38
1
782
85
17
74
289
51
87
1
73
7
115
9
269
86
6
2
125
6
13
589
2
2
26
2
89
95
1
17
2
117
226
9
649
3
10
1
4
2
32
2
30
2
77
304
1
17
57
24
54
5
4
22
129
1
96
74
27
8
1
34
13
3
687
29
158
1
305
6
5
14
267
3
70
2
281
2
307
890
197
279
1
5
65
2
167
15
99
570
38
8
1
357
11
14
313
169
990
252
6
212
29
483
4
4
1
68
7
10
2
3
1
939
77
1
169
2
612
99
7
68
2
1
173
968
169
6
2
233
3
22
136
3
2
10
19
253
221
8
879
1
468
205
1
2
27
3
251
200
640
2
9
625
398
10
4
6
4
416
16
161
5
1
164
2
399
30
289
327
9
4
1
69
31
1
130
2
1
29
9
18
27
167
1
2
2
595
78
45
2
2
78
878
459
3
1
648
1
65
1
6
4
3
10
35
13
2
1
516
97
2
87
38
1
3
776
805
1
66
873
1
44
1
501
166
5
143
247
2
217
169
224
102
1
1
18
84
149
10
1
225
111
8
3
80
13
318
515
379
125
3
2
32
617
1
136
940
30
3
78
16
1
219
16
34
1
615
380
609
1
1
6
324
6
2
15
4
98
242
20
13
798
1
63
64
103
1
412
1
135
2
261
6
25
44
1
2
13
11
4
2
149
1
101
10
403
8
82
2
1
178
377
191
802
122
6
19
11
683
35
57
1
2
3
2
21
109
2
61
722
2
76
1
26
2
13
229
1
3
91
80
402
92
634
21
7
3
1
448
350
883
1
2
3
34
19
27
1
7
57
146
55
6
14
28
1
12
2
160
2
37
153
11
4
124
675
1
254
65
1
433
2
6
320
33
38
1
471
2
9
2
10
1
14
439
664
3
998
4
12
26
18
18
602
945
41
2
764
695
533
318
1
76
781
248
175
751
40
57
18
12
1
1
789
1
4
341
815
20
1
2
461
1
77
1
198
71
1
129
2
2
43
958
8
293
352
12
16
40
2
758
14
759
393
1
6
3
76
2
2
1
9
10
2
122
2
2
6
13
110
130
155
20
42
792
106
1
2
355
53
1
1
648
164
14
2
34
1
2
2
108
1
8
227
107
767
269
45
12
178
7
2
21
29
372
153
10
3
8
1
183
28
6
60
6
73
3
3
3
7
1
23
2
153
1
346
5
849
87
4
50
1
4
144
19
383
969
1
1
172
26
1
2
14
6
93
1
6
2
16
1
2
71
3
62
1
23
851
886
6
1
197
167
200
84
54
38
344
927
36
11
211
31
2
700
69
165
3
2
108
1
27
19
66
613
230
17
2
3
1
767
2
9
2
317
11
306
32
42
404
2
3
1
2
5
3
15
9
71
1
37
12
461
226
27
44
105
2
926
62
10
31
4
52
999
377
11
57
23
2
7
280
121
1
5
99
25
1
1
4
67
47
405
145
1
5
42
6
8
9
1
149
53
17
106
28
16
7
313
49
8
179
57
15
5
76
2
2
374
4
50
169
1
12
7
5
186
135
8
1
4
3
1
200
27
1
432
1
697
19
3
46
3
473
2
5
162
151
17
1
126
3
8
381
127
11
16
6
2
979
125
167
96
22
158
58
1
7
79
1
19
1
406
1
21
4
8
928
1
393
273
1
47
3
58
73
2
40
91
2
65
48
4
79
102
52
8
5
98
1
1
462
308
3
4
5
66
344
431
18
3
10
23
865
297
478
280
4
60
553
1
134
14
1
61
2
2
8
19
244
14
451
1
1
2
405
646
134
183
1
36
16
7
469
353
319
682
1
505
210
13
11
17
859
4
2
8
184
3
1
216
2
1
81
2
18
3
18
10
68
1
8
2
6
42
129
716
64
424
1
4
416
143
3
120
114
301
3
44
59
1
3
2
9
12
56
314
19
1
970
25
21
49
6
25
1
25
9
33
1
46
230
11
89
10
13
2
2
5
3
127
1
21
2
5
7
66
7
302
916
5
386
46
475
19
1
171
86
83
3
1
8
13
73
382
7
94
2
10
411
2
816
37
1
25
524
105
1
800
46
522
1
2
10
139
16
10
1
71
1
15
15
45
1
87
4
3
63
5
5
413
339
641
9
60
2
13
87
2
154
9
3
44
1
15
2
2
7
1
9
1
3
1
118
1
652
7
10
1
1
12
381
5
339
2
453
28
1
428
803
1
1
24
3
1
1
219
1
40
27
8
549
123
22
512
79
3
19
24
7
4
383
1
2
54
12
1
510
1
45
9
12
152
939
50
204
45
1
1
30
2
1
8
9
1
121
4
1
1
4
10
68
95
22
2
282
5
213
44
212
13
101
6
3
19
14
3
153
821
1
95
60
1
310
15
4
15
506
2
2
239
66
8
108
118
5
6
1
13
212
402
2
535
18
215
1
1
39
510
76
8
1
678
40
112
28
16
25
237
808
790
2
683
595
22
1
1
331
15
508
12
3
2
158
322
141
8
306
542
1
5
1
8
185
9
84
30
55
345
1
1
1
688
307
4
16
225
112
35
38
1
513
11
1
44
4
6
2
4
2
109
289
19
24
821
11
7
66
3
131
141
277
2
1
5
3
3
36
5
66
47
320
6
60
1
3
8
417
1
64
2
1
592
1
11
175
352
85
2
1
2
82
4
969
291
20
16
5
31
551
8
819
519
88
2
1
45
10
69
23
271
11
915
30
32
156
4
3
1
6
83
2
1
7
156
1
2
5
207
21
1
5
5
1
755
97
303
163
1
13
1
1
226
2
441
264
8
62
124
47
22
1
82
15
37
230
609
266
346
73
262
3
25
20
7
3
1
8
1
9
1
2
11
23
8
6
60
1
363
1
2
61
3
5
1
19
3
41
67
19
24
4
6
98
27
115
3
7
100
17
2
66
87
5
52
27
1
43
2
2
1
6
21
1
1
24
641
11
9
19
276
3
3
190
3
2
7
28
445
7
887
438
2
1
4
14
4
22
1
86
208
61
29
4
14
96
87
9
10
12
1
370
6
40
4
4
1
15
3
34
3
11
3
100
90
35
4
5
724
9
307
4
2
50
297
1
3
131
108
2
283
23
924
1
239
1
1
7
670
156
3
36
5
342
23
10
4
626
11
998
44
9
11
1
1
12
24
100
272
4
478
1
950
5
216
2
10
409
492
798
122
69
887
139
2
2
418
2
16
889
2
10
11
51
2
61
30
15
3
2
1
490
549
6
1
92
698
53
129
48
107
510
9
207
614
72
33
416
97
460
1
29
10
46
40
268
5
27
1
707
1
211
96
2
168
1
7
35
257
93
83
76
3
15
752
75
1
413
13
3
3
2
26
7
833
2
28
365
3
57
31
887
80
274
2
2
24
397
60
9
133
84
8
50
997
95
1
126
232
4
12
36
305
191
42
14
353
18
3
1
54
2
487
9
22
81
1
403
1
92
60
9
483
154
1
15
293
259
2
4
51
2
541
1
1
1
2
54
231
103
1
230
1
347
32
48
549
4
31
7
88
433
221
4
77
346
5
11
1
2
3
647
325
15
7
2
69
3
3
3
8
20
1
3
149
1
106
1
50
89
412
36
886
428
18
16
311
107
595
2
107
167
125
3
31
219
1
1
198
56
3
181
65
1
55
6
35
934
2
7
316
21
92
63
147
1
217
1
5
2
227
19
940
35
29
15
302
249
177
21
24
7
1
135
1
15
842
2
1
200
224
558
2
9
270
2
1
15
80
1
6
225
200
265
15
323
2
23
185
247
5
737
1
76
293
2
10
35
20
2
3
6
86
2
69
23
177
2
105
363
6
51
331
167
1
1
5
2
18
1
76
26
333
347
66
80
1
275
6
359
8
19
3
151
34
328
8
150
243
22
6
2
226
3
10
22
1
24
1
203
225
1
8
1
46
1
41
3
263
954
738
430
5
758
17
638
589
4
1
105
840
2
1
137
1
2
2
5
655
8
3
395
56
125
5
47
10
34
8
1
77
1
36
9
1
9
245
14
68
499
68
100
16
1
4
3
104
339
2
5
3
6
3
6
3
227
2
158
12
1
82
198
18
630
35
581
2
744
317
90
1
820
338
235
176
486
100
13
4
59
236
578
9
1
1
2
3
1
1
170
14
5
23
1
2
27
188
347
16
6
30
86
2
191
2
1
7
2
7
3
13
4
12
25
65
48
223
1
4
49
71
26
44
83
669
164
6
17
1
28
2
5
1
13
78
76
6
8
452
787
10
13
594
20
8
3
16
57
136
3
46
127
8
96
70
17
15
1
198
11
2
412
2
1
7
1
6
3
823
219
8
131
165
12
4
29
9
83
2
1
12
8
5
5
1
104
5
9
10
2
1
5
19
13
2
677
496
77
396
44
18
18
171
21
4
382
3
1
4
110
108
39
53
1
234
317
2
59
4
170
1
13
43
345
6
2
2
251
5
11
28
37
7
2
283
205
127
3
836
125
18
14
168
1
903
4
1
2
48
88
4
310
3
1
98
26
6
13
42
543
6
1
5
26
5
843
11
84
280
57
22
1
20
123
311
17
1
3
1
1
84
2
1
96
13
162
99
541
2
8
51
3
11
11
14
5
14
19
110
217
57
685
163
782
6
722
7
192
416
3
90
21
1
22
121
64
5
3
10
15
8
2
1
3
136
42
48
6
69
143
1
81
12
239
2
1
20
70
17
67
1
1
476
7
11
19
728
46
985
1
31
206
58
4
334
60
1
772
135
6
1
120
83
71
6
1
16
958
266
91
39
4
914
11
15
4
15
2
41
688
703
22
17
239
27
14
1
170
2
26
892
442
335
1
11
238
3
4
119
150
56
1
75
29
110
22
291
32
1
1
1
21
93
912
5
3
437
6
2
735
13
1
56
33
2
34
3
1
247
1
102
56
813
1
726
56
296
27
42
207
4
5
39
725
6
951
32
15
19
230
284
187
1
3
2
1
572
2
169
494
1
2
7
3
12
2
140
2
129
419
23
40
41
2
710
3
1
11
1
5
216
937
4
19
5
4
1
44
11
17
39
7
2
115
4
116
913
7
51
3
49
4
164
24
171
33
9
8
362
60
36
316
426
1
48
2
786
668
4
39
1
34
285
335
1
14
488
48
5
28
1
6
7
9
35
3
587
2
2
2
458
351
75
281
136
233
125
25
105
1
684
118
4
1
455
209
59
3
135
26
1
24
1
94
219
1
99
22
2
1
49
2
148
2
9
148
15
97
3
3
1
3
6
347
482
64
20
19
25
2
115
364
3
499
1
30
2
21
13
50
10
307
51
17
2
90
393
11
48
545
5
16
795
294
332
1
4
468
3
183
47
585
162
385
11
953
2
4
213
11
457
1
45
2
8
765
757
370
9
2
902
198
1
2
49
5
272
2
26
40
3
83
60
139
54
714
2
27
910
570
10
300
7
95
39
6
395
14
26
14
15
41
14
219
40
20
42
25
44
109
242
419
43
304
14
35
56
1
8
12
43
706
21
1
413
27
115
2
1
864
3
94
4
363
312
188
2
45
5
7
4
123
205
363
1
32
12
128
8
44
155
3
51
1
11
1
51
71
29
18
44
279
2
115
331
150
7
41
7
28
1
5
33
15
342
929
48
1
501
21
195
30
7
2
1
2
569
2
6
7
778
93
21
32
128
2
411
954
18
3
25
641
39
1
242
430
3
62
4
70
327
939
3
821
514
1
28
187
256
8
117
926
16
39
111
2
134
347
292
38
51
5
4
19
1
1
12
5
3
4
2
263
126
1
1
4
1
154
9
408
66
385
747
28
1
2
15
26
23
53
1
81
2
1
397
3
2
64
201
96
32
14
149
12
878
37
896
3
27
191
268
1
170
199
5
64
654
3
437
2
1
15
71
13
94
8
843
3
46
109
1
1
411
6
173
2
1
48
4
153
5
52
102
139
13
102
1
1
1
31
122
274
531
235
10
11
16
3
158
40
16
1
1
5
87
191
223
289
24
12
1
113
923
238
643
26
7
1
10
1
218
197
371
5
1
3
2
2
3
269
9
1
36
14
10
1
11
169
114
14
248
14
36
114
282
61
18
65
19
47
5
956
73
1
55
144
24
48
3
83
12
3
123
55
1
6
492
7
1
63
1
4
1
247
623
52
381
157
249
142
9
1
1
82
157
44
10
2
106
10
191
40
473
82
1
392
104
6
8
23
3
59
1
17
181
2
320
191
684
1
2
749
120
5
2
1
3
2
3
45
5
16
201
5
13
76
963
11
201
18
3
182
2
27
1
269
29
15
97
3
1
4
34
967
17
14
26
98
8
4
2
31
601
71
10
31
2
4
19
171
402
18
10
4
1
26
70
2
212
43
252
70
37
1
22
315
603
5
182
4
1
567
268
1
45
70
21
2
125
10
66
225
2
12
44
258
248
333
1
186
116
11
6
11
468
2
247
54
638
905
359
8
10
9
36
7
5
12
138
2
28
4
798
4
189
2
511
113
1
17
31
33
161
35
1
21
261
30
40
140
3
10
1
250
23
106
533
8
1
36
2
5
35
390
15
386
53
24
1
1
228
9
1
6
1
700
55
10
8
2
587
6
420
22
20
487
7
1
565
2
46
5
182
6
377
1
254
26
10
265
42
1
30
15
870
10
92
2
87
1
2
139
3
256
1
869
408
513
10
223
19
21
12
329
7
20
28
282
513
30
11
12
2
3
21
316
8
395
307
31
5
4
50
326
36
537
748
40
26
6
106
310
280
17
13
157
35
2
11
131
17
1
402
23
116
2
305
3
8
2
489
30
5
40
77
22
346
76
51
1
3
182
7
58
8
90
193
224
60
1
1
2
19
1
6
1
8
1
166
36
26
5
42
35
101
398
1
1
659
2
1
11
12
191
891
1
8
502
2
4
815
391
4
1
56
60
403
75
186
35
411
1
112
2
623
10
6
31
7
94
1
689
808
1
1
252
2
1
1
1
646
154
377
144
10
60
937
15
1
84
22
99
5
30
162
4
2
108
37
126
33
237
7
42
56
76
1
525
176
649
47
47
38
3
264
950
111
64
17
420
489
5
638
91
1
1
147
307
139
241
1
1
225
294
167
3
1
235
92
1
38
35
57
363
591
3
816
38
1
324
2
35
253
515
1
7
7
16
773
302
577
790
11
12
490
6
582
1
77
92
97
1
1
6
1
77
7
18
1
23
5
16
18
106
1
23
770
73
343
32
358
4
4
152
41
18
40
2
925
3
20
9
53
1
43
1
1
12
1
1
548
9
157
33
1
1
11
84
75
554
117
60
6
9
1
36
1
1
11
2
140
345
3
14
722
19
2
1
1
4
1
1
155
8
8
69
101
2
5
2
38
4
15
8
132
45
78
199
97
74
433
25
36
86
541
2
36
76
123
2
1
2
2
28
2
1
2
4
5
1
4
852
10
6
4
17
63
9
43
26
15
23
2
25
1
100
2
48
164
764
12
41
794
40
44
390
8
441
87
3
147
10
134
15
6
2
9
485
3
141
216
67
385
731
3
3
4
527
1
6
1
51
1
88
118
134
120
80
1
2
1
18
2
57
1
46
168
1
16
3
10
548
159
7
1
5
53
48
22
2
5
4
31
72
113
4
2
18
590
320
6
706
3
153
3
4
562
38
9
1
153
298
617
15
565
8
161
65
9
6
44
3
173
86
143
724
39
1
101
21
1
7
345
434
165
3
2
883
631
5
12
91
1
2
150
7
1
12
3
622
14
4
4
11
26
2
20
20
121
145
73
2
13
39
45
215
23
374
538
74
3
5
298
838
5
331
328
29
23
29
465
2
130
107
2
24
2
9
34
89
961
18
2
11
48
396
16
7
1
2
32
403
4
96
137
53
232
1
2
11
3
13
63
95
3
4
48
4
17
956
22
967
3
21
100
389
3
3
2
1
13
155
30
8
33
336
25
1
603
17
391
179
470
3
3
1
28
189
7
547
5
306
1
2
391
666
17
9
11
1
973
13
49
63
119
11
3
1
411
1
2
109
5
1
5
10
28
1
266
189
1
414
1
13
33
43
10
2
9
1
331
813
15
443
10
2
191
1
257
603
1
426
28
18
36
102
12
76
23
2
37
31
1
2
362
13
1
11
990
13
48
438
4
12
1
206
91
58
46
34
102
418
8
1
1
13
6
158
4
27
204
22
60
1
3
2
2
596
79
1
10
51
2
101
14
15
5
8
1
1
42
21
18
704
2
24
1
3
239
8
6
163
1
393
47
11
1
91
4
6
56
6
80
52
138
7
17
93
8
3
814
155
13
15
195
112
10
540
725
329
91
661
332
264
275
2
3
29
1
10
124
3
2
21
8
183
266
10
4
13
2
3
32
1
11
33
227
7
6
6
24
607
55
21
74
5
36
18
86
19
7
368
15
1
1
124
7
2
26
191
109
14
2
108
61
939
3
269
8
1
130
174
206
1
15
441
13
541
1
358
6
48
4
363
23
170
21
176
41
151
8
1
438
13
19
41
174
570
291
13
13
36
1
41
4
2
39
2
2
5
60
605
35
16
1
1
66
50
1
12
476
144
88
68
5
5
12
396
35
983
3
3
6
143
30
765
477
203
490
46
273
2
250
40
124
1
871
2
239
2
2
2
161
29
15
3
572
5
15
1
30
46
16
102
54
45
2
323
1
83
41
10
323
60
333
51
11
2
359
116
5
4
19
2
1
21
2
126
248
12
19
2
14
2
10
425
37
3
51
2
122
33
105
496
12
933
5
13
7
324
376
288
41
3
2
11
81
156
77
114
6
3
3
2
495
1
2
34
280
473
1
76
24
2
1
22
1
375
244
96
1
2
45
2
87
12
8
5
865
1
216
4
816
10
9
6
340
45
12
1
7
1
1
958
1
28
17
21
1
4
93
135
3
77
21
28
13
5
685
1
56
3
63
11
1
122
10
441
69
15
139
5
812
3
1
21
418
20
33
79
14
947
909
12
50
575
8
3
1
55
29
196
6
54
183
947
90
20
83
8
1
3
113
3
1
217
676
29
197
29
82
6
274
217
5
15
105
54
2
30
2
17
89
45
4
1
25
4
70
3
1
17
123
737
20
7
906
280
11
1
490
26
5
37
1
3
4
162
56
9
14
4
1
21
6
8
148
16
84
576
41
2
9
233
1
13
956
57
1
38
1
24
68
522
560
1
224
40
11
10
57
1
59
5
3
23
596
18
3
20
24
5
9
1
738
7
3
388
1
16
107
16
42
848
1
16
19
159
122
4
18
1
263
456
10
1
538
25
293
1
97
141
1
9
4
83
401
136
122
241
7
147
3
51
12
9
10
6
6
21
259
69
905
53
83
5
12
359
407
16
78
49
42
18
158
403
49
2
340
1
94
639
376
15
2
2
48
516
68
576
50
204
897
27
6
47
14
11
1
181
857
4
6
575
154
1
157
213
45
102
37
438
13
75
1
7
449
543
6
190
10
167
1
730
666
145
60
2
1
435
13
7
112
558
15
94
4
1
7
4
171
2
38
1
37
125
1
1
86
388
82
14
904
18
12
6
2
1
213
28
14
10
196
12
296
289
263
190
2
1
407
3
150
168
1
31
58
399
539
10
5
2
12
460
1
34
1
2
34
1
5
55
3
27
1
11
243
73
6
135
8
3
622
8
1
7
39
14
355
553
75
442
78
31
26
463
45
7
21
3
38
183
2
1
36
2
321
693
2
330
15
13
451
5
27
6
1
187
473
23
66
95
615
26
5
32
623
2
2
9
4
934
41
31
1
1
180
13
15
18
373
10
44
136
41
26
71
261
253
17
90
1
46
4
2
5
238
890
30
7
4
244
498
1
32
30
28
18
38
235
286
34
4
100
34
5
36
12
29
36
605
1
1
39
326
1
14
45
14
779
1
2
93
44
5
101
5
14
9
697
2
7
191
291
64
16
137
104
1
28
10
30
1
96
206
258
578
466
1
1
45
657
1
421
2
948
1
83
1
386
10
618
4
597
6
12
83
138
2
985
611
199
3
1
535
669
28
148
1
26
1
13
632
27
73
2
544
4
79
21
19
55
1
3
367
59
4
459
100
107
29
7
1
17
57
289
423
3
36
2
1
81
19
7
1
2
21
189
46
12
1
631
1
110
5
138
8
167
597
12
3
1
12
5
975
124
1
221
1
427
278
3
19
125
12
529
74
1
393
6
4
25
1
230
5
655
29
59
474
131
2
39
6
35
6
39
1
481
48
358
1
339
116
141
11
84
207
628
3
25
3
7
301
62
1
3
1
677
3
8
31
11
958
83
251
145
55
289
7
11
1
600
632
20
810
58
48
44
4
305
314
29
462
27
764
1
211
6
721
6
105
2
41
2
2
2
3
919
60
82
56
64
23
245
2
985
373
62
89
3
553
2
2
157
811
2
35
67
373
85
83
6
224
14
646
315
43
750
1
3
49
5
1
1
4
52
3
5
695
175
481
185
138
131
189
4
167
109
350
22
3
21
4
44
22
13
65
72
188
2
245
154
373
183
33
800
386
23
18
12
62
455
38
7
38
152
112
19
9
9
65
1
158
230
3
3
321
5
69
93
12
7
1
16
18
1
16
236
6
121
25
2
101
4
32
18
2
43
341
1
1
22
1
25
154
986
257
6
1
175
3
77
2
6
284
143
2
1
2
595
79
1
9
111
31
5
1
449
10
388
3
12
215
21
2
13
5
1
1
648
55
231
5
50
2
815
32
3
2
4
2
37
43
84
49
4
287
238
105
71
24
1
321
5
3
177
363
6
40
3
13
23
3
683
221
142
875
2
3
243
19
11
20
56
9
21
3
2
29
2
35
20
36
8
41
57
2
4
337
162
11
779
8
1
54
100
45
13
23
117
29
97
78
5
6
21
586
26
1
1
37
3
937
479
4
269
2
1
8
3
2
6
705
7
733
32
152
540
58
280
39
206
10
3
12
151
274
47
25
59
3
80
1
405
9
106
221
651
13
140
41
2
20
24
85
187
683
115
44
188
42
723
3
44
16
3
974
885
77
2
11
14
1
17
2
1
5
15
34
132
1
1
14
5
36
18
2
206
3
48
13
37
10
3
2
1
212
225
61
8
8
230
811
89
143
3
245
15
128
116
213
2
9
2
13
11
1
40
39
39
95
128
24
52
178
26
9
3
72
139
1
598
6
19
19
290
3
25
10
217
771
1
2
3
102
2
10
38
313
1
4
26
1
32
666
40
22
412
20
97
252
182
303
202
30
9
240
22
9
2
34
2
21
1
1
126
668
231
408
611
494
2
11
373
158
1
217
26
5
583
471
9
24
1
35
13
910
1
44
4
238
5
2
1
280
2
2
286
20
1
445
391
92
270
105
1
1
39
13
31
2
32
1
77
2
322
87
21
63
1
51
1
15
4
4
93
90
89
722
16
975
121
886
721
11
256
25
49
14
151
69
3
7
196
344
1
70
4
622
26
941
8
4
4
10
650
882
137
2
6
8
15
414
1
6
679
60
25
14
84
262
2
3
1
945
17
1
1
12
1
9
39
792
543
9
39
133
2
1
4
49
3
94
1
243
15
4
230
95
1
9
4
1
1
1
93
1
112
5
42
1
20
317
42
2
436
76
34
5
1
320
414
1
1
21
8
1
3
1
45
4
55
2
2
22
895
9
3
16
721
9
7
517
1
233
14
24
18
1
26
54
1
62
119
7
1
6
62
17
2
398
254
31
2
1
38
10
822
86
1
28
39
317
15
11
333
8
2
486
371
24
3
7
582
169
17
1
351
26
166
30
457
27
2
5
7
160
15
571
320
3
62
17
25
3
62
1
74
58
235
214
397
2
115
2
30
1
4
1
75
4
3
37
109
1
88
3
2
5
4
1
120
311
38
71
1
872
119
339
49
131
28
77
13
190
7
21
3
683
3
11
10
26
306
25
78
6
99
7
16
29
2
6
456
149
48
5
3
44
868
80
58
2
4
786
13
321
94
5
50
101
141
26
282
6
460
30
216
220
104
48
1
56
19
1
4
277
1
8
5
3
1
37
153
98
2
4
3
62
642
1
335
202
2
951
433
66
5
1
17
7
524
681
1
48
47
869
859
93
6
8
1
520
21
4
40
14
10
1
2
31
2
21
54
23
890
22
180
3
18
3
1
2
391
1
648
6
2
3
1
6
13
2
844
145
31
8
396
3
6
374
169
13
7
13
26
4
82
1
2
223
237
80
924
1
442
59
2
1000
1
121
46
4
85
278
953
145
706
25
626
34
740
26
71
3
3
522
78
287
5
63
7
2
20
11
143
10
126
32
12
5
208
67
1
6
12
1
4
7
11
3
1
1
25
388
3
23
1
1
5
3
178
28
1
69
104
5
788
11
49
65
1
1
191
1
1
483
3
15
19
190
313
440
26
1
19
379
466
40
17
79
1
25
3
33
56
328
4
1
41
1
251
1
2
21
4
1
99
2
144
4
1
169
285
304
326
508
326
2
574
8
3
8
439
16
57
24
92
188
407
616
45
273
502
854
7
20
50
2
73
14
2
31
112
59
1
12
15
1
729
2
2
485
2
895
16
975
22
1
22
117
1
76
838
334
10
97
58
1
1
88
23
2
53
1
1
74
179
12
9
484
282
1
1
42
48
161
1
33
43
6
718
736
65
35
3
4
3
12
2
458
2
2
3
2
7
32
154
13
736
34
69
1
3
87
15
196
2
100
1
3
1
58
4
2
34
2
51
3
16
1
569
817
65
755
294
1
75
2
10
78
1
4
2
1
111
144
55
235
331
247
1
76
92
187
20
4
6
80
709
60
191
318
198
2
35
533
44
96
1
12
2
2
1
927
157
452
405
2
395
1
46
3
7
101
234
8
875
1
5
203
517
538
25
2
579
1
2
22
13
2
112
1
78
18
14
302
4
41
1
297
104
1
3
20
190
10
741
14
481
262
91
3
2
664
8
2
117
1
77
41
3
819
454
15
3
4
93
31
7
5
7
10
33
14
193
2
3
451
580
2
9
3
6
17
4
33
599
3
20
991
210
9
24
2
172
2
2
45
1
733
14
97
22
636
11
4
2
7
1
10
21
159
19
8
1
2
11
3
24
1
237
4
19
3
257
25
2
128
1
138
18
1
41
4
891
283
549
63
279
5
45
2
197
1
193
455
5
1
3
1
34
41
73
68
1
485
61
1
610
15
65
29
470
12
21
3
3
310
1
13
5
670
2
15
993
504
8
2
2
5
155
1
1
4
182
54
1
435
94
1
1
45
8
244
814
4
1
1
94
5
125
1
2
32
17
95
89
17
476
913
7
184
70
1
2
13
2
9
1
71
690
13
32
1
18
5
2
2
228
3
3
7
1
2
15
46
6
44
1
4
18
936
559
1
2
8
144
4
187
1
17
20
2
3
194
1
33
7
4
26
45
189
10
901
352
730
32
4
375
93
1
29
623
342
2
249
116
3
2
10
113
319
1
51
56
4
41
8
29
671
40
1
6
3
310
180
2
355
33
2
681
158
561
48
64
1
39
247
1
3
2
988
137
37
508
31
57
302
406
332
92
4
912
75
4
50
55
660
10
5
462
798
489
784
26
9
1
7
7
953
12
300
405
3
36
18
543
2
150
15
2
5
2
179
2
255
49
3
4
26
43
1
124
3
73
333
9
55
2
878
65
1
1
3
184
166
1
8
10
75
67
15
1
165
9
947
26
1
17
322
4
338
364
154
4
197
102
29
54
19
158
257
2
2
109
421
58
7
3
48
127
1
1
876
30
2
451
547
106
1
239
1
788
1
6
12
908
223
14
12
947
7
97
42
517
18
929
1
374
1
1
25
10
759
2
2
26
306
561
943
66
130
32
5
131
13
62
330
77
46
625
105
7
433
56
326
285
124
66
11
4
8
64
2
1
661
300
21
93
4
294
574
5
11
151
8
46
1
959
1
28
1
5
6
121
92
1
1
7
1
62
184
264
105
21
487
3
5
5
211
5
1
10
15
80
3
3
2
1
23
34
46
43
4
83
5
777
2
13
31
343
24
19
11
136
498
23
8
85
18
145
1
4
4
3
455
1
99
637
4
243
2
765
1
216
23
43
2
46
79
1
1
232
2
868
44
279
2
14
288
72
73
471
3
2
246
1
14
60
84
8
2
304
6
294
160
577
7
1
488
123
34
40
372
947
17
924
56
97
92
224
267
4
6
2
14
38
794
1
2
444
1
114
14
1
13
301
223
55
3
269
837
16
831
3
604
27
255
2
12
793
8
1
3
2
1
6
1
3
20
2
1
5
520
64
70
1
7
7
118
49
3
1
232
74
113
5
2
2
1
867
420
679
34
266
8
29
193
189
317
30
3
191
85
1
2
11
14
259
40
3
686
152
8
85
3
109
1
232
1
57
1
2
31
6
286
12
12
4
620
19
15
11
1
94
12
354
20
2
9
47
167
72
3
46
8
3
2
282
221
2
51
567
2
117
458
57
193
3
551
180
10
26
50
1
70
41
24
29
58
739
27
51
145
1
28
8
5
29
132
1
1
1
432
4
324
400
92
159
42
860
53
4
44
203
83
12
736
1
2
16
2
9
13
394
108
188
38
315
669
41
1
129
1
152
85
1
537
17
931
39
1
15
27
1
3
1
2
1
120
10
2
6
5
1
101
364
150
135
43
203
1
8
9
502
979
4
25
155
86
741
2
67
227
373
12
756
3
1
22
11
438
26
2
1
13
79
3
9
21
2
10
864
13
17
2
80
596
149
2
72
217
1
2
1
113
20
1
292
213
1
18
9
489
18
52
156
100
27
164
266
51
28
490
119
480
7
440
975
4
3
60
371
184
135
75
10
949
51
36
95
86
347
1
9
1
9
1
8
5
305
45
15
781
1
27
9
5
85
13
4
90
52
80
247
262
1
72
1
2
40
376
60
2
2
326
168
34
23
1
228
25
1
16
1
990
166
65
873
32
1
2
7
13
10
450
101
96
356
662
26
10
15
265
11
17
952
11
2
1
22
116
16
879
1
304
1
1
16
2
27
108
61
74
8
44
790
331
19
110
5
104
13
1
35
228
1
948
2
288
2
392
1
8
1
39
1
344
62
72
1
40
6
952
38
6
228
72
594
23
200
11
2
9
8
16
2
247
1
416
515
2
2
43
13
93
142
739
2
2
150
1
13
1
53
345
106
2
61
18
1
1
1
663
784
3
205
567
38
30
10
1
4
373
68
40
15
65
2
1
221
3
2
1
421
345
8
404
7
501
76
851
3
1
6
12
354
583
1
1
386
386
188
80
60
1
3
470
20
10
11
6
2
5
13
112
4
13
4
440
44
840
2
13
1
4
1
629
406
24
44
1
157
370
13
1
432
321
5
63
951
23
319
508
382
617
2
11
458
49
1
56
1
6
12
7
1
371
3
283
4
258
27
311
2
4
60
86
51
1
2
248
766
5
2
1
216
22
205
167
508
722
168
95
65
12
1
5
1
22
1
321
166
7
2
646
210
390
822
4
1
31
393
1
768
160
2
95
1
93
3
1
1
2
3
485
7
2
1
924
178
9
1
5
392
61
1
6
24
336
4
1
98
3
263
18
38
69
12
126
10
7
22
23
1
318
3
824
2
626
1
52
2
5
103
35
1
17
1
53
44
6
3
33
5
2
300
1
5
1
540
16
224
16
70
1
71
706
6
1
