6
1
1
7
175
726
29
1
56
1
18
1
9
558
1
9
1
3
1
9
4
1
1
1
1
2
5
1
1
2
3
2
1
10
1
2
18
9
1
1
1
1
699
1
1
9
38
2
1
10
2
2
1
3
1
54
3
2
22
1
1
1
3
2
14
40
3
1
15
1
1
4
6
161
8
1
2
1
1
1
1
2
1
2
69
2
3
13
1
1
1
1
11
3
1
1
1
31
43
2
431
1
2
202
4
1
10
1
1
13
65
35
1
16
6
1
1
1
2
2
29
1
1
4
11
1
1
2
3
1
39
2
1
6
11
1
2
3
458
4
1
5
1
3
5
1
2
10
1
95
4
1
1
5
1
2
15
21
5
1
2
4
2
3
145
13
3
51
1
1
2
11
1
2
1
47
15
22
2
1
2
4
572
1
2
1
6
1
11
1
1
2
2
1
3
1
1
6
185
1
2
401
11
1
25
10
2
1
108
2
1
1
1
4
4
3
1
1
1
2
137
1
231
2
1
1
1
4
4
1
101
2
384
8
1
15
2
1
1
19
6
6
1
1
1
2
1
1
125
1
8
1
1
3
1
3
7
7
1
5
1
2
3
2
1
2
1
4
46
4
1
5
1
4
2
7
1
11
2
5
1
7
5
49
5
5
19
1
3
5
4
3
5
3
2
6
4
1
468
1
1
2
11
3
3
1
3
3
5
1
6
1
4
1
1
1
1
1
9
1
91
1
1
1
2
6
1
3
1
12
1
3
4
164
1
6
8
34
2
6
1
3
3
2
118
1
1
1
2
405
1
38
1
1
11
3
1
3
1
28
1
58
14
3
9
3
1
1
1
1
3
3
1
1
1
5
4
73
4
1
1
1
47
1
1
1
2
1
22
1
4
495
174
3
6
2
46
10
2
3
1
5
3
1
1
29
15
230
4
16
1
4
24
3
1
5
16
1
1
14
7
4
1
1
261
92
1
2
1
15
1
6
5
1
165
26
62
4
20
1
2
1
20
3
2
2
45
2
33
6
40
1
1
2
7
2
1
1
12
23
41
1
1
6
1
1
2
23
6
2
1
1
2
338
28
14
16
4
11
1
26
3
1
2
1
18
1
41
317
7
12
93
5
1
1
2
1
5
2
1
428
1
1
1
1
2
21
5
1
2
1
1
6
1
4
2
3
2
3
1
23
1
1
3
8
1
4
17
2
3
1
9
4
2
2
1
1
1
1
33
1
1
7
1
1
10
3
1
1
1
1
1
41
3
462
1
10
50
1
4
9
2
1
1
1
1
35
2
18
3
6
1
1
1
78
1
3
1
1
5
1
33
21
1
1
19
5
2
1
1
2
1
2
1
2
1
2
4
1
4
2
23
3
1
1
197
1
8
15
2
1
88
1
2
392
204
1
1
1
1
1
1
5
1
1
69
2
1
3
4
22
2
2
24
19
1
4
4
1
1
7
84
11
2
28
4
2
2
56
1
1
4
1
14
2
1
2
4
45
3
89
1
1
15
1
4
3
1
2
9
1
1
2
1
52
1
1
1
1
1
2
3
3
2
6
1
497
1
7
1
13
1
2
2
12
2
1
1
15
2
4
4
1
1
2
7
2
234
1
2
1
1
10
6
2
1
57
1
1
1
6
34
2
42
16
248
2
470
3
3
1
3
8
1
295
1
1
1
1
98
2
1
6
1
2
2
4
1
5
392
1
2
26
2
1
15
42
16
18
7
3
1
1
1
5
2
2
1
60
1
1
46
8
19
7
2
6
140
1
3
4
1
1
10
1
1
3
9
1
2
28
2
3
2
2
1
1
1
14
1
19
7
1
5
8
11
1
4
220
1
2
1
1
2
1
4
1
1
1
4
1
1
4
1
3
20
1
3
3
1
13
5
2
4
1
47
10
5
189
12
3
2
1
7
31
3
1
1
2
1
1
1
3
4
212
1
2
1
2
1
2
745
19
1
6
1
4
1
22
1
1
109
2
4
1
6
21
1
3
238
2
28
1
3
2
12
1
3
89
3
1
119
1
1
1
1
4
2
173
12
3
2
1
4
22
235
33
3
6
2
2
1
16
1
1
127
2
1
71
1
2
1
2
1
24
1
6
13
1
1
1
23
2
40
1
2
7
1
1
42
1
1
1
26
33
1
4
22
3
2
1
1
1
9
1
2
1
2
1
2
4
1
2
13
45
5
11
15
2
1
1
2
6
1
7
2
1
50
1
5
5
18
3
489
1
1
4
1
1
1
2
1
1
20
24
13
13
1
261
1
208
3
159
129
1
1
1
1
73
19
1
21
1
72
9
1
295
1
10
225
1
3
1
2
2
9
1
3
937
20
198
1
2
3
1
11
625
1
4
1
1
1
1
1
26
10
1
6
1
1
6
4
1
13
1
1
1
76
78
11
16
3
1
1
1
3
1
11
82
11
1
1
1
1
2
1
4
1
2
2
3
1
2
2
55
1
1
3
2
1
1
97
10
1
11
2
1
1
5
2
3
1
9
1
1
1
1
5
1
1
8
4
18
1
1
1
3
8
2
1
1
6
1
15
21
21
1
1
3
1
3
2
1
1
1
3
1
3
1
1
7
363
77
1
23
73
1
1
8
11
7
1
4
7
1
1
3
2
4
1
1
19
1
5
1
2
1
6
1
130
27
4
5
5
3
2
6
3
4
654
6
6
1
1
1
1
74
1
6
1
3
1
4
2
1
4
1
2
44
2
1
1
18
1
2
1
7
343
1
1
1
2
1
2
26
2
11
6
32
10
1
1
4
1
1
1
43
1
64
50
11
1
4
1
1
2
1
2
11
10
2
1
1
5
6
921
8
2
1
346
1
1
1
10
2
2
10
4
1
2
3
2
6
28
1
1
1
6
34
2
1
2
14
280
4
1
2
1
5
1
2
1
1
9
1
8
1
3
1
6
289
1
3
2
3
1
1
2
1
3
1
20
4
20
6
1
1
3
7
6
2
2
9
3
2
1
8
3
1
1
1
1
2
5
1
14
1
9
1
1
1
2
1
29
3
21
7
2
6
7
156
1
2
8
1
1
25
4
6
1
9
86
1
1
3
13
1
1
12
4
7
1
2
1
20
1
191
7
1
24
2
1
2
2
3
4
3
12
1
1
1
1
1
2
3
1
1
1
5
1
2
4
204
140
1
334
7
19
3
88
33
7
2
2
1
8
2
1
1
2
1
2
46
4
1
1
1
2
1
1
1
6
1
1
1
1
2
25
15
76
1
3
1
3
2
4
2
3
2
1
1
1
2
4
12
1
83
2
1
2
7
1
1
90
108
4
7
1
3
2
29
14
5
1
22
28
2
9
1
35
85
5
2
1
1
58
2
2
1
1
4
163
2
1
1
2
55
2
6
8
1
1
3
293
1
2
2
5
41
16
531
1
1
4
1
1
36
1
3
1
2
15
1
1
2
1
2
210
80
1
1
4
2
1
5
1
1
3
12
1
1
9
1
4
1
33
1
1
10
3
1
43
1
2
11
1
1
2
1
2
1
2
31
5
1
1
4
11
2
1
2
2
2
91
7
1
1
5
1
1
86
60
122
1
3
3
1
7
2
140
63
1
4
3
2
1
1
1
3
1
28
5
1
3
1
35
78
1
1
41
18
1
1
2
1
2
1
2
2
1
55
1
2
2
1
8
4
1
1
1
13
2
2
8
58
2
1
4
20
11
1
354
1
1
3
3
38
1
6
2
2
59
1
1
6
1
1
29
1
5
1
27
18
5
61
12
5
3
1
2
1
343
3
3
1
13
1
5
1
1
1
8
1
2
1
31
137
1
3
23
14
11
1
1
1
2
5
2
1
7
1
5
15
9
2
4
1
6
1
2
1
1
3
28
1
1
12
20
4
2
1
38
1
1
2
1
23
1
10
1
7
1
1
2
1
5
5
11
2
6
5
1
1
1
88
1
1
2
1
1
1
26
164
28
18
2
1
1
305
2
441
1
3
2
86
1
1
7
2
1
2
5
16
1
1
1
1
1
62
1
1
1
1
13
512
6
1
64
1
374
1
8
399
1
21
14
6
1
1
2
20
2
3
13
1
1
84
2
4
2
2
3
4
1
4
3
1
1
3
10
5
1
1
5
1
5
21
1
164
1
3
28
6
1
74
2
3
18
7
2
1
1
3
3
5
41
4
3
15
4
12
1
1
3
5
1
1
2
1
1
647
2
4
1
4
4
3
28
7
1
2
1
1
1
5
1
2
1
13
200
1
37
2
3
1
4
1
3
1
2
3
17
19
2
1
5
4
17
7
45
1
2
1
2
1
1
222
1
2
5
1
1
29
1
465
1
259
1
1
12
1
1
2
21
1
386
1
1
2
4
1
3
21
1
1
1
1
2
2
21
42
52
2
1
1
1
4
3
2
13
3
1
73
12
1
1
2
3
8
9
1
45
16
26
21
2
8
1
1
140
19
1
1
2
76
21
315
36
33
1
38
3
2
1
2
9
1
2
1
1
30
17
14
5
37
3
1
15
1
25
2
3
4
5
1
192
1
1
1
203
1
3
6
75
1
1
1
1
1
125
4
8
1
1
1
24
2
4
3
1
1
1
4
12
112
1
1
2
1
1
1
8
4
1
1
2
4
4
1
117
2
19
37
1
9
31
5
1
2
1
1
1
1
161
1
2
148
2
1
1
3
1
2
1
4
6
1
3
63
495
1
1
1
7
3
1
3
2
2
8
1
2
15
3
3
1
4
9
1
32
11
1
1
1
1
2
7
3
2
1
1
1
10
1
141
2
1
41
1
3
2
1
1
10
5
2
1
1
1
12
1
3
3
9
25
5
26
1
2
3
1
1
2
2
4
2
5
3
98
1
10
4
1
7
3
681
2
2
1
2
2
1
1
1
2
1
5
2
50
14
43
50
1
449
1
12
1
1
27
15
1
1
4
1
2
1
7
22
1
1
6
1
3
1
23
2
2
8
2
1
2
2
22
1
2
2
3
249
8
1
1
6
2
1
1
1
1
1
52
20
1
1
26
2
21
1
4
4
1
3
2
5
5
1
1
1
1
2
1
2
22
1
11
1
2
14
7
1
1
1
115
2
15
2
6
1
2
1
1
43
15
2
3
1
535
9
3
2
5
42
1
91
3
1
2
2
1
3
1
1
11
383
3
1
1
2
1
2
1
1
1
1
1
4
1
1
1
1
1
2
1
10
7
10
1
4
1
4
3
9
4
2
4
1
1
57
1
56
2
1
567
1
1
1
1
1
1
1
35
1
7
4
31
5
1
1
2
11
4
2
2
10
1
7
37
1
1
6
1
47
7
2
1
3
1
1
1
3
24
2
10
2
114
1
2
3
1
333
1
1
4
2
1
3
1
20
3
1
10
16
2
10
1
183
7
3
1
59
27
1
1
1
2
1
6
60
3
4
6
1
2
1
2
1
1
2
3
3
2
1
2
83
35
6
1
3
48
1
2
2
13
14
1
36
3
1
17
1
18
23
30
1
1
1
1
39
2
1
5
2
2
1
1
1
7
1
1
7
1
1
816
7
1
43
1
1
2
6
2
717
39
3
1
6
49
11
21
51
2
2
12
3
1
3
1
1
1
1
1
8
3
17
1
193
1
2
1
2
2
4
1
1
3
56
1
90
3
8
1
1
1
1
2
1
3
1
3
1
5
2
8
6
1
1
1
1
9
1
1
2
6
2
1
1
61
1
1
1
3
5
1
2
92
3
1
1
1
4
1
1
2
1
5
42
1
1
3
13
1
11
15
1
3
9
2
1
64
4
1
1
10
2
1
1
1
26
1
11
3
1
1
16
1
2
1
2
5
3
1
1
1
13
3
31
157
2
25
1
63
5
2
1
20
1
1
1
5
4
2
17
2
10
6
38
1
9
1
1
9
4
42
8
1
1
177
3
2
1
1
8
7
1
1
6
1
2
1
19
2
41
4
1
2
53
16
1
1
1
2
14
11
2
4
1
1
28
10
589
25
1
4
6
6
1
1
1
1
14
1
2
1
1
9
3
12
3
7
11
10
1
1
25
1
3
2
2
1
20
1
23
1
9
2
30
2
4
1
5
7
2
1
6
19
2
61
1
8
11
4
5
222
4
2
1
1
1
3
59
14
62
3
4
4
535
1
1
16
1
1
2
1
279
1
6
1
1
2
2
33
71
1
1
1
1
3
1
5
2
1
4
1
10
3
1
102
1
3
11
2
2
103
2
39
51
5
10
2
3
22
1
1
3
21
29
3
1
1
7
3
105
424
2
5
1
13
4
1
74
2
2
4
12
33
45
7
3
11
1
8
3
5
768
1
1
1
7
1
145
9
5
4
5
5
4
1
1
22
1
3
27
12
1
28
4
1
6
1
17
1
1
1
114
3
3
1
4
1
1
3
1
1
7
10
1
4
28
1
1
1
1
5
1
244
1
1
13
2
1
2
14
1
124
6
8
1
2
33
17
58
4
1
99
1
12
12
1
6
30
1
2
11
19
2
1
4
1
1
1
1
5
5
1
1
28
7
470
1
2
100
2
466
3
3
27
1
1
2
4
57
3
1
24
1
7
1
2
2
2
1
1
133
1
1
1
1
11
1
4
1
1
6
10
2
1
8
32
2
1
1
2
8
6
65
12
3
6
1
1
7
1
1
1
1
119
2
2
10
1
1
1
65
1
8
1
2
205
5
18
2
1
3
183
1
3
3
5
1
2
1
1
2
1
13
8
1
2
7
2
211
259
6
1
1
267
3
1
81
3
1
1
4
1
3
3
2
1
2
1
1
2
1
4
1
15
2
16
11
1
72
1
1
4
10
16
1
1
6
3
1
12
1
258
3
3
2
29
5
1
1
82
1
4
19
2
3
1
29
5
2
1
5
1
5
1
2
1
1
1
9
18
501
1
8
3
1
6
1
19
1
1
2
1
765
3
1
1
3
3
1
1
315
1
8
8
6
1
1
7
128
1
1
4
1
5
32
2
1
3
5
2
286
1
1
1
7
1
3
2
1
1
9
1
1
174
1
167
195
1
8
1
1
18
1
1
29
3
1
38
1
9
11
3
1
1
1
2
2
3
1
1
8
4
4
1
513
2
14
1
2
12
3
9
3
1
4
31
2
2
8
1
3
9
5
4
35
1
2
1
1
1
1
880
14
17
1
1
2
5
2
10
17
4
2
1
20
1
1
1
3
4
72
1
3
2
7
26
2
1
434
1
49
14
3
1
375
3
2
1
5
1
6
7
4
1
1
3
98
219
12
2
6
1
6
1
33
198
1
2
1
2
1
2
1
1
22
2
46
1
2
18
1
1
1
4
129
1
1
274
1
2
2
1
1
4
1
1
2
35
15
3
7
1
34
228
1
1
1
2
2
3
3
6
3
4
2
4
215
12
3
2
8
1
8
5
3
1
3
1
1
1
1
1
4
27
2
1
4
3
1
1
2
4
1
158
3
3
1
293
1
1
19
3
1
12
1
5
99
11
1
5
2
2
1
7
1
1
5
1
6
1
107
1
36
35
30
1
2
9
4
15
1
5
4
67
2
149
6
5
1
1
1
1
1
1
5
1
1
2
1
1
3
2
8
1
1
1
24
333
1
3
1
1
1
4
2
1
26
2
1
1
3
4
2
1
11
10
9
1
29
12
1
2
1
1
1
2
14
13
8
1
37
2
3
2
5
5
1
1
1
562
1
2
1
1
791
43
2
5
46
3
6
1
2
1
14
5
4
1
1
1
3
1
1
2
4
3
1
1
6
5
54
81
2
64
1
2
1
2
1
1
5
1
5
2
1
7
8
4
26
1
2
2
179
40
7
3
5
331
1
4
8
1
1
6
24
3
14
1
2
1
1
1
1
5
2
294
442
1
42
1
7
2
3
39
1
2
9
1
1
3
11
3
21
1
1
8
1
1
5
5
1
7
24
1
15
1
129
6
66
2
6
1
2
16
472
10
1
54
3
1
1
1
142
1
3
124
103
2
2
1
2
1
67
1
48
1
22
1
60
1
5
1
28
1
8
1
1
6
1
1
1
1
2
1
3
69
4
3
1
5
1
21
5
2
2
4
54
58
1
1
6
1
1
1
2
1
2
124
2
7
1
3
2
1
2
9
2
55
14
6
1
843
1
6
1
1
1
10
3
22
10
9
1
1
1
6
1
1
98
3
14
1
6
1
7
119
3
1
3
1
1
6
1
1
1
6
3
5
2
2
1
12
6
2
2
1
1
1
2
1
2
2
7
1
7
2
1
3
1
2
1
1
3
3
1
1
157
2
7
5
3
5
82
1
3
1
1
1
2
1
1
7
23
2
1
1
1
3
2
1
4
2
1
39
2
7
278
3
1
1
4
1
3
1
1
3
1
4
2
1
1
1
2
1
1
1
1
4
1
2
3
2
1
25
1
4
1
1
1
3
5
1
6
10
1
1
4
4
96
1
3
1
1
1
1
1
58
114
2
8
2
2
384
2
1
1
1
3
11
1
5
2
1
16
8
1
3
1
1
6
55
8
765
5
1
75
1
5
1
2
4
1
1
1
4
2
1
1
106
21
2
1
3
3
1
2
60
12
112
5
12
2
13
9
1
29
2
10
58
7
19
1
1
1
3
12
2
1
2
18
27
1
11
28
20
743
36
6
6
33
64
2
3
1
2
5
1
6
2
1
1
2
1
24
3
1
2
54
1
4
3
24
1
1
32
1
2
1
4
1
1
11
9
28
14
24
1
3
1
1
2
1
1
51
8
114
1
1
1
1
1
6
7
382
11
1
69
2
4
1
117
23
2
1
1
5
1
5
9
1
74
5
2
1
1
2
40
106
1
1
35
32
20
1
2
331
4
1
3
8
2
64
4
5
11
3
1
5
7
2
7
1
9
1
1
2
24
13
6
1
3
6
2
1
1
13
1
2
7
1
1
4
1
2
54
1
1
2
30
121
2
1
4
194
1
20
1
2
5
1
5
13
4
1
3
9
3
1
1
2
1
2
1
12
3
1
2
1
1
1
1
1
2
1
2
5
5
1
1
3
1
53
1
1
1
2
4
1
153
3
1
1
1
1
2
17
71
19
1
3
1
32
3
1
1
6
1
1
2
2
6
4
2
1
2
2
1
1
2
2
1
1
21
4
1
6
1
4
23
1
6
1
1
6
5
2
1
7
18
1
1
62
28
9
1
24
1
1
5
3
23
1
22
1
1
1
3
2
1
3
2
1
7
2
1
16
389
6
8
6
54
1
1
2
1
1
3
29
1
1
31
1
1
3
1
3
38
1
1
1
1
2
14
3
4
2
775
2
2
275
5
6
1
10
1
1
1
1
14
5
3
9
1
25
8
1
2
30
2
1
3
13
108
11
3
1
1
20
7
1
27
1
1
2
1
7
1
1
1
329
1
22
1
8
43
1
1
1
1
2
1
2
2
2
2
73
5
2
1
1
409
1
4
53
1
8
2
25
1
1
16
1
3
17
1
1
22
10
12
3
3
3
3
4
70
551
3
1
1
4
1
27
1
6
4
105
1
4
2
5
12
2
10
1
2
1
2
1
13
4
2
13
2
1
1
82
46
406
11
4
2
1
1
3
3
1
1
5
1
6
31
2
1
12
2
2
1
1
14
24
1
13
11
4
2
1
59
9
3
1
2
15
1
348
1
36
1
2
23
1
2
6
1
1
1
1
1
3
1
1
3
2
1
87
7
22
1
26
1
2
1
2
3
1
1
1
2
150
1
1
2
4
2
2
1
149
817
3
177
1
1
1
1
112
1
1
4
1
1
1
4
3
171
2
1
11
1
2
1
2
1
1
4
379
1
1
1
1
1
7
1
5
13
1
2
1
1
1
1
148
2
16
105
117
1
1
65
5
5
1
23
1
2
17
6
1
2
1
1
1
2
23
1
1
154
1
1
1
10
15
6
1
12
4
4
18
1
6
1
4
1
1
2
1
2
1
3
5
1
15
1
32
518
3
1
4
2
1
2
1
1
4
1
3
1
1
11
1
3
11
1
2
4
16
3
1
4
26
2
1
1
1
153
13
3
15
1
1
11
15
65
5
10
1
2
26
1
1
7
37
4
1
1
1
1
1
7
7
1
1
5
1
2
2
1
6
1
2
1
1
1
2
1
48
7
1
12
35
1
9
10
2
1
3
1
1
1
1
6
24
1
2
51
411
1
9
3
17
2
7
2
1
82
61
65
3
3
1
1
3
1
1
2
2
1
31
1
6
2
3
1
1
7
1
1
1
9
1
1
5
8
7
1
1
1
2
2
1
116
6
1
14
2
1
2
13
71
353
1
2
9
1
169
17
2
25
1
1
4
19
1
2
1
1
2
1
1
3
3
2
12
2
3
1
31
846
1
18
4
2
27
3
1
12
2
1
1
14
5
51
1
10
113
1
1
2
60
1
2
4
3
1
11
1
1
1
12
1
2
14
1
167
1
24
2
12
55
3
2
9
19
3
122
1
1
4
2
729
2
6
2
3
1
1
10
3
15
3
27
13
10
3
1
19
3
2
1
4
1
3
1
2
14
4
1
42
21
1
1
1
1
5
7
8
317
9
1
5
1
1
1
1
1
1
1
2
1
17
6
61
1
1
132
3
3
3
1
2
20
2
1
1
1
11
25
1
179
1
34
105
2
3
10
1
1
17
1
2
8
3
3
31
1
1
1
5
1
1
3
1
30
3
3
1
1
2
1
1
9
4
1
6
5
54
1
58
1
1
140
1
2
3
10
2
34
1
1
5
1
1
17
1
1
1
1
1
1
1
1
1
1
2
630
7
8
1
355
1
20
7
1
1
2
37
1
2
8
138
1
1
9
1
2
37
1
1
30
11
44
1
24
4
9
296
11
12
758
1
31
1
2
1
3
1
7
1
14
2
41
1
5
2
3
2
31
1
1
1
12
1
1
6
2
35
1
3
1
13
431
1
1
1
3
1
1
2
2
2
1
6
3
7
2
1
1
35
17
1
5
4
34
2
1
22
6
3
1
4
70
202
1
14
1
1
162
1
2
1
135
1
1
44
2
2
2
11
1
23
2
47
2
12
5
2
1
942
2
1
2
4
1
1
1
19
2
1
1
1
6
1
2
1
240
1
1
1
3
59
6
292
1
7
5
5
4
2
66
11
4
1
3
2
3
1
1
1
1
1
77
29
1
2
2
1
7
7
868
2
2
2
16
45
2
5
1
2
17
18
1
10
1
17
1
3
4
1
1
1
3
5
1
1
1
20
1
1
161
5
10
6
1
69
6
1
1
10
1
1
4
1
2
27
1
1
3
1
1
3
1
11
1
1
2
1
7
1
4
4
257
3
1
4
14
12
1
37
8
3
4
1
1
1
9
9
22
113
5
23
5
2
6
25
3
1
3
1
6
5
2
1
8
2
18
2
28
79
1
1
5
1
4
5
13
5
16
1
2
2
10
73
3
4
2
1
6
42
4
24
1
4
20
3
1
15
4
1
5
1
7
2
1
29
1
64
4
5
1
1
89
2
19
5
1
9
690
1
1
1
81
5
6
1
1
18
3
8
1
2
226
603
5
1
1
10
1
23
1
1
1
1
5
18
2
1
3
1
3
3
1
1
7
31
3
3
13
1
2
124
1
6
11
4
8
1
15
2
19
1
7
7
1
1
1
1
3
1
1
377
5
2
20
1
2
7
1
1
3
1
1
3
1
136
1
8
1
1
1
75
8
2
1
2
2
5
3
2
2
2
1
9
15
79
6
2
1
1
2
31
28
1
5
1
6
7
3
1
13
1
13
1
3
6
4
1
22
1
32
2
2
1
1
13
2
4
1
2
1
1
94
1
2
36
9
1
8
9
9
2
1
6
1
1
71
1
14
3
224
2
1
1
1
12
1
1
52
2
1
4
1
1
13
1
2
35
34
17
2
2
1
5
1
31
6
15
17
4
1
54
1
32
19
7
3
1
1
1
1
1
2
2
6
1
6
2
73
2
7
1
2
4
67
1
10
1
41
1
17
2
1
14
1
42
5
3
3
42
1
94
1
2
2
1
3
3
41
2
2
16
179
1
1
57
380
2
7
10
1
1
2
2
1
3
1
5
23
8
2
4
3
1
2
1
37
10
1
1
1
6
1
2
1
3
4
6
4
2
2
1
1
99
1
2
19
2
48
3
2
665
191
7
1
11
61
1
2
5
31
1
22
1
376
149
3
1
1
1
1
4
1
8
2
6
1
5
25
2
15
50
13
67
1
53
1
1
1
1
1
2
2
1
8
1
5
3
5
112
2
1
6
1
5
7
120
1
1
185
8
1
1
2
10
1
1
144
4
3
1
55
1
1
1
3
17
1
2
8
18
6
1
514
1
7
3
9
10
89
2
3
1
32
1
2
4
3
4
28
6
2
1
42
1
1
8
4
1
11
1
2
25
23
46
3
2
28
1
11
1
1
5
5
1
1
5
2
232
4
1
2
2
1
287
19
13
2
1
3
4
2
1
1
1
2
1
2
2
1
7
1
2
23
1
4
4
1
1
24
19
1
17
1
1
11
1
1
2
1
2
14
1
74
6
1
2
2
1
22
167
1
279
720
379
2
1
167
1
1
1
1
2
6
1
1
2
80
1
2
1
12
1
1
66
125
95
1
1
2
30
406
25
1
4
1
37
366
1
4
80
1
9
42
2
1
1
1
699
3
8
3
1
1
1
5
1
1
4
3
15
5
511
46
1
4
5
1
1
1
56
3
1
34
1
3
1
1
1
2
1
2
14
1
4
1
1
18
2
1
1
3
13
2
3
223
3
1
15
1
6
1
4
1
2
6
1
4
1
1
1
6
7
3
5
1
3
1
17
1
7
1
1
1
8
116
2
10
4
1
1
14
3
3
17
71
4
11
4
6
1
205
2
1
74
12
127
247
18
16
3
4
1
1
1
1
3
2
23
4
24
265
1
3
10
4
2
4
1
1
7
1
2
4
10
257
856
2
2
2
2
3
3
2
1
4
1
7
2
1
1
2
2
113
5
2
3
2
1
1
2
5
6
8
1
1
1
3
3
25
84
1
74
2
4
1
5
456
1
3
3
1
5
27
1
11
4
64
5
15
1
1
123
1
2
1
7
1
5
1
1
6
13
2
2
1
1
11
3
1
11
2
4
1
16
1
2
1
1
1
3
1
8
4
1
1
1
14
1
11
6
9
1
1
1
5
1
3
72
1
1
6
1
1
9
2
1
9
53
5
1
2
4
12
1
3
20
12
7
11
2
4
2
57
1
4
6
1
10
1
1
1
1
20
25
32
1
7
1
16
2
2
1
32
1
5
1
237
3
1
11
2
90
5
1
4
1
2
1
1
3
2
1
24
1
42
1
25
5
1
2
10
13
25
1
1
1
1
1
1
4
1
1
2
235
4
1
3
3
2
33
1
11
2
29
3
2
2
2
4
37
1
9
3
13
3
1
1
1
2
1
2
7
66
3
9
2
4
1
1
13
1
21
3
1
1
1
1
20
97
2
1
1
3
1
2
3
7
2
4
1
2
2
1
1
9
6
4
5
23
1
3
4
1
5
206
386
37
1
1
1
2
3
59
1
21
11
1
1
5
13
1
4
4
3
1
23
2
1
1
18
1
2
25
4
2
21
1
1
18
25
1
8
5
1
3
450
1
1
1
1
1
1
1
737
10
1
4
2
1
4
3
2
2
2
1
1
1
1
1
1
1
4
1
41
1
4
1
9
1
8
1
1
1
15
27
14
3
15
1
6
1
621
4
34
2
6
61
4
1
1
2
1
1
64
1
14
2
1
15
12
56
1
5
3
1
3
1
1
2
280
2
1
1
4
1
2
1
2
1
8
1
1
23
2
1
1
7
58
20
4
1
6
1
9
1
5
1
4
10
2
1
1
2
1
1
6
34
1
86
1
1
1
5
3
1
1
1
1
6
23
15
8
1
9
7
1
1
5
1
4
40
1
2
1
4
1
129
2
1
1
4
2
74
4
1
1
396
550
1
2
161
20
8
3
3
3
4
10
1
186
2
1
1
1
2
4
1
1
1
1
11
2
866
6
15
1
2
1
2
1
1
1
7
6
2
31
3
71
1
1
1
1
5
285
1
86
10
3
1
1
1
1
2
31
19
14
2
3
25
4
2
9
19
1
2
2
4
1
1
4
1
90
338
9
1
1
1
1
2
23
3
5
1
4
9
1
2
1
3
8
78
47
1
1
1
7
11
4
8
1
297
18
18
15
2
1
2
176
1
1
2
1
1
1
1
8
110
1
36
18
136
1
2
1
1
6
1
1
3
402
3
4
147
6
1
13
1
4
6
1
7
1
3
1
7
1
1
2
839
72
1
2
22
3
1
23
11
11
3
6
1
9
4
1
1
4
2
3
12
32
25
59
2
5
4
1
2
1
10
8
1
1
1
2
4
3
2
10
307
24
2
1
14
1
5
8
1
5
1
2
1
1
8
1
3
32
26
6
1
1
1
1
2
1
7
1
4
34
2
12
4
1
1
1
1
1
3
1
29
7
1
1
1
1
1
3
1
126
4
1
36
2
1
8
1
6
1
1
17
2
1
3
1
1
27
10
4
5
1
2
1
1
1
1
1
115
2
1
2
2
5
33
3
1
224
1
2
4
3
1
1
1
1
1
21
2
1
1
1
6
2
1
1
2
27
14
338
1
6
1
1
1
24
2
4
2
10
2
1
1
1
3
1
1
1
3
2
3
3
18
1
20
42
31
42
2
5
3
1
19
2
2
3
1
3
28
16
959
2
6
1
49
5
1
1
4
7
23
10
6
6
1
2
90
3
5
10
9
4
26
6
5
7
2
30
1
4
1
1
5
5
1
23
1
2
176
4
35
1
1
2
1
71
2
7
17
1
11
1
1
9
1
1
4
2
32
2
2
1
1
6
4
2
21
1
6
5
1
76
520
1
1
4
3
118
3
3
2
231
25
1
8
1
9
1
449
9
1
1
2
910
1
1
1
1
131
2
19
38
3
2
4
1
3
2
23
1
2
2
1
6
2
15
287
1
23
1
2
1
13
1
1
3
2
5
1
6
9
1
1
1
7
1
160
1
4
1
298
1
1
10
1
2
1
5
1
5
43
1
3
1
1
1
9
20
4
3
118
560
4
2
2
1
30
3
41
3
1
3
2
2
4
1
4
11
1
1
10
2
16
1
1
3
52
2
1
12
1
1
1
22
1
1
2
2
1
2
1
18
48
24
1
1
1
34
1
1
1
78
1
1
1
3
2
1
1
1
1
1
1
12
6
2
1
1
1
18
7
1
4
1
3
2
4
306
1
22
4
3
6
3
7
489
24
1
1
2
1
4
1
20
2
1
1
1
2
2
1
52
1
5
2
2
61
1
1
2
6
1
1
1
2
5
1
12
1
1
1
3
53
1
62
1
1
1
8
115
7
12
3
18
125
1
1
1
5
109
50
39
1
1
1
1
1
2
1
1
1
1
3
1
1
23
2
35
5
1
9
1
1
10
2
2
3
10
1
1
12
1
1
6
1
1
41
1
9
7
1
14
9
5
13
2
74
3
137
2
1
2
1
515
1
2
1
1
4
1
56
1
2
1
1
2
1
1
1
1
1
1
1
12
3
1
1
1
145
1
20
1
1
44
5
56
57
5
572
2
4
1
2
5
2
1
1
3
1
1
2
3
1
14
1
9
9
3
2
1
2
1
3
1
18
2
2
22
2
1
17
1
40
1
65
1
37
2
1
76
2
7
1
1
1
1
2
43
14
1
1
1
14
3
69
55
1
140
1
1
6
1
6
1
4
1
3
135
63
2
1
1
8
458
1
2
20
12
1
266
3
2
4
6
1
231
1
2
1
2
4
8
3
1
31
1
2
61
28
3
1
4
4
1
42
70
93
3
8
1
19
1
1
2
4
3
1
1
1
69
1
10
1
1
14
1
193
8
1
83
2
2
139
5
2
1
14
12
4
3
1
4
2
1
1
4
1
1
1
1
2
1
42
1
1
1
1
1
9
2
62
37
2
22
2
1
1
10
2
1
11
9
8
1
18
1
1
11
7
112
4
2
11
2
1
1
92
16
1
1
72
1
28
2
1
1
5
3
1
2
1
12
4
39
8
34
24
1
6
563
7
4
1
304
2
1
7
9
3
1
2
9
227
3
3
3
1
1
4
257
2
1
1
8
2
77
416
1
1
824
1
8
4
2
20
1
8
5
5
138
1
54
1
7
1
2
1
4
1
6
2
3
1
122
1
1
7
1
20
40
403
68
1
3
1
1
1
9
1
3
1
5
1
14
1
11
122
49
2
28
1
5
1
4
2
8
3
1
2
1
2
12
1
3
1
1
1
1
1
1
27
2
11
1
54
11
34
1
1
26
6
1
2
3
33
4
70
1
4
65
5
3
1
4
13
2
10
1
2
39
3
1
16
1
1
2
9
1
13
1
109
2
51
2
2
9
4
2
15
147
1
3
1
1
1
1
1
1
12
15
5
2
31
10
38
1
39
7
5
2
91
3
3
2
1
1
5
16
4
9
6
1
535
6
3
1
5
1
1
19
1
1
1
4
1
2
2
13
6
3
34
334
1
12
6
7
210
1
1
1
1
1
1
2
1
9
36
1
1
10
10
1
3
2
1
4
1
1
3
2
1
3
1
19
3
1
1
1
3
107
1
2
2
1
1
1
1
62
1
2
1
2
1
2
7
2
1
2
2
1
1
1
3
1
7
3
6
61
2
31
77
1
5
3
7
2
2
3
1
1
10
1
2
15
1
16
4
1
3
18
3
1
9
8
1
1
10
82
27
10
2
9
5
1
1
2
1
3
1
5
1
9
72
3
28
24
1
1
2
1
11
2
2
1
1
2
5
3
1
1
24
10
3
2
6
2
95
4
29
2
2
1
4
11
1
1
1
45
1
15
30
911
10
2
1
1
1
1
1
1
3
1
23
178
1
1
1
2
4
13
2
1
1
1
1
5
8
1
1
2
1
1
28
2
1
1
1
3
1
1
7
1
1
72
3
1
2
3
7
1
1
4
3
5
1
5
2
1
34
2
1
2
2
12
1
3
2
4
1
2
6
1
12
12
8
1
5
4
6
1
1
3
1
15
1
1
4
1
3
267
1
1
1
2
2
1
76
1
3
3
2
58
1
4
1
5
1
1
12
1
41
28
6
2
1
1
2
1
2
15
3
148
2
151
1
20
61
1
1
2
1
51
14
2
7
10
1
3
2
48
7
1
6
1
6
3
1
6
1
1
1
1
7
14
18
686
1
20
1
2
1
6
1
25
3
195
1
8
125
2
1
3
1
6
261
1
153
44
1
30
1
118
1
3
2
165
3
1
1
31
47
36
2
1
1
1
13
5
1
1
35
1
2
8
75
4
1
4
1
1
44
20
1
1
11
1
7
5
1
1
1
2
65
1
2
2
1
455
1
46
3
1
6
57
4
33
2
1
217
67
1
24
34
1
1
1
6
1
1
10
35
3
2
1
168
1
1
3
1
3
1
4
10
1
235
1
1
2
1
13
2
270
2
7
2
1
1
4
27
13
1
5
1
1
1
3
1
45
6
1
134
1
3
16
2
1
1
1
1
5
2
21
3
10
9
1
1
25
2
65
5
1
448
2
1
1
1
183
1
1
1
1
26
1
1
2
22
14
12
3
37
1
1
1
7
8
7
20
13
1
3
15
3
126
1
1
31
1
6
73
1
5
2
1
1
8
1
67
14
224
8
1
1
4
1
1
3
3
2
1
85
5
1
10
1
3
5
1
34
10
7
2
2
1
2
1
1
14
1
6
26
156
1
128
1
4
2
7
4
1
6
1
1
1
13
1
15
2
1
1
14
4
1
1
2
1
1
2
2
11
16
4
15
662
2
1
1
26
6
1
3
1
2
144
1
1
272
27
1
1
1
1
1
1
50
1
5
2
1
11
1
604
1
2
3
582
91
1
3
313
1
2
5
1
23
7
7
19
1
1
2
7
142
735
1
1
11
1
5
3
1
33
1
1
1
19
2
1
1
3
13
2
1
467
1
1
1
1
7
1
1
2
77
10
2
6
3
14
310
4
5
35
1
187
2
1
3
2
8
1
2
1
2
1
1
3
4
1
1
10
1
4
2
4
2
1
60
8
2
8
1
1
9
2
4
1
4
3
11
9
1
2
2
6
7
19
3
7
185
10
17
6
47
2
7
1
1
1
1
7
1
1
5
3
1
2
1
7
1
2
17
19
1
1
1
2
3
3
10
3
43
12
1
1
8
1
1
8
1
1
195
3
10
1
3
1
1
1
3
24
3
57
1
3
4
1
1
3
2
1
1
1
2
18
2
2
7
17
1
12
1
3
4
1
483
10
1
7
1
2
1
4
1
5
2
1
6
1
4
880
1
8
3
10
2
11
1
3
5
2
1
46
1
19
1
1
1
1
1
1
3
3
1
2
7
1
1
5
1
1
1
1
4
2
2
3
1
2
15
71
1
5
728
1
8
1
90
3
13
1
1
4
1
13
1
992
2
1
3
325
31
1
36
189
1
10
10
3
4
1
1
1
11
17
12
2
1
3
5
7
6
9
18
2
23
1
1
2
1
5
732
1
3
1
42
1
15
605
1
2
484
177
4
11
16
10
3
1
18
2
6
6
1
2
1
20
27
2
45
1
2
1
2
346
66
11
18
16
4
1
37
1
7
2
94
4
1
1
3
4
4
140
1
2
1
4
18
1
3
1
2
2
3
365
174
4
21
2
28
1
1
1
3
50
1
49
1
11
2
2
4
11
530
17
19
129
1
141
1
8
9
3
155
4
6
6
3
1
4
2
1
2
15
4
1
2
129
2
1
1
1
5
2
23
1
2
1
3
4
304
5
131
30
1
1
2
36
11
3
144
20
33
99
1
247
2
44
2
1
32
1
2
37
5
91
1
1
151
6
45
1
52
1
22
1
6
1
7
1
2
1
3
3
1
1
1
54
1
6
2
2
3
4
193
4
21
1
49
351
6
97
1
2
12
9
11
6
118
19
3
444
3
1
1
7
1
1
70
412
4
490
1
2
8
1
362
1
2
10
1
2
5
2
11
46
10
4
3
1
1
6
28
27
2
1
1
1
1
1
1
2
1
1
11
1
4
1
24
7
14
1
1
155
8
1
3
2
2
24
32
1
11
3
1
488
1
3
1
4
7
8
1
1
4
10
1
54
1
1
1
1
12
59
477
278
8
2
504
2
1
3
1
81
4
2
12
1
77
1
246
1
1
14
3
2
2
12
4
3
20
1
53
1
1
1
1
10
4
2
1
9
71
1
2
64
1
2
22
21
30
2
13
2
13
2
1
4
1
3
2
4
12
1
9
14
20
1
1
2
39
1
3
3
3
1
43
1
2
9
68
38
2
1
1
1
1
1
3
1
1
3
22
27
2
2
4
508
50
1
64
1
25
1
9
1
1
5
1
1
40
4
20
1
11
1
1
1
2
2
1
26
6
3
169
166
11
13
52
2
372
7
10
27
35
1
2
1
1
48
58
24
4
1
3
921
2
2
12
1
348
1
1
2
1
19
2
1
7
8
1
1
5
1
3
135
19
1
15
2
2
1
1
1
5
7
1
5
140
3
1
3
2
8
1
1
1
8
1
3
2
1
5
254
2
7
2
15
2
129
3
1
1
39
3
20
405
82
12
2
17
375
1
1
2
119
1
1
13
25
3
1
8
1
1
7
46
1
5
4
2
1
1
15
1
1
1
4
3
10
3
5
1
1
7
98
1
38
1
1
3
3
18
9
1
6
2
1
1
1
3
1
4
8
1
3
1
3
1
1
1
7
1
1
1
1
36
145
5
3
39
3
1
1
18
44
5
2
1
50
6
1
3
17
165
9
1
6
5
436
1
1
1
1
26
6
1
3
25
3
1
2
6
1
2
2
145
18
4
17
1
15
70
1
46
33
1
2
4
8
11
1
3
2
3
1
2
14
1
14
1
4
1
1
3
2
2
26
753
1
1
1
1
4
1
3
25
1
31
1
10
5
2
215
5
78
15
1
4
4
256
1
1
2
3
1
8
3
1
3
8
1
1
92
3
1
1
20
7
29
20
9
5
35
1
18
1
18
6
1
1
6
2
84
2
1
1
34
13
1
15
3
10
14
12
1
3
3
5
39
1
620
1
2
1
30
7
1
27
3
1
22
1
1
2
7
1
24
1
1
1
1
1
23
1
3
1
3
1
32
5
1
1
1
3
1
1
1
26
1
2
35
43
2
3
1
1
2
2
1
1
6
1
1
1
9
1
1
19
1
3
1
1
1
6
151
2
1
1
1
4
1
1
1
1
1
1
18
1
3
7
6
15
6
4
3
58
2
1
1
3
4
16
4
1
1
4
9
16
63
4
1
51
93
1
13
4
2
2
1
402
15
2
3
3
2
5
1
12
1
49
2
4
9
72
2
1
3
1
1
338
1
2
1
1
7
1
17
3
1
1
2
15
4
12
1
9
3
2
19
19
105
3
23
6
3
9
2
2
1
45
4
6
1
3
1
1
1
1
1
9
1
12
20
1
3
1
747
20
1
6
2
3
1
1
26
4
2
2
12
10
1
13
208
1
1
1
6
1
4
147
1
16
2
14
1
5
1
2
1
11
1
48
1
28
1
10
1
3
1
1
1
1
24
3
81
5
1
21
3
8
11
1
1
4
1
4
15
1
106
2
444
4
14
3
4
22
4
14
1
2
1
2
1
1
1
2
1
1
1
1
1
7
2
7
5
2
33
1
4
2
2
1
78
1
1
2
1
4
1
5
1
17
1
8
5
1
1
10
29
1
11
3
2
11
1
1
4
1
1
1
322
14
6
5
1
3
1
2
77
11
7
3
1
2
1
1
3
7
38
16
1
1
1
1
2
1
2
1
15
2
3
1
1
28
4
3
148
3
45
2
27
3
66
8
2
1
1
1
1
3
2
1
1
4
1
8
5
18
1
1
2
2
1
1
4
1
1
7
26
3
17
2
4
1
6
6
9
1
91
3
2
1
4
4
9
9
1
2
1
3
1
1
2
1
1
2
1
1
1
1
1
1
57
2
10
2
1
5
20
2
1
9
2
13
1
35
4
1
18
2
1
1
1
20
2
6
1
33
7
1
1
1
1
1
9
1
2
46
33
1
12
41
1
1
8
1
2
3
6
3
15
20
41
48
1
3
5
7
21
118
3
1
1
3
4
2
1
9
2
1
2
4
1
3
1
5
2
3
18
1
1
1
2
1
1
5
1
8
1
2
1
1
2
5
6
1
30
1
1
6
21
259
16
1
1
1
7
2
1
7
1
5
63
1
1
3
5
1
2
1
18
4
4
3
3
1
4
2
2
1
8
7
1
3
28
1
16
168
1
36
23
1
2
1
5
1
3
199
1
12
2
1
93
5
1
4
1
1
493
1
4
6
3
2
1
2
4
42
2
1
21
1
356
1
3
10
59
1
25
6
1
4
30
1
1
4
228
1
2
3
382
16
2
4
2
1
44
1
1
2
12
5
1
1
2
1
1
8
1
1
1
34
6
21
18
15
1
4
45
57
99
1
1
29
10
1
3
4
2
1
1
3
3
19
1
2
2
4
2
3
2
2
1
1
4
17
1
11
13
181
27
30
113
2
1
1
29
38
6
3
36
1
1
35
1
3
6
2
1
1
7
2
2
1
31
2
3
14
4
19
66
1
10
22
1
2
1
284
2
1
1
3
6
107
1
17
8
1
1
7
1
1
22
1
9
1
1
1
1
2
1
1
37
1
1
4
1
2
2
8
3
1
12
3
53
3
1
3
1
94
20
3
2
13
1
1
1
7
6
14
5
3
146
1
1
1
2
2
1
1
1
20
2
1
3
2
2
51
141
1
2
1
12
5
1
14
101
252
1
19
3
3
3
1
2
16
1
4
1
2
2
1
4
1
10
3
1
108
2
11
9
1
4
39
1
14
2
1
7
1
2
1
22
1
1
5
6
1
4
1
1
1
1
4
1
3
3
12
3
8
15
22
3
1
11
6
1
5
4
2
5
2
2
182
10
1
1
3
1
1
9
1
10
3
33
9
3
4
26
1
159
285
1
6
1
1
7
27
9
2
1
12
1
1
1
6
1
330
43
1
3
4
70
1
3
25
1
3
1
1
1
1
2
6
1
1
99
1
1
1
101
2
1
1
1
14
1
2
6
1
1
68
1
1
1
2
1
18
1
43
47
28
1
2
2
1
1
1
5
28
1
1
1
3
3
3
6
6
3
459
2
5
58
1
3
44
3
3
5
2
1
477
470
221
487
20
3
1
1
6
22
1
1
5
2
1
28
1
50
4
331
2
1
158
1
2
10
469
1
27
1
2
2
23
1
2
16
15
10
6
1
4
1
5
1
4
1
9
23
22
8
1
2
1
2
1
1
17
1
1
7
2
1
1
1
1
1
45
10
4
623
1
1
2
5
1
1
6
3
8
1
1
2
1
4
2
24
1
6
17
3
3
1
2
6
30
3
14
4
11
19
5
2
37
1
3
3
2
2
1
3
1
18
7
16
214
1
1
4
6
23
5
169
1
2
1
1
1
5
6
5
1
2
14
25
1
1
6
1
1
1
7
2
77
3
1
1
1
1
1
2
7
1
5
3
35
1
1
2
1
8
1
1
76
1
1
3
42
1
4
2
1
1
18
1
15
