129
475
1450
157
9
44
9
1203
5
92
31
780
763
3
763
333
15
26
1459
153
17
476
453
10
1872
188
370
10
36
27
1
1915
273
84
11
32
1581
42
23
365
1205
1
25
1
42
15
430
5
1
1505
1526
640
10
156
407
467
109
215
65
649
23
78
402
20
27
228
1162
75
117
1894
137
140
506
1781
1148
1049
12
32
5
79
26
5
1787
1
443
22
771
1550
648
4
545
31
26
132
40
118
17
57
1199
408
7
1
4
53
777
849
286
288
112
9
23
132
914
4
687
172
945
1883
8
3
40
12
240
1215
2
465
911
371
472
779
1323
1782
274
622
774
18
317
244
899
293
19
160
1375
5
253
1399
148
652
1794
43
2
58
153
1244
583
36
170
623
1
1
1
165
808
252
755
19
6
725
1722
1106
333
1769
19
791
1334
12
1827
34
106
437
1
850
1999
1817
666
2
167
113
6
1760
9
472
4
65
9
694
174
133
4
19
4
4
1069
20
420
9
92
110
1748
6
3
34
714
23
45
20
26
210
2
737
1
34
382
5
874
135
6
35
5
401
257
716
452
97
17
1346
1863
557
41
27
1155
1546
2
18
1932
840
186
245
1963
487
170
497
643
56
327
7
43
396
1958
154
1
889
852
1987
1697
71
22
274
133
390
1567
1447
1839
39
30
238
1695
1314
558
416
275
1663
418
1363
283
1858
3
652
11
12
1048
437
942
1
2
1272
1598
1558
247
262
361
1224
1462
7
116
4
149
1063
10
232
200
1706
245
6
126
1619
12
1
52
1790
6
551
1582
215
449
152
490
699
667
2
281
5
654
165
1031
775
5
2
136
332
2
995
379
1287
214
35
111
624
8
110
1551
321
2
1024
1308
11
1926
172
691
7
262
191
1
1574
819
8
11
1422
255
14
205
62
1135
1
23
139
35
34
144
7
126
147
80
1997
1758
1
287
83
1015
66
1826
77
1367
149
665
1006
41
1400
1
807
1381
2
26
465
694
104
302
1304
1421
993
1227
1
148
11
22
1445
1211
16
42
219
164
588
5
4
1
198
11
38
46
433
8
76
49
18
41
21
7
213
236
214
14
82
238
280
540
28
49
1
1524
1343
227
700
659
62
390
1481
2
14
404
1128
93
382
620
59
1838
314
163
139
58
251
1636
5
4
1935
3
364
1
81
9
1
1210
717
18
149
39
367
71
172
1325
19
797
169
270
64
26
90
32
61
1
1952
1932
1739
664
216
134
89
2
978
1
629
176
1504
177
345
531
645
2
793
1388
371
4
57
5
1998
251
570
1170
216
4
12
15
936
68
3
2
43
1647
14
813
9
69
4
1539
1775
962
29
232
133
467
259
1113
1478
109
35
3
2
22
208
1
1442
24
219
916
2
575
64
737
795
761
1824
161
1616
282
198
4
430
1682
13
1
1173
1771
162
1654
503
1673
120
80
15
15
9
1
1783
42
1161
1
189
11
44
639
56
63
769
311
311
1164
1488
1056
9
1064
1787
202
20
234
1300
874
1210
4
4
307
55
1204
1
4
132
359
4
60
819
6
1
460
74
102
374
9
112
964
235
1135
149
383
1741
449
116
698
772
669
1989
886
1217
394
17
38
1650
27
453
87
117
2
1285
1
1
120
1910
1
1242
1938
140
125
899
1
388
1550
497
134
26
235
1
622
28
89
1503
87
13
1008
1668
1080
414
1389
54
1419
245
280
382
1375
710
999
3
1415
1115
58
537
9
707
667
5
404
394
1258
875
16
1445
125
11
164
284
164
930
130
451
319
475
854
14
62
1813
1432
950
946
1820
126
239
4
9
21
413
290
86
782
237
2000
847
300
2
388
2
1627
1
1238
123
832
1021
3
209
167
73
2
1033
85
209
79
632
101
320
438
846
1031
1646
1514
30
24
45
899
8
1608
36
819
313
37
797
50
11
848
107
741
717
1184
16
316
27
2
77
521
59
1
1608
148
1033
1431
190
921
62
42
52
19
230
1522
535
224
44
1510
507
1
1368
384
27
157
272
25
1598
713
1136
55
197
1
1296
1419
315
289
1
1180
773
3
25
568
42
114
9
235
79
92
1300
20
31
754
233
40
1149
598
1613
2
351
71
32
432
372
1843
64
860
70
3
3
1744
136
1270
445
1317
622
1357
604
40
329
39
1919
149
8
63
1529
11
87
152
23
680
2
15
45
281
89
1022
4
79
1868
7
1
7
120
8
1
852
1702
369
1896
48
1035
413
1149
131
1066
13
92
394
1440
3
6
56
4
174
862
497
1022
926
1
503
999
8
4
21
692
10
277
1407
123
7
531
480
29
2
1253
27
208
1176
244
8
167
1279
3
145
1431
7
70
856
1955
1
121
426
50
42
1906
26
24
89
336
54
140
2
2
898
843
396
1797
503
490
600
36
405
1233
720
36
22
211
1433
1464
663
113
40
150
231
153
44
1094
90
748
240
103
948
98
1666
1493
241
334
1639
9
839
1990
157
1767
1957
501
1207
10
1
1
1445
122
36
823
2
207
965
41
357
612
16
639
8
190
61
1297
698
4
1404
232
20
1154
148
91
69
185
4
12
7
338
6
159
140
1363
5
1110
445
4
9
1650
1951
1191
76
457
30
199
16
25
2
368
2
1182
1579
1
1270
1
1
123
21
14
205
299
448
39
280
8
399
1
600
281
21
884
1298
404
73
174
46
70
406
885
1943
675
64
949
154
11
3
1542
41
4
1810
111
622
1551
29
1478
1989
1457
2
30
161
1
109
673
23
565
158
712
426
130
300
886
2
38
81
20
15
1499
700
187
1164
1516
1039
13
59
1192
670
906
3
1981
345
18
30
3
222
2
931
1644
340
1396
1
213
16
420
73
426
4
50
113
587
347
116
1440
273
170
941
1311
1
141
1029
828
172
208
41
202
345
12
92
13
260
2
9
1547
52
1872
400
478
140
1781
713
138
753
101
549
302
6
553
1879
9
2
606
694
1
921
645
6
1070
959
103
1149
3
1225
39
26
48
1359
2
1924
1521
1091
1939
50
99
1132
301
4
20
296
186
782
82
119
464
1022
192
19
1680
433
1968
1045
48
92
353
469
1886
514
360
15
2
1626
457
62
2
867
3
300
890
67
1127
1755
1
1892
88
1834
632
2
1263
539
267
10
110
1313
586
658
90
5
12
516
1
460
8
242
10
2
842
102
189
210
208
1141
271
314
1803
106
10
1614
1799
222
1445
191
10
162
68
170
6
11
191
1399
771
1869
352
52
496
7
114
1025
1886
70
1860
286
752
16
1207
1
1863
295
44
866
1701
22
5
4
896
729
1290
641
1164
30
1917
578
1
805
38
12
371
662
1079
407
48
87
58
1174
4
368
4
69
327
172
1783
966
2
210
1
301
452
9
1
32
1707
1
1127
1925
1
212
415
1028
27
1088
109
174
1027
1
922
97
653
162
2
17
76
543
1279
48
902
337
3
21
474
1941
789
120
1
489
13
104
4
2
178
533
224
3
376
445
649
704
32
111
1
24
28
1
44
12
1004
662
1639
1940
65
1638
312
77
2
1999
531
30
1218
42
5
202
226
102
117
21
5
44
10
1023
1771
14
479
501
78
1188
134
444
56
7
5
651
475
1096
709
15
3
475
662
21
404
708
1808
57
619
520
31
1
22
1378
3
1981
162
490
1091
1006
1059
39
14
542
803
362
48
938
1
847
362
20
371
346
9
118
19
353
1741
226
379
955
178
149
1852
1
1354
1742
57
1
704
460
210
333
12
183
10
1462
154
27
42
154
5
490
1590
144
204
5
1
151
20
31
936
4
5
3
155
22
195
14
64
10
734
29
124
10
1583
660
823
1625
726
528
15
53
630
881
1209
38
941
1
383
28
216
1349
1307
4
997
944
125
246
316
2
1974
3
2
404
897
219
123
1863
806
1
54
44
423
177
69
32
649
112
1275
1
1544
393
3
1
132
1230
884
204
53
1
350
1853
1
12
54
3
31
1032
207
1132
30
162
31
1061
136
259
1581
190
1079
2
1676
624
399
1685
578
898
5
208
885
10
1970
1590
1
177
152
591
29
1593
2
31
963
772
105
1222
1590
1694
470
24
27
113
5
47
1
120
221
22
1821
1603
391
203
8
66
276
80
42
212
1029
1804
888
56
659
23
250
1282
42
174
2
232
113
337
19
296
1501
27
119
170
137
2
1228
527
440
100
580
72
608
12
514
361
1336
11
70
345
1105
162
121
758
306
829
20
4
609
1486
170
16
32
432
404
227
74
1010
809
1286
1345
6
15
101
962
703
1805
47
823
26
1415
1509
356
1189
26
2
347
6
1
8
4
1740
3
877
4
690
1300
3
109
697
5
1
399
894
409
1189
287
797
484
73
1897
598
1
75
1227
7
60
1347
609
35
29
5
197
983
833
17
75
345
1917
169
64
226
193
180
5
1834
683
5
760
17
662
2
17
1654
25
2
287
4
1426
1220
31
138
1876
238
345
1908
127
163
1821
689
68
150
652
1113
508
1002
68
1806
1
12
1107
8
50
1896
338
7
1556
341
40
1
1689
9
9
1645
10
4
345
578
222
1676
102
520
2
392
800
497
117
1
551
66
178
340
717
1847
4
20
182
35
121
1066
1778
136
178
36
34
1
13
1
1113
1138
20
329
216
160
1490
885
801
2
206
2
500
109
537
7
1296
1764
317
770
160
582
368
764
1829
630
189
140
18
266
842
33
1124
14
221
709
5
1071
96
733
1489
1090
365
1359
1
191
48
448
40
258
1505
4
17
48
7
1413
327
160
11
34
34
1
3
891
900
1038
1103
131
1206
1077
1981
65
74
739
116
16
1207
200
109
120
315
1305
816
1750
3
253
161
1778
19
217
420
618
523
78
154
623
18
1
4
120
1851
2000
177
42
643
202
1177
85
130
1627
55
1
7
65
512
546
674
9
134
1
12
13
214
472
869
262
1
1
21
611
1
1111
2
1942
6
557
196
627
6
156
1938
484
4
685
737
280
108
15
60
106
14
767
782
27
125
158
2
723
722
539
519
339
563
1197
719
346
13
2
13
1393
749
616
383
1366
32
71
8
15
400
1
57
17
1587
421
451
13
74
31
297
289
523
86
359
11
318
35
108
50
1978
7
962
49
36
21
295
196
13
6
135
3
862
296
1530
146
5
88
1275
913
823
931
1867
5
46
1372
213
302
5
973
208
791
41
289
827
365
61
1
1
358
1942
27
108
73
759
734
2
1621
264
34
768
1653
20
260
882
1257
621
287
4
576
1969
651
93
1853
10
509
1261
8
1456
2
320
1671
894
619
391
210
107
76
874
1667
139
921
900
1668
634
40
33
63
499
387
1201
1
197
651
1277
128
32
493
1713
132
3
106
104
602
11
4
951
306
379
1094
646
1234
215
1
305
1
742
245
534
1040
1665
16
345
1198
19
943
1
378
1390
1339
377
157
8
413
108
1309
967
1306
149
506
1211
83
326
101
502
39
393
1269
493
1108
811
421
2
5
2
232
799
680
4
264
10
310
51
1233
810
575
591
484
63
1581
1181
49
198
1228
47
34
1585
9
738
1232
153
8
576
450
451
528
4
25
73
75
29
430
19
79
809
286
13
204
13
9
1432
1149
413
1868
1632
589
20
306
21
877
30
459
976
1118
1171
442
620
1
781
963
131
644
1349
1088
33
1
13
1439
487
1415
268
1892
847
1585
1673
19
123
12
990
48
1
774
571
300
1872
1
10
888
44
25
35
350
360
1241
47
1056
74
1145
1159
52
797
100
24
317
3
6
8
761
10
118
2
42
12
37
198
199
808
48
1
7
1467
422
563
177
447
47
359
320
5
301
3
62
7
1118
162
2
3
980
555
6
456
477
40
1339
298
1506
508
396
1902
763
204
100
94
18
1884
31
567
45
35
982
8
310
83
331
863
4
1037
233
1
55
1981
645
9
26
1309
56
24
1929
3
175
349
19
57
33
410
993
27
13
462
173
5
5
1
4
15
15
1
1194
799
347
946
510
1425
19
46
414
3
174
412
13
1280
106
595
1667
260
1597
11
777
198
100
205
987
3
50
13
466
354
54
306
1
47
20
1468
59
1793
212
20
54
35
1434
57
964
1703
2
192
626
80
1287
1034
157
265
42
40
1829
81
6
61
192
453
2
161
1393
384
1857
73
280
1
81
843
60
1550
18
341
365
1
1410
15
35
1
1253
520
48
128
77
15
223
10
281
244
7
1564
22
149
12
725
98
9
676
40
768
1
1392
39
319
43
92
21
36
125
236
1
1
196
977
36
106
88
174
388
799
1531
2
477
421
1
138
633
716
340
1062
220
4
1
1244
622
1
197
469
762
14
37
3
21
522
246
29
1041
52
1875
1110
105
1449
1294
1281
668
267
318
1511
1
14
417
359
596
5
131
30
1197
209
1862
861
1611
15
128
171
110
1495
1297
1211
580
1
553
265
1677
351
179
65
109
277
3
3
283
666
252
304
153
1571
144
3
6
296
1
35
5
515
1699
71
457
1380
407
1826
1279
253
82
3
566
88
222
1902
618
532
146
925
11
681
79
17
75
4
1257
24
230
6
39
31
2
13
4
1480
364
12
1536
2
1
190
1267
123
531
1620
1962
755
10
164
10
8
1900
883
42
127
114
1648
729
674
108
90
18
38
26
257
3
1376
1332
1206
3
7
49
1536
1314
1390
191
1631
249
1445
584
169
1
321
41
62
1361
448
1494
575
134
239
91
1427
187
97
1427
1989
18
553
536
93
45
1630
1478
606
397
728
1
265
3
1443
1062
480
1533
8
465
589
1308
1186
238
1684
200
1132
50
230
1
226
378
1921
120
1224
130
1011
226
745
154
1834
895
460
64
886
986
14
1932
612
1847
1842
1088
896
95
408
935
1
2
632
57
1379
1
364
1
38
35
435
1432
3
1
2
1744
340
20
103
1670
367
8
248
791
14
418
319
1743
842
465
274
27
161
1426
1742
2
15
2
1036
26
183
5
410
11
1733
1
69
157
35
296
100
476
158
53
307
65
9
378
48
58
437
1256
1035
34
1
1244
1482
139
1845
5
154
343
10
60
14
1
90
10
890
124
1
1825
432
1
25
74
470
37
18
779
909
3
1072
1660
1218
730
35
14
359
929
82
20
715
256
224
1718
5
3
233
166
122
46
1395
5
1219
55
121
50
122
21
243
167
1011
1456
99
1
904
916
10
24
14
861
1102
395
538
1033
29
803
62
1425
700
403
216
116
1492
1
5
1099
397
135
3
58
733
485
1604
111
1156
28
511
7
15
146
103
834
1
18
91
308
131
1995
1045
631
195
11
1875
6
106
80
101
26
1516
1568
244
668
414
79
2
29
34
982
12
3
68
361
12
214
5
1468
3
1228
413
10
296
17
91
1044
1
402
21
95
1433
1123
495
7
104
34
2
1735
349
13
159
390
44
2
15
49
1883
1486
8
359
3
1
1394
672
243
636
107
699
1051
1729
779
1391
1160
1591
41
328
491
30
12
45
31
25
1794
1709
758
339
4
838
1
15
1659
8
31
286
1689
3
50
179
1
31
120
13
771
364
336
1887
3
3
524
567
42
108
19
1515
168
1
164
6
411
87
63
5
47
1625
1
3
716
182
131
1
138
744
207
486
653
579
16
436
196
1
3
2
1849
618
1145
438
9
831
12
1986
146
391
55
106
296
1612
905
6
74
41
670
248
2
41
17
1606
165
16
559
575
1
829
399
1894
485
109
409
351
7
258
1811
1362
28
339
65
251
277
1460
3
701
53
762
1025
37
7
424
1996
461
706
37
1571
9
93
224
643
13
1713
338
258
1646
1313
439
1466
177
509
197
31
14
94
36
11
331
1247
53
1847
422
8
611
80
462
1274
86
1177
596
58
107
591
942
527
1182
182
449
340
663
872
174
1960
89
46
1142
1051
668
1
1086
6
1
164
1207
1019
1357
244
1046
28
1318
15
457
168
975
23
1086
43
71
1
4
7
1673
102
152
18
695
181
1
621
413
138
42
13
826
66
7
769
970
534
1581
1057
64
697
2
158
400
1839
976
1758
11
1116
26
122
773
3
713
11
2
1526
180
1
174
1668
143
26
6
1156
440
433
148
923
341
13
32
100
209
771
384
27
208
677
1946
919
76
74
1551
234
655
485
7
566
95
21
699
203
1854
21
282
258
133
221
132
950
133
1917
3
246
4
512
1866
19
24
1778
229
1
3
1086
403
38
10
277
264
71
17
282
75
1797
82
612
63
882
630
172
3
347
98
147
457
17
189
39
1079
149
1595
276
273
35
69
22
107
206
544
687
32
651
55
15
3
6
572
1761
9
830
106
203
774
14
263
220
69
97
1327
1918
937
1467
11
1426
1823
2
802
159
868
15
48
4
428
1
261
408
60
432
1822
69
1387
27
1901
607
1510
4
1457
805
15
867
16
1
78
1
32
141
5
43
1621
613
71
918
8
1819
463
1949
1730
50
468
265
1450
5
693
70
72
499
217
1035
230
1053
819
500
331
1567
190
1433
15
24
1
73
636
1
16
248
163
1868
35
2
628
125
182
275
1
123
512
67
1244
69
1883
8
255
269
1364
1842
1
694
264
1797
1109
209
483
243
357
280
1495
644
639
1615
544
57
1713
357
26
694
36
748
600
12
1280
3
2
178
70
37
1318
869
1946
219
21
498
154
140
1185
23
112
1186
1320
1
312
30
1
1005
882
45
778
6
1250
957
390
323
1254
423
6
1594
208
1368
1
469
163
1352
851
1241
179
44
12
842
5
76
1695
797
3
336
10
1
479
552
796
1694
1990
224
1058
703
195
811
21
720
633
30
207
25
42
422
382
197
650
1
14
452
5
1305
34
23
7
20
5
317
1154
1850
912
165
615
5
11
725
1003
454
32
444
3
9
139
127
6
64
58
275
369
178
60
174
1076
330
22
155
812
30
468
860
159
6
927
1237
3
1733
559
103
95
45
450
303
17
2
60
1279
1009
902
224
3
339
366
1982
136
1258
43
488
450
4
24
752
185
928
91
1018
3
134
107
160
736
405
100
9
294
5
1941
1289
7
172
1609
588
10
1073
3
57
549
126
23
42
174
41
80
218
84
727
120
1
118
39
1475
17
8
2
611
376
417
1553
482
73
358
1172
299
288
5
399
543
1221
962
2
135
2
83
244
7
2
1280
596
413
659
20
55
24
1
20
165
2
951
574
1744
673
86
5
32
143
1
775
506
3
11
105
867
372
1
7
1553
86
1920
32
75
93
55
115
1976
51
720
9
79
430
318
1509
290
32
2
598
137
126
15
220
180
162
80
21
107
5
253
1085
2
41
9
1758
3
500
7
1403
193
504
686
524
1241
516
2
3
36
2
1226
38
494
246
244
360
1
241
12
22
4
58
21
1384
1996
24
59
256
735
101
709
12
1547
300
25
1800
857
1715
11
2
126
1007
46
15
94
283
148
548
495
308
9
67
25
8
67
83
1065
1166
1835
96
35
109
261
53
74
16
1749
1
11
514
420
505
129
281
222
1486
581
1093
289
147
6
46
97
293
44
207
1
32
8
787
354
448
171
27
227
574
280
204
1082
1713
1
747
1000
12
1533
271
1990
5
9
1
294
3
1
1369
538
1
4
188
238
266
18
769
11
386
1
694
79
609
1014
1
572
61
3
2
120
1093
67
1157
68
1015
151
1528
55
112
601
91
1982
307
146
1281
691
172
67
35
891
38
178
2
946
210
1318
50
5
567
1504
901
774
861
109
25
1509
7
4
1280
1635
54
526
28
1976
19
1720
400
1158
182
185
1589
945
184
78
2
640
700
1032
804
300
91
84
346
10
385
349
175
47
28
202
5
8
1634
1276
1203
2
101
13
5
62
4
464
1297
24
852
5
276
33
18
1558
254
210
469
4
1216
448
1
123
224
22
67
129
1055
27
1367
1
19
163
439
1231
82
255
82
122
4
148
1791
379
1028
275
3
97
7
608
3
1293
1139
1007
1841
10
471
817
22
1717
1
10
161
1911
31
23
14
16
1150
106
255
153
54
1148
28
8
171
95
119
329
287
1
38
13
657
138
6
29
98
1058
57
44
57
729
43
429
561
11
787
1179
371
1129
1
5
125
1589
1750
2
1
4
23
140
12
61
143
7
1
952
3
864
1030
472
593
121
1853
354
501
1376
306
661
1061
291
1318
201
1035
1544
135
523
120
14
1761
12
789
58
32
28
1368
41
17
1280
1497
1681
7
636
328
496
1031
1
1023
1520
607
28
8
914
1640
409
24
1236
4
146
354
14
142
13
1906
1123
109
1151
404
855
20
275
2
317
168
720
26
240
29
795
1
437
63
1730
16
93
20
1147
5
199
40
63
29
49
311
307
28
636
2
3
2
3
955
482
1665
75
1627
53
227
1447
3
99
532
35
320
973
9
206
324
1990
367
864
1175
448
47
66
4
1338
48
29
374
949
411
966
132
25
1183
1487
52
1000
384
20
112
3
20
9
1438
123
817
287
2
1
1
269
132
51
1366
1177
619
126
269
751
43
20
8
1283
392
346
1080
3
2
539
2
305
216
183
313
34
238
12
1005
159
1764
98
12
48
469
75
224
174
583
19
351
57
1337
1
413
483
1672
52
2
68
687
20
7
71
1837
153
655
182
1902
1463
126
23
33
24
1
348
1336
725
4
50
121
455
165
37
5
520
634
54
1258
127
22
1
2
725
4
42
1588
451
499
1374
85
1903
697
885
457
60
1
366
275
1385
869
28
79
491
5
298
9
37
313
792
512
498
1
34
283
110
1054
114
539
1850
745
611
1
12
773
202
864
7
929
6
32
11
11
1
130
3
58
8
4
785
1186
14
1176
458
36
217
38
1
5
535
28
262
1875
901
179
2
22
123
3
81
6
4
2
3
5
160
1225
410
113
55
15
17
1158
1512
533
75
718
70
139
27
1408
145
2
1139
664
110
238
33
725
67
34
458
98
91
242
1611
91
11
311
6
1
204
2
409
579
1892
407
252
1505
1
734
717
107
34
333
833
507
172
264
366
1507
1798
32
30
51
58
36
41
428
1929
295
160
880
906
516
744
79
2
166
398
1027
231
446
18
72
1
729
482
66
13
1624
159
1277
1055
51
175
23
128
1
5
135
1740
712
1415
160
128
120
1086
790
1261
348
88
817
1349
4
216
2
191
23
178
40
36
684
1195
860
12
843
1275
523
734
53
1492
3
85
1766
694
15
1196
4
1931
5
170
83
23
476
1
382
1603
15
770
187
32
1905
21
996
10
582
710
855
437
344
872
881
139
80
5
39
4
1
288
655
791
155
797
16
1337
573
62
9
651
9
821
1502
589
111
19
4
951
76
1249
297
7
519
201
1678
253
13
934
1
25
1332
24
68
849
1685
910
441
254
1369
114
2
31
2
1748
1
198
439
10
1917
1959
1
1511
216
3
275
1881
948
1691
2
127
1720
1476
347
1139
2
18
635
1501
1421
285
1
383
87
526
399
1304
269
1
1894
20
606
81
300
101
119
39
171
525
5
45
8
432
45
1606
19
1250
211
898
913
164
356
193
701
783
871
34
209
1
25
1948
1550
476
32
377
35
399
14
15
281
634
3
906
310
913
724
1107
39
1470
1
140
3
3
951
98
514
15
31
9
242
956
437
185
7
1912
123
126
100
585
1680
865
1945
97
4
672
1588
476
20
542
251
32
31
16
1
1753
1863
178
1100
474
993
6
5
213
2
38
128
9
214
6
1175
196
961
650
156
184
209
298
51
90
29
84
82
73
77
106
477
21
1885
968
82
733
212
69
189
13
1810
4
1088
14
855
3
3
167
644
849
12
657
39
1
40
418
80
21
20
140
256
408
323
218
180
5
136
853
349
729
1461
453
593
30
11
1
42
16
717
36
1545
1906
459
1594
249
1880
1036
13
30
61
272
4
1320
16
573
11
349
266
886
4
1310
144
5
53
1722
122
3
413
808
557
330
149
32
309
59
1264
49
43
1283
240
1
368
103
322
1
3
943
315
1922
9
1081
1330
433
304
273
12
18
76
22
13
498
1982
375
657
20
41
82
14
302
227
1453
4
77
1543
32
90
7
151
3
104
579
74
243
692
310
51
19
17
620
389
106
1513
323
509
9
7
52
1
9
1291
168
1218
2
42
376
535
263
4
32
91
1
106
14
1
408
84
3
3
11
2
974
75
1751
695
336
6
742
1936
51
2
149
116
696
38
263
1837
24
81
1617
1135
7
4
39
301
108
86
3
309
908
46
2
72
130
676
326
1
28
18
182
121
1098
907
139
88
1078
1516
1
25
282
979
157
6
448
161
18
11
1041
557
303
1255
3
8
25
7
12
18
242
55
53
10
484
1025
468
352
72
281
1
25
546
206
434
738
19
76
1064
49
1
1477
57
1987
1777
1
15
1
5
172
121
256
7
5
3
62
123
90
272
324
2
1
104
104
50
2
2
54
104
1768
148
1233
568
453
8
1288
56
32
5
18
1377
165
109
12
1302
1064
255
85
482
1
467
2
517
1
53
46
2
969
191
22
1376
15
1219
101
254
55
88
508
47
569
1115
266
516
49
6
1264
2
1148
1954
1180
179
1051
1230
1
14
1808
611
1422
44
297
36
217
1760
13
4
1
13
389
22
506
142
1988
3
990
330
170
27
88
681
311
419
4
1519
473
41
11
19
2
824
1423
959
1433
32
58
616
202
1419
831
264
1
1
774
121
293
1663
1168
1346
35
102
134
8
17
1929
1364
453
17
13
10
64
744
1250
1
355
64
4
1
1472
993
14
17
8
87
415
433
683
80
59
5
33
361
633
6
1858
81
163
15
553
550
434
2
1788
338
1
5
1817
276
22
1
1156
259
1174
496
1293
139
472
61
1365
113
47
1850
136
1422
675
1202
1399
1679
434
836
1
1891
18
135
1843
77
632
66
651
12
54
2
6
1472
111
1104
15
1
1124
1293
22
1525
511
272
74
545
114
27
39
82
4
153
1695
242
180
882
283
1
1697
1054
353
488
8
907
1258
424
329
196
186
150
22
360
501
294
1702
5
78
37
1688
809
171
15
121
675
1
537
211
3
649
1841
203
443
5
213
8
1790
1127
76
70
301
142
11
67
114
851
30
1409
23
1137
1631
316
939
186
277
36
91
5
169
3
2
1
12
658
38
1524
177
32
283
272
441
1183
268
1322
1967
2
90
60
5
146
4
2
47
164
1807
141
189
244
3
308
27
20
302
339
523
90
725
1504
159
46
76
770
212
1599
8
659
1229
1776
28
106
683
6
1442
4
1551
1063
1
46
204
1
195
134
1205
1
60
150
71
1
1
435
210
1236
38
141
143
8
78
32
178
420
93
5
356
3
2
11
120
78
1135
16
73
129
47
1434
1906
960
2
1949
4
835
12
1
30
41
314
717
20
7
96
784
185
170
471
73
1762
555
24
93
76
204
56
1546
140
34
901
36
859
787
786
5
61
73
503
1073
28
922
290
564
196
1011
511
1149
145
493
62
1776
626
65
1386
5
102
470
46
207
96
44
1468
663
1921
933
8
53
175
204
1
254
1482
1533
1574
292
179
8
29
41
1368
352
566
26
1750
10
201
66
367
53
46
599
36
1478
1013
204
140
119
1097
780
330
113
172
1
280
25
9
23
1
1393
336
247
588
569
176
8
1581
725
606
342
105
924
441
120
434
52
87
393
781
1919
271
474
103
520
134
29
3
34
729
13
3
1145
605
584
1667
645
739
11
1416
225
1415
404
454
178
360
1021
403
1073
39
9
632
19
813
108
29
8
444
1867
148
719
798
253
164
450
28
28
279
4
1
147
1407
1897
615
2
1635
378
92
500
68
799
1449
248
782
678
1
115
324
342
44
61
857
664
1042
820
1590
718
335
119
40
73
1432
56
171
673
27
52
1718
67
33
47
98
1570
1548
1313
819
12
162
862
78
10
1406
57
94
1067
178
1708
192
37
198
394
1634
32
22
421
15
3
114
976
78
1271
178
130
116
438
652
49
543
1632
118
81
944
287
12
405
1
1724
333
1405
1695
592
4
12
7
1167
105
53
723
4
1
94
50
1351
401
1961
367
566
1592
1021
1524
11
983
938
726
15
198
3
180
1175
254
937
187
711
2
820
129
30
143
1
35
1
46
890
229
22
1129
23
19
5
480
1270
1
8
309
454
1
334
1516
81
1001
26
2
429
34
4
7
893
222
4
1533
6
690
956
68
183
23
1104
91
532
817
1
1402
72
1
1373
23
33
69
5
16
42
30
996
149
356
4
413
222
12
181
3
376
1145
3
1962
1536
51
623
973
1442
655
24
78
29
875
53
1518
23
12
837
55
24
4
259
227
1034
135
1689
820
615
911
1
931
1365
27
393
60
87
1740
1805
799
796
118
6
840
708
701
612
1841
1932
2
1239
361
75
328
14
27
63
17
18
457
167
1537
47
24
13
32
487
317
31
1979
3
83
1771
6
847
917
71
1169
694
2
1383
11
1313
47
322
572
33
897
560
185
76
962
3
2
894
29
834
12
61
1728
513
1377
1621
1703
20
296
28
763
41
116
11
147
722
1040
239
49
15
1289
213
347
260
12
17
1323
46
268
2
19
281
567
4
3
577
170
1254
84
7
1728
2
11
898
8
1982
307
5
1
18
32
1782
6
1132
4
87
32
243
1331
723
124
245
193
3
187
213
760
10
89
28
1
406
431
1714
804
773
63
541
1
454
92
1932
78
930
1128
1
46
1572
41
822
5
1016
2
294
10
1749
598
1053
2
852
238
887
232
198
6
2
803
1295
636
147
16
1
1
1769
407
795
226
31
1136
172
663
222
190
524
31
3
1
410
1066
1254
1350
48
1123
1
32
839
587
69
1284
73
178
36
59
3
784
4
2
1059
3
1028
149
114
494
478
1671
568
478
837
95
1039
24
1427
375
460
82
745
76
1
11
88
1546
637
169
1520
7
1
25
842
167
1605
11
27
1
1628
1479
1683
627
20
1
202
121
2
4
31
1539
14
58
1207
4
23
105
31
34
192
329
3
1466
46
18
564
4
174
746
140
126
313
39
6
1386
8
508
7
324
1761
11
37
13
114
151
511
1520
1632
709
417
8
584
65
909
7
110
24
1782
651
1351
1012
6
125
133
36
92
195
1905
7
21
501
1275
237
1749
276
77
138
949
606
43
1549
239
647
700
74
1092
586
5
225
67
1793
26
1197
93
879
381
1
78
664
1
51
1367
1
156
158
684
140
17
91
107
16
664
280
253
1029
499
151
163
1449
185
134
22
12
352
84
1379
673
1062
582
4
26
1
64
475
22
883
147
678
367
54
337
1
14
67
587
57
852
1144
7
623
1198
397
1413
97
13
6
26
1
1303
1717
508
767
11
501
9
1
449
1140
287
164
180
25
277
159
55
6
534
193
19
90
1047
1537
640
1
6
159
1
7
673
63
222
107
1024
244
45
457
55
491
614
21
60
1
314
98
1728
339
30
679
226
381
477
126
736
1171
18
6
997
104
352
790
1850
1666
66
241
1
1665
390
482
1963
941
1
22
711
353
1218
235
420
15
167
412
364
220
1047
56
5
2
162
562
1561
1
68
1777
518
5
4
27
771
6
1594
826
1082
1752
166
150
21
158
1342
144
26
63
202
1836
250
75
396
1
1
402
22
94
2
33
666
855
1325
41
5
1318
476
84
20
226
1641
781
1961
1
74
2
492
8
48
1220
34
1961
325
1345
270
358
62
1547
331
24
109
5
509
136
52
247
78
32
76
1
165
539
51
1320
227
105
4
99
1220
1569
134
139
1
160
1630
270
594
23
1411
262
85
387
931
125
5
734
81
20
318
453
121
331
11
107
1771
329
1173
41
1930
88
668
9
988
146
1437
1732
27
628
32
500
169
33
1
1
8
240
973
438
904
1505
109
330
18
33
6
1
1026
236
1039
1
2
2
1392
162
1213
4
1039
543
47
1041
4
16
1934
6
108
929
3
93
158
129
1
19
1191
770
15
29
983
532
208
5
55
9
1523
208
38
703
1074
13
61
2
297
5
234
783
1862
19
1544
249
846
1832
1150
576
3
1290
436
1
21
557
513
411
68
20
41
2
8
1677
1609
262
353
117
1219
10
7
113
8
58
1160
425
554
674
276
242
1241
9
683
16
40
58
1045
20
1825
8
613
587
160
1946
1971
32
1099
422
3
596
4
119
1165
78
523
2
1117
20
71
9
1347
30
1716
141
969
901
547
41
97
1017
576
68
1626
56
65
1062
31
886
63
1753
428
1
92
298
35
1264
1043
6
100
95
35
314
127
93
139
205
175
1542
183
1243
2
457
1572
3
210
1097
4
832
506
1080
268
349
1947
62
1
103
228
980
329
1677
4
6
729
535
228
1747
10
1495
6
59
428
106
9
3
508
156
569
43
13
935
866
295
21
84
10
703
88
300
1739
26
748
595
13
821
20
870
56
102
409
1180
164
93
656
351
19
144
681
132
126
27
342
619
600
1502
1170
3
29
1
396
15
854
3
5
2
1873
131
459
4
17
77
551
1311
696
1323
875
1399
36
432
1795
427
51
17
1726
50
408
1016
29
1019
240
133
1273
414
397
125
556
181
27
120
3
342
10
659
1230
79
49
376
69
825
16
1
7
372
3
1
337
1879
378
121
323
579
173
765
1385
720
278
1044
11
5
2
653
1361
565
703
137
24
1535
1
238
176
507
42
10
6
81
835
517
37
1867
21
76
216
2
1173
1163
7
1318
935
358
156
46
13
59
1866
31
217
4
132
827
875
50
2
738
147
935
10
1239
4
77
1483
230
524
45
40
1435
651
1033
793
1471
576
321
12
84
1
380
344
99
21
38
905
69
468
1071
81
434
580
197
431
1338
11
464
1285
708
102
93
3
794
1776
35
402
108
198
453
108
1190
1799
12
40
337
1874
3
323
703
28
164
12
1
3
1375
905
1936
169
684
87
1191
248
1660
21
97
108
1351
125
1339
888
124
5
9
123
594
34
571
9
352
1479
443
73
435
372
59
362
1082
559
1
22
112
619
723
65
4
76
42
5
80
707
23
99
448
332
3
787
1523
1186
24
1627
965
400
13
802
1014
79
1815
92
540
31
1145
1166
1065
956
1912
1
854
20
47
167
1591
1210
1259
1
1265
1546
105
280
1658
1
42
496
176
1555
669
1
363
1895
1055
133
27
1025
280
482
1964
226
4
676
14
81
816
58
148
6
9
413
827
1299
16
89
21
4
1835
744
1977
132
1882
67
155
1968
102
25
165
269
1
221
1430
33
398
357
4
391
1204
531
190
12
1148
34
644
1458
65
16
294
1200
172
132
22
225
1
23
958
36
91
27
1573
226
49
1878
1488
187
88
92
3
8
600
177
789
1524
1663
3
1977
52
3
5
81
1
116
770
18
482
31
258
1059
20
14
689
102
1238
84
355
10
380
310
190
1307
14
56
141
562
147
1248
1
349
631
1671
275
15
762
143
203
942
366
1410
1234
82
53
1550
893
257
232
392
94
482
5
14
4
108
12
17
62
1
1116
18
1319
148
1
179
382
110
3
14
1114
32
573
2
1
657
2
124
68
443
63
624
1378
33
280
201
36
113
1660
1070
11
232
1406
15
10
438
1
278
18
13
647
43
834
2
22
783
345
93
11
887
149
1584
233
125
1453
374
55
1043
1190
16
889
1010
710
250
33
10
1
244
28
1758
5
1922
4
10
1936
62
1
362
5
191
766
1121
69
10
388
967
6
47
456
749
1270
378
29
200
1922
462
1006
292
625
98
4
33
1700
18
596
153
1596
659
271
545
63
97
1
46
21
107
108
1128
42
289
6
3
2
22
14
1430
681
1013
2
200
40
108
587
622
1542
6
113
370
60
382
304
1069
3
7
1897
97
580
211
1
564
93
128
90
42
171
504
27
1579
242
358
9
63
1622
46
79
297
6
1100
1461
257
55
250
130
1522
574
4
7
2
410
261
836
23
279
504
1750
23
1476
8
781
2
2
274
194
217
64
67
1
68
3
436
1098
1471
1638
1
1167
121
7
149
238
259
699
1
1239
37
1
678
2
1864
927
13
1010
289
27
1262
284
267
16
1
29
488
66
382
1236
132
18
18
9
10
105
1055
2
306
1056
1376
1687
1379
521
38
4
3
291
84
239
52
99
1301
1955
97
323
574
104
1946
1911
138
331
223
726
1132
157
1432
324
1
56
12
31
20
155
555
506
886
404
620
19
17
23
4
77
230
18
269
29
126
10
103
1317
1872
1
9
101
124
1
477
1314
545
14
379
202
1961
862
2
469
13
431
1180
402
383
745
85
364
10
711
159
1
1534
59
16
387
64
194
1171
95
1249
3
147
322
1521
1624
689
85
1369
7
1
1828
74
1091
23
682
1805
91
285
228
606
22
1342
96
769
5
2
78
1
1009
3
123
3
1620
298
1468
28
728
1155
295
35
51
36
3
21
1
209
358
41
1003
30
14
14
8
1941
1
79
1068
34
82
211
1971
54
10
848
200
1247
30
210
1205
43
329
22
34
55
481
2
24
5
1230
1823
165
91
2
519
4
1761
94
635
1
2
1
1250
58
533
311
320
211
26
507
2
11
32
11
88
40
769
117
55
555
1000
76
1365
1045
370
994
211
1075
14
1
412
1873
59
9
6
40
150
1704
84
5
16
3
1585
2
106
45
2
571
33
1288
1751
221
107
88
19
5
7
1558
13
1310
57
1499
28
359
831
141
21
7
10
1882
15
650
1047
13
275
21
1288
123
1300
1
1341
30
377
2
1253
3
124
555
68
697
157
246
1365
1802
497
1762
716
777
1918
1536
704
979
520
7
105
1146
1292
31
1264
727
1
23
30
1557
8
1664
34
492
303
180
161
384
4
113
229
520
500
1720
1726
329
313
287
654
1
1089
825
19
102
20
260
1268
1
14
352
446
605
127
4
192
199
1014
1220
52
358
22
260
984
1790
372
1053
1
377
35
13
1
6
233
1
1537
1646
76
2
189
54
46
423
12
2
18
401
9
52
24
1
1732
743
1301
1242
1032
978
799
3
3
1314
70
6
38
120
13
92
358
1486
1889
897
502
31
16
34
1493
728
756
259
443
3
135
496
3
15
260
257
6
21
447
96
11
275
289
432
1
93
254
1245
284
1964
998
1742
29
806
334
55
1126
139
169
66
224
833
484
2
385
187
479
40
165
1481
1813
1457
82
1724
190
1
1429
833
1011
34
544
610
24
314
575
423
242
2
1444
16
457
365
495
9
486
67
12
1445
1738
333
324
27
5
932
165
1
441
91
15
109
278
155
1134
1
1577
54
1
1186
1650
1606
29
645
420
1958
1454
498
41
2
81
1
144
6
6
1
308
96
1658
1469
631
499
1627
2
41
138
219
40
2
32
41
94
560
1621
501
92
9
8
754
5
3
3
416
51
114
121
8
189
3
274
37
23
145
5
1150
1343
140
110
6
1098
139
320
28
1267
11
331
210
368
50
1806
5
543
574
1327
20
1
1315
188
165
33
1
1
1493
154
968
87
124
82
125
507
185
138
7
999
91
1805
912
71
257
190
76
1
62
12
85
314
88
357
1039
15
260
3
1361
481
7
239
495
906
502
1348
839
1
1287
200
286
1625
18
16
198
7
29
120
39
428
132
352
2
753
1419
2
22
874
646
16
24
2
342
232
38
1371
1829
3
393
51
55
5
267
1140
481
1585
151
2
26
3
381
157
6
1285
89
1687
196
18
518
447
658
66
1001
94
100
144
1152
562
34
894
1441
1549
28
17
117
46
1205
279
1717
167
155
814
1925
796
2
287
6
660
1
435
4
741
25
200
40
356
96
1557
740
1096
159
52
542
1120
609
954
6
1132
1388
5
3
1195
1077
86
1332
836
32
1
443
24
460
878
3
79
677
33
22
67
72
22
951
251
1120
112
18
1035
7
26
368
1054
1467
221
81
15
11
12
1
1128
19
1037
1811
83
98
1
164
1452
1204
202
1
118
955
39
326
36
26
419
1130
5
283
1721
20
901
763
1310
43
655
853
23
10
52
74
23
1357
1
99
1250
13
2
609
1
44
220
1418
77
1652
939
1733
1742
15
53
16
15
176
1573
32
1190
15
163
74
2
4
6
42
1003
4
1261
496
749
94
1597
620
2
324
731
4
5
1142
3
41
337
2
21
46
2
1997
120
20
15
50
1507
509
1206
36
22
51
9
1046
222
298
215
220
85
3
557
181
1282
775
57
137
28
1572
28
197
21
1187
22
1
355
1487
722
197
459
9
2
35
561
72
4
11
8
638
1343
313
1
4
691
1
211
109
167
141
616
607
295
20
76
110
1003
595
916
1928
373
120
614
83
1696
260
3
165
1050
1774
64
35
504
1265
1427
1368
1505
62
66
42
1555
6
45
45
270
314
10
566
48
1028
66
601
150
139
813
53
748
2
4
19
236
32
54
161
86
1047
11
536
275
196
10
256
129
63
126
1016
798
136
1325
359
3
34
239
14
741
20
131
96
28
823
57
81
82
39
143
214
13
156
366
174
178
370
516
741
62
845
212
78
1511
354
425
1839
661
90
770
1897
26
12
55
492
1
1128
687
24
12
1
170
1
18
1562
64
931
33
592
89
2
513
828
323
1166
1881
48
5
8
116
812
1
1
46
1686
1435
1416
6
1937
123
37
33
1908
203
3
708
1317
15
956
285
1
174
358
219
948
91
196
267
138
744
674
1814
865
948
1029
16
3
3
337
596
187
1348
88
10
989
1991
158
4
523
98
584
726
233
687
278
568
17
117
35
85
4
134
29
1524
25
407
5
331
9
427
70
1117
35
52
321
63
12
964
116
470
861
507
20
467
208
53
1255
667
134
33
1600
13
728
1204
45
196
1353
149
766
215
41
8
1
6
351
67
320
3
66
1591
95
627
10
26
20
27
516
2
1461
129
113
3
31
35
1899
18
65
110
59
1
1968
484
5
142
1
1
61
62
1679
6
7
147
1012
9
145
10
1684
111
60
1220
77
881
1155
1813
9
63
2
4
1836
361
317
305
32
75
42
292
221
259
2
1348
1
11
107
47
6
368
1230
1299
568
174
1763
92
338
256
246
88
822
1090
7
186
347
103
749
3
12
131
33
26
1990
153
1241
35
187
800
90
12
1599
399
20
20
1913
1669
82
32
1409
99
213
236
114
332
46
1057
413
1
437
953
3
214
1
23
1119
1
84
1
496
758
5
11
890
7
435
43
8
1415
1
9
28
577
4
222
182
3
624
11
937
26
248
1104
149
4
17
4
35
1557
1176
1
420
767
128
13
176
6
243
18
33
25
69
539
884
22
209
1660
126
38
38
1609
1
190
242
111
6
53
44
645
34
628
99
22
26
117
397
444
459
59
22
1
137
23
5
1
79
6
158
3
1232
35
55
1347
57
3
1058
177
407
210
1220
1041
950
979
4
107
44
649
244
981
587
357
1595
3
975
225
27
27
459
23
73
464
43
1939
1659
116
572
1616
1
137
666
1
82
166
12
39
229
405
128
1986
1158
269
18
1511
1132
25
251
6
73
501
471
24
1077
188
4
10
166
1
27
3
1
41
1
370
1
17
12
404
35
1
616
1655
1407
130
21
1635
11
225
134
1219
7
20
1615
83
270
4
225
89
1048
243
357
878
322
335
258
366
1369
3
784
1331
1
120
7
1
952
7
482
25
51
94
19
444
14
43
16
1328
1707
447
106
1701
1
176
1
7
334
444
5
656
53
745
510
1166
1511
6
1046
1561
15
1663
144
1105
2
621
16
19
195
307
1679
56
6
330
63
92
27
92
729
214
49
1047
41
1
1734
831
1415
273
1696
11
164
467
1
1058
376
1256
1787
236
309
2
528
746
263
1
383
146
1671
1071
44
36
355
1324
1781
1263
44
1912
181
1990
176
285
1663
4
79
1037
1846
1079
75
153
117
1909
1
78
712
1065
26
1
2
991
134
193
1
6
1483
638
393
1073
217
39
31
331
7
601
1263
358
21
21
496
486
396
584
10
81
892
1649
4
1515
181
3
3
1
1451
4
824
1226
1613
70
38
90
1034
1183
410
771
12
400
6
14
4
34
544
475
17
677
64
957
24
53
489
80
51
27
900
192
57
186
229
1425
4
452
319
1188
1314
5
31
170
63
706
74
97
866
29
351
1526
435
805
733
38
341
1126
13
20
1124
3
220
66
1327
1111
113
1684
358
467
30
271
38
413
95
936
180
293
349
159
1413
71
110
1648
94
1251
36
1583
670
8
36
198
818
72
4
405
9
1151
784
524
63
9
315
6
71
188
1503
782
1942
575
3
989
191
1086
249
348
805
563
6
32
33
929
51
1059
871
1863
808
9
34
54
234
235
645
9
5
686
2
1189
36
4
16
63
101
971
2
102
1
120
1256
13
1336
19
15
4
33
49
3
627
85
1081
46
1
1740
967
19
570
1474
9
10
189
119
295
111
798
52
1406
79
12
66
140
92
2
6
510
360
80
15
111
35
108
534
64
116
1
538
216
552
503
14
1282
16
9
1230
246
1609
3
39
363
1760
685
1
528
39
2
1784
1416
107
1295
697
1
993
530
1860
232
1394
128
4
265
1210
127
1297
1040
47
223
304
466
1035
1189
1754
901
144
25
116
283
29
82
19
16
1145
3
506
3
41
129
90
540
23
263
104
3
815
49
11
246
1269
750
1240
226
6
171
26
429
1715
6
738
438
1048
15
168
920
662
1
136
770
690
313
791
682
34
807
2
724
546
207
206
641
4
5
41
71
434
1416
836
544
144
15
1192
110
4
690
3
101
2
82
1386
21
384
249
1
172
632
9
515
43
547
53
1264
7
141
273
269
76
116
634
81
299
5
247
50
28
587
243
49
19
434
1188
605
290
153
155
24
526
8
42
201
1116
814
228
991
1093
433
663
2
723
8
411
20
1448
25
2
12
106
211
4
1071
482
2
543
1002
1
1701
214
1359
235
2
314
549
255
878
379
1242
636
1052
1675
844
6
1625
1297
155
1028
11
1997
1031
900
146
1305
275
449
59
1284
204
900
1952
1
55
9
220
882
7
9
632
91
22
23
1
57
87
19
1107
36
483
231
1520
1
181
70
202
656
1851
844
1
1322
133
1
1621
20
1
164
1171
254
106
653
178
883
325
900
286
19
41
49
4
2
615
110
58
545
158
70
1
54
33
10
1
1262
391
27
1382
349
68
14
185
81
404
3
178
39
409
464
684
2
219
38
42
3
1
200
69
1103
39
74
29
57
10
1478
4
106
27
108
151
1015
418
28
250
50
3
1013
147
244
880
30
1566
5
570
249
343
552
1070
1634
128
16
30
20
55
70
43
551
24
560
1155
270
173
16
1240
1218
317
1282
1
119
16
9
10
2
72
16
1
1962
321
153
434
167
1025
836
870
1162
558
993
148
1937
6
1
482
688
95
1353
335
17
156
1494
4
190
111
143
14
225
189
5
292
79
329
51
44
676
356
3
10
1160
1565
13
810
39
1479
1333
652
5
1507
228
1044
702
1804
461
705
652
1315
836
35
42
11
142
244
1
102
1
1209
3
366
1
85
526
1
1536
501
13
1190
398
84
200
94
943
13
13
1128
10
1007
279
40
1891
23
157
645
983
1612
194
14
19
3
20
167
887
30
1880
1151
7
320
202
1476
19
372
12
28
6
943
15
1
707
1857
1116
126
1436
652
14
9
109
750
92
15
357
2
43
1
164
79
1893
7
811
856
464
10
950
1
1741
898
848
645
7
113
142
1
64
49
1
11
1115
207
250
1
637
300
2
195
20
230
1584
4
155
939
3
1199
588
72
1948
92
577
70
1418
413
80
323
775
1330
8
317
244
450
7
37
846
1176
953
6
96
9
448
196
325
390
425
211
229
152
455
82
627
393
77
5
30
11
25
4
1532
19
869
35
72
268
104
1338
679
1253
37
269
134
299
36
376
1253
7
452
78
8
524
359
87
434
41
15
37
32
41
744
775
25
227
78
1537
1607
258
108
1067
7
1306
1
913
234
13
22
15
21
1188
541
960
3
32
25
773
161
1
1976
8
93
68
47
230
1930
181
27
1892
449
843
16
10
825
790
81
60
1
1
1719
78
29
100
34
1426
9
1123
20
830
40
16
12
10
519
86
2
475
186
45
12
466
1838
693
260
1358
67
97
2
1242
25
43
17
1119
17
99
154
1
5
1478
28
15
11
94
69
939
77
204
558
20
1374
891
27
19
85
8
6
290
158
315
1259
403
6
423
849
27
291
1464
610
1186
483
65
43
101
1
1732
1705
37
1739
6
39
254
712
3
1061
6
1873
268
3
1146
7
745
2
3
1583
25
6
614
774
17
1153
1208
638
181
724
18
80
5
1660
4
4
10
499
135
544
36
6
586
96
7
40
1429
2
374
15
304
924
4
4
1
928
5
959
21
1736
4
81
648
226
29
9
65
1058
19
1
993
635
1428
667
19
1
1
752
36
1945
1000
47
121
375
1204
1004
238
13
491
1079
470
1
5
429
419
291
281
55
5
1058
48
745
898
1974
6
339
1
125
836
764
452
162
1397
105
174
871
7
261
497
64
738
101
153
41
1771
22
66
22
10
182
164
646
120
14
139
14
306
12
6
445
76
90
79
763
247
1767
14
290
7
24
494
1088
378
85
64
5
198
1226
2
329
139
18
227
2
470
85
10
46
3
364
265
1003
1606
51
221
1
18
4
451
3
808
1998
223
1
7
715
7
1327
51
1227
574
933
18
467
709
378
21
5
257
1276
1212
198
4
89
568
93
8
78
97
1
1946
1527
25
20
1416
114
805
843
384
23
1
93
2
1734
870
1681
27
82
30
349
615
4
1688
156
622
1317
479
75
111
55
3
11
945
6
3
318
928
1252
57
96
1
1564
859
1857
19
812
299
132
21
3
568
1269
194
73
1294
1554
600
27
1023
1243
41
326
2
696
2
1258
1
165
252
47
104
1913
673
526
879
183
81
503
909
8
1949
5
1
1767
7
1
67
1416
112
135
1
279
58
95
550
1845
1721
74
24
571
202
24
282
3
342
726
1701
421
1327
504
2
19
47
21
20
59
1338
1217
77
10
1084
401
108
365
203
204
452
1077
703
933
6
1799
51
661
94
30
1375
10
4
307
1
1415
658
134
14
127
10
1063
19
7
496
1304
365
17
1629
486
1127
1506
23
57
941
16
35
360
2
311
6
28
169
1136
10
53
400
320
1718
157
122
183
1702
525
44
1117
120
854
7
79
134
1230
300
48
598
920
30
1
2
293
778
293
286
1
35
1859
113
109
3
415
57
213
80
39
834
557
840
597
1968
1406
93
109
85
1890
169
5
1017
7
369
152
1589
525
1366
121
119
14
23
2
345
7
511
512
9
518
509
552
97
1624
43
113
30
47
1634
698
528
198
144
609
2
582
519
252
212
1
1878
1163
993
9
2
455
2
3
696
197
1316
21
9
304
15
868
1
1850
2
57
51
18
465
1981
123
762
4
708
1010
574
27
997
4
1338
907
4
4
41
1648
4
168
81
3
1916
59
41
4
22
644
803
36
1431
8
516
779
1205
3
9
953
242
13
908
1993
149
553
180
444
656
378
3
1
9
19
1
1582
696
142
489
79
1
536
137
1950
121
1955
125
411
1464
390
135
1660
935
1141
151
2
1990
1271
40
1387
1323
1820
515
892
32
15
131
1511
17
1268
288
1593
18
87
223
538
319
95
7
1648
315
350
30
550
258
923
988
251
7
138
211
55
143
43
56
27
849
56
871
2
517
33
1479
2
258
220
52
1025
15
108
1015
38
1514
279
1101
659
237
1
30
855
1328
1760
142
1728
69
634
1215
9
644
712
72
2
166
189
1026
80
487
1
370
21
18
1129
619
1225
6
1
220
49
271
764
1275
1077
248
1588
21
1208
31
748
1342
9
9
731
8
1994
732
740
483
1574
272
77
30
132
55
995
28
45
381
1273
1
2
21
77
14
187
93
143
7
989
820
4
36
579
5
570
1287
1166
177
540
816
320
9
291
1480
3
664
1117
2
1107
34
896
1431
490
971
1528
362
1695
950
383
30
177
4
3
18
1300
856
213
30
1339
314
1676
18
774
309
157
305
154
519
734
1358
373
5
1606
1
35
610
149
1174
435
3
1783
11
103
85
142
219
1190
6
418
273
374
481
159
18
244
1657
1813
1517
24
132
93
249
1226
1131
415
165
24
7
263
435
6
1338
574
63
395
1
78
133
489
909
29
764
22
698
1462
19
726
263
1161
173
1055
5
43
16
544
63
1153
358
81
167
1146
293
762
1918
34
559
335
174
1693
79
9
43
496
837
48
647
150
12
3
823
752
12
339
802
12
96
41
654
17
72
1
35
247
63
1890
163
1085
723
4
58
1
7
27
136
962
14
3
1839
1173
1292
182
1924
587
85
33
251
179
2
35
301
122
47
59
70
39
192
172
32
159
233
14
1286
19
496
5
3
1028
1534
572
252
163
835
544
1583
685
58
94
412
60
10
43
1149
850
273
1341
539
21
44
30
1369
18
337
185
665
1
195
171
1266
559
306
273
373
1337
191
227
66
1104
512
92
101
1
115
29
516
8
219
123
278
325
913
574
351
87
521
1
248
701
1512
635
1
1658
22
148
85
142
1420
201
233
312
669
12
684
3
1
6
5
3
25
99
3
350
89
2
11
1735
303
1488
1
388
206
1433
43
61
5
152
291
1207
14
1
1974
18
16
32
67
79
4
1520
510
11
3
90
142
177
1
110
8
131
44
97
1182
1
4
591
93
2
1414
175
381
331
330
505
589
65
493
563
61
14
1602
73
142
9
18
26
817
76
1310
23
776
1185
66
1087
745
403
38
1895
62
9
5
20
743
24
4
207
8
210
2
72
1921
19
1
830
477
128
8
28
1932
46
242
7
1694
88
108
1
545
426
581
1521
328
122
166
1
620
1
1757
1
168
747
5
22
840
1110
81
17
894
1902
124
20
21
1
1008
1
992
2
39
585
616
76
1357
730
462
845
44
762
154
1
1490
41
858
1900
1684
37
167
1167
602
2
1
266
127
2
370
251
54
133
2
10
1795
1006
670
1932
153
1439
1343
136
1147
18
8
448
5
96
1799
785
71
278
27
36
271
682
688
502
26
47
1
1923
1782
20
89
1601
302
47
1828
7
2
4
7
3
101
10
26
1380
61
289
1486
107
1692
59
2
596
708
445
1275
104
937
1196
163
103
154
1596
1162
810
182
25
1661
209
1284
744
683
17
15
266
55
335
1470
474
1893
17
10
7
9
39
255
7
576
16
1361
140
194
35
4
1600
240
53
567
4
1022
6
921
120
1362
236
451
70
159
213
837
1019
2
1
63
475
1532
497
110
33
1072
1116
15
686
1374
678
74
20
1025
27
129
250
193
3
551
1490
6
41
1241
220
1314
1
1270
10
13
88
742
108
1946
1774
1953
1640
1056
659
1471
8
433
8
607
109
352
1162
25
192
3
433
617
387
1338
10
43
1
1
8
305
315
131
48
25
1632
254
268
824
17
1589
14
7
677
723
505
1
173
10
250
1733
1810
120
294
62
462
111
1080
458
57
949
47
480
52
1
1749
344
578
1366
2
276
1106
2
85
450
611
690
544
1
74
5
239
1876
1477
812
703
83
262
179
342
567
1799
755
17
261
699
945
1346
1
14
269
504
1
1290
161
48
6
301
797
187
2
1
2
409
475
1662
1
11
1847
404
412
54
1
11
52
173
65
72
306
958
1094
34
32
965
1
335
483
1991
404
333
1909
1
864
1
186
2
505
412
40
324
789
12
234
187
1036
1015
766
66
611
1915
30
1499
63
239
509
20
350
28
1726
246
23
675
1684
2
984
734
695
125
1129
91
544
249
1
82
993
1202
527
587
221
688
11
24
2
10
559
13
428
235
524
193
6
68
86
26
1290
236
291
1335
1303
96
70
138
127
72
1967
1366
855
64
230
53
462
50
4
674
774
92
9
158
1061
1157
10
1264
1685
110
114
33
851
1
1725
344
3
53
150
274
1
1255
1
2
7
1
9
2
41
1256
12
69
2
98
129
1055
121
1
816
3
974
2
872
5
5
802
1165
2
85
1687
771
3
321
14
55
43
425
1442
52
105
126
1566
735
1608
5
986
826
368
1358
69
325
701
12
278
1
26
673
164
633
541
32
243
1488
11
15
104
256
22
534
349
104
371
2
16
1375
1854
597
5
60
604
12
40
1094
376
10
7
198
1102
1223
2
893
903
11
7
207
548
1962
1829
676
1660
10
883
1
12
949
74
608
135
190
3
1453
112
308
1434
6
506
844
1
375
11
245
1996
11
70
102
445
186
690
7
74
1214
123
315
177
30
105
6
20
1461
334
25
1683
6
2
249
33
937
1541
213
733
471
93
2
3
389
4
1912
522
59
1596
14
387
1004
1405
1805
25
2
258
435
11
375
187
15
11
81
991
9
95
146
16
166
965
1620
1836
160
33
1
378
557
1382
1392
946
155
853
492
1291
151
4
1250
2
474
9
1021
1
1676
1989
340
1364
226
11
1911
53
513
2
486
623
1645
211
5
158
1712
152
38
168
6
708
632
837
6
1189
12
2
8
2
708
232
46
13
280
1874
9
102
6
1093
1
17
349
489
545
817
1467
502
47
684
1365
489
74
207
987
149
549
1765
1462
33
681
301
1215
77
1102
389
1
304
52
1826
328
186
18
28
1337
343
245
80
168
363
554
677
923
1199
1062
71
206
1
818
191
249
35
738
542
14
6
308
1158
103
1129
42
5
11
1888
1256
1
1688
1071
3
668
55
130
201
1566
57
759
1979
283
307
268
39
1185
223
1782
1348
102
189
1747
470
1676
5
108
396
663
4
1532
1068
50
855
1477
434
633
1287
19
257
469
847
35
444
679
451
1323
134
201
344
177
1241
826
144
167
1565
1084
765
14
31
54
512
1459
1648
82
32
213
1292
127
29
1
3
188
2
100
288
69
105
308
304
386
1981
1664
4
153
89
266
26
26
1115
40
1
140
31
732
32
11
60
212
1
14
2
1003
139
3
1404
140
2
18
5
651
19
136
1409
113
929
35
119
721
452
192
44
1720
5
19
574
378
804
24
757
88
269
26
5
448
134
339
202
763
1685
2
1210
54
739
596
70
4
1661
722
332
50
386
325
22
899
1087
16
6
59
133
43
334
396
1
29
1
40
70
838
166
216
367
6
1177
1993
6
34
1574
108
1236
56
9
36
256
971
6
288
195
483
3
14
1022
64
1323
46
303
9
9
283
1297
1
190
2
5
561
2
13
137
867
121
1
1513
825
1030
535
220
7
186
18
64
1507
114
1926
82
505
118
19
572
728
82
204
639
684
1436
5
1211
1468
962
1013
10
1
126
7
148
442
42
887
199
181
630
67
1
1753
297
1221
1106
1258
171
79
460
433
8
5
5
505
1273
1455
85
641
650
1374
1
2
141
1225
465
2
1680
366
546
1
90
11
276
11
502
25
157
600
1351
893
290
1688
1431
2
11
17
237
1764
1510
465
1054
5
1153
252
141
26
365
1341
1407
651
67
499
1103
1308
1155
310
1
53
302
101
1
16
1
839
527
17
69
18
33
1799
1179
16
65
1108
224
142
4
295
178
22
25
1316
501
86
2000
1549
352
207
2
446
1150
2
1372
1502
4
190
10
133
513
529
677
1
57
1411
128
171
811
618
1026
62
1066
1980
100
4
36
897
19
23
1318
233
539
1865
318
163
386
758
17
1192
1928
6
588
991
253
39
1194
880
1632
6
715
1755
364
24
7
895
707
213
1066
10
81
526
292
53
1436
23
129
804
840
224
5
361
563
1276
462
247
551
43
165
99
1
405
91
1
412
1927
1791
1912
1531
1537
10
350
2
1407
1229
31
817
160
107
1968
4
831
1695
578
14
551
71
14
1265
1691
449
46
71
1505
19
25
929
213
32
170
27
82
501
837
78
1
310
1073
358
1248
885
998
1669
382
1677
864
35
418
306
20
54
852
238
1039
1269
15
1666
5
15
732
471
688
1939
1043
1446
65
1182
1041
15
185
513
807
141
202
1
1636
14
43
6
39
192
51
34
1350
531
22
25
1
10
792
44
128
6
417
2
441
1
643
984
1427
1784
583
1394
433
424
1
410
30
105
1203
1154
1975
855
1246
557
1197
13
1018
124
1
1420
33
51
1126
7
1
434
1736
1382
4
13
731
19
16
1575
226
936
1906
33
311
552
1059
901
819
481
602
373
1139
26
37
2
686
105
627
778
652
256
84
36
3
1332
382
1486
1454
281
901
193
10
241
136
34
15
31
202
33
313
1764
5
456
675
45
1647
91
3
181
934
2
1893
89
9
575
1364
658
619
82
44
61
27
174
1
11
1
1
830
684
239
533
1
1
304
1573
40
73
20
1441
1355
281
928
132
24
276
683
906
924
192
9
105
410
371
1
18
165
1076
9
398
977
14
141
1101
1269
1620
117
79
135
842
26
271
4
84
519
342
8
12
367
1190
158
163
109
54
2
11
79
1
47
474
1532
1272
24
82
292
8
863
3
48
30
696
190
70
6
119
6
1967
165
1618
1135
1994
55
17
65
1316
565
219
905
10
12
1340
495
38
18
1639
54
215
726
1144
352
198
667
211
492
4
388
558
2
11
438
1
754
107
1257
77
1
1
222
1183
220
24
7
74
142
1579
153
81
6
21
405
1089
739
406
660
1205
23
955
106
740
227
18
1
12
827
1370
63
506
339
738
1304
6
621
36
3
14
21
21
207
1302
123
101
1609
219
108
212
40
792
25
1189
1328
28
37
64
177
251
1
337
3
502
125
26
1
128
345
36
542
51
531
591
19
388
918
1576
1547
1796
14
108
44
51
3
345
215
22
211
36
66
165
24
9
231
1
25
1
1935
1555
187
902
1339
489
4
9
62
99
323
14
111
10
11
5
180
219
1685
717
1332
1923
291
1895
615
201
925
355
7
16
644
180
74
66
281
603
85
32
878
1460
463
1295
2
557
367
2
598
56
166
39
1059
1051
293
1009
208
2
1
15
21
1252
9
104
1944
1
1788
38
333
35
229
4
1
6
16
233
47
585
7
429
1464
336
515
7
1354
1869
1176
75
384
34
554
401
106
797
1835
1
762
1449
241
454
522
1783
801
2
532
1430
1129
623
11
239
1745
89
105
1381
2
65
968
723
16
194
567
45
125
27
1891
146
83
1247
28
153
1557
1
2
328
49
728
88
30
2
105
2
5
1603
1
29
1157
1930
411
124
1787
25
636
167
88
150
6
291
1272
313
23
1772
1638
48
76
1642
236
852
251
32
61
1543
99
798
616
1543
122
4
1190
783
684
62
31
30
66
11
341
954
1869
1300
532
659
310
4
697
1443
2
273
93
1
756
412
8
878
4
273
1399
1219
31
1710
109
1032
264
1142
297
11
1270
327
141
7
587
4
214
18
1752
1907
1784
1771
147
1023
21
329
3
42
1822
144
13
399
7
1160
1
221
245
1022
117
1988
16
705
11
69
543
298
260
480
199
1
88
163
354
119
143
93
14
46
84
973
746
1831
3
631
101
88
8
4
3
58
186
424
16
5
1268
44
17
118
4
128
8
4
856
558
1
1090
348
103
414
96
1892
1525
1604
1
3
2
1764
324
1593
19
1768
24
55
502
5
50
11
522
97
121
1710
522
11
1
841
1375
4
58
196
534
758
551
1081
627
317
33
510
1
1847
790
334
444
586
416
28
251
205
1341
4
1440
4
81
6
134
118
1676
1953
1024
133
103
132
1
2
960
587
301
14
499
415
59
1163
14
12
1591
100
12
33
76
245
1064
56
1
349
3
156
26
516
216
17
1593
179
11
276
223
383
2
85
672
274
951
289
215
59
204
18
1834
70
673
158
1414
31
1595
212
118
147
349
459
155
1954
167
1
59
273
1112
1122
419
10
282
3
1481
446
1600
3
176
439
803
628
1104
297
31
127
22
831
848
256
1099
69
329
5
365
14
6
1960
362
2
368
1546
73
16
15
177
10
505
904
1051
434
9
827
16
1
1
711
16
428
31
1401
1845
70
1128
2
160
42
532
1
233
40
28
111
454
153
1
1596
104
681
961
351
809
185
1696
1702
502
78
44
169
97
808
7
1
41
84
603
469
365
1136
1470
3
27
394
566
1528
5
241
1
16
4
423
171
195
111
1
906
25
246
1306
123
1
1040
15
13
17
3
420
51
29
1
20
617
2
3
71
583
1
37
9
1568
38
198
1443
4
345
164
11
246
7
202
270
1267
33
917
15
4
179
1
61
457
1070
699
461
1385
42
6
1220
2
103
1502
12
768
11
761
352
47
1
1411
57
338
12
62
230
469
535
1904
797
1652
515
178
114
504
57
1330
89
199
13
34
624
1
123
1
19
547
16
72
290
127
528
483
2
454
1793
205
1
1
39
23
1115
120
1615
975
524
30
299
3
67
44
14
574
9
9
1163
4
1582
33
4
1160
1
1
5
223
425
699
19
5
6
1583
648
76
104
12
170
5
250
7
446
1724
44
226
329
65
1
3
1
1605
10
357
805
19
2
17
62
959
290
299
704
66
69
714
37
236
1389
46
9
756
709
93
54
585
20
370
1380
1320
338
36
17
541
4
50
63
724
4
65
117
1062
562
7
63
251
406
871
185
90
909
921
21
128
289
247
106
2
10
4
1325
620
180
54
1864
1
64
743
57
199
170
81
430
228
125
4
815
419
8
575
212
843
54
122
1580
473
633
56
1351
16
1277
1
674
1046
663
122
23
14
685
101
52
1331
1263
689
27
1608
1
121
37
177
1181
98
1644
1322
1467
363
1545
220
119
13
882
1232
66
692
273
31
32
638
116
294
197
1062
1664
380
2
465
319
536
1821
1070
794
11
278
1271
1
4
13
1
886
311
49
1286
250
1858
186
8
427
459
42
3
1180
5
199
33
512
1657
2
49
1924
3
685
1625
7
1970
393
1539
184
541
946
374
1
543
3
549
191
20
397
1729
1
47
639
8
102
2
114
3
720
782
102
36
81
112
1
695
63
1420
1474
1893
45
68
1007
156
2
99
175
1514
1003
296
858
510
13
34
35
1
37
1411
248
286
499
104
1360
40
23
288
746
287
4
29
107
560
1390
451
206
2
288
53
3
1669
1
1606
906
6
1907
17
117
120
2
22
5
811
1
1401
1847
515
1354
1161
159
1275
42
1737
1289
296
257
1656
4
468
67
333
219
6
10
1667
87
1
45
122
1
1932
44
1869
63
97
36
193
1711
1589
1467
14
1352
326
133
491
1441
6
1
5
119
355
568
48
1177
5
1979
3
46
79
1694
174
1404
889
1800
1
1940
230
24
898
2
31
11
788
366
308
25
578
215
203
321
27
371
492
1622
7
54
1828
79
14
345
2
611
1596
338
571
1057
7
15
125
29
81
23
179
83
1503
1327
331
6
764
181
962
190
386
1435
1836
1357
308
1167
673
643
50
312
15
25
1968
1166
102
346
5
470
163
101
570
438
793
79
66
9
1304
162
1
104
189
49
310
12
138
1409
22
652
10
1
14
1004
1
620
2
120
77
264
327
90
319
9
6
105
1507
27
6
124
475
1908
14
5
53
2
30
1
1822
280
1921
1207
19
1821
377
599
44
9
57
106
321
324
416
3
80
1940
4
10
94
169
177
1
557
1938
93
40
1223
140
454
533
177
359
529
1388
328
99
141
139
62
38
171
404
247
899
111
7
16
8
282
2
218
195
32
1868
1
67
181
283
91
1940
901
1828
181
39
365
41
1
600
1528
1142
967
1083
233
7
738
98
149
334
73
3
9
1694
565
83
52
632
1661
175
5
507
1150
2
1581
2
1445
1092
157
1
1
197
748
3
16
410
116
3
1892
1
1704
1680
74
9
96
531
80
4
10
226
533
91
61
1243
760
1957
711
712
227
1809
60
17
150
966
1512
3
584
137
6
92
47
12
62
81
2
86
1630
4
125
790
1
37
1335
59
1656
2
1462
144
35
90
607
1290
530
179
32
1142
4
1064
58
138
56
283
27
361
321
10
5
1872
491
14
630
2
1397
46
112
737
52
331
9
358
165
3
137
1295
25
6
2
88
2
1788
228
6
1858
370
252
4
1446
82
2
360
636
422
211
256
161
11
50
17
225
47
511
521
1557
63
1086
51
159
437
66
694
35
998
111
32
8
1282
83
3
5
805
125
1775
35
600
1
254
1
1450
1030
17
1
628
443
1377
853
1
61
3
1617
585
144
3
408
1988
39
1397
1449
8
252
707
671
20
1348
3
19
14
1660
898
120
2
1340
165
1842
1
37
20
1994
366
264
583
1350
266
1480
4
68
603
726
38
1269
233
1224
1
205
1837
11
66
2
7
269
1097
178
5
1859
105
1206
115
432
1772
987
731
210
15
167
25
18
32
1
435
803
290
17
1
1433
33
17
408
1180
216
119
396
100
642
187
945
296
50
268
966
935
432
1242
897
6
164
1214
84
1517
1
196
14
875
56
1
1
121
403
10
4
134
19
235
15
648
994
794
1565
1152
809
1921
20
715
11
1745
78
155
971
1622
22
65
96
333
44
464
80
137
22
1
123
140
18
364
11
177
656
284
1228
43
4
557
141
686
307
5
1543
1
514
29
20
1
48
153
1043
986
429
6
262
18
51
1413
1293
589
9
2
353
90
17
181
322
1023
68
1705
31
579
2
713
677
2
3
179
148
427
178
208
19
104
24
10
57
4
1
262
761
799
650
17
186
258
299
1093
1919
66
1181
380
782
595
122
579
2
67
1342
10
8
111
15
1193
123
90
63
104
611
372
458
156
2
764
53
1881
895
209
378
214
150
69
15
1
536
1437
430
3
8
7
1921
1095
305
20
140
720
14
68
32
13
1636
46
3
64
222
234
1
957
1
560
615
1
208
2
66
1319
965
21
330
27
856
63
162
52
31
647
1895
420
9
114
900
205
1794
98
617
98
238
2
951
811
869
7
217
45
617
20
18
1073
240
24
23
112
5
729
481
134
135
476
31
220
230
836
151
405
15
1101
5
220
50
69
175
19
9
1251
1081
154
18
8
174
55
134
81
27
486
487
1677
11
1121
175
425
121
160
848
1727
71
84
55
1582
10
83
1770
14
616
83
15
445
394
201
669
437
1305
8
17
9
622
1133
411
296
198
661
633
97
1549
1769
1831
115
937
144
952
1830
39
97
1307
5
247
41
68
528
32
71
6
161
1199
1403
1
494
2
7
2
245
1182
95
544
12
42
6
1
673
45
1278
10
1317
58
1
194
19
1
1
957
590
236
1297
386
188
59
3
1021
82
51
315
398
77
867
5
28
467
56
5
74
716
1209
291
738
48
68
1139
1804
887
211
609
217
54
1066
7
489
684
96
458
107
121
451
442
202
1605
9
1656
1319
165
798
633
31
9
1057
549
1147
1
710
10
164
807
1147
16
1571
261
43
554
190
491
25
47
93
1903
297
1397
4
162
266
1801
5
77
27
580
1
883
1215
173
290
105
1296
551
369
1881
435
656
1149
3
330
470
15
1017
1363
51
6
792
4
2
103
113
1028
170
59
930
1352
10
667
510
853
762
11
60
152
50
5
5
397
7
1845
327
56
37
944
3
163
588
840
1123
1671
12
1879
775
3
74
456
126
711
339
760
121
54
862
1
24
327
36
4
3
21
4
1352
178
1732
88
114
989
169
3
13
1015
1954
226
228
1
18
1271
27
769
16
11
6
52
3
172
769
710
900
37
1223
977
722
451
1150
1462
1063
14
390
17
1546
770
2
1300
273
6
1
117
190
49
1104
1793
49
55
851
1458
1373
288
1
1
5
96
48
98
1926
82
5
4
1175
195
154
133
449
728
57
53
96
1227
289
895
699
468
1266
11
1
4
1388
52
296
1
108
228
7
3
1873
307
391
173
999
147
341
72
4
553
1137
341
227
879
677
1669
1780
782
279
211
311
1246
53
1
1
191
890
958
1389
2
198
1
736
37
274
789
101
7
4
1347
13
15
4
88
4
1899
1394
39
1563
1
961
38
18
870
1
587
1723
375
7
437
617
1
615
731
583
169
1773
1038
278
410
20
1768
167
2
9
84
8
9
817
349
8
83
1137
3
1834
1512
193
45
521
46
1591
232
5
373
525
15
24
1991
511
1203
12
1337
1399
371
1862
238
1993
10
10
9
29
675
3
1952
456
29
50
5
15
572
634
1476
54
1055
801
1233
24
408
1040
128
144
498
158
104
111
2
91
752
772
566
139
614
613
480
112
2
958
5
270
1574
400
135
395
67
9
1420
1106
1160
1445
11
404
43
201
57
1
268
393
317
317
2
245
1115
67
1199
3
1323
343
1882
11
5
40
1807
50
265
11
1551
63
654
330
1
226
29
581
68
126
25
8
1720
288
1806
16
4
1
1943
1241
651
29
1476
62
83
1983
361
29
129
10
1889
1
7
298
1383
562
6
1350
268
6
348
253
404
9
656
364
1052
34
63
18
17
455
10
919
91
4
688
1474
7
392
200
73
333
2
1
189
1680
5
1149
1992
19
1324
1461
5
24
676
582
1
177
784
1933
189
344
27
1388
531
197
27
136
9
223
5
10
947
1830
10
9
1621
1751
3
1325
17
1117
578
345
953
302
1088
1
736
215
2
20
707
1
29
91
53
1593
46
984
324
56
460
5
2
1904
414
3
416
322
356
345
16
346
251
266
483
227
226
1
1441
560
7
96
1129
376
779
345
16
1183
61
18
40
28
322
10
25
1
1
1013
625
304
1348
1
9
152
360
1957
56
15
17
80
200
94
28
519
1859
17
159
1
1
1292
117
217
172
796
1136
4
178
715
742
1
139
610
15
7
223
318
167
669
276
9
2
1702
782
6
5
60
2
18
168
1914
1120
1125
595
676
1331
807
13
131
2
19
37
71
6
1442
27
53
810
87
845
292
48
549
609
99
20
169
526
1258
15
691
280
4
896
1122
114
132
13
5
224
195
974
14
18
1
7
1399
164
17
48
25
1593
881
379
1
40
1852
63
98
69
1
1644
9
6
287
16
1
1857
31
936
496
159
25
1024
411
1845
15
54
39
1
272
37
412
60
762
265
1693
163
358
1061
20
1729
1
239
39
1673
278
1906
160
227
1767
685
921
41
18
1421
166
837
1
209
86
1036
2
49
31
213
137
405
79
109
103
110
15
1314
80
1040
16
1749
1504
999
1832
542
128
1903
6
416
5
23
1648
538
2
192
103
723
46
232
539
30
981
1974
1406
1
1022
396
17
21
1202
217
1617
129
94
238
1001
6
1883
1805
916
437
709
113
649
1573
160
1606
43
7
34
444
137
475
1478
6
35
22
351
3
211
75
91
37
13
17
6
16
3
544
6
13
85
673
94
18
110
1931
1586
15
219
909
28
128
1871
25
441
163
5
151
420
5
1595
1017
600
1303
13
39
372
576
196
638
32
12
132
1674
5
44
996
73
26
1469
126
1848
319
676
24
805
65
485
630
172
229
2
25
1256
53
24
95
407
75
1249
1346
382
161
9
373
152
54
718
2
37
1356
191
1436
439
1
1453
285
1158
326
9
270
427
108
951
1689
6
1861
1908
1830
229
496
13
9
276
1
1
7
11
9
933
2
63
59
63
1888
28
902
1481
32
2
430
10
91
62
8
1568
31
105
103
159
1604
441
33
142
1785
36
877
1393
158
29
573
1098
47
95
859
525
272
10
852
1034
1561
9
59
904
1244
266
4
3
1350
331
410
624
1806
3
918
450
691
613
101
111
1149
330
62
42
424
165
701
86
103
189
109
122
160
1609
11
15
1832
2
18
1469
3
211
107
263
5
1414
337
772
135
117
1514
314
1256
1
12
381
784
481
727
268
3
1120
652
256
417
439
541
6
998
344
112
1394
196
2
800
353
127
1601
17
15
507
2
767
93
897
3
61
17
195
1092
529
826
1513
1374
1031
359
176
40
66
5
319
135
183
1793
9
82
642
282
1174
1679
63
4
71
4
1
6
23
700
1323
1202
110
30
141
2
465
698
101
19
54
3
38
409
547
275
116
24
1
238
254
34
48
168
2
352
609
301
910
63
30
1816
1
693
8
71
4
137
29
329
132
884
162
1367
458
277
1086
26
984
478
20
1001
210
16
1551
985
188
12
820
221
3
196
74
949
25
294
1
148
572
71
1957
395
695
1
74
6
1241
1916
18
255
1806
1
23
1
93
1777
741
5
827
1071
337
68
5
1619
100
1787
4
243
12
848
632
8
180
510
998
1847
1921
37
544
10
92
1
88
969
193
2
1078
1588
3
1642
64
65
311
5
16
217
187
318
1
511
1703
1
132
196
990
97
361
59
1677
1070
657
139
1
695
14
12
2
450
275
30
1310
21
1
1051
13
527
423
1638
1
390
617
365
383
1719
1
898
311
229
1
1522
198
464
9
135
269
284
237
285
1407
497
957
197
89
10
217
910
3
8
29
878
7
119
1569
19
1728
21
97
1
2
465
65
1660
847
5
341
9
151
20
30
136
453
1065
35
25
805
1700
1937
702
2
195
399
339
234
798
7
61
1134
198
1692
7
1
54
27
1146
18
49
549
16
199
386
833
1718
644
5
114
55
706
1594
1
200
339
509
215
682
1953
1718
560
137
546
40
30
15
257
455
264
4
4
1553
1495
1304
9
1550
390
727
98
566
418
939
1113
1688
567
1252
646
692
68
163
64
207
702
6
167
4
1116
1256
247
55
1794
537
3
1152
1616
57
720
787
5
937
6
551
23
3
1128
54
1790
1541
1732
75
686
700
435
8
47
4
259
101
524
405
447
311
506
12
32
455
882
45
689
401
7
19
1
64
1052
85
5
1
41
614
53
421
1045
139
71
19
1935
159
12
321
1945
106
7
41
6
5
353
1304
187
1765
170
600
76
16
2
1623
2
1989
11
1405
13
140
168
11
713
280
163
1111
430
1756
362
344
3
8
1
1
19
1255
1753
564
9
1767
311
1460
5
1
181
40
180
89
42
123
188
30
25
18
59
111
515
7
287
650
19
16
141
245
298
16
752
37
60
1222
1387
140
34
1244
111
350
646
1450
182
110
11
1891
1218
1
4
1980
692
28
74
401
50
1048
197
1678
70
97
48
1316
144
476
444
66
1364
84
137
25
799
3
1294
60
472
1
3
1915
29
1367
1686
21
27
336
1112
338
913
78
826
221
13
348
4
129
8
1109
662
213
152
1
161
1020
217
1721
277
85
31
28
20
385
677
1312
309
1
145
2
1130
25
30
43
390
38
1677
1
11
2
2
867
347
53
24
3
24
131
641
6
1003
743
1729
10
57
329
202
729
1833
1130
175
186
722
723
12
86
620
110
62
65
7
226
1260
18
690
503
29
1588
321
1790
1
955
16
1749
1829
240
678
10
4
8
1469
41
1947
1402
1917
361
1254
200
269
1
256
14
49
563
369
721
6
217
34
167
325
1331
1183
11
138
812
1713
1469
13
4
625
124
23
27
335
22
92
122
534
98
1042
1611
483
21
518
20
102
6
1135
126
163
77
25
116
557
83
5
68
1750
875
956
520
1383
115
630
2
427
1220
43
970
19
182
362
1780
104
13
1780
1413
746
104
14
15
10
20
1651
711
235
681
1649
582
358
466
224
2
582
2
20
705
1419
180
162
195
2
1538
9
2
4
2
216
251
76
852
1261
792
1690
308
155
115
50
157
243
563
378
2
48
1
893
92
195
232
1
110
19
132
3
162
1055
30
380
919
253
116
1
811
83
760
749
900
381
13
1
312
40
56
328
1120
88
57
150
1
380
7
1
1904
5
550
14
113
606
891
69
152
1839
51
257
1768
2
141
1019
4
1704
37
1521
591
4
73
47
991
619
27
1
14
126
5
28
442
113
418
1
8
4
94
136
5
243
80
3
929
7
59
1255
87
644
4
680
5
5
1358
31
26
21
106
51
1043
3
475
1
17
753
605
27
613
12
132
11
12
524
1507
229
3
1527
2
13
376
130
55
3
293
21
819
8
765
18
8
1
222
8
166
644
5
1061
479
97
73
20
100
598
676
2
1867
1863
55
2
552
9
1975
13
1350
1802
348
182
40
229
13
342
499
458
984
326
477
35
185
778
17
1020
275
9
1516
8
295
17
609
1
1
8
180
1259
1439
5
1920
336
4
1892
1600
1495
938
300
58
1362
1875
147
265
112
1196
11
3
56
4
1
1113
27
5
6
1158
885
568
125
1812
1042
17
139
9
117
1462
120
3
138
7
2
8
230
560
318
831
1285
120
4
253
1054
78
90
12
98
86
212
347
875
98
606
1
68
1485
617
752
670
103
290
1184
1
1993
45
644
18
1528
496
246
3
1301
279
125
64
27
391
343
1366
217
11
13
414
26
225
2
1174
2
15
18
15
1051
301
958
1710
3
20
305
288
988
23
704
1657
9
16
24
1928
111
70
140
1115
1604
24
1659
695
1983
1136
414
9
1447
1267
466
22
1
6
348
1170
208
761
25
1324
397
1080
604
1956
1728
516
882
159
1
15
396
176
96
1079
1160
380
1868
14
104
1078
632
1195
1910
646
428
1691
402
398
1175
216
329
44
1282
1915
1056
145
301
1258
9
14
1795
48
12
1469
4
4
14
1
571
131
649
735
73
247
354
1152
171
26
1255
864
359
11
678
1661
180
78
551
6
273
10
958
246
10
296
734
658
1668
1020
180
62
44
19
47
239
1413
279
1565
1008
519
163
1000
1709
2
2
368
17
1005
143
1387
1
234
793
181
16
2
315
1954
148
45
40
143
42
97
43
12
1134
1641
14
5
1715
1253
2
2
59
390
2
7
51
161
229
945
138
1789
1313
196
62
14
1040
2
156
1656
1
3
598
1726
91
1
63
60
1739
58
805
65
17
752
6
962
253
628
501
273
1493
27
1703
217
50
2
1289
680
162
1
80
59
70
188
448
1604
1079
5
948
26
1818
76
1
384
3
158
425
1073
410
1
128
1800
211
298
1225
489
1024
22
67
1144
2
1515
999
1646
346
1451
721
31
3
221
573
104
1783
57
934
34
1672
124
16
669
1335
15
900
312
6
1
187
151
142
642
1912
945
4
94
41
140
193
1101
1110
1473
72
1404
137
1222
687
99
1073
20
24
349
56
13
20
1310
73
1834
61
20
1788
1
117
2
482
14
39
543
13
964
137
1530
28
1882
18
76
3
1187
16
155
16
1440
392
62
1388
3
174
1480
310
639
12
7
83
8
1244
255
1251
123
15
1905
83
103
173
417
55
337
49
148
15
58
54
56
923
69
1285
1765
424
290
572
73
29
179
1996
398
1183
505
13
1635
43
604
20
122
361
991
1014
182
331
760
440
136
13
66
92
302
111
7
1687
391
31
7
1
40
1384
1592
393
2
1483
112
1787
3
841
1506
57
3
671
1803
16
17
285
3
12
481
231
1139
1
332
1353
75
415
131
650
201
362
1
1389
39
732
1805
74
1603
1108
861
110
569
492
77
976
24
1
60
1406
80
1
34
247
26
8
205
9
1762
22
25
1782
46
5
21
933
437
10
1
1510
671
192
830
517
309
79
740
1
11
106
283
809
1997
388
281
3
26
9
1124
64
271
1491
11
12
2
27
104
776
721
1842
1
9
19
110
177
1910
8
9
1
171
3
8
291
667
191
459
192
21
404
256
973
87
446
65
1390
522
1377
1
19
415
188
628
354
277
33
208
20
244
1411
828
285
18
890
3
525
1
411
35
828
30
305
1441
245
70
185
1531
392
318
273
1
969
13
26
483
31
3
42
10
2
1384
212
2
51
96
3
375
314
85
56
865
856
35
570
1095
375
30
739
67
29
235
54
509
57
58
285
124
15
41
12
10
4
1037
1466
593
2
136
190
222
93
263
8
520
1
14
1125
35
1038
35
976
5
1
25
3
52
435
1136
554
1376
1
1494
92
1132
42
10
157
17
6
321
18
147
1111
161
934
140
6
47
89
458
293
10
1141
823
5
160
126
1117
790
30
102
12
241
739
38
341
33
71
40
49
573
1638
1465
776
1
232
54
140
1635
1
1776
1120
1226
155
31
8
1
47
1438
22
968
45
7
110
200
922
66
761
173
1887
584
30
6
40
2
6
43
1719
901
1096
1334
368
3
1269
189
194
1441
564
100
12
1986
18
463
901
430
1418
1
1076
11
3
1
282
571
227
2
10
221
44
1083
7
476
4
8
902
5
1
497
353
9
2
71
81
34
48
5
15
1868
17
644
365
1
1885
7
27
1
1
119
1295
85
9
656
171
12
981
3
48
1052
22
1376
544
139
5
1
300
1382
163
2
1553
266
333
1
12
1888
24
1901
487
564
11
2
1393
151
356
143
187
1119
1
863
1504
422
1461
957
20
372
1
681
35
4
1231
13
1
1432
622
105
834
1879
5
3
1242
13
46
922
394
180
216
233
7
21
365
442
1
121
20
198
147
147
1365
133
92
26
63
472
165
59
573
43
595
34
1
900
1424
6
14
1034
1
731
550
26
1989
3
629
99
54
1068
284
34
60
85
86
632
1666
57
234
899
86
319
756
1666
48
1817
129
303
278
1594
113
1
321
307
2
172
8
85
1203
1050
598
1581
711
850
1561
19
143
1173
1667
1770
11
1144
1
54
1540
761
475
61
147
21
3
1440
34
356
10
13
70
1299
147
1400
10
335
898
12
1
271
176
303
426
1170
151
1088
1796
1
552
8
731
1868
863
36
22
1094
329
811
2
162
1434
394
2
4
53
1149
1851
840
14
1
329
124
166
327
1071
566
777
22
25
7
32
15
51
286
63
16
14
305
942
50
42
21
181
1581
382
151
1587
80
13
24
635
21
468
514
21
675
4
1
41
58
1
1056
180
12
162
54
58
2
1116
158
87
415
565
20
17
198
1
331
37
9
764
313
1498
1347
382
768
159
1439
522
8
11
487
588
839
881
498
37
153
545
137
270
1382
812
782
552
1
70
96
1191
72
275
3
1220
474
768
705
1359
926
111
117
40
21
59
90
800
3
220
2
6
107
7
191
17
59
1
17
1510
9
499
1
1
14
1007
597
744
1995
80
43
1
49
532
33
207
147
65
1
214
23
47
75
36
233
7
81
706
1350
102
1
1172
1
6
505
314
28
2
107
231
371
3
63
61
590
155
476
1
987
1165
300
48
121
22
503
15
127
157
3
1003
9
496
322
10
11
286
674
36
252
103
63
1262
182
323
1326
40
182
11
73
11
4
100
326
31
411
144
574
745
99
38
514
616
56
1
76
93
327
407
1266
184
21
1
1632
125
769
2
77
1086
483
41
1124
3
243
7
41
1738
400
586
72
1
1352
965
144
2
1624
1400
17
1481
959
116
149
62
732
1886
1
232
891
583
12
626
1228
1025
68
1992
15
1294
116
32
21
1
238
254
33
673
29
1196
129
21
1337
57
42
1664
78
1045
4
1
1526
6
16
636
67
16
1
1952
377
2
34
921
176
113
128
696
1013
418
490
306
577
233
3
351
2
795
150
318
83
472
3
2
248
26
277
39
285
539
760
43
6
41
1103
142
162
1589
64
158
312
250
463
350
1413
1347
1
1118
1698
497
1325
1505
537
63
56
7
62
322
1130
23
185
462
63
1336
370
195
465
44
188
1134
29
258
28
158
20
545
17
801
1974
18
181
47
1
484
589
17
650
539
103
20
697
40
85
211
113
1631
1
43
933
2
598
1704
126
10
868
1
25
179
155
1534
367
138
241
3
692
80
27
1085
1838
66
2
55
434
966
53
1
348
1
153
42
26
240
861
1840
5
2
274
2
1705
163
41
1379
511
3
56
456
40
178
806
81
12
290
136
302
24
1802
1045
1996
567
27
128
424
109
28
1825
635
117
102
347
80
11
146
1
118
1823
2
1300
306
684
81
455
390
1634
1924
4
1111
3
7
4
144
50
757
454
93
557
34
1555
617
1141
28
609
1149
1108
679
297
1383
9
88
324
1153
270
1279
6
388
43
121
2
1
3
32
789
1347
1
56
1339
4
979
1087
133
747
104
115
319
859
92
165
737
1377
4
105
1513
751
381
3
11
602
40
844
1789
577
1132
2
1713
112
10
29
854
1618
30
562
1
1728
231
1897
1
2
264
302
2
245
5
1738
131
3
60
665
51
950
1115
2
223
897
351
977
1304
14
1719
29
1480
198
28
77
70
346
871
62
1
149
9
1846
24
75
179
56
67
1802
1937
5
6
773
1213
165
94
29
8
60
7
719
78
849
856
102
1343
568
719
30
59
84
68
220
540
716
85
13
441
455
1100
477
2
352
23
1312
1476
1633
163
1
1590
386
1
1407
284
48
3
435
96
696
211
358
106
52
28
18
271
1
1560
3
567
164
97
981
458
36
242
794
1817
240
13
229
1403
1528
822
794
26
1746
260
350
1388
8
518
386
11
13
1034
1
16
178
732
79
36
8
109
1286
131
2
56
870
124
446
127
1416
3
1234
318
551
303
1685
10
412
4
200
890
493
1057
1935
6
191
37
511
286
48
1030
875
96
365
27
21
1902
34
31
510
280
277
10
1
307
1
38
1467
23
115
10
36
1763
76
1094
22
94
754
729
30
505
38
74
299
1
3
782
3
79
629
14
15
3
601
1656
17
680
280
59
177
103
833
1354
463
684
59
25
1487
1
1
47
1751
1515
628
54
113
1
79
1434
1599
198
64
911
581
28
1999
6
1331
1784
1636
199
305
43
26
28
1745
15
241
614
68
5
106
1
3
1099
150
222
1934
1
94
923
365
71
53
431
268
1496
32
20
13
2
213
67
20
1
5
3
1468
476
239
1
1321
557
9
145
83
832
732
636
914
1316
502
1897
3
1936
496
221
310
1234
1
33
114
637
435
380
214
206
77
3
1019
75
1236
373
29
417
19
1
320
773
3
1129
166
8
3
120
750
42
33
1146
43
221
4
219
757
631
3
2
96
87
370
7
1991
1071
35
1867
3
6
302
384
10
146
3
2
3
28
35
1400
4
537
18
38
1582
14
570
455
13
697
1381
1698
126
781
1
1570
8
362
1128
11
500
1020
148
1
25
212
36
15
151
106
42
899
24
626
35
1394
1887
1319
72
1370
39
128
875
753
361
3
1158
87
157
49
493
345
172
21
1
106
1
32
206
38
773
521
1
66
400
16
1816
180
484
487
1
431
471
1024
682
311
42
64
126
822
3
13
182
654
71
5
1224
91
852
1
544
270
3
1
1783
1598
69
133
15
82
981
904
197
344
128
38
27
2
77
64
186
1930
564
41
133
9
51
189
43
1043
1957
1182
1003
5
1961
92
28
589
657
43
1445
220
149
48
1
18
1482
1108
291
845
767
87
1977
49
166
572
8
1687
1386
302
450
1
13
2
552
1005
1847
14
1
66
48
86
581
44
866
389
1347
4
24
52
57
282
1132
2
65
53
182
2
1292
503
18
255
881
725
1420
298
161
1
1298
48
890
885
830
1222
1226
361
1951
129
448
45
3
4
1538
132
977
3
1074
20
1481
70
456
358
1
1751
493
17
358
528
850
1675
1691
731
8
127
69
1091
189
20
118
54
836
1106
1885
571
1744
15
107
413
96
415
20
33
345
33
261
201
127
1312
1867
1159
272
1353
469
356
10
1015
1
21
995
1
78
1134
1958
867
324
519
763
1697
3
71
55
749
607
1153
1592
1560
493
2
21
974
60
1007
22
55
105
1002
46
75
81
57
60
297
17
446
90
80
1717
1736
847
67
162
67
2
1703
539
5
74
599
1693
1320
201
1402
313
1
163
1
6
1143
84
1932
406
2
1912
9
852
4
1249
1
254
14
351
348
1710
367
122
1085
506
1
1104
590
436
51
36
326
11
42
1528
988
173
322
83
1
5
1053
8
598
26
6
283
282
15
7
1686
2
113
583
8
188
36
676
394
4
67
718
58
1
991
220
2
300
1123
1
339
4
776
1481
3
291
158
520
108
1053
207
653
131
121
4
1
5
768
33
21
470
117
305
137
1191
1433
184
1177
134
89
395
6
280
898
751
178
61
109
85
58
9
4
17
545
477
355
433
359
888
745
1
1
36
863
6
1849
1618
696
1325
392
121
16
286
129
282
262
212
38
518
1201
1
1390
4
75
454
611
15
182
35
484
387
174
204
24
721
935
1
20
410
10
901
88
171
1766
34
252
290
1176
724
945
1
400
39
100
108
42
331
10
1
636
134
226
1663
1899
49
1437
159
1
724
25
822
1011
9
11
35
91
227
7
68
436
338
56
68
4
83
368
1739
24
90
417
194
15
1
1726
270
36
518
1
233
570
11
1742
21
135
1479
448
58
624
48
14
150
1
800
51
1979
69
1329
149
2
1
5
426
372
1286
273
94
751
1147
185
504
56
323
16
2
121
979
839
924
643
1246
1658
3
43
612
1832
1
1058
168
1
29
1
174
579
143
1474
146
913
1728
46
1103
2
2
11
330
93
224
16
2
1322
1016
27
337
84
535
330
1838
1759
1167
804
115
895
1
219
35
524
1
2
9
14
10
332
1115
310
1835
11
731
86
161
86
217
1862
203
123
1546
156
1677
443
1016
23
553
1
289
405
9
969
1
94
962
653
36
717
308
39
1794
276
311
50
2
1010
3
30
194
12
44
2
819
640
895
513
110
1738
945
1
1016
18
355
1
15
2
55
10
288
94
129
92
1317
66
2
1995
400
67
1538
1547
1076
582
13
4
33
356
351
10
7
70
268
97
4
229
1513
919
2
56
1246
165
500
714
4
158
236
509
1552
20
231
469
336
5
102
431
307
973
646
132
11
8
31
1415
205
71
1330
60
11
110
1180
959
5
801
148
15
1905
1307
389
34
12
1871
1062
32
85
1346
1
327
4
70
430
791
336
739
1837
996
463
30
1763
7
1696
9
161
156
11
25
3
1131
2
792
682
64
89
403
238
202
841
267
110
83
59
1617
2
68
11
302
1668
1049
30
847
186
39
344
241
134
521
8
39
103
132
523
1087
13
4
11
1814
484
1
1050
712
951
2
658
901
250
36
31
30
18
2
18
867
1653
296
926
642
149
22
747
9
377
458
18
12
22
5
1063
217
93
18
694
388
71
18
228
2
1544
174
713
1816
40
49
1529
18
745
104
1024
619
222
57
830
1022
278
1056
1686
135
585
42
6
2
390
3
1
11
5
1912
1
36
344
400
1774
230
1
95
92
459
1223
1507
88
9
673
1
631
326
1180
53
1026
1914
9
1
2
43
335
999
24
11
123
343
8
29
22
32
578
11
2
304
374
800
252
2
1691
175
29
115
1164
2
1543
6
45
1903
399
625
639
264
77
1
532
609
12
128
114
19
7
55
15
110
69
38
876
1
21
8
4
4
89
9
3
61
1666
172
12
21
9
86
561
1235
181
1144
1725
1124
1529
70
24
14
945
29
36
71
4
1945
56
12
1118
587
481
340
174
790
11
588
267
74
55
1
1089
214
1721
57
563
509
1068
1824
21
541
197
26
1893
21
50
1
459
18
1078
6
31
26
1
13
142
173
3
1956
1592
598
132
294
413
42
62
789
2
816
880
22
718
510
6
251
199
514
27
295
1
1244
49
73
12
45
1868
24
448
132
769
245
132
39
681
525
214
34
234
421
297
971
47
43
15
784
706
348
558
231
807
1469
45
3
195
1315
10
27
13
1552
507
120
164
1112
172
1
209
446
47
1544
833
1832
383
29
733
10
400
5
1744
383
2
2
36
525
142
332
262
531
8
248
918
860
711
99
1704
449
21
82
56
304
720
837
51
62
46
512
342
878
304
270
1247
13
673
947
503
726
157
7
38
51
208
1
1963
16
109
102
1
1399
229
10
111
477
165
2
51
1
190
53
79
72
82
425
196
94
882
494
50
3
7
131
1445
74
471
80
1636
1663
348
412
1
223
1029
55
913
1941
108
50
25
8
601
779
23
653
964
1593
73
215
88
391
1646
229
19
611
1515
115
1560
182
32
48
1507
290
184
770
106
20
1032
152
19
142
768
8
176
5
1063
25
871
22
665
605
499
1721
33
94
18
104
7
534
269
75
1146
72
1511
165
224
60
333
1956
18
221
261
1
234
174
263
80
633
129
397
777
1280
123
166
253
46
62
45
30
9
1
1354
70
647
217
739
1203
491
957
276
3
375
845
2
30
937
378
1129
6
1122
1
728
59
1
3
136
1002
36
153
8
12
225
733
604
50
299
1
19
658
1554
1562
117
764
394
58
315
221
1703
289
120
34
84
216
760
67
2
530
1211
935
1295
61
814
14
1217
1887
923
2
795
30
17
425
1762
81
688
1517
1724
330
827
11
338
295
16
425
850
694
791
272
368
129
311
1627
469
35
39
14
6
24
615
924
12
917
544
40
21
91
1376
44
90
48
1462
12
1
629
257
1502
71
20
1627
117
5
3
39
4
932
1580
645
334
1706
26
403
889
22
436
16
49
297
1722
36
1211
16
45
2
1768
234
1634
15
45
5
5
7
22
953
99
2
266
206
24
88
276
545
14
34
542
1
356
33
241
51
33
65
319
8
220
66
1935
137
17
162
1212
53
52
2
508
847
36
12
327
9
738
56
211
55
481
1136
9
633
1021
1
369
299
413
121
1
854
521
181
1410
698
23
386
14
201
92
9
1
1573
1113
43
1468
30
726
1
180
2
83
20
1877
30
1983
61
250
732
70
1769
5
70
12
1
1
138
1112
237
284
486
137
230
442
9
277
10
30
1346
1241
52
360
194
257
61
488
929
50
9
602
1460
2
1025
8
1397
1050
5
859
4
45
33
1653
4
217
1347
1655
1193
286
615
4
654
191
456
217
44
2
2
942
23
187
334
21
1157
1678
17
493
1227
7
592
2
1330
463
2
172
1670
50
967
4
139
2
613
57
103
75
1
790
235
14
1839
1149
6
14
359
1289
304
227
462
1086
1799
93
58
571
1707
1220
19
64
149
1313
821
379
15
3
804
33
1246
11
112
26
1513
466
4
266
370
39
1
1267
219
2
56
1084
36
91
1
2
7
3
72
2
56
250
2
77
19
2
2
390
2000
1262
367
1487
771
443
35
704
1221
357
1446
4
1201
16
762
82
1529
702
88
72
779
8
90
189
53
708
221
7
1377
51
1
147
158
5
287
38
5
25
2
1
477
225
1484
924
48
920
1432
505
94
899
384
710
4
5
636
116
152
75
150
14
929
465
334
13
1951
1315
9
11
403
1185
466
33
516
2
588
1954
591
742
2
1486
69
1786
388
347
138
532
158
805
908
950
356
696
1
300
840
284
1039
1424
2
122
2
30
25
1677
9
320
394
1530
1090
671
2
1235
1066
149
75
25
58
1127
140
5
22
786
1271
438
179
120
992
151
51
55
773
652
967
9
519
64
1627
5
162
892
282
1349
5
1136
1
631
81
1455
51
1442
286
859
1242
1180
648
1634
43
5
1572
1158
1
1600
341
7
27
10
153
235
828
1103
161
4
75
11
5
57
1339
40
160
13
56
9
503
124
1170
88
946
58
1214
437
197
20
1446
118
1296
3
77
9
19
1710
20
403
285
7
353
21
754
21
246
1751
10
243
10
1027
2
526
6
977
1
22
1302
55
548
66
335
1132
1
3
41
1672
20
135
1189
1781
1206
22
9
67
244
3
52
65
173
7
634
550
1060
554
1
41
1
42
828
1013
564
1142
819
347
2
89
307
1
91
923
437
49
599
5
403
260
1
4
25
180
12
135
127
65
688
519
1910
693
146
17
9
77
11
20
3
465
106
138
6
132
3
301
2
4
454
18
543
1452
1891
765
1806
24
20
731
739
4
502
1393
5
384
970
138
21
245
3
243
2
422
296
263
35
46
7
30
1759
1
270
1058
1495
1440
1705
29
1119
332
24
887
724
1298
1
147
651
8
685
639
2
669
11
391
19
306
9
54
48
559
1
188
1646
3
830
44
1
499
18
252
1092
202
1
151
1471
485
17
74
269
45
1785
1301
774
31
1
14
30
124
268
2
601
1509
39
1170
5
16
1
3
954
112
23
1264
659
1723
840
1194
19
303
4
152
892
1158
238
337
1138
1599
93
186
2
51
731
668
1123
744
1848
932
82
161
1052
274
4
1876
391
752
397
69
723
842
1589
163
1017
228
16
305
74
766
1201
17
25
1526
595
697
84
41
16
1473
1
3
12
20
1254
4
151
13
11
460
234
1254
1283
1634
32
5
608
1739
675
480
95
125
14
11
9
476
949
1
199
1401
72
21
2
214
110
1186
35
1
53
56
26
1239
98
11
5
111
129
1362
310
406
5
4
743
961
472
1364
489
1
105
1018
3
64
6
4
466
5
1460
2
1255
269
1604
1708
4
534
13
380
1309
3
1
1
1484
14
225
734
145
1860
2
42
225
4
431
322
163
17
1497
331
8
205
5
502
3
29
496
4
1
16
33
1765
318
3
13
1106
232
1
53
1638
947
62
36
108
79
1
153
105
1
237
84
35
366
878
4
1291
156
2
1941
102
610
1461
349
628
121
180
645
8
3
691
15
180
98
35
838
1280
22
5
26
20
512
1412
1279
24
1713
2
834
32
320
172
12
171
475
17
4
842
28
3
63
247
102
163
3
1435
1722
174
47
1
58
1931
559
9
8
821
1490
1876
1048
338
661
777
2
1898
1
1217
528
219
8
23
35
1793
5
209
39
1615
1033
262
1645
194
536
242
166
1233
844
165
27
820
222
1044
25
150
222
1787
28
984
1
628
343
1010
1654
12
1889
289
369
7
831
29
193
36
269
928
41
692
186
1236
2
148
448
95
269
44
268
1895
35
1
1149
159
418
757
1312
1600
477
2
34
34
686
231
524
1826
54
1423
1157
453
5
469
92
173
359
242
32
1085
215
104
3
12
47
378
1091
1569
212
638
294
1445
1538
430
254
168
98
465
2
306
3
65
153
26
1635
186
1799
65
63
3
14
11
1464
1873
817
289
544
478
22
140
660
5
12
2
780
139
1155
1979
1410
126
1010
551
999
81
1508
4
179
8
27
1784
964
41
1
857
86
471
171
880
185
521
12
887
3
19
236
130
1223
1059
1229
338
70
377
309
4
1
543
832
194
1384
155
15
24
539
189
427
20
88
1234
2
49
7
144
282
429
265
387
1544
1174
24
121
378
11
63
1060
1
246
510
1103
353
596
679
88
45
450
7
7
1629
171
2
16
7
57
51
724
1043
588
422
768
4
150
409
1336
209
1023
493
817
694
309
159
51
1005
1583
211
4
33
25
693
1508
8
440
21
67
861
1102
45
1208
1956
214
36
1635
812
548
332
155
415
1526
2
48
62
4
1222
1815
1
1242
424
93
524
8
741
326
99
1013
1
3
4
109
936
14
1880
260
1284
1034
408
379
14
372
241
40
1867
2
425
31
1
29
420
374
739
78
1154
183
173
257
138
1
390
45
266
639
166
376
1206
329
266
1
804
3
59
214
75
1620
1684
1
43
18
613
479
74
251
251
117
54
1026
324
2
1354
528
5
317
154
35
61
1658
12
352
61
13
203
969
8
599
1938
193
8
1415
14
2
324
34
8
1
1868
374
1080
1
309
1013
553
515
614
712
25
1905
3
1332
19
7
1229
10
931
519
19
837
77
389
1644
9
151
642
245
2
13
29
37
36
718
11
103
105
357
788
3
228
26
366
92
1
521
420
811
69
8
898
48
244
1673
1415
41
105
149
5
419
482
12
405
11
1
545
1346
153
1
16
2
2
379
1
1373
569
8
487
733
1217
1476
24
315
317
455
1612
390
322
7
885
63
333
182
1760
1986
263
155
790
360
1279
13
415
288
233
1522
130
418
137
2
54
867
1298
2
798
2
577
372
357
1025
2
31
422
72
126
1614
189
632
1
238
188
19
794
6
272
32
606
1649
986
927
6
475
1
18
1259
1683
3
67
161
7
231
11
3
928
1443
120
10
262
26
8
79
645
113
3
5
233
1
623
1309
780
56
1
1
1
140
95
71
24
180
587
65
124
813
210
158
129
15
288
651
1204
567
567
196
1436
5
3
1009
1
1279
51
560
1684
383
2
399
110
1662
1055
305
82
414
355
1074
1796
467
1099
594
139
1
202
867
67
26
7
139
1
118
2
40
1
1567
1719
1296
93
1159
71
248
4
10
1567
532
61
45
748
92
2
753
48
551
291
85
769
8
1
14
1674
118
73
302
2
35
42
176
104
146
257
1316
12
564
937
899
403
35
627
1145
63
1
464
52
6
13
366
228
69
20
8
11
1717
356
1378
33
468
80
129
1204
2
192
1519
1284
913
25
4
12
56
1
210
11
374
147
1902
1921
310
243
1389
189
1091
2
1147
1537
422
52
746
14
3
447
352
133
211
117
5
5
642
1814
1688
1
1319
310
210
47
23
315
881
1270
715
1151
292
7
267
136
836
20
371
9
12
89
1
1904
216
2
75
914
421
1828
17
88
7
13
871
601
991
1395
13
1989
450
8
357
29
1878
1240
5
163
377
5
1146
367
6
152
6
1294
17
1610
801
94
139
78
696
28
96
18
7
244
932
34
1006
250
572
152
37
2
700
9
16
436
797
649
423
2
936
1251
14
233
15
1543
233
19
10
6
112
625
627
222
391
1462
869
1429
5
1434
71
3
1906
440
213
4
1
203
223
1
1900
12
11
191
130
293
278
776
1252
3
1134
1205
15
8
15
133
573
1711
50
1154
1
3
3
44
262
17
55
4
614
1123
1438
830
46
1743
314
1592
997
1492
1094
10
16
4
27
1282
1856
51
86
1552
343
1164
1517
322
1
460
11
51
52
1212
397
331
2
271
1118
385
4
66
8
19
241
66
9
1365
320
1144
520
483
738
189
1424
157
7
65
6
12
105
542
19
1
16
75
13
14
1939
697
271
1375
166
94
1378
249
1980
29
25
169
583
49
124
628
57
456
1
164
21
1783
629
3
230
1132
421
1446
46
791
1666
196
649
122
1014
312
1
733
10
129
15
340
861
1253
351
366
1367
147
54
1904
371
22
1461
116
167
11
1
5
80
1703
1
1876
1
879
31
1244
19
108
385
636
74
367
63
16
44
1117
1154
783
161
230
276
676
901
627
48
83
92
11
595
69
128
1758
932
943
196
16
1058
6
1174
2
11
134
378
339
10
120
47
1
208
675
694
210
84
9
2
385
930
11
53
907
27
234
943
422
956
5
67
2
44
521
3
1434
196
33
26
382
240
17
98
12
1
90
753
1557
869
2
1323
45
24
304
8
73
825
474
884
1617
86
4
30
27
28
1
12
1
1296
216
1492
55
61
1
1
319
697
4
25
135
2
591
1065
530
1784
94
1332
4
159
266
666
630
223
360
1572
132
993
3
2
1652
7
236
343
52
213
834
1
1
53
71
2
11
126
739
60
895
18
38
108
1312
105
88
372
217
85
345
434
99
202
105
9
240
87
19
60
14
9
18
21
531
8
14
189
17
363
905
106
532
1655
422
142
5
11
162
1831
60
1861
33
437
1224
296
1849
279
1762
361
572
20
2
743
300
26
336
334
5
1530
3
447
929
3
1474
138
859
6
55
1954
1860
7
853
1350
2
1572
6
112
1430
1073
143
54
37
288
1789
52
12
341
1004
181
222
1947
228
1254
520
199
539
1633
354
298
1307
1902
1
2
328
1470
374
985
46
1087
770
161
1218
22
107
218
208
4
71
7
4
947
3
390
145
692
470
330
52
107
290
116
1144
218
5
3
174
4
96
32
1946
966
319
1
2
58
217
8
688
120
19
12
923
1544
1973
131
491
1951
794
682
149
1340
28
6
72
41
1216
5
607
3
603
73
1
74
10
793
104
1606
226
1992
655
107
940
78
1555
235
4
144
1516
4
2
4
91
7
653
1
1
60
365
91
73
699
242
11
460
1
126
1
2
28
7
436
180
572
133
3
468
411
308
22
3
668
17
137
703
588
2
1
89
429
100
87
1
854
308
145
90
7
1
383
42
337
34
1748
311
489
90
507
124
1
254
9
16
66
653
1
132
141
1276
105
348
1383
19
801
588
1739
468
168
42
1403
54
322
1786
300
94
726
12
931
1400
433
833
498
463
1318
26
363
568
1295
32
170
316
36
221
183
430
18
1399
1386
1
45
851
60
701
73
1416
126
734
603
142
33
171
673
2
1
309
2
278
1736
1483
74
117
265
124
80
190
416
51
302
160
81
1751
191
622
577
350
64
11
1
55
1422
42
54
1
1
1585
166
731
598
171
448
1
859
112
9
4
275
1559
1743
33
181
19
1230
45
677
7
1114
1
752
839
1203
524
20
185
731
1714
222
768
231
161
65
934
561
70
785
30
1609
38
784
24
51
434
6
776
14
3
326
222
317
1561
669
6
19
6
3
1102
4
976
492
315
77
741
5
67
572
145
2
1412
580
133
701
119
64
19
54
1263
1
413
1858
1183
807
39
1217
441
26
320
126
5
4
28
1
1376
1599
772
11
54
21
1436
54
3
361
71
1333
501
124
432
128
6
328
54
2
1612
1278
13
33
384
177
1275
26
7
637
1254
1288
136
1389
1086
34
68
1383
304
7
100
1
1
980
383
94
1585
374
60
41
54
620
21
172
553
59
6
12
1557
20
31
53
11
1208
386
58
1252
495
3
746
18
496
173
745
22
847
1976
22
478
1219
556
1403
29
894
3
189
1630
719
792
156
487
370
1684
1
802
1452
1
30
8
1680
255
5
475
44
931
228
214
16
66
1189
71
852
348
773
440
57
19
383
1142
1
61
59
2
256
30
1195
1090
438
87
149
706
2
7
953
201
314
14
1655
27
5
457
458
13
652
2
1
957
74
2
292
1132
1271
266
7
1
1492
1766
76
400
155
95
647
119
831
1724
6
1361
254
2
1400
1
37
16
448
1
1402
76
34
121
284
1316
117
61
15
3
804
34
1234
220
1
308
895
4
4
489
8
1
844
1
510
78
42
74
2
844
21
94
1
53
1552
548
58
1
294
48
269
356
1117
19
2
292
289
42
29
767
637
15
5
156
5
325
1121
318
5
139
78
1165
46
601
319
480
766
744
99
97
203
648
331
165
1092
1907
25
92
1
29
33
505
368
2
195
27
30
1904
1782
8
135
55
33
257
1995
206
1380
14
485
397
890
3
794
61
414
315
9
171
1286
599
775
1020
3
242
516
38
1562
3
1073
661
43
752
1
943
44
1
1297
36
1
3
217
355
79
3
373
1422
673
11
17
238
75
55
574
11
2
998
25
164
132
1444
462
151
1799
711
474
84
338
1190
1117
518
145
21
470
171
1060
1755
999
234
369
105
489
494
36
65
674
276
645
137
307
1459
1450
10
4
1986
2
125
243
1692
21
1278
125
149
27
327
1119
2
584
555
188
2
1053
280
89
23
2
1944
171
494
1546
138
413
229
69
248
1260
170
179
42
74
24
2
13
180
688
639
520
1516
626
3
67
19
1615
1
1759
1126
9
337
844
731
19
11
26
1
331
1
76
1
6
131
313
1000
290
135
1296
980
168
3
372
396
980
91
1
187
15
114
1336
344
1550
2
1126
122
868
1696
174
11
482
171
50
432
657
92
840
929
33
108
20
556
363
12
1
1
1746
4
1180
137
332
3
75
1
403
3
11
1245
563
75
24
1752
1582
419
6
262
80
966
636
411
301
70
517
984
21
2
204
35
774
170
740
222
148
40
7
1140
1
5
38
20
1449
1924
837
28
145
10
900
1
673
305
336
1
1050
46
312
166
2
1
213
20
856
1
126
152
16
867
186
913
13
1
1
967
19
3
397
1
6
117
656
273
321
8
1042
1136
16
63
18
39
1707
58
208
207
81
20
73
1942
218
748
54
341
28
201
703
943
1393
79
255
1622
858
984
940
202
40
1029
1214
3
172
78
1578
896
54
207
471
6
1777
4
604
1678
136
408
7
328
39
22
340
5
593
4
132
3
3
530
689
1131
17
244
1240
7
582
185
17
233
14
26
34
1198
1702
1969
1226
42
832
9
152
544
90
34
22
348
43
13
5
5
811
1742
1803
950
373
3
48
29
66
189
1584
75
19
18
1630
31
640
152
594
8
259
55
94
165
2
2
256
2
305
1694
812
98
1119
610
7
1
1219
1029
1982
3
345
5
1590
559
31
1401
22
2
24
1384
312
20
374
153
1176
34
691
149
310
203
3
1172
2
437
4
17
594
30
40
576
315
295
180
58
588
1
41
1
69
207
798
18
27
129
370
104
18
1085
1026
269
5
30
238
1939
64
173
1901
61
9
1018
1
1339
1442
611
3
316
1
13
2
1165
9
1398
158
216
330
1500
1100
861
1127
11
163
71
306
108
2
1185
515
1272
1094
28
500
420
1413
1707
244
109
416
1583
1272
341
38
434
567
38
1078
528
175
540
358
1465
540
13
29
1526
1213
1575
184
78
4
357
8
121
36
8
110
232
5
302
10
1231
4
2
366
1
208
726
7
196
72
246
384
38
50
510
115
1713
1835
1113
12
34
188
17
21
3
326
688
1712
705
66
10
103
109
37
285
18
138
25
1
651
991
265
2
354
309
16
224
33
1223
15
148
704
385
437
19
18
1
10
8
4
1654
801
28
1263
1028
294
36
532
40
629
247
1073
420
29
55
11
35
241
1852
565
745
59
916
1497
1045
152
43
21
132
1
771
18
6
1043
997
251
134
519
258
28
93
1144
79
31
1139
348
1
873
523
10
106
490
26
255
1606
1006
66
841
1667
27
1292
702
39
229
178
1985
110
990
165
844
596
251
921
373
6
1424
141
332
835
794
105
129
1514
34
1
644
1405
2
175
39
1260
966
1463
9
56
22
1058
1953
1202
3
1248
1
1203
9
6
869
33
352
20
417
291
465
421
1397
149
10
294
786
24
1
93
137
118
842
277
1358
3
1481
242
614
1610
3
50
130
422
2
5
33
75
10
12
4
823
1817
7
1251
4
53
162
7
1354
126
4
1
55
27
10
132
53
371
1197
129
864
169
53
69
715
115
1
1289
65
982
5
396
86
639
1
1919
730
1308
1183
651
217
3
84
937
923
311
273
2
102
1839
72
2
3
253
620
1569
920
1
53
1013
5
1108
730
1694
28
144
124
125
1650
8
455
115
504
8
1723
5
131
68
158
1018
317
4
91
126
1
159
8
362
752
103
1
206
1083
34
1169
495
537
76
12
78
1031
4
1592
386
146
2
746
143
382
2
410
3
2
846
1
1
352
756
106
705
6
2
714
23
325
1039
1881
492
370
52
1502
1193
8
5
12
572
39
43
144
49
400
5
6
20
554
1122
79
1575
840
44
252
550
143
236
25
404
110
20
8
13
370
103
40
281
1
675
95
1
548
109
2
2
40
759
61
12
1561
84
124
1396
21
2
32
6
175
537
142
80
67
470
948
1894
2
94
29
412
235
17
101
1246
1996
271
85
676
785
23
297
210
217
1552
1
541
1054
5
458
2
80
1917
6
826
64
84
9
25
1855
95
118
180
10
4
1030
1047
2
1765
2
8
384
323
988
15
1134
906
22
29
1777
737
593
525
5
1328
1337
681
1185
4
27
23
1
727
1385
799
616
545
3
951
200
71
965
1630
92
838
92
693
143
250
1072
1368
373
58
1
48
435
733
156
1151
1637
46
13
670
315
131
15
79
18
955
119
348
21
1161
2
35
640
101
1212
102
2
5
596
8
206
378
19
1637
25
934
31
766
412
37
882
390
38
1333
472
56
572
156
135
131
29
1154
292
29
799
1
409
25
273
1104
505
59
116
592
1888
1784
548
1107
4
255
1089
945
724
716
2
869
248
1056
1888
7
50
1164
770
111
20
146
105
225
368
66
137
9
8
211
697
1381
261
101
1909
771
173
1983
132
411
2
162
505
467
1060
13
33
6
1310
18
168
472
266
1769
36
417
677
775
1158
79
37
2
1822
468
903
65
149
206
8
257
1149
1177
6
1184
58
1316
435
909
987
4
83
213
1
167
1
71
15
19
398
207
70
415
107
3
25
147
2
100
42
221
267
1
1779
115
2
129
419
8
15
159
145
35
381
6
1284
1
403
5
147
411
248
4
1034
12
416
66
480
136
176
32
1653
247
668
526
103
2
638
1871
1968
777
20
197
1201
40
2
157
1573
1950
36
7
1912
1246
40
1385
75
469
1778
320
36
467
1853
1510
52
38
1180
184
364
1385
442
304
1
3
1339
49
253
34
1959
53
387
3
20
1
1507
152
105
1473
12
439
1
1715
174
561
663
546
253
5
395
870
64
6
374
203
591
241
876
690
700
23
84
347
2
306
1109
3
97
1093
628
289
312
134
81
407
192
14
12
1
755
438
1829
1874
352
779
55
332
1171
280
3
1830
906
171
3
77
53
451
644
1930
48
6
1
540
1390
120
410
894
9
47
123
82
22
445
1349
422
515
57
677
1679
54
422
1700
1604
1458
796
91
203
225
68
92
428
368
18
783
413
1111
1484
20
590
45
182
41
83
1191
274
627
63
47
442
113
23
726
276
534
239
811
10
1060
119
1979
33
822
415
11
10
20
1804
6
1885
10
384
10
7
69
1
300
434
222
980
60
1524
951
1750
1603
22
470
24
1214
1081
1072
6
2
248
331
35
184
132
747
1367
9
16
2
1163
92
507
1433
175
732
1690
141
406
858
2
1868
9
509
78
253
1259
180
76
1924
1374
1398
18
6
441
386
229
1845
539
852
684
1
1972
5
1
756
292
207
13
458
216
1220
1202
11
131
2
211
132
1813
382
175
798
682
130
65
19
1
22
256
5
6
3
43
597
8
1553
1
1287
732
81
362
49
834
3
43
912
955
674
15
82
9
265
71
1025
53
985
95
253
251
5
364
93
361
271
19
1542
20
598
625
1
888
46
15
168
49
688
1608
4
17
62
73
36
14
32
201
1618
5
745
1295
323
1221
439
1
86
34
93
128
127
101
7
7
1560
1
1795
88
40
87
415
722
1
90
9
1554
328
576
12
19
5
182
1504
344
597
312
28
251
14
423
1278
1
1981
15
919
58
541
655
199
1052
423
31
1001
2
120
1
170
26
98
618
55
5
22
61
49
50
484
17
76
68
187
11
3
1
13
1590
43
7
380
986
118
162
119
1351
106
1026
888
366
71
1
28
695
351
683
28
724
884
769
24
1929
10
200
1087
313
5
831
67
337
52
1196
10
8
598
499
6
365
1048
10
4
507
5
119
12
42
102
724
19
132
1716
4
382
110
1276
1144
8
409
372
407
15
1843
6
6
2
79
418
1915
22
1
1386
1256
55
57
197
17
2
622
6
258
23
754
685
1419
146
561
188
3
1944
528
1
73
2
1799
98
16
83
543
752
81
1996
88
464
74
1794
225
234
600
578
1550
33
510
16
86
1
462
430
31
806
1400
987
377
1028
1762
5
1637
145
77
26
1384
503
551
837
1942
1918
1707
351
490
916
32
384
36
1050
1
476
61
86
2
560
319
427
613
1171
1
1267
676
254
8
3
749
897
857
1999
429
56
1798
27
80
88
30
27
1379
143
413
699
1
430
3
30
688
36
2
1109
17
8
272
23
12
229
634
1751
44
1022
4
89
1503
6
52
831
1
479
338
1362
325
15
1439
1537
437
1349
748
260
206
875
1447
750
1863
26
131
34
332
40
1490
16
1
116
52
21
249
5
54
155
64
1064
296
1736
939
70
51
4
58
30
31
2
229
12
17
246
701
36
71
97
3
25
5
1952
1779
18
1189
130
193
680
3
367
541
1
750
4
1399
14
39
156
953
1
658
218
32
1419
375
7
61
16
1463
128
9
63
1
3
3
951
51
178
101
3
12
651
587
169
622
3
1020
1955
97
6
246
1524
1
1
4
552
364
1636
1998
34
2
235
14
588
1095
1718
399
1930
35
76
65
731
173
201
109
1248
416
13
1690
1066
4
16
1251
2
34
132
778
1661
484
25
1002
1913
484
20
138
83
173
9
489
89
250
1191
94
68
13
678
8
149
189
1235
1720
269
31
131
8
17
28
87
20
12
28
26
287
626
1661
1
30
1
1
235
71
995
181
360
262
72
1141
588
18
435
40
1643
3
561
316
95
1660
90
40
271
191
246
3
74
13
33
273
4
11
47
60
51
11
443
1592
781
1684
167
42
54
45
751
2
101
1014
8
1246
1321
454
107
102
21
988
70
1529
5
484
3
135
19
8
1786
12
3
949
316
355
35
2
2
1191
618
1
1161
249
1484
33
1128
610
45
207
1405
1100
419
2
14
238
1829
956
226
1141
6
12
3
2
223
371
1
607
1851
2
2
84
31
98
120
143
123
114
1
38
418
192
52
11
51
225
1055
194
3
27
1034
9
54
330
1
19
198
2
898
61
153
1
1603
1803
126
3
220
283
296
7
985
584
1598
12
1
324
32
98
35
21
9
19
1471
1968
134
13
403
627
102
957
3
96
12
193
16
3
762
864
1130
1716
490
1360
33
236
3
713
1118
30
364
178
786
28
151
966
160
1
1932
809
1641
25
79
64
71
131
2
87
206
336
234
179
9
349
1705
522
11
109
192
348
616
137
1
1544
101
84
3
1667
67
1376
400
740
44
1017
1
10
12
267
167
749
4
351
1330
117
38
381
109
1799
11
219
1
724
1853
158
426
4
189
601
1364
3
635
77
484
73
103
93
219
5
10
1898
559
2
1580
570
539
1738
94
187
39
955
11
1714
329
175
703
220
7
204
1957
1058
517
63
29
814
106
12
209
12
335
25
620
1
615
207
35
529
327
65
711
281
38
4
1908
501
3
685
52
1403
343
397
56
849
50
13
138
129
97
63
115
122
353
383
1226
118
138
333
43
667
157
17
318
1099
1092
1845
1
859
1
328
1
4
1893
1725
1858
1637
2
7
18
1
4
3
69
20
47
791
75
297
870
52
82
7
7
408
1528
1445
1514
996
1889
49
1793
1751
1
187
460
69
950
19
71
1280
142
1097
1128
601
5
283
55
995
109
10
20
1
224
1504
5
335
1
534
1
150
1883
1
312
1763
371
156
13
34
244
4
134
1
284
6
1
32
496
432
122
57
78
121
588
754
663
85
1
131
392
106
1022
31
327
151
455
244
18
1382
286
9
1317
36
332
64
184
394
520
135
1738
52
6
1187
134
656
6
302
58
94
676
19
907
1182
1139
1533
32
462
1410
268
3
1045
6
1683
849
24
848
326
7
12
230
49
157
1
1482
22
16
22
855
387
561
1867
292
61
60
1633
1744
1121
1811
950
164
1983
1818
632
133
779
3
17
3
478
49
215
419
80
1
233
12
1603
13
518
