1912
1870
260
1394
916
2122
2125
1568
1531
1034
1270
1222
2051
985
2290
673
23
868
1058
1456
876
2254
2172
35
2006
2034
1652
1339
681
457
1422
1666
1825
2150
940
2015
2201
1723
79
802
1076
928
2419
1112
1346
1825
2453
1615
2261
198
1719
1839
2105
1924
1576
1451
1924
2231
1749
1385
2104
2343
1240
1080
1303
1289
251
579
1975
1941
754
521
394
489
1902
176
865
338
2242
1333
295
1464
920
1700
1986
1636
1158
2238
2011
125
1155
1087
2069
631
412
1762
424
164
1600
1618
1004
1987
2023
2212
1329
1538
1746
751
1702
1375
1493
614
786
1829
1834
2113
1153
2367
2129
177
335
2260
1743
2283
318
2274
1035
2307
346
1619
27
467
1269
1466
977
67
883
400
2176
550
1220
1
460
1635
1546
1794
1053
1301
1730
2084
2008
553
2057
2105
1333
1579
584
118
949
1947
1364
640
898
1244
1024
1564
823
243
1439
604
2087
2030
564
1706
1495
2082
1468
715
1334
1019
1293
1266
265
755
1558
2450
112
1584
1227
1519
1796
695
1132
57
371
2346
2306
394
670
318
2178
355
1760
1425
1582
1592
1571
1800
1158
563
2318
1035
1224
2073
1112
904
887
2214
1390
2279
1774
314
52
1625
887
1318
1118
1347
898
932
2266
185
1047
2170
1862
2097
2370
2035
191
97
300
754
1149
2207
1746
305
1486
2070
881
2244
491
2260
2487
2009
334
37
251
703
644
1159
998
1297
679
1213
1556
2426
1992
1632
2052
1727
1739
1948
312
2063
1761
1616
410
212
2245
1943
339
580
751
1337
465
937
157
1624
600
332
2469
534
1206
450
666
1970
493
388
695
1870
1652
1852
2276
601
1297
1760
1274
2417
1499
1544
580
2367
380
1788
2019
2184
608
960
2434
1093
424
1169
291
572
1252
281
1563
1896
790
757
717
1730
820
1626
2440
2464
1051
70
356
2245
739
870
1711
23
668
752
2448
2284
930
769
2321
946
10
472
987
354
1019
361
1833
1250
317
2305
992
2252
27
779
274
1682
540
2039
1103
2352
2060
1675
1933
539
136
1756
2046
59
1788
910
543
598
618
904
2142
418
2428
2350
16
89
1811
1666
1097
1351
1918
2149
859
1800
582
1782
532
581
29
1337
2258
2486
1514
2357
770
666
1144
1060
805
686
198
151
871
157
181
956
2234
1190
1089
1730
835
1226
1755
1583
198
1340
465
1152
336
2055
713
1077
877
990
1272
1222
1126
2350
2162
234
690
28
899
1780
2353
2174
1292
421
899
1550
357
726
1744
1636
2446
1051
1287
2156
913
748
113
1944
747
1672
402
1818
1186
1872
799
1820
1374
711
661
2465
449
1432
950
1339
1262
1053
148
994
653
591
739
1330
826
1217
1168
747
322
338
539
1225
1338
766
2079
2456
32
1174
1391
2111
2082
1235
1166
1395
612
2453
2188
2019
872
342
1201
509
1969
695
2342
2235
1240
1933
2383
1055
1032
1490
803
2030
1215
2287
1929
2232
1431
214
2086
297
2124
1200
293
304
1296
2062
535
697
1450
309
1136
473
2245
484
536
871
232
1702
600
1988
1908
443
463
2247
1973
1536
557
565
2261
544
2235
725
2337
71
1198
208
2112
1636
1615
1419
426
1581
155
1931
911
1166
323
888
428
1237
2201
1084
1748
651
543
1891
1747
349
420
1034
1644
1262
1879
2152
975
2327
2482
192
2105
1356
2430
682
193
2238
1079
38
2456
2381
1183
583
327
1752
1837
1298
212
1807
123
862
29
572
1257
855
1468
782
1004
852
416
823
446
1379
1709
692
1646
2351
1587
55
246
2002
1051
739
1844
584
750
1388
1174
1609
1015
1226
1105
1250
805
1400
1955
1281
242
1753
825
1727
2139
271
2323
755
415
821
1388
772
1160
473
2149
1588
1063
959
1644
2170
1230
789
2436
332
2208
2227
166
1334
861
2445
632
2308
1091
1318
1628
1406
560
2037
2431
1758
17
1984
1542
143
486
2302
208
2063
449
2132
2073
1039
354
420
2329
602
20
3
2429
582
110
1956
1850
2109
839
434
1557
1055
1954
387
2233
1518
2195
2361
1293
2001
1172
1583
1853
1174
141
1716
1162
2284
605
949
2208
603
1297
1451
2463
235
2385
1756
1702
2159
2272
1817
1087
79
351
2312
743
1431
1939
1931
2351
417
2433
2069
2062
1514
1724
2467
1836
1024
2205
1171
519
401
302
684
878
1061
1816
1400
1671
763
900
1539
1679
759
1537
1829
1246
1643
217
930
236
205
2286
1182
1427
161
2393
990
1621
1212
1077
920
1077
395
1417
67
1226
2250
1652
1542
2168
2452
691
55
1039
164
27
1346
1976
1646
876
234
106
1105
1549
21
2278
1270
2045
2183
762
384
1626
291
1817
2255
614
1643
1161
601
2170
632
1702
2224
1975
96
248
2014
1232
2233
1690
398
2150
1089
801
2118
710
2358
305
170
882
2476
256
805
2433
2151
318
1937
1735
1026
511
1116
1814
891
556
46
793
1404
691
372
766
433
939
1248
1912
457
506
1685
1129
883
422
2383
1689
1992
1900
29
501
1592
1561
674
1280
884
2180
1025
1985
2237
39
2275
1592
1427
255
1965
729
2409
1585
437
740
176
488
1662
2412
1443
472
195
98
2355
1997
1409
2064
2142
248
2106
461
2093
2391
1827
1607
410
1353
568
2164
1750
1690
808
547
1544
2081
2182
248
1301
224
1761
85
1919
164
2324
1878
632
2025
856
1239
1191
1351
344
937
1651
2145
1224
2127
2045
2013
144
1097
801
1172
1625
2355
1743
574
351
213
2236
42
1087
2154
1475
2392
280
150
2018
380
1341
1941
577
2076
135
445
719
490
974
325
534
1538
1175
1655
10
2432
596
310
16
609
1329
2195
1624
2276
505
2144
1615
1516
909
1325
398
1775
1572
589
1061
1773
501
1748
1547
2460
720
711
522
2036
744
621
11
169
2454
136
2270
308
1290
1678
615
509
1133
2333
498
947
1664
578
2267
717
527
984
1151
1456
1508
1916
720
2020
206
343
1191
84
697
685
1859
817
444
2155
2489
148
1318
2372
1334
364
2445
2020
1128
2168
2298
1806
765
2298
2106
2149
1795
2179
58
1699
1784
970
1575
499
591
97
976
1931
1774
1449
1756
306
240
379
2197
869
184
1206
2107
305
1302
1225
2089
313
1747
384
1003
1944
2287
1760
236
207
1611
161
1622
1163
1506
1646
1283
134
1275
1366
1758
2379
46
1648
400
1045
267
1633
164
404
804
992
1564
1326
584
995
2292
683
50
1953
951
2040
1916
126
263
1816
1020
1086
1131
677
359
255
1883
1895
762
1695
2044
624
910
1634
2187
966
2019
2213
762
2427
66
1181
1696
709
478
2026
385
1039
2095
746
2206
333
1166
2357
1066
596
380
675
891
118
2199
1591
2298
1612
432
1027
1401
1759
563
1202
898
1553
2090
1789
2389
2447
523
578
1364
2317
1211
595
305
504
1477
1603
1805
1757
2110
87
1972
1311
1572
1745
2293
2267
1571
2214
2208
1205
2499
1913
1426
433
2097
738
810
2359
1040
399
74
2165
496
225
1702
420
2323
1478
1881
393
1297
1139
845
551
455
1903
770
1559
989
737
1220
1923
738
1612
2121
2482
2438
1179
2337
175
1853
663
1123
1808
623
1603
1237
23
438
646
1135
1315
2451
2177
1185
2008
1986
1248
464
2066
951
1597
382
1773
2238
449
2245
1535
1102
840
1812
1475
1137
48
500
722
1864
2087
1554
840
57
1425
2458
1694
292
1900
784
450
2038
1893
1551
1411
116
786
768
339
39
1010
1726
1221
770
1551
2147
107
499
857
732
208
2161
1716
861
1450
766
146
2126
1353
1676
1359
904
179
35
550
2451
668
546
1953
1974
1519
2109
2301
2395
814
1169
887
2088
1521
612
1559
770
1823
136
1145
2324
1173
734
1896
369
1578
1473
10
128
1480
1533
997
1047
2015
741
395
2095
152
81
1085
865
2151
552
62
2323
699
339
1498
1380
463
207
1516
1905
592
316
878
2236
253
162
1325
359
936
2270
769
83
2287
544
1149
1354
270
2429
711
2426
2432
372
1165
1685
677
1317
489
2032
1721
695
1335
1965
2046
1675
1286
1342
139
1790
2245
1208
1250
1022
241
1390
981
575
296
2406
538
2424
1409
1567
574
559
1124
999
2488
430
2436
2303
1001
2116
1232
1708
1109
2238
154
1949
2401
1128
217
1362
137
1437
1454
1280
114
1756
250
1810
1854
1745
453
368
1419
2488
1264
1064
641
1789
2010
2341
1932
643
239
2016
1615
1886
1175
1879
1900
431
842
1904
159
537
1533
225
515
561
2090
1999
1150
242
2027
2145
1261
2182
1058
89
466
783
2467
140
2387
996
961
736
2038
881
1292
1845
477
433
235
663
252
1218
1732
140
1223
297
1450
1175
530
388
1010
153
2068
2362
894
2064
1834
216
762
1420
1829
2013
62
689
835
1159
823
2215
1688
744
1975
76
210
1552
575
771
133
693
365
1705
1933
317
1627
560
2290
1499
167
1245
1080
2258
1740
1800
1260
874
1596
2196
528
173
1777
2206
1483
1739
729
527
1089
569
1816
967
1890
1831
2291
1614
496
911
1723
289
126
783
703
609
2333
1767
1701
919
2407
1363
1402
1064
1088
1126
617
2252
2436
1179
2210
1344
2230
2328
1703
1821
1359
727
467
357
2454
647
173
2318
117
2284
781
1639
126
899
875
516
490
1531
1055
2303
1222
881
782
1402
572
2255
1527
62
1895
181
421
485
130
2144
2066
1670
1349
112
1323
2197
1018
798
323
608
1179
19
1937
428
277
221
1434
950
2249
1299
738
2293
2123
1935
1073
1571
961
1653
522
797
1087
804
1703
1824
1183
1547
937
1155
2111
643
1336
993
2348
832
2189
970
2428
375
376
1726
2107
1058
343
1285
1335
230
889
460
714
202
2490
421
814
1189
1455
605
1813
1645
941
1064
1658
2042
2234
280
2136
1543
337
2011
990
1169
2246
1334
2286
2452
66
1334
1518
257
966
265
1571
98
1903
688
2005
2029
1272
2105
1883
158
1815
2484
1562
2074
1789
477
336
231
1742
222
1854
2360
610
1383
1147
423
282
2445
2219
1308
992
499
1739
2319
744
2441
1278
2385
240
1322
2347
1769
1824
1509
1221
618
295
2476
1409
1127
2189
968
957
1937
2074
2380
1134
1280
242
2345
212
1221
398
2233
1182
2225
1993
1896
1131
130
944
793
151
349
887
1007
1140
131
725
1009
1343
88
966
1485
1920
1810
446
88
241
2489
2279
2031
1940
1551
338
1560
2007
1875
326
990
1273
501
1260
1257
986
1770
2041
2133
1226
993
114
2364
431
2256
383
1462
1116
234
99
276
131
828
1582
385
2022
1839
1904
234
1428
2401
894
1521
931
1059
2203
192
953
839
2284
773
1912
698
1111
245
1220
614
2326
1399
266
15
2158
945
434
581
2488
928
2089
1423
2170
1464
2242
2390
2384
2114
2396
610
1096
1419
439
1747
1666
1730
608
2021
1027
1267
2416
965
2069
1781
524
1417
2184
848
1682
2352
1666
1741
1955
1179
1891
2193
711
277
1594
991
831
1922
222
1870
416
2023
1379
778
1665
2491
1000
532
1541
193
1983
1152
1968
1068
623
143
2406
727
222
2395
894
2021
581
1518
1866
1370
2466
493
2422
1392
2056
573
1043
1173
2404
1407
1761
1205
1339
132
1391
2398
1117
1478
1179
1946
1564
647
451
404
2155
337
1218
402
1072
92
2376
1279
1467
1106
628
2226
135
23
1171
58
2068
2292
1623
219
1513
69
1480
1437
991
2225
944
1123
1970
2130
1822
2152
1812
1459
123
1131
2362
2152
873
58
487
1584
2000
1189
296
1745
454
1990
819
1601
1324
1216
1022
1530
233
1504
2252
1110
1902
2337
1932
1620
1082
1037
1240
550
1837
415
2352
1009
1925
328
1092
864
1288
1125
2282
591
32
561
1981
1013
254
1760
54
1189
1244
984
2009
1849
1161
1807
484
1729
1836
71
1013
680
1149
598
2337
567
1116
994
2020
546
1692
851
1469
1309
2304
1129
525
1280
1596
548
338
2268
333
1317
1945
1879
1366
2271
2246
1149
2172
1687
518
1617
1231
2115
1799
261
836
1950
395
2104
796
1789
2216
1278
2073
1132
777
636
1893
5
1699
405
820
1997
1977
1086
1160
1527
1021
1523
1151
598
2045
1530
892
822
2469
2403
44
1353
1950
77
1060
1003
2279
1546
2264
1070
1256
1695
2355
2167
729
2426
1667
259
1067
1595
1435
1092
1547
2420
1790
740
2035
1643
2146
2220
1335
2090
1974
2340
1662
1576
1613
1845
1636
1973
1236
82
1937
1002
599
1080
834
661
842
314
42
2172
2164
234
1281
1216
632
121
140
454
1706
1355
1880
2084
621
1041
914
1438
2475
290
1212
1676
647
2111
1780
849
1466
2088
1975
2379
2206
1725
1686
540
740
1215
180
1932
651
2200
994
1460
960
1673
1951
474
1502
2212
1335
38
1901
243
1098
2306
2463
1420
2474
597
2111
1498
249
2428
1949
2143
1232
1371
592
1244
943
1956
2346
1521
1028
1000
2300
827
67
2248
788
968
293
956
1845
1254
660
396
1104
496
1550
421
395
1158
795
1617
40
79
1071
394
548
31
384
2467
398
166
517
1969
1792
2028
226
49
2052
2422
58
815
632
1339
976
1352
2012
898
592
2401
1003
1537
486
1955
1203
220
1923
592
2341
2203
779
1498
1621
1197
395
868
911
1234
940
907
2035
2262
1233
2191
1591
1434
1413
2218
1730
1752
1247
562
2476
762
2249
784
53
980
2087
746
355
647
1116
572
105
787
628
276
962
91
1846
1322
1133
1785
1008
2145
1503
2103
660
1885
581
1529
1995
172
2206
642
1586
1574
444
1392
2496
1894
10
491
1695
1678
1075
1578
118
1168
1466
1068
491
287
812
2134
710
1241
1883
1707
1594
2060
1634
1838
2212
272
1530
1224
542
768
851
517
1225
1435
1767
2337
28
1136
758
1427
63
2165
1550
1235
1307
580
472
2453
229
1365
447
1671
413
255
622
2227
544
1775
723
622
547
2169
2159
2037
2041
1332
2033
1302
741
363
1982
2187
803
411
607
694
203
1560
2116
360
1643
2037
2325
1575
1977
1188
1537
2334
1539
760
1870
386
1128
1919
1884
228
808
1174
420
1733
1684
1285
317
1406
786
1744
149
1554
659
1437
1214
196
57
1971
1000
1868
1674
569
874
1862
1354
521
1157
1361
1016
1733
2086
2434
726
1123
563
2349
156
546
2208
1680
137
236
1601
1998
2157
374
984
1304
2269
332
1418
1531
330
1328
1987
2055
619
1476
1947
737
1633
53
1191
1615
305
601
76
1936
697
741
773
645
1600
2499
2307
1550
140
2340
1932
467
328
744
1241
1100
316
2464
1863
1952
1369
16
644
534
309
1474
116
2183
426
45
1449
137
1222
1463
258
677
176
1926
1004
377
1600
79
452
119
2188
307
1481
1053
375
2311
1234
1805
754
2043
1055
470
1929
2178
1670
2390
11
2367
652
1173
174
1902
2495
391
1558
1279
2148
1220
1472
798
1209
485
226
2235
45
2329
258
102
894
2331
73
1135
761
851
1175
977
2400
1718
184
2125
1680
78
1454
448
1635
1628
2027
2039
308
573
12
1879
2073
1003
74
800
2027
89
1483
545
374
2376
1289
160
419
36
740
2075
2173
1673
198
676
392
1879
1601
539
687
2025
43
1530
1085
474
2076
1103
949
2350
1202
291
2324
1344
2455
1790
1295
1738
1602
2202
1660
1117
139
1484
1105
193
1847
1669
1955
1069
40
986
1544
2219
492
2056
508
954
999
673
642
473
2004
653
865
2288
1422
1767
165
2300
1221
2145
1049
667
2327
176
1968
1003
1712
1149
2265
708
2019
1590
521
61
1742
12
554
2292
2104
854
1566
1784
2240
1377
1284
746
215
252
2268
608
1800
1898
994
1565
2478
703
140
1849
858
252
1534
1129
1859
1716
552
1991
2374
694
1717
311
2198
1051
776
1924
384
274
914
2070
1200
851
1154
995
735
1969
1262
1965
445
1040
909
402
958
1319
1723
923
641
1913
1170
1442
965
1489
2335
1351
2300
506
1279
2337
2215
688
267
544
871
113
242
1324
2298
2462
2052
1969
1788
1136
1432
1087
1546
771
887
2238
1255
1408
1687
1747
764
472
2374
1964
782
1425
164
607
406
217
2418
1779
1753
860
704
399
1189
1532
1206
2470
294
557
1936
2183
2079
1374
1826
1711
475
616
2010
112
2136
1335
2025
1886
1666
2171
177
254
1488
226
2069
931
62
2487
1626
2039
80
1400
1187
1829
2173
1303
55
1860
607
1690
725
184
1137
327
1871
760
1539
1371
2394
981
241
2077
647
1714
1090
1529
460
52
46
441
1005
761
421
1535
2389
581
1146
1947
1904
199
1680
808
1095
2045
739
1471
1283
236
1450
2030
1394
1486
1983
1924
2253
1560
241
2281
970
1442
2234
2149
1011
1120
485
291
2094
2332
1198
2
1586
65
608
1256
136
27
625
1945
836
390
533
2074
1483
395
662
387
1457
1163
2027
1203
1104
1194
1100
147
2200
1652
1124
2106
648
2110
1040
1899
777
2277
975
2146
2195
1655
94
1392
2420
281
2359
1560
1991
526
2045
1095
797
1791
390
189
2333
1008
2040
535
1891
1492
2431
1464
1494
2267
2049
1724
1875
1884
2257
933
850
182
550
1616
1468
115
1940
2294
146
2262
1423
1017
159
2399
1589
2388
592
2314
2341
2063
604
268
69
809
181
1567
989
1638
835
2444
65
280
1397
2478
1822
768
253
1485
564
165
573
476
182
1892
2325
1428
167
1673
1773
1281
2246
519
1389
621
1383
322
370
1465
1593
470
165
2298
1303
1588
114
2492
1146
2102
56
2443
2228
356
1033
2009
1853
1011
1041
2498
1077
1284
2277
1228
1361
2035
515
1485
2090
2271
1062
97
2248
1734
730
1278
1996
2032
535
1456
588
1112
282
379
1025
1924
2444
334
210
1393
460
649
657
107
730
17
2044
2321
2200
1219
426
1363
931
2030
645
1879
598
660
1884
609
2360
511
1504
622
2282
196
1995
1738
629
241
1198
2052
585
889
2086
1254
1528
63
2238
448
1517
2437
1473
227
2010
1468
174
1852
578
2422
1886
1942
2052
1451
974
358
1290
124
970
39
2074
564
2309
2278
469
1030
589
1384
189
1223
2485
2282
1193
1391
2193
453
898
1249
1811
1705
2200
1549
1067
1411
159
1801
476
2398
2390
552
574
2425
2221
1647
769
136
870
1817
368
87
793
478
2368
1328
1155
1088
1632
2401
444
1021
652
144
2095
1295
62
388
760
2219
887
2404
2235
588
2145
1816
2358
445
2045
1554
1097
355
1157
2372
877
2307
1784
1073
2118
1676
1443
469
1744
2248
249
1658
190
1004
1153
1623
754
14
698
1956
1243
481
1411
10
905
1235
1080
2306
993
1167
2069
448
944
898
1855
1835
75
10
2286
1695
1930
727
907
1074
1489
2483
905
1656
1287
891
1048
1002
2154
635
1901
2131
420
728
2221
3
1707
2107
881
505
1224
188
709
2088
2003
1775
684
1180
1846
280
2109
1339
2343
1661
955
1998
86
1327
1878
549
540
1750
127
1000
1686
1952
2037
762
1468
1653
1842
2089
718
1793
1924
949
1135
1034
549
1241
219
2309
325
1470
2415
1570
809
1731
357
328
1983
1011
2392
1462
1089
570
935
542
1583
617
1404
1236
406
1240
1261
620
1884
1946
1724
307
350
438
1709
1355
35
859
191
644
749
1002
1276
983
227
661
1492
150
1463
1106
2206
618
2075
2107
8
152
1028
1454
375
2027
217
1876
2242
2463
282
1607
868
907
2130
1006
449
505
568
1902
349
1364
658
2184
366
415
2140
1235
1499
2128
1430
1493
1604
264
1176
1623
1602
2116
672
1073
1986
972
1591
1257
1086
452
1495
1848
2250
2012
746
1366
979
1479
212
356
1630
438
320
1518
1794
1503
1798
1481
398
1835
35
943
183
2459
1635
316
479
1438
1392
2246
644
1798
1690
2247
1250
2075
234
2228
1469
1137
816
1994
336
322
2085
2363
586
2268
155
1712
1171
2359
1859
154
723
422
299
581
1097
2087
1647
2403
837
1092
527
639
1989
435
684
1786
161
1680
316
675
1649
845
98
1926
1451
198
917
1367
1179
19
1646
2450
1644
990
1914
2006
2101
1420
2382
1460
223
2469
1134
528
38
1058
843
1740
88
1184
2090
124
160
1966
2094
1214
288
1635
6
1356
327
2223
231
1418
2120
644
603
1561
1034
412
1091
427
1906
997
708
260
899
668
2357
1475
2062
282
1867
1702
1356
2229
2145
1770
1594
241
2200
247
2113
696
566
1
2242
1531
2127
2247
1959
348
839
1440
1393
110
16
1163
1436
1321
969
2092
2082
1841
1378
1135
22
669
892
1520
207
2459
37
2427
988
679
52
679
196
1989
2169
523
1637
2300
1856
587
548
956
257
2320
849
759
2101
1102
610
910
2266
2436
2070
1996
2315
2314
1026
1217
2481
110
2270
1050
1770
312
1562
1632
1076
549
1265
1982
2069
160
735
877
1988
752
555
760
1888
924
895
1860
2464
1123
1810
1778
321
1713
823
2294
699
952
2046
838
1665
1138
409
1672
1236
1896
794
1460
187
1336
2076
761
985
1496
2333
1473
941
1058
168
2342
873
1227
2040
308
1473
2039
250
1939
1490
1258
2015
1166
937
2381
2407
668
1437
1665
2070
1723
1980
801
1258
2221
767
460
1202
1514
500
1379
1125
150
407
192
926
170
2029
461
1560
2317
1613
2269
1798
140
2058
222
689
1122
401
1380
1774
167
799
1290
1499
1334
454
1478
1347
1764
206
1098
271
702
973
1901
263
1202
2127
500
920
121
841
102
1521
2312
2243
431
2004
672
2424
2206
228
1403
1786
1509
1305
1188
1881
1328
138
619
1793
2267
757
2207
1132
666
1399
438
2153
1314
11
1058
1746
1385
452
1883
1457
1829
959
2261
530
110
1295
4
1112
685
1547
74
415
1359
1969
2024
699
266
1106
694
1548
783
970
236
2470
2488
1967
1777
893
677
2244
954
2218
743
2314
2228
45
1673
1628
1158
2483
442
353
1288
1126
2006
296
348
1836
657
547
1947
2056
2174
1623
261
912
1913
467
1783
679
167
95
1995
377
2289
505
1230
522
1470
74
405
1491
1765
472
1789
1520
1879
993
2368
1492
573
96
2052
1365
1123
1089
274
2231
1610
410
416
1219
616
909
361
614
1375
147
2285
1132
1168
487
774
1511
298
1322
327
2445
2153
560
358
1031
2050
991
2227
58
2055
2048
1785
1810
2161
2363
2
660
1454
184
2178
2289
2283
1176
1135
2051
396
409
1977
1753
2342
546
1519
2047
458
1336
2205
223
747
1221
2107
1213
265
75
1265
1478
1051
1932
2230
2134
17
1890
16
951
240
2121
1831
610
989
422
1932
1188
1559
799
2184
2115
617
707
1392
1831
577
1604
1956
532
1405
23
351
1485
9
1487
691
1426
2115
105
554
2441
1786
1152
1737
1416
21
306
899
90
1270
2249
1682
608
1946
2248
1479
314
1407
1842
2235
1077
1230
1869
303
1550
307
2322
731
2072
1872
2123
1701
931
912
1852
1421
1096
1203
909
1733
1404
1078
2397
454
1202
523
196
2110
1368
1921
1010
1883
494
542
1831
2215
1932
1459
211
1156
2427
1419
2389
2099
183
1640
2135
1901
303
770
12
1071
1579
643
2208
381
2294
146
284
518
1596
1443
1637
2142
608
914
210
1730
833
1712
1331
931
2340
437
2238
227
1402
1430
1072
1837
938
1878
970
1196
1439
472
483
2002
2293
846
1060
2306
2011
551
1063
953
1754
612
1625
484
1196
273
221
1763
2101
2154
2052
1786
49
1048
416
184
1570
2500
1893
997
321
1919
983
57
603
1975
766
277
114
1507
1742
1607
1339
2463
1375
2466
1284
1884
1275
1137
376
1974
1838
2038
1908
759
48
906
1389
1016
1194
1777
1264
770
1053
240
1280
2303
252
1368
144
464
2123
1761
589
131
1925
1189
791
1672
1379
393
1664
1779
381
898
1122
1022
2024
334
391
1241
1530
892
628
1905
223
743
1469
361
2125
177
2269
937
687
578
1530
914
607
955
1203
358
348
2351
927
1091
2349
2224
366
1711
247
1304
1257
1680
617
1946
415
578
657
665
1993
928
1092
1742
1419
2096
1926
2290
769
65
2394
244
1607
620
998
750
983
2403
1108
1114
682
1818
2308
688
724
670
1918
1259
154
217
622
334
815
111
362
65
1734
2118
957
1304
1910
1874
1187
788
905
1413
1760
2340
2266
78
487
444
1285
1397
1950
1707
2323
2118
472
2196
1866
2430
1627
2448
1426
2107
79
1573
2075
1703
2446
1601
1102
1492
2274
384
2480
556
222
770
1279
745
1231
727
211
2116
715
759
932
1020
552
476
1606
127
2079
2022
2430
976
1175
2104
94
447
745
867
667
1598
617
1612
967
1932
803
1234
2389
544
1780
461
1260
550
401
858
714
1945
270
1853
2479
568
1738
618
990
304
2175
773
489
400
745
968
985
2456
2480
1392
367
396
985
1630
1863
404
1253
1400
699
693
445
679
2213
1073
1770
431
244
754
868
2113
363
1347
2273
1497
681
140
1798
2276
1570
416
236
338
2459
71
2421
134
1957
442
1978
688
112
514
1684
23
335
1553
243
886
757
1861
74
2186
1284
1086
1952
2409
2119
522
442
1721
2200
63
1839
304
1300
2418
96
2338
2349
716
716
1169
1794
2339
1521
6
748
1994
1277
383
840
1897
722
1047
875
1496
1836
1265
61
1034
262
1283
2094
1252
1556
219
2034
1645
1119
2121
2226
893
1136
187
23
1554
175
1821
2047
2085
417
1273
1964
349
97
1597
2175
2014
2226
181
1829
255
1795
2085
308
2481
1509
228
773
365
2255
1939
2279
1559
2097
707
1617
2268
1368
1103
465
2142
68
1486
1759
513
2449
287
994
1793
1912
472
1596
1817
974
1315
1302
604
756
2413
2013
477
763
262
487
248
186
1042
1757
388
74
1763
907
1477
575
1098
795
2054
1300
829
2340
407
1093
875
1088
822
80
990
910
1611
2454
1094
832
1201
926
868
760
1762
366
1596
2248
1784
1323
559
2226
1861
974
973
1402
1208
2365
1444
1473
2407
434
977
1515
351
898
1117
2012
823
424
406
378
992
1627
948
1990
1538
2110
507
1896
1622
45
1006
1477
2327
1394
1842
246
291
372
190
1179
231
1114
1501
1694
78
76
361
1179
1919
320
1195
36
479
885
1369
2450
546
279
384
2418
81
2346
840
1781
1672
1214
25
707
773
510
2499
1079
1584
2015
1382
839
25
782
1734
1716
1429
2266
508
1229
1256
286
1425
2079
604
504
2180
1643
1104
1867
1560
661
1604
2205
2230
1698
2334
2198
2254
1346
261
1509
1922
1171
727
2005
2226
1364
2405
1264
31
328
228
2464
2067
1518
1732
124
580
649
2446
2470
1058
2168
386
59
536
1992
254
1672
513
1810
2217
425
117
573
172
2198
71
2465
2448
2203
2310
1049
1842
2081
712
1436
1912
2317
95
2050
1520
645
515
1701
2426
1768
7
211
1101
1959
897
920
1182
1258
508
1878
2289
1650
184
1990
2380
1452
884
452
601
2104
908
1260
1814
707
152
579
1377
1331
1329
584
822
1433
1808
1797
1
241
122
2032
1335
2012
1415
2196
752
1602
397
827
1922
1576
2377
570
2385
1132
1418
1965
715
2388
2402
594
1602
1762
879
1466
283
527
2116
134
1926
929
2079
1172
755
1227
2238
1768
2421
332
1805
1483
2492
1750
1037
338
2464
2328
652
287
1964
1432
1388
1700
295
1505
93
1363
51
349
1399
549
2292
1206
894
2151
1390
2379
1498
1694
1177
1009
1224
900
2304
1691
2139
1030
1015
2412
293
1630
2260
2063
2231
1373
1954
1387
757
671
915
474
609
465
1281
1559
1692
216
618
1608
1786
2092
79
2284
1366
1899
125
242
421
167
2146
495
2004
973
1649
1620
969
2279
785
428
1111
2377
945
2339
1309
232
1616
204
1881
1897
185
530
1186
130
1821
1119
1901
890
1987
1230
2362
1041
1824
90
2435
1610
1998
247
70
1275
388
1912
1229
859
189
950
952
508
1929
391
1904
1158
340
2318
254
233
2158
570
1773
1811
1597
842
1564
2272
2013
1005
1743
3
425
1876
2184
1229
746
1107
2173
1198
799
656
2223
2190
801
881
360
2115
1875
219
1626
1792
2262
960
1011
1374
122
2374
33
1506
1754
772
88
1027
1718
1976
1033
317
1305
2167
1922
2121
1863
2204
127
947
1634
1010
152
508
2489
136
236
1267
437
1642
2483
141
1699
856
1482
662
1466
953
593
710
907
301
769
1632
1522
1757
1602
1905
1623
1839
2033
832
1266
1022
641
983
1387
503
2422
1005
854
1533
376
1368
976
356
1606
183
852
1231
1414
110
672
202
1767
706
1350
597
370
672
554
998
947
1361
772
1777
202
771
882
1102
813
2158
2465
829
1039
905
1355
1901
2419
2230
1481
1188
762
949
2456
994
277
1244
1454
2370
2014
1809
2482
1733
1393
675
964
1478
2273
2163
410
2465
1233
204
2498
1638
925
1929
1418
1284
1754
168
788
1222
861
1130
1918
1402
1901
1515
2445
1004
1776
2155
1999
333
1601
1423
536
1536
2311
2208
1751
1332
1546
125
2233
1021
1922
1426
1961
1574
1727
1655
1007
2375
573
342
1848
1692
758
756
1488
2247
264
1182
2455
1772
1123
310
344
567
1354
1302
271
1904
1667
1433
723
193
2232
1486
189
2150
1236
756
1150
2307
1940
2056
2090
724
1353
268
1941
1421
2020
697
2330
2492
145
1362
2392
47
1237
1238
1235
24
974
2240
651
1156
788
1212
224
1086
2168
2263
1562
989
570
2225
1973
1748
1113
1925
1547
35
2007
1020
489
1589
513
926
2173
2350
102
2347
920
1704
539
1244
2247
1482
544
1391
1916
305
1906
1516
1316
1585
1518
2130
2428
620
491
2181
1979
1320
1840
2424
1312
279
2045
327
1463
2068
392
1849
973
167
997
1073
1988
2042
1322
207
1584
1727
1512
1611
1325
2384
393
688
1380
1391
1788
2171
2093
1140
1643
898
2310
2061
1351
165
1359
803
809
1361
971
376
1599
1849
1355
249
2155
233
1192
1272
2098
715
760
1254
352
1500
2265
383
1067
433
1042
857
2423
306
1108
2320
1781
422
1955
458
838
1936
1844
852
179
328
459
651
462
1577
2481
2051
2209
1156
2256
2133
1064
2189
1224
1539
1197
1130
23
840
842
2374
1377
841
950
720
587
1826
2391
600
2297
1862
1351
1686
2083
1467
1680
1342
1972
1345
1503
827
648
1170
607
506
2232
1157
832
2286
2058
2252
901
1608
2143
2448
2115
1300
1777
1420
2189
161
1759
2173
1220
284
445
1935
2025
1828
462
2358
1285
1938
2498
2176
264
789
1466
589
2275
995
75
328
740
795
285
2455
829
149
1095
487
781
2051
1676
438
1260
1591
1361
118
2239
2446
1251
186
736
1159
1873
2367
159
354
1857
1279
1029
2203
2444
2464
506
424
2393
1377
1008
1051
1177
194
539
722
1893
2097
881
1613
1560
1241
703
1089
166
716
2077
1885
1079
1548
1198
1003
327
2246
1097
692
1296
1745
48
1490
2197
1003
22
252
738
65
514
2273
993
100
1133
1688
1446
875
1579
609
1849
222
2339
1951
2236
356
1464
2343
1239
2215
73
164
715
2400
393
1819
601
1165
1798
932
1820
731
283
2286
1132
203
1911
468
1788
2365
415
2388
1901
215
1157
2415
830
2359
197
2228
1504
846
2349
2054
1444
1657
201
2170
514
1875
1460
1402
1584
1446
1418
1443
1163
254
2216
2414
1447
625
270
2342
1967
827
198
1385
2201
220
265
82
161
1594
462
2229
887
2133
626
1748
1159
801
2476
971
724
2284
1958
271
296
1748
585
187
1649
167
1134
1166
2342
1695
961
2138
2052
2135
1780
167
1037
1787
788
1799
995
1574
895
2360
275
2286
1741
280
1996
588
256
694
1124
585
1050
202
1704
1669
2008
1750
1138
861
369
234
513
577
2188
2497
1534
1946
300
1939
1900
1225
2264
77
2151
2396
464
845
383
1789
1501
277
962
2280
182
569
2252
114
280
2320
2278
1965
629
1050
1951
369
1146
2486
1702
654
1352
1226
1066
1508
1080
711
1946
1428
921
1019
1596
86
2202
1964
222
626
1765
577
1311
781
2485
2191
2258
2022
148
1096
1915
404
2251
826
2208
1496
702
1612
694
2160
61
2204
1371
206
1790
1249
1573
1009
270
169
1419
1679
2433
2497
1849
2141
651
921
307
1911
1609
897
1998
324
2338
2449
2471
2472
391
488
641
852
1441
591
1008
82
1664
632
1414
346
1346
1882
2001
1601
2055
224
1542
1045
503
2351
1869
2281
114
830
606
1598
1510
441
1295
2146
1369
67
2016
2191
1584
1533
39
1176
1309
10
348
1691
933
2329
1155
655
1752
683
978
1408
1319
534
1118
2106
1051
1256
1099
1857
387
1927
877
1896
143
2019
1251
2428
2186
1700
1310
1490
1065
668
2006
987
2078
510
59
473
1708
2204
2117
1948
2354
1366
1377
644
470
284
1925
618
513
702
42
2338
2198
2415
903
37
1107
1133
1450
334
600
1559
1346
1864
1036
1315
2162
1221
842
1556
390
224
2414
1996
1255
532
2470
898
547
2112
240
1822
1097
2464
1276
2396
2181
920
1340
835
816
2401
47
87
1497
2226
471
2015
1766
632
1699
10
2407
1175
1236
2230
2448
513
1052
1590
1127
1792
1083
1573
1961
1776
503
552
733
1275
1447
520
1078
631
279
693
345
2051
88
1111
2264
1405
1287
921
1880
2329
594
2001
1886
1610
1533
126
2355
2343
1844
86
1762
438
2257
1208
1587
875
232
1656
730
2285
2082
2014
591
141
464
693
737
644
412
2056
1621
259
1692
1872
1612
2462
1219
167
1214
2096
2187
2008
716
1084
1107
1960
2338
2004
2406
2325
306
1132
91
1732
2476
174
1275
123
768
1713
712
630
2495
1111
1136
314
1935
791
719
1801
1689
1188
127
631
1650
1311
1761
2267
654
1099
1799
1113
577
924
249
532
276
1777
294
128
1603
288
2093
2414
657
961
344
1353
1701
603
2152
493
566
2215
456
1335
2208
618
386
755
1982
553
2447
1511
303
921
842
1861
803
1504
1536
2407
1025
1903
1060
2139
1067
17
671
307
346
1699
581
1671
678
1876
390
800
652
1579
306
314
1734
2016
1146
1089
394
1024
28
132
1208
309
1655
799
1627
1139
950
306
1731
2088
1590
1282
2296
1561
627
538
1848
636
144
2301
1654
1796
1296
793
562
741
2141
1866
1239
1675
1692
2046
228
100
2206
1657
183
1564
57
2100
924
34
1194
1364
494
1579
1583
569
2017
1194
1396
669
1861
1561
144
1414
1967
201
22
946
705
278
752
2429
1915
1253
1118
2075
2067
2122
1627
580
1939
308
1273
599
1540
1727
29
937
242
1110
1122
81
827
2454
944
1581
176
2349
1842
1688
1295
603
1223
1615
830
582
598
1369
810
1853
1579
1781
2180
2170
2228
168
624
2303
195
1962
2225
826
1865
491
861
197
472
871
1714
1964
348
1310
1799
2044
1698
353
1389
575
122
270
173
1163
2262
1109
1048
512
2227
1581
127
623
629
228
907
1519
2217
1838
873
2321
2342
2222
829
378
957
1113
1903
1864
916
813
1713
1451
1429
35
1328
347
2500
796
1887
790
2040
527
889
1877
1276
2243
1737
389
2341
81
226
2088
269
1249
1475
554
117
1729
803
840
2384
2401
889
1138
1840
2305
2380
2035
1758
659
1143
2296
1383
1667
106
2204
1779
682
1885
1916
1441
723
1028
493
902
2419
1674
2002
2425
661
1797
219
2455
1937
595
486
1968
2097
252
219
760
523
1590
776
1169
683
1266
1650
2110
1105
824
946
1163
66
1070
1586
1463
1541
1485
542
1793
517
1358
1512
2397
1300
890
1015
1109
1198
2458
766
342
391
1293
556
2296
1000
1231
2272
2481
1689
670
2144
1357
1323
800
2239
63
4
1398
1852
235
2454
1111
1813
94
1439
73
993
221
1811
1791
2066
423
2465
2362
186
609
856
2454
1293
2085
662
396
1077
973
1337
161
785
1782
413
1310
598
203
1581
1798
1213
1258
1165
226
784
1093
2476
905
1750
1477
61
1356
307
97
2249
390
115
1048
1569
36
605
2184
2188
1327
2253
862
1975
955
717
130
2470
290
2167
444
835
1769
697
1523
1054
1831
1173
2138
1222
1742
398
2262
68
2147
1836
2044
1688
1452
2180
67
694
279
1903
2193
1428
2421
1897
1614
2383
816
1911
2163
1582
881
1636
372
2285
547
1755
1839
696
1419
1885
2061
1551
522
2006
776
781
919
1979
682
853
2450
1889
617
1170
1696
2044
2442
1905
296
351
226
2101
1516
1529
1373
2108
1298
262
2087
2391
275
126
2489
2001
2032
275
534
2494
2091
1355
1140
513
1387
2099
663
1523
661
1318
1143
1809
347
724
2253
1042
1823
363
439
2302
2165
2485
163
2087
862
82
4
219
2088
85
1386
370
1040
1736
740
1401
1333
1153
2099
805
1840
1144
2041
2008
1829
1914
358
2259
2419
583
1143
764
2202
831
263
1141
2440
373
998
2283
1328
1507
1916
361
1790
563
1007
392
422
1128
1500
702
463
1386
885
2068
928
1080
1753
2033
2257
1614
99
69
738
2379
2157
399
1758
110
1725
343
1291
1146
1808
563
445
1281
1182
973
1366
2480
2273
2215
584
678
192
1266
2416
130
1620
996
1922
296
1593
2004
1891
518
1341
1613
1260
2085
1779
1827
1077
178
972
404
2351
2491
51
658
919
1082
2421
2484
727
605
2443
468
2420
912
664
204
656
1251
1034
1543
1118
2404
409
1945
292
431
198
1140
116
818
668
1683
1674
1432
2087
1231
1734
476
2104
1029
1653
1891
1419
911
23
398
2195
1977
2485
631
36
125
2372
237
872
951
553
830
2134
195
992
566
811
1969
2050
393
1494
1734
39
458
610
1821
2364
1370
799
917
1206
332
1954
2384
605
2335
2090
394
1435
1430
2057
809
715
1798
1872
1426
766
680
1466
2138
1524
1664
281
400
2235
1952
285
952
2178
2390
1705
48
565
1290
306
1061
2085
2472
2215
792
300
627
1839
1062
1183
2055
2476
1357
1752
2105
962
336
480
1119
513
974
125
1251
1796
161
500
147
1596
1740
1332
771
1469
2369
1526
1333
2016
1362
971
1422
936
143
679
2295
1604
2189
2330
495
288
2277
1732
1903
1500
111
1910
1484
865
1460
806
391
1730
509
1874
2341
1609
1551
2288
598
2461
2365
527
2481
1732
327
931
1849
182
1060
647
1149
507
663
937
810
2437
2376
1813
1044
2333
100
2235
387
2355
1553
1463
1027
2243
939
2463
68
2431
821
25
1666
254
1954
2155
920
946
2335
2299
1654
1710
1354
658
1303
120
1752
2175
1147
1728
110
2200
1725
771
13
1239
771
2495
771
575
1664
2218
2382
212
614
1508
1917
1758
289
301
1949
1477
1972
2404
29
2231
1894
753
904
1861
1430
2302
1585
743
2024
1380
2133
1743
1196
1640
831
2056
181
174
1800
2006
1224
430
826
2466
2337
1522
2057
1434
2118
1888
2115
606
1315
952
414
325
2047
1458
280
925
2197
2445
1352
846
125
1307
1410
986
978
1467
1932
268
2382
1866
651
2224
495
1204
883
2266
2456
2039
1508
2377
1350
2145
1159
1193
813
2457
434
1624
1804
1620
1414
2148
1273
1837
684
2091
1165
1046
397
235
2121
2146
332
2238
1337
1166
1953
1206
1445
449
1463
2143
542
403
1936
553
746
1453
948
1944
993
129
1906
2249
630
959
1832
1343
1732
671
2060
379
667
2132
212
1436
1414
2496
318
1703
810
372
1895
1644
873
104
456
1502
2032
609
1121
1162
1899
1066
168
1038
2105
2276
155
225
1604
444
662
1922
1894
643
1158
1775
1314
1773
1333
1395
45
536
978
1148
821
1436
1495
307
1272
2084
2443
2179
1081
1516
1107
932
820
290
1445
1677
1804
1079
2118
2225
103
531
2040
1353
202
8
539
1719
490
1231
1
705
700
391
905
132
1222
456
714
2199
2298
1728
1801
352
2499
1297
690
1965
581
2274
233
1519
1507
1939
1631
1397
1462
1193
1974
1605
1387
818
1442
333
754
2063
1809
1132
476
2447
940
772
1630
1306
500
1972
1419
126
1358
743
1646
939
1049
2127
333
462
1962
2345
1320
773
2347
500
361
1917
229
1756
12
1567
1198
2028
822
2225
554
241
845
2458
43
2015
1694
1865
172
529
497
117
1961
1248
2482
869
1416
1629
2216
358
2184
874
1556
2081
1124
2412
2254
1213
3
1943
296
1179
983
1035
1714
1599
629
1389
1355
2000
734
531
1285
2170
645
1725
550
753
250
2095
1743
2040
718
2171
1038
2328
1997
363
1247
744
678
2013
1594
1125
1219
1084
637
2021
1575
2314
2493
1062
1634
1088
1785
1489
1522
150
286
921
1172
1870
477
179
864
1666
316
1461
531
2121
1266
473
558
915
1780
956
697
1330
618
1156
1931
1914
2435
1534
1798
453
848
2119
330
2390
2097
1982
458
560
2036
2068
1668
62
1947
421
1977
1081
1417
1448
1511
2036
1893
1054
1880
1436
1587
2341
707
1214
1944
346
1701
2434
1829
1855
357
2221
1760
2398
98
457
35
1692
856
924
1658
495
1450
1239
1241
1318
796
1276
2173
152
523
1807
569
2360
434
1440
82
1076
2426
1019
1739
2408
1570
161
250
2050
2004
1666
1519
1986
1170
1953
2270
210
384
2216
2251
1787
1586
2218
617
916
452
1469
885
1726
2266
1019
1831
1308
1946
2486
137
934
595
1328
2043
756
123
2392
187
1563
247
1750
2402
560
454
161
1641
1431
2129
55
1471
458
2489
2064
2271
933
1806
874
2068
986
987
945
1671
964
1248
1669
1683
2105
1947
1063
2017
249
1684
701
2414
663
1681
994
997
1205
1528
1025
1660
2466
597
635
1836
341
554
1300
2280
460
955
1686
1111
764
1475
12
206
924
582
1861
2073
2223
1019
1187
1234
1867
2170
1509
1092
397
942
2121
1961
525
389
943
1839
1388
776
372
982
1011
1863
340
1138
1204
1496
1120
868
1335
987
2060
1000
602
1492
1245
450
2124
771
1502
1070
988
887
1605
1688
2251
1202
168
359
79
1769
150
563
439
1624
552
2462
1169
500
881
1358
1734
1053
2328
2262
2180
724
1116
242
2060
1771
1493
395
1476
922
1202
2383
741
1748
729
2394
1928
2477
2442
2011
1442
1413
1814
2316
150
1990
227
1635
1224
1662
2192
868
1814
1900
1740
1192
174
1456
1240
425
1027
2021
1524
10
1567
372
1461
202
119
1243
2177
1815
87
839
2233
2362
734
225
1822
472
1107
2345
2312
2026
528
478
733
1443
804
1853
2258
1052
1795
1971
2202
1576
1579
2403
513
686
792
284
2494
909
112
1137
2246
2023
153
1350
115
1812
1858
989
1185
1560
190
539
63
1913
62
238
698
1905
442
1382
836
869
783
1310
983
1390
1955
729
38
1182
1733
1630
809
1049
1600
2281
877
1432
2123
248
662
2073
590
234
2064
1077
1244
2109
1092
1611
1660
562
1693
1298
492
1269
2123
157
132
1134
997
734
326
2446
1628
1429
444
2373
1822
615
457
1334
1785
803
1550
670
1980
166
61
2349
1736
625
2346
492
2179
322
1533
312
1933
1617
1101
656
370
54
2405
1962
1853
1519
2312
1822
1836
1281
22
2193
554
961
2447
1275
515
1089
2389
2272
308
1393
2236
1981
826
1615
2143
1972
1966
944
2440
1993
1102
1775
650
1464
990
69
1211
926
1033
1516
1444
132
507
542
909
1161
1942
808
1393
595
343
33
197
1667
2079
1305
1544
2435
908
2251
642
1535
1486
912
1773
163
2399
2214
1209
557
14
2160
1397
685
302
57
1562
1526
1560
2080
690
611
1834
2306
858
573
1416
1965
1826
2002
1052
1496
2370
1735
1347
191
177
2113
1927
666
86
1306
1248
1338
733
407
2462
946
2066
2001
540
1344
1408
59
145
238
1619
1778
1838
1036
2391
517
1
568
1089
2457
582
237
1711
44
2499
1718
2286
793
392
1013
360
1409
562
1387
2352
1613
119
2368
1809
669
1416
78
134
1588
22
182
1944
1743
2143
542
1143
779
1558
593
1003
2380
949
611
273
585
743
1287
1007
1207
629
2051
1718
2436
202
1752
1723
1316
391
2357
1150
367
2385
1160
2025
13
898
1619
768
2484
254
1638
1821
199
75
289
865
780
801
2414
1362
621
2004
1228
723
617
677
1592
1727
1234
163
2377
1058
1664
331
695
563
2265
2375
1563
222
405
901
935
1665
505
238
704
2354
1438
2085
1318
308
331
808
981
1232
1775
2177
1699
997
1996
2208
2175
1820
1850
913
150
1996
1463
1902
1138
867
786
1040
423
1636
1015
1485
52
966
1119
1979
208
24
1057
1677
1806
2365
1886
898
1281
1229
617
154
1594
2115
1561
2495
250
1647
322
736
2271
1964
690
744
2149
57
1591
185
1791
2192
1471
429
607
394
1165
1465
597
2294
131
635
2033
2286
2138
202
111
2063
531
773
694
904
1508
700
2024
2095
345
577
1725
1773
512
797
769
1469
2408
1538
2050
1403
328
1525
2241
723
1390
1570
202
2329
2472
646
241
1753
1301
2078
1745
592
949
1233
71
605
790
1817
2409
1508
714
766
2492
2116
211
920
1325
2373
1751
633
1022
875
2077
1333
2104
1675
481
2068
2473
2038
1341
1648
1042
1602
1679
1736
2124
1803
581
922
244
1347
748
2177
283
1863
269
1152
890
2430
1781
471
10
1165
390
1969
685
236
1414
860
2143
1252
2097
1407
278
573
773
1023
1676
874
142
1268
804
1151
997
547
2204
1693
1990
2359
1030
794
265
305
1891
90
639
2488
1759
424
1493
1222
1905
2423
1629
2470
2206
2123
1135
1341
1259
1749
2227
2235
671
575
380
1442
1238
2044
218
1631
1206
2390
463
2172
291
1119
1077
1724
2149
1810
23
121
1244
168
2071
1245
1385
1973
48
673
1128
2105
1702
726
2133
2454
1669
350
1243
91
38
2102
2167
225
1506
1208
2223
1350
791
1378
1844
1400
2396
2311
1017
351
2481
2350
914
491
1964
1490
1250
1087
754
1063
1408
736
748
1008
924
1245
2284
1336
418
2015
871
2005
675
2105
744
2183
46
1498
1613
2057
116
1448
1962
951
2090
283
1289
1457
2419
311
484
1306
1391
2212
1336
838
1597
901
1481
549
936
740
1884
1752
1327
79
1871
262
2148
90
1294
1985
710
184
219
2297
67
1887
1814
491
1309
1295
2266
2278
2268
28
2481
672
180
1742
1894
61
963
2322
2190
165
9
2448
1391
1248
243
1817
1159
947
2098
460
1527
1
1573
290
2362
1987
683
2339
1724
247
1758
391
758
2060
1712
971
407
2411
2346
534
1668
324
1204
1470
163
209
475
383
1639
1323
385
1937
1445
1402
1373
48
1154
1439
1062
1819
1664
93
976
1240
683
1974
1405
1751
1305
1694
1799
607
1719
2246
1203
1798
1773
1530
1667
2118
1647
443
571
2225
1023
102
1527
934
1111
1595
2246
1796
548
448
849
95
1886
1805
492
1694
251
961
685
1392
1496
212
1520
333
158
892
851
2417
2260
512
727
1648
1272
442
323
1545
47
1209
807
1506
1448
1564
2407
1029
378
1055
1452
721
438
2276
833
739
1056
6
1376
1298
2484
1958
885
311
2115
2093
1761
1250
721
557
1534
1920
696
277
2025
2025
1135
885
1214
903
36
1495
559
25
600
1793
774
1516
2332
2465
1179
2194
1592
1105
2032
1505
37
936
1295
2404
410
2123
1755
593
953
645
2066
253
744
2255
1491
2119
1270
955
1513
1296
215
478
587
166
2301
135
1811
2325
429
2273
1625
388
2295
275
2186
889
1106
279
2226
564
806
1125
225
131
339
1150
755
85
1559
1279
1730
2106
53
1812
2084
1097
1381
732
914
241
993
1146
2273
195
162
1861
2003
1681
644
2255
2131
1602
1431
932
531
1366
1555
510
1791
953
1165
2277
1462
546
1593
1552
341
2311
1780
933
1345
852
1656
1252
1029
2422
1977
133
2301
1368
355
1305
137
2101
2001
2077
125
1015
2279
457
735
1888
68
1597
1957
2162
1777
903
21
1351
2176
1736
143
2073
1239
521
1573
733
2396
593
1368
873
1401
2443
12
1108
2230
22
2076
1099
1531
1098
1572
911
1678
340
2151
2214
766
660
253
509
1010
1794
1270
449
2428
1032
995
1129
1434
1299
1634
258
1106
870
1065
1185
1296
1290
2106
269
791
888
2121
2097
885
1712
709
2474
357
1692
1103
2013
1064
1741
46
1122
2029
365
531
983
2191
2333
372
1583
1725
687
486
1450
1682
2472
2159
146
1840
1695
2438
1667
1034
1362
2108
838
2156
2370
419
1328
156
2253
644
975
1787
230
67
424
1422
1172
1287
2129
1059
2211
2169
2061
893
846
141
1441
1016
114
177
1783
1868
2187
724
1793
1564
1632
346
1149
1448
431
488
2446
1749
1997
1705
2217
256
1833
540
2314
314
276
354
1212
587
2077
1101
2484
1041
2133
2261
952
1631
588
1080
1645
1362
1296
443
2035
1337
1401
1031
318
1050
1613
2266
2234
205
1297
751
949
519
2314
1996
436
2472
2111
1608
1709
714
1767
909
1811
2207
936
1320
1708
148
2491
976
1474
666
1288
1213
327
1423
325
59
808
2477
482
2441
918
1867
845
355
484
2147
1722
1206
2135
1315
1380
2158
2418
1082
501
150
2073
1931
1299
846
2350
2135
1490
996
2229
1040
779
2286
1665
1691
122
240
1084
215
2286
777
2066
418
1587
1950
341
1605
164
477
245
2043
633
1703
1547
347
974
326
151
1087
1676
383
696
789
991
1300
606
1408
962
696
2156
1148
1664
2300
1251
2437
260
1980
408
703
454
24
1046
2284
694
1678
1287
2351
603
1762
1479
483
111
1261
1482
899
1300
1189
1923
1205
931
1410
457
1929
432
1373
2455
333
1319
1708
1794
2426
1139
2357
1334
2432
227
1089
153
1003
1722
335
1022
1760
980
1008
370
5
1257
2307
2172
402
1643
2203
908
320
229
1462
171
815
2067
438
1271
1588
110
2493
1794
2272
967
751
1521
1278
73
1202
2347
2282
896
420
1839
336
704
679
1724
798
1751
2478
221
2380
1800
1941
1324
162
689
820
1799
643
199
1483
1694
695
540
1814
1515
1850
2224
427
2237
141
447
235
2320
105
1589
792
2372
2145
12
1501
1743
1597
1229
422
30
221
2155
580
292
1898
1855
2394
874
1955
198
51
365
106
398
508
2186
1418
1647
760
2289
1611
1173
280
1459
51
2190
64
2313
2477
865
1247
811
1836
2400
1921
606
492
47
451
1624
2079
1766
1873
2028
1877
421
18
1917
146
1298
409
646
1332
1320
2249
679
2350
2175
1478
1055
1463
1665
241
2001
503
205
2464
727
1886
2420
326
1967
2352
1382
752
696
783
2353
363
2496
1195
340
930
2267
2419
1426
1861
367
1034
730
2451
1485
460
1346
537
62
1369
1016
2473
800
2312
2098
960
2276
200
1038
1415
766
2014
935
1088
2469
809
1167
1437
1118
2471
136
1825
2321
849
664
1558
61
1195
803
597
775
2427
2093
1124
728
1734
659
29
184
907
821
151
1595
270
951
1100
1900
1501
962
940
652
646
1264
516
1293
2112
920
470
1396
1976
1758
1640
1373
74
578
1633
1662
775
837
355
2454
1494
871
1163
1972
2162
143
2366
946
349
437
1057
2041
1171
1905
1362
2303
331
2115
1730
1453
753
2186
2202
2102
1976
1582
2413
102
1934
1134
895
2380
1212
944
2321
481
552
2011
59
2143
1810
80
1846
1312
1258
2031
1777
936
1384
863
1564
1406
2088
1908
777
649
334
793
1688
2138
2162
1582
2100
693
562
3
2094
829
1043
1555
787
618
1071
932
265
378
1106
434
1114
101
734
1876
2082
206
1696
2252
427
655
730
643
1906
795
611
888
1553
278
709
1552
905
781
2068
1184
1686
1441
913
2319
1412
773
1137
209
737
901
282
1558
1263
1560
1240
573
1429
2114
110
1004
1434
180
743
299
2159
1381
529
2309
1090
555
98
658
2280
992
1651
141
57
2084
1379
1290
1078
1839
1067
1990
676
1804
1020
1603
2119
925
2278
657
1809
1805
27
1430
1230
687
989
1208
758
2177
2075
866
2190
1768
836
1010
88
2285
2288
67
1828
364
2100
762
683
2196
1422
1486
2224
942
1549
501
584
1235
86
389
1011
838
1800
2458
2221
608
2330
655
1538
1640
1801
430
1031
1585
2002
1802
971
1580
842
44
668
2327
2080
107
1380
833
2417
1609
2180
103
1364
96
159
975
632
2112
1643
1098
64
1261
1315
2237
1650
1238
2386
1536
2241
377
843
1890
798
804
616
1271
1918
160
2391
879
9
1304
876
1525
2457
871
478
80
280
986
1909
449
2263
1699
1841
980
235
1860
572
1569
1495
1795
1871
175
1651
91
1647
2390
1574
1633
1754
1344
806
233
2288
1720
1396
311
1376
177
58
403
408
2238
1126
688
925
713
67
1816
556
1948
1061
621
447
1191
222
1490
1451
1489
280
1176
105
429
1498
1498
914
1286
2193
431
285
2256
896
719
173
1800
2011
988
2494
911
1501
1783
400
1473
1374
991
1220
1878
1238
690
1477
2387
474
1753
1119
1529
1632
1348
86
316
311
1218
17
1846
1734
560
937
1436
2292
1974
1488
550
1699
884
1466
1248
1299
1026
1683
791
1860
647
1870
1919
15
2494
1261
2000
1371
1615
471
355
270
733
2296
1061
868
1100
2365
374
231
1401
229
2009
1664
1553
1850
1702
2189
1244
791
2285
351
42
1150
516
1309
452
354
271
115
1913
1432
1175
2342
1849
603
1061
880
2028
678
1229
1853
179
2284
470
425
980
310
1547
1181
2225
1355
1815
1270
2254
2026
1027
1060
902
895
470
2421
2343
1464
129
338
1870
677
369
1256
602
992
1013
1935
2385
589
1839
1843
1991
343
1325
1677
134
1235
2191
370
756
2075
668
1634
2057
1771
1150
281
1488
1588
1473
1571
2130
719
890
423
1537
965
2128
1494
1506
902
1754
2167
2093
1186
1831
842
606
1724
2440
28
1116
1139
2482
1299
1506
916
1584
2209
1434
2094
2429
1754
771
702
1598
1833
365
1281
1074
1123
1869
1253
1673
563
1598
800
1086
1374
1326
2306
623
1132
2278
1679
974
1433
1451
1448
1793
2141
2118
919
1963
1519
2264
1587
2056
1271
1734
744
2091
1965
551
483
1133
1373
28
209
1469
641
190
63
1351
1523
1194
1778
1525
998
1106
1976
250
1941
1082
2175
1055
917
2499
1823
2423
2280
1733
1622
726
239
2380
850
673
619
1781
715
2375
828
1970
1184
2215
857
511
314
28
2297
464
1448
971
1300
640
1589
326
1190
1527
2291
72
1944
714
1302
1894
209
893
1064
842
1983
1599
2206
2379
1749
350
58
1478
1451
233
705
2191
1722
1818
1186
1704
1503
1803
1194
1615
1610
888
843
1995
1419
1074
2201
258
1101
424
115
576
2119
1797
819
1834
685
185
2315
1291
2000
1603
1615
1692
1872
1
2181
54
1955
213
1099
2112
344
705
2220
1040
1431
1456
490
1791
1318
1121
370
572
1111
735
1136
131
1550
1385
1900
1181
934
1911
721
946
2228
1318
427
1883
2011
2164
773
1326
1209
878
1914
1040
102
1743
2223
2404
765
855
274
1329
2176
1112
1156
1131
1111
328
749
720
729
328
1860
1927
199
729
2294
2132
902
637
1597
1726
915
940
565
13
1090
1836
2413
1148
1364
1732
236
2277
1421
1602
1562
2096
489
2077
1573
455
2066
1859
482
4
2247
619
1927
1589
1178
2168
275
828
1539
1729
1306
2
747
2158
2074
1500
790
2075
433
1375
2453
541
1013
842
629
1858
2186
160
735
2195
1065
1426
871
1395
145
1079
1308
213
1538
2238
2343
888
883
1697
628
1238
1502
1518
431
380
850
1459
604
376
209
532
1359
1176
247
2450
2403
214
870
1927
1657
101
2333
889
430
154
2250
259
1788
2065
1606
132
2037
2013
1863
1962
444
1628
899
1806
1194
670
696
1841
1539
1557
1141
458
1175
1790
2335
2258
2322
1322
1417
2164
2080
980
337
681
727
585
382
1590
37
1453
2164
2422
514
349
111
2298
171
1266
2390
2282
244
1364
115
1248
2308
1860
1368
2197
1212
229
518
2216
1684
616
1653
1038
2457
553
859
1108
1414
2331
1064
1635
1590
1336
276
526
2457
2422
491
871
1940
2152
1929
476
1405
142
1413
2232
1712
1265
296
744
298
2364
2492
896
2469
566
2473
2185
323
1742
1645
1797
84
1315
634
2285
934
2437
2376
501
374
2476
742
2312
1469
509
968
2257
21
2423
1929
1873
1011
1626
1840
2500
1350
129
2263
641
2226
1992
213
784
2116
128
1442
2270
954
556
1699
551
1098
18
228
1559
10
1333
1564
1852
657
233
245
2418
1919
998
109
1039
323
1814
1287
1522
1915
315
13
2186
2180
2232
2257
300
2266
1502
270
1433
1398
2421
1597
590
1045
1840
1186
1055
967
2069
1461
752
861
2400
2056
1615
458
1532
504
657
653
1329
943
1530
1707
138
1379
1347
530
12
2358
2472
2162
1705
689
2296
2163
1044
167
1277
1363
1880
1677
890
2344
1418
1264
1532
114
978
830
845
1038
750
122
337
1733
525
1183
1379
683
2029
2197
1396
192
1000
2020
952
1775
627
2313
1494
1554
1145
1483
450
868
357
2393
1031
1606
1131
263
1533
1313
2292
2111
2174
566
1143
1267
313
1583
915
2114
177
2144
596
1674
827
1202
1496
1595
49
1551
1751
2095
1315
426
97
119
2329
2382
512
1111
1398
151
231
894
459
528
1960
552
133
833
2217
629
790
1814
641
391
2479
803
34
123
466
2338
1257
2469
1041
163
2461
1639
322
748
2090
1024
1806
2169
2375
2206
1467
144
144
885
1781
1414
1342
515
2297
1036
872
174
1827
507
286
318
2008
942
2101
654
1094
2181
1400
1159
396
1104
659
1272
2224
439
97
953
904
1214
715
568
106
1932
2465
243
1072
1383
1602
1156
1011
320
1834
1331
877
1093
1576
1227
2326
14
1237
805
2373
1976
2356
2431
985
2146
2126
1977
1495
219
1771
2057
1925
2192
2290
974
1876
1147
1293
1938
1753
1028
2303
1630
1372
313
1234
1399
2274
1743
2227
1726
823
1999
2306
645
36
1458
107
473
1778
1925
1668
1391
1347
1001
2019
986
182
2301
1600
12
583
2027
992
2064
1590
343
1623
61
2255
2346
2309
2480
2223
72
1886
304
1091
1808
185
1203
1398
1578
2466
683
771
534
1494
794
236
1224
455
624
1327
1624
1750
346
872
604
1469
1422
973
813
999
985
110
661
1862
467
2419
1658
203
11
1434
598
2353
207
704
1886
1659
102
2462
1234
2489
4
1519
894
2013
1065
920
1066
235
657
2350
991
411
1758
1738
1727
1994
2440
1205
1779
2220
2449
2015
694
1040
1579
371
1957
1308
264
720
1674
1878
1545
1317
2324
1157
1479
310
1976
212
1408
1531
1762
2370
384
52
2311
1815
832
101
1580
1240
2128
778
146
2224
577
1470
327
691
1558
2219
1298
120
353
976
596
2048
108
1810
14
171
772
86
564
1905
168
1765
2458
401
1296
40
1692
2283
1331
1591
48
914
557
1789
243
963
1252
806
824
1296
1016
1841
18
1621
25
1618
848
70
2411
903
895
2113
711
301
2441
786
774
2478
375
1885
2481
2110
432
2181
1558
1757
1071
2383
1199
1720
912
1364
887
831
161
313
2124
2301
1213
793
2322
1309
1011
2466
367
1129
1772
1323
250
2246
195
2481
2499
559
347
189
603
99
2182
400
2338
630
274
2266
1602
176
786
471
1237
523
233
2495
2318
1786
2436
1017
1105
110
969
2101
1051
1778
446
1248
1024
2056
393
2054
485
880
1601
2447
1844
1341
671
1863
973
1798
410
727
1388
1361
784
1864
459
940
1689
2004
1179
790
812
961
2016
1036
155
295
1005
1740
2075
1791
807
987
213
1412
979
712
9
1234
1738
1055
340
917
510
1718
1289
568
2262
1782
1062
34
1671
1166
1103
1038
1855
194
976
1571
960
2499
1111
235
2489
1369
1158
118
578
1711
1397
1011
1686
1213
1317
1453
2222
1520
1381
1185
391
2327
1368
1065
564
599
1837
1150
722
1647
1701
1386
1754
1075
1024
1456
1726
1135
1959
701
901
1985
2482
1814
1522
2245
1575
1993
397
264
14
700
921
195
1932
2333
602
148
2302
2344
1832
1062
199
1134
1674
2195
1618
1641
722
621
2183
653
2003
882
94
1785
935
1855
2065
430
426
605
1960
715
1257
2469
1944
570
1503
707
45
1352
1006
2384
1913
1673
262
815
2445
460
306
1340
1323
2300
443
1002
629
947
1056
287
336
83
676
1384
383
340
673
35
1112
1648
1076
1142
2091
1967
1498
1344
542
836
2006
1766
2426
2289
2091
1331
2020
1425
613
2494
2237
989
559
1800
1496
2076
633
1931
1331
1584
2157
1717
284
1355
1687
359
2420
1821
571
427
1371
2482
744
374
496
1083
2149
2371
62
514
832
1675
84
173
206
1607
1466
1500
36
411
961
1509
1961
56
1514
1129
2376
870
2318
438
48
815
2379
894
1056
1329
1115
2077
2074
951
909
1349
2208
2154
304
1079
1477
1236
1943
2074
1990
1210
87
1134
1774
1437
1214
498
1406
1133
407
1251
1541
887
2212
910
1545
2225
1662
1886
1226
1701
885
2142
2387
1301
658
1853
1415
421
1391
937
2469
667
1136
1545
597
1791
1157
2157
1459
1501
2470
1519
1772
850
86
360
1217
1499
1788
374
1465
2197
1989
2204
353
1241
523
392
1093
74
723
1662
764
1804
1696
1788
1279
1792
2263
545
635
2321
699
1785
1476
1130
1762
975
2292
246
242
2127
964
269
2087
1644
54
321
2485
95
2465
1332
1653
281
1163
2463
63
254
231
1153
2321
655
1905
1196
2018
133
1888
1650
1215
1079
842
1760
1404
1585
607
2367
863
2082
850
1465
2111
276
2019
191
1927
1832
1903
175
233
794
629
874
765
1746
879
2177
235
1147
487
1990
1398
1616
1081
1420
1647
2250
1655
2284
583
1843
1708
1595
882
1779
1533
1470
807
1452
1420
759
2472
781
771
1724
1718
1450
1463
100
1624
2109
1598
2263
242
1732
2326
1756
1459
462
1219
2264
1374
1134
2011
2420
1280
558
1525
258
1012
754
1619
906
68
2028
7
1066
74
1583
2414
1338
1703
1351
1129
2446
904
1344
1988
392
1503
1582
2328
36
2192
1600
2280
1605
880
921
2138
1144
2204
2016
2431
1056
45
316
228
1249
988
782
1337
1931
160
1582
2196
1222
64
845
1326
445
2032
1065
2045
928
1079
2159
1417
2009
599
272
119
186
888
191
2117
1835
227
1370
2378
576
1838
1477
1974
493
1981
1144
172
493
2320
312
1366
2019
134
1431
392
1047
1899
847
2031
2198
1924
863
2084
454
2125
2025
537
595
1963
6
2357
9
2116
790
865
180
456
2268
1789
2312
249
525
1771
222
1657
2044
380
1089
615
1022
1351
1139
400
742
1310
83
1965
382
2291
1007
1705
1215
1525
706
1016
331
221
2344
1147
2448
607
411
988
1671
93
1415
998
577
2037
986
1655
40
1485
2010
1771
869
1823
1630
1424
1886
90
1123
168
65
835
140
2138
2196
2212
1485
1210
291
1689
755
435
1910
848
1550
2104
418
2425
1883
1211
1748
230
140
1595
234
2420
2093
394
1838
865
2163
1898
352
2024
2133
2116
1209
2406
759
2342
137
2380
394
1374
2283
234
1421
2042
232
2028
2175
2312
1771
1223
905
2496
476
1731
575
1342
113
2495
891
1697
1054
247
1267
2418
1247
258
1018
1979
35
1662
730
715
812
2107
630
892
1676
512
2343
1430
1778
2391
1197
2219
1636
1618
264
2168
2106
777
1207
1013
612
1956
1527
2103
2135
2108
288
1329
2067
1840
314
206
258
1888
1750
1569
2031
420
624
1741
2241
545
1972
389
1854
850
451
1978
2202
1716
1587
1056
1177
1239
287
1744
238
1606
993
1325
2102
1261
1222
718
1963
189
919
1948
2087
1272
463
1231
240
287
287
2149
2096
134
2154
81
2399
1587
1519
329
533
1311
1458
783
2081
475
1170
713
2395
586
661
1467
901
2312
2051
74
1924
393
1558
921
607
942
1396
49
1571
685
1254
546
2239
723
1959
663
593
1116
80
1273
1877
1960
938
2401
763
122
410
1451
1349
1896
2089
1882
717
315
1018
298
762
1913
1286
793
1439
95
456
1197
2442
267
239
2202
1492
1148
457
486
443
2168
2344
1925
2412
1450
1824
2428
1617
490
378
187
275
2436
2333
632
1825
2181
1467
1966
1304
1528
1930
1681
1618
1705
2385
2177
1440
926
2221
224
320
1319
2409
150
135
1737
1052
106
1842
1193
1027
2015
572
666
1277
172
554
1870
1670
1478
753
413
1848
669
1166
507
1188
295
2065
374
2155
57
2081
1217
2378
706
1994
268
937
1663
1453
448
2199
299
2398
1543
2122
497
1435
1489
2126
2357
295
122
1684
1330
1249
36
2456
1227
1213
675
1173
1609
2119
2051
1000
1110
722
2448
203
50
1269
2305
409
469
1627
1621
2249
36
211
363
2178
1796
1970
1088
2040
322
1374
2279
1405
1113
1608
794
2207
923
1464
423
2170
1809
2160
934
1096
362
1622
1909
991
1090
482
648
423
1551
1385
1232
1845
2308
1239
43
1948
580
1357
127
2365
1670
1989
5
2408
2489
2026
1867
760
2412
1221
610
580
2210
2491
993
1023
208
977
1591
1036
565
1348
517
941
1236
1999
63
2059
1538
523
1933
1698
215
377
1759
2368
1328
1245
2428
1597
2005
699
2301
2343
1376
1344
34
1360
2475
1669
247
1865
392
411
565
625
17
626
574
577
548
2219
400
277
864
1876
1062
804
1103
1174
2214
1246
1961
1637
1194
1048
2359
2343
1600
761
1967
821
2420
1921
857
2138
856
562
1075
284
909
2246
1561
909
215
2129
651
2431
1221
2459
740
1389
395
2035
2390
288
1538
730
347
256
2485
1739
833
1356
1428
2463
91
2204
2134
531
350
1441
1848
249
1538
1152
1314
747
806
685
1616
593
536
107
585
1319
1009
1393
1475
534
915
502
1690
1198
2375
431
2190
1914
1344
1680
902
1393
1316
1327
1801
2258
394
1759
2181
1522
1860
2194
502
1441
1863
960
1462
1489
2136
154
2384
1914
584
2077
654
1628
95
1485
1582
1058
1107
2448
2113
515
56
1192
1465
550
1632
2398
2262
1685
2214
2372
1865
2052
1925
433
1403
2257
2406
1852
1138
1798
872
2291
133
201
669
1488
1762
1768
1486
873
1317
2304
293
268
982
1706
2094
1474
2199
175
583
1099
2434
959
1789
1575
1750
2163
2456
1616
2082
1162
1227
101
2362
764
1591
2185
2163
2199
1786
652
2489
2094
813
2229
237
1962
2072
545
1370
1146
1808
1470
1712
1753
1425
1920
1293
1997
1902
778
2236
719
1897
180
1114
2136
1598
1328
669
1921
385
1253
2176
647
1604
2391
2266
1983
928
563
874
1135
2332
1729
63
656
2312
1585
1548
1912
2156
1788
1539
1023
314
500
409
1774
380
21
604
426
2171
2166
873
185
309
1866
1241
988
1441
1760
1105
1688
1618
906
1478
889
1284
578
1064
780
1201
1369
2437
621
1639
2497
1252
448
727
945
2495
1745
2379
419
244
1493
2442
2434
1426
1323
2439
1049
1128
230
1057
2384
1417
891
1747
910
2224
1241
1938
1549
935
1838
20
884
1977
1153
1257
307
1196
1276
1135
1681
350
538
1377
1937
1497
1876
1845
366
1250
1959
1701
68
2285
1299
1370
385
1381
1778
1040
546
1972
1196
1056
1492
779
874
1324
1151
788
647
391
1564
571
2148
853
205
738
319
1988
599
2068
953
2023
1730
939
2035
793
350
956
794
590
2225
1874
613
1872
1643
2473
1816
837
1330
813
468
1115
2328
300
2044
1413
1181
971
944
992
1137
580
1145
1954
1533
2054
253
1322
1884
631
840
359
1667
2254
149
29
2483
701
2105
1923
1093
2457
1356
1916
1323
1235
458
2259
1899
1263
873
411
1531
1118
1261
540
1123
1707
931
263
1382
1411
177
147
837
494
478
589
1470
195
1494
383
362
1740
488
972
2168
271
2463
2218
1232
1286
519
2437
858
1486
393
2363
1976
1100
2290
1339
1006
1293
1665
1555
1339
823
1922
237
685
1711
1423
1097
1482
1842
114
997
633
2337
1299
1394
985
1751
2438
185
701
1602
2002
2360
415
1915
314
2102
312
574
1926
824
2484
499
1188
735
52
651
1767
1941
631
1591
1211
2326
435
2347
113
1749
2428
392
853
750
350
1152
1953
834
1747
1808
1883
1773
2199
395
1341
320
1037
1551
2067
2258
1064
2447
1914
243
362
736
1431
1316
314
1691
2292
942
927
2244
487
2384
856
1074
1079
1240
2092
2027
671
460
2493
2132
936
1618
2175
1479
1320
562
820
2465
420
649
1771
362
327
2390
936
1873
2236
1157
237
1155
946
1059
283
1413
2481
445
1139
2356
141
2124
1004
955
903
983
2454
1050
1102
2438
1293
719
563
557
952
346
1659
741
2416
2244
1729
2094
1795
416
2398
1487
139
344
971
1524
1973
1223
2195
2141
2234
2388
2188
703
2072
22
1018
2410
1653
1982
1145
49
2368
540
902
1021
1032
1282
1890
78
2044
938
566
111
389
2145
1746
1310
1600
2192
416
855
1738
2369
2205
1794
21
1758
1088
255
1664
2456
438
807
1974
513
89
660
1297
1067
1501
1302
2491
1064
913
1159
541
756
1230
958
55
987
2076
858
39
616
406
1158
418
1387
2306
227
2021
66
2313
2349
760
530
143
909
1701
2157
250
1435
2126
2390
1248
1129
1629
1847
843
1445
1903
1660
1149
1878
1835
881
560
2223
1401
665
1434
1733
852
1648
1315
1257
2320
1542
2299
1081
925
2204
1832
1823
2229
1246
2206
2454
496
1289
1329
522
283
1247
123
1237
1792
2345
1209
2452
2451
1031
1792
1265
218
1440
1334
2256
904
1001
2194
781
1956
2459
1328
1781
126
1088
331
304
401
1117
91
1973
327
2463
950
1596
742
942
1475
2269
2052
2424
1278
1902
1741
968
469
1799
2275
1697
2326
1891
2316
1896
2393
961
2442
255
977
844
144
487
2432
66
1802
1550
1785
1446
981
904
303
1501
1624
2331
2226
1511
1342
817
1703
2286
2373
1921
1893
1730
2409
1017
257
715
1649
1731
553
1275
975
2398
124
2271
36
1436
328
2011
357
819
1738
1793
15
735
1551
630
1024
413
1088
735
2100
1496
904
54
1641
1323
1994
1159
1158
1427
1319
613
2043
556
771
232
879
1531
814
212
2418
972
1969
1415
645
1411
1853
1039
1006
1082
1754
702
1935
1142
521
291
2446
191
449
1499
849
2149
1212
2276
129
1469
2049
1185
1455
1798
835
2196
2229
696
39
328
1694
2466
459
2312
1362
2387
516
1138
2225
950
1119
1625
2301
1244
148
493
1290
1499
718
1253
1826
1171
377
243
1180
1460
1360
1969
2444
1970
1265
1191
2413
1703
979
1011
260
2027
1410
2394
1124
350
802
1667
1779
1068
1161
1775
116
2453
1107
2309
534
1891
1300
510
1510
343
2283
1386
1813
1701
2251
26
1776
907
648
1611
133
714
351
2168
315
632
2135
1455
362
1011
747
1426
2065
715
1734
204
24
1738
1766
321
535
1837
1018
2452
2261
2473
880
928
292
1748
718
2493
1616
1502
2205
1235
1366
2182
2163
2180
2243
2046
1136
410
1999
2025
306
2325
1348
747
768
284
2047
2244
2474
363
2353
516
1241
2274
427
1501
1784
524
1601
2033
1513
520
1001
688
576
74
1562
401
983
2151
2136
929
1469
1054
204
2258
704
78
2011
411
1161
694
637
1749
583
2379
425
2360
238
1305
1009
2462
813
1811
208
276
425
1881
1090
569
279
2154
1758
1041
747
2356
795
1355
410
1749
1288
1130
1077
1010
1100
984
1854
332
98
175
2126
2014
696
99
2176
1856
2497
1961
173
1626
1534
778
274
904
1040
1633
1243
1207
1388
696
1589
383
155
2410
662
786
199
618
1651
1800
1064
1186
2429
1968
600
18
1858
167
1597
2430
198
1736
2136
2007
1642
1473
2324
374
1487
1690
1390
715
696
820
1021
596
348
2417
1840
2190
2001
670
1597
2376
1790
305
1084
661
2012
1162
1929
1006
1546
808
510
262
278
353
1637
897
98
600
10
2224
886
477
106
2385
501
35
1216
1023
79
1433
2125
1119
70
1912
2419
72
1981
2042
426
2209
98
2253
1366
2137
1519
1117
823
386
1560
1341
1829
1944
1862
704
1686
892
1463
1544
1560
1058
630
332
1793
1457
1060
993
1108
1458
1992
871
2346
2128
1654
284
1917
487
307
502
1005
2168
1821
1845
882
808
1129
1114
2461
1142
2351
25
504
720
1273
619
739
1061
1983
2209
996
595
765
979
2002
1439
53
51
994
2044
2169
105
1070
1975
576
857
443
1558
1876
1489
2285
828
1591
1093
1142
1113
1547
1152
1126
1402
2108
1841
1849
707
1655
2064
110
88
1126
1149
526
2249
2326
2101
46
2281
1810
2331
1452
347
1891
1424
1971
2343
2153
2322
580
1359
1054
1438
804
995
67
10
896
1137
887
742
1870
1373
1969
1584
1170
1986
1352
2473
821
24
359
744
1224
1548
1547
1172
1994
1125
327
2129
174
613
983
1226
1883
2016
1143
1325
69
787
967
2376
356
2225
258
1320
2197
194
911
1249
1834
1921
943
1123
402
1713
949
1490
2485
424
2293
2295
1946
1600
914
298
838
137
407
545
1402
758
924
635
505
1462
323
1332
2076
296
615
28
2075
1074
1805
2395
540
1975
2394
1408
2475
6
1085
1322
1328
2308
508
1146
2153
726
2167
2274
2166
1694
1836
1611
139
1787
33
204
2216
645
912
437
1663
1489
2343
520
2396
1971
1765
88
913
2257
1857
173
1137
1295
1347
2213
459
516
2379
1617
874
1684
360
2438
458
1972
1408
2483
529
575
848
1152
119
2164
972
1635
1475
2116
2312
1493
8
800
970
335
1492
879
182
153
2279
1326
337
625
851
782
1888
669
1842
1896
1386
1028
2187
2139
464
965
688
279
501
736
1647
250
879
1564
1595
1195
2331
690
389
1633
1495
1594
79
1638
1644
1121
1284
1536
1895
730
1786
1724
2428
448
1603
1047
2255
799
191
614
2187
443
1972
2001
507
1147
1168
1788
1252
100
1429
817
2012
1772
1521
2413
2491
1489
621
1736
168
1900
2335
873
2380
466
271
1038
1191
1924
432
2359
1235
1951
1508
1952
1028
1812
239
2023
354
1983
1675
1583
2012
491
475
2033
2470
2265
1427
1187
1123
1920
294
1458
1763
203
1993
2379
1539
850
562
1880
1614
2357
1192
1352
2389
2082
1561
1262
1098
543
370
1453
1973
244
1853
1362
874
2153
1919
2278
575
4
148
329
581
1919
2251
1849
1415
1969
1404
528
849
585
1730
389
817
305
2329
1537
1652
2033
1390
1072
1426
2094
188
1453
1072
449
1181
996
274
2165
270
1891
462
1822
1904
1470
1534
717
1762
362
809
2241
1469
1456
1414
1683
959
328
331
695
2349
899
333
663
224
416
2028
66
1045
1713
923
1625
1040
2101
880
2350
1735
2026
2422
1747
921
646
1113
2262
2105
792
121
1512
618
1817
1918
1307
750
1842
1751
1111
542
2277
2228
1486
1422
1131
2065
646
1960
2023
1889
1474
2222
751
1182
2047
36
362
797
430
1839
1369
1550
1713
1626
1137
495
665
634
746
1363
703
745
2485
2311
1295
416
933
1084
818
518
1767
1464
1168
1829
460
1268
572
1341
616
2276
831
944
1171
1647
458
1363
48
2195
217
2389
2293
2332
1973
534
32
1006
407
1950
1939
201
2151
2336
1646
590
402
81
723
1309
1656
1202
135
2357
2369
1590
1653
1552
1931
1956
2296
2237
1076
2215
258
1928
878
1640
646
590
1487
1415
1236
667
827
1968
883
244
319
240
385
739
576
541
1170
25
830
1822
1152
2336
339
1567
411
786
1363
1733
950
621
2096
918
1398
2363
1904
1749
1768
197
1571
227
937
215
1202
2071
671
2148
404
1736
866
92
44
850
2453
433
143
1897
195
732
1354
1689
2225
280
957
2022
550
1714
598
2287
16
284
1318
1000
533
440
340
785
1867
1266
2387
564
689
1542
20
751
821
679
675
1270
2076
1913
1152
849
1398
1639
2497
640
591
1472
2488
729
2316
2221
1391
316
1531
1741
494
1959
283
817
1885
1339
2261
676
545
1417
235
1882
1575
228
2317
536
93
674
2042
559
494
2439
1862
1031
531
422
1339
614
603
1993
2441
2485
1269
1238
2012
2254
963
2134
240
557
1373
2198
1914
1549
1771
2397
1916
3
625
657
1361
665
1787
401
965
624
1515
1139
1466
1904
1981
1354
1273
1066
81
1697
1597
217
2392
763
2147
753
2084
894
2434
898
1191
1409
1826
220
2398
560
799
1809
2346
1704
2323
336
543
1005
387
314
1309
286
1051
1681
1454
1861
1437
1196
1528
2492
1024
1312
2200
81
938
2322
1474
2393
1148
1699
2172
146
908
1974
1473
572
2426
1142
210
1545
908
2262
1904
1521
4
1321
314
843
2244
505
1504
196
1328
456
2139
1873
1181
1565
1382
448
731
1359
802
106
1972
2006
299
96
1539
1536
57
2098
1942
1231
2338
2202
1428
842
801
2351
2071
1002
1795
1608
1857
753
1058
1423
1013
201
238
936
294
2117
1175
410
463
1806
1172
886
2270
2032
614
2139
219
1503
1416
455
1310
1441
685
409
980
241
1276
4
620
2374
2285
2240
1622
1501
2407
1573
1840
1343
220
1176
1066
1763
791
1692
983
1746
252
638
2008
1412
706
8
1587
1233
1528
443
1772
1368
2320
2241
396
83
962
245
1168
1519
1396
2154
1380
821
1136
169
1923
1720
2480
724
1046
839
522
1030
965
606
1547
2085
2283
1943
1204
697
1213
1840
1738
1594
1200
1249
117
1438
1429
719
1320
973
1557
1583
1788
1939
413
1628
1389
186
1516
886
2429
2382
2443
1258
2044
1916
465
1865
116
2341
1775
2367
651
954
665
2085
81
1916
1696
36
280
1120
1251
160
480
2171
2115
2434
2071
1510
1362
2098
1999
808
1395
2378
1118
110
2022
1803
1048
895
105
1456
1726
1623
869
1402
1065
1195
1297
1968
1357
543
462
1422
1617
434
1535
1542
2407
281
752
340
2284
893
351
332
793
186
1064
1371
180
251
821
2276
33
126
1723
1962
471
498
1890
2332
799
1644
1046
797
955
1036
2299
748
847
1596
394
288
229
1378
1799
2048
1066
128
1439
1403
894
137
2313
1384
2200
212
1764
2294
2156
422
268
14
840
1084
762
741
2112
1897
2365
1319
1327
582
1810
463
314
1873
926
297
475
2456
1573
1885
1841
1037
2190
1055
2389
1912
503
578
1145
2158
1143
2393
616
1200
1872
436
1780
52
1914
2366
539
1683
1681
590
2486
1419
2051
78
1736
293
1235
86
241
1070
1055
1934
2141
1292
2434
2270
830
529
1558
1152
128
770
1206
2275
1168
1017
1468
2331
1792
1435
2222
216
184
1459
1234
2259
177
2388
1903
1632
1831
1450
55
1112
98
1358
48
1673
1432
675
1597
1135
2261
2315
2420
1958
525
542
1405
1194
466
26
364
1194
1602
481
1513
620
1518
16
1457
1962
1154
2088
540
2315
102
1328
755
985
1518
679
1951
581
873
1378
1611
1329
1872
1441
1689
904
1363
2307
1449
2059
1978
14
363
2120
1924
497
33
2369
213
1576
2440
21
779
472
3
1874
265
1594
2267
389
1483
401
2496
1870
596
750
1036
1351
973
1229
1292
2056
400
1625
1879
74
388
1463
2496
1566
74
1631
804
619
658
2458
2194
2326
1350
1544
5
210
1222
1026
1508
497
281
2269
177
625
170
1840
2180
2364
663
1098
1558
2355
2144
1112
2124
274
2329
2044
264
38
2443
1297
1728
1966
2254
186
470
1108
619
191
1703
1514
815
468
5
1520
776
280
1321
191
1228
167
1068
131
24
1954
1749
761
986
158
886
44
511
1576
1208
175
282
1971
571
739
1223
630
389
1133
1964
2065
18
1548
1032
19
29
764
142
2351
564
565
486
2028
2461
981
984
1564
2310
1670
1477
1809
1409
2224
2129
618
1501
1186
1805
2474
1953
2071
354
1739
1712
2469
1833
1270
542
2315
1075
2222
2500
1213
1895
2281
73
1396
1185
2377
1502
1162
1501
437
1163
2234
28
550
518
963
84
1967
587
253
2093
2353
598
445
2008
966
2262
132
1411
1907
1509
2042
2346
1253
1189
15
1320
90
103
2194
1885
318
991
337
1972
1356
130
663
200
1169
246
2341
94
1607
1617
1110
568
2012
48
917
1915
2371
383
805
1013
2319
191
2302
2411
1682
619
2185
2112
2151
57
447
1285
1804
1390
1381
1458
1584
488
1497
1072
1044
1915
1462
477
2477
2077
1301
389
2010
81
1148
1195
515
1886
1271
8
1862
1110
272
2047
645
112
1989
2376
38
389
1206
2486
2131
1555
1227
2162
2222
1953
1782
1014
2068
910
1357
2360
1693
2483
1277
2494
1654
1407
1250
194
1632
1592
1465
445
519
1356
21
2479
1651
1653
1949
605
1933
1716
563
1996
1046
122
1112
2442
861
225
141
503
681
1615
2118
1462
54
1918
824
2173
1546
265
1887
1524
1907
58
847
1399
480
2286
48
1923
639
467
1522
1884
1188
2311
2357
598
2304
323
1827
2114
1164
1968
111
784
725
1838
330
1956
369
84
952
1374
314
553
2264
893
2036
1908
145
2024
1398
43
1003
120
1089
459
596
395
2365
1900
999
2196
1910
124
2062
2307
2425
2304
1322
462
742
768
763
2168
388
824
159
1142
1023
1049
1100
395
990
2374
202
2152
2157
1403
890
634
1917
2110
854
14
528
888
633
408
2219
1389
1664
159
1861
2381
281
440
907
677
140
232
509
2498
1656
451
1293
791
2318
129
850
1487
2119
2237
566
2351
1890
1114
984
1378
1983
2179
442
1750
1792
1632
1894
1918
2128
715
1636
2170
1721
1684
583
413
985
1577
2373
596
1964
557
706
1571
1430
253
2141
1132
667
1854
1288
158
1210
1750
15
1702
574
1341
882
30
1748
2395
1529
1839
1433
2337
1523
206
1944
2309
663
2092
635
2317
2450
1188
927
2437
1400
744
2331
880
2060
1030
1834
281
320
540
1687
481
606
1681
861
1519
607
260
859
2231
743
917
2409
1494
92
1043
2107
1714
1231
2154
2041
2373
2225
2382
785
1452
1624
1074
1867
379
825
1197
1420
685
10
2346
1346
1523
754
255
2169
1261
1339
1312
1365
1705
1748
241
1684
1472
1303
1451
935
2352
2079
840
964
2228
234
1101
2253
757
2258
1388
1108
662
278
1076
359
425
1674
520
510
1197
1096
2307
1682
1730
1494
1176
2434
2362
1162
2361
91
339
733
812
1084
1439
684
1012
1333
1177
2319
2325
47
2354
552
2344
1633
2056
1970
2245
1705
2057
1681
1920
653
1055
2193
549
1398
1438
1372
2353
2132
924
470
771
2426
1544
61
2180
615
1121
778
644
546
270
1651
295
1802
481
1548
684
1151
2173
1788
244
1607
1370
1732
1599
904
410
2180
2088
1779
1885
1779
2183
682
973
666
612
56
1887
160
1121
982
1392
570
2347
178
1149
705
983
1843
1799
2415
444
1381
1689
2020
1548
94
50
956
1183
1695
726
832
590
547
2010
1399
793
1915
2474
1012
115
1044
1956
629
1933
342
1965
2493
1332
557
2044
94
1030
742
821
610
2247
467
2222
7
1627
2203
2201
2316
1305
396
1511
1899
625
2491
2171
879
1282
2450
2107
1330
1251
996
1615
1348
1015
1008
693
367
2464
265
2353
1376
1321
2192
792
477
652
1695
2213
1810
2241
581
376
491
1500
1871
1943
2016
2176
1912
235
1788
604
2269
780
2497
893
1114
1873
1979
