2169
2871
1347
2306
1734
1508
2719
975
297
1434
224
2500
733
1004
3000
618
2260
1793
578
1533
779
588
2998
16
2146
2072
1879
230
187
1501
2934
2270
1891
1372
1570
1495
2725
2744
1898
358
466
324
1875
1207
858
1684
1092
2593
2790
1462
1119
122
1738
1632
1192
845
1442
2566
1638
1984
1445
2660
1588
329
2083
969
2151
2321
1299
1046
287
1316
1283
1055
2500
2450
1056
1696
2539
2633
2480
1452
406
2928
268
1109
2600
2677
237
425
1700
946
1213
883
2171
1397
1212
2714
1412
78
2500
2539
1972
69
635
987
2598
1616
2094
1699
2275
826
1843
640
1040
141
2800
1669
165
379
2466
2926
1022
959
1274
1621
1426
1579
162
1658
1493
1151
2707
1046
2353
2852
1286
1067
2875
1157
1111
93
1601
81
2881
2952
2678
2658
2202
1078
1307
813
442
753
208
1374
1256
775
2939
2151
1155
1079
160
1006
2650
2391
1587
1201
2385
2363
1953
854
1644
1618
2108
1554
1213
595
1666
380
737
2747
430
1672
2121
2722
1704
329
1085
899
2844
2885
2985
486
1644
2912
44
1742
112
1216
208
1633
2970
713
2287
2972
706
1157
970
326
1487
981
1795
454
2748
1994
316
2096
1375
147
189
1350
1563
2624
2624
1651
385
994
2290
551
2749
291
1443
101
1624
1677
2008
430
903
554
2110
1314
1931
2775
1654
664
576
466
2572
1635
17
1296
686
15
2379
401
2898
974
2675
1666
1123
161
269
2963
333
2834
2630
2235
958
1973
2526
621
2131
2794
1597
335
1760
1973
2795
944
2370
2591
1276
1433
1718
707
2297
1487
2238
1081
1077
2188
2076
1336
2011
482
53
2440
779
930
658
828
1429
726
1786
101
1403
1143
487
120
749
2786
216
1597
269
2261
2729
1275
2806
1855
70
2281
2336
2652
729
1087
1814
1319
473
2212
2675
305
1426
691
2603
2931
1114
1635
464
81
2864
711
702
1854
67
2129
1787
2934
1919
1207
1804
2562
694
1271
575
1925
514
332
2922
2757
2352
496
447
865
37
986
342
708
2211
2991
391
1364
351
499
2245
1507
1798
2719
1403
2426
190
1444
1225
1642
1329
711
2468
755
810
1851
716
664
1586
2225
2943
704
1115
628
2976
957
2870
1695
1631
2512
1366
2681
2009
2908
785
2319
458
1719
1980
1779
1274
2817
38
1391
1653
2408
1121
1563
1883
1484
2369
2754
526
1125
1665
2627
1367
2519
146
1159
2197
823
2304
470
2034
25
2412
2594
1273
2281
2528
2204
274
1943
43
1766
192
1379
1477
1106
357
2074
2514
412
2257
423
340
1990
1780
44
453
709
2478
2821
2769
1205
64
2573
1829
734
1427
2481
1033
2120
1643
1408
348
1840
2388
2663
2310
1350
1051
2888
2250
2168
79
2394
822
2333
550
1789
1727
1664
1922
1831
2494
250
920
1296
511
1869
2676
2127
980
2941
77
1303
105
1247
1917
539
2291
789
731
1344
2676
94
2812
1499
109
208
924
792
978
1190
264
684
2596
1979
58
962
2666
2851
1759
968
688
1303
1127
599
2346
643
1597
292
75
321
927
1638
2419
1890
1857
2852
1516
2215
1761
2240
1801
2049
1141
332
2533
186
1945
1783
94
992
2981
2765
2695
2891
2303
2386
1481
770
920
1145
1668
1217
2975
1485
1543
1690
1661
514
1199
1023
959
1201
1241
2406
857
2681
2397
581
2064
211
855
1383
223
1458
371
1342
1923
958
1109
1915
1793
2355
816
1808
2222
387
154
2175
2461
486
964
2342
2573
2182
1617
2643
2993
2830
628
740
432
151
2600
503
561
993
1942
28
2899
292
110
120
240
1617
1040
155
1137
2883
2772
1194
26
2327
2154
2609
2659
1901
2679
2523
630
2446
1954
1015
1447
2856
1822
770
464
605
2144
2909
1358
2735
2568
146
2284
1902
1177
922
61
1909
1535
307
2856
610
2205
474
1469
708
606
2524
1762
1820
2378
1933
2352
437
1603
1036
2762
1469
1516
880
2105
2534
106
1239
1804
366
743
1368
2243
2796
187
2948
928
924
169
2673
1304
908
789
1549
477
395
1473
1620
264
2567
911
343
2909
1535
2632
619
2608
15
2807
2847
499
2655
972
2342
758
1172
1088
2606
238
2024
1983
2340
592
1765
1160
646
1575
2418
2626
2247
2431
1688
394
105
1927
509
1874
1420
974
2288
280
1577
1645
293
2605
2683
2176
8
1875
341
713
2244
2934
984
2344
826
1564
915
2291
2446
875
1889
2295
1654
1771
205
1351
667
2817
282
2779
524
25
1623
474
2139
803
1414
2212
1645
2046
994
2970
1022
679
793
1363
960
2694
1450
2508
894
901
892
584
1961
1588
2084
2255
268
2623
708
1476
1700
1463
792
608
737
2127
2090
2859
473
1900
568
2831
454
2199
515
1876
678
1425
883
627
2785
1697
22
2967
1238
2260
1272
1865
1179
2647
2645
1952
1595
606
1817
1952
288
1592
1098
2060
2756
2223
413
399
2084
2055
564
1988
2384
2835
1481
1223
2517
215
1380
1944
2658
1121
516
2233
2154
1614
1772
1934
1428
2991
926
2800
2564
1363
616
60
149
1253
2705
206
953
2775
1487
1201
726
182
1946
2919
1048
1901
1479
1317
2504
2164
1621
2841
2584
277
2175
101
368
747
2222
1068
2995
1544
615
1836
297
2255
178
1068
849
2134
496
1551
2137
2042
2893
1726
2945
2174
2405
361
28
1733
1661
1969
657
1834
2163
2910
57
842
1793
952
892
481
852
2007
507
318
2595
2633
2916
140
2683
1032
464
865
2337
1990
967
537
1620
2668
1997
1437
1760
1560
72
29
1124
61
1686
410
2890
1006
2897
1901
1854
2098
1166
2400
1041
1821
563
2351
899
2589
2210
2137
1174
817
1481
2211
2862
1666
2994
863
1401
1689
77
2788
1582
763
2851
94
360
1448
1404
882
2020
79
2200
2436
1983
2946
2209
634
111
1621
609
367
2092
83
432
2394
634
1992
2462
2445
2965
245
1000
868
1130
2656
355
2108
2285
2603
587
2939
1699
502
953
1960
2101
2066
1634
1303
891
2224
313
1253
1339
2544
191
2803
1756
1377
2146
1387
2371
1799
702
976
206
381
983
1850
1527
252
2068
2041
619
2433
1876
1224
1483
341
1963
1190
145
2652
1197
2065
1248
2430
839
679
762
1516
1749
2603
1535
1052
2997
1099
1482
676
1861
1925
1608
1277
1578
2278
2841
1288
875
2943
1985
2138
378
1606
338
2349
1619
161
2738
1732
2121
1996
658
1911
604
1596
1376
2406
1222
2560
149
1232
1845
252
1366
1559
1283
849
2695
1326
1237
2146
2971
2813
1241
2272
368
2724
667
107
1131
1319
618
578
2892
2250
1982
59
1114
2765
922
422
2902
1043
347
1248
1534
142
1106
776
2056
2860
2036
551
140
1145
1874
399
1101
1161
295
919
19
1479
704
299
575
1972
1713
1775
1433
2612
1504
1565
1139
924
2464
83
2810
140
2352
693
2856
36
1003
1728
1671
2593
2038
1741
1897
359
107
1018
1357
2936
1338
1237
45
667
1872
380
2226
2643
2100
134
313
1323
2482
1022
677
414
2198
410
331
929
981
943
19
1965
1899
1498
2471
1232
2107
2682
1204
2318
2814
1049
293
938
670
2239
2384
327
69
2513
642
1569
466
74
2531
1184
950
786
1421
1611
2374
2850
2152
41
395
2111
1399
77
29
2349
2694
419
358
2256
1737
1393
695
96
2625
1353
839
1693
1148
1137
2456
128
1603
153
60
326
1242
770
2613
1062
310
6
1243
544
2794
14
1130
2644
2273
915
2248
2273
2979
1383
2040
1093
824
2432
1979
2714
2023
1773
2912
362
2180
2263
1227
815
694
131
960
1161
2838
223
2739
1219
393
2795
165
1800
1874
1085
856
866
2844
2362
106
423
1237
2793
700
1487
2641
2119
1977
1152
1516
1903
1370
2724
6
927
1109
98
1985
2149
1704
1950
461
624
822
2233
2827
2980
1128
2571
2054
1566
2756
192
1735
333
2968
868
673
1097
1550
2265
1437
212
1059
126
1651
358
1341
172
2757
2841
2646
1646
2597
592
942
2726
1963
1726
889
1719
1555
2124
1558
1099
300
1102
541
123
237
1462
799
1707
1865
912
1263
1610
828
45
717
1291
2141
2659
1789
2980
2390
1367
2165
333
1109
2044
1753
1205
2707
367
793
2008
488
222
1196
117
887
1114
2575
326
2081
2435
703
1487
2345
1454
2691
2882
208
2328
955
1486
1449
702
1216
1584
427
1225
2907
2988
2814
1748
448
1610
911
816
2444
199
1782
278
1565
862
1411
2895
1089
1186
1519
889
1466
467
1348
2111
2638
2170
2599
1032
489
471
2953
1412
77
2600
1463
2243
1885
1781
1513
95
2908
2201
2922
1809
882
149
2478
2782
794
234
73
717
2819
2114
2192
76
2114
2652
333
1120
1549
1729
1409
2108
1888
2616
2314
1393
2754
2145
13
449
520
809
2638
1336
1732
745
2894
2629
841
1884
1645
1324
961
251
2110
523
708
99
2010
2910
2547
1644
212
1812
874
1325
168
2439
2706
2543
226
2048
226
2620
339
1268
1069
935
1785
2425
874
1092
2552
111
684
1836
2373
724
2776
447
1513
62
352
1869
478
754
1139
1121
707
2062
787
1454
1236
1268
1681
2272
14
1985
1847
125
333
392
973
2607
2655
2449
709
543
1539
2602
2804
283
1433
1676
2923
2085
834
767
1953
1306
879
1078
2085
408
449
595
1643
296
2070
2583
134
1498
1029
702
1383
147
1728
1374
1434
1315
1602
555
435
1890
675
1034
840
1454
2403
1574
1520
1306
2351
2040
1561
1960
2381
1052
395
2382
951
1134
1352
1182
877
530
1329
205
1567
2486
65
1735
970
1684
214
693
2373
1344
54
1393
404
1791
111
1446
894
1398
1304
289
2809
2883
634
2799
454
134
835
2280
1470
2668
2307
2693
479
1172
2823
393
2535
242
1210
2639
2662
610
218
2302
743
1194
2096
68
2208
2967
2769
179
1441
1082
793
2260
1854
248
2730
557
2593
339
1660
1547
1543
2075
152
1568
2290
477
2044
1954
528
2436
1433
1894
828
1315
1465
1577
1158
1801
2171
2080
914
2967
1733
2527
1012
1606
337
2478
732
2865
431
2920
436
192
2376
2029
1884
928
1400
2479
1041
1127
738
2634
1144
604
1622
1185
756
276
2309
2731
2402
1552
2219
1106
88
674
1307
1802
211
1810
2104
640
2660
935
2644
2630
248
456
1224
1615
937
2019
488
2718
2063
1569
885
2989
769
2874
80
2444
1227
2740
2908
1528
2111
258
1338
2425
2047
629
1054
2983
1569
420
1910
1377
2705
2644
1797
888
1672
1242
1034
1698
2005
430
1205
2828
1217
2616
1763
127
2906
843
695
1279
2202
2840
2555
2982
2363
1916
1398
1614
2587
479
161
2175
2708
158
2519
303
628
2183
2932
2535
1320
834
2871
2308
2254
903
1471
2326
283
1145
246
2059
151
2544
845
1022
2647
107
1489
1426
739
1004
2401
2636
2005
1568
2701
2399
1887
1842
543
1750
1124
2670
2385
1511
632
1827
1462
929
1964
5
2892
1892
2963
2262
123
773
368
808
2681
717
2798
449
1394
1586
1470
660
1925
959
263
1921
1967
916
1881
1509
2413
2409
1056
344
1767
354
231
1062
2291
2328
954
1880
2746
2310
1611
1909
1894
1492
2005
347
1334
2367
187
2245
1226
1809
1936
2131
2534
1255
62
428
2520
947
929
2715
2744
2044
2906
1619
2829
620
2259
357
757
820
2057
1837
1453
1203
1759
99
148
2047
718
933
97
1873
679
2904
1674
2874
2614
1049
2542
1512
427
283
506
371
2301
1606
1527
698
2336
642
430
2070
1926
1073
679
2857
1426
1587
2262
2919
2882
1047
2411
2794
890
361
642
2474
2173
1628
1796
1260
1666
1798
2333
1330
1653
1036
2348
2172
2467
1673
867
2134
2282
2063
2634
256
1581
2127
891
869
1613
659
1391
2222
1610
2001
822
2810
2542
95
1819
924
2656
807
814
2082
1025
894
2809
1634
2403
1450
2539
772
2831
839
894
553
980
208
2674
1591
254
1877
2958
320
1239
1479
121
293
2169
2982
1827
158
843
70
1953
2143
223
2710
2772
2240
2292
2943
1443
2191
317
1604
1521
817
147
616
2217
2384
484
1659
1725
2424
1991
2194
2980
669
1052
182
2931
1296
2198
858
2365
2950
2707
2370
785
2247
2338
960
333
1818
2730
894
264
1302
2594
322
2482
856
1208
2704
1629
1087
1543
2857
2600
1927
1738
1462
879
2601
2948
2193
1378
2534
516
1783
2222
558
2206
2189
2078
1329
1439
2176
863
2473
2011
1946
1491
1464
1775
426
561
701
1803
1888
1409
1799
2676
508
11
2064
1012
728
2333
408
1148
1839
910
78
1502
741
237
1394
1119
823
221
1033
1903
1604
2645
2493
1061
2253
2567
2613
1677
2249
2205
2335
1134
825
663
1426
2128
2213
2090
1854
1119
833
2435
1353
1236
1600
821
1100
1600
452
2287
2552
2040
1433
152
211
2392
863
203
2024
1558
1516
2256
2864
128
356
60
1376
1942
115
2474
2754
1654
1885
2645
2320
2471
2363
461
1891
1208
2368
538
1683
2524
2227
2382
948
2309
1522
1241
1304
2986
1122
2270
900
1954
1918
2406
379
1783
1868
659
53
1626
972
615
626
2795
2546
1864
2164
928
1292
839
1743
1421
2136
2902
876
40
1159
1270
1053
881
95
2866
450
2046
2656
1480
2065
2674
1925
1886
21
2498
2363
683
2065
2159
2888
616
2239
625
862
1625
2414
2291
1655
1546
1772
1456
2702
338
2198
2601
1369
1347
1021
728
918
630
612
683
2433
551
1813
1129
1648
126
2365
1086
1536
2137
1158
1365
2680
1438
19
2579
1078
840
2442
458
2345
1456
1958
2601
598
1471
2826
1740
2782
105
1894
2044
2110
1262
392
613
1664
2125
2634
354
534
1291
1295
640
1665
1629
1490
2939
2933
2879
2774
952
1774
1425
2116
473
1122
1309
1397
1357
2248
2655
1002
1434
2582
1892
2611
188
907
2830
2246
151
2409
1226
1261
1197
1371
1501
1431
186
810
2586
1409
2617
1785
2424
600
637
2048
244
1783
1225
599
418
796
1703
2517
534
2031
1088
722
1642
2669
60
2601
2213
2907
1071
1916
807
2077
2295
2419
1258
2279
699
1936
114
439
357
1559
2521
186
2522
1528
846
2167
1806
721
2539
2677
77
1585
1116
1628
1857
2707
257
309
1499
2887
924
1378
2655
1819
2912
282
2701
2476
2239
507
713
2189
661
243
2540
1477
628
1624
763
578
601
1125
364
20
375
2969
1103
1842
330
1368
1227
1250
226
2091
1742
2315
212
860
2685
1904
120
1910
783
655
1339
2030
1633
837
2832
2010
1674
429
479
702
411
8
362
139
2393
2285
1802
2480
1233
2394
1048
994
646
1663
2382
488
1756
2980
1322
1543
1413
1821
992
2708
2865
409
1994
2048
1571
2918
775
2602
1153
2357
1280
2245
1957
464
863
2463
2571
1816
1813
1131
380
502
9
2984
1662
1389
2927
2369
2583
2184
699
442
2252
373
594
752
2112
224
822
2297
1018
719
1563
2906
2811
2722
1684
1893
2696
583
2785
1090
286
1807
2016
2073
415
2494
711
597
163
1712
558
1019
421
2074
75
1219
1608
2072
834
1947
160
947
148
1830
1274
367
2417
2075
627
1999
1278
769
915
667
2646
439
2694
2238
2580
137
2666
492
1609
2789
2637
1898
2767
915
2450
853
459
840
2584
160
2818
2735
2935
603
2407
1587
2293
916
521
2167
2875
237
978
2345
2454
549
516
2026
2836
1446
1786
1375
1884
514
2569
2785
1456
474
2439
1159
1444
2909
1162
2276
2736
1212
311
2318
2672
1951
2065
2587
1996
105
2635
1076
721
226
2255
580
1021
2205
298
2789
1024
1274
2685
2152
1457
1276
2433
1122
18
840
549
1550
2359
225
2104
2801
2228
819
949
2831
2181
2062
1151
2535
2394
1200
564
2598
1360
1457
2323
166
2503
910
2797
2954
1444
1773
1227
770
2416
323
2410
2674
1092
2649
255
59
1072
2964
1076
1609
2213
1923
39
2097
2300
1285
2955
470
753
1640
2486
202
1016
901
7
2621
927
2442
2579
318
1551
2202
2677
2550
943
944
2369
1565
2750
1830
1760
993
2187
1296
2036
2781
2959
2272
2033
161
1261
926
2139
1861
1972
2210
1575
2022
1051
174
2862
2591
2566
2290
2144
837
1022
1865
1091
1366
878
2606
1274
1348
342
2252
2628
664
1726
1604
1424
653
902
2859
2975
72
1310
772
1320
241
2620
336
370
1345
1650
2737
531
2277
396
2856
1788
2684
1916
763
1360
2950
544
1633
364
1163
2510
657
2792
344
207
751
970
1377
43
634
2369
1244
1194
2782
140
2359
1090
1065
692
224
1039
368
430
1458
391
2261
2591
2051
2317
1028
1980
1483
763
1775
2137
2343
2163
2277
2126
2059
2154
591
1636
1196
1411
2952
974
1944
2524
1234
2653
1829
820
1529
1423
1689
972
318
2521
1796
1711
2544
1478
2382
1996
2162
2958
2461
1849
378
1547
2071
1653
2420
1276
1704
2711
2120
2477
18
2127
2035
2974
215
47
472
104
996
1215
704
792
1679
1761
265
192
2273
442
863
365
803
584
880
308
823
743
620
2660
403
2398
1801
362
971
1673
255
2533
923
1935
2404
1820
2154
519
890
2177
1592
106
2172
694
955
764
2325
1745
1861
2494
1300
1082
2745
739
1356
170
2388
626
1930
200
1579
921
1436
103
517
1876
1073
2751
2489
2578
2768
1288
1157
1023
346
2788
2817
310
1995
1196
1255
5
1332
1945
2919
2994
2983
1742
1853
2417
1092
2757
2780
571
5
81
138
2601
662
2477
1980
1782
1521
1772
2862
2549
979
613
491
260
2053
271
620
475
826
2583
1652
864
1608
2996
2421
1588
626
1389
1446
1747
2521
1610
1622
2709
2456
1278
475
222
2729
227
1576
1464
2505
969
1177
1367
1081
973
420
235
2575
2597
99
1978
2607
1675
2475
2894
1965
724
610
846
2563
475
2518
381
1424
2185
1732
1172
1362
2022
1484
2705
1466
2189
469
1988
2963
2004
804
2533
33
2973
1534
288
2987
625
661
1210
916
1874
2184
813
1482
1511
909
1721
988
1808
1040
299
891
355
1451
755
1767
2807
2575
1380
2768
2475
2229
1196
429
2966
2186
2966
2310
1871
632
1241
2041
227
1133
1738
927
1593
835
1729
1130
2570
874
2693
1382
1355
422
2731
2694
1784
2370
2790
1075
103
26
2799
1721
1616
588
2465
2817
1709
857
1002
757
2561
906
108
2795
2536
761
1462
2006
1656
2152
1743
2781
481
103
176
212
2434
1671
2889
2051
1011
2886
1397
2682
1766
2594
869
2947
1301
717
1017
2262
481
1827
1571
2596
416
274
2174
1385
1525
447
115
994
977
1950
2477
223
106
1135
1248
2764
574
2143
2181
2621
818
1811
2960
1444
370
212
1241
23
23
2442
1259
329
1134
1878
80
2142
1198
2770
2288
2202
1540
783
86
2704
2350
51
2610
2655
1237
925
909
1588
877
594
744
2447
1211
644
303
383
1684
931
651
1607
739
470
1213
2420
511
2160
103
1049
247
1681
2649
127
1843
2230
540
1307
1873
1119
111
2742
209
683
2624
584
1058
114
167
2753
1183
1190
1547
1381
947
2794
1138
2520
2401
2480
2819
2935
275
109
1501
2140
2182
1939
2800
1051
2556
2611
790
1509
836
415
292
45
174
1331
855
973
650
426
1728
1555
1185
2860
522
2987
2820
702
2761
2904
2352
109
2972
2514
1510
336
880
647
1661
2585
2133
397
2086
731
2111
412
1756
1230
2631
1206
2372
376
100
1180
1736
123
2034
1973
452
2378
1675
2716
239
826
1201
1671
2537
1485
424
2580
2529
530
2858
1436
574
903
1102
63
2927
1684
2149
1644
883
666
587
2916
313
1804
1625
2081
207
1698
1101
307
1487
2469
2850
540
2418
696
962
1709
2987
451
1570
2485
1149
1671
1120
964
2930
2852
421
1370
215
357
795
2300
516
1204
1056
1610
2631
825
2795
1890
1481
712
2636
7
946
1237
2412
2010
1604
2911
2431
2738
2681
386
1030
2406
1235
2918
2593
2332
346
1555
791
1840
1808
441
1518
410
609
2196
2671
2998
2095
1383
2824
2816
1278
686
1637
298
2751
2195
1526
1477
1880
2421
2809
196
2563
644
2668
139
58
1659
1244
2111
2390
2022
1817
498
1536
2591
1513
535
1681
1280
1264
846
2424
395
1199
102
2552
2055
889
1264
921
2870
2953
1006
1982
1579
1721
443
985
2327
1940
1804
855
358
2259
2948
2404
141
420
1576
2753
356
1756
2140
1908
317
2040
75
2052
1432
1178
895
2287
283
1755
1915
1121
963
2352
910
1215
74
2194
1303
2484
2722
185
781
2217
1362
2628
1157
438
2061
1953
1411
1531
2680
766
1559
236
1437
2545
630
603
1858
2279
700
1968
240
475
315
867
2026
1340
1788
2222
1905
422
1440
2281
235
2646
1785
2023
1249
1397
2361
2032
113
1370
1637
98
1977
946
280
1777
446
1167
2073
2190
1414
1494
1915
2865
2052
2427
2598
2919
2578
1209
2572
2702
749
1654
1321
2181
712
2664
2856
95
736
2308
85
2725
2135
2050
2304
1117
1161
1435
2625
640
2932
787
1467
1835
1882
2965
2379
2068
610
55
787
2880
1270
253
2586
1062
2683
2949
708
1876
1756
1756
1555
2705
2390
1864
1849
169
1501
60
1228
1981
2844
2328
2022
2856
125
2960
408
1491
2015
1129
1083
874
1726
2253
304
2150
607
1712
571
1581
1086
1735
1794
219
87
2451
960
2070
1240
2570
1478
2963
2436
123
277
31
2328
2059
2934
2492
1954
394
910
1936
2510
643
22
435
2567
2541
2942
853
1437
797
1672
2499
631
490
1029
1574
1914
2186
1552
1193
1103
1314
2088
2647
2183
2149
1340
2876
1526
2425
623
517
22
350
702
2887
581
2297
1725
2326
708
97
563
1920
1512
2621
2584
2699
2538
285
892
428
2252
966
134
1027
1271
904
1245
1571
2704
99
2150
425
127
1593
2701
105
2071
2009
311
2055
98
546
2301
2665
2275
2302
1600
445
920
1757
457
635
2623
1222
1474
1759
2790
444
2626
304
846
2536
20
528
2477
1622
242
2007
776
762
2375
2626
903
2667
2149
629
778
2643
377
863
2312
2028
2587
2776
506
656
2622
1677
2084
2084
1521
188
39
2532
1542
1539
1690
898
560
2633
641
2529
611
1978
423
2984
2639
324
782
2175
183
812
2753
2562
1286
1514
618
2956
1331
768
1128
1245
227
1850
2310
938
1847
534
1156
671
1573
1332
2066
2727
471
459
2196
954
2546
685
1534
925
2783
2881
1737
1995
2842
1571
2602
2707
361
259
2257
2392
2031
1217
2432
982
2780
1993
2875
1403
1977
227
2836
2527
2661
2241
295
123
2884
385
2335
1289
2454
1814
1765
1432
1416
2298
1735
1670
257
2550
227
1898
2741
1916
1621
2756
682
127
2738
1868
384
1771
603
2521
649
2595
1558
319
558
2033
1999
2080
348
1781
1951
2538
78
2297
2353
1952
2900
711
2682
2719
1368
2691
1739
325
1257
2929
1045
2905
1589
328
189
1674
1093
2445
1601
2466
1836
2832
1261
2930
519
1747
1942
201
2377
2569
1422
1223
2594
1914
2064
301
1274
764
2191
2074
2431
1639
1234
82
324
139
1041
777
626
1036
1843
2971
2952
2344
1840
2983
325
1607
741
598
1986
386
2873
269
815
2349
2549
2424
2844
200
2526
2424
1149
2387
1796
541
1586
1620
2417
2049
834
1848
200
1349
2544
1041
1201
2122
1779
1455
830
2575
1262
2560
2525
1410
1067
195
2595
1190
2468
1611
2766
609
383
2639
914
1065
149
2928
842
477
170
1136
1165
1381
848
2412
2677
50
1630
63
773
652
1879
1604
24
2439
294
2478
1549
2607
1565
2317
2583
2130
1220
2199
394
1613
30
1362
518
561
2774
211
642
1236
179
2251
2059
1506
2848
1003
710
583
1011
2769
1625
1897
1899
1774
2720
2108
597
546
1723
1851
612
1918
349
1785
461
2909
2788
2275
264
2573
2589
1144
606
1080
1416
2554
1725
1481
1017
1655
1219
1454
2456
677
453
2716
1294
1079
1616
1731
1322
2615
541
2895
669
764
1116
2586
2065
776
1322
1387
1490
154
429
2682
2613
182
1843
1799
2316
1341
489
2351
2808
276
567
619
1503
877
2759
2340
1221
2435
2428
2045
1288
1570
1979
292
1610
1993
2779
850
1815
284
1744
349
1489
1273
794
2159
1753
2534
2572
2410
2353
2480
1190
2470
2526
2471
2654
1126
2294
851
256
2188
435
1812
2643
2885
792
2922
2133
944
724
536
1792
208
378
237
1093
2703
1371
2669
1013
2058
1686
1814
1142
2057
2109
774
2696
2341
2036
1683
424
821
2916
955
2930
598
186
932
1376
1916
53
2089
372
1688
1858
2900
1048
1215
1639
1379
2554
874
1569
1757
1010
1789
2207
1378
1123
615
1553
1289
588
2633
1049
891
617
1555
1245
2183
586
2640
171
471
2759
524
833
1877
2269
314
1041
2248
1742
2573
1203
530
2618
652
679
662
628
118
1425
1362
2641
1323
1941
1741
2538
2425
2922
1368
146
12
114
876
1241
822
2062
811
1032
2919
2930
988
1942
519
2630
1040
242
1497
3
1099
66
553
1614
1953
829
1817
2264
1043
2377
632
1739
2804
1782
620
2566
693
2686
758
619
1371
1897
681
1277
1035
642
2318
2438
615
2623
1987
1904
2319
511
2656
2855
2675
1927
127
1858
1771
962
2428
1924
1026
2153
1349
721
384
1834
2761
1015
1333
40
2313
991
2756
1124
1369
246
2875
123
1270
2016
2571
2116
453
2038
2833
677
2410
879
2402
280
1556
1665
2096
814
1550
623
2774
331
1238
2549
2865
2298
613
1709
2613
217
408
1114
1781
2478
295
768
2449
2177
1199
1410
712
229
2437
740
1138
1539
2107
1130
1849
1104
1466
694
1839
495
722
1783
1942
419
1954
1807
1932
633
2399
121
423
1381
1129
312
956
20
1801
2664
2467
325
2954
873
476
1622
1424
2147
1121
434
2966
2610
2301
2458
519
2842
1035
1121
945
2186
35
801
1590
542
344
1346
292
659
545
844
348
845
2161
289
88
1489
1595
244
2416
1834
646
68
1370
1303
2038
1334
92
1156
540
622
1234
2734
907
2988
87
2871
1138
587
1409
2074
660
8
1396
1960
2747
1072
3
1181
1388
1387
1367
589
779
98
1506
1034
1858
248
630
2064
2817
1436
63
722
1453
166
371
87
893
863
815
2471
2618
1381
2011
2797
348
46
1139
761
2357
1396
2605
1535
1833
2577
2278
2868
2213
2195
81
219
1458
1470
1876
2676
980
1535
29
137
1200
582
1520
181
1418
2219
225
2068
1002
1255
2767
1877
1178
1271
2867
2420
2237
45
2595
1596
2347
2394
1583
2818
493
91
960
1671
375
100
2255
1159
2799
1618
2335
500
2555
1742
97
295
2715
2389
10
1268
1620
1975
2826
1845
2822
137
952
1479
2896
119
2654
2920
2563
1286
2246
2007
638
2691
1087
299
207
2687
2209
215
2591
26
730
808
750
1247
1496
742
2339
1726
1311
329
981
1156
1887
36
504
7
273
300
874
1042
2333
1107
169
2866
482
2039
2915
1415
2659
1705
1464
2236
2114
592
566
637
2876
1480
835
435
1800
338
975
505
463
2067
1848
301
670
2566
2123
735
836
50
1600
2320
2251
2475
2691
142
1946
2310
1415
1911
1848
1468
2176
2807
476
126
811
315
369
1213
1710
2564
207
2047
671
1680
2807
2288
1320
1141
1974
858
2553
53
1363
1988
1819
186
2970
1831
2092
2082
1477
1563
2010
938
2093
2438
41
385
957
1165
557
1709
2540
588
2461
2901
396
1330
1759
1584
1429
328
2886
1404
2993
1930
911
2801
467
264
582
221
801
2683
963
863
2765
476
2394
45
2945
2381
2516
1684
2480
392
254
2799
112
2733
325
2843
166
2790
1222
2863
2093
1305
2897
1475
927
38
1934
2689
114
1330
1353
482
1443
2607
884
2747
852
2819
877
711
321
1536
2937
2035
646
2009
2242
2723
2933
2545
988
1875
2060
2736
1671
732
921
943
344
1476
1424
2235
2783
2291
149
814
1684
485
650
1338
471
2639
865
1794
681
764
84
773
1480
2885
359
971
2904
2823
2129
433
884
1121
2125
2540
1057
2925
676
2093
139
1435
617
2814
1937
1084
627
1166
701
2901
1920
134
2955
2022
535
2080
2270
448
202
1025
1696
461
1713
2315
866
2029
2161
1895
869
2248
256
2145
304
1316
2567
1008
1295
332
2749
1659
763
2082
2327
23
2907
1532
1155
55
1446
2320
497
2608
2294
2832
2786
1247
1025
1674
2556
1882
573
116
2465
956
572
875
986
1360
2236
1452
2997
1891
2218
1591
1236
1640
561
1695
589
2874
2091
1497
1279
1170
1873
126
2742
941
2424
2929
1258
138
2797
1210
1972
1602
273
2009
496
20
896
760
1340
543
989
1149
1626
1979
2120
1763
1201
2808
223
1777
1556
1842
358
130
1478
2474
2300
1324
2591
476
393
177
1231
1190
204
2012
1395
223
1474
1725
1359
9
2163
1646
2607
2326
2475
1484
829
1439
2994
2883
2808
498
1034
464
1057
932
2425
2203
1698
1804
274
1844
1141
1945
921
525
1483
2671
2800
2787
2758
1075
2602
2265
1349
789
1760
2015
1832
558
1468
72
1542
375
1599
1892
125
702
2102
924
505
470
144
893
1280
436
2231
2586
1291
1720
153
2045
182
955
2678
933
2885
798
2263
1574
66
451
713
1790
2299
2647
2227
1436
286
2496
128
658
2379
1487
609
1439
519
2266
639
1305
1347
1631
18
1508
525
150
2084
1394
2539
1891
2728
269
708
2073
1130
2021
1973
201
335
2925
2866
2288
1955
2411
1374
1781
325
2016
1743
1029
399
1979
163
2146
101
2687
1607
1602
1498
227
633
2679
1469
264
279
1821
694
2888
1349
2812
219
2500
1682
2270
732
1881
2480
20
1144
2689
2903
909
2600
2563
916
2123
642
2684
2165
1663
1883
755
767
1453
2371
802
1067
1580
2906
945
2970
43
705
1607
249
2967
799
2853
2777
2549
1589
2730
1756
2693
2732
583
2544
2230
634
2231
526
2924
23
1792
2784
2053
1239
2308
1374
2607
2397
1514
454
2312
1442
545
2662
338
2337
2460
323
1060
1714
899
2402
2175
2380
2646
2655
2739
1636
1148
1241
1199
1487
527
2269
926
146
605
2490
2630
2575
1844
1025
724
747
2807
2529
2082
2661
909
2773
1849
2755
2399
2167
448
134
1338
2854
2614
216
352
2535
179
1733
125
271
2374
1499
1034
2002
728
810
69
2355
2775
1059
2000
1449
1656
2257
1128
433
1519
581
93
366
457
2143
2117
610
1583
801
665
2051
2354
16
1867
838
2268
2618
2902
1603
877
854
1602
1532
1975
2680
1008
2453
852
2168
147
1269
2417
2415
778
1921
542
1474
710
1710
2233
1291
2058
640
1540
2738
2634
923
1187
2753
930
2292
384
512
1619
877
1613
92
1030
1747
2488
1248
2093
2811
560
2221
86
2690
764
2473
1031
873
2645
870
469
2897
1676
1283
1379
82
1640
278
672
708
1017
61
730
1546
2582
2050
1150
17
1122
1813
2967
2074
1689
2042
2488
1598
1547
359
2165
1837
2572
2429
423
440
1225
1648
1284
763
256
2701
1580
1231
147
2353
2036
570
2509
72
2368
832
515
1986
2563
2497
1081
284
1563
550
2286
2613
1577
85
2814
1313
745
1045
2345
393
1837
950
2336
947
1022
761
1334
2034
1766
1298
2412
2458
2198
1418
272
2006
2420
520
190
1146
229
2984
1720
2884
882
2449
2253
2825
30
2913
2755
1559
2537
326
843
704
1727
1001
489
1624
562
1234
658
2395
2896
1371
2612
1100
1568
2904
2625
2492
1368
2053
440
2633
876
990
2639
1785
2379
77
2696
1105
1990
2897
2048
2201
1251
986
2547
942
2730
994
1426
155
707
2251
479
2453
202
1019
2290
1149
1470
2131
2157
1429
960
1405
1201
1826
1139
2549
2030
2007
373
2357
1541
2482
438
1491
768
2764
1694
2964
2852
2721
1450
1793
2598
2140
453
237
953
1569
2965
641
161
2530
1035
1712
2917
145
1458
573
2833
594
1754
2261
337
923
393
418
1842
1780
1479
1476
2807
1387
1710
1891
1378
659
1304
1557
2263
828
1640
1487
1755
1913
1454
587
1338
1582
1913
2301
396
1582
1809
2154
150
2498
2801
1785
2009
2484
2584
2803
2478
962
1365
445
839
2142
2360
2901
2691
2605
1051
1175
376
2676
1782
703
2956
411
957
736
651
1061
2026
2929
816
916
2457
1516
2823
2685
311
2676
131
1169
346
2829
292
2538
2437
1932
1871
1991
168
731
361
269
2323
2386
106
477
37
2400
2984
338
2349
2395
1602
1642
1751
1135
338
2516
2206
847
2817
1826
2193
2503
1446
156
597
103
534
767
876
1643
907
1218
239
799
613
1398
190
365
2701
2858
751
931
2682
2639
1315
142
806
1449
1977
1848
978
384
2185
1426
261
776
683
683
2544
2893
2222
1537
2735
2234
2394
817
724
1684
1980
1372
2781
1093
197
270
2838
2292
1195
838
2271
2587
878
484
900
2323
1598
1816
62
571
1833
924
214
2252
2682
259
2843
2472
2989
1798
1096
688
1478
1733
411
188
1597
1362
187
2683
1887
2972
1943
2990
2966
50
2529
1937
183
1411
962
1562
2671
1076
732
2105
1293
2217
1397
212
1103
1173
1966
1959
731
401
698
529
1190
2776
809
2362
2255
1968
515
2714
2391
929
43
1019
2963
1392
2274
1246
2829
760
1695
171
1532
2839
2277
2250
2181
2776
1075
2992
875
1311
13
1707
1733
641
613
1891
507
1617
281
1444
422
2174
374
2870
519
1882
2632
2109
871
1434
25
510
33
708
328
1345
1644
545
309
1549
2958
686
1149
442
700
1223
2284
926
2850
2181
2883
1351
1467
2927
112
1859
1623
1049
2336
2929
1996
1245
2422
2449
197
2932
1992
1502
672
1510
745
22
138
647
502
309
2978
1279
1281
2223
2043
891
1824
2966
408
2464
2879
1323
2554
113
1765
1535
2706
1404
2740
2363
2717
1881
76
1341
1836
2594
1887
303
1753
2779
176
1989
1632
132
402
664
2860
2533
1110
2733
186
128
1864
2156
2090
1900
364
1541
2264
1253
2575
251
1134
1490
2702
2996
1353
2184
961
1669
670
1086
2398
173
105
1441
1988
316
1769
1341
2428
2144
937
2232
647
884
2922
1310
1640
2115
448
2643
748
1858
893
696
859
2531
1244
2864
1231
2350
2535
1039
2425
2986
169
1528
307
871
651
355
2949
2834
1977
2467
1166
1884
2670
2248
2392
1775
662
2377
1331
1057
1779
1321
1528
380
1635
2685
126
387
77
2768
1602
531
1681
1960
2797
2886
2733
2351
948
2730
526
1896
1980
1953
657
1159
411
1095
2337
2949
1337
115
1599
2407
450
285
43
84
2299
2530
2602
730
1925
1628
1601
1690
2023
237
1665
1531
1641
2761
825
235
1705
314
1770
2790
2061
2514
1479
1237
2961
1622
1381
693
86
1645
469
2353
1827
1323
255
1595
1411
2629
1169
838
637
881
411
1674
1775
549
1763
1696
2313
1918
963
1576
1724
2185
1306
1930
199
835
1563
1910
235
577
2790
379
1719
1382
617
2444
66
2598
912
1488
1264
1999
1415
2055
339
2912
593
1150
488
1527
1329
90
1591
2679
1575
958
2933
1856
1385
1435
1385
2861
1428
468
965
2228
2782
1932
763
2412
253
1545
1188
665
2045
1188
2369
513
2916
1119
2816
802
2194
1613
2616
485
1406
1440
125
2709
2031
2252
2395
665
2268
1234
2333
2972
1380
518
2821
715
1363
1805
1110
265
1650
1279
1993
132
2644
2264
245
2289
1231
2390
21
434
1104
941
1176
942
127
2530
162
2880
2105
2102
1151
1009
1183
1309
2065
2840
1076
1500
123
1409
1320
152
1040
1919
570
2773
2025
541
251
2610
1805
26
445
1122
2402
1089
1613
2402
1358
1702
384
1964
706
2096
806
241
2706
1405
2018
1189
1304
1690
2377
2057
2692
942
1135
2853
2590
1239
736
1091
2502
192
2841
622
2958
1086
41
2682
414
368
1274
2390
1399
1257
351
1574
2765
213
1905
52
1692
1183
2357
1657
15
2232
575
2236
2155
2010
2299
22
2552
1499
1360
984
1473
2523
260
1581
2668
1430
1971
776
2440
1212
107
20
1427
13
2978
1122
1357
1787
975
288
1852
658
1723
1711
1379
1871
1344
1539
1559
1398
2094
1379
422
1998
1376
2453
1340
2174
2619
2170
2384
319
1127
1676
708
531
2082
1065
592
2715
1686
2818
1892
2186
1504
2611
306
1852
1029
1645
2991
595
894
1195
2904
2372
2277
2899
535
256
1177
1436
302
1413
927
199
2776
999
2014
1296
2438
573
2368
2725
380
618
1513
1995
2540
706
2061
1863
1546
1065
2563
1857
2446
1328
1687
2620
734
562
274
1983
1150
2213
1041
501
1075
1745
2440
574
1485
2285
819
1199
2324
486
2861
2257
477
2945
162
1469
189
2628
738
1973
1327
2861
81
2164
953
1583
800
1864
876
1620
483
1868
2615
187
2371
1960
2255
22
1798
2876
1586
460
1875
164
404
2996
2554
115
1865
1358
2008
2466
904
2098
1968
510
2448
2352
1859
1075
2323
123
2485
1848
53
1345
1536
1298
744
19
278
514
44
358
2828
2783
1475
912
227
1686
416
672
1293
2512
1866
516
1674
1988
1419
1794
1401
1590
710
279
143
262
854
249
2059
233
1879
1366
2641
318
117
2672
2187
2971
2303
2877
2128
2343
2932
1986
2788
1219
387
709
1233
1070
688
2703
634
2325
2039
2874
2627
712
1091
2224
1239
567
1660
2643
1572
1491
2815
2250
1442
466
1664
2699
2986
2170
271
2948
539
1254
72
321
581
2181
2237
1688
2577
1712
1129
2784
2405
388
210
954
2805
1049
758
2688
2006
2376
186
140
41
423
2143
2600
1621
1019
2136
1493
2103
2341
2050
1489
862
999
2907
85
365
1888
2677
2323
2841
1988
1076
837
2253
913
914
1190
2888
251
1318
2679
2242
576
1872
1948
1692
162
76
2411
537
339
1490
1570
828
2202
387
2031
1279
1762
484
1734
2846
2256
1239
2870
1631
2461
1225
404
978
2363
2441
1950
663
2745
412
2580
2081
1612
2895
569
1202
2095
827
957
194
174
581
542
2389
608
1666
268
1615
2942
2917
2736
2254
229
1101
998
418
2468
1101
1325
297
2745
2841
1730
581
2251
2465
940
2721
903
1228
2270
1281
2458
2910
1370
330
526
577
1035
954
1046
355
1946
1685
1812
2037
1136
2212
2125
1286
247
1571
7
2773
2377
2304
2069
2434
2099
257
876
2461
463
1844
2866
137
257
983
47
290
95
958
2086
2307
76
920
1760
126
2420
2414
2152
2058
1632
2600
1756
1359
224
1291
2527
236
1197
2260
2070
1392
555
1328
1836
2293
437
1444
1617
1306
19
1365
638
939
1162
2498
1951
2291
2438
2882
403
2290
1487
1236
2964
1895
593
26
2777
1460
1416
2311
1387
916
598
2881
1889
1876
147
776
2221
2954
1913
1077
2456
2557
784
2462
1907
2547
1132
940
2389
2229
2974
1446
1339
720
1815
1780
2961
1984
2431
1505
99
799
2493
2581
1382
1518
244
683
1715
455
2874
2889
1023
1725
1429
2609
516
2936
942
1170
2198
2636
1447
2558
288
1524
1882
1026
1615
191
136
169
2625
1519
2760
2450
424
357
2655
1248
1887
29
1063
2383
172
2114
1333
2093
181
942
2718
987
1092
691
2532
1317
2112
1802
2027
120
1097
1061
1252
1706
1696
1839
1092
308
2182
1650
538
1290
1056
1211
2247
1620
2778
1160
736
1677
2342
1699
110
741
377
1388
744
2955
1875
29
749
2512
847
2126
2363
974
1759
721
1287
252
1837
1324
1936
2206
2094
1092
188
265
2457
1054
2772
1799
2491
2055
1090
1491
48
1865
2671
2221
1303
2773
860
1521
2831
159
2053
594
1316
1825
1158
2877
742
2781
2781
2397
2843
514
719
1395
786
2089
2573
2417
346
928
2038
297
450
2319
2887
1685
541
2956
367
161
2220
154
1599
41
1507
2649
2080
815
1323
2486
2177
48
1737
2541
1695
1274
1596
2092
2997
2707
417
2594
511
2267
569
2536
1369
651
2141
2644
1380
1156
2209
1954
2074
2771
806
665
1258
2917
620
2520
2668
1905
2921
2257
1596
1785
1787
1579
581
2405
289
941
853
2248
459
1370
2701
1748
2012
1212
2816
1755
1191
805
280
986
1886
2462
1102
2726
1677
976
1485
582
1959
1943
2247
2501
2192
1536
1457
2294
1401
97
1060
695
2058
2333
645
1530
1229
2588
2840
2635
564
938
1193
2009
325
901
1066
927
1751
343
2567
2971
279
1372
2476
273
643
782
1413
721
2131
78
778
2357
2870
412
2239
855
702
277
1737
904
2832
1397
891
1444
74
725
250
1876
2693
2647
1722
1247
2597
1499
1130
2164
1978
465
790
199
448
2209
1234
1275
595
88
2232
294
1142
1235
2310
33
916
603
2695
558
205
2777
24
2394
2569
558
750
869
1919
1587
915
2829
1176
2033
2634
2962
656
386
1255
1033
1753
841
214
1965
1272
582
2641
1116
44
802
796
2067
1627
60
1077
783
2719
2938
2281
2636
1057
2080
467
2713
1506
2838
2597
1990
1122
2783
2323
624
1245
648
689
2337
418
707
573
418
2649
588
2801
2958
2605
2098
648
1377
2006
1460
1369
539
1445
550
951
2658
759
2492
2184
2465
2878
726
537
982
1983
2364
2885
588
1368
1177
313
2938
1775
2021
2656
582
1650
2387
2158
2838
443
534
1448
1802
2173
2430
2946
100
2302
2481
2346
214
1206
2247
1481
115
408
2300
2384
1021
734
1528
2606
2538
1599
290
2140
1551
1541
1324
336
1622
335
847
837
985
1747
2105
400
600
2146
368
2860
1101
2780
2844
1784
2168
2096
1108
391
1168
1543
2500
472
152
365
163
1912
2919
2513
719
2538
1262
1131
2084
1128
2702
227
856
263
1106
142
2262
1316
2818
532
2844
1395
355
225
1884
2482
1292
1479
174
2899
1679
2853
789
2945
933
1765
2468
2606
1145
1395
1062
2840
2765
739
2008
733
750
2561
2271
2533
2718
539
1773
2911
1541
424
359
2940
1051
896
68
641
1379
2752
1835
517
2669
464
1893
2584
2044
2876
1739
1893
1230
1543
2444
198
1016
2107
1753
161
2271
1833
1813
1146
1902
2458
1173
2143
420
2124
801
83
517
2212
298
1737
2884
398
689
473
2312
2016
1684
1758
2528
2896
2511
1294
2216
606
1555
1650
1907
1749
2921
2154
2665
437
657
56
142
1965
1385
2226
353
2296
160
2468
1525
2649
2745
753
1357
1051
1931
2686
1421
2228
2127
1713
365
301
2028
2211
2574
496
2501
2215
1548
332
260
721
1861
531
2373
1495
1857
2791
456
1405
1033
1087
849
2178
1706
1150
1714
1342
2882
2152
2344
976
2361
2724
179
2545
1437
1359
1611
817
2588
1137
2412
888
922
2679
850
2732
709
2188
358
274
900
1317
1936
992
2957
2809
230
804
2366
19
543
1560
1364
457
209
2250
1446
2205
977
524
2595
2731
1296
1513
1326
1164
1926
2512
767
819
335
756
1613
2027
2302
2658
1354
1255
2453
210
2104
1134
2554
1145
2784
886
1525
2754
2289
638
613
1088
888
1391
286
280
1444
2391
2391
651
1073
2349
817
221
2781
1768
1783
256
2682
880
585
1407
2915
731
2543
912
2038
2106
1183
1902
2760
1480
1651
1334
722
742
1733
2210
2985
2411
1086
1613
1856
76
919
688
381
1160
1557
780
1709
2495
1136
532
2047
1414
2943
2465
2604
786
384
1216
240
2704
1447
201
2674
2581
2252
776
2859
786
2975
471
2057
2128
1072
2825
167
475
2662
1682
2602
2312
205
2334
1751
2785
2479
2887
1086
504
2777
467
2368
2024
2357
1253
2610
106
2439
1502
816
553
1299
2743
2251
296
266
6
506
280
1835
1866
1927
2393
1777
651
886
1796
1094
834
1086
102
1447
212
1257
2911
1925
2089
335
1191
106
1923
2704
2857
2231
1612
1826
2819
778
855
2595
362
1878
1556
1488
1033
2234
1225
883
1689
2549
2126
1160
1020
2703
701
1066
774
2438
579
2069
1205
2471
2863
1647
2343
1152
2528
62
1429
608
2609
2299
1841
894
2541
2315
2091
995
2124
1625
2397
2140
142
2499
67
393
1796
2411
1914
80
1038
557
2248
896
2834
97
2768
1952
2308
1175
1028
342
458
51
914
265
1508
896
373
1175
1809
1518
2204
1556
2281
1331
422
1181
2161
228
2776
2801
1557
375
578
1663
2456
2391
449
1742
402
2747
2631
880
734
2068
62
2231
2429
1944
1292
745
1103
1585
450
2742
825
2187
610
2908
1640
1250
1557
620
1446
2300
1330
1138
2563
696
2339
758
2072
329
1388
1120
812
1292
2740
175
260
1778
1446
2065
647
1781
290
414
1414
689
2284
234
2038
1648
481
1702
288
2008
1173
1962
465
294
729
199
2754
2984
2792
2528
1280
2145
122
1808
1012
144
2961
819
2982
2495
2095
652
2711
1072
2647
221
119
1841
2067
2072
1455
2649
928
1266
1162
2736
2512
2232
423
1739
1379
547
1815
373
1004
2874
1006
1173
2533
2840
2518
1016
1716
2834
2996
2590
2238
507
2653
609
1696
659
1368
2489
1165
358
2910
450
1547
366
606
266
223
249
953
179
1504
2770
126
2282
190
1982
57
1698
2069
2540
2886
1922
718
2742
284
922
1991
2425
1043
27
1415
1286
1091
657
307
666
1520
2441
1167
253
922
1840
2813
2574
1269
1718
2817
2041
2150
1355
1356
1825
1820
2195
1518
1452
442
383
2486
1261
758
2104
1049
1406
461
622
2178
1582
1966
796
1834
2558
1590
467
692
239
58
2934
2764
2238
2340
1658
1405
507
1470
2248
280
856
1579
1525
2732
1097
285
2
84
864
731
992
1518
2363
1905
2617
1136
2418
1794
2929
1569
1148
444
868
183
2417
2894
383
1890
2410
1491
42
2802
2129
578
334
731
1569
427
1396
2950
1452
1507
1792
396
2957
942
2310
2030
1713
2767
39
1451
6
1127
1886
765
1841
1468
1636
1280
2281
488
1940
821
1247
1790
888
1984
1713
1390
2828
316
1326
2472
388
1114
991
745
2003
2477
1679
1629
1656
792
1515
2626
834
2181
773
1940
2365
2782
958
2254
858
1844
519
1492
2564
125
1918
138
566
2380
2701
2105
1347
2447
557
2244
2981
371
2026
2052
1075
1651
1841
1994
1178
2871
1348
2934
890
269
2425
913
1603
1750
862
2832
108
1699
2474
2240
677
327
1876
1499
1137
383
1864
743
304
2980
388
1632
2793
2522
1553
667
2047
228
325
777
1696
2821
2732
507
2023
793
2475
2005
288
2989
2641
322
787
134
858
308
2230
1525
2633
1468
2643
1003
2659
1590
359
275
2322
2359
2111
1180
2195
26
2789
2188
1666
2926
166
1247
1157
896
2730
2977
1850
97
851
937
2290
737
1695
2098
522
1827
178
206
2217
2185
1030
1676
1930
386
707
1225
549
127
1853
1847
2537
1815
1367
656
2995
1500
1693
1893
2041
587
3
2318
655
691
1755
1240
1454
2980
1822
319
894
500
455
1927
1161
2052
1739
553
2397
1502
2564
673
2458
2223
641
1369
1888
2866
2106
2663
1869
1512
74
1063
161
1824
2668
29
718
415
1376
2134
390
436
1938
362
795
1366
599
1562
2969
2664
176
1535
258
1504
592
562
2075
2701
795
1298
2038
1572
1740
1516
2526
2135
939
1243
884
934
296
1030
2694
2032
1271
1841
2213
2740
1980
252
1486
2537
2716
2336
2842
435
2065
1472
1313
2227
2286
708
2272
2196
2451
2869
1791
2128
2717
1411
978
1788
686
2422
664
1946
347
1350
1190
856
2075
298
1635
2175
782
238
626
1027
1557
2909
1971
171
472
1972
1175
622
422
610
1983
656
504
2689
1755
1462
1968
1307
1391
2996
2956
272
2493
1889
2852
1131
1117
378
2809
2428
2565
2238
2646
610
2855
318
2582
1749
931
2323
2139
2716
2481
2259
456
1539
1855
2293
2283
2719
202
2765
2996
2806
2231
707
1310
1547
2732
1209
1887
2919
992
1074
2572
1838
359
1066
990
1987
2482
2951
409
2369
2769
100
982
1442
900
231
1336
2968
2760
1074
833
590
244
312
2152
978
2910
932
2229
596
1679
59
1721
1378
413
852
2731
1879
357
481
1090
2512
2021
347
2847
2740
2446
468
2573
1383
2208
2159
2682
651
126
999
638
806
636
2733
2815
277
2604
2462
955
1048
1285
2872
2828
758
2275
1525
448
1601
2531
1248
508
1121
1694
360
2306
1461
2310
253
2032
1683
238
1481
981
228
1203
2455
458
482
1342
996
1924
1500
292
1612
1681
2270
1140
849
99
2943
1043
2224
1082
564
377
1525
824
2537
477
1409
1509
1769
422
2639
576
1885
2213
710
2980
311
2553
2226
632
135
2634
1467
2249
835
2371
2606
1722
2812
2894
216
627
585
2917
2481
472
2230
1377
2946
1136
2665
447
510
1778
379
1085
2778
515
1023
632
1823
2024
1660
2867
663
392
745
370
1616
1038
1652
307
1700
406
1506
756
66
1079
1312
2397
2013
1846
35
12
227
2587
2086
1822
1502
1119
2357
2097
2656
2861
2639
2731
79
487
1674
143
245
1929
1077
1566
2823
190
1723
770
248
2918
118
977
818
989
2660
508
83
2017
2446
1644
789
902
618
204
2467
672
2966
975
1993
2418
2352
1385
193
2093
1663
1761
985
2182
2633
42
925
558
1496
883
2269
1761
1756
2905
2755
1877
726
217
776
2661
1828
1059
2119
2610
281
931
265
2543
2087
590
2613
2683
1255
221
871
2950
1895
220
2603
921
1542
847
1922
2430
2516
2974
1727
1343
2384
463
367
1472
974
2436
840
2598
988
543
1551
2742
2660
615
1702
316
2787
570
2285
1674
1539
890
1152
2640
2593
880
2804
2265
522
2013
299
2769
2301
1262
2641
2873
1893
2749
100
1923
2273
2411
2487
81
1951
1757
1322
1687
482
373
2346
392
387
1725
2544
1435
224
2400
2901
2980
2080
858
665
800
1820
1339
2358
1625
2397
2238
831
2792
2023
2495
756
1506
561
2229
2703
2125
183
2788
2468
2129
924
2956
861
2424
1563
1403
1042
498
2314
1619
350
871
2672
1513
832
1564
2133
689
1735
481
2386
1742
2464
14
1213
2802
117
2651
60
1343
14
2274
179
2284
2348
2687
353
1931
1906
2008
43
419
75
2882
1945
1751
834
1007
2363
2716
857
2847
1003
1306
22
1556
1391
1962
366
510
1934
1116
2290
2315
1459
116
120
390
176
1995
1193
544
2677
229
1570
2880
1101
2932
813
2776
2002
673
706
2499
2965
1016
1576
2081
175
2855
341
2526
2823
2290
2749
1397
2419
829
302
1991
908
1497
1524
621
2104
1230
868
116
513
2572
2052
2642
2235
107
2520
2535
1345
1126
816
1931
330
764
1363
677
2997
943
2529
1873
2573
1204
2085
766
641
2285
1476
214
519
2458
2264
2071
1455
124
270
2066
435
940
2749
1401
2824
1959
1437
1101
2173
1344
2356
1268
738
2965
523
873
2796
2891
2889
2478
858
2609
1133
1835
1037
860
1319
1904
1406
2572
2906
2468
1361
304
140
2551
2699
1478
2748
2844
2364
1105
1631
177
814
2509
326
500
1577
1806
1028
1403
1105
1646
959
2246
261
881
2848
1268
1763
1272
1451
447
2914
1149
1347
1217
2506
1526
1837
1322
970
1205
1971
1338
1658
2339
2326
75
2029
264
701
2243
1415
2884
2157
1617
507
1167
962
1948
1253
1108
2306
1221
369
925
654
468
1408
599
2871
1685
2636
1292
2155
776
692
2237
2173
2369
1618
905
383
1621
2364
2128
1641
648
672
1508
1856
2186
375
1986
1107
1478
1458
1899
1067
2659
1465
2545
2382
184
1093
237
1881
458
566
2995
1330
714
1699
1871
42
1375
2293
1684
2083
2211
2608
1002
2158
103
811
951
2544
1391
2815
617
2709
1698
2113
2158
2409
627
2474
868
1867
739
663
1216
2866
410
186
2793
1688
2012
1574
2235
1126
2040
592
2817
1069
219
2359
2667
2765
2208
483
1649
2980
2533
1495
2879
626
610
1508
119
1584
2144
227
2212
2530
1542
2370
2312
1550
221
1239
2898
2544
2200
1091
2542
2576
1664
937
1312
139
2929
2090
835
1021
1633
1378
1638
1452
2153
2923
2900
822
2790
655
990
1297
228
2117
1412
1542
2455
645
1296
995
422
662
947
2174
1641
694
1866
1501
1996
63
1193
2525
1961
1056
1402
1802
657
426
788
2747
767
1911
2875
759
263
2951
1550
2460
1942
196
2303
719
1977
2840
504
728
625
1041
700
2465
535
2449
701
942
1424
1218
518
599
2630
121
341
1762
1610
571
2483
2812
1832
1982
463
867
1644
637
350
1940
2135
2629
1853
2453
556
869
1447
2292
2478
1925
1996
775
2497
1617
2015
1676
1587
2052
1159
1857
1778
714
992
2157
144
2078
2267
1490
2624
64
2577
2407
499
102
290
425
133
72
734
242
2961
1247
1893
2080
2772
520
1679
2297
2728
2229
2054
1210
2216
1339
1996
1518
2423
1475
540
2962
2033
1098
2116
95
876
1666
202
1698
2758
1656
1675
265
2260
315
639
1578
1661
892
2174
2093
187
2165
2372
2723
648
533
1999
461
148
1361
460
1435
395
1811
6
317
1236
231
2169
2821
2889
2550
1263
2360
140
2017
478
1972
1229
2427
2666
2942
1657
1206
1083
223
2645
1079
1309
2709
596
1664
1659
155
1719
372
1455
1228
959
1562
1943
1812
529
1431
2739
2771
1496
627
1383
1877
1439
1884
385
563
1591
168
179
271
1233
262
2804
2103
866
2636
1331
1362
1578
585
2509
2157
2401
2859
1646
2786
1802
827
2237
1691
1603
2471
1404
1877
1676
693
1928
1638
969
385
564
350
1443
964
707
1082
491
621
357
199
2980
869
840
2540
1613
1496
471
932
1150
394
984
482
2753
34
632
1663
724
2435
1952
2439
132
2991
404
341
969
1966
1298
940
2960
2965
2071
1948
2627
1956
2494
2816
1141
1909
889
1731
2377
1483
2882
198
2272
2314
1137
483
300
23
1310
128
293
2001
1205
993
199
2563
441
2462
2017
1151
2978
1800
2121
1074
2784
677
1684
966
1420
923
883
2903
661
2261
1601
1433
2066
1715
2032
1174
858
2696
2031
1766
1916
2936
2718
1055
1531
140
1568
2526
1579
1
1743
2902
1686
9
2399
1697
1483
581
829
1769
1627
2001
2483
2164
1862
2657
1783
2751
434
2283
123
2651
2791
1071
1273
196
786
2856
2091
2592
281
916
1540
2708
1026
1363
1832
1056
2132
2171
192
1504
1242
1146
1158
1870
350
698
2555
2156
1504
2816
2105
2548
1968
881
2102
2260
173
1072
182
1935
790
1161
1357
1447
1250
2200
1814
751
1142
2398
1319
2166
2167
2989
2179
1838
2856
1093
36
2138
1806
2504
1359
2198
2551
224
1490
407
992
481
85
1185
2185
1175
1199
683
2856
1483
2849
2425
1295
2799
1909
2882
1697
2854
766
890
194
1303
2486
300
1721
1722
1825
1260
105
531
1999
430
2162
977
2473
445
2399
406
1699
1893
817
1508
2351
1726
1634
1508
2018
2510
859
2191
825
1574
1483
1789
1325
1737
2265
2153
1983
276
1215
2400
2316
382
1902
1492
713
1785
232
2572
35
1868
802
696
2125
200
2336
2857
486
371
2577
315
311
2948
522
1162
2438
2311
2732
2185
1179
2020
2658
1688
900
1420
2937
586
2571
1869
1760
2803
218
2220
2441
1650
1578
286
1619
1038
1477
1787
2200
129
2145
150
687
2546
2028
2333
564
643
136
771
331
1975
770
1040
203
2733
2691
1455
74
80
1313
141
2541
1058
2103
1783
1887
1508
2623
1111
301
2851
2910
2617
194
364
378
1365
1246
57
38
1405
1089
2596
2452
1643
1813
219
2945
1719
1134
55
923
143
1060
1854
2983
1671
625
1469
2129
2519
27
1713
2479
2302
2783
2974
768
2431
2016
332
1758
379
1487
388
129
1693
1068
2126
330
1245
2185
2121
549
1438
2529
2307
2297
2260
2700
2580
2578
2909
798
2279
1351
2741
1555
1654
1620
596
2295
1004
337
1051
2895
2063
892
656
434
531
995
2804
1800
113
607
1981
2942
1668
192
696
74
2961
620
2097
1876
1745
2140
808
185
2710
1039
1584
1961
836
2153
2819
1692
1255
1362
1690
996
809
1129
2966
1374
1063
340
2051
989
2545
766
259
340
661
832
2781
1219
81
1941
1207
2683
342
1147
2960
717
1093
1323
2108
2196
1460
783
1052
1780
2773
2674
106
2178
1229
900
2231
825
2863
1340
781
1987
1640
2921
2036
1961
2034
693
185
756
1064
1412
2689
2956
723
923
2698
195
1465
299
357
2077
2721
2274
1745
