113
213
157
880
1331
693
279
857
1245
1388
624
30
789
1199
973
1136
16
1872
19
65
599
1251
1728
101
139
583
203
23
1384
117
277
159
226
292
70
79
503
902
66
1451
554
1467
448
1328
475
924
1282
1351
950
673
346
1498
4
200
806
3
1277
180
950
114
433
1708
1140
5
756
563
1645
500
1399
1472
128
302
459
265
217
8
452
878
1615
456
175
1256
3
393
1
1491
15
1997
28
92
356
670
1988
12
1289
44
1142
401
1369
948
204
136
686
282
275
100
564
1794
277
1885
51
1062
138
800
946
1346
1414
1
45
778
1260
9
1832
97
82
1773
1719
1
434
152
504
5
5
1835
1845
1096
33
1339
1027
1740
1379
3
854
665
115
529
387
1540
32
1702
277
350
1685
69
406
236
1132
301
925
43
1322
1030
898
289
159
41
781
1149
1088
1580
1872
27
13
1
975
1147
268
12
1004
73
630
1231
596
650
151
1397
10
315
86
49
1592
461
587
28
1909
943
1288
855
891
1067
246
1520
278
1624
2
1677
56
334
283
1677
1965
1
138
265
1894
394
64
302
377
622
793
1269
1120
748
88
72
1079
1205
109
601
545
1855
145
38
952
256
631
1845
733
1196
127
646
45
297
904
18
1625
33
326
179
526
730
1977
1895
511
1031
110
1461
188
159
755
831
58
399
1167
220
29
1095
4
161
1176
759
551
1661
1313
1599
741
824
1664
41
40
36
23
885
113
45
178
1062
327
1127
146
698
530
1563
276
519
863
345
873
1156
2
210
484
465
603
1569
1940
55
127
528
24
4
1147
887
429
57
251
130
387
121
1762
912
235
46
89
1069
1600
136
109
314
4
1138
14
330
728
1054
37
44
1756
680
1913
391
30
36
177
31
884
529
1910
345
1990
273
891
96
1561
34
536
45
106
2
5
1723
545
1
1526
20
1039
191
67
1213
50
32
1428
755
131
1315
594
554
1160
1801
1997
799
264
1151
707
1598
6
1104
1332
34
714
239
137
1591
54
1002
1022
69
1167
1842
834
918
1981
37
7
759
1038
1242
1
1148
501
1954
117
1399
71
20
839
45
80
3
1909
1426
64
645
656
567
577
1625
296
143
188
786
435
162
578
1670
1498
1736
1335
1613
1431
1081
1006
1
328
654
181
162
279
1698
1028
1674
446
859
195
7
3
205
900
73
29
1593
913
7
1974
588
384
167
15
1447
826
27
964
1
33
22
19
665
103
480
1128
31
1447
1548
16
607
1868
186
1016
1993
657
88
727
579
1652
397
813
1794
1193
1984
27
18
4
323
21
6
659
46
29
262
1206
86
1845
1098
764
2
1203
1679
1508
16
1374
210
451
1395
1567
37
460
212
1190
111
681
874
131
1394
1030
1745
16
838
171
113
62
41
400
1328
738
6
113
1047
408
419
1049
15
1042
1953
1158
75
715
18
174
1549
76
1920
149
1
1523
47
336
1314
56
206
31
1479
1
343
949
405
1
36
10
1164
439
1149
53
85
179
1734
1842
1500
87
822
314
109
1233
1350
1479
938
72
1348
890
1214
108
20
217
851
276
195
32
283
1849
1338
10
6
1280
1
1
18
509
389
211
663
257
1024
373
19
323
337
1265
310
1103
1257
755
308
276
840
1114
34
1763
95
727
234
1053
1139
2
134
1720
1797
70
202
155
1533
265
725
233
1872
883
30
1279
1272
1770
1984
1298
22
319
1457
1048
962
971
1312
221
1035
94
1553
1363
201
200
1726
995
334
1187
1353
224
358
1851
1367
1014
432
1588
217
617
347
857
1758
1792
14
21
40
813
1101
801
747
19
1186
55
454
284
497
152
1153
1640
5
127
679
1339
98
130
683
1239
1723
1297
567
1771
553
2
77
540
1974
103
87
291
1317
1520
1497
884
243
1925
31
862
1175
599
1742
59
1967
557
1957
1297
496
1425
925
1342
741
314
363
1950
313
6
172
11
1625
1654
1822
1604
20
1200
1977
87
410
213
1792
483
191
67
1914
109
1308
751
169
286
137
83
107
520
1094
872
607
1665
159
377
547
1193
247
1951
1217
1978
191
252
70
230
257
1261
1668
1978
1192
1486
1302
45
4
452
147
569
1783
69
16
1705
1896
45
1164
23
108
800
11
750
1112
621
370
1261
232
1759
208
1663
1847
590
493
1309
23
17
668
104
966
8
530
80
1795
33
1626
1052
1037
1480
398
4
467
293
343
476
6
760
1152
671
50
1117
850
704
790
444
172
322
584
151
24
916
432
642
2
86
3
1507
91
1160
56
567
462
269
1592
587
154
11
1554
569
3
96
301
101
18
589
1089
1195
1746
1466
776
56
1228
1095
21
1000
1121
37
1218
92
518
868
212
98
271
797
471
1050
1233
47
151
108
1485
1563
798
674
760
1796
1171
405
714
1095
124
573
9
445
591
249
116
1825
1802
227
375
296
698
1270
909
6
85
223
297
117
18
719
133
1066
178
30
536
1797
1321
672
589
476
560
120
1028
762
696
554
539
122
1368
62
933
4
383
902
953
253
1421
286
446
789
1024
1772
2
55
467
953
1429
145
1
152
528
762
1545
845
915
781
177
137
1600
342
390
332
1694
649
1347
1852
2
944
946
1087
914
802
585
45
295
1249
8
1342
134
258
28
751
291
3
718
889
749
948
221
201
1052
1889
875
971
337
1486
573
1291
1789
1885
1947
589
1546
24
1291
368
285
727
629
719
283
555
16
1669
25
444
509
1001
792
826
1606
34
166
1098
189
20
723
95
1441
91
879
928
147
1354
50
1250
1295
283
1217
945
716
7
24
4
845
606
180
1896
420
495
136
49
783
947
1851
378
52
131
761
1103
1838
50
784
1154
700
1
1657
1939
55
1954
1099
291
1928
1920
81
1999
501
1312
1046
686
481
3
220
392
1821
1125
702
2
929
72
582
222
137
1391
62
109
858
1
16
858
1544
117
1430
1292
88
1324
1959
779
1929
1033
188
809
508
1519
678
1091
928
681
549
1873
63
76
63
1
1659
1059
1285
10
408
1705
1385
717
1303
130
244
850
13
384
459
631
1320
1086
372
463
208
1932
968
236
1474
658
2
880
153
1728
1718
490
1084
342
1611
82
175
1702
563
1092
1927
1609
1444
1327
1479
771
177
319
13
7
1322
865
96
348
409
6
527
970
3
1326
183
1447
1255
275
122
1600
365
1198
1222
1058
1171
646
43
906
596
295
1185
198
108
1824
1
1282
1703
280
1082
1422
1091
42
1624
1928
277
312
1870
205
86
63
381
127
513
330
4
635
878
13
1519
662
1031
9
15
61
143
7
59
194
626
51
1988
234
1332
210
364
97
23
9
10
59
11
779
1155
1574
1364
1361
850
1666
664
987
1983
1663
425
553
137
216
189
90
1679
940
685
1821
70
106
920
98
94
722
1452
471
1385
1901
317
54
1598
1732
704
1
9
288
40
35
41
190
669
191
78
885
584
328
39
1476
131
1830
1559
641
1257
201
43
696
1307
789
12
29
371
1979
1725
686
1855
1343
400
329
1723
1175
1712
349
1354
1161
257
900
873
349
195
1813
591
125
414
289
237
249
1372
30
475
750
1148
1767
871
1499
604
1025
1
367
18
101
1744
1378
995
416
82
1153
3
881
1422
1334
22
152
916
1
1264
1555
1670
55
1998
8
1404
702
1160
1680
706
75
215
105
681
1854
271
139
481
47
204
13
410
436
4
188
166
77
891
904
1129
970
1430
35
63
121
691
160
151
51
15
1495
861
66
629
67
1122
883
1105
4
1440
1967
25
894
729
1776
363
217
241
310
771
403
290
1990
1754
36
815
1180
299
881
416
160
1113
1882
2
1684
1827
146
505
1610
1114
4
198
961
939
151
440
591
70
205
1895
1237
377
367
683
207
232
1696
1054
131
173
294
894
214
1230
1171
177
1534
62
1820
153
696
1318
227
1743
434
75
405
216
1257
1049
660
75
1
1973
796
407
477
901
1297
5
1377
2
81
322
414
1271
267
1398
3
1224
38
577
929
516
979
491
1968
473
1081
1351
1221
612
248
1781
1
306
35
3
14
79
1124
33
22
1792
1181
1141
9
1500
6
366
18
591
58
1862
19
10
1753
1317
48
518
196
231
264
1157
560
1808
47
432
77
1346
550
770
1696
1534
7
13
1470
199
805
49
1221
1829
490
125
204
470
11
20
5
106
28
339
1452
1604
814
11
27
218
1584
1416
359
313
1710
29
1920
693
371
40
84
144
360
127
379
656
66
24
246
1729
1711
939
1
1083
528
589
16
935
1860
472
1655
967
10
601
850
200
280
510
579
1006
734
1
1253
1339
388
400
913
420
761
63
352
47
205
226
455
33
1254
1405
1767
385
117
6
190
801
1955
1622
95
1702
21
209
269
71
915
4
1475
1811
763
1475
776
185
274
1456
436
374
915
1351
299
589
1160
14
2
78
292
1699
618
1655
1352
308
823
289
1976
1287
1726
337
91
24
1136
375
79
626
1583
180
1183
60
68
68
115
104
251
283
389
23
41
836
88
1090
238
21
1631
1229
852
855
10
479
176
562
669
326
1381
30
370
157
490
739
1689
642
650
1146
1155
1186
1721
17
1339
640
1028
483
1091
192
270
24
28
9
619
1047
25
1
577
1275
770
1865
1473
935
334
1069
143
533
15
453
1195
603
35
28
8
781
1845
1626
518
454
8
929
1323
1672
283
527
1679
114
440
5
1327
404
870
759
79
1239
377
1226
1053
1459
22
515
1582
742
21
267
621
90
772
1357
1431
1478
37
1536
1979
181
33
291
188
1397
312
614
77
442
651
734
7
128
312
1418
1
1239
1789
1637
1237
442
189
1829
1954
921
1457
330
1847
152
1144
536
968
1254
28
1336
848
139
1864
459
591
255
30
22
86
652
513
981
120
36
1152
1107
783
204
1879
338
1015
1639
482
1278
142
157
742
1585
200
817
32
1071
5
199
89
1321
653
669
998
313
104
926
501
165
697
1005
58
24
1578
847
971
560
1610
90
198
247
576
141
1533
1291
539
134
167
1574
530
656
69
644
1145
96
1787
1654
111
66
665
755
837
985
103
414
144
1119
478
1784
1093
1808
1148
1374
80
2
209
1943
9
742
3
366
305
1269
1377
586
360
216
1329
1223
71
1412
57
81
882
2
8
170
684
214
41
6
1367
251
481
536
648
1442
200
1980
710
28
218
1965
782
6
60
1469
120
653
317
674
2
992
1905
1630
1113
64
16
468
1477
248
142
437
64
63
61
117
931
135
3
1377
1659
814
777
1502
607
774
27
117
39
951
1614
53
1271
56
660
267
1122
2
15
23
383
1617
1907
1912
722
329
470
803
122
1481
1
157
1
937
650
762
1274
616
193
448
990
31
339
18
188
931
1549
546
985
8
390
672
20
1330
1992
1098
1144
649
88
1340
1071
207
1772
452
137
142
1658
1299
1809
842
55
41
750
111
437
144
12
868
1625
187
1435
507
1118
442
95
2
187
26
1020
1035
408
282
263
60
755
405
98
12
1119
386
930
1670
173
435
253
6
1424
47
647
844
3
195
1891
1120
167
36
922
333
810
17
401
62
1126
26
529
1
69
459
7
1016
1216
1017
1325
1102
624
987
50
385
127
1048
1596
274
1634
357
440
664
227
639
52
1657
838
503
296
100
1
692
719
234
155
474
337
1126
546
35
643
38
399
1665
163
18
26
768
53
255
774
365
43
1481
654
14
142
470
621
13
273
124
116
795
302
1344
177
43
11
455
144
20
542
76
563
939
1384
28
1193
171
1584
211
2
130
316
49
417
1834
1737
1978
1972
229
33
244
5
2
519
1264
804
4
79
875
1262
14
571
194
468
1749
975
41
1386
1653
179
856
1091
1572
1716
654
278
336
916
1171
1064
1820
1548
135
53
1233
482
36
545
74
26
918
332
1367
219
233
565
336
1559
544
1411
247
359
879
1133
918
387
1245
205
993
2
1100
329
1945
586
91
1296
465
1184
3
215
1917
1717
173
220
1175
86
1360
621
13
947
88
466
61
357
1545
444
266
820
1222
1653
755
912
1330
397
672
1084
9
1550
963
1233
256
58
724
287
1531
259
1625
53
1329
464
468
875
1181
90
193
1808
913
204
53
1653
602
1271
515
472
325
1623
574
379
1355
1923
896
588
1024
367
38
1263
885
294
14
286
39
303
1463
1263
1632
20
280
221
1127
79
937
477
1811
318
14
36
369
511
455
124
62
1037
133
1816
50
1310
1711
2
1458
1523
87
692
1773
1
18
352
315
1
1226
1920
264
769
2
1
205
166
53
1533
13
683
1708
385
7
388
1209
499
1199
715
667
1371
136
1
1873
152
636
111
1632
91
91
478
516
237
9
219
1337
101
941
920
170
10
644
501
1724
1768
21
144
1454
53
2
671
1131
1896
75
423
498
265
420
46
6
363
1935
126
639
188
730
35
377
20
64
1003
794
1818
6
4
1347
473
301
1789
166
1956
401
1693
47
135
69
677
314
979
1126
716
385
766
1573
1910
42
1405
509
593
1217
712
944
1005
1786
81
583
906
1697
7
1145
937
1724
1966
1872
191
632
106
31
1273
914
2000
180
723
236
21
199
430
779
1380
5
50
1522
1682
1126
23
1538
1154
1885
289
1244
1056
314
1315
1891
605
1478
1537
176
102
516
939
263
8
718
185
760
340
1454
1326
241
1042
660
523
158
202
273
317
16
436
1555
82
2
327
654
149
311
8
1110
15
201
7
12
37
1530
102
1338
1466
120
232
1669
1844
13
116
139
22
1299
441
69
67
185
50
669
742
235
294
356
75
942
1317
625
839
1157
778
7
102
932
2
562
462
12
1169
9
246
4
1400
1287
641
148
32
354
31
943
1699
41
426
386
197
99
119
1952
102
512
1384
577
17
661
787
1646
1606
326
220
568
925
137
1202
90
1144
109
521
148
109
18
576
139
165
96
72
1308
382
122
404
70
69
1219
76
639
1365
87
66
2
1113
1896
1240
1923
399
1857
1208
91
567
249
1866
1460
45
32
87
636
1820
151
13
994
190
94
1523
25
1551
1742
15
1016
1137
80
456
29
1375
2
1516
471
1716
509
45
778
535
269
1063
1779
2
1984
68
1593
1165
1024
7
900
1144
402
418
494
456
4
742
954
47
1376
215
1920
137
327
1660
238
133
1710
29
572
31
474
132
668
4
470
1618
406
428
1659
371
754
6
1506
1577
1879
184
976
1371
925
252
183
24
198
2
472
630
416
189
303
893
59
1556
105
306
1738
1742
1129
147
14
1701
1691
865
272
1149
1657
633
772
1876
434
1229
904
1068
327
1045
960
51
509
101
911
400
175
975
136
526
802
1758
5
668
255
428
650
1596
110
1401
50
1450
1118
106
48
1200
660
1508
1612
659
6
1357
580
7
977
418
1065
34
747
22
981
825
345
711
247
1809
404
668
579
978
617
655
217
1448
617
1356
528
169
153
45
1908
3
1695
1064
1378
307
206
646
1
115
203
1205
340
481
1453
77
1299
1464
520
1097
665
565
147
546
84
388
116
537
125
92
792
13
1101
1694
1701
1086
1593
441
1756
36
555
991
218
57
15
763
551
809
269
459
2
1394
626
717
312
554
787
7
222
14
1091
927
844
1147
1347
1810
784
355
279
1585
345
1380
75
368
1456
1763
699
24
8
1381
618
1854
656
1508
1814
563
1309
1502
787
7
264
1488
689
137
1725
958
412
20
17
1728
1867
574
1464
66
440
226
102
15
384
1746
1
1758
8
1282
15
769
13
512
98
416
1883
1555
1547
336
1552
193
60
23
1256
466
925
1208
30
1361
3
54
217
1750
11
130
1120
862
775
289
167
686
289
303
72
1455
237
1636
106
409
413
1438
705
192
217
1131
17
572
473
1761
1255
69
1795
330
1330
135
556
1906
323
484
170
43
1788
57
1091
338
493
1751
726
1050
8
257
147
65
107
43
3
723
410
1084
106
1855
402
157
61
431
1585
91
37
538
550
1254
659
489
703
1512
772
10
1237
750
910
29
899
151
3
551
1394
100
1560
576
1
1445
178
298
1795
144
84
1493
335
1197
772
628
42
1478
534
358
1162
117
48
620
91
1
783
1569
1016
14
4
292
176
1270
392
73
252
224
453
826
1394
2
1754
1795
1615
218
17
69
368
1934
857
1815
296
316
66
1293
2
1
285
102
1379
62
838
597
8
399
1866
1939
194
1520
345
894
461
509
1511
70
805
103
827
124
132
727
430
137
27
1206
26
681
811
418
254
472
513
238
66
687
779
1051
759
444
703
1874
35
280
683
1162
1737
262
1663
947
220
1621
1537
148
1909
1979
1460
172
812
707
1026
279
311
808
1508
1176
1813
1893
300
874
812
47
86
1705
1160
488
385
507
160
55
252
105
1670
1693
20
144
737
907
1953
1864
36
947
49
1317
1310
141
1556
1913
1213
1589
66
133
477
1539
1094
30
1
392
43
8
1234
870
1213
197
81
504
133
196
1575
1246
483
201
686
714
526
8
1198
149
966
757
153
991
1732
1870
671
1180
3
255
954
1167
126
945
374
47
1842
230
95
215
375
89
40
1448
882
258
60
1389
1577
199
388
1483
834
951
2
317
1190
18
1401
1033
193
1361
240
67
116
471
1829
2
1274
511
1258
386
1200
84
109
78
33
1159
41
43
205
624
4
1886
899
581
11
938
6
710
34
108
302
909
317
612
1117
553
379
545
1445
1800
65
46
779
103
207
1223
866
1348
1078
1110
465
215
484
1292
1155
1091
181
291
16
1
534
40
1777
36
84
13
750
128
56
396
569
1996
245
1159
114
876
889
248
40
4
380
1580
1992
228
789
121
363
302
17
1431
613
987
235
39
1571
156
259
67
149
1791
897
804
1388
59
7
157
80
349
569
454
554
841
990
17
496
1514
489
784
425
739
221
1550
387
626
950
6
652
893
247
660
301
321
67
969
107
289
722
5
1174
1842
33
486
10
712
14
550
1829
31
1044
22
54
366
414
582
780
1810
457
687
1109
1839
902
169
97
369
125
258
2
773
1456
1066
267
1175
1100
254
1268
1938
956
1138
512
184
64
249
1626
148
1255
472
5
259
594
119
48
811
207
235
4
1514
394
997
1206
1893
837
1311
142
597
184
655
312
402
443
48
757
942
935
848
1555
369
16
1
1995
128
8
1283
1212
3
36
63
62
979
1961
209
1348
5
1371
1285
189
1562
1789
1424
943
6
89
1331
125
528
837
1210
1289
1046
44
239
789
177
42
600
263
350
8
979
691
20
896
628
945
106
685
408
1022
1169
596
1815
795
11
90
3
103
1356
14
1861
671
877
1
1581
1769
643
1139
1006
404
87
70
1075
99
1996
312
479
1370
924
992
1979
1359
1464
1222
173
929
774
190
536
17
1311
799
432
764
25
1139
22
1663
91
1
1186
891
1168
1208
866
1727
148
488
149
564
157
5
507
845
106
1375
1860
1230
755
333
646
1786
914
755
591
1538
47
259
17
107
536
439
1126
719
641
792
1748
1786
891
1020
49
322
202
1111
44
1235
490
2
1636
846
459
911
330
1964
26
734
34
432
191
6
15
370
59
2
17
189
1373
222
1557
28
1813
1442
71
541
808
1932
1938
513
1435
1638
407
1106
85
464
902
1178
284
88
9
1160
1648
7
314
79
1978
377
1618
707
1367
311
1295
874
1522
4
380
875
44
667
1145
19
1631
203
1247
216
73
861
65
540
132
1507
266
1329
1909
311
1856
552
2
62
608
404
1220
307
750
1281
15
492
194
61
235
422
18
94
1384
383
978
1641
9
565
39
1407
1385
891
162
1189
1541
273
5
1261
797
1481
1298
1
156
96
40
487
2
4
1170
930
129
556
61
1893
1973
1657
451
1982
1193
714
38
431
444
1
589
1547
1806
1427
855
927
709
1640
528
1990
488
688
53
1595
94
1221
272
1247
357
1835
472
555
727
68
68
272
1584
1633
38
1701
1680
1563
726
352
1059
352
1893
619
1865
87
239
1031
145
171
181
1991
169
1952
1873
318
733
1614
523
564
1662
13
1065
1573
518
402
1575
177
90
1151
199
4
1538
755
1910
13
245
781
94
145
437
670
376
773
184
1697
617
150
881
157
1015
143
397
1756
1520
1452
1117
97
1065
785
407
1682
896
354
289
64
7
53
614
1
1569
267
69
997
35
1265
445
107
76
176
510
556
1077
449
473
1054
54
801
39
1021
520
13
1987
7
313
1597
380
1616
320
1036
1268
1378
404
260
47
20
1243
1031
488
542
1945
61
1349
1473
749
1581
1942
1932
3
32
1285
671
1993
717
1023
136
1903
1943
838
31
56
1429
52
1299
1083
1706
834
484
1626
587
543
650
1442
44
64
505
129
1763
4
1199
1311
100
1145
690
1758
177
845
637
667
1445
82
689
277
195
769
549
1688
412
1253
385
44
449
1295
1238
257
1070
221
645
1
739
357
835
649
1350
486
890
148
645
665
17
632
547
22
188
40
646
1243
1174
1937
143
17
598
11
858
277
1409
380
206
887
5
770
613
1367
1664
1396
956
579
978
450
160
52
1736
510
1267
1409
1955
1528
790
375
378
258
1705
1425
1282
187
290
357
519
1825
1
799
80
874
259
1473
1513
1480
1131
148
583
93
1803
196
583
288
1906
784
1374
907
462
831
131
679
17
11
1319
291
1574
1371
1013
7
240
992
685
1003
472
600
420
103
54
401
43
1
8
455
438
956
682
1336
136
485
876
717
627
553
206
21
551
171
5
680
1277
351
411
268
3
1643
263
629
509
713
114
13
640
1955
1
42
582
224
1134
1832
292
1518
951
970
799
37
1421
599
246
529
942
955
841
1607
1561
552
270
195
28
601
525
107
384
21
1400
38
91
459
339
608
1908
1286
3
881
231
122
354
353
5
20
917
1992
9
1585
272
776
339
200
456
824
959
1262
706
81
625
1180
534
5
840
244
1068
32
1804
28
97
642
157
14
617
39
1
92
107
679
1396
3
991
182
1071
42
65
1581
5
724
1161
414
345
11
1072
67
6
522
1479
108
1337
1925
8
1
263
112
1781
1008
18
1090
1372
932
1488
1076
143
848
293
703
280
871
25
1451
208
822
365
242
1084
1214
1087
764
507
472
780
553
624
193
1396
26
628
1742
1228
240
344
1184
142
602
354
1427
342
707
152
306
606
1987
60
930
373
1687
138
430
58
135
578
102
303
601
21
8
9
398
5
4
269
410
378
1332
31
1297
4
1255
365
1131
137
1344
1533
244
29
659
691
6
145
5
1889
1341
124
32
85
1625
1456
265
463
302
353
1265
1730
136
368
346
88
205
81
238
137
390
1732
980
293
764
38
478
1532
1807
294
519
212
1500
589
1932
844
805
16
189
1258
965
64
126
29
1956
370
275
750
1103
27
96
1684
62
858
672
654
1265
1679
552
1615
891
153
121
1523
1576
1652
1501
1984
1
1124
1200
301
130
65
706
315
50
326
119
3
804
364
1465
332
892
1125
1907
453
127
1486
963
1645
788
361
1731
180
1134
410
1328
1827
1209
62
534
78
1173
391
306
793
398
156
32
1652
837
1874
611
1460
17
1318
43
724
905
917
30
222
1653
1406
281
67
5
1245
174
1673
148
51
599
1865
327
1393
388
87
262
36
83
951
1224
24
925
32
1210
440
1094
36
1503
1910
1356
855
849
17
415
289
1568
331
200
1438
1509
707
638
1252
863
351
1142
627
90
411
701
459
107
133
1625
890
1192
53
795
467
22
143
43
882
132
1878
271
256
1681
960
1092
1291
460
383
50
1994
85
317
1888
1387
1434
61
1078
5
1206
34
1978
103
171
299
123
127
190
1603
335
47
658
172
323
110
143
1506
387
864
143
3
145
104
324
35
369
3
837
1963
38
1582
592
302
452
1814
1501
948
392
614
244
1338
1878
42
631
12
854
431
558
785
1938
34
1680
1239
114
43
1184
538
1908
410
553
251
1938
332
237
1605
622
64
157
36
89
4
905
986
1163
609
3
536
45
10
963
363
1058
1670
111
978
1553
139
1640
233
14
1224
863
139
1922
1373
392
903
35
1981
4
23
1906
650
98
1833
1
43
1070
51
720
1662
449
308
1063
7
709
1712
1436
1150
1442
525
807
1191
163
399
1898
561
69
1147
1972
2
586
466
152
1388
546
22
358
1485
425
502
167
1450
931
60
1345
452
896
2
1657
1158
1197
907
742
1369
1385
65
116
1577
22
1519
330
196
1401
61
910
1060
1289
25
969
1018
177
861
847
1856
40
1666
1822
1752
1273
368
1140
396
236
1781
1004
1721
271
821
396
153
1229
788
213
1051
114
90
1654
104
369
258
825
939
835
463
813
515
649
30
1006
2
1409
538
124
406
1833
255
186
760
70
519
44
1700
25
973
658
530
172
1433
1371
732
1502
90
769
182
311
120
1119
410
577
33
608
131
473
1448
1961
1290
83
3
227
4
1595
1035
868
1858
27
628
34
563
1340
831
5
37
767
3
967
1060
1473
876
1065
1654
19
297
1118
20
28
328
582
155
735
918
135
917
186
618
2
252
1481
953
695
980
139
394
1199
51
904
25
650
747
305
140
1242
192
1192
1986
9
207
824
7
431
1617
1375
666
1533
1041
1402
806
1583
21
223
325
78
100
122
1215
564
17
324
25
81
11
608
24
166
936
87
1168
991
2
1226
13
1524
27
150
371
26
1658
433
1115
1269
22
1968
675
100
1119
1215
1356
848
1227
656
994
1773
452
87
476
991
181
975
723
1065
1361
33
1076
355
877
27
530
60
259
136
1078
1503
1
563
95
1583
309
1925
1021
1301
762
1093
1535
1185
954
1756
1356
280
1243
280
1991
988
1872
16
885
1820
406
677
399
29
711
1184
594
1451
15
534
1013
229
40
294
582
159
79
113
800
503
47
1862
275
67
1621
74
36
964
471
293
61
78
508
1395
402
961
132
631
286
335
500
30
838
196
1342
1213
584
1401
1753
558
112
24
685
534
411
80
466
1718
1772
882
279
55
10
782
440
1749
767
1345
1256
27
316
463
812
3
795
1846
294
1026
180
1419
435
1113
47
231
300
1807
281
196
443
248
509
2
1733
1386
1041
1445
869
1931
1107
900
199
17
2
1033
1129
39
1456
1209
1759
11
1118
617
1245
30
299
1513
1875
1674
1779
412
87
1816
1415
424
838
1528
468
728
478
282
145
76
1
26
81
29
28
1526
14
1174
247
226
282
17
609
154
964
422
828
1700
1626
789
1584
256
1252
14
1708
394
218
128
442
67
17
851
28
1594
6
940
1754
201
910
142
30
1010
434
375
49
170
383
293
1484
1
1183
1649
137
360
63
664
632
1068
790
1655
206
141
1291
489
359
44
785
205
272
1109
1482
151
1245
477
1518
1351
119
38
249
215
1885
1300
1871
317
461
3
33
36
1746
261
385
1856
11
962
522
546
1636
1983
149
1285
4
381
74
1555
345
1974
578
356
1049
66
119
557
677
470
938
1429
706
1671
1153
97
997
242
68
332
1347
702
1459
124
1315
1
330
1889
696
757
54
1164
362
976
1114
369
599
108
9
930
653
1286
245
355
1145
370
996
1619
262
484
1815
1083
533
1766
14
473
1958
235
347
128
1247
2
148
897
905
123
1699
90
630
1491
1663
673
1
1550
504
855
863
47
1526
705
247
16
1262
1
1441
405
252
144
727
91
384
21
948
344
396
79
2
29
23
1470
521
15
1305
1703
1655
6
835
780
1088
304
12
253
44
797
1090
79
532
46
249
8
10
53
1469
369
45
140
366
1958
1183
1425
82
14
1724
2
1427
290
608
1512
701
731
1337
25
1183
173
69
813
829
615
51
1847
461
82
406
38
1591
901
1108
313
680
1073
237
95
280
72
411
797
1073
59
1077
1220
28
718
1508
1830
274
222
339
195
222
748
1635
1220
176
990
241
1300
1258
1339
60
465
984
296
1513
1599
43
512
428
778
30
1186
743
1382
727
619
1390
813
986
171
104
173
647
1095
1657
284
1057
33
5
1399
1587
352
9
7
1798
709
53
904
232
229
1202
1905
600
1690
1783
1360
593
618
1248
843
163
1784
448
1559
14
293
49
1769
72
540
12
522
1225
1245
880
697
997
857
411
1431
602
1824
163
1674
1134
1417
1578
1708
233
392
1790
332
458
1731
543
4
427
283
8
27
527
883
219
1503
42
1485
62
1627
1437
286
2
322
707
918
612
403
685
10
438
1724
412
1263
823
864
810
1739
1
180
1223
1420
1733
943
512
112
1722
172
224
58
349
207
527
82
487
126
1769
566
1207
1292
567
95
59
16
562
1939
49
927
1174
483
771
296
1251
386
730
1722
429
1413
790
36
1321
118
1624
48
1075
1497
1881
301
512
1061
1918
16
1616
193
1984
73
1422
1515
282
850
5
1007
411
1015
955
114
1803
1993
1140
1277
321
219
75
215
880
157
547
133
238
202
1404
1919
493
959
200
1108
163
92
1790
326
1027
354
891
449
646
477
274
1053
1727
415
1530
944
2
1986
1305
217
1654
1195
1693
611
305
330
40
228
1110
833
248
1943
217
398
654
88
492
1684
969
834
175
1534
497
11
1317
3
234
1404
1181
1712
54
160
1006
107
889
127
468
670
18
18
1879
1016
10
203
882
23
8
2
6
696
616
171
318
1437
497
262
97
199
987
549
987
21
1333
1958
330
328
580
679
1062
1172
799
270
1004
13
771
1810
1407
853
1504
1284
1814
732
333
300
1642
1390
1262
662
77
39
1026
83
1895
3
255
154
390
299
1884
1478
882
1577
198
933
340
580
407
365
1242
1116
1806
3
1299
89
94
1016
298
697
827
1118
42
259
1690
1725
1702
15
371
706
246
866
1301
820
352
20
531
627
13
122
532
113
1945
842
1623
313
278
193
283
1933
37
534
29
321
42
18
8
479
575
580
43
770
165
166
1681
43
1426
179
905
1874
1899
254
359
1034
273
57
119
1707
1922
1502
1563
1220
1204
364
1919
411
820
22
166
1
770
1260
47
598
1863
1709
37
707
310
877
244
316
279
317
695
762
45
1253
50
1580
744
1918
86
179
1337
675
706
726
461
1601
1854
60
848
120
277
812
44
204
1625
1672
1145
1444
99
2
674
1012
86
200
30
1335
54
136
1175
53
371
28
88
1555
1152
414
1325
394
1594
1432
856
831
1436
696
42
280
1082
690
656
101
1912
1343
61
22
338
1564
1618
91
89
226
64
1358
462
155
122
1410
141
1957
1410
468
10
48
578
576
1323
1081
107
1230
402
851
44
1686
180
1572
998
133
348
252
929
182
1093
3
122
1821
1500
4
50
1109
1687
254
734
1321
67
472
744
1965
1066
992
55
320
174
194
1336
874
176
1307
1033
1051
1888
1059
369
28
716
2
517
444
17
1285
1998
45
872
876
409
24
23
143
112
11
707
152
59
382
1559
712
1291
1365
67
57
1402
1954
38
744
160
133
1023
1767
876
1751
1329
175
264
61
1741
462
1664
1628
1160
1955
7
835
323
5
1584
1204
833
297
91
1604
1208
22
1138
521
1531
1042
86
1264
1144
253
185
1050
487
33
497
4
128
416
1533
942
1003
711
1162
1935
135
808
198
1290
416
306
1048
463
148
837
840
653
835
660
341
161
451
1125
6
50
1396
1719
369
767
100
10
342
1737
764
1405
4
73
199
958
1933
1371
420
1031
199
1770
1423
1677
107
270
1165
821
798
208
1245
1245
1783
151
104
26
849
1778
718
1695
172
1
947
713
1855
293
309
1296
10
1351
162
1169
1645
1674
192
58
327
267
1783
120
1029
396
1168
1950
814
1350
599
333
56
302
1966
2
639
947
1153
10
42
1236
498
1058
78
232
280
970
103
1546
971
1053
1316
1927
1490
398
543
870
50
829
99
1336
864
952
55
117
79
1
432
655
1751
186
134
47
445
1888
529
457
1329
10
1821
695
28
828
143
1843
1092
983
912
591
31
784
188
843
1541
190
799
246
772
1658
213
1067
377
79
66
6
162
1261
268
1446
453
1431
1280
272
111
594
233
3
7
1693
1204
1697
229
834
842
2
1599
620
1740
1542
556
491
1767
36
16
597
738
52
269
1871
392
1140
1485
22
201
1797
82
823
103
459
194
1735
13
89
911
752
105
387
1622
293
898
344
405
1961
435
1719
1183
15
72
125
436
902
1911
114
1497
179
544
429
1256
825
1376
181
190
2
1
1035
1123
142
473
60
11
310
210
1347
848
829
548
207
1
878
71
807
1531
1829
870
7
1442
432
1246
1322
506
1918
373
938
1020
1455
383
508
310
504
937
1788
1123
896
599
276
57
1330
187
66
780
1695
1559
189
1788
1630
253
1567
1959
1486
1164
1115
1441
148
1616
1177
18
773
1739
492
1990
1713
1762
1581
5
634
21
86
645
592
15
437
2
1457
71
1878
1667
1094
195
1395
339
381
575
1955
1347
331
1045
1622
575
1432
13
534
135
79
258
726
312
36
122
1333
1556
398
1160
196
834
98
1914
887
1113
307
594
606
1171
1364
459
1885
136
462
33
170
1408
24
797
1599
142
112
1155
1031
393
1299
1581
601
112
1368
35
1984
1602
425
498
502
193
1301
1812
95
935
7
49
1507
376
740
286
1896
1145
1826
313
1265
1146
335
166
1
568
1711
70
1380
192
1753
50
122
1237
190
1421
169
154
432
154
174
1117
270
1348
82
334
696
52
1546
195
1
6
1195
59
683
4
79
1959
111
1442
1808
860
1017
959
245
73
13
1289
1895
1871
1265
44
48
284
1596
103
315
77
121
22
1256
1327
456
1147
308
937
251
1051
1580
8
641
25
455
774
111
354
9
1235
1877
941
1131
1886
552
1762
297
1529
338
617
829
1477
290
664
1365
5
184
1874
728
170
1533
249
1671
57
22
2
200
911
180
1699
1483
1681
551
10
426
155
522
50
293
178
542
277
867
1091
1298
65
425
1353
47
168
196
1007
786
477
979
37
132
1525
1346
1199
592
1588
100
122
516
270
4
1133
26
414
17
322
716
1110
132
1489
1183
50
1308
107
172
1193
1229
381
1284
1049
1998
962
1092
271
221
194
1631
70
719
21
1422
1135
1324
131
30
249
769
152
26
431
199
3
1877
501
1026
1724
165
65
611
1529
1236
1002
787
1256
749
828
181
1059
3
379
1008
1979
1340
1235
9
8
294
598
1019
830
305
68
212
1727
250
690
1613
1002
241
1156
225
664
1062
500
1896
90
497
336
773
649
253
1378
1453
893
161
1486
964
631
986
1
1679
14
1712
882
9
1913
848
1300
1260
189
1301
1482
28
864
1257
302
355
435
934
913
1853
1519
765
350
729
1853
281
310
740
1011
126
1178
5
9
1327
822
12
289
1076
1698
282
321
442
394
853
1412
175
1545
1129
8
920
180
20
272
86
22
724
82
206
51
137
813
571
282
666
1530
283
756
1166
288
204
640
1440
197
741
714
1060
1115
1432
1734
400
149
1
847
217
20
798
85
65
96
1809
1039
1503
380
1561
1417
319
852
53
182
1693
345
1711
431
1173
113
40
476
704
8
61
2
655
997
661
1562
1129
1840
1106
507
741
375
626
1936
1405
346
102
20
1491
35
409
23
113
654
22
35
1255
471
1059
1546
438
541
910
75
1201
1504
63
766
1
541
1095
131
613
32
647
62
1020
366
13
370
980
325
1652
323
163
74
998
346
526
581
183
373
98
507
110
963
17
462
696
271
970
642
205
48
776
987
15
1871
969
796
421
96
477
60
524
1898
40
1859
1787
644
1976
736
1373
2
1230
1476
68
228
491
278
13
309
1176
1218
615
1537
92
1022
1985
90
309
1289
88
1548
1466
198
296
190
1512
231
704
106
56
1218
122
1059
1984
1141
638
1
911
1911
1333
465
410
30
29
159
889
144
82
1462
1493
670
17
522
82
140
538
8
2
1933
49
187
24
1807
1391
713
396
254
1933
105
1064
910
289
780
1756
1952
73
1536
1709
377
505
1090
767
418
935
1701
713
1751
1344
368
1052
442
316
1375
865
1486
28
499
37
288
1483
135
18
481
62
13
110
1268
3
65
469
657
934
1349
355
10
1060
81
1334
119
68
1336
26
571
1125
1438
68
111
5
1027
1095
898
116
394
21
443
206
1094
175
401
17
1428
50
1299
620
581
136
79
1440
6
271
1798
150
1629
760
62
1311
860
1725
826
869
448
148
219
374
90
56
397
388
51
1
1644
1665
184
1446
401
5
17
1494
133
1143
567
12
380
1152
608
1362
1957
75
152
467
4
104
757
526
547
1564
903
540
767
403
286
18
296
1019
133
389
1517
1452
55
1047
1160
1991
412
1
1748
11
10
13
1878
158
1077
1155
1919
1150
3
2
737
1950
1151
827
720
146
926
75
27
4
1380
1545
980
318
4
43
148
1859
1956
618
83
69
49
1655
898
4
83
1325
240
431
895
32
511
1327
505
793
431
1693
18
1051
112
351
324
1652
763
198
1033
1851
484
547
1237
1954
133
1902
68
452
14
483
221
64
279
4
1847
75
116
1067
1191
1883
1649
125
1072
289
1436
2
386
158
6
249
1
402
1066
1897
637
1308
871
1542
65
285
227
5
251
333
15
824
21
583
358
1793
1099
379
203
31
488
416
145
773
713
454
82
42
1480
262
818
1287
1417
2
1574
993
1285
34
1311
18
1529
607
1265
1337
1863
1504
1066
203
24
1341
2
527
183
508
1515
178
129
1508
1092
642
44
391
982
455
172
1292
355
1879
1412
481
14
1532
250
443
54
763
1227
745
42
471
339
2
51
762
808
195
6
36
1
1716
1821
607
6
61
6
274
204
240
379
1834
962
121
698
1487
943
831
1401
41
7
269
1759
1964
1267
244
3
1149
1660
1826
731
844
1747
31
1237
2
486
8
1933
117
1747
47
1506
3
1761
383
1059
625
999
1382
12
51
737
1196
1380
1771
76
436
1241
1629
956
1981
1082
6
113
1315
1839
457
28
1220
276
573
66
11
985
336
368
440
154
299
31
530
191
410
747
1569
12
1489
206
1017
792
700
24
29
1310
1664
1029
934
816
389
767
114
1050
101
1110
129
1536
460
1617
354
298
14
1982
527
814
162
982
333
201
659
442
211
6
303
312
60
803
320
2
363
78
275
1582
689
373
888
1070
1207
366
754
1359
1536
173
1105
81
732
45
5
133
931
863
35
958
562
661
696
194
776
235
1726
1731
1981
590
801
4
1575
1950
1630
289
766
534
1153
1118
749
21
145
559
1795
18
15
1966
252
422
1
1367
119
226
271
49
5
1606
958
1676
22
652
707
261
974
423
141
178
18
793
8
1028
8
834
32
17
1256
647
1772
48
828
1736
1738
1
952
117
47
589
1227
316
1160
1893
351
153
202
9
1943
3
354
761
743
769
178
36
1756
5
22
260
1290
1650
4
767
3
204
407
199
132
22
1427
169
193
1920
742
30
698
1252
56
248
498
1299
337
479
5
492
1494
517
827
11
77
572
974
420
524
31
680
944
62
83
252
28
227
273
1264
97
2
2
686
888
127
24
855
1220
928
206
648
1057
108
97
45
868
977
684
887
1130
1286
1296
1446
1218
82
1424
388
927
1383
1172
965
1063
1637
1794
1042
246
80
78
90
3
372
423
1267
37
563
664
458
267
151
13
41
1181
1275
485
1932
1015
46
183
422
1239
22
1119
647
9
510
415
1675
1057
27
433
192
66
1209
866
12
793
151
1370
144
28
670
739
160
250
51
1449
147
684
20
783
421
916
101
700
1637
1408
873
796
1165
1385
1542
3
969
1395
408
1596
638
1591
112
1026
664
6
959
46
254
11
126
15
1
920
1890
771
1333
1217
1134
363
449
841
697
1374
1806
263
14
707
666
12
479
592
473
4
302
1149
1126
526
1371
734
10
139
1488
358
1717
1411
268
1178
34
1114
3
711
597
1819
1258
1723
191
908
99
818
34
1157
254
1774
1194
223
1038
150
12
17
1135
10
103
22
324
123
1499
296
114
315
907
19
375
1112
1605
1087
812
1785
1705
179
716
258
1285
160
13
1071
913
1794
3
1920
486
832
563
86
1251
128
1242
377
1716
1132
28
198
59
15
1553
705
1063
563
985
1348
1167
1173
10
473
1130
1106
420
111
1558
279
75
1671
516
19
46
319
1595
435
397
182
1010
122
752
1778
1247
1
267
122
735
878
896
1271
9
85
1935
84
220
93
414
79
1054
131
75
528
640
351
22
243
1328
94
477
1602
19
52
1989
1432
524
1872
150
1
710
1510
1408
1443
280
1272
166
60
145
268
183
698
2
1792
1057
156
267
2
818
1
508
1574
764
146
1219
144
286
1788
414
1366
1886
1359
199
541
345
10
1232
794
1366
1138
438
162
651
511
1108
386
723
260
1457
147
781
337
8
9
628
609
92
45
1913
1597
579
1424
1089
1194
687
1056
869
976
54
453
178
172
1080
291
48
49
1751
3
1241
670
158
1
920
48
1441
982
562
1154
475
688
494
37
1497
28
1293
910
494
661
88
1847
893
25
47
1559
1
10
760
998
1709
269
257
1377
125
226
79
71
452
77
479
54
1640
1534
334
947
1247
1214
1654
1816
142
49
171
1617
39
1039
1
5
163
644
958
813
1652
564
387
1134
1464
1307
674
997
1319
439
122
1872
1863
1253
139
437
1633
1905
1062
1194
1230
414
1462
27
135
1650
601
1635
621
1819
139
997
46
1097
8
30
34
573
990
261
553
576
188
1814
22
888
349
14
1321
52
457
85
1436
41
218
1110
1885
1223
1801
436
27
1327
1249
254
118
174
1608
1781
222
602
836
1151
1942
548
43
50
92
1494
175
97
6
56
1938
155
27
1303
1626
685
594
2
565
22
383
1041
422
1125
88
400
317
31
881
74
1915
14
130
100
1038
1852
292
14
923
29
92
16
838
155
1872
1182
514
237
285
692
137
74
695
1506
1226
203
213
99
369
991
1645
669
1950
141
844
428
1264
106
280
10
1194
1926
128
983
314
1632
402
168
1249
295
25
656
1388
304
1359
125
1833
1579
1652
1351
1954
801
4
433
16
1335
74
323
1417
1546
1491
1740
715
425
1821
9
35
1357
406
79
788
933
3
63
500
392
1317
327
28
12
1451
111
1761
422
74
8
1805
373
500
322
68
358
830
726
454
41
543
1579
957
1732
1956
228
86
1445
254
3
1906
890
74
1623
1644
2
1597
965
185
1952
577
984
32
725
1108
1569
347
72
116
1602
84
54
65
89
13
33
181
373
4
12
23
1152
1065
487
403
367
313
481
4
683
137
130
112
1016
77
124
1028
1362
1127
1585
42
240
1755
398
638
177
89
296
5
82
364
5
244
373
92
146
321
134
1576
1937
643
991
1396
1409
261
389
514
1245
324
282
6
24
1306
1069
476
590
10
611
1785
1243
1834
783
600
1589
1738
107
19
1696
1093
1
980
235
441
370
633
126
5
1578
954
843
844
1636
723
93
1293
15
163
1521
199
236
417
564
1246
746
904
192
33
264
153
11
1056
26
770
689
816
1273
1920
21
992
217
1812
255
723
664
434
1243
4
199
1568
2
153
1449
1
768
1141
3
71
867
170
1128
507
574
1285
2
884
2
129
246
164
194
243
72
492
1860
48
195
337
292
1490
1299
687
354
870
425
100
1708
129
1670
78
9
44
1808
275
1715
220
389
337
1052
15
56
1540
1082
11
73
10
631
917
632
44
2
265
26
70
1847
22
4
7
1220
1000
338
339
240
13
182
1773
5
352
1079
532
781
329
52
810
26
242
679
457
1395
819
1660
1124
1637
6
98
961
13
598
16
1378
1579
1528
1871
472
47
96
726
627
936
24
157
1945
1643
855
391
105
1881
1475
1
656
20
1193
4
448
73
278
743
213
158
363
190
1898
1990
1674
244
1572
1205
407
80
1977
1
358
1286
1278
1518
1524
1466
558
271
123
392
1654
1526
576
732
5
61
1718
77
74
493
355
86
84
1423
216
1865
1053
11
1080
68
95
349
518
485
655
918
1109
419
322
422
310
50
3
1949
10
1230
802
428
284
1396
1006
164
1157
1071
502
106
743
322
69
728
819
199
888
251
1905
250
773
1033
1334
3
1584
1488
1191
37
985
61
1304
178
25
340
1807
738
79
1347
275
875
133
846
86
477
446
106
54
370
32
81
521
485
1943
291
825
4
301
494
109
947
156
22
439
104
1027
457
641
610
930
430
38
808
1873
1022
319
208
1024
970
1145
124
803
1267
515
1778
1227
617
25
1965
75
349
1625
1451
214
1439
190
360
530
27
1710
1770
321
781
1413
967
1394
1969
67
1066
1278
892
1808
55
887
900
55
27
52
279
1811
154
940
396
18
694
255
107
30
662
294
132
1
218
432
1096
182
1512
785
72
156
564
583
1057
59
1
13
1393
19
994
122
128
1295
911
46
1686
809
1122
1000
89
231
234
452
57
1887
58
1741
213
879
739
16
17
378
1
1378
123
187
1326
1261
309
123
343
997
1806
652
1618
431
240
48
689
308
2
1843
1667
788
559
1
433
499
197
511
14
580
1308
492
126
1133
493
658
85
1843
807
361
1481
198
1782
138
52
322
1848
972
102
5
1750
134
841
1295
1548
473
1510
1228
1
1043
1518
1356
879
422
47
1
1137
114
2
657
67
929
73
101
312
469
1548
1358
1379
293
174
23
34
923
768
371
759
970
803
986
25
178
1464
10
159
2
546
276
456
229
203
29
694
143
300
603
106
819
1116
25
121
386
751
1015
35
49
351
510
919
867
1755
169
1939
1074
154
540
171
457
153
611
3
440
57
544
1408
443
422
707
104
688
731
1763
589
178
915
962
1100
387
1161
119
118
5
132
21
1212
1741
1482
667
735
7
1768
341
1479
82
1554
1080
1814
1007
1023
16
1585
113
1798
1110
1736
1649
164
255
119
218
368
195
64
262
50
993
109
797
13
339
92
594
28
1833
105
103
875
9
860
1098
36
1210
1488
970
79
110
1186
322
183
1418
410
1033
913
937
244
1725
141
1361
553
117
183
675
1618
96
567
90
673
972
1564
13
165
1229
1801
1973
1854
33
1394
46
1228
474
1006
10
121
600
358
13
1419
916
938
1123
1614
1018
295
818
1286
1031
165
919
941
1609
389
1156
11
937
1344
297
585
33
796
1583
546
168
155
556
24
9
485
1365
6
120
67
178
1090
842
670
872
457
877
1904
1046
805
1110
3
934
1262
230
158
1434
334
400
570
132
30
434
667
1646
44
76
30
1831
177
912
1677
833
168
18
1512
42
780
331
1146
279
83
568
4
1275
11
463
1224
1567
562
965
214
159
291
259
1649
454
43
613
688
750
704
1532
800
455
460
1898
1013
18
12
1755
454
545
2
68
1100
292
191
281
242
1453
819
73
84
8
127
647
43
1980
1624
41
54
173
341
1359
1268
727
60
1485
1256
474
31
1487
347
341
373
763
1659
222
15
228
170
52
100
1553
1834
1702
1351
1128
22
953
141
750
599
346
395
19
396
927
144
961
3
1731
20
732
26
1392
429
1794
863
258
204
141
51
538
1513
175
13
27
1008
10
783
176
1336
344
7
402
22
869
482
874
962
1924
10
899
1604
1724
159
1977
56
1082
880
725
354
1058
31
302
26
321
1651
666
398
392
161
1368
738
366
401
270
359
480
1
419
904
525
11
1907
6
198
50
99
1524
338
624
1193
300
1450
8
28
224
731
197
1375
396
1068
926
1444
7
1046
571
93
1409
142
5
10
50
1
183
233
1061
1180
82
1345
189
367
516
17
1354
1212
577
1237
88
1408
1078
12
291
136
1672
245
84
1010
590
1910
1398
891
568
1
687
778
1015
869
1717
281
1069
420
1687
19
370
248
591
3
25
267
937
191
847
216
12
923
43
1530
1072
384
1681
10
1923
852
77
741
1042
1517
668
323
927
21
2
540
230
1864
366
85
631
109
1831
1319
333
1917
94
1613
74
58
1142
507
14
11
1788
954
293
1049
133
1456
868
8
86
959
258
1472
31
72
998
608
1056
330
547
99
1302
2
826
399
370
84
1916
1778
1971
111
1124
80
1781
633
1415
439
27
33
703
19
1733
291
1310
321
1212
1725
387
957
1509
296
1269
12
5
23
1198
1944
886
89
1768
1454
247
347
193
2
5
1400
475
6
1127
3
1263
597
1617
48
343
458
1404
782
446
971
1529
979
2
593
127
728
1305
423
304
296
1520
191
1557
308
87
401
1243
279
915
696
1180
153
1383
513
100
52
813
278
1152
696
32
1635
39
216
51
1610
590
16
379
501
8
112
1305
1208
171
1175
5
1192
599
1763
172
276
845
1942
53
416
1564
352
1137
97
1266
1103
26
29
1263
124
461
27
1052
246
1317
862
225
1550
1875
20
373
153
218
627
6
788
428
719
165
694
219
1141
1855
386
705
28
1879
235
251
212
224
1529
1459
478
1155
274
1755
1353
265
556
955
972
444
851
1608
1498
44
345
239
921
1053
100
258
1804
1546
1622
494
938
1
4
1914
54
1279
1103
1809
834
18
1748
1287
575
474
27
695
68
108
902
1908
92
304
1541
546
509
145
1290
27
1959
1268
246
1188
203
29
260
1884
94
966
6
3
1489
1071
206
1287
1266
539
33
834
52
15
47
379
1882
575
58
1925
17
1201
530
1
1544
1460
1697
242
219
1476
637
72
1042
285
1004
239
529
299
248
476
1382
120
241
1094
387
15
1300
1443
5
25
1326
300
853
137
51
1724
89
1972
298
125
200
42
1823
32
534
441
915
1169
88
2
944
691
1753
174
1536
41
1750
89
252
130
753
1368
10
1343
1673
396
37
432
12
17
1170
806
822
438
363
19
345
1438
1609
310
585
234
163
371
481
554
194
260
524
1448
527
957
24
1971
1360
280
87
253
1321
1046
1753
50
330
887
1869
297
1796
1850
203
105
99
761
1337
43
1657
1667
751
1990
1263
27
419
39
1927
1564
269
181
601
651
1443
1456
39
1217
1150
550
1894
567
1773
74
1768
53
543
20
162
984
441
201
556
47
170
32
985
1550
503
89
485
428
41
977
1428
1604
1517
578
92
1527
91
702
640
1737
1340
42
555
238
1327
713
748
304
196
1258
1953
1638
1521
16
1309
10
1653
526
764
115
183
397
175
18
913
185
1167
431
168
34
35
153
984
1742
281
838
34
387
1427
39
1019
736
492
405
547
71
547
453
352
30
32
401
1281
182
1949
530
597
1502
779
848
114
467
312
125
1032
1472
297
1163
14
2
1988
1961
774
906
1623
299
278
446
951
59
780
1077
1709
730
820
392
31
56
738
572
1690
302
411
272
108
1076
72
3
937
412
279
29
2000
287
274
7
1054
58
356
200
241
37
42
98
1562
29
31
1143
1895
1246
150
132
59
1415
1531
642
397
104
20
8
130
1047
10
489
237
236
1712
1336
872
337
751
1960
86
54
1199
1498
463
1
1223
755
206
1371
1093
1519
520
7
1028
16
571
589
25
2
7
472
457
18
1719
976
639
822
334
1
1638
2
1621
627
8
24
1766
581
864
464
1235
71
358
123
1336
1113
151
943
410
1151
888
1376
2
1266
1768
9
1188
1921
1033
9
719
836
30
28
822
1191
1336
490
57
1290
7
750
668
281
341
133
1071
1672
1554
900
457
376
139
104
3
793
17
1657
672
348
162
1164
3
1976
871
64
1580
1653
33
657
777
404
1756
1538
652
168
115
349
1813
244
616
629
1605
845
192
1685
2
1179
11
216
976
271
161
266
8
362
1922
43
151
1711
213
1702
931
1525
189
1951
24
1053
786
1098
1654
274
1720
1785
751
1328
742
11
47
1071
1745
215
287
544
233
1499
967
316
232
1326
1197
469
6
34
398
872
13
1955
857
229
939
1224
226
1696
1921
1014
82
838
444
1158
213
531
82
1409
186
375
69
412
1541
701
377
576
510
2
162
1449
947
1966
931
1806
1476
127
988
5
530
1257
1100
222
1196
478
66
161
98
1420
692
1112
609
1578
11
690
1780
50
1649
144
1355
336
11
87
150
378
95
64
26
975
520
1367
1104
785
619
23
558
30
589
1296
796
181
5
1836
755
96
733
1309
53
1244
183
232
252
246
1921
1036
604
774
93
1765
35
12
119
979
1110
947
1410
551
1899
1338
3
1325
292
665
17
10
611
371
1128
414
244
781
157
380
47
138
1705
747
796
90
755
204
1939
104
1245
1709
37
1949
51
983
275
750
666
1190
698
625
834
62
625
66
785
1526
967
478
27
80
1040
89
142
895
158
52
938
43
149
333
1215
10
99
192
155
781
1478
787
9
1376
66
147
1548
1108
315
928
1280
1061
658
1718
1856
498
877
38
1383
26
234
560
76
109
2
1
1059
904
168
922
625
299
417
1640
231
470
667
971
2
780
109
35
10
567
1883
799
779
27
2
1078
1286
1928
797
227
31
143
177
111
1238
700
24
62
824
19
514
1032
1243
97
582
11
415
453
1927
946
433
1610
1470
204
612
6
1408
315
13
1005
942
175
345
819
1115
168
1656
1694
1454
11
1095
755
1292
173
1444
319
1
235
1098
1483
1427
83
1
367
53
1188
564
44
23
308
32
484
432
301
1741
652
797
1106
193
43
1506
504
1705
26
445
8
722
403
118
286
579
216
82
421
1211
106
1146
1
1646
440
523
108
1799
1672
513
979
715
1987
161
555
5
178
768
95
23
788
127
783
58
376
106
54
63
1931
7
624
40
56
276
1780
256
1181
1596
1
1937
938
1128
307
316
823
1582
193
13
553
922
923
1709
364
1772
111
92
1257
97
4
766
926
368
1825
26
23
27
439
1174
1078
506
11
1626
208
510
1367
414
828
1312
18
105
105
410
180
338
569
365
294
2
441
1483
1210
1539
9
1064
311
339
635
379
32
875
555
51
933
1787
1819
1202
1004
1665
1242
1005
232
29
80
1226
918
13
480
984
389
1334
1123
695
955
666
85
182
857
189
1273
218
857
167
115
1254
1399
20
592
5
1824
22
415
1812
1
625
30
215
54
718
397
85
191
3
579
1323
186
592
23
841
208
929
1318
1237
975
721
4
52
768
888
1771
992
292
181
278
435
1814
10
1482
33
265
1802
1335
650
745
1776
1405
676
354
1196
2
1629
790
344
970
124
899
701
152
612
136
659
426
1210
10
2
1008
1097
26
126
1772
427
587
476
52
241
411
626
86
411
11
1498
806
260
1427
262
333
1743
1563
1134
376
1826
156
789
45
520
124
1950
195
741
3
676
279
569
1899
601
203
126
408
1614
377
573
24
1584
549
151
1499
470
159
1292
318
123
1757
1157
979
506
39
40
79
1697
78
134
37
1
1516
444
713
709
689
1
309
1084
229
1446
957
93
313
796
973
918
1025
1172
807
18
1136
59
948
317
204
420
101
416
249
1
486
115
716
1212
471
1974
89
1158
444
32
540
1499
1762
274
285
658
1914
124
1774
1020
96
151
679
2
715
398
17
134
829
48
408
546
625
1081
12
68
22
87
352
860
32
911
672
1586
249
856
686
4
768
494
639
22
29
223
623
54
1551
271
567
1053
1422
600
5
840
48
1835
72
1489
46
20
391
520
950
233
1774
559
168
743
4
801
698
868
1069
328
569
1230
467
122
1120
69
1
27
1211
302
651
73
10
29
766
136
311
101
2
971
184
162
1148
644
269
163
3
39
467
23
788
1922
5
708
1544
1956
1391
993
547
163
1347
1157
3
1789
501
292
1340
279
579
7
192
861
863
39
5
35
675
152
1509
189
224
1354
1618
258
1234
312
1117
988
1289
1741
1084
546
838
725
619
199
50
1980
1593
128
557
482
1503
40
422
155
221
630
223
101
42
1591
1726
1121
24
20
180
125
1783
1328
1795
1820
333
1
1344
53
359
247
464
346
481
201
36
302
510
260
776
216
1291
1614
513
800
577
1415
975
752
1347
26
1
1094
1150
312
1015
827
1618
23
1746
60
206
1895
11
218
720
225
350
343
1879
230
984
867
57
433
207
23
945
1151
16
1099
85
802
298
1583
107
90
1673
1920
1042
330
1514
251
4
195
734
1603
1875
457
1610
1720
443
203
220
487
938
294
7
1355
196
1276
16
8
906
1524
508
829
226
51
636
204
1123
911
625
1535
885
27
642
861
39
498
304
159
671
175
1839
1539
371
924
660
14
1152
161
61
155
52
827
451
2
913
463
57
120
1364
108
94
413
1934
71
791
1666
1164
254
1521
1559
850
1571
1602
13
540
926
815
1732
1726
536
839
1951
426
9
516
52
815
293
1257
1359
238
1421
529
926
183
99
43
130
1771
416
7
1179
11
1145
245
1834
481
1027
1271
333
218
744
691
34
1231
163
438
1806
77
1333
1239
2
246
80
1673
59
204
931
17
519
211
7
1418
65
333
1358
1628
546
71
651
879
25
217
1707
240
116
1920
32
772
5
105
22
1226
102
6
231
160
708
1041
745
1543
1506
11
106
1983
572
1160
846
1736
408
780
2
2
1843
772
1549
462
67
41
860
1805
1370
1618
1645
940
521
1842
174
360
919
21
1197
57
1026
1965
1864
251
30
1881
1
1384
52
705
1059
1056
453
1236
1249
120
1943
10
12
1320
1225
1026
15
558
190
259
141
1273
277
651
277
1081
481
837
514
1522
1259
2
55
18
3
22
19
30
1004
244
178
1538
1126
85
9
1424
1974
285
1253
1425
1907
84
282
20
475
1
182
103
1468
1165
288
10
1246
1024
1360
386
1724
98
868
6
757
626
8
65
860
1801
2
92
1338
1161
1121
242
7
102
32
879
115
967
1147
1492
568
804
163
12
593
1707
112
615
49
726
1150
121
238
1184
16
105
678
5
214
75
876
128
62
332
477
140
519
1958
75
470
209
1
1626
22
1011
1056
1628
442
916
134
1019
392
1643
1496
5
31
343
1141
251
793
109
751
161
471
850
390
943
1651
341
25
333
1035
2
7
203
853
24
1076
247
4
244
582
23
28
1774
121
170
297
1027
287
360
420
1396
535
114
1968
326
22
1256
142
1161
1444
921
1768
14
9
1626
1961
1814
1033
1240
265
648
1000
345
363
94
1607
6
14
1459
764
763
354
239
1177
1520
349
702
1895
117
904
1971
689
179
1121
705
337
1456
118
1373
126
116
1701
354
9
1698
905
62
4
329
417
275
128
169
17
1632
489
575
1092
2
974
230
1052
1816
730
5
166
1894
1324
92
579
181
1379
1124
386
442
726
1083
57
362
505
474
495
806
790
788
67
860
43
1292
436
323
1014
1959
137
479
964
991
2
74
1831
53
1457
1401
1301
661
612
143
1280
927
158
52
1505
1500
1161
467
1253
25
59
9
98
636
136
1654
280
259
1119
979
577
503
1034
1849
136
25
532
838
1549
410
629
1119
1916
924
109
1739
1416
817
122
1147
132
748
1584
670
1560
4
503
150
165
494
308
720
122
236
730
890
937
953
253
369
495
1317
291
1414
776
1384
1760
71
1398
402
1765
215
43
152
119
1950
27
473
1187
325
649
1997
1236
1495
1752
504
478
521
1188
1565
1647
672
1246
660
1330
1125
1284
130
1714
1048
149
846
1210
513
1235
262
419
44
440
845
1354
787
569
107
242
239
1451
1249
132
438
185
1536
16
812
361
284
1182
23
629
1141
591
971
198
481
1946
288
1656
1293
1955
517
1961
139
725
921
416
3
159
141
1560
224
111
953
245
1126
1094
86
1528
479
584
876
1448
1074
390
1559
1789
281
1369
1072
1297
3
1570
1548
1770
124
1534
466
47
23
315
1047
370
1428
408
736
51
1249
1054
42
121
1062
15
1
1649
116
18
1499
23
252
7
454
1985
1328
32
1284
1338
597
301
692
61
682
1595
30
587
1128
1385
878
1435
1446
1985
21
815
316
77
435
1193
221
614
93
423
6
1698
31
104
28
106
1088
1910
680
6
31
139
1521
22
597
747
66
149
1332
6
1517
488
961
86
1271
852
864
348
199
707
1234
197
37
1
45
228
738
889
1123
941
9
495
30
1425
938
8
62
24
1080
1695
213
1981
518
1906
565
408
1425
1020
681
183
300
15
1411
1255
197
1167
13
1948
124
3
1039
1638
1732
72
55
326
122
1183
747
106
244
944
1364
69
1051
136
1988
1064
1080
1600
479
218
127
640
131
180
122
16
12
1747
324
1491
140
1872
161
16
524
154
1901
1480
1400
16
263
136
1986
92
1283
1549
570
849
94
1237
821
359
515
952
304
1634
176
355
1622
132
153
1682
34
514
146
1373
1274
239
70
417
962
1966
142
448
269
1033
23
1044
24
349
944
565
364
79
211
238
602
636
239
80
123
53
50
638
424
1773
885
329
531
1448
235
894
882
798
914
1923
1496
93
709
397
1686
875
1069
1063
38
1294
62
728
572
431
1674
1545
1997
1
143
148
312
288
890
1697
1807
628
281
1381
912
481
640
706
1754
129
388
36
834
426
3
637
525
31
731
857
311
69
1214
343
18
89
1643
1221
230
1608
25
1385
2
416
135
284
107
636
878
1
19
6
1052
1688
226
963
163
137
1622
442
283
214
920
80
323
735
202
40
890
1703
1621
180
22
1768
1281
3
1696
141
826
1559
14
100
808
1091
598
871
144
7
941
82
990
249
1977
1326
357
533
1841
164
268
17
1221
1442
541
1315
1661
637
1499
15
534
1225
825
163
29
108
1941
1
443
800
800
435
11
491
437
31
860
1243
646
966
796
76
64
32
1648
1910
1376
874
51
1191
266
372
98
44
226
899
1574
511
415
27
182
763
148
1491
269
141
1361
1403
121
7
1546
50
132
25
6
7
256
1803
1
1202
1138
266
142
300
1985
1931
506
1992
190
1094
48
20
900
97
303
143
808
52
1391
27
664
442
673
118
1117
111
894
278
1705
253
1920
1798
6
382
1104
298
789
6
546
1407
1489
750
256
913
49
450
331
61
521
283
984
1030
41
432
1545
1750
1085
54
424
190
736
598
164
1085
12
1780
510
90
395
1652
6
316
346
1619
924
3
1161
1019
851
732
560
1819
1152
176
845
1976
8
5
297
824
2
1405
1318
283
76
1796
46
1439
1591
356
1493
213
569
1490
43
45
322
584
170
1495
220
1973
498
1311
248
75
247
42
1690
1005
108
54
1535
534
1620
1
1448
370
1765
3
5
1451
551
1085
836
85
1591
1228
193
781
91
1106
32
709
127
214
1206
1484
1212
1700
429
14
237
89
1151
35
497
3
253
49
92
437
525
331
953
1770
6
1813
998
1307
32
919
161
221
26
280
913
109
1483
30
1193
1203
757
186
1773
113
1683
400
8
1726
417
448
18
6
1427
1209
188
719
207
68
215
36
1281
14
65
225
473
358
478
158
345
218
629
59
352
59
270
3
306
448
935
1180
408
119
1501
1233
213
228
1350
1521
3
929
1926
79
817
119
654
81
187
116
952
531
955
21
438
139
890
935
303
981
1784
1231
108
1124
906
18
9
2
1509
697
25
120
19
526
1810
34
1194
1667
58
45
3
296
1780
119
649
1108
1632
98
1946
111
246
534
1547
237
1802
38
911
1788
1028
1710
1394
1102
67
258
1764
456
845
25
1240
403
370
1027
511
23
543
921
168
792
215
63
136
337
20
1029
482
669
151
78
1694
1235
36
1887
509
126
226
1994
13
1568
550
34
1
529
1144
494
46
1713
487
1648
1631
1942
1530
1836
212
1203
121
287
43
1387
1294
384
389
59
1897
1222
103
43
1584
988
579
595
40
2
425
516
91
269
1412
10
1688
590
475
958
114
88
1509
969
434
65
612
241
271
1475
695
1528
1092
1929
559
490
346
499
837
1289
1875
33
1329
243
323
1791
47
718
665
861
554
426
19
492
299
109
1382
230
633
3
383
1631
1175
1708
1745
772
1535
1371
822
1578
127
146
87
23
406
1010
1070
841
559
1226
1075
997
434
126
790
64
1091
3
1535
965
1374
1584
447
248
184
455
46
503
867
1381
3
882
1576
797
510
85
16
1654
3
1229
995
276
1431
295
1258
1877
1466
168
674
803
1950
1902
218
857
65
333
528
70
43
538
4
811
169
188
249
1470
1541
27
556
364
861
36
869
911
114
522
143
849
979
1314
1271
1276
37
166
226
3
1124
80
263
653
923
28
949
347
146
1023
56
302
627
188
143
507
623
156
1716
1449
768
377
959
16
420
1961
487
238
1436
43
1515
689
916
23
57
90
848
1017
1124
1183
25
1993
445
1476
417
725
5
1257
533
4
1527
1870
167
91
1990
1002
80
1368
667
37
139
1868
1089
354
65
7
193
187
1829
42
587
1924
53
30
1133
1566
956
33
1555
53
37
268
520
73
365
676
48
1
135
370
1925
8
211
1650
862
383
289
1447
451
50
1702
1486
99
1577
1042
521
345
149
343
389
1759
525
11
39
1001
161
24
296
654
169
330
822
1465
697
24
1
1987
1952
80
686
122
696
1241
1697
3
1281
1262
126
1487
788
490
998
427
182
31
596
556
26
217
47
1878
1153
384
371
223
739
1563
125
247
1818
271
2
17
958
22
38
608
163
1
1870
1846
1
1461
1029
5
1394
147
82
965
44
1241
740
1762
1598
1
150
40
672
1043
851
20
865
1174
123
15
627
54
66
23
1667
945
328
46
1642
692
1073
286
953
1331
921
188
57
1311
353
141
230
155
94
1702
139
831
65
311
157
2
1447
1889
832
533
623
885
72
1383
1220
705
1272
256
57
76
1688
1
1972
16
1095
120
463
463
127
115
1325
368
714
983
1123
850
160
161
1039
855
137
1808
1554
81
1843
1854
49
1199
699
970
1128
269
1407
487
54
1774
1633
1874
981
1995
1973
1264
1373
759
466
5
368
122
74
713
676
32
63
4
1486
1317
58
943
1056
149
47
94
1045
284
646
496
673
1789
827
77
1049
7
601
1108
429
541
10
125
612
1054
157
1142
135
1803
1138
650
1446
229
155
5
833
27
318
22
316
481
966
28
171
1028
76
20
519
221
1975
544
1375
1775
1074
14
1095
625
507
371
735
191
1464
350
384
809
163
1219
35
1019
1477
852
148
1449
160
1306
127
396
297
4
942
1241
50
1333
176
207
7
395
710
38
157
1075
9
1316
62
1365
99
156
131
549
853
758
264
1172
1279
1376
55
54
24
473
864
29
1161
111
392
1690
1512
650
165
1820
564
1409
893
1083
366
631
197
593
1493
1230
14
726
1093
1492
369
6
17
985
332
256
1689
161
883
301
262
751
1942
681
1592
20
5
514
92
1814
47
503
294
658
28
27
550
566
1576
212
1312
310
1543
942
898
1438
714
44
2
366
19
153
211
98
127
36
89
611
562
631
701
1506
813
69
1288
860
1
1382
141
232
188
11
974
1851
22
583
158
61
586
115
883
598
86
59
739
31
61
1690
83
1184
1505
241
55
147
43
1470
285
49
322
1873
1260
28
22
86
1198
720
528
1062
392
540
1970
33
30
1342
1225
1507
1716
1192
15
2
329
34
406
1603
303
61
1910
70
1206
141
289
1233
925
1558
1126
10
1051
224
1708
1267
848
1431
578
768
1137
568
93
816
201
432
189
341
1177
10
503
1017
950
655
540
1034
438
596
1166
1093
10
527
469
1049
1244
502
103
62
477
1619
167
36
25
470
174
969
1317
1684
147
459
355
1189
2
849
1118
49
941
1300
403
1894
1365
138
1327
164
409
1414
1231
836
1353
647
293
287
286
881
513
1292
254
103
135
1616
1743
1482
1593
535
305
9
227
18
518
240
1673
22
893
1712
28
1326
3
129
501
50
1190
37
134
1495
889
449
305
4
1082
1490
16
1947
1966
992
812
666
777
2
266
1432
1005
824
90
21
162
188
418
143
1717
1692
875
1156
244
1118
1768
710
971
104
1849
973
1246
16
435
1140
49
74
163
35
57
359
711
8
42
55
31
980
1917
1781
624
1829
565
1642
921
216
1695
1111
1562
1605
798
1610
685
58
229
1529
736
1050
322
1997
1809
1741
901
1723
1552
1250
38
507
637
71
949
46
1
64
1955
232
1000
4
610
1926
1843
469
974
1374
893
235
2
92
8
1810
39
1337
87
394
1049
101
333
1838
1
46
58
7
780
1267
64
1247
1538
857
1873
460
77
311
1029
878
1380
1329
15
161
128
832
1409
1024
940
15
115
702
917
370
1525
3
1239
271
31
243
345
312
108
1694
335
201
1025
139
1821
142
1573
10
423
1808
58
433
415
1973
282
1919
1701
257
96
668
112
30
789
411
601
572
108
268
1417
95
904
9
356
830
644
1278
598
589
182
1422
411
765
1875
1152
626
1077
10
1591
21
99
43
1415
98
526
418
16
278
799
1195
353
12
1078
60
73
169
4
674
5
1636
263
7
710
1514
862
1107
3
441
1
778
1996
272
1751
1424
752
83
1239
242
339
1383
1115
274
134
1987
704
257
347
1501
1075
1705
1212
1582
752
204
21
435
238
14
1999
1857
723
320
425
321
40
635
1055
9
218
268
121
955
4
1131
219
2
563
772
121
1425
535
127
77
773
41
1863
566
266
463
872
1810
1402
148
197
575
189
1142
166
11
1985
805
1760
751
1067
1435
223
1585
995
2
151
1554
4
432
598
1960
160
299
1126
1
288
215
189
6
356
13
606
215
42
811
4
658
640
47
170
1908
1202
6
115
60
1008
1108
319
1058
1137
573
140
256
1022
23
109
15
331
706
752
815
112
1941
1490
32
1534
1589
1384
240
1235
1322
4
19
1024
554
1754
87
822
155
730
1765
301
46
1585
1906
12
1545
1707
372
1783
14
6
38
61
1704
1075
59
449
90
909
42
3
625
3
136
896
428
1168
37
14
35
124
212
1158
144
860
224
422
381
183
878
1
1
1029
1635
346
309
363
370
829
1615
946
151
415
134
625
582
77
26
1822
1029
449
677
1598
1692
641
1797
41
15
1116
1678
900
1
3
320
52
14
1245
634
124
1035
331
101
1470
11
1340
721
648
431
1331
265
338
97
11
565
523
1939
1895
13
38
105
759
681
1835
1313
879
122
818
156
11
1077
251
63
35
951
1347
148
556
1367
203
1217
34
928
747
1980
173
1980
1408
596
80
536
847
777
1235
3
1934
1045
1754
42
1390
81
1387
1325
1414
387
884
1119
142
328
43
1958
173
1269
1235
54
1247
846
441
59
34
84
515
528
871
502
1089
517
50
19
1
646
198
47
12
910
496
436
1563
616
1380
6
625
1679
381
852
93
1575
1892
118
478
573
785
7
1534
555
642
73
110
23
615
760
414
1250
1165
657
51
3
207
404
66
6
1664
995
756
992
1016
10
1094
753
1610
490
18
600
1915
1863
249
30
208
957
121
468
52
1421
410
803
294
1433
429
167
1662
1161
94
1329
715
342
1539
415
1964
915
2
10
1369
16
726
1825
724
1992
9
765
5
878
1075
835
1633
1943
1
1788
615
10
721
628
335
165
299
56
508
252
1891
305
1719
367
964
205
103
1903
1567
1161
1880
1533
998
111
521
1060
422
692
17
619
882
791
89
583
106
330
1672
1733
254
20
339
172
571
1998
853
4
657
1040
166
509
457
8
1028
671
526
559
1414
692
339
422
869
1178
292
8
43
1502
852
153
7
305
1697
112
3
336
90
732
210
306
816
205
625
808
300
629
644
1024
1184
41
827
271
587
878
38
347
1571
896
967
1843
1556
1181
1264
179
354
98
902
811
292
760
729
1975
95
371
1314
231
531
916
1636
67
29
186
312
1593
57
17
978
821
304
1012
1565
95
1744
775
87
46
1942
533
59
268
1346
1506
26
1781
735
22
834
325
554
1295
611
35
1701
348
767
15
1909
1633
1461
1201
177
3
148
72
1532
42
22
33
28
408
1210
224
115
147
284
641
343
157
27
1
1613
47
36
50
30
285
1086
733
1238
64
410
18
1344
1449
333
1902
627
938
268
837
124
385
32
249
536
13
331
1635
527
1401
220
1520
1344
1831
56
1079
197
814
269
919
1853
28
593
29
20
1921
7
104
76
200
1206
301
27
500
83
1079
1345
238
955
34
251
1660
1843
36
793
505
898
11
434
1156
1190
1048
705
899
446
403
1781
1220
868
61
88
1156
593
820
1795
139
1065
859
7
1465
108
18
383
220
627
22
1059
789
790
154
80
38
1736
1253
855
17
395
469
1952
791
1913
825
1095
281
27
1783
649
7
862
826
1022
45
1082
644
1615
1291
191
630
171
44
1620
53
1284
800
35
57
866
4
163
436
1106
1014
470
1458
133
444
1735
769
155
1981
172
1859
14
367
1
1211
478
888
1862
161
34
555
46
62
312
28
1001
400
5
1074
690
96
85
1264
31
491
1036
2
1187
192
45
231
1905
22
148
34
788
540
477
158
1366
537
625
1289
1805
1561
16
316
226
1074
1737
1760
1778
26
261
417
605
1989
2
448
1688
151
262
1698
226
120
32
808
96
449
1689
432
1
11
644
1605
1548
1165
89
1514
1193
1382
198
428
504
1456
92
201
669
1594
1227
7
102
1387
655
775
581
900
431
11
1861
60
35
1160
653
778
1334
988
16
200
266
892
934
62
1191
422
2
2
70
292
340
1848
45
146
9
1474
590
1209
169
51
4
679
1349
77
434
343
42
418
385
580
1747
160
1791
7
270
355
127
207
1426
105
46
72
632
95
83
514
1033
576
1818
9
14
1
759
40
753
968
84
1860
68
469
664
1084
1196
892
284
67
30
493
824
125
30
641
951
1130
209
319
84
338
18
863
630
237
1520
1574
186
705
1863
656
481
153
3
198
38
264
1095
1775
1566
187
801
31
658
1995
453
7
1482
1537
167
336
73
907
1321
145
155
1797
197
214
894
1202
318
735
1968
1232
456
155
446
8
3
1204
665
344
454
1684
1869
609
742
144
33
685
986
6
677
366
124
25
169
762
1045
1
1804
1187
644
411
167
135
1817
797
1235
1029
239
830
437
716
751
37
461
221
1494
1224
884
1414
46
1462
1730
228
148
40
313
622
33
454
177
40
991
56
298
255
911
21
1154
126
860
14
9
1304
599
1112
1708
405
214
347
629
185
128
1868
1775
1503
110
24
2
1791
952
139
133
255
25
1979
4
687
215
802
1584
4
281
224
480
1587
1635
795
4
680
163
7
1418
340
582
761
392
1519
1226
101
1876
82
12
662
1713
110
34
1
37
685
377
802
1979
6
3
508
402
1506
1309
1269
1191
1
815
319
799
1512
326
1197
1645
1446
142
443
147
1197
1153
25
787
1464
491
5
751
1184
137
4
1383
1994
1439
356
595
1548
1575
1072
1769
255
156
1143
72
143
1797
284
1925
759
1146
175
1033
264
27
449
496
507
30
329
1542
306
964
859
683
1389
13
1213
170
447
627
257
1093
291
118
455
20
40
1146
169
1039
1004
1180
571
1198
39
1298
1761
1756
10
789
590
355
3
157
40
395
215
90
1095
583
40
155
289
55
1328
43
1558
919
1059
1019
270
884
1123
240
1116
1730
883
278
1968
715
1951
4
23
746
184
130
822
701
15
1042
266
717
1642
375
1078
1008
869
87
475
520
371
108
860
750
1625
264
1061
11
584
479
62
76
473
246
34
223
361
80
74
586
490
715
1788
1489
120
1050
373
1717
599
275
4
1787
103
1
75
991
33
582
1120
208
723
81
1349
503
180
1512
1602
597
630
811
845
346
723
244
1116
46
850
557
259
1578
1427
1727
86
41
107
1952
1356
75
23
1902
721
49
965
1935
1804
22
1355
51
41
188
26
946
7
94
115
1422
54
176
1569
896
1575
650
1334
357
1215
49
495
1874
320
9
983
1127
58
81
33
1781
12
14
26
422
38
1271
1331
1007
685
1943
355
657
1915
919
23
1836
439
726
63
831
1302
1373
1064
1381
663
550
1280
92
1353
811
1028
868
735
846
780
656
525
83
360
398
1516
1174
667
87
945
574
950
1500
1010
1196
149
1202
243
628
1120
22
761
784
361
960
167
159
29
777
812
982
1802
1192
578
332
610
1820
705
1588
1482
858
95
180
1316
1924
6
939
221
1327
1136
1460
1382
86
53
80
274
271
45
273
1104
567
1304
566
13
1093
226
1710
1898
594
1928
619
1215
1404
1633
20
12
132
951
533
119
65
1078
86
527
217
503
577
600
595
218
1555
306
634
86
1118
509
3
298
1467
657
982
297
491
200
59
80
14
291
406
1716
885
43
1986
1469
180
340
287
303
75
872
187
991
275
713
338
781
718
1803
178
585
321
385
1115
563
260
806
10
174
81
679
156
661
1956
34
1245
1877
1396
704
1497
1552
1630
33
1257
189
242
1204
692
376
1103
1763
222
1572
64
1304
416
124
1097
1939
111
368
8
43
1689
4
1105
315
879
195
1325
112
274
1079
220
684
1661
38
50
250
631
94
17
1981
373
