10
107
5
88
7
297
135
33
9
167
72
11
114
18
301
316
36
123
63
383
260
13
95
19
133
2
112
210
492
148
98
49
33
66
126
1
264
97
106
10
437
268
373
347
362
310
162
3
240
43
496
6
7
202
451
7
245
2
102
254
439
283
408
40
436
284
15
101
123
125
107
2
469
151
340
400
26
17
127
207
339
19
10
416
72
458
32
8
1
370
377
250
327
133
453
275
30
312
393
66
295
382
77
70
399
263
232
89
36
326
12
118
291
8
16
321
203
2
66
139
383
205
36
114
187
276
248
127
45
30
182
68
291
85
55
18
290
15
4
19
47
273
263
343
68
220
48
416
181
362
271
33
105
211
7
44
458
124
478
375
95
425
192
10
59
128
2
485
128
7
132
463
207
65
5
17
470
338
18
496
159
48
33
240
105
355
57
458
15
214
223
232
260
272
226
9
31
297
393
110
313
319
489
89
135
266
11
4
2
1
1
187
11
9
7
229
10
9
339
18
440
111
90
104
62
429
315
77
39
416
22
172
33
437
484
23
434
133
217
16
419
494
163
12
5
47
175
45
384
2
21
168
255
20
151
45
33
244
15
305
330
4
79
86
107
48
40
1
45
82
87
52
2
231
468
7
38
493
5
295
96
93
101
82
448
130
77
248
298
155
1
304
7
1
153
62
482
208
492
178
22
7
125
53
5
206
349
232
26
32
319
463
40
251
219
489
1
54
351
201
7
168
180
100
26
32
11
24
405
49
166
368
304
2
7
1
1
90
64
6
26
2
410
490
130
29
163
77
256
142
41
3
311
144
12
102
315
25
77
160
496
106
186
11
452
11
1
88
23
383
299
122
376
329
54
59
10
147
6
49
124
42
306
3
42
10
154
233
138
451
52
94
384
431
201
313
20
92
79
114
19
85
405
190
211
17
479
115
440
47
428
89
96
238
16
362
374
135
120
226
337
291
353
181
387
315
382
68
384
5
481
71
204
368
114
3
178
442
20
177
9
252
71
148
15
57
49
98
396
138
259
1
360
8
186
128
37
1
128
172
9
344
289
162
322
188
158
352
163
182
68
66
39
15
236
115
8
493
53
184
312
158
331
63
398
56
81
339
12
19
162
366
141
214
233
173
359
415
107
6
469
58
451
1
446
204
248
7
78
247
76
1
433
240
442
209
205
14
100
36
30
159
10
255
94
136
422
167
195
388
356
57
173
13
496
69
280
130
468
372
454
6
492
112
122
45
9
14
192
338
101
29
22
305
50
236
82
26
45
111
191
7
380
4
213
145
118
155
498
86
27
246
306
353
450
115
65
336
136
201
30
185
173
210
331
283
425
369
207
106
59
441
167
185
38
109
275
405
472
170
291
130
412
494
253
172
479
403
399
352
302
14
9
172
94
6
8
351
1
330
314
11
239
170
128
22
155
397
233
23
395
480
108
303
19
8
330
440
21
404
30
20
25
491
80
313
417
285
5
258
177
131
193
374
21
59
318
499
27
130
176
12
491
395
2
25
222
7
58
355
231
11
360
136
99
481
242
102
342
11
111
16
78
490
178
71
424
273
5
195
31
100
70
25
273
3
489
220
177
1
434
2
98
264
19
93
383
326
160
1
137
20
343
258
479
194
411
204
6
6
54
131
158
2
213
70
455
88
20
102
54
78
210
16
5
231
34
28
4
223
29
8
110
183
48
194
10
33
7
385
146
37
142
214
43
96
22
393
9
104
478
419
5
12
328
35
194
78
495
334
13
55
82
158
66
284
64
16
107
479
244
12
75
46
42
179
276
214
472
1
82
33
99
235
60
64
7
402
270
20
26
10
393
22
331
117
20
3
342
13
416
120
448
286
11
28
222
3
81
6
10
446
228
184
285
241
82
370
191
401
1
10
226
313
136
121
241
304
148
36
320
141
500
450
82
394
133
55
323
212
334
374
65
190
83
447
329
80
72
373
418
230
4
82
276
40
11
79
170
8
363
129
496
16
161
451
3
416
210
443
426
72
199
293
59
4
381
59
112
329
65
163
164
377
48
411
23
132
52
199
312
276
423
337
456
295
97
314
280
154
3
241
462
119
42
291
386
143
47
160
101
304
30
165
31
64
224
141
413
238
150
70
59
419
10
12
67
327
129
119
118
27
243
12
5
23
475
57
154
431
1
143
9
115
73
486
58
125
8
102
316
8
417
298
47
116
42
58
402
73
447
299
20
62
1
7
3
445
322
473
435
29
1
181
2
385
457
296
20
43
95
4
84
77
413
133
324
244
48
195
297
15
248
17
69
203
57
66
5
35
39
160
44
389
122
235
15
112
83
89
210
10
429
210
23
251
6
97
83
87
45
113
175
181
448
80
416
125
470
11
467
117
119
42
1
457
121
83
51
5
344
92
56
306
199
29
468
72
210
132
380
59
24
274
62
9
13
385
393
2
46
15
131
215
488
40
1
55
354
6
160
83
162
24
82
355
131
32
97
89
72
194
173
311
149
5
451
136
266
167
50
259
20
82
241
106
431
137
264
231
163
221
45
221
119
235
322
292
6
242
12
443
306
133
140
76
44
134
152
93
405
444
9
359
262
54
493
78
343
20
259
43
73
272
210
346
182
67
172
95
108
360
104
56
242
194
15
320
54
356
2
28
244
90
15
397
6
64
196
165
251
163
39
29
104
11
291
13
118
449
62
25
104
62
435
221
167
342
60
26
91
460
284
383
63
303
496
374
432
11
122
18
59
90
32
411
129
72
1
176
448
234
80
449
85
31
37
447
265
247
98
16
392
6
93
218
450
37
341
45
55
102
46
434
377
61
116
250
110
33
255
89
150
9
483
399
148
70
84
27
43
67
55
2
446
57
1
487
100
92
146
350
6
207
365
393
293
106
32
1
62
409
18
136
6
61
115
34
55
40
271
302
223
361
87
130
51
5
92
96
106
452
28
20
77
108
5
404
97
143
224
206
3
175
404
175
289
162
27
323
392
117
46
374
3
12
254
2
25
365
100
483
392
1
199
87
17
214
440
145
61
294
149
58
46
94
148
124
396
6
181
95
48
62
260
5
147
328
380
343
149
1
2
290
424
386
113
161
176
74
331
128
48
306
38
38
11
37
9
11
374
61
65
269
111
449
69
1
75
191
176
62
10
261
310
413
6
394
6
46
179
36
107
144
16
391
18
384
203
248
490
192
27
33
3
72
247
353
349
408
7
158
40
42
366
389
14
276
378
367
142
12
12
67
107
175
1
443
231
386
480
348
164
385
221
13
1
61
6
106
14
4
292
372
94
71
22
28
378
221
409
341
141
119
411
209
78
37
225
408
27
40
338
193
248
43
3
473
4
392
380
87
114
265
19
399
105
13
304
32
19
1
327
420
149
136
36
17
2
270
289
83
450
205
250
313
86
253
103
20
272
45
428
180
36
40
198
38
12
115
50
283
465
47
17
161
240
491
94
441
233
15
426
449
306
62
6
2
23
416
221
498
186
259
16
10
451
15
54
34
455
265
55
66
18
100
82
318
199
306
139
243
25
422
304
35
129
495
288
76
11
369
458
32
398
258
1
11
45
147
87
17
13
34
139
241
389
329
24
475
25
377
316
105
143
286
9
200
233
149
446
25
186
22
27
361
8
189
209
15
305
71
379
4
112
25
414
79
44
13
24
16
19
492
97
38
17
33
120
41
380
39
253
134
291
84
207
24
462
93
62
100
40
295
81
44
318
13
105
334
55
40
111
474
261
140
101
7
27
22
369
39
233
14
96
55
19
437
160
368
337
47
160
65
67
321
95
415
195
2
87
140
370
163
169
193
32
134
148
187
4
20
2
355
3
107
68
5
55
78
75
321
53
149
70
4
365
206
69
409
159
214
261
272
16
279
5
87
318
82
11
27
10
430
203
121
244
4
4
463
22
382
73
337
344
5
5
56
191
204
2
84
213
410
352
111
16
215
181
131
300
67
27
290
221
48
147
17
17
150
92
84
78
413
498
51
37
1
364
310
271
6
375
131
271
154
17
347
1
306
19
414
213
191
345
351
75
66
42
428
228
432
93
160
339
2
259
75
498
98
226
1
12
44
103
474
9
188
51
37
79
369
28
137
116
444
480
124
179
203
487
8
7
101
373
491
22
478
11
232
3
321
129
85
3
78
19
221
80
27
2
283
355
172
448
185
271
94
456
373
399
28
492
55
353
359
22
173
112
366
345
56
62
10
30
16
421
11
135
300
106
128
390
458
179
51
134
67
53
14
331
68
405
9
375
26
384
2
231
262
419
135
140
214
91
105
75
291
11
133
165
16
35
108
135
54
54
100
272
4
48
162
120
340
32
169
2
371
3
188
210
7
1
239
434
192
6
242
303
315
30
230
163
260
201
157
21
110
158
480
125
210
43
12
1
207
431
8
15
77
7
3
38
22
47
204
293
38
31
35
439
13
52
350
166
355
16
401
96
4
8
323
273
211
5
52
443
15
5
324
295
165
13
416
128
342
3
143
22
97
3
65
359
11
20
153
143
41
409
463
17
347
242
309
183
261
223
78
18
182
31
62
215
181
11
305
55
158
312
435
174
42
29
216
134
266
185
303
10
189
64
212
10
80
334
6
392
183
88
38
415
318
454
218
190
58
37
71
24
177
48
113
4
7
306
362
37
67
198
74
183
7
45
355
53
484
294
385
11
245
118
98
345
2
1
25
84
155
14
4
382
35
257
4
36
136
20
30
125
152
138
12
30
304
96
381
364
219
13
204
486
227
116
132
18
250
142
58
139
131
14
337
207
85
242
125
391
159
174
318
3
144
102
483
13
116
63
79
302
500
215
244
21
484
17
199
97
295
420
95
114
113
127
486
91
11
4
403
82
78
425
134
40
231
335
32
66
5
5
455
356
5
192
25
364
2
161
279
1
485
26
230
6
8
68
61
184
280
160
2
277
153
4
2
189
191
6
23
375
118
64
74
95
132
82
216
26
85
203
494
81
320
360
7
97
271
9
177
42
220
1
34
7
18
4
436
451
101
1
403
101
271
459
432
235
96
142
1
437
180
259
174
290
7
314
30
242
281
215
59
97
93
166
409
14
45
189
127
369
483
84
65
17
327
235
111
223
1
165
400
16
349
112
217
188
209
1
45
19
448
6
475
485
355
55
404
1
109
226
81
76
1
10
63
263
353
368
56
262
71
411
57
99
293
119
112
5
244
499
58
54
101
202
3
117
69
443
357
20
12
160
8
1
4
409
44
1
240
132
113
7
86
13
1
54
468
395
399
169
429
93
5
14
392
258
343
5
53
391
57
126
35
14
321
29
79
169
444
39
114
2
103
10
15
184
439
2
174
351
206
202
492
386
185
6
138
217
335
45
133
162
156
28
71
145
238
5
28
171
431
242
63
160
16
134
7
149
28
328
37
324
62
283
124
177
402
199
114
33
453
241
314
283
130
63
11
47
12
34
316
148
88
30
372
205
10
88
432
254
243
53
336
38
40
12
4
4
49
13
397
92
244
490
1
21
10
134
397
425
309
75
51
107
86
13
17
254
140
421
1
164
62
87
29
160
236
163
349
2
383
202
428
116
85
10
32
36
290
90
325
338
20
110
27
1
47
370
185
290
302
64
416
354
61
495
411
322
20
263
6
274
445
94
337
237
1
2
33
97
28
148
403
77
6
323
354
21
59
479
34
178
15
410
313
1
3
401
443
409
152
70
128
51
103
362
3
473
293
122
307
156
80
3
282
196
238
26
202
149
75
192
61
27
114
80
328
43
266
85
198
339
185
52
4
91
316
21
466
226
162
120
443
10
9
2
5
307
160
3
387
247
60
100
125
166
445
27
329
26
106
72
312
473
5
49
61
337
27
161
3
287
229
2
139
20
298
26
36
120
11
4
482
3
95
136
31
404
87
1
20
463
12
26
93
2
110
33
495
148
92
361
25
35
12
237
411
183
400
19
344
88
269
49
28
408
233
179
4
167
140
465
8
18
31
266
60
118
434
49
233
466
115
397
170
114
44
4
38
67
409
374
123
310
322
411
21
236
339
3
3
19
8
181
1
404
4
17
214
443
80
195
125
12
10
3
309
487
2
347
75
7
66
229
318
176
45
351
3
414
184
256
13
132
332
216
2
271
32
96
408
257
450
422
307
393
315
34
6
12
31
137
494
3
14
49
10
440
368
3
401
28
144
386
273
190
434
30
99
20
17
267
12
216
426
208
494
1
395
446
337
62
379
59
54
104
263
263
10
92
174
185
7
36
41
1
20
206
36
43
3
82
251
52
7
255
158
14
202
178
127
10
105
12
47
100
500
103
102
5
131
68
52
300
41
289
431
239
323
260
12
428
354
260
215
15
62
89
293
409
105
313
125
147
61
354
249
29
465
256
60
4
115
88
281
6
88
348
183
207
94
425
327
269
180
351
66
266
158
422
387
8
5
500
11
474
254
286
408
132
32
75
360
3
80
383
55
3
9
161
328
103
244
44
340
87
66
388
37
42
188
126
100
9
10
297
31
55
51
266
138
51
51
4
6
352
44
6
60
463
3
458
305
113
135
297
79
443
302
128
416
2
38
12
1
2
164
25
68
44
394
33
485
21
398
147
45
109
275
461
416
70
143
204
8
437
455
318
459
498
70
10
453
213
346
16
356
99
181
10
289
14
270
100
20
91
53
26
3
43
101
124
321
91
313
25
62
334
433
2
7
73
209
3
109
23
363
411
234
467
327
6
362
376
139
4
89
42
298
409
1
65
10
43
344
234
84
90
93
52
23
296
471
95
328
64
305
48
5
104
30
223
195
229
484
13
365
154
237
288
7
92
255
194
280
409
252
470
37
156
292
39
25
70
479
240
388
33
1
76
246
258
91
116
11
134
205
14
493
114
454
4
446
113
417
12
372
414
245
53
186
163
230
36
95
323
281
8
26
20
396
78
328
94
65
33
30
114
18
63
31
115
243
8
80
216
123
268
358
179
304
23
2
15
430
196
296
353
75
399
246
388
313
188
76
296
18
497
351
314
270
2
341
41
26
252
104
65
274
53
365
172
205
386
451
438
5
128
224
165
9
42
67
82
14
84
494
140
485
204
270
25
33
1
7
184
120
25
50
436
60
130
423
122
4
94
201
300
240
406
204
290
25
183
397
33
135
1
89
219
403
288
389
227
213
160
239
319
241
153
2
26
3
66
143
25
217
66
145
8
304
225
115
37
4
105
37
439
261
9
375
409
2
58
111
45
262
8
132
351
226
489
303
313
364
79
130
454
182
193
194
423
14
447
130
233
191
365
468
221
4
39
337
382
16
168
91
22
33
318
112
307
122
208
12
198
146
31
97
26
6
147
70
329
492
224
40
2
21
84
173
291
179
471
100
18
71
20
1
71
44
245
494
463
46
368
274
3
167
84
354
144
110
366
347
94
79
9
49
287
407
151
460
22
82
65
229
44
287
263
273
352
166
157
33
207
230
1
65
242
3
427
351
417
227
291
195
1
156
33
491
145
464
10
443
78
24
3
5
38
45
117
34
1
79
437
38
123
342
184
77
62
413
352
82
283
5
144
22
91
398
10
427
5
2
197
247
265
48
102
38
140
14
126
35
1
227
61
2
346
75
357
81
40
15
306
5
17
17
24
68
292
9
88
457
152
242
6
46
300
392
100
26
135
333
274
251
65
280
5
7
373
332
77
461
188
346
224
186
12
456
240
9
223
160
242
44
123
20
151
137
183
44
5
18
7
386
86
58
335
14
482
148
46
5
4
416
9
354
62
328
20
67
65
112
147
7
224
218
252
449
160
59
280
269
60
387
350
1
155
318
375
20
490
3
315
246
1
316
303
223
349
211
205
78
232
25
156
42
383
413
191
217
392
424
351
281
297
8
406
289
146
146
247
315
4
237
44
3
141
16
342
114
239
15
251
19
7
180
31
94
439
66
278
463
3
74
230
15
123
69
180
459
489
19
195
80
491
354
255
226
371
338
50
128
163
28
70
231
12
5
292
109
129
24
389
92
356
327
25
281
60
1
268
410
52
131
97
17
26
27
29
439
1
271
34
414
18
11
245
129
36
404
437
48
195
3
119
92
205
406
147
154
137
372
97
124
2
22
29
287
399
205
29
254
44
225
4
49
226
210
52
54
80
395
86
67
385
244
275
2
382
17
16
293
348
10
288
98
33
90
329
103
275
98
273
68
35
1
58
96
57
31
425
108
152
6
46
352
16
73
439
34
291
2
443
51
136
137
78
92
140
6
100
473
13
128
122
68
24
184
345
252
4
127
245
67
121
108
307
161
340
411
74
94
14
37
120
39
16
273
4
27
117
161
239
314
18
27
11
3
59
70
412
285
392
277
70
92
12
430
61
114
329
51
477
357
32
485
136
199
55
3
80
298
256
396
73
333
113
140
291
22
1
155
4
118
11
170
119
18
16
22
188
72
409
30
13
174
75
9
103
283
39
11
80
379
22
93
397
209
80
11
340
471
81
207
77
45
13
431
253
46
252
47
287
183
210
469
116
490
202
277
5
203
388
8
20
5
379
333
7
358
11
198
129
2
5
53
349
337
286
193
123
149
276
72
175
7
7
266
25
321
8
287
40
3
62
142
476
195
65
281
61
273
252
274
345
203
367
12
16
7
135
347
17
465
93
76
4
318
5
46
175
99
50
110
296
50
133
196
289
397
174
1
153
42
456
7
234
254
397
35
74
336
470
379
287
158
47
10
220
60
399
365
163
436
88
36
38
79
60
13
32
105
422
269
408
23
45
325
97
4
241
286
143
235
217
373
1
36
82
1
81
44
4
327
94
417
460
282
175
158
449
183
496
385
261
136
89
269
30
67
456
16
89
203
415
366
169
296
83
73
36
1
8
263
61
203
461
71
470
60
141
389
184
49
213
183
464
9
11
186
220
187
95
85
382
252
470
187
317
304
27
21
1
346
193
139
373
107
67
254
179
230
91
351
116
190
5
351
14
317
429
110
28
134
49
115
27
148
292
17
160
80
58
11
29
40
170
454
170
217
34
148
476
126
69
47
122
485
93
1
155
77
366
224
154
6
16
71
477
10
393
7
291
34
456
230
179
201
370
168
379
450
170
71
405
32
1
247
81
28
112
70
1
304
334
170
190
125
365
415
467
314
57
79
67
426
133
81
323
77
391
428
263
19
28
84
7
364
20
306
210
69
163
20
34
52
161
238
98
436
283
1
8
35
278
28
77
112
134
124
272
53
13
470
243
27
337
338
73
142
4
70
29
160
178
17
419
72
30
174
21
176
153
234
12
259
255
285
224
12
21
344
26
355
45
1
252
1
354
1
464
234
7
7
1
128
172
53
37
389
224
16
16
362
53
440
450
257
53
169
150
406
178
49
137
8
264
116
37
3
64
456
172
96
197
95
213
2
95
54
56
298
23
4
58
70
64
60
76
106
6
92
14
81
49
166
175
183
9
414
360
397
298
199
2
105
213
259
250
464
299
290
12
321
103
64
75
410
289
220
163
23
29
33
335
5
21
69
432
62
111
363
187
447
123
154
492
211
140
228
66
150
67
142
5
4
85
169
62
101
68
351
65
40
51
130
491
474
457
123
2
33
384
316
283
446
220
163
338
339
428
417
224
6
497
65
137
140
184
172
26
175
173
95
457
139
131
1
34
35
4
1
375
126
138
232
289
130
382
183
18
141
138
4
68
149
179
109
129
1
194
313
173
8
341
336
313
62
1
10
55
198
268
119
52
353
234
244
231
10
164
466
292
356
63
290
106
370
249
335
208
17
434
14
130
8
173
306
106
73
418
286
321
123
177
327
10
370
423
6
60
5
11
466
367
43
181
432
23
484
2
18
426
484
233
453
48
48
1
428
276
442
21
12
322
50
10
88
182
178
58
469
35
411
52
57
115
485
240
146
85
215
297
436
249
71
14
36
323
346
29
1
66
44
422
15
7
3
490
3
13
241
72
346
467
488
322
12
43
82
3
353
382
247
38
12
305
9
98
481
32
2
312
277
354
325
105
261
47
361
32
28
3
496
128
37
93
218
7
261
443
71
251
3
12
166
21
36
66
231
159
2
204
449
27
11
351
145
5
321
91
477
3
103
486
422
250
105
37
256
40
1
138
206
112
67
350
367
27
76
461
426
36
388
2
201
62
246
65
82
258
488
432
130
320
56
41
60
349
24
324
5
283
117
5
311
1
139
15
39
315
49
469
3
49
67
392
7
121
383
316
7
235
76
28
110
15
354
420
148
134
374
94
49
138
22
185
306
25
426
331
135
113
50
19
45
9
128
364
101
130
379
237
62
7
317
45
268
12
81
390
9
18
94
409
56
4
167
82
275
53
494
9
460
499
189
58
22
167
17
402
114
84
79
9
2
497
212
421
161
35
37
107
54
194
395
123
97
52
11
2
54
66
1
320
176
328
3
480
149
81
147
196
135
344
274
298
118
211
126
1
209
157
420
59
257
226
380
391
193
6
248
128
47
464
324
2
89
194
36
2
326
60
355
1
109
48
22
474
31
108
4
319
20
97
1
1
353
375
39
26
22
227
416
24
490
141
166
228
49
86
171
161
19
122
287
145
372
322
389
86
149
155
294
8
5
67
63
30
80
15
195
92
313
39
307
187
155
376
316
338
389
74
55
1
169
316
71
3
4
284
10
184
353
104
52
228
89
10
176
174
124
95
152
11
224
139
2
85
34
268
238
306
118
93
1
331
3
376
114
428
87
43
32
394
8
76
304
169
91
483
146
471
104
216
95
248
147
18
37
179
389
31
449
83
222
69
15
1
98
5
221
15
21
27
221
162
32
4
2
3
104
175
31
15
365
11
53
174
482
306
49
263
81
55
77
27
389
4
228
431
396
8
26
317
76
267
67
14
446
172
1
382
300
425
91
364
1
470
204
359
25
71
181
118
45
30
247
240
396
212
304
13
71
145
47
122
128
479
276
2
87
462
1
481
231
96
31
4
76
75
205
53
41
2
1
18
51
205
106
43
457
328
485
226
256
22
335
125
47
338
33
206
69
103
2
214
34
80
42
27
320
129
312
122
53
336
88
203
467
4
382
114
38
175
30
82
494
116
66
31
27
178
60
8
178
1
459
163
23
237
337
479
8
410
236
9
66
3
205
9
22
2
103
73
312
96
101
52
148
106
4
477
167
1
419
58
355
1
22
115
32
257
75
1
1
28
103
167
63
139
443
148
8
351
196
100
57
58
446
116
324
360
19
397
7
111
320
76
53
130
104
383
164
493
355
15
109
310
327
222
5
149
368
11
391
3
403
248
472
18
80
10
432
166
15
425
25
5
323
369
220
216
98
276
40
83
185
163
445
164
253
84
23
301
18
217
422
379
293
206
115
193
136
168
225
367
388
107
87
320
24
367
68
91
356
110
459
263
71
13
47
220
225
7
389
156
58
194
25
97
14
68
67
10
144
234
80
435
10
67
361
296
27
62
27
9
128
323
58
37
71
15
11
22
52
18
417
100
338
211
465
1
256
166
195
64
174
240
453
23
12
45
228
272
339
51
290
35
401
30
109
469
36
376
224
2
395
413
17
8
86
271
178
5
29
20
359
3
147
7
11
302
402
348
162
124
358
52
7
300
171
280
471
202
197
234
108
17
3
409
39
146
435
230
10
50
388
86
203
7
5
36
2
51
229
48
115
91
117
169
438
2
165
360
419
1
12
170
10
424
200
24
63
167
386
196
392
42
432
290
51
421
155
286
2
8
322
3
207
253
121
22
93
38
309
401
203
9
287
407
417
117
65
254
414
329
427
483
44
133
3
30
465
4
172
89
410
413
7
18
204
4
210
13
288
397
175
414
10
129
390
121
198
6
5
197
444
59
52
16
135
284
445
50
200
1
33
6
481
1
369
190
320
59
193
70
6
30
255
2
227
84
8
69
75
352
2
358
98
173
183
179
22
264
213
304
260
6
159
177
410
24
72
65
18
289
2
244
1
34
26
256
238
223
470
54
151
205
178
57
61
472
500
119
20
194
250
243
24
85
432
446
92
22
115
16
265
24
394
79
295
79
108
274
41
1
347
16
459
23
43
362
338
137
113
121
9
193
472
89
486
345
348
248
4
50
452
143
5
97
92
4
1
53
32
61
152
48
155
7
39
74
305
31
165
3
211
471
125
26
46
283
279
62
327
274
273
1
9
153
464
35
160
334
91
64
169
129
290
32
58
481
115
229
405
184
32
156
333
257
416
101
493
254
308
186
46
44
275
437
380
23
353
299
56
329
87
186
415
3
392
51
462
284
379
18
262
24
55
46
93
434
16
192
363
6
218
144
392
137
75
15
108
348
160
251
325
279
37
53
3
56
100
44
7
204
23
142
357
45
67
273
160
119
23
149
141
4
16
360
297
94
66
239
281
145
96
25
179
254
301
222
121
156
255
112
295
255
10
333
259
346
67
64
172
20
247
54
133
65
164
45
2
34
6
477
107
19
136
440
29
60
90
1
290
186
265
142
300
289
459
250
88
6
40
14
224
382
93
64
55
22
14
183
392
5
5
7
430
68
175
92
113
135
12
200
309
205
187
450
41
27
35
9
236
322
337
173
278
402
349
470
361
328
406
254
449
31
5
5
248
18
75
232
88
479
166
53
43
123
1
57
361
266
228
390
122
32
316
393
98
452
6
20
493
228
10
145
324
396
265
3
411
291
15
30
3
23
2
72
263
276
227
299
170
7
210
52
14
60
77
171
70
375
8
473
67
414
43
52
73
11
355
336
92
11
150
54
488
308
120
55
45
211
64
267
396
10
3
138
108
7
193
17
440
304
328
211
4
183
448
428
215
295
46
417
291
474
5
127
317
433
243
168
198
45
101
62
472
119
27
1
1
105
244
3
161
1
9
91
94
187
450
130
28
278
396
442
1
374
126
118
153
395
8
201
249
2
368
160
51
63
127
409
35
467
5
16
173
287
424
194
330
240
443
128
31
92
168
330
314
397
303
218
10
91
124
44
385
65
311
474
238
430
91
24
305
291
188
332
58
366
20
32
87
171
431
51
400
138
146
342
189
120
266
226
408
70
4
399
339
57
164
45
442
152
123
35
48
147
22
144
293
327
148
288
86
34
472
302
98
459
304
1
32
409
159
31
338
131
96
195
15
279
81
18
7
63
148
153
171
296
1
200
1
276
431
435
310
3
432
484
99
387
93
11
29
97
84
240
115
3
184
208
449
92
46
433
11
395
245
467
492
155
457
335
67
12
12
93
263
31
287
309
310
28
44
199
25
101
135
15
9
4
412
425
224
173
61
424
149
452
461
20
119
35
10
32
19
7
266
146
441
442
88
368
208
186
201
83
336
188
328
28
144
14
428
44
5
47
493
388
31
5
367
154
80
75
260
405
31
2
1
4
107
14
70
130
284
250
423
434
251
138
62
171
5
12
13
108
8
160
14
475
13
16
197
325
37
42
247
75
144
248
131
31
118
16
1
46
66
141
5
35
92
20
147
5
264
6
474
397
16
281
57
311
441
96
116
438
66
221
6
30
51
207
275
241
389
487
11
2
11
129
361
32
84
237
196
228
375
230
153
116
297
19
245
150
201
27
327
239
285
148
186
81
142
299
65
13
18
21
65
414
148
9
5
376
145
179
346
40
87
112
409
12
138
495
102
37
1
113
27
20
222
12
63
53
170
97
38
40
197
240
2
129
48
448
319
6
134
177
124
280
150
4
1
65
268
205
64
418
395
5
123
430
43
278
3
64
91
322
392
6
2
211
17
271
91
399
477
327
105
311
477
387
101
12
145
66
2
264
26
1
43
282
232
416
492
98
128
116
227
114
63
470
223
360
10
289
111
249
8
278
212
38
30
289
168
68
133
214
108
105
217
214
41
8
82
424
235
71
7
49
127
259
28
36
185
338
14
38
126
109
55
178
80
14
175
7
315
386
150
334
228
208
36
439
36
50
66
430
125
4
42
36
347
134
249
306
407
414
185
67
356
49
178
8
282
205
85
235
498
193
6
62
16
323
124
40
240
189
99
8
4
159
168
374
295
79
433
41
26
25
21
246
116
269
361
11
99
8
11
413
10
81
81
181
77
106
499
24
240
228
102
87
6
42
14
450
19
495
210
8
11
58
307
22
417
142
36
108
22
143
2
350
258
131
65
479
321
302
353
141
28
486
363
46
106
157
372
161
195
155
409
167
316
20
80
468
435
332
146
238
47
119
116
188
1
285
387
72
94
487
36
163
29
153
277
149
19
149
90
426
399
218
81
314
186
388
57
18
5
167
396
461
120
141
1
486
259
6
15
187
363
346
2
83
7
165
69
425
38
8
17
117
8
9
173
95
353
121
3
26
468
335
89
366
12
17
13
388
11
32
454
23
2
1
188
1
36
99
104
33
222
208
425
477
50
31
27
15
481
37
478
114
224
178
13
150
125
51
237
2
2
15
109
108
163
24
168
58
1
77
428
33
2
160
217
179
459
214
2
16
8
1
295
11
10
261
193
187
126
65
480
7
451
255
157
304
229
263
181
373
320
457
20
43
10
161
7
262
32
476
408
225
4
335
261
2
498
305
50
63
3
214
352
444
424
402
81
386
21
187
149
357
205
211
428
221
60
180
63
476
217
141
196
277
247
414
108
36
176
125
35
416
102
9
300
16
266
166
61
379
102
2
65
144
453
8
154
269
458
188
56
126
8
101
153
75
151
160
451
22
46
113
10
427
41
450
428
45
296
53
1
431
3
366
60
80
6
368
114
259
26
180
25
125
73
2
267
457
48
262
318
72
71
148
117
4
394
107
43
1
102
212
2
41
78
29
119
75
268
133
173
227
4
443
31
27
331
251
66
179
309
4
464
171
3
7
174
53
190
76
450
129
222
62
4
356
281
25
234
410
30
478
207
243
3
132
255
188
183
167
52
105
457
119
20
88
127
495
4
73
250
91
1
281
130
130
5
403
32
84
449
324
159
2
173
58
336
290
61
187
164
390
181
390
186
202
31
191
4
143
14
9
8
3
127
14
166
363
396
5
234
110
92
181
28
318
481
158
16
143
34
490
3
68
484
377
339
240
50
11
207
151
10
496
60
320
31
236
268
131
372
150
107
152
380
91
1
93
366
465
462
17
448
345
9
93
120
454
215
29
46
144
70
29
454
164
284
55
94
87
188
100
135
30
374
216
341
9
68
38
385
22
493
9
202
73
270
66
309
98
30
4
25
33
398
295
378
373
486
482
222
55
176
215
447
6
448
204
463
9
103
48
140
261
183
141
125
17
262
143
17
13
6
69
71
93
12
179
2
187
25
124
463
307
31
232
35
79
400
420
97
472
165
408
261
2
467
224
182
398
138
17
251
61
24
90
1
95
435
84
67
424
412
145
25
336
1
421
234
90
1
265
87
18
4
71
363
323
165
4
103
287
358
18
188
481
35
146
438
1
152
177
421
445
13
24
37
315
12
303
74
9
379
9
14
490
175
34
294
63
164
497
261
447
85
403
239
41
65
461
29
190
276
107
34
1
19
208
103
4
165
242
287
384
495
10
21
143
282
239
321
92
255
434
14
273
5
400
151
399
438
8
385
87
11
58
137
141
495
174
106
23
436
329
180
367
161
467
346
6
169
67
221
124
87
4
2
23
350
122
168
24
101
415
349
105
159
226
296
64
322
237
100
87
285
44
165
396
188
116
124
85
4
27
487
93
435
354
279
74
239
220
266
185
194
3
1
247
60
26
92
260
143
356
212
9
166
101
10
15
39
261
63
52
454
409
28
362
75
44
1
195
6
82
281
351
217
70
82
150
8
462
20
7
195
60
1
41
307
47
415
361
6
27
225
115
99
258
498
278
19
8
6
69
378
263
289
14
19
393
227
487
27
3
28
37
289
14
11
122
124
447
152
11
66
374
390
1
200
40
94
447
8
128
356
174
318
12
206
473
104
5
138
1
51
4
100
102
15
52
15
482
293
25
6
99
188
190
238
114
203
138
412
290
45
491
271
497
420
44
79
18
24
17
339
200
224
10
116
3
1
29
21
6
157
418
351
279
46
39
118
3
60
1
9
132
38
95
330
324
196
61
315
63
27
31
193
50
2
345
5
68
23
469
28
31
172
90
105
413
129
16
2
451
35
52
283
114
349
175
17
481
102
15
11
74
435
391
76
388
420
289
185
69
19
126
131
120
12
201
418
239
163
316
208
60
361
425
142
301
29
26
108
1
150
162
244
24
56
111
28
274
206
245
36
187
115
28
86
119
78
8
328
178
470
278
24
126
322
293
68
294
157
108
256
376
445
3
20
16
64
175
28
10
1
82
459
385
94
16
29
154
430
59
34
226
86
355
302
142
46
119
21
488
246
64
95
326
10
374
299
477
226
24
317
8
40
139
2
390
345
474
102
358
1
3
415
317
45
29
37
310
3
221
11
1
115
111
198
325
132
413
273
50
27
451
70
263
1
357
410
15
206
450
205
11
4
204
11
132
88
441
2
271
224
415
22
54
234
16
458
43
472
2
460
226
349
322
21
424
151
257
368
132
239
2
3
79
91
367
43
109
297
373
263
27
488
2
260
287
447
152
349
5
55
2
92
48
442
390
14
267
32
35
98
338
93
80
89
302
219
114
112
99
126
4
24
373
355
292
426
137
227
348
259
46
41
2
104
39
478
82
372
69
62
8
379
476
243
27
7
355
185
407
48
100
118
39
25
196
15
442
188
366
441
27
47
100
16
482
131
112
148
207
292
76
224
104
365
30
102
13
241
12
97
81
3
117
68
159
75
289
140
10
321
231
204
235
291
402
290
334
87
82
370
262
25
148
398
29
128
69
443
317
243
288
22
188
24
17
249
21
37
438
321
346
66
227
134
13
39
107
1
97
64
235
176
14
298
145
121
141
1
248
283
216
436
180
29
59
46
22
58
4
31
21
55
233
215
118
48
310
188
40
71
14
247
38
48
2
237
16
113
237
97
431
271
35
206
126
171
13
491
480
409
34
55
233
201
20
68
9
51
286
51
6
99
6
122
397
73
44
10
255
306
210
58
129
374
27
203
122
284
13
150
3
423
42
48
2
479
5
78
3
87
3
1
349
415
254
2
99
150
185
56
73
80
10
13
374
1
3
95
308
51
74
291
304
20
104
221
316
1
7
373
37
493
370
139
295
51
365
125
122
394
102
123
186
125
65
3
203
198
7
235
4
22
16
1
184
22
9
170
298
475
464
151
40
133
224
197
167
4
311
295
66
25
252
269
12
36
39
466
75
268
236
156
189
365
243
202
72
168
91
2
76
85
312
15
301
2
4
422
54
122
63
289
61
245
9
325
156
381
41
194
3
28
128
30
244
8
136
41
138
16
155
11
205
85
153
15
191
218
103
175
325
82
158
18
5
285
4
288
123
364
419
52
39
47
256
50
4
367
7
252
176
25
373
146
1
453
14
321
276
15
193
88
134
76
16
17
210
462
350
342
27
361
11
5
376
170
4
30
2
1
1
366
233
458
50
450
26
207
385
52
69
183
76
28
239
62
85
120
3
147
27
322
251
6
217
40
2
38
383
2
331
85
173
267
318
93
316
22
83
341
344
9
1
172
372
6
2
320
104
20
434
432
445
388
2
338
498
96
151
268
387
88
53
337
358
241
3
3
236
299
42
267
23
35
395
44
397
186
34
252
304
486
457
38
479
7
14
290
2
127
229
38
488
154
1
331
11
228
50
117
196
23
432
333
413
236
38
79
408
39
468
186
34
373
143
131
227
272
23
461
83
173
460
110
175
156
6
354
306
21
219
330
19
326
489
49
171
24
3
169
132
13
7
160
126
292
156
129
113
176
4
369
41
25
106
14
227
234
4
9
486
223
24
96
95
14
192
275
478
356
160
10
281
198
327
59
339
308
30
160
304
14
53
276
373
300
220
315
74
466
402
434
11
414
105
3
485
100
4
32
48
6
119
64
37
15
483
315
112
9
69
381
107
300
71
6
76
166
54
287
250
97
355
420
8
75
187
335
253
28
88
327
22
51
33
288
13
368
181
401
226
92
366
417
208
4
16
112
306
352
82
467
14
53
2
36
40
198
187
3
199
354
374
256
361
279
208
424
188
17
268
195
474
31
281
117
120
60
167
84
36
305
62
488
287
380
5
69
149
64
1
161
127
55
242
95
17
182
25
93
181
27
11
92
141
48
334
282
260
115
351
284
33
11
1
306
7
18
168
176
69
35
379
438
449
2
56
481
126
233
76
305
116
365
387
145
456
101
368
74
23
130
118
74
113
355
13
215
395
78
202
6
332
458
174
486
301
20
117
221
265
205
466
9
206
192
291
100
342
436
267
76
129
468
35
457
190
3
40
18
451
48
227
6
316
15
197
300
132
23
340
365
8
1
369
25
392
9
130
451
400
49
63
459
480
60
460
161
1
2
3
422
18
374
16
220
305
376
178
186
222
12
281
13
365
402
80
189
75
3
4
403
60
17
127
483
1
1
98
391
41
2
284
293
140
348
231
445
110
493
301
183
31
137
295
2
111
27
1
125
4
53
135
87
254
421
132
421
127
122
75
269
279
40
154
68
226
136
199
16
451
330
240
135
45
1
282
1
36
159
268
2
274
81
92
6
11
413
188
1
26
393
177
2
55
438
500
115
249
434
36
37
448
327
309
288
5
137
107
226
312
88
402
1
305
209
11
439
243
195
19
310
257
42
44
253
429
360
9
104
18
176
372
242
260
475
42
186
463
284
271
154
326
249
15
450
17
130
28
154
224
170
157
479
54
39
6
238
73
27
223
488
395
483
1
424
9
10
309
144
1
306
2
2
30
90
176
160
190
7
215
50
238
211
58
356
5
234
239
27
16
105
104
100
388
9
63
423
222
65
183
4
161
245
130
390
39
143
15
177
116
36
259
108
7
67
256
44
257
37
329
234
9
10
201
12
467
188
465
350
241
153
440
60
182
226
419
321
211
33
15
14
157
253
117
350
474
16
16
363
133
15
3
141
7
42
298
339
7
473
32
174
7
6
41
85
133
277
1
219
105
1
187
65
395
251
113
55
80
203
2
16
471
2
3
481
6
62
16
338
181
80
106
159
285
10
206
68
243
38
1
56
36
299
438
242
405
1
75
324
93
60
118
237
373
186
25
196
329
33
138
94
332
315
201
222
85
69
150
305
405
130
101
36
124
152
77
255
248
2
293
432
420
177
65
180
211
17
13
4
427
400
4
38
412
263
297
2
1
276
245
149
103
4
163
273
121
72
9
43
2
318
179
173
147
119
281
127
10
107
23
14
376
343
150
1
12
23
181
248
225
371
28
286
32
246
217
320
248
15
371
3
15
235
9
45
1
1
376
402
61
10
181
7
168
89
35
439
150
177
272
1
86
240
57
33
2
109
27
1
23
9
413
340
497
142
80
262
17
265
245
126
34
198
1
117
61
61
262
372
15
139
27
44
27
21
169
270
31
33
188
276
302
48
349
76
130
271
1
144
76
10
4
6
43
34
221
314
140
18
32
140
1
345
140
17
465
84
426
222
27
495
10
404
35
29
3
323
342
473
41
351
358
54
390
66
197
47
88
76
344
331
282
340
253
114
453
45
170
24
416
176
31
49
38
395
106
64
16
447
240
59
71
186
144
37
463
258
361
432
355
68
75
498
1
274
393
148
45
328
69
168
204
150
7
1
148
399
42
81
12
282
469
130
201
220
4
255
216
353
56
49
259
246
19
208
79
196
201
3
131
31
143
53
236
9
244
15
121
30
228
159
447
6
140
161
490
5
338
4
195
412
45
272
120
18
142
5
273
206
375
260
19
1
480
44
86
284
10
422
3
485
35
39
169
187
11
131
6
184
403
145
35
373
94
18
207
44
236
7
299
331
18
426
36
486
140
2
4
7
65
311
201
367
157
1
162
5
16
63
1
289
478
142
206
242
27
340
187
88
353
265
213
3
161
18
206
8
399
10
370
363
325
88
137
137
360
123
423
310
57
3
176
242
314
253
6
21
493
221
1
109
133
186
232
167
151
190
273
163
269
283
78
172
331
28
253
115
464
277
16
384
315
101
312
18
118
469
42
1
26
327
383
39
40
345
2
12
228
135
160
163
22
202
175
469
322
124
32
18
134
51
5
7
59
137
360
121
174
84
489
311
463
12
35
41
11
100
258
254
1
125
12
23
179
88
298
83
4
41
12
97
136
200
490
423
43
57
8
8
128
252
330
26
338
320
4
172
103
240
307
6
143
301
204
171
292
70
17
313
156
413
153
22
2
238
285
140
465
352
21
390
160
25
118
223
83
355
2
3
410
203
16
144
82
242
24
1
159
1
242
440
11
92
153
17
26
43
96
66
487
7
164
478
468
340
12
288
83
1
54
2
223
87
9
29
27
156
22
172
1
27
26
118
393
6
241
45
148
143
321
1
299
6
252
243
26
12
336
456
99
106
52
263
13
7
16
313
5
39
229
171
71
129
25
214
144
6
328
432
129
146
255
118
7
20
180
4
462
181
67
1
359
137
19
25
73
192
4
75
61
107
224
234
241
31
80
335
30
151
307
199
57
146
414
431
195
17
31
2
109
7
310
319
21
5
441
118
46
13
88
27
412
173
17
377
28
134
262
369
13
308
147
215
17
208
31
185
134
427
410
6
84
453
13
219
446
59
140
50
23
342
498
166
2
335
29
369
399
151
15
132
40
295
38
7
337
17
30
67
409
266
6
425
38
22
9
270
82
465
72
65
425
5
242
29
346
243
2
34
127
259
21
4
40
493
11
14
376
21
19
2
61
131
27
408
17
100
4
97
444
46
316
23
1
45
77
149
395
234
5
295
35
200
409
253
10
248
293
68
14
27
2
356
261
10
185
331
351
31
156
2
126
288
210
100
424
91
14
472
1
34
380
148
174
360
477
114
244
438
88
35
314
83
238
358
364
68
209
39
474
492
280
167
97
2
387
258
359
421
15
4
311
183
11
299
31
399
218
51
6
203
207
206
22
162
278
4
162
240
279
47
127
73
67
245
28
207
56
337
446
453
55
481
36
429
30
149
260
39
341
186
381
217
46
3
61
74
430
12
169
227
90
488
304
287
222
74
159
208
56
2
3
12
6
1
231
56
52
367
35
59
147
365
15
303
3
33
78
56
500
317
225
152
129
375
119
129
244
185
1
19
15
15
303
1
447
28
288
109
59
184
345
1
16
482
202
436
2
137
5
305
148
199
70
7
19
456
19
141
114
83
208
248
15
309
284
36
388
4
225
480
91
60
113
9
219
114
383
192
121
168
223
136
195
4
256
220
30
355
69
13
174
215
33
41
57
194
395
202
160
23
28
266
3
34
27
304
105
279
131
293
403
3
24
82
263
94
3
17
313
182
205
496
284
90
107
123
9
16
486
80
30
127
47
94
1
91
286
483
308
22
12
210
1
19
358
166
27
393
14
237
493
188
57
163
282
38
162
235
232
176
12
22
268
431
64
319
29
6
3
117
418
74
49
16
12
20
240
321
99
336
457
458
71
183
448
306
64
344
3
268
78
447
109
5
20
141
363
87
306
392
353
55
18
5
6
417
50
7
406
324
20
255
290
256
304
84
443
443
26
60
75
34
156
23
151
256
255
38
196
240
57
458
488
165
234
4
46
55
367
112
145
72
211
249
40
241
130
241
60
83
325
143
401
277
383
18
25
2
270
31
17
489
54
59
10
222
390
125
328
174
176
36
239
2
39
33
284
364
5
292
234
68
5
18
403
16
157
346
148
479
17
9
110
57
1
438
13
234
220
121
98
87
485
165
40
32
138
190
18
455
368
127
160
238
135
36
475
344
109
95
226
124
3
334
435
315
384
498
322
305
18
74
28
12
294
260
388
9
2
89
1
125
153
226
83
427
74
361
49
126
12
30
54
96
52
168
268
373
266
23
253
406
210
153
498
62
478
370
215
55
213
46
39
384
68
65
3
79
241
198
105
107
37
68
289
24
37
355
9
56
166
336
174
91
133
20
177
3
51
93
155
192
443
156
9
96
382
269
342
259
419
269
2
78
204
92
90
234
378
401
1
4
105
24
263
448
412
23
100
5
47
128
27
8
9
50
13
86
5
478
116
190
268
47
22
84
30
4
316
99
229
4
493
438
1
340
185
19
12
71
7
287
50
429
22
7
159
68
293
436
10
52
5
22
264
283
76
210
302
144
292
234
422
20
222
3
61
146
450
119
28
105
180
282
36
375
349
68
49
32
1
454
18
222
183
454
112
41
1
109
422
11
11
20
105
231
386
93
38
181
449
94
386
116
38
127
314
14
6
363
459
16
401
3
1
208
37
252
481
125
432
11
58
354
343
461
293
89
30
465
428
304
459
4
157
419
348
287
221
464
8
11
326
127
376
250
19
44
93
184
378
80
353
121
20
227
310
4
29
244
3
405
20
108
11
153
24
248
233
21
48
127
381
309
408
148
21
1
12
361
423
63
9
63
37
142
324
182
3
64
5
10
466
148
99
21
113
205
176
25
300
4
48
495
211
451
104
3
53
365
50
500
435
17
5
10
338
166
313
302
313
99
182
435
79
238
75
134
421
200
3
49
387
241
290
50
262
407
2
36
194
138
412
80
196
325
20
322
62
31
211
348
101
10
67
61
62
375
26
377
137
76
48
245
381
48
315
52
391
363
240
26
27
185
173
2
82
163
46
1
98
3
484
48
99
236
