39
5
6
1
334
32
1
286
1
1
2
17
2
10
1
79
186
107
66
50
2
1
2
401
1
249
27
399
183
23
125
25
27
35
4
3
365
24
33
13
368
5
1
38
173
10
157
76
2
11
1
18
79
72
21
54
102
3
47
9
5
5
9
1
2
31
11
1
1
4
187
17
9
139
25
41
5
172
68
1
7
6
102
44
9
165
1
62
1
1
1
33
31
1
12
71
76
177
2
156
400
163
405
119
101
39
32
1
348
166
2
9
487
1
2
13
12
10
6
144
6
5
1
338
68
3
22
1
3
3
5
7
2
13
235
209
1
7
114
10
86
18
238
6
9
197
16
9
2
82
37
17
9
4
1
1
1
51
261
6
146
414
222
35
3
2
2
233
6
2
3
22
156
1
26
1
91
33
195
49
36
14
1
435
264
1
1
4
331
135
7
21
25
1
147
13
30
181
54
22
378
272
74
168
165
377
3
99
43
5
2
4
239
17
335
464
6
2
76
32
8
5
75
28
151
362
10
176
19
5
9
267
1
17
5
172
1
296
60
2
1
141
357
10
8
1
31
286
57
1
95
6
1
101
83
3
23
89
1
1
5
5
1
152
15
72
17
435
135
36
1
1
237
22
3
158
22
14
2
1
35
9
7
30
1
22
3
1
6
3
3
13
17
2
28
173
1
6
17
40
64
4
7
6
1
172
10
7
477
54
360
20
276
35
1
2
4
96
60
11
22
317
198
105
24
36
14
47
9
124
91
1
1
8
90
86
1
2
8
97
8
110
2
74
3
143
319
17
75
259
122
105
53
68
26
395
1
54
1
10
1
44
12
28
49
2
260
1
309
217
63
31
2
2
1
145
1
16
1
29
56
1
56
32
3
43
36
14
68
11
204
165
61
2
81
4
143
14
5
2
59
29
324
469
42
5
10
432
1
27
17
4
299
1
462
259
83
2
2
14
1
2
78
79
219
60
106
71
1
4
1
5
152
12
95
2
14
2
33
13
30
218
121
15
191
197
15
14
88
27
190
440
1
409
5
1
14
8
6
8
498
10
195
6
2
1
91
1
213
38
469
202
1
1
4
2
48
138
16
212
35
42
7
148
2
5
22
1
2
3
7
163
20
9
18
2
57
44
74
39
30
3
53
335
143
3
22
23
228
1
196
1
8
1
2
7
49
5
52
189
65
29
3
18
90
15
373
408
20
18
17
1
2
142
11
1
251
2
1
46
4
1
188
35
69
1
89
1
69
138
13
1
32
39
5
1
18
2
14
16
6
8
3
383
2
333
381
253
242
1
252
7
1
43
3
41
67
414
362
95
7
1
375
1
117
47
94
420
2
16
2
4
48
1
9
1
2
168
13
37
214
337
55
9
1
103
8
1
4
18
1
77
7
318
1
86
3
447
9
2
83
233
270
88
225
73
38
245
7
9
239
1
36
49
1
12
48
188
2
86
44
4
23
265
3
403
31
125
203
14
301
57
1
28
3
20
5
1
19
2
169
3
172
267
18
1
1
2
1
47
4
21
41
33
4
116
4
1
77
1
1
71
1
6
73
10
143
78
11
1
4
1
7
1
302
25
1
316
2
2
2
1
102
157
40
10
85
42
1
66
10
1
1
5
14
63
2
411
14
191
344
296
4
1
1
51
121
125
24
249
214
8
4
108
191
66
3
78
2
428
14
106
34
2
9
26
27
1
2
8
3
149
413
2
1
35
2
194
10
10
268
1
58
150
12
9
76
482
117
3
34
74
1
1
190
2
98
111
15
44
456
1
1
26
7
1
25
248
10
187
70
232
22
14
27
3
2
2
28
1
356
38
161
56
9
20
22
2
307
41
1
9
22
17
6
2
159
8
27
5
269
3
1
64
375
9
3
28
120
30
57
34
1
4
110
162
86
1
1
16
8
220
79
108
1
273
1
1
18
9
2
28
65
4
27
5
206
447
87
2
4
10
220
11
2
185
1
1
1
2
72
20
69
225
95
319
1
11
4
6
1
1
100
145
59
10
194
1
5
2
18
68
6
52
318
20
278
1
296
7
108
162
8
4
12
136
32
13
32
4
8
11
1
111
1
1
2
29
1
454
382
1
1
4
21
3
1
11
6
291
227
9
329
12
6
29
22
16
1
16
339
33
71
8
2
5
337
11
2
403
2
1
173
1
8
32
9
1
33
65
104
4
2
24
484
214
2
4
65
3
1
306
321
48
7
145
2
84
116
294
154
1
135
1
5
28
1
56
4
1
2
1
1
12
16
254
216
2
2
68
2
74
2
2
227
10
165
2
479
5
340
1
45
40
164
102
9
41
1
147
24
295
13
1
5
11
6
8
126
2
126
11
14
10
38
55
13
24
1
281
4
58
6
8
18
10
56
371
76
13
165
5
2
3
8
151
43
1
1
5
26
39
1
440
1
17
67
102
4
306
1
7
14
1
61
10
20
14
3
2
3
21
56
4
146
30
2
460
6
1
30
15
440
2
10
1
377
49
1
80
492
451
9
2
5
330
1
11
290
20
429
3
97
6
3
4
15
117
119
3
45
1
14
2
1
141
16
330
403
5
70
1
1
4
3
2
17
13
13
1
483
53
3
3
2
23
8
6
23
10
39
4
77
248
10
445
5
277
2
1
1
41
2
322
1
75
23
1
7
28
7
1
7
2
270
8
217
5
121
1
159
419
1
1
2
116
20
389
19
5
106
19
1
334
353
3
2
111
30
130
2
78
1
5
195
5
147
7
1
87
467
425
194
71
48
1
4
430
385
35
121
54
26
12
118
20
140
175
1
13
1
96
14
485
20
41
5
1
148
9
37
7
10
42
24
10
1
12
3
6
1
18
2
4
450
123
73
11
24
3
1
380
279
2
213
4
109
4
4
7
433
2
12
36
381
2
17
1
50
64
143
1
57
6
30
1
55
154
142
267
19
3
40
192
1
19
70
1
2
47
40
472
25
275
1
40
29
1
18
2
28
42
28
8
432
107
99
3
170
1
26
28
7
2
7
43
3
491
287
132
370
35
36
295
221
4
46
23
71
22
1
1
7
5
193
1
8
2
348
10
3
254
1
124
282
104
15
9
3
97
1
142
15
4
2
3
2
264
1
14
125
10
35
1
63
476
1
1
9
11
4
1
10
127
2
4
1
34
56
379
5
55
14
1
1
42
3
173
3
1
18
14
7
132
9
3
162
350
81
1
331
1
1
17
375
156
1
1
1
1
6
55
57
1
5
15
7
36
5
5
84
26
19
3
15
3
286
89
1
2
333
60
234
1
5
26
371
245
2
5
60
5
68
1
126
144
311
1
80
6
10
59
21
2
1
19
1
44
1
18
5
2
4
1
233
48
6
7
20
1
434
124
1
6
226
35
10
461
158
263
20
14
2
3
262
4
6
1
43
22
1
1
47
15
121
480
8
12
332
22
4
1
4
418
338
1
30
110
1
95
200
387
1
121
81
65
14
15
8
4
6
196
1
415
2
2
91
95
1
2
1
2
2
313
2
197
268
4
449
1
2
2
74
30
58
2
11
12
25
2
54
64
460
10
32
7
83
169
10
306
1
22
21
44
13
464
89
3
70
96
1
307
2
334
1
6
2
4
56
19
4
6
3
5
1
1
70
2
77
5
107
87
2
11
415
31
40
11
9
83
70
181
392
2
5
1
19
312
87
3
34
42
46
331
230
2
312
1
116
303
120
1
2
66
132
2
7
9
117
131
1
395
266
4
57
37
252
131
34
1
342
13
18
378
8
1
8
6
133
4
9
84
4
272
53
7
47
1
52
3
3
4
48
1
134
1
130
30
30
153
7
2
88
2
4
9
75
292
69
44
1
2
3
13
1
7
321
5
440
114
177
1
200
2
38
4
55
1
2
1
16
201
1
1
372
8
25
4
1
2
172
1
5
3
404
2
6
8
25
227
95
5
1
2
5
11
21
26
133
69
2
470
1
236
1
19
105
3
398
11
38
178
338
12
11
77
37
1
3
1
37
51
159
13
21
1
11
1
84
78
13
1
7
3
22
4
83
1
5
24
27
20
26
308
8
1
1
170
5
5
3
24
424
8
25
65
13
52
97
7
1
59
402
1
279
139
4
1
6
6
21
16
58
9
481
17
140
139
1
1
160
269
45
13
110
37
371
1
15
3
41
407
117
8
8
10
355
51
263
186
49
1
53
32
125
446
2
66
16
1
136
135
85
1
14
15
218
42
128
163
4
29
19
1
56
3
14
80
149
134
1
53
3
22
55
10
2
271
352
2
26
1
28
92
2
7
59
21
22
6
14
339
7
5
13
111
291
6
159
21
113
1
3
1
2
2
198
15
112
4
2
3
1
6
27
135
8
401
200
10
30
25
6
37
3
176
96
23
3
1
4
67
284
33
13
1
47
9
1
228
22
44
383
114
4
9
174
2
1
3
338
6
28
1
38
232
39
27
4
42
2
73
2
6
31
10
1
79
2
3
1
1
5
46
23
6
3
2
84
18
293
3
1
2
12
168
1
472
1
1
8
17
1
7
61
1
3
1
339
145
1
361
172
4
373
6
8
213
3
4
1
74
40
35
1
1
102
48
65
1
1
215
413
5
15
227
1
24
3
29
23
110
3
74
34
36
6
4
1
25
200
192
20
2
3
68
1
80
169
1
1
92
15
12
1
1
6
7
4
1
405
2
3
58
1
1
35
20
3
1
159
1
1
12
2
1
15
25
366
6
22
1
32
278
2
105
176
1
77
9
3
170
9
261
107
4
9
1
37
4
2
1
162
168
7
32
229
61
176
50
491
6
1
44
22
2
187
121
3
285
10
30
95
276
7
195
17
26
4
352
176
44
190
53
32
127
248
472
125
4
436
7
4
448
5
63
34
12
39
404
1
21
53
15
18
2
353
12
134
4
131
2
28
18
8
2
305
174
368
1
261
36
3
11
137
265
6
3
2
4
35
1
2
72
8
499
2
49
297
209
2
234
3
156
5
16
266
129
1
4
30
62
83
11
19
6
4
18
217
1
2
2
77
316
12
4
1
141
2
413
204
125
41
89
1
27
5
159
42
402
17
17
79
4
1
1
10
2
2
2
125
80
52
65
337
1
16
25
289
4
5
396
28
17
22
35
1
41
225
20
1
32
1
1
4
11
1
4
200
5
171
364
372
356
6
34
20
42
3
1
1
435
2
3
8
8
85
1
225
5
164
338
8
47
16
37
11
29
79
2
2
322
8
14
200
235
411
84
1
264
8
2
300
1
126
1
13
4
48
12
11
165
12
7
24
6
116
1
23
1
200
1
95
3
122
22
9
121
241
1
195
184
16
428
79
108
61
9
4
3
2
1
1
5
49
1
4
309
403
44
312
12
3
60
13
1
149
2
53
65
77
6
352
1
3
2
26
1
4
1
10
5
69
58
1
7
1
1
11
23
3
1
2
3
9
4
15
1
9
1
14
17
54
6
60
96
1
34
9
1
1
31
8
56
73
103
5
137
72
1
1
1
3
4
146
190
84
5
90
8
25
79
8
67
5
27
77
1
5
82
1
392
1
17
270
7
62
23
97
275
146
1
39
190
3
1
2
85
80
17
242
15
2
377
23
4
53
216
6
259
9
61
1
6
1
63
1
24
1
1
20
1
2
148
6
1
4
2
7
216
171
5
159
198
1
130
1
6
70
21
4
37
304
1
84
244
161
20
37
39
27
1
36
221
37
498
54
245
4
1
15
2
21
3
9
3
37
3
291
103
3
12
2
39
18
1
253
1
320
131
1
324
1
471
12
140
214
190
1
1
345
51
7
261
344
99
43
8
1
113
11
30
143
173
1
8
157
246
290
31
18
17
86
138
1
44
10
109
442
1
39
37
142
22
64
55
3
81
11
10
1
26
390
3
411
16
95
1
1
14
90
1
1
21
310
3
2
1
2
6
6
6
1
146
26
2
17
9
193
12
37
219
31
53
42
2
252
17
325
64
20
1
63
1
105
486
19
434
1
225
112
236
10
63
5
1
15
8
3
3
1
109
347
1
21
288
32
1
7
38
133
374
13
19
9
59
1
1
1
297
5
16
78
5
23
3
1
12
32
22
47
204
2
5
263
6
1
10
24
13
137
3
2
5
476
147
30
41
38
187
18
12
1
1
29
3
242
6
13
273
41
23
35
19
32
2
224
2
304
390
62
213
141
2
1
8
60
1
4
230
2
10
5
52
4
237
28
3
15
29
83
14
52
38
3
74
1
3
2
1
1
7
463
10
19
257
2
3
3
12
1
11
12
11
7
14
1
4
69
2
2
64
7
3
98
12
139
251
309
4
144
34
178
1
1
75
5
1
61
1
1
81
2
8
8
2
14
63
296
8
6
7
26
4
3
7
54
322
132
3
71
1
1
13
6
338
157
35
43
1
14
1
7
191
16
10
1
2
39
43
162
18
61
4
275
236
1
2
160
29
157
3
4
1
8
185
25
41
251
40
274
154
1
190
199
2
23
40
347
8
3
117
45
1
212
22
5
4
403
96
2
27
52
2
178
3
79
4
51
494
151
1
26
25
1
5
15
1
81
127
6
9
136
2
2
1
1
431
35
1
2
5
1
29
210
10
4
1
127
2
1
1
8
86
3
2
1
1
161
1
3
3
421
51
2
1
253
2
2
471
16
429
247
2
7
2
19
1
10
5
2
51
217
234
126
80
16
258
25
3
16
1
17
2
170
3
98
2
3
45
62
38
27
17
469
2
162
2
59
2
307
149
27
66
60
362
180
23
75
74
113
50
7
86
2
296
189
162
36
12
19
22
32
20
88
255
10
1
5
460
16
1
60
217
113
9
7
1
302
12
2
13
2
229
118
5
21
5
88
1
2
81
70
1
15
69
69
3
125
379
286
32
184
18
2
58
4
4
279
478
89
1
1
84
209
19
42
189
4
65
91
6
49
45
2
80
2
1
6
77
165
100
316
84
225
4
73
366
3
1
275
3
298
51
310
17
4
5
15
182
13
2
28
17
200
471
412
101
3
1
43
38
96
1
3
253
16
16
3
3
308
15
13
35
3
30
21
38
60
124
22
30
11
47
1
14
1
145
28
301
3
1
59
5
2
170
311
33
4
3
1
3
3
55
17
2
15
101
8
11
320
43
1
17
2
155
17
238
19
12
1
280
23
15
5
32
4
279
1
1
127
9
308
50
114
358
307
1
60
2
7
84
39
3
14
3
449
38
125
22
4
3
53
94
8
343
2
1
5
25
1
35
184
6
174
1
2
2
32
61
3
2
6
9
1
4
125
31
32
7
1
24
219
264
7
138
28
196
1
105
5
4
1
80
3
135
3
4
49
11
1
2
3
1
89
21
4
106
1
431
3
31
8
163
44
299
304
1
5
1
96
9
4
3
269
52
293
38
20
19
82
2
36
140
295
43
78
21
288
315
3
192
42
463
285
329
132
1
12
452
81
2
1
1
23
3
134
11
35
93
179
47
3
27
17
178
4
1
35
15
28
6
73
112
8
7
31
155
63
173
1
19
6
48
1
6
118
1
2
19
141
8
1
61
21
241
1
9
6
37
178
4
186
134
178
1
279
1
3
2
1
1
2
3
40
154
3
6
16
8
2
7
1
1
146
13
10
58
221
5
25
1
1
11
1
44
45
96
16
25
83
2
2
387
185
1
2
1
1
12
197
27
93
5
58
438
1
152
19
126
157
2
99
1
3
133
69
67
151
70
8
7
7
2
20
132
4
55
6
66
5
218
1
416
4
13
25
1
8
108
189
1
1
19
129
273
168
23
2
190
13
9
14
123
36
2
56
79
26
83
76
430
477
48
4
430
4
1
39
119
2
17
8
341
145
15
8
8
3
261
14
51
18
4
31
29
1
1
1
1
3
271
8
1
4
416
1
39
455
2
23
25
28
26
259
5
4
20
7
103
10
446
23
280
2
113
48
22
2
2
95
62
236
2
16
54
144
7
12
15
68
54
1
1
57
37
1
12
4
1
154
35
8
86
9
4
3
27
76
80
4
52
1
35
14
22
1
25
87
178
48
12
340
240
282
70
1
56
16
1
43
129
12
10
61
8
7
76
413
1
245
4
1
38
221
3
6
1
5
7
1
1
7
123
12
2
3
4
148
47
1
59
13
47
34
3
1
91
2
2
93
2
26
51
1
72
25
21
2
31
475
1
166
201
4
2
1
7
2
81
56
55
362
6
43
1
1
11
1
170
14
1
108
3
1
1
2
2
3
73
302
53
85
3
1
12
3
21
286
34
33
6
13
35
35
6
451
2
2
2
377
74
136
23
168
34
3
2
2
53
3
4
1
69
37
13
23
84
62
2
2
11
9
103
2
38
13
222
6
3
1
330
2
14
29
361
52
3
33
25
42
4
5
21
3
57
2
44
15
97
71
2
286
72
73
3
1
29
38
204
410
108
106
217
149
475
36
2
36
496
38
133
4
2
66
416
214
1
126
4
22
1
15
1
26
2
8
150
1
3
8
2
2
67
52
3
138
1
279
1
12
1
5
16
10
4
101
36
107
12
34
11
12
2
30
92
1
184
1
7
2
2
80
89
22
4
99
1
43
183
48
18
183
13
4
54
1
8
374
47
4
4
48
82
5
499
292
60
146
25
1
29
350
82
453
21
114
1
39
385
130
2
37
324
2
104
5
37
10
115
1
3
9
2
6
90
3
102
2
20
8
54
1
70
30
24
275
10
10
267
204
30
374
5
95
117
1
4
214
5
323
7
24
1
4
1
1
181
416
147
104
102
475
7
6
148
18
17
4
235
25
403
1
85
9
8
1
1
1
2
3
5
5
27
1
6
412
322
30
15
126
360
30
5
34
41
3
18
1
7
77
4
1
144
65
122
3
46
11
2
1
25
1
36
82
37
406
24
23
9
431
56
1
281
148
1
240
3
4
1
47
101
2
288
17
474
83
408
317
3
14
3
2
8
29
305
14
198
1
5
132
96
176
211
4
57
4
15
1
2
37
59
125
1
45
1
5
66
9
2
2
94
1
3
74
5
37
1
20
17
349
1
1
4
276
328
411
17
15
5
399
3
5
24
149
1
154
44
14
2
1
143
2
100
20
12
450
1
267
343
73
1
1
493
13
4
1
36
131
108
8
2
162
3
41
21
1
29
483
93
30
7
72
358
447
190
110
55
20
1
1
87
27
8
2
61
6
336
4
102
6
1
24
14
2
28
2
217
26
282
60
166
121
43
1
13
98
96
1
487
1
1
19
499
18
1
1
399
32
3
42
27
279
2
1
298
23
1
4
3
213
48
3
50
494
233
7
1
16
1
39
21
10
2
1
397
1
21
1
11
19
422
3
2
1
20
1
3
1
230
366
133
144
13
1
1
2
13
2
7
8
65
4
1
13
1
22
233
67
4
114
8
1
3
25
21
12
2
9
322
1
34
17
9
39
102
5
1
50
4
184
1
22
10
3
2
10
1
1
471
320
2
75
6
51
175
155
43
59
2
123
286
166
1
416
16
22
12
2
424
93
79
68
77
8
5
27
299
14
3
166
5
181
325
6
66
135
386
69
148
116
72
54
22
107
120
3
7
2
12
217
164
4
2
4
12
45
13
43
10
27
5
29
2
1
12
7
3
2
2
150
1
1
6
3
1
39
13
30
53
34
4
8
99
6
12
36
2
2
163
2
73
3
1
40
60
3
90
3
2
9
11
92
6
364
292
9
90
483
2
10
11
101
11
1
166
1
79
3
5
3
70
173
333
11
7
410
342
231
427
3
1
198
1
2
119
9
1
20
2
2
3
1
7
209
2
207
27
2
9
5
10
2
169
262
10
122
15
200
39
383
56
75
51
5
167
10
1
1
15
242
14
5
170
3
475
160
4
2
182
26
21
126
1
318
97
1
3
2
5
27
443
220
13
1
11
475
1
12
27
56
114
13
57
16
4
421
66
264
6
37
3
20
65
5
30
19
4
34
344
298
342
1
43
3
159
4
17
463
20
349
54
13
1
67
1
6
16
2
5
7
1
313
17
15
1
6
44
4
62
325
10
1
8
15
7
1
21
172
16
196
3
1
43
39
4
13
6
57
11
100
1
84
1
20
188
13
11
343
61
10
58
1
223
379
162
1
3
15
2
1
23
15
54
96
2
90
201
1
2
1
27
1
1
58
9
13
406
3
268
67
1
2
46
403
1
2
3
3
134
144
137
288
3
16
209
37
8
21
1
63
74
1
41
1
191
20
5
9
34
197
263
86
2
68
1
59
3
494
40
323
118
2
286
5
10
1
4
205
11
1
5
205
1
3
367
21
291
9
109
178
341
1
1
10
280
15
2
103
10
109
419
6
7
43
1
35
2
1
346
3
13
3
206
8
133
2
17
65
90
57
274
1
6
463
14
337
3
1
11
1
2
6
38
35
308
2
3
301
3
115
1
2
17
1
1
17
14
7
58
11
159
12
5
9
193
5
109
1
7
9
386
1
141
95
24
23
152
353
462
2
1
2
388
58
15
32
1
23
33
1
325
61
126
1
204
16
300
103
46
6
314
385
123
3
17
1
20
186
4
146
4
3
2
4
67
4
1
1
1
4
117
14
5
5
15
80
2
145
228
23
20
1
236
7
2
10
22
3
1
10
20
58
1
6
183
47
247
211
3
5
488
157
1
59
33
2
12
4
5
5
271
448
9
8
39
186
31
2
241
274
7
11
25
1
5
14
319
1
10
1
62
1
1
3
255
38
2
41
4
410
2
44
12
1
7
20
5
109
73
38
33
3
1
34
1
5
12
6
32
6
400
36
6
199
1
17
11
262
2
182
1
475
194
130
2
5
27
413
306
212
3
4
1
1
1
1
22
9
1
8
3
15
183
4
4
51
9
3
134
6
6
105
1
1
2
1
83
17
33
8
1
99
2
1
40
2
319
1
61
16
133
1
1
6
9
3
166
1
8
4
75
216
1
152
58
1
20
8
490
2
68
38
33
384
37
135
277
56
9
4
4
81
66
4
18
268
123
8
37
1
1
34
20
20
35
12
16
187
357
14
10
11
1
135
3
308
87
10
3
1
1
7
89
2
113
64
5
5
1
69
276
83
48
3
1
134
81
39
116
247
1
126
5
1
14
3
57
288
36
2
484
12
3
64
50
148
28
31
114
1
41
1
57
4
165
200
8
1
90
130
7
6
9
27
15
230
75
498
13
63
3
296
28
3
9
287
361
409
4
168
2
258
357
211
22
5
2
3
4
27
202
35
1
152
271
116
3
64
3
495
1
201
1
59
2
15
24
18
300
3
432
11
63
29
1
41
45
1
5
251
21
17
23
16
42
244
306
379
321
19
25
1
2
2
101
1
2
41
31
155
465
443
2
113
1
5
1
1
56
47
136
24
41
232
37
49
319
17
1
1
24
2
12
11
7
20
2
5
2
1
3
2
3
6
23
132
49
13
2
10
245
210
18
84
202
17
126
180
62
19
58
427
8
18
1
246
393
29
67
24
179
40
290
393
48
1
16
409
5
3
18
44
1
1
140
8
27
1
24
159
7
2
106
53
1
1
183
430
15
8
29
4
2
16
11
8
30
99
362
302
1
101
32
45
19
1
145
16
38
1
4
47
96
8
172
2
38
388
59
3
48
4
12
1
4
16
47
4
298
2
1
34
218
179
1
2
16
452
45
37
20
1
299
1
1
18
188
306
21
2
2
4
25
3
8
20
8
1
84
31
59
192
50
3
2
1
105
47
164
1
2
29
2
2
337
16
179
23
13
1
301
25
14
23
1
3
14
4
49
171
119
388
16
17
19
485
4
497
4
9
12
6
4
1
2
16
24
2
435
5
10
7
16
31
1
202
419
39
34
291
155
68
128
23
112
4
5
114
15
21
1
290
2
354
11
3
303
1
268
2
7
14
2
90
5
160
4
1
3
1
125
41
58
1
2
1
56
411
17
1
1
4
33
1
173
298
69
5
423
1
38
17
83
486
2
1
42
57
1
6
89
5
11
55
14
119
1
20
11
14
7
2
176
263
53
19
121
23
1
52
28
3
1
1
17
4
1
63
3
1
6
181
290
12
170
5
10
189
41
13
168
66
1
36
9
7
291
23
3
4
1
90
11
442
21
1
1
20
100
9
85
54
356
22
80
3
436
4
3
8
484
110
6
35
3
4
123
67
80
32
2
1
136
2
1
3
112
52
100
15
13
18
221
1
276
1
12
163
9
310
10
6
1
1
32
2
11
2
187
36
144
14
26
22
18
1
3
85
173
28
10
2
342
8
44
378
16
50
1
4
1
28
44
3
4
33
21
1
52
7
52
1
10
10
1
348
378
30
104
5
22
26
62
1
13
14
23
1
352
299
2
17
1
156
458
2
97
5
9
9
6
4
1
26
397
23
3
160
5
25
51
424
315
1
359
7
28
2
8
1
296
64
6
235
15
161
27
105
290
2
27
106
1
56
30
10
336
11
28
3
229
1
8
126
4
2
50
8
6
2
4
1
120
2
2
11
2
206
61
59
1
10
4
44
1
99
58
1
131
22
53
4
5
4
43
14
9
15
425
1
65
1
13
1
3
65
134
6
192
3
5
15
7
1
281
47
1
1
22
2
1
47
1
82
1
1
4
115
18
16
20
4
422
1
19
43
2
87
11
96
1
363
10
10
95
5
6
260
1
22
33
90
110
1
1
58
2
1
12
28
4
11
15
71
133
4
17
75
1
12
16
9
1
148
4
319
9
4
3
5
6
86
5
1
119
41
1
267
120
1
93
1
32
19
77
198
118
7
322
2
5
231
1
4
13
3
3
158
2
3
1
1
102
1
96
237
1
8
4
8
10
424
27
19
98
1
9
2
2
36
14
1
4
9
2
496
4
2
1
3
5
82
157
167
1
255
41
6
2
170
2
1
2
100
81
202
64
2
16
270
52
2
35
217
1
38
1
1
8
87
37
123
3
68
2
118
2
1
39
23
416
84
263
6
56
3
1
57
3
483
3
206
7
20
37
49
2
101
4
58
222
14
46
1
63
1
4
259
1
42
4
1
27
113
1
2
7
183
8
26
1
250
148
5
1
3
1
29
5
1
113
1
2
17
236
9
1
202
26
25
40
30
1
17
3
177
4
1
97
7
2
22
15
189
1
39
113
10
10
9
7
42
333
122
134
21
4
418
1
262
1
45
62
19
490
3
5
1
21
87
31
97
381
1
1
193
24
284
359
2
1
243
62
32
62
45
210
12
4
1
17
1
62
1
122
1
394
1
1
84
38
350
38
19
2
12
1
234
92
8
6
1
2
109
2
2
186
22
99
104
3
4
42
290
456
328
114
4
123
443
311
57
55
1
217
6
7
16
2
3
85
40
60
303
20
2
57
5
13
484
26
61
1
149
7
138
2
79
33
1
36
37
261
37
156
22
150
2
17
1
38
3
2
238
30
158
80
1
7
1
1
3
1
30
12
144
383
5
47
8
56
15
118
111
2
38
1
35
14
2
4
13
73
7
172
1
52
2
8
52
8
180
259
23
79
4
3
74
1
2
6
21
41
114
74
19
56
1
1
19
3
1
1
40
15
1
1
141
154
6
405
2
1
5
33
1
11
1
303
12
5
22
26
394
46
4
63
1
1
1
267
400
185
34
19
17
6
3
2
3
17
30
2
148
123
162
3
166
75
9
6
18
76
326
202
30
32
6
7
1
7
131
66
409
67
77
265
23
2
1
1
43
8
15
25
8
243
303
2
2
39
253
38
1
23
7
417
54
67
1
1
1
120
2
300
3
1
17
147
5
254
74
420
23
41
234
152
46
412
145
2
76
244
212
99
62
1
29
383
38
16
5
136
4
288
327
418
283
8
454
1
6
9
41
2
5
8
14
11
76
3
12
248
125
13
295
199
481
3
80
36
476
1
1
18
158
322
10
9
68
72
129
67
2
2
1
312
201
3
8
32
215
29
7
34
52
4
8
189
127
4
1
416
2
3
4
184
409
20
9
449
138
46
89
11
126
17
3
1
335
151
13
2
7
108
1
1
1
1
1
11
21
11
3
6
239
4
1
3
74
1
1
345
2
49
287
7
252
17
6
20
185
6
445
1
1
1
1
1
3
14
12
28
3
8
10
9
12
7
15
2
487
2
6
2
59
5
27
1
2
22
44
20
3
155
3
23
309
33
14
4
1
1
159
108
3
6
2
2
17
44
34
15
220
3
22
229
2
14
3
24
28
4
62
143
2
5
7
250
145
126
19
2
154
120
84
161
458
453
9
13
1
302
36
37
1
12
180
2
1
58
1
90
17
498
6
109
4
26
11
155
84
8
28
5
2
16
55
251
23
1
14
4
1
2
133
106
16
55
35
26
4
8
5
8
1
87
304
21
4
20
115
15
2
42
2
177
136
2
2
35
41
1
4
108
149
47
117
1
214
283
24
7
318
1
16
143
6
38
8
231
1
1
8
11
43
143
235
124
19
16
1
5
5
162
28
266
8
9
1
1
1
3
3
35
276
9
17
102
1
1
4
1
86
49
3
6
14
121
195
4
1
270
5
10
316
3
359
7
6
5
207
476
16
3
1
127
103
1
115
60
14
53
60
12
204
2
221
2
3
409
155
13
2
2
34
27
104
7
29
23
82
9
1
54
132
14
144
244
142
1
38
5
60
1
145
178
8
3
3
492
1
482
136
14
36
8
42
35
1
90
298
39
221
12
112
5
71
30
359
21
18
98
6
1
118
2
2
17
2
3
32
1
3
2
99
247
333
1
4
1
464
27
3
143
232
2
4
22
221
39
445
1
291
5
7
2
78
54
2
1
21
1
3
120
117
9
54
1
1
20
61
37
7
343
108
1
67
64
11
18
41
2
7
26
132
2
5
1
1
1
284
110
2
4
1
457
1
2
32
4
14
1
1
1
99
330
203
198
3
31
433
45
1
39
40
1
25
480
48
4
27
90
29
1
128
1
2
248
264
120
4
28
8
44
2
8
1
2
1
50
22
3
8
242
1
472
128
133
70
392
8
3
402
229
1
15
100
1
2
9
45
147
1
313
48
32
6
347
142
4
1
11
7
13
249
21
15
135
84
106
33
373
487
2
88
165
1
12
92
9
3
7
1
46
1
1
422
173
422
35
17
24
2
9
72
46
112
1
274
2
4
208
2
33
448
363
31
33
462
1
1
4
5
1
52
43
1
7
135
9
18
18
1
3
5
15
22
6
89
172
13
9
5
5
257
43
113
186
2
1
246
1
276
5
14
116
24
13
163
89
1
468
3
18
5
283
9
139
1
1
1
3
4
212
33
180
12
3
7
1
114
23
52
262
25
22
105
164
1
200
1
10
2
112
2
34
1
107
19
28
451
242
7
236
4
172
1
22
29
17
72
12
3
8
2
281
2
5
17
82
29
60
104
68
12
7
4
26
134
1
1
263
7
58
1
6
3
5
130
109
1
14
108
3
101
2
45
99
12
2
403
59
399
45
151
495
6
1
404
6
1
270
98
1
3
292
1
5
7
8
220
1
20
1
32
40
344
408
1
1
3
4
3
108
288
4
5
127
2
54
2
73
2
1
1
14
35
99
296
156
211
3
17
10
31
78
16
247
1
30
344
9
16
108
1
13
5
1
1
17
87
3
1
13
3
27
1
2
1
377
8
3
3
2
21
9
306
10
1
1
2
1
30
2
122
198
418
27
1
3
327
26
4
40
18
401
172
464
1
1
6
6
167
138
11
6
6
2
18
8
16
1
48
5
8
39
159
6
409
1
10
299
45
1
2
7
4
3
7
6
2
187
9
4
48
201
15
368
2
159
19
278
40
124
8
218
1
51
79
4
5
123
3
1
18
44
2
1
7
3
2
2
227
158
249
13
101
255
1
95
6
3
334
4
193
122
1
190
10
483
131
3
99
225
18
3
3
5
111
1
2
66
30
14
285
265
10
270
8
1
35
2
5
140
95
17
139
1
342
44
35
1
2
6
12
3
35
2
101
1
39
469
80
207
12
98
19
3
315
1
173
138
107
1
9
247
83
18
46
9
255
18
39
433
12
7
1
4
34
2
367
12
356
2
4
461
19
7
13
166
8
134
27
452
1
1
42
18
2
294
8
4
1
11
476
329
230
13
27
2
41
4
69
6
1
1
441
34
2
48
4
95
4
1
201
3
495
1
184
37
2
11
486
165
242
3
195
4
6
1
4
70
3
1
1
135
2
5
1
2
10
8
153
207
1
80
101
83
2
199
269
30
3
2
3
2
21
1
15
422
192
1
14
5
446
1
126
271
3
182
51
254
2
2
7
1
4
19
1
2
1
282
324
386
5
1
36
35
32
2
63
39
313
1
9
13
30
3
3
107
1
27
3
2
1
4
1
2
139
21
1
13
54
39
1
467
1
413
98
1
8
439
2
22
4
292
37
481
47
17
290
107
4
35
5
6
1
18
319
101
72
228
46
29
17
81
13
170
284
17
3
2
31
30
7
26
19
340
187
28
12
1
76
120
1
2
2
5
13
135
1
3
5
8
23
74
2
429
496
48
2
2
429
493
94
63
2
5
2
26
73
266
450
9
301
379
2
220
3
314
31
20
4
42
111
85
104
1
2
53
1
48
5
11
1
8
146
38
5
313
135
7
18
2
3
3
339
29
1
1
18
1
1
62
9
375
1
287
9
1
53
21
190
60
12
1
137
2
272
7
4
4
21
3
46
111
2
7
9
1
235
109
390
4
311
143
2
4
1
172
294
86
206
5
1
8
75
1
4
1
58
17
1
25
1
240
1
304
27
8
114
41
44
7
12
264
4
84
80
200
2
18
3
2
22
1
48
31
1
59
164
17
20
5
100
362
2
2
9
10
26
236
1
15
4
3
210
9
5
4
352
2
162
64
6
2
355
64
1
99
1
308
1
378
1
24
41
167
261
1
6
1
13
7
2
8
3
10
1
5
1
2
122
1
94
3
48
1
2
9
330
12
187
5
15
44
2
1
17
14
2
1
10
38
56
28
6
92
4
10
21
3
86
5
48
9
1
1
23
6
274
189
56
420
295
328
41
14
12
1
2
258
4
149
47
2
12
1
1
297
199
372
5
1
38
2
214
30
5
12
1
114
5
100
281
132
51
1
48
30
161
244
83
32
8
46
8
3
16
1
1
1
9
151
3
11
10
4
213
94
11
50
86
20
2
2
14
1
2
32
353
51
1
3
15
9
1
61
6
17
1
1
135
6
4
4
4
57
1
212
111
3
280
14
230
401
59
312
349
1
434
32
44
22
5
12
14
67
4
1
3
1
199
302
42
91
10
45
6
2
5
75
2
4
159
1
441
213
267
33
2
260
2
313
2
370
2
2
5
3
9
13
8
1
1
2
3
290
40
1
195
94
4
67
97
172
14
28
159
208
76
1
1
107
290
60
6
138
248
164
364
191
6
37
41
146
38
1
167
3
377
3
5
10
264
20
375
391
3
1
3
78
388
1
5
2
253
2
203
28
36
334
28
18
2
7
266
127
68
2
356
1
2
396
75
23
9
14
1
7
1
95
1
9
95
16
1
6
1
312
18
3
2
20
1
1
1
217
1
1
2
1
19
263
22
81
2
47
2
21
1
23
248
48
200
1
16
4
1
253
66
6
39
1
1
1
25
7
57
2
32
177
1
1
54
274
67
8
56
2
21
4
381
10
20
5
482
158
194
16
460
1
17
16
28
21
32
208
109
215
1
2
163
436
4
368
143
3
36
382
26
21
6
4
11
4
3
7
27
18
58
12
256
17
168
57
26
103
1
17
12
43
65
7
2
1
282
394
3
15
26
11
150
7
6
155
432
100
6
65
12
37
20
55
303
100
82
427
341
4
8
10
368
206
45
156
2
192
1
10
4
7
281
5
83
2
3
266
3
425
1
15
159
41
7
15
8
249
1
6
93
9
3
41
1
9
1
40
81
273
111
255
155
1
10
22
121
1
1
1
461
1
10
31
106
53
11
3
1
19
15
23
7
315
1
179
5
301
1
1
138
113
4
1
68
257
1
251
2
108
5
81
128
27
124
9
1
65
3
26
25
1
8
142
162
7
1
173
280
9
7
1
2
1
6
280
406
55
1
4
21
4
94
85
2
111
1
3
41
8
3
29
7
1
12
1
1
2
213
382
1
18
4
5
1
2
4
1
1
9
262
168
1
1
1
57
240
17
2
2
11
111
2
3
3
4
21
4
2
6
119
224
20
20
477
20
1
19
1
102
220
1
135
5
5
151
2
5
41
1
191
1
5
132
7
1
5
208
175
7
86
289
205
5
232
1
7
2
2
2
1
26
1
20
1
3
131
1
451
85
15
53
1
40
216
1
2
134
20
58
99
129
379
350
1
290
1
164
1
82
1
1
4
2
50
18
33
6
2
3
152
290
1
14
23
138
6
18
4
13
2
80
23
12
82
30
145
110
63
30
5
2
3
65
317
31
85
81
1
6
33
289
107
11
129
21
3
1
1
8
4
1
4
1
10
1
293
401
35
158
24
30
230
8
5
81
460
6
1
363
122
3
9
4
17
3
14
3
228
102
5
144
1
267
157
5
1
31
1
76
132
9
1
8
14
394
6
14
4
5
2
68
19
7
1
223
23
5
163
467
443
2
13
15
27
4
273
27
218
3
327
23
37
16
176
335
2
11
56
3
188
1
1
409
14
4
12
20
20
9
240
1
4
64
364
43
36
2
8
15
7
134
447
1
5
1
1
54
10
8
6
1
3
2
81
22
4
197
189
1
245
48
195
2
23
1
40
3
29
1
13
5
2
4
4
97
462
3
119
63
3
60
4
74
408
40
253
2
5
105
1
26
3
11
72
2
254
15
28
4
203
19
3
30
22
1
84
26
1
131
29
2
1
2
118
138
187
103
1
33
16
65
1
102
26
7
5
18
42
1
68
8
1
5
27
15
1
2
4
5
1
32
273
1
1
174
1
86
7
193
451
329
1
1
2
2
4
1
12
1
104
234
239
143
1
155
22
270
321
283
8
36
467
4
316
4
22
4
2
9
59
9
31
32
2
209
1
1
18
2
9
3
80
12
39
247
103
35
187
1
47
2
436
30
1
336
1
28
3
1
1
1
47
8
5
12
325
125
112
31
3
16
242
20
133
105
3
149
66
53
1
68
2
7
27
205
6
7
27
32
119
2
18
36
98
2
29
4
1
1
337
4
3
1
1
362
4
1
27
220
18
16
1
36
5
4
2
390
4
137
16
6
15
61
2
1
14
18
2
1
15
1
41
3
6
3
9
1
1
80
27
10
1
59
14
476
91
7
7
16
1
152
1
156
26
176
24
11
2
5
1
56
59
35
132
2
16
7
5
27
18
1
480
4
7
17
1
199
1
16
110
39
5
48
33
3
1
8
121
278
1
1
435
34
2
6
133
58
28
9
16
42
222
2
1
121
40
386
3
21
42
8
70
24
22
2
14
32
144
2
89
33
3
157
1
113
15
2
97
291
481
1
152
219
17
24
37
19
20
10
4
1
3
23
1
50
3
2
8
1
1
1
3
2
1
1
1
3
3
12
28
163
3
50
1
231
168
309
2
15
114
28
370
63
48
18
20
27
73
3
3
1
45
427
15
26
9
20
33
194
389
17
38
1
12
2
1
1
18
4
1
2
1
4
70
44
97
64
69
208
1
192
16
10
35
308
3
23
1
26
3
10
23
3
53
2
174
223
114
2
13
213
490
54
9
3
2
386
1
16
445
3
1
4
334
21
1
27
2
1
345
22
11
58
3
3
3
4
1
7
5
28
189
8
346
45
26
12
75
2
1
17
257
211
12
427
2
264
86
168
3
36
34
43
1
5
201
32
69
1
1
262
187
56
1
92
70
28
260
27
22
23
168
10
71
341
275
2
4
7
3
2
50
22
6
1
96
230
3
135
205
3
19
5
63
179
447
214
59
101
13
8
34
1
5
94
333
300
5
1
8
19
3
9
84
1
11
1
5
204
452
391
205
111
437
54
229
29
2
16
190
6
7
161
9
3
2
7
111
96
66
13
9
67
318
42
2
75
124
263
4
12
55
1
5
250
63
269
16
1
3
9
228
430
4
12
60
77
73
10
13
36
102
72
5
79
1
17
2
1
1
35
2
10
7
8
8
108
347
152
13
13
143
60
3
16
5
27
136
7
7
494
99
2
421
131
1
2
70
175
70
125
3
174
1
39
114
20
79
25
239
31
3
259
5
252
1
1
3
5
13
280
230
217
2
3
436
30
397
1
2
1
1
252
45
1
7
2
12
149
1
79
1
13
64
1
479
4
1
15
55
423
144
27
63
64
2
1
69
78
32
1
17
1
9
127
159
27
32
1
5
7
2
182
6
45
18
1
313
3
95
184
2
1
246
1
290
5
14
2
251
1
27
55
3
141
15
297
5
1
10
42
52
2
161
3
7
62
3
123
142
41
43
90
276
1
24
90
30
257
8
1
1
163
3
29
1
4
3
20
448
443
32
40
2
4
45
26
49
1
65
215
147
1
14
60
1
33
48
129
229
2
7
6
7
1
33
1
12
2
6
3
40
3
5
21
14
93
50
65
12
47
69
1
3
3
15
3
8
410
26
8
2
15
19
374
5
1
2
12
23
24
39
161
5
8
13
18
1
4
55
3
3
158
24
312
268
9
400
3
1
2
22
317
428
36
2
6
58
94
44
13
53
153
31
324
1
128
4
61
207
56
22
1
25
63
73
1
29
28
14
6
9
8
245
39
31
131
2
2
9
21
1
6
95
1
4
38
92
75
1
397
28
9
243
1
1
1
52
5
48
24
2
91
1
1
136
6
274
43
1
7
377
15
113
10
19
23
4
14
1
1
1
25
49
21
1
1
106
481
169
447
6
1
27
294
15
169
78
281
312
75
1
10
436
249
56
1
420
52
256
470
258
15
55
8
1
1
65
46
352
2
194
14
103
6
33
9
144
445
216
71
83
478
5
17
421
53
2
128
13
14
158
30
25
10
2
293
149
2
113
308
289
12
314
27
1
12
38
1
6
1
30
7
76
9
38
1
8
293
49
2
34
77
26
3
118
2
1
4
42
4
1
4
64
11
13
103
39
221
2
45
269
4
45
1
1
78
33
283
1
26
1
18
129
58
208
104
2
10
133
26
360
9
6
175
3
1
1
3
22
1
21
380
55
1
2
333
46
318
301
27
490
1
1
118
162
67
142
62
57
327
135
7
1
85
3
364
19
16
1
194
119
10
1
49
2
2
42
20
1
49
15
1
17
1
6
1
6
136
325
5
380
89
2
103
317
26
12
1
6
1
5
125
70
180
88
1
3
228
86
1
19
89
12
2
1
7
1
1
16
13
1
389
141
4
9
153
49
1
1
76
37
236
1
34
83
79
47
5
1
71
1
1
456
5
1
1
1
85
13
494
7
5
1
131
269
103
153
471
1
1
145
75
17
5
51
2
1
9
335
91
140
63
151
11
83
1
7
1
122
17
325
133
1
8
338
3
1
114
22
152
78
488
2
99
2
72
53
28
4
6
3
196
113
4
17
1
7
5
7
8
8
142
29
119
1
1
474
61
204
2
366
92
320
244
265
1
1
2
457
1
162
12
1
149
1
219
33
18
12
8
292
3
1
1
496
424
36
70
64
12
30
2
4
76
2
127
3
55
6
13
116
156
3
1
467
32
197
266
238
24
1
46
69
106
42
278
43
404
3
2
235
301
9
1
346
15
26
33
30
17
24
19
92
14
80
64
12
2
13
231
197
181
17
84
1
7
422
121
11
69
6
291
18
254
492
29
3
1
21
1
4
8
314
92
4
241
18
1
68
138
14
233
433
1
135
192
39
1
8
11
3
177
186
36
1
2
1
1
64
65
164
2
472
117
63
8
169
2
147
7
147
11
2
1
19
1
16
2
212
1
1
10
3
2
4
1
124
3
80
1
158
496
187
35
32
25
5
13
1
19
8
1
2
176
1
2
298
38
4
9
291
113
194
7
48
2
7
34
42
78
2
15
397
16
6
41
15
8
1
415
1
8
333
79
1
143
127
7
9
20
17
33
12
267
21
80
1
12
14
6
125
160
428
6
3
199
1
5
157
2
2
52
4
298
4
11
2
30
28
5
10
7
23
174
206
54
373
311
226
5
1
38
1
307
120
1
4
39
3
11
252
78
1
5
1
18
20
32
5
274
20
2
1
3
37
242
1
38
13
51
270
3
1
8
9
390
411
1
1
1
163
479
147
1
65
9
13
1
103
109
2
53
219
484
65
4
1
2
20
1
7
1
446
34
7
113
114
1
2
400
45
13
10
2
1
4
52
458
1
1
182
41
3
8
1
165
312
49
2
214
29
344
51
425
201
9
3
1
75
26
103
3
6
5
2
71
58
71
320
20
9
30
198
113
31
1
350
7
47
8
18
32
110
288
59
10
3
178
1
66
312
80
4
12
2
18
20
25
312
4
1
2
8
1
32
2
70
32
228
8
1
149
9
25
343
272
1
105
91
16
114
20
436
80
32
1
304
201
1
21
163
112
36
2
6
3
78
138
9
33
8
100
13
1
3
22
307
5
11
113
2
1
1
97
19
5
12
6
23
93
21
1
109
4
3
53
2
2
3
122
226
1
58
40
2
5
313
102
2
49
1
57
6
2
45
2
433
285
91
443
241
49
58
27
1
3
3
19
1
18
229
247
292
496
1
163
1
4
2
10
2
17
7
135
1
9
239
75
5
317
175
100
2
3
407
35
10
11
9
143
6
64
24
11
148
44
83
45
17
65
11
1
3
9
2
489
13
1
1
9
4
40
131
32
3
6
7
2
21
2
16
6
246
256
2
171
23
1
154
1
2
4
17
2
3
1
3
1
1
35
25
2
17
291
44
2
66
162
90
8
2
6
7
145
3
2
243
3
7
1
15
2
11
11
4
2
156
42
57
178
21
1
269
203
477
23
10
306
128
6
161
244
481
3
13
103
238
3
16
1
6
358
86
74
9
7
230
411
1
2
35
1
26
11
390
108
5
242
27
9
34
31
131
467
46
292
2
4
6
12
29
220
61
1
1
72
1
200
226
2
1
15
41
1
1
2
214
8
4
122
1
6
1
54
44
198
23
1
26
103
1
3
15
43
378
131
114
21
9
12
12
11
1
8
85
4
7
311
33
4
35
4
81
405
36
85
18
257
329
82
1
12
21
115
2
298
1
175
1
65
6
4
1
23
2
3
30
3
40
2
20
14
143
436
28
4
37
322
13
12
130
31
71
13
40
390
145
7
2
8
2
39
164
2
2
10
2
93
36
2
1
40
1
19
134
39
19
32
372
14
9
6
381
133
33
1
24
224
4
31
70
196
11
285
400
2
120
1
7
17
442
35
140
417
17
2
214
1
215
53
6
2
69
198
280
41
1
10
3
4
4
15
8
2
8
3
2
245
1
8
319
26
3
1
30
352
58
12
2
67
1
5
23
348
6
6
11
5
6
61
13
382
157
1
378
108
87
16
9
18
4
235
228
327
1
11
2
32
1
65
43
26
7
1
146
27
21
10
26
11
2
9
228
1
378
10
2
2
22
3
22
1
477
128
10
7
135
4
2
175
15
141
7
63
6
50
5
25
3
20
290
1
24
72
1
18
43
1
208
186
1
332
5
433
272
6
4
4
30
5
307
174
4
120
389
27
3
26
1
1
50
131
199
6
19
7
4
1
211
11
2
42
11
2
1
1
18
3
176
474
4
36
3
48
5
13
386
2
1
84
26
6
184
246
206
1
83
340
100
3
4
3
189
7
10
410
304
19
450
273
158
322
30
64
120
1
1
8
29
216
15
480
241
19
7
3
155
87
99
6
77
3
34
4
48
15
1
9
1
3
81
178
10
81
84
5
111
1
12
1
478
1
4
1
3
74
7
303
176
70
34
19
327
99
212
2
31
5
1
45
159
3
3
1
12
1
3
14
208
243
470
48
127
2
7
1
4
104
494
371
19
6
9
38
203
71
1
144
441
52
82
2
1
69
27
51
151
167
2
347
16
2
1
1
19
168
1
67
3
1
12
55
28
51
1
1
135
22
3
40
364
1
441
36
3
1
165
3
5
7
1
1
9
18
1
1
199
132
171
338
401
22
200
1
91
33
87
241
1
3
108
1
97
8
1
47
1
51
267
192
45
85
269
1
1
5
19
202
24
14
2
407
392
5
43
123
1
8
2
2
18
12
10
49
105
39
16
95
38
263
2
70
41
1
45
4
47
1
1
1
33
238
20
4
5
38
58
2
231
17
337
22
1
34
406
18
62
398
7
493
32
5
183
32
2
23
1
1
36
2
54
2
1
442
79
111
10
3
32
193
1
22
192
1
11
458
8
7
44
196
1
267
356
320
1
34
9
19
11
8
8
5
1
480
1
1
5
17
5
42
50
10
300
11
166
28
388
2
1
108
1
62
6
8
110
56
2
3
2
8
90
86
1
13
11
182
5
2
87
324
1
9
3
1
9
33
24
1
6
1
87
179
299
100
228
25
35
100
26
34
110
81
263
157
224
30
302
284
140
1
2
94
433
1
13
124
424
3
47
1
46
1
256
1
263
1
1
16
9
91
5
1
80
215
43
60
15
1
7
4
394
5
1
180
2
79
13
26
16
5
67
41
184
158
5
299
54
144
67
49
28
271
5
10
288
4
6
193
1
301
3
7
33
200
23
203
215
5
2
42
56
1
7
1
1
1
2
1
55
31
1
1
21
143
51
4
95
1
11
1
1
390
2
2
4
7
128
1
95
17
4
67
82
2
1
9
2
89
75
196
8
5
23
12
32
92
128
2
92
5
2
7
284
4
14
134
1
16
104
315
12
12
39
1
9
17
6
1
12
3
2
392
29
319
8
2
38
9
2
11
130
42
19
67
3
1
15
164
15
2
36
35
9
6
193
179
123
292
27
67
1
2
63
119
15
70
306
11
266
2
36
7
241
3
133
4
1
4
88
24
160
7
283
3
403
100
1
1
4
262
2
5
1
188
10
1
116
4
66
108
11
279
100
1
23
59
76
5
50
10
101
1
1
34
9
27
70
3
77
10
16
27
273
7
172
403
2
199
7
25
42
65
1
22
16
261
5
1
20
1
1
493
107
6
4
3
20
3
1
12
4
41
2
120
310
1
317
73
206
467
56
74
289
14
2
1
14
165
4
128
5
49
264
363
4
204
2
4
11
48
3
95
3
1
3
182
20
1
38
2
202
5
14
68
3
74
7
52
6
4
1
53
1
168
1
131
6
8
2
267
95
4
191
1
10
80
1
2
1
101
33
396
11
37
465
39
118
23
347
2
52
6
20
24
27
2
233
296
9
7
15
185
3
158
6
4
25
12
4
39
1
62
4
11
2
2
8
493
143
6
9
7
215
4
7
63
125
31
93
56
126
7
14
21
12
1
255
18
2
148
96
42
8
253
209
19
410
25
2
12
5
20
14
4
29
2
2
1
8
59
89
4
114
1
210
15
9
86
13
5
12
129
282
3
30
27
8
1
4
5
20
19
100
7
1
4
87
422
5
16
37
4
477
169
3
44
29
9
8
124
238
1
2
17
6
1
252
3
1
28
78
3
62
1
20
163
54
109
485
310
5
8
13
2
253
1
69
4
124
3
78
1
110
251
183
5
3
3
107
78
3
107
1
160
9
11
6
1
75
14
16
9
3
24
1
8
6
2
27
3
1
78
3
30
443
19
7
234
31
494
9
11
2
1
11
1
84
162
15
3
8
39
326
1
11
236
42
4
7
261
3
6
25
20
21
202
1
3
3
11
2
222
1
1
6
1
6
2
404
333
43
77
5
1
1
8
1
33
14
25
47
1
63
1
7
2
3
1
1
139
218
190
314
39
227
183
16
3
10
2
2
2
1
400
24
4
36
7
278
75
102
49
364
8
1
56
7
32
4
158
7
1
6
10
31
79
124
2
2
63
1
1
8
3
72
31
2
1
86
4
4
54
51
23
3
2
78
121
1
10
23
1
341
2
155
90
18
96
5
156
14
8
490
44
1
215
357
13
9
4
61
146
457
101
147
1
39
30
3
32
18
39
375
13
36
26
315
1
2
5
287
1
11
57
2
1
1
101
1
78
8
9
130
55
2
31
380
3
259
7
3
23
1
96
11
1
14
32
4
37
36
3
47
11
162
13
297
1
2
3
57
139
64
1
1
24
2
49
362
3
372
45
381
7
7
83
8
335
301
2
39
32
2
8
127
6
3
10
24
23
1
389
23
131
261
3
2
22
68
12
127
1
2
37
3
16
9
210
45
14
12
2
4
154
36
5
149
23
142
279
1
45
9
10
8
3
17
121
10
158
15
7
11
20
188
1
21
1
2
51
131
225
1
59
2
49
3
1
48
48
1
130
11
3
1
29
5
121
152
61
1
4
183
1
11
403
91
26
7
1
1
78
8
1
4
6
182
2
61
2
1
1
1
316
12
394
13
321
87
1
3
21
54
3
11
28
7
4
29
477
3
6
1
27
249
52
57
21
7
23
1
5
1
3
1
1
20
10
5
11
492
452
113
1
463
9
50
1
10
14
6
14
4
27
6
24
1
7
1
115
45
4
180
52
3
1
24
17
44
6
1
1
5
2
12
17
1
6
38
40
14
6
1
1
8
1
129
1
89
177
66
23
219
4
87
369
45
1
2
137
2
342
6
20
2
450
12
1
29
51
409
22
113
38
1
7
278
87
59
128
3
83
225
195
3
45
22
1
1
6
13
201
56
31
129
189
15
10
41
2
7
13
1
440
125
3
313
70
80
1
13
4
16
15
4
1
14
2
35
231
376
216
4
6
392
3
2
35
4
44
194
54
46
81
3
7
11
3
1
1
3
10
1
8
6
11
381
293
20
20
27
18
24
466
136
93
1
203
65
10
4
185
1
1
2
8
2
7
47
9
77
9
1
34
1
5
117
343
1
2
2
95
8
19
5
4
70
38
20
13
2
14
255
15
61
300
7
1
85
14
13
133
8
10
1
116
1
133
1
218
5
62
18
92
69
131
1
372
13
13
47
421
20
109
291
3
1
34
1
3
1
1
2
1
3
1
52
3
113
44
6
57
425
54
44
1
4
20
3
32
144
60
57
18
63
21
267
22
348
8
113
34
1
16
188
7
1
4
242
1
23
1
6
1
142
63
1
7
1
4
28
3
1
3
422
15
392
442
13
3
1
4
3
4
1
5
1
7
49
5
3
2
314
1
8
414
1
4
63
12
40
13
2
15
47
2
1
26
9
129
97
26
6
85
4
24
372
52
247
147
1
1
56
31
238
374
191
19
7
2
4
5
60
4
483
46
249
104
25
1
8
493
3
1
26
1
20
125
28
5
44
2
348
293
432
17
1
18
2
6
216
2
2
43
417
1
7
3
5
202
4
37
443
224
159
7
2
8
37
335
254
77
107
61
11
54
3
1
372
1
5
51
51
1
37
252
29
11
1
84
15
5
2
47
434
3
322
1
4
331
2
1
2
1
8
1
61
21
1
1
354
79
16
382
335
168
23
30
243
34
1
222
1
93
19
185
436
32
379
36
1
11
1
52
140
496
349
316
347
1
3
43
31
1
1
14
5
29
269
24
3
255
264
9
13
19
2
1
39
6
272
34
19
17
295
15
53
3
18
1
3
2
480
98
149
2
437
431
26
1
1
477
15
1
132
4
122
55
57
7
1
170
5
26
29
1
1
182
309
1
219
158
297
3
16
1
20
1
2
72
78
4
8
11
192
266
4
17
92
406
12
82
59
1
126
8
23
399
2
8
4
10
48
27
9
229
354
3
41
83
53
164
51
9
13
6
7
12
7
228
110
119
1
2
1
433
2
8
101
19
110
123
1
117
133
1
1
2
22
85
384
1
7
36
32
16
2
7
24
1
14
50
5
1
251
220
190
16
57
38
168
73
52
13
20
107
2
330
36
150
157
10
18
10
78
11
161
2
6
40
433
18
133
2
10
6
392
31
68
5
2
2
24
2
7
278
2
1
1
3
365
8
7
54
162
14
1
2
211
4
293
22
40
4
6
23
129
80
10
3
114
2
71
13
4
1
9
14
2
59
1
333
9
36
6
2
2
3
279
3
35
414
1
1
54
12
300
40
18
27
3
2
63
8
37
211
51
14
171
80
71
6
27
9
1
44
24
276
400
12
3
2
140
269
3
134
8
161
1
95
28
3
76
194
3
155
1
1
11
11
89
6
368
7
1
21
70
1
3
498
18
3
48
211
11
390
1
70
20
32
1
303
186
5
5
58
44
111
86
1
209
1
2
1
18
124
9
1
84
17
117
88
227
389
10
61
9
29
1
16
396
5
1
20
10
69
398
1
188
4
130
5
2
18
4
1
55
4
384
1
58
54
10
266
450
403
166
1
22
141
4
422
457
38
3
3
5
88
1
475
13
182
2
2
37
1
4
2
1
84
1
4
37
19
78
1
2
2
5
2
18
57
3
15
4
2
195
67
250
148
19
324
3
53
354
3
50
3
93
1
83
93
274
1
28
47
15
6
30
121
12
242
67
5
82
4
1
368
1
2
3
271
5
7
1
489
240
13
53
22
1
112
430
150
14
191
1
1
275
2
2
14
479
41
209
11
9
5
1
1
1
4
24
7
2
204
19
10
13
259
1
1
322
12
209
11
26
7
1
1
129
5
11
98
1
14
29
41
39
198
481
1
256
241
2
163
44
3
22
304
424
9
49
2
209
6
1
44
2
13
18
154
129
124
46
5
6
4
37
346
1
25
46
4
304
12
29
1
175
3
37
171
137
2
1
231
49
37
176
482
3
295
1
8
7
2
1
46
1
2
349
1
6
2
3
188
14
154
1
292
5
65
17
144
377
16
1
19
2
2
53
29
11
1
89
1
92
13
165
30
63
193
313
248
1
25
22
29
210
195
67
87
15
21
3
10
1
108
1
10
388
13
215
218
414
150
2
16
1
19
466
9
177
1
4
2
2
15
79
99
306
93
1
59
14
82
25
55
155
114
35
32
21
5
24
13
330
1
5
1
16
114
2
4
4
14
1
16
68
286
36
1
425
1
20
3
302
471
2
10
10
138
45
14
20
13
290
2
14
18
204
1
7
96
273
11
153
5
19
30
55
187
1
118
27
335
1
1
6
486
2
1
261
63
31
242
4
4
3
153
3
1
221
1
24
53
71
3
27
433
8
39
96
2
181
1
141
27
30
4
5
11
1
11
17
28
6
261
1
10
457
71
13
20
1
5
207
3
451
176
2
340
91
1
13
88
2
125
241
3
1
1
13
48
166
179
7
162
48
22
68
126
2
158
375
10
4
43
4
4
1
1
1
160
2
1
36
3
1
202
6
63
55
228
4
17
52
13
150
10
53
2
21
2
2
5
2
2
300
102
152
1
41
4
81
66
27
1
1
2
92
83
58
14
373
450
137
1
273
373
4
1
86
423
6
1
7
3
97
105
37
101
243
77
1
5
64
1
2
382
4
1
37
139
9
23
240
10
395
2
1
30
1
146
221
3
3
493
202
10
1
152
4
317
12
315
39
19
6
2
48
1
64
115
8
100
8
191
32
77
2
224
2
1
360
316
98
96
2
404
49
313
4
1
2
4
51
2
1
40
397
9
6
24
436
6
73
44
1
1
1
1
17
5
6
216
12
1
1
35
27
478
13
1
91
1
1
60
1
20
1
5
4
3
27
1
8
205
9
3
7
3
246
181
95
22
1
342
423
37
172
1
6
4
108
23
17
61
380
175
7
1
1
390
3
108
100
432
2
3
197
2
1
7
3
456
27
7
3
397
267
1
106
25
1
15
115
487
97
196
6
26
99
1
5
458
1
6
68
11
188
1
4
1
1
68
98
9
72
17
107
24
1
16
298
9
58
3
1
12
45
431
5
55
10
38
12
146
14
129
18
52
25
33
2
5
43
3
97
37
1
6
3
1
90
266
52
7
405
1
87
7
10
414
4
2
191
1
25
33
1
2
25
139
3
52
15
25
3
2
5
1
1
13
3
221
241
9
1
2
1
83
24
23
119
86
436
456
135
27
8
11
1
3
242
5
11
118
416
179
103
130
3
12
2
1
99
140
7
27
3
1
103
25
1
10
85
136
69
298
63
1
306
401
200
5
119
70
1
309
3
31
69
1
1
101
2
38
53
231
1
35
5
1
25
5
135
217
4
27
3
13
450
2
1
34
3
4
9
1
71
1
3
210
2
394
334
261
107
6
2
1
43
122
142
244
32
30
7
1
6
4
2
39
97
12
4
1
2
98
2
1
1
2
13
5
2
240
167
1
2
102
3
19
38
352
461
137
4
161
11
394
4
3
224
233
12
441
8
4
26
17
3
30
7
1
370
4
5
75
1
471
477
222
90
13
1
325
2
6
96
15
343
1
324
370
1
47
157
1
32
32
11
499
8
5
245
150
174
40
5
1
17
226
2
2
3
1
77
101
1
415
177
133
3
1
1
2
14
1
244
10
1
1
67
12
1
7
2
1
15
488
6
3
16
90
73
3
5
43
89
2
12
8
13
5
19
166
2
122
26
9
23
71
60
121
1
1
4
275
21
38
9
33
9
266
7
6
12
76
7
22
42
1
11
1
389
1
102
20
32
26
36
7
1
283
12
1
254
193
481
14
68
2
1
475
306
1
190
33
96
1
49
1
259
72
99
76
1
84
1
118
11
253
2
75
4
225
442
4
480
2
12
142
25
48
25
369
1
149
179
19
108
13
186
56
34
13
51
3
12
27
68
202
2
1
4
11
10
22
42
2
1
190
1
199
383
260
13
9
5
8
2
10
1
2
6
1
30
3
63
26
9
1
1
65
7
430
22
5
2
2
256
6
12
4
23
1
44
1
173
4
87
170
1
8
4
1
1
182
8
162
12
337
13
15
27
187
49
1
7
4
4
390
82
174
342
15
11
16
13
1
1
1
2
2
85
3
144
3
1
6
5
88
207
244
2
477
1
55
69
141
136
5
10
19
32
9
51
182
256
287
5
11
2
1
2
1
22
29
1
13
1
302
11
240
1
1
97
5
63
2
16
8
4
1
17
7
333
13
32
2
13
41
1
1
15
26
55
1
1
5
2
92
89
15
11
1
18
51
15
2
1
1
275
26
293
5
5
117
21
3
1
439
159
21
14
81
168
1
32
1
297
12
12
6
95
4
8
2
4
138
15
4
127
5
445
3
18
8
428
171
1
59
49
78
2
27
240
20
96
2
35
9
8
3
403
349
26
3
64
2
65
8
1
3
2
255
16
2
6
18
1
141
42
15
3
212
141
246
58
2
32
96
9
362
144
204
5
286
2
95
45
10
29
3
26
12
49
1
1
10
290
9
28
4
5
17
1
46
1
1
6
409
445
220
6
347
9
140
7
1
1
75
4
76
6
4
2
1
4
72
1
94
1
282
271
12
131
92
5
340
8
69
1
5
1
1
1
1
40
5
8
238
9
4
378
59
7
188
1
1
1
107
58
6
16
97
44
385
14
4
1
1
1
215
417
8
5
87
1
2
233
2
37
2
10
3
62
2
60
4
14
1
15
2
163
14
12
105
45
134
8
168
2
9
16
172
8
4
27
8
4
10
2
14
76
6
7
34
336
2
125
120
18
82
31
157
48
74
5
56
37
3
23
286
467
156
3
5
234
13
2
43
63
19
1
151
25
110
3
240
9
5
194
2
8
330
10
17
7
1
2
1
303
9
258
19
4
1
6
188
122
1
1
25
29
40
130
185
3
3
3
1
243
9
49
1
461
5
1
126
37
147
6
24
188
338
1
1
3
248
1
1
93
11
1
16
5
41
150
3
5
114
12
5
234
1
5
28
8
5
1
101
128
142
7
22
49
24
180
24
175
44
1
6
55
1
72
145
77
9
472
80
164
1
26
1
18
256
27
9
4
95
36
132
13
94
2
69
1
3
13
393
14
7
1
33
1
1
15
16
1
14
3
277
1
2
13
46
1
21
218
34
1
6
1
52
1
1
4
6
8
2
1
9
86
3
45
1
2
6
25
70
66
102
2
1
13
438
17
10
36
1
12
297
1
479
4
64
1
13
33
13
7
160
1
4
382
10
17
2
7
22
28
4
425
168
16
82
3
23
31
37
3
66
1
1
23
9
158
219
3
130
380
1
1
1
65
1
1
8
4
1
1
1
423
1
3
1
1
44
1
18
133
2
24
77
337
12
7
2
16
3
13
1
111
168
2
10
94
94
2
350
20
26
114
40
7
10
1
192
11
7
29
160
30
16
125
14
78
162
1
7
10
3
78
7
7
131
121
126
4
62
13
34
4
101
1
1
2
149
86
7
103
101
269
378
8
213
424
7
25
7
51
17
8
70
1
4
4
1
399
9
1
7
24
229
1
1
70
2
59
121
1
3
31
54
27
151
183
121
225
3
240
29
229
6
14
9
1
302
1
6
11
8
2
212
1
1
1
123
17
13
1
9
16
33
11
1
157
148
2
485
101
87
7
4
1
2
1
1
2
136
2
144
1
2
5
191
60
350
89
21
366
1
146
1
3
1
2
8
331
325
6
1
359
313
370
6
1
19
11
120
1
1
83
1
24
287
1
3
124
61
167
10
2
11
3
1
60
106
1
24
59
147
2
5
13
46
18
88
33
4
93
20
7
112
2
3
292
25
14
1
20
17
1
1
16
36
8
51
12
416
62
177
127
47
63
24
26
61
6
6
3
25
83
260
16
9
4
101
1
11
48
25
306
181
7
207
34
1
2
249
164
16
6
1
55
30
183
33
9
69
109
2
127
35
12
54
1
172
1
29
2
109
66
1
408
1
41
10
26
360
9
221
1
3
10
2
15
1
24
52
117
1
12
81
179
2
35
6
1
42
81
16
32
7
1
6
11
3
4
8
2
1
447
178
467
44
3
3
2
8
12
1
286
22
410
101
77
1
86
29
1
1
212
2
2
8
13
1
28
2
161
5
19
83
438
3
6
221
188
345
1
163
75
1
42
34
5
423
21
21
156
12
273
2
70
62
17
23
11
63
196
1
14
1
18
36
16
9
7
1
1
190
64
2
4
14
37
439
1
16
326
3
36
6
12
11
2
2
67
13
9
345
2
419
14
247
7
1
206
2
19
224
49
60
1
2
46
2
1
2
1
6
8
2
11
84
5
6
1
51
283
6
16
3
3
68
1
19
1
2
361
35
6
2
422
448
147
117
6
200
70
2
3
156
2
52
89
41
9
72
71
44
175
10
7
8
338
1
264
43
1
2
17
170
11
31
1
149
4
3
211
109
3
4
23
28
59
73
7
49
44
94
20
35
209
6
1
6
5
8
21
384
36
57
195
70
1
1
283
356
1
25
36
9
2
14
1
22
205
126
7
100
8
23
290
4
7
7
4
204
311
124
5
7
267
18
3
61
12
9
29
5
53
1
45
48
61
15
1
180
2
1
21
1
1
164
14
13
7
9
103
4
5
234
2
15
1
4
38
1
1
7
266
10
5
156
81
11
28
4
256
17
2
76
3
8
4
1
205
13
347
293
63
355
9
53
37
62
40
26
31
302
7
2
22
1
1
2
1
85
142
4
488
55
1
5
71
1
6
9
387
21
33
210
16
136
2
2
2
224
74
52
11
4
1
5
367
2
9
30
15
52
208
59
41
9
53
12
309
5
1
1
9
74
141
2
48
2
44
11
63
5
11
8
121
6
1
2
60
1
11
16
70
60
25
34
5
53
37
29
12
6
39
8
22
101
9
11
234
5
84
1
9
22
8
166
1
1
4
16
127
5
100
88
147
28
41
1
1
4
1
236
15
9
270
459
1
52
1
1
1
357
1
1
3
2
1
1
2
7
13
1
6
4
1
24
391
1
136
222
17
3
3
12
5
162
28
1
71
64
189
85
1
10
483
310
2
440
27
57
13
30
2
5
4
16
2
36
95
1
15
126
148
31
5
2
17
44
2
5
79
9
15
14
1
5
3
52
23
3
226
22
262
3
1
1
10
55
3
369
1
62
6
99
137
3
1
4
135
126
1
34
4
13
10
366
180
1
276
4
13
17
43
286
28
187
120
3
1
139
80
1
336
178
30
4
1
172
5
6
42
69
2
1
215
1
74
134
216
190
44
1
1
1
2
16
102
67
44
161
94
16
81
13
12
12
1
1
2
2
14
5
28
96
48
59
50
128
71
164
6
53
18
6
21
65
142
8
43
1
3
27
1
178
3
158
111
1
10
1
1
1
5
32
385
10
39
1
184
1
11
22
30
13
7
250
311
2
351
12
161
15
7
26
3
3
1
12
37
88
61
12
1
2
18
1
3
39
1
75
22
8
2
10
20
7
191
474
44
38
4
1
1
45
3
23
54
9
263
295
1
21
14
1
46
1
4
18
5
1
12
21
113
146
2
83
7
10
1
68
8
32
9
9
1
75
6
13
4
18
313
49
246
1
444
2
6
1
16
143
2
189
3
27
3
4
131
23
167
49
177
116
4
7
304
335
99
228
6
1
34
214
221
61
193
1
9
56
95
1
30
1
1
452
3
237
8
383
8
52
1
403
8
48
1
2
151
2
101
3
118
22
187
478
51
6
14
26
113
103
176
1
5
3
1
4
286
35
1
233
16
10
3
29
3
2
2
173
6
173
21
19
3
58
75
268
246
112
4
2
325
88
7
174
6
3
42
106
29
1
21
269
20
52
7
35
91
92
3
1
1
8
1
3
148
28
1
1
71
7
116
2
10
237
3
1
72
10
58
6
4
1
11
98
54
247
6
2
17
264
2
49
1
119
117
65
107
2
3
5
14
2
2
1
141
5
364
4
4
442
488
181
33
299
412
48
38
380
1
3
1
88
10
1
4
22
14
7
427
8
203
1
3
1
103
7
43
482
143
20
8
71
1
1
15
2
11
15
108
92
446
1
1
488
83
294
222
54
82
16
48
14
469
395
8
5
10
23
1
1
8
297
2
141
3
1
1
5
101
2
2
2
1
9
11
8
377
19
1
155
26
203
277
2
66
226
3
1
7
11
2
128
23
1
31
37
2
5
295
1
2
10
218
425
8
244
4
68
117
121
55
2
13
30
2
207
1
28
13
128
1
61
12
1
333
5
434
171
1
8
388
66
235
410
1
1
183
494
18
194
3
3
100
180
82
1
29
55
166
35
433
248
12
33
217
1
39
112
2
16
1
31
348
8
7
9
2
12
44
5
255
1
1
133
263
2
189
2
52
147
24
303
28
1
34
130
1
16
7
1
6
31
1
16
10
3
1
7
2
49
205
9
1
5
5
13
3
28
258
8
107
316
7
18
196
187
1
14
8
1
1
1
15
2
240
6
5
16
362
313
1
162
5
204
38
333
439
23
3
194
191
1
163
333
8
17
1
3
67
9
7
301
1
1
107
33
10
2
30
2
5
104
1
1
3
4
9
6
18
100
146
365
43
400
6
13
1
37
9
50
8
3
289
3
1
27
379
3
5
47
119
19
2
10
160
1
2
277
6
5
209
1
376
8
12
26
108
119
140
2
5
78
442
4
7
44
271
11
129
1
36
1
2
10
4
5
45
34
9
222
2
102
22
144
438
1
186
207
73
17
110
3
422
9
271
42
218
3
80
42
53
84
8
479
292
12
2
5
21
25
19
1
13
4
13
1
1
2
32
113
104
16
33
3
2
1
1
1
216
49
4
1
406
3
1
1
11
55
13
2
50
11
33
49
13
16
3
177
1
107
4
445
40
12
8
1
152
18
22
20
9
1
33
147
49
73
156
4
1
78
7
57
22
94
472
129
235
7
1
305
270
4
2
14
1
1
8
7
1
22
22
247
23
233
25
1
250
4
6
5
75
1
52
1
135
86
104
365
14
8
20
1
7
103
146
23
14
290
192
12
11
36
3
6
14
203
7
97
1
4
6
39
1
492
90
7
9
72
3
82
1
473
346
8
317
12
22
271
1
9
4
27
285
47
46
4
11
398
39
1
9
372
4
95
79
1
381
467
35
35
33
220
26
1
35
42
4
3
332
16
11
7
2
133
3
1
97
3
1
279
4
367
1
9
3
162
1
81
14
1
210
23
88
55
15
10
1
31
49
98
127
421
4
1
12
16
354
9
275
71
53
145
9
4
1
1
8
2
9
22
12
2
226
2
138
108
15
1
3
6
78
237
1
17
123
2
3
305
11
252
259
412
1
491
4
1
11
10
67
3
47
135
183
210
1
84
156
1
329
34
39
278
2
28
89
4
1
104
2
33
1
132
2
24
3
5
20
5
35
3
28
88
327
57
1
2
2
14
2
17
497
25
1
54
16
1
7
2
16
31
39
5
12
30
4
3
184
1
43
414
1
169
42
26
5
23
13
180
15
2
336
37
208
46
20
345
458
183
125
30
28
1
12
86
7
111
1
16
2
4
1
4
482
6
8
8
107
6
4
1
100
1
4
5
6
268
4
5
5
83
14
2
14
1
23
1
5
455
17
8
105
246
7
31
2
157
359
31
39
172
25
8
42
9
44
8
32
278
53
30
113
1
6
12
57
5
36
1
1
9
3
1
38
497
1
1
5
4
13
229
8
86
13
1
154
29
1
1
1
54
20
1
4
62
42
1
1
17
5
79
3
77
9
2
19
250
198
1
52
28
256
47
1
134
155
211
8
2
208
239
100
3
3
4
26
52
50
24
170
5
25
467
2
1
1
205
2
44
1
2
3
1
1
1
1
1
11
14
116
150
82
11
55
1
3
140
14
3
1
21
26
1
462
6
269
66
92
479
8
3
50
3
1
175
10
78
65
2
9
63
1
302
117
16
10
5
9
246
5
1
150
78
58
72
8
87
1
141
2
7
12
206
24
222
1
448
23
10
477
1
181
2
16
439
1
15
6
1
116
13
176
172
129
334
101
1
4
8
3
333
2
1
24
9
24
13
16
2
3
2
4
95
3
11
5
1
158
2
422
1
3
14
57
6
20
9
8
24
26
449
12
15
62
86
3
2
2
22
1
1
18
1
67
2
73
354
11
4
4
112
66
1
4
292
19
4
2
208
3
81
359
5
1
4
462
5
64
189
1
13
409
2
1
62
11
18
9
6
311
2
209
68
2
350
198
6
1
2
8
19
423
1
2
36
41
2
3
108
26
196
1
49
3
2
6
61
10
92
46
15
404
23
74
90
276
2
108
11
175
1
3
7
357
1
330
183
21
2
52
16
70
54
1
1
15
2
23
3
2
15
1
72
3
106
51
46
226
133
1
1
144
1
19
5
490
127
5
87
32
3
1
28
6
18
19
7
413
10
240
10
159
111
5
5
3
1
6
95
88
11
286
224
17
64
150
1
12
179
23
174
123
14
93
435
2
5
1
2
1
393
1
15
4
206
1
1
84
9
2
32
116
4
22
22
197
48
10
3
14
54
40
1
5
3
6
14
34
9
289
99
3
20
243
1
42
218
31
355
284
79
335
4
29
48
127
80
1
58
5
235
14
475
14
70
1
5
1
1
140
115
11
12
1
114
6
7
70
16
476
3
288
11
1
81
61
1
3
6
2
374
28
203
13
172
364
82
4
7
172
1
172
17
23
161
2
37
259
329
217
140
6
300
2
1
1
7
233
21
9
41
29
2
1
1
1
395
13
3
1
1
79
101
351
1
1
2
2
206
33
28
34
236
137
4
18
4
3
41
21
6
2
1
53
1
32
1
5
1
2
1
3
32
3
8
187
12
1
3
224
2
26
19
43
4
12
1
104
9
496
54
1
33
16
338
56
258
257
34
2
1
4
2
228
5
53
357
2
73
54
151
1
5
340
152
307
2
70
3
105
177
28
3
5
79
3
209
125
3
31
29
2
3
49
100
6
1
1
1
17
5
14
7
1
1
330
5
48
1
69
24
424
471
6
71
377
202
352
2
165
435
236
102
74
8
1
21
18
4
207
288
2
3
42
95
105
3
101
77
203
2
89
180
181
29
5
11
4
113
16
16
113
214
191
1
82
3
354
21
2
150
11
6
35
49
281
239
8
1
87
12
15
1
1
2
26
1
42
114
4
11
3
16
21
355
371
4
49
18
1
107
5
20
2
473
5
29
2
14
149
61
273
1
63
14
9
59
36
3
8
11
20
3
2
55
208
45
1
252
2
101
17
87
345
6
50
54
10
3
483
4
121
52
3
3
2
1
5
2
235
1
4
6
95
64
99
139
481
121
36
10
428
3
188
155
4
7
18
32
1
81
123
42
23
14
2
91
43
14
73
1
6
315
1
61
87
45
43
472
19
24
86
24
1
118
80
79
33
144
180
1
3
45
42
1
94
22
414
375
93
177
8
40
91
41
65
47
209
9
219
1
6
51
11
1
221
1
192
14
12
15
3
347
2
3
25
15
4
53
9
26
17
1
433
17
135
11
1
92
3
3
9
45
6
31
265
109
446
16
122
13
10
4
68
63
47
1
280
47
1
15
82
2
7
8
198
7
55
118
1
6
3
40
85
9
5
1
2
66
5
72
8
1
398
13
1
35
484
1
1
362
66
2
2
7
1
34
250
39
258
1
1
37
15
72
1
5
5
149
4
31
34
34
169
203
1
1
30
5
7
1
88
6
5
3
338
27
5
10
9
18
30
2
3
10
5
18
50
48
16
12
5
19
3
148
29
4
1
1
2
3
306
95
170
492
131
129
6
1
12
117
2
29
2
112
45
22
190
43
1
8
85
71
6
3
70
3
1
6
44
105
1
86
11
10
27
42
1
5
3
12
62
53
420
37
6
2
61
222
71
15
5
304
319
33
13
20
2
2
1
44
1
90
324
423
181
135
1
1
4
21
88
59
17
486
28
7
114
1
23
186
4
483
64
108
384
3
396
47
8
1
21
25
7
1
238
74
66
123
6
1
6
1
117
216
171
2
13
10
61
71
112
19
5
8
135
14
1
27
55
1
1
2
3
30
14
26
14
1
98
122
4
13
111
18
12
45
3
138
2
94
72
28
29
4
490
15
7
2
9
17
165
16
12
21
3
5
5
8
100
364
31
165
4
19
122
149
15
6
7
66
15
4
2
115
345
164
18
29
25
1
23
1
1
1
29
199
397
1
38
10
4
303
5
353
1
42
6
12
29
3
40
61
6
7
20
1
8
2
14
15
26
338
7
355
1
35
8
2
20
35
7
487
182
15
88
3
488
129
22
35
173
95
82
237
5
6
1
1
121
144
123
82
83
21
11
16
7
1
1
193
1
60
3
7
305
78
454
92
182
7
149
285
80
96
17
2
38
177
13
5
223
7
85
325
2
9
101
64
3
2
26
275
291
1
120
28
84
93
4
294
105
1
1
93
116
1
50
212
1
1
325
27
2
189
4
51
65
26
1
12
1
3
3
3
99
15
3
10
76
26
27
6
69
195
22
17
394
1
164
4
5
15
323
155
92
3
8
46
17
22
59
241
63
18
9
27
86
141
7
202
231
59
1
1
48
17
123
26
46
124
4
1
260
11
25
31
126
258
1
54
14
10
2
237
3
2
34
45
2
421
2
493
337
7
38
149
16
174
65
24
12
12
1
47
11
1
1
188
2
2
7
478
209
6
3
9
336
217
243
5
9
1
9
12
16
3
82
2
2
19
2
484
85
2
14
3
63
401
21
421
1
26
6
16
21
263
3
3
42
51
1
90
2
277
7
210
11
3
183
5
5
91
2
1
38
1
91
40
2
332
35
7
5
5
10
9
82
1
4
29
347
20
2
19
66
475
1
2
90
144
59
99
1
5
52
3
4
32
34
52
21
1
95
40
193
385
216
20
3
63
1
276
2
2
1
21
434
4
32
1
8
8
5
382
1
42
212
262
4
1
78
35
14
17
11
78
9
341
75
200
4
74
362
55
159
81
9
236
7
1
384
1
5
42
435
259
36
213
4
1
1
22
1
3
15
69
4
1
4
2
31
149
13
7
17
56
39
74
6
1
108
1
131
380
253
3
1
340
36
1
61
79
62
340
51
2
1
32
12
220
2
54
1
4
456
35
3
192
86
172
107
1
6
83
61
1
2
24
4
1
5
26
18
38
9
26
375
2
87
8
1
45
150
100
1
147
54
3
4
42
131
1
434
3
369
26
58
245
305
433
2
4
224
2
7
15
93
2
67
1
4
13
3
1
23
105
9
3
318
11
3
31
1
8
46
24
46
136
1
12
35
1
9
13
13
34
5
34
103
2
10
102
4
3
31
4
45
29
2
1
96
1
2
56
40
1
2
13
2
103
207
12
17
5
1
374
1
465
5
90
72
6
3
6
333
8
2
67
38
23
10
173
178
31
157
1
14
5
85
49
8
354
1
27
411
275
16
61
44
28
1
15
44
123
26
4
408
1
87
29
450
10
2
28
10
73
1
72
1
3
1
38
267
22
333
10
389
15
252
1
5
2
5
413
1
63
21
6
54
87
82
97
1
12
26
193
24
349
2
24
1
31
2
1
122
1
86
22
69
2
1
7
44
103
2
4
1
15
1
2
78
362
4
2
26
28
265
1
13
105
2
1
120
55
109
314
35
18
118
11
12
85
1
38
167
12
46
5
37
1
247
22
5
2
30
7
162
16
2
6
1
249
1
9
14
1
3
57
3
2
189
7
1
70
21
5
1
66
1
33
1
1
51
20
262
13
4
52
365
2
65
1
4
34
13
22
10
99
13
7
233
4
1
43
24
46
345
44
161
137
67
214
448
219
3
4
9
1
2
238
365
2
129
89
51
13
28
40
21
2
6
11
19
23
26
28
62
70
233
49
4
1
14
82
116
14
205
1
3
135
173
420
20
70
1
444
166
1
279
110
87
110
2
21
3
6
9
158
1
8
402
35
63
272
143
59
28
171
7
372
180
115
185
14
62
3
21
23
420
2
1
388
17
21
325
18
29
131
7
50
134
33
3
1
4
12
42
1
2
406
1
14
1
161
80
226
8
95
2
2
16
15
2
114
19
46
25
51
243
30
5
1
4
3
21
3
290
168
3
1
1
1
479
8
423
26
1
11
1
4
1
88
263
55
269
257
150
92
495
49
3
2
7
234
9
13
6
69
1
1
1
108
2
36
6
10
32
7
9
10
5
2
95
2
4
423
289
88
3
219
34
131
457
42
43
260
4
8
9
50
1
45
14
22
5
17
499
464
9
165
52
47
52
6
175
5
3
59
2
29
73
34
65
3
1
57
1
56
180
19
5
80
8
75
145
3
388
49
22
13
29
11
1
14
1
7
50
1
212
33
36
1
1
365
237
135
1
15
17
55
34
77
21
112
212
429
9
25
40
1
10
2
6
406
8
1
190
163
1
9
26
13
121
13
1
284
27
79
3
286
179
1
1
119
5
1
15
7
163
1
99
116
1
1
188
21
45
7
2
240
8
11
14
12
1
420
459
174
12
5
32
4
7
22
59
98
95
2
220
5
1
159
1
5
1
1
11
3
208
2
75
255
22
12
378
1
108
2
9
4
7
196
3
451
1
156
1
9
31
92
1
1
122
26
9
1
57
3
1
92
184
1
95
1
1
314
8
41
1
200
5
1
2
1
9
6
142
7
2
2
1
3
455
22
1
105
16
177
316
63
1
206
4
13
1
58
1
146
5
1
42
182
92
15
6
212
1
3
48
122
129
146
12
84
62
66
1
3
7
44
1
264
7
1
1
247
14
1
1
4
6
6
92
70
12
200
5
122
21
18
1
6
1
11
71
370
42
2
29
263
32
7
41
45
1
79
69
19
10
267
51
7
87
1
1
1
77
55
3
93
6
128
2
7
1
194
144
85
435
267
409
1
55
2
48
1
21
2
14
2
1
2
333
8
1
75
11
60
51
160
324
21
46
48
66
9
10
147
32
2
32
178
1
2
1
1
22
1
6
92
78
103
383
228
142
1
9
34
16
12
22
58
1
7
88
3
207
12
77
7
25
11
117
175
1
469
3
7
2
1
378
248
14
487
42
8
171
21
24
28
391
406
2
39
2
175
10
186
25
97
68
243
282
8
2
286
43
5
1
76
10
434
430
8
91
12
1
8
39
1
56
104
1
1
1
369
1
4
17
2
95
2
11
97
7
4
2
2
3
17
18
6
39
104
8
26
137
25
8
1
25
1
103
2
235
26
4
245
3
61
4
14
23
51
53
4
67
312
3
178
9
1
325
118
94
33
469
11
287
244
151
24
4
85
1
32
102
337
182
8
16
3
152
343
3
52
8
1
234
285
1
27
85
7
89
11
140
161
5
272
13
7
321
1
2
53
27
3
1
1
1
37
1
94
1
39
356
149
133
81
173
7
109
24
4
28
44
1
10
1
158
50
2
163
273
1
2
220
34
8
2
165
1
6
107
7
29
25
32
227
1
28
1
161
33
100
56
148
1
322
99
47
1
76
28
498
73
2
428
96
37
3
51
1
152
5
4
256
4
4
40
443
15
16
3
347
5
361
196
484
6
71
14
4
14
1
4
1
2
13
1
4
9
74
2
1
120
58
50
3
4
269
66
1
4
22
62
31
6
367
261
3
34
201
1
196
1
1
1
157
12
176
19
25
2
3
16
70
320
42
3
1
2
342
472
2
12
25
3
59
3
335
3
1
20
8
179
2
3
2
3
8
2
15
70
91
10
49
6
357
3
15
4
3
115
7
1
121
6
30
10
2
8
14
79
1
133
4
28
4
403
401
4
111
95
82
6
36
302
1
24
4
180
3
10
19
4
388
4
7
2
7
63
1
1
495
21
57
331
2
2
53
16
30
214
133
1
124
211
77
5
2
125
4
4
447
19
13
6
78
262
9
33
23
6
113
2
244
57
3
6
399
2
25
8
219
246
406
2
37
1
182
56
451
1
1
2
171
14
13
1
26
2
343
24
3
33
25
65
20
385
27
247
5
4
66
1
6
1
3
45
2
267
1
5
51
73
4
2
4
363
124
1
113
9
27
2
3
14
18
24
209
54
412
329
4
1
16
396
14
38
3
5
91
9
1
43
69
1
9
1
121
88
160
39
1
6
1
143
12
29
52
57
375
257
166
15
4
413
117
44
368
17
4
7
1
38
9
13
1
8
3
229
1
111
116
429
64
6
2
340
3
11
9
78
41
2
107
51
425
198
2
146
2
1
271
1
17
1
1
4
83
26
2
1
340
80
1
39
17
4
5
1
87
3
1
9
1
5
1
362
1
32
3
5
3
42
21
4
48
33
9
22
414
10
35
265
3
104
8
81
2
66
110
32
11
27
297
1
69
112
2
136
132
60
326
275
8
75
70
14
6
125
85
269
9
4
40
45
73
87
2
7
7
175
1
3
1
153
6
7
281
5
6
3
25
42
6
211
1
2
1
1
80
1
420
18
182
15
58
427
43
81
1
3
6
49
9
216
1
3
206
14
2
111
13
1
2
8
264
8
14
28
3
49
56
12
154
9
1
4
354
1
11
6
5
260
319
306
23
27
382
5
41
8
116
256
3
4
19
1
3
4
8
301
5
127
1
408
1
17
26
359
1
64
1
1
134
10
33
24
35
168
2
1
1
241
8
1
5
1
2
2
100
83
17
1
24
5
47
84
173
4
6
1
36
68
93
4
5
346
43
44
8
1
8
1
27
1
103
60
3
1
1
472
135
2
16
103
10
149
32
56
11
16
1
9
1
3
5
2
4
231
22
4
8
4
1
158
38
227
31
6
396
3
183
51
3
22
61
48
39
166
116
23
350
2
137
8
2
11
135
15
4
7
2
2
147
1
4
18
378
95
55
364
498
9
6
1
52
2
2
21
17
18
105
36
17
52
17
10
500
118
1
297
6
1
5
5
8
25
7
202
17
4
69
143
320
9
20
1
1
4
40
1
2
3
8
8
35
5
168
113
27
1
182
7
341
179
200
7
38
59
152
294
10
104
3
28
172
1
96
123
41
34
30
61
49
3
90
4
5
9
8
9
18
141
214
23
74
1
7
483
35
42
25
8
8
2
7
8
15
2
35
26
4
3
10
7
80
178
53
17
1
299
87
24
2
2
8
35
1
1
107
4
75
12
15
1
337
25
5
2
9
44
1
8
4
32
1
123
2
9
15
16
11
1
1
1
25
29
2
3
2
493
12
7
2
72
15
324
59
196
60
1
61
90
34
10
95
139
4
4
4
91
10
92
3
8
85
87
9
55
4
11
92
61
333
72
30
29
196
1
21
263
16
1
84
1
358
5
1
2
207
58
5
1
5
1
1
196
400
14
3
456
30
3
154
17
5
312
4
4
7
69
3
9
7
50
3
176
151
4
36
22
1
25
72
1
112
8
10
11
18
10
2
314
138
5
166
301
1
419
1
462
4
5
151
3
1
1
33
1
32
1
2
119
25
2
16
2
1
156
7
222
172
45
2
1
365
391
1
102
7
4
85
3
320
1
2
99
14
399
149
1
3
57
3
264
1
162
1
1
3
18
74
112
1
15
369
32
175
156
1
16
403
109
101
1
32
3
5
2
260
302
54
1
1
9
29
70
2
2
15
13
292
3
13
12
1
35
11
10
5
3
306
211
47
159
128
4
5
29
57
24
54
1
21
50
2
1
235
416
2
152
194
48
1
7
195
148
454
9
1
46
10
16
3
1
1
2
4
6
114
3
2
8
322
124
10
30
304
24
1
28
412
3
12
382
3
17
107
63
7
51
32
18
13
59
1
10
4
9
131
4
340
17
217
150
174
3
252
12
30
459
20
13
35
77
10
3
33
11
1
84
7
14
307
5
8
462
1
4
1
400
6
33
24
1
62
1
127
34
12
112
2
1
254
3
1
107
10
460
1
16
12
3
256
5
395
15
2
3
223
29
9
42
26
369
3
6
25
3
295
25
1
96
167
2
29
46
4
12
79
3
32
21
1
2
137
9
243
5
8
4
23
3
1
28
1
284
93
47
21
256
462
174
168
2
11
153
27
2
84
12
19
363
27
33
73
21
2
43
17
85
142
6
246
158
1
134
21
1
218
3
204
6
17
150
7
25
30
4
417
35
8
2
3
2
6
8
2
5
73
2
346
25
16
4
1
6
46
75
20
12
18
36
4
13
433
1
1
1
85
5
6
9
84
4
12
184
1
52
185
291
1
1
7
144
1
3
3
122
32
6
6
484
28
3
1
246
13
6
79
33
287
14
245
16
1
6
13
1
475
4
1
5
134
7
4
10
1
70
9
77
1
1
47
64
56
3
35
1
181
3
1
134
125
1
72
66
114
1
154
48
1
8
64
243
118
1
2
81
155
137
28
1
3
38
1
60
56
10
17
3
26
44
4
2
11
1
3
10
3
39
17
204
28
334
169
15
432
84
1
119
122
1
15
183
18
26
65
5
21
377
28
10
7
23
56
19
88
59
133
67
12
239
3
37
319
378
1
21
2
3
1
132
1
285
169
5
90
91
1
369
4
10
9
58
111
3
372
163
15
98
254
1
1
6
9
402
38
2
107
3
2
10
4
42
78
291
72
20
3
20
142
40
14
12
128
134
315
1
60
7
16
28
1
1
36
497
16
1
1
1
212
1
1
122
120
3
83
26
1
80
278
1
4
31
93
21
5
1
1
13
18
5
2
43
1
108
2
219
13
46
6
4
98
75
290
80
146
8
1
228
3
32
143
41
120
6
66
1
4
288
173
99
1
1
2
1
3
74
43
23
146
1
1
2
1
482
1
22
394
163
3
2
101
30
300
1
57
4
104
38
162
6
15
11
5
41
56
53
37
5
407
55
9
27
214
139
36
1
4
2
362
31
9
1
373
29
2
95
44
125
4
2
147
91
401
58
492
391
258
19
161
47
242
1
5
2
12
99
72
2
1
27
34
36
3
193
66
10
87
1
7
345
2
8
8
1
4
1
14
45
75
6
490
5
42
236
41
73
3
214
26
1
31
1
3
20
239
15
412
84
2
16
1
139
2
44
38
9
3
234
13
94
38
377
1
170
2
6
209
69
1
19
4
42
1
20
13
3
432
8
9
1
9
41
1
26
113
117
3
108
3
1
1
1
94
15
30
1
76
5
111
482
1
8
78
15
120
4
83
396
21
2
20
140
11
498
14
3
1
296
69
363
57
498
87
18
2
78
42
1
14
1
384
5
30
24
244
8
3
53
352
1
7
66
8
21
166
76
2
2
11
27
179
1
377
10
80
72
1
4
294
1
7
164
264
7
7
87
1
2
69
474
20
262
14
15
25
2
65
42
3
161
132
67
7
188
3
45
1
3
1
59
20
46
6
7
10
24
135
272
2
89
23
492
24
355
4
295
1
3
48
142
98
128
23
5
219
374
39
1
151
128
245
7
338
137
38
2
64
406
1
197
1
1
2
1
327
18
43
1
18
13
63
2
8
2
1
242
51
19
6
2
10
43
87
87
13
5
51
141
1
197
23
20
2
4
2
36
45
11
127
140
6
434
84
138
14
295
4
97
10
2
3
140
1
1
134
140
46
21
446
4
9
22
219
2
17
21
4
12
1
10
107
1
1
5
11
432
1
148
35
3
16
145
4
3
21
6
2
32
6
4
31
8
113
78
63
4
9
442
4
40
2
3
4
14
13
49
35
1
309
6
6
54
28
62
2
5
13
115
1
208
105
34
1
5
22
5
301
79
80
53
19
6
29
85
1
4
11
188
416
232
177
27
59
1
3
238
1
297
10
11
34
12
2
11
11
2
493
13
87
20
453
27
2
1
50
1
1
2
88
4
2
4
25
25
1
1
36
22
118
10
22
9
47
4
1
15
4
60
1
23
2
131
1
112
37
4
12
2
2
467
91
20
27
197
1
4
6
185
1
2
50
1
121
142
103
6
366
10
33
3
3
3
3
30
64
94
258
70
111
6
3
227
11
1
56
150
30
3
38
1
1
2
4
45
261
1
6
5
73
1
1
33
355
64
290
21
139
1
58
2
83
34
5
1
8
304
200
3
10
12
70
22
11
3
39
2
9
7
64
365
122
3
493
117
440
1
4
1
2
45
12
3
10
1
319
40
20
82
1
6
2
11
11
6
4
7
3
87
465
76
414
1
32
20
34
4
1
31
17
135
14
189
7
88
107
3
207
16
7
42
25
9
389
114
20
1
3
6
2
25
195
213
215
4
1
90
61
24
259
137
222
365
78
43
103
14
3
1
322
8
3
216
3
2
5
41
1
96
1
287
1
2
54
19
499
49
131
225
132
332
153
104
8
457
6
296
2
32
1
59
24
302
16
8
1
4
36
2
11
3
2
20
1
1
435
13
11
24
100
11
10
4
219
1
16
1
1
1
104
221
248
2
6
40
22
2
27
429
120
7
42
143
1
28
41
216
10
384
21
14
145
24
4
27
16
22
9
1
52
36
32
4
11
54
234
93
23
331
9
49
303
1
8
125
1
2
453
61
1
210
3
18
3
1
3
101
35
73
182
270
306
169
102
476
2
157
2
119
174
131
4
34
134
1
1
1
2
161
262
8
13
179
10
80
75
38
1
4
68
3
13
1
3
14
1
11
1
1
3
153
1
12
2
2
15
1
1
40
121
7
32
295
9
1
9
357
202
225
9
25
6
134
10
234
81
82
84
380
22
11
15
3
217
6
9
263
246
27
3
76
2
11
230
266
97
5
20
353
78
2
35
3
26
3
4
69
11
35
106
226
3
15
24
14
56
3
54
22
446
1
7
12
106
1
89
3
9
29
31
315
338
2
227
13
2
44
1
26
32
4
277
1
5
21
5
23
4
18
1
103
5
1
2
343
1
187
17
2
34
1
43
214
11
2
1
115
65
224
8
3
1
342
20
65
115
262
4
2
24
91
274
216
1
2
77
420
1
29
5
58
24
94
17
53
14
24
48
82
2
1
53
2
6
30
332
16
57
20
163
3
107
31
1
430
2
36
47
9
252
4
2
12
316
29
5
6
26
74
72
3
365
4
5
4
91
8
90
23
1
139
458
1
11
1
3
2
11
4
2
1
11
274
331
9
2
106
2
7
36
1
4
11
7
38
118
62
354
1
479
1
15
1
262
94
116
23
24
18
384
40
24
95
1
373
14
48
1
138
18
100
40
14
1
39
1
62
19
1
46
274
51
18
6
10
187
64
19
8
64
4
22
164
331
26
324
3
421
1
123
23
48
310
2
7
4
4
1
18
9
97
6
1
77
20
8
23
18
5
6
5
12
10
49
86
2
454
1
1
7
2
9
240
67
77
11
4
7
24
5
343
66
25
3
88
39
17
5
369
334
3
27
92
2
48
5
23
258
36
477
22
9
218
2
20
138
147
5
102
197
24
43
22
468
20
96
132
16
13
1
1
4
37
386
1
18
145
81
191
47
2
4
39
42
15
60
85
75
435
34
12
158
104
3
23
115
52
1
7
169
8
4
48
182
26
8
78
12
5
3
170
1
18
276
6
3
161
53
2
97
3
2
129
8
4
1
2
64
5
74
1
3
140
26
2
28
1
2
6
16
1
6
2
1
124
1
119
2
41
43
17
44
120
2
29
3
5
2
2
1
7
229
1
5
24
14
1
144
3
4
59
39
1
172
11
319
3
115
2
257
3
4
1
22
58
45
48
191
2
79
266
3
175
1
99
4
1
22
9
59
325
259
183
15
209
1
2
11
1
7
170
13
91
65
4
55
472
29
453
1
11
77
190
79
2
1
1
17
1
80
33
28
135
149
19
36
168
478
6
2
67
1
374
4
4
30
1
154
300
55
481
35
6
28
3
1
1
2
1
2
2
1
2
334
4
410
170
29
8
234
151
297
1
420
3
1
174
3
216
1
371
35
2
5
1
1
3
9
237
44
4
88
1
247
2
16
1
336
5
31
6
1
5
54
9
45
1
13
114
1
23
49
17
8
41
373
1
39
1
7
1
43
277
113
246
13
26
371
135
379
23
258
68
2
390
1
33
1
11
104
2
200
439
3
19
1
3
1
2
1
105
8
3
143
27
2
14
53
1
132
4
1
9
60
11
32
54
9
482
3
399
8
13
183
11
2
165
17
44
3
2
98
15
94
327
24
2
30
26
176
41
9
27
1
36
1
9
1
24
6
18
53
153
2
16
23
3
18
21
1
4
32
427
4
395
1
222
367
392
20
46
64
25
2
14
457
3
67
86
326
3
9
23
24
137
1
321
18
230
3
20
26
63
414
200
194
1
2
40
1
22
1
7
10
7
20
2
5
2
35
2
73
33
11
91
32
1
223
1
4
5
24
86
25
1
15
124
93
109
34
2
356
1
5
89
1
14
4
1
99
34
456
5
1
7
4
34
2
18
87
4
24
106
7
9
6
374
15
1
10
101
115
19
436
76
7
10
152
3
9
222
46
13
85
70
217
1
111
3
1
5
20
316
32
39
19
9
3
1
1
22
43
4
1
11
12
423
8
18
9
5
56
2
2
24
2
24
8
4
85
2
2
23
3
7
2
16
42
11
1
142
37
94
23
4
4
279
4
91
174
405
83
1
80
4
68
28
11
16
2
3
159
15
86
20
1
5
1
3
436
54
95
387
5
14
32
147
3
21
26
157
1
218
45
79
1
17
31
3
424
27
1
121
15
14
1
11
19
79
274
3
16
2
152
96
314
15
1
77
273
9
18
1
2
41
5
1
4
3
5
8
461
442
1
12
1
15
1
1
166
285
3
471
59
247
497
41
5
5
184
349
47
253
26
1
7
2
1
6
47
4
82
2
77
9
427
181
18
124
416
106
3
1
8
19
17
1
5
36
3
381
102
12
245
21
5
249
1
71
84
3
159
26
90
2
2
77
102
35
83
21
7
3
55
2
1
22
113
10
118
242
16
3
452
10
36
26
61
1
19
1
1
3
5
9
297
1
224
28
3
3
227
38
225
1
27
3
266
9
297
143
16
413
37
21
48
12
5
8
56
62
82
59
217
7
86
2
1
59
2
39
269
2
4
1
2
32
6
1
1
196
1
276
134
4
3
11
1
1
68
1
1
62
5
298
73
8
2
363
1
1
292
2
33
1
2
4
39
19
6
38
78
13
1
346
8
229
93
4
334
52
9
199
40
301
1
3
5
403
301
25
1
8
14
12
114
3
25
4
3
146
143
238
2
432
7
3
9
1
1
32
140
8
329
32
4
14
2
6
1
358
18
1
4
2
20
97
1
13
74
353
27
42
91
4
153
16
152
14
1
168
45
3
8
3
37
26
22
3
24
1
125
1
32
98
49
1
6
31
1
1
308
134
3
145
29
11
1
6
210
335
1
1
346
32
1
2
21
274
85
46
361
75
2
19
78
8
71
147
31
331
5
5
4
180
18
299
66
156
1
6
7
4
1
12
279
2
1
20
219
449
22
6
31
3
9
77
26
18
69
48
1
172
14
263
9
2
28
91
1
108
1
498
58
63
1
3
10
7
116
1
1
2
6
1
17
1
21
120
9
24
1
30
2
45
26
245
3
36
185
5
13
1
22
3
265
88
1
1
26
70
7
107
16
165
5
11
2
7
2
5
2
1
14
2
73
16
2
1
189
16
244
15
9
12
112
1
12
220
41
107
38
2
8
5
7
136
351
27
34
75
5
12
10
65
5
52
1
1
4
45
111
2
235
2
1
5
56
3
72
2
1
86
379
1
21
27
360
49
10
61
303
113
1
460
2
1
2
3
13
6
8
1
10
77
38
11
1
19
8
20
1
1
2
14
309
42
100
54
47
4
3
1
263
3
1
1
22
2
8
2
54
1
16
432
18
233
5
9
104
224
5
42
39
1
9
76
240
126
53
254
239
33
32
142
1
2
2
67
1
37
8
15
256
297
41
1
458
1
3
26
42
87
315
141
2
22
10
126
1
9
2
12
2
114
120
18
68
5
153
45
7
1
147
223
6
56
75
305
1
28
6
1
81
11
202
39
2
3
6
467
31
71
261
179
283
34
327
9
26
15
1
406
2
7
4
1
19
146
11
46
284
5
289
3
221
73
1
391
104
492
86
55
81
7
11
30
5
8
3
16
433
90
68
11
96
20
1
51
1
457
150
2
3
123
9
1
129
1
83
3
137
109
4
15
246
1
291
19
1
2
1
3
37
265
17
1
2
14
72
171
58
1
18
1
1
137
269
266
32
1
26
7
129
3
10
16
1
3
76
36
485
4
124
1
1
411
3
2
56
7
21
154
3
90
18
3
13
331
1
20
5
1
297
6
307
5
80
9
50
6
155
6
84
75
18
7
18
2
13
38
49
1
292
5
3
3
241
197
9
14
2
3
1
1
190
1
122
28
431
6
468
86
17
1
224
5
5
58
426
120
76
29
1
4
1
176
1
12
150
3
377
5
3
31
156
12
1
77
42
4
128
38
364
1
2
1
1
2
25
14
156
126
1
239
2
9
10
6
65
1
11
7
473
1
120
4
5
2
12
4
73
420
349
13
35
8
307
14
77
1
1
235
270
1
161
225
4
153
8
27
15
45
1
7
388
11
130
1
2
118
117
1
441
1
42
11
2
73
480
57
2
1
243
8
32
337
203
15
210
2
46
11
162
130
108
3
19
2
74
1
13
1
2
27
1
37
135
109
1
31
1
1
284
12
8
374
419
15
212
1
3
8
1
128
452
13
2
67
10
408
2
93
6
2
1
3
190
1
11
334
478
114
422
130
41
138
2
492
21
4
1
30
25
116
3
2
16
1
6
71
39
463
4
3
18
13
65
1
218
14
1
63
70
3
34
13
2
45
3
257
1
2
11
76
4
181
110
2
61
53
249
22
2
2
467
409
5
392
1
7
43
1
2
1
94
9
337
462
25
7
452
12
1
10
1
35
3
3
94
177
485
199
8
74
1
1
11
3
34
405
1
5
7
11
1
4
29
1
3
39
1
109
280
487
1
34
2
46
17
2
42
174
489
1
476
96
18
13
315
348
32
268
1
10
62
34
1
13
6
1
32
1
1
1
426
9
2
1
375
68
1
19
114
6
3
6
17
3
2
5
2
397
1
75
2
9
2
150
10
52
29
3
1
5
227
4
7
281
2
1
2
2
21
16
6
10
4
2
184
2
9
62
1
490
2
1
49
1
6
1
11
1
114
12
290
390
24
4
28
9
1
5
1
22
11
24
1
1
104
135
86
37
7
55
15
16
22
13
2
113
1
4
3
352
5
24
15
6
186
3
104
4
67
3
34
262
2
317
447
83
70
66
2
4
3
244
10
13
5
5
3
98
287
2
5
2
135
2
5
253
53
148
63
1
1
132
8
99
1
1
2
52
271
48
5
2
3
84
147
193
1
4
5
27
183
302
14
15
266
265
53
255
149
58
254
8
402
58
18
25
82
46
114
9
1
40
1
1
2
4
6
11
4
321
1
23
462
54
6
450
27
4
85
1
432
75
3
1
26
5
270
3
21
7
121
300
67
26
3
11
11
360
18
180
189
32
63
1
375
1
45
29
3
362
1
85
41
54
145
3
26
1
9
123
1
172
17
1
2
328
3
180
108
14
98
66
63
1
14
26
18
5
10
2
10
193
306
4
14
126
2
4
37
81
37
20
1
60
242
99
1
6
8
2
8
53
17
349
146
31
1
97
4
83
70
169
288
2
70
94
18
413
20
131
1
324
8
1
289
2
5
10
3
3
4
41
70
125
4
6
1
1
428
165
17
1
187
73
1
7
1
3
7
433
2
27
25
1
4
12
19
83
1
8
451
60
17
7
492
1
5
35
82
33
208
103
42
117
152
1
37
37
4
51
152
7
76
392
167
1
1
15
2
17
9
1
56
248
3
1
1
323
3
34
309
4
176
8
5
209
242
2
111
11
32
8
56
8
140
147
9
9
304
6
3
1
238
1
1
92
29
14
21
169
1
1
85
2
436
44
10
113
121
1
1
7
1
77
296
4
2
57
13
24
8
4
6
184
25
2
1
31
61
276
2
8
26
1
4
6
18
398
89
3
375
157
5
9
2
78
4
18
137
5
99
6
3
79
144
1
4
5
346
114
152
8
109
495
6
3
408
11
1
14
9
16
1
13
12
486
6
3
4
2
363
246
40
74
4
3
59
171
33
12
118
15
108
103
2
2
2
7
19
8
19
3
14
308
272
8
20
8
15
10
7
108
1
48
1
4
2
228
39
1
8
10
15
3
17
26
18
20
26
291
185
20
1
21
2
67
1
14
11
102
378
492
428
26
121
476
455
22
19
7
319
1
35
1
20
1
50
2
1
9
15
10
12
241
6
7
12
59
10
1
1
1
1
56
119
13
116
177
10
9
228
1
14
58
2
1
155
330
2
267
72
78
17
7
1
224
14
64
53
37
12
1
183
301
6
382
1
305
353
2
1
53
463
64
454
7
138
12
27
1
13
4
1
2
18
34
11
57
319
1
39
114
7
1
2
105
27
242
156
3
5
58
1
13
9
40
10
67
14
2
113
45
179
5
342
12
3
9
387
3
3
10
4
10
3
479
2
7
41
1
19
1
211
150
25
28
21
88
81
54
8
1
64
22
70
1
15
1
328
3
8
6
41
487
9
3
183
22
126
255
354
1
2
238
1
64
3
132
9
15
1
92
3
5
454
75
174
4
14
13
12
34
28
43
157
3
37
178
1
26
97
2
13
31
3
53
10
2
301
5
148
208
1
1
2
2
31
339
289
13
2
25
63
11
1
2
2
8
9
46
21
195
3
371
207
1
146
1
78
23
6
195
4
1
162
96
1
116
1
117
1
27
205
1
8
3
15
133
1
101
1
93
1
10
4
90
247
5
4
18
1
1
58
3
11
6
34
8
44
15
1
59
6
2
491
8
29
17
143
3
2
5
43
215
19
269
1
2
8
2
30
52
156
56
6
1
36
9
41
280
380
1
1
1
190
1
98
86
2
25
2
15
1
31
7
113
92
126
9
236
43
58
37
6
1
6
5
44
122
9
85
80
23
6
10
27
75
164
6
4
75
128
11
2
47
8
4
152
30
2
319
13
38
33
14
2
1
1
163
1
2
4
8
1
81
34
7
3
441
21
1
55
1
2
119
4
41
24
4
66
4
2
8
4
143
4
2
40
431
144
10
1
9
35
1
66
1
51
472
58
290
2
379
275
3
2
21
15
2
1
41
34
71
7
2
2
150
213
261
35
74
1
4
7
78
6
12
10
433
23
3
22
6
1
130
449
1
1
2
46
13
2
3
52
100
3
291
55
16
46
1
14
107
2
2
9
27
1
39
232
8
4
12
109
3
256
1
3
195
2
71
5
1
134
329
167
25
2
3
4
2
363
274
1
1
93
12
114
1
7
247
10
51
20
5
9
42
1
368
4
1
5
266
192
3
76
172
4
5
2
9
264
3
146
4
2
21
246
234
22
77
1
141
3
152
452
26
7
5
4
14
1
8
49
95
9
1
447
3
7
37
4
29
3
1
5
19
451
40
15
98
443
14
154
28
76
123
78
69
11
5
45
140
148
154
17
1
4
6
6
277
163
132
2
442
266
42
2
3
10
3
183
13
232
11
1
193
477
1
299
1
3
31
89
2
2
69
67
287
2
12
11
11
14
2
15
3
53
2
359
7
431
2
5
2
124
73
8
28
148
115
260
11
1
171
16
253
10
293
1
135
17
4
1
1
1
1
3
361
107
171
2
18
7
8
8
376
43
398
284
443
125
1
1
195
1
49
5
122
2
2
2
19
167
27
13
34
2
1
3
320
328
112
77
5
91
5
9
168
6
4
18
121
22
1
3
35
172
3
229
3
336
11
92
83
20
122
36
3
1
182
13
7
9
28
117
198
1
40
3
28
3
4
2
31
3
12
30
16
165
10
16
26
32
60
3
13
40
3
60
218
132
149
9
3
188
59
5
23
5
13
213
72
5
10
275
264
32
15
1
23
1
233
1
10
1
1
15
3
5
389
6
2
88
442
9
281
112
275
1
8
8
30
61
9
37
46
89
2
30
1
49
200
13
5
23
18
338
10
215
38
1
1
3
1
1
462
481
3
2
18
1
33
1
87
3
5
63
3
1
158
149
15
1
88
376
5
312
1
18
3
4
6
45
30
178
123
154
80
1
57
51
5
87
21
5
202
294
25
117
92
36
1
1
6
8
471
1
29
28
3
1
2
20
10
50
313
333
4
27
1
22
3
14
97
3
1
28
74
10
147
2
95
51
8
385
138
1
362
1
3
56
12
3
5
44
29
2
10
309
282
59
12
1
2
1
2
36
90
1
37
1
13
361
17
1
179
1
1
60
1
11
41
24
368
31
2
2
6
69
13
1
447
13
196
210
123
5
2
341
37
4
211
2
7
188
119
12
261
131
6
149
66
5
75
49
439
3
34
29
16
249
2
10
1
80
2
2
314
3
4
67
98
1
1
18
75
9
3
47
1
3
2
12
374
13
4
199
18
144
6
17
13
1
445
19
468
1
4
8
40
5
66
267
1
191
137
16
120
2
2
19
17
52
500
2
9
11
113
40
6
39
2
35
85
363
42
61
22
99
1
481
46
239
201
89
84
8
2
10
2
19
19
1
1
22
15
291
312
5
43
36
131
7
70
1
9
91
3
138
30
6
6
10
8
9
9
17
2
30
6
11
76
1
45
2
198
1
3
110
1
1
1
185
54
8
13
2
4
3
19
333
55
4
46
17
2
20
8
5
2
7
5
35
2
1
10
8
153
257
92
3
1
3
207
5
9
30
158
275
2
455
7
1
3
26
1
1
1
2
189
53
2
139
1
2
25
8
2
4
38
7
1
59
98
153
2
2
8
14
90
58
6
6
2
23
8
1
14
14
2
5
10
482
1
1
2
441
1
23
300
231
103
62
12
94
7
143
6
1
6
133
12
349
22
84
332
6
18
37
81
20
57
28
18
3
1
252
10
1
1
63
2
158
3
127
50
113
1
4
78
1
4
146
1
11
136
2
14
118
19
110
37
198
193
47
266
144
3
46
109
11
72
138
8
8
3
10
54
148
1
25
1
33
7
1
2
21
324
49
24
1
153
302
5
9
4
1
1
5
18
47
1
2
100
12
1
41
172
5
92
48
47
90
343
119
79
43
2
359
15
48
168
12
389
426
104
33
5
1
213
5
25
7
66
3
1
46
106
13
1
5
7
1
428
1
123
2
2
87
230
1
59
44
23
10
5
9
15
3
1
34
3
13
36
28
1
79
309
386
210
168
27
2
5
6
20
59
134
11
28
2
132
3
81
1
64
1
13
3
391
7
23
303
1
390
57
3
2
35
2
12
38
15
4
416
2
412
39
107
1
280
14
7
226
17
9
368
9
4
23
2
15
71
1
5
42
468
1
27
1
3
94
1
383
29
100
4
126
3
7
2
35
2
6
77
166
17
104
3
4
18
50
25
10
41
5
1
12
11
33
11
1
71
35
8
7
4
10
57
224
1
1
184
19
237
9
56
7
4
2
9
1
1
6
2
17
95
4
2
26
40
1
13
6
2
13
37
1
3
17
221
57
48
5
1
76
219
56
1
6
456
11
73
90
1
3
2
114
1
1
1
161
82
200
1
13
157
1
12
148
15
6
1
80
5
3
1
5
22
4
20
2
28
6
1
4
75
243
33
1
2
18
2
16
1
335
251
50
4
423
4
4
91
1
1
181
63
1
2
13
26
38
13
20
1
182
1
64
356
1
90
1
5
1
3
3
128
66
116
32
2
92
1
138
190
37
2
1
122
27
1
27
54
77
1
1
175
1
64
2
4
1
44
15
358
9
203
51
86
13
128
116
19
8
447
2
8
99
3
19
