118
227
702
1491
1006
443
285
700
1638
1950
1889
1272
862
529
789
718
733
1415
940
292
1999
1763
640
1521
1343
1968
1763
1722
374
1748
639
478
2000
510
1642
1035
1371
1507
1811
957
747
1691
971
1995
1976
506
495
908
10
1428
534
1498
379
124
1096
1168
1564
1937
1638
664
456
1271
1141
1972
1335
517
1771
1188
1769
719
1805
1202
1150
1465
598
1820
598
1660
1711
1790
1374
245
269
262
1824
249
257
1759
1663
1893
1845
589
1968
1790
124
57
1075
829
994
1363
1447
882
1275
1206
464
1517
359
1529
1542
1062
1347
325
1803
942
233
181
243
1718
1004
292
811
695
1899
1359
1759
1964
1683
999
1543
687
1642
1015
1926
1400
1321
447
1647
872
1566
1033
1591
307
1367
584
95
89
704
764
977
176
343
1195
161
634
1154
19
207
1540
1224
694
88
1274
281
678
1646
1500
1745
1964
674
1492
986
1118
1461
146
1587
133
1747
337
1726
770
1822
1668
1754
1836
27
1568
441
1080
1738
566
177
225
1964
852
61
349
1295
1380
1712
226
304
713
519
1030
399
474
1832
1664
282
1288
782
1250
1204
1924
364
1088
580
931
809
952
1149
67
764
370
689
865
821
346
904
1407
1050
1890
739
1118
1381
502
532
52
1960
484
1754
1886
371
738
1833
351
354
931
119
1447
895
595
985
1333
1193
1808
437
775
44
1327
1952
1750
1793
1901
428
1634
212
1336
1949
1270
66
122
1947
115
850
1095
86
547
155
808
1086
1807
350
232
1167
1824
293
1105
1303
587
956
696
314
11
98
1329
1926
478
1542
949
904
1933
1901
837
228
730
1728
84
108
1975
792
1398
28
1872
1294
847
1659
637
1691
1174
905
953
311
1927
1415
368
1240
127
1626
309
1092
6
546
1966
45
1336
348
908
956
190
312
112
560
1820
605
709
1448
1269
711
1314
1712
1462
729
855
165
257
844
796
1483
1091
1439
750
750
622
1428
1422
15
1144
199
202
1881
126
1211
446
1917
768
1008
884
1118
1580
1204
831
1858
185
1320
1047
1726
953
1655
1245
569
774
477
1544
533
1065
594
206
1784
1714
6
1182
217
894
61
1884
37
1293
1994
313
618
1346
928
704
129
1088
780
1505
653
522
710
242
976
1798
1309
663
567
1100
4
815
65
1685
1530
671
1100
1725
432
792
1592
894
1636
1573
1583
87
792
65
779
431
264
1902
941
1190
821
1785
832
1025
888
680
687
1496
41
1882
777
356
1926
945
317
988
655
1167
1904
1358
857
1018
1280
984
1596
1446
1079
1675
128
1455
61
1774
453
1474
561
693
373
709
1382
1988
1897
764
1606
1027
1993
456
684
1667
1511
1610
1002
1310
34
193
565
1910
26
760
1454
397
602
1270
105
521
1996
403
959
1781
1025
455
1803
1942
1720
886
250
1536
462
806
1189
1310
1612
678
463
1600
430
1406
1379
1072
633
1143
444
10
898
1970
1055
127
407
145
1757
810
863
1688
1397
1033
817
365
332
519
756
1470
8
1788
351
598
1453
1276
1936
1395
1859
1323
1261
1946
1171
1339
1889
954
1140
1599
8
238
1488
1276
160
31
467
153
1283
381
864
93
1027
1072
157
243
1766
1729
307
244
66
1728
50
825
347
506
1620
1607
1560
651
155
23
180
7
7
678
1325
1874
1972
494
965
661
281
1525
688
3
1757
1936
257
1233
1370
1540
954
658
270
751
1800
606
673
823
100
12
1097
695
1252
1091
1529
1779
1674
1048
1735
981
781
669
1156
1965
1194
761
1974
133
8
247
36
668
1707
1428
1287
401
1376
1702
1534
787
485
316
1699
69
1553
268
1239
721
1842
1105
452
1500
1353
1920
1939
1300
154
853
1919
842
523
1230
135
1020
1811
669
896
893
128
1169
1898
531
53
952
1223
1100
1607
587
68
1331
812
1241
1759
864
1777
118
1027
1898
124
1850
801
663
970
398
1355
240
621
1790
1003
272
703
221
716
6
1988
1879
359
66
1438
1905
281
1442
793
46
1235
984
752
1693
830
572
1512
1640
1275
1749
941
1926
1609
1054
947
1062
555
1294
1052
1327
1830
473
819
1998
1368
913
256
1043
1069
7
1166
784
410
191
1583
1625
1340
304
879
1977
1550
1496
1604
1069
340
582
768
1028
1265
1981
1118
567
973
766
949
793
622
1552
240
1702
1983
765
203
805
833
576
1653
1564
269
1873
564
166
1663
1622
1380
869
809
934
828
295
956
566
1393
1346
18
797
1584
1366
993
620
1886
653
1025
634
977
1534
509
1539
738
786
1867
1280
1428
976
1577
232
93
1767
875
314
66
912
848
1374
260
1174
1176
765
1441
1762
1144
1937
559
1843
1962
1227
1123
1623
352
950
1435
1661
1710
1078
1944
719
1447
63
1749
1634
813
1578
540
411
1951
781
1506
1160
720
1642
1776
1981
1893
902
210
742
893
1823
1863
1993
1666
365
1004
971
788
834
96
996
734
1973
1755
1150
710
523
255
741
1929
657
1178
508
305
1933
1833
496
1109
1517
756
1212
1073
1847
1816
1187
952
485
1963
267
1096
828
337
647
194
1607
1029
1489
1691
872
1370
1809
309
1744
968
435
1709
51
1706
507
877
164
1682
1723
197
1947
822
1509
1169
1714
23
1865
1348
1456
628
1768
1407
1045
1979
1222
1702
1242
135
1548
1589
1177
1819
1424
1260
291
430
954
1668
610
391
1301
767
1419
1142
1933
609
772
1739
73
1480
1111
1807
651
1195
1538
1392
1175
559
84
106
532
699
1555
1551
616
865
1795
1242
1365
793
865
1491
1329
94
325
190
330
392
902
1976
1554
1860
946
180
875
1578
1494
1136
1849
414
171
769
1564
1296
310
84
933
1030
1125
1255
343
1011
1800
1631
726
113
1263
996
1692
1106
561
1344
1387
1779
1349
332
136
1762
1213
387
438
1430
1398
879
1503
1087
10
191
1480
1153
636
457
302
1878
1517
560
339
1389
1289
737
1113
1664
823
465
1513
1789
651
705
1730
1052
1001
1953
1560
1915
1454
751
1638
989
153
952
979
184
595
655
1427
123
1569
884
1128
984
977
1824
637
65
91
1963
505
616
482
341
106
993
1992
1992
196
644
1664
450
156
740
256
1902
216
1465
1360
1368
1440
156
1572
93
754
838
1403
387
1781
1330
573
546
1286
192
546
1470
109
980
322
1613
494
10
1115
325
1652
991
553
1366
91
705
874
1795
947
1983
289
563
53
463
148
225
1569
1165
1465
1655
1874
1288
1215
980
1476
405
1011
1145
1842
117
1598
273
359
954
1507
1422
1085
1443
1180
1962
691
416
499
1839
1754
451
658
1326
306
484
451
536
1437
815
1597
1004
613
404
1748
770
1745
1938
1470
1078
1075
1581
1148
1276
1666
129
81
238
1129
1181
137
475
67
233
452
611
216
683
1823
1046
583
1375
1143
845
1307
950
1568
888
1315
1879
1975
959
951
1458
1455
210
747
1022
428
50
1853
66
886
1639
1395
952
508
618
1606
1184
1882
714
1782
370
330
153
873
324
524
1745
1946
1524
146
520
1548
1014
387
1882
393
951
1737
970
1967
1812
305
1730
116
1076
1705
497
1567
1430
582
1147
1791
1987
524
1692
724
619
1947
763
1316
63
1080
1047
887
205
277
1309
1053
1706
321
1511
1490
547
1696
439
1374
1686
1476
1995
240
1315
1745
1944
1023
954
1753
260
238
377
1518
828
1870
1058
1375
1762
799
534
1495
1182
718
1423
844
1161
1232
905
726
1033
654
375
1613
1536
599
59
1695
986
1319
1122
254
1717
1871
796
85
804
323
1956
1460
1812
1908
733
1120
1160
1266
882
607
1620
1403
193
1370
1003
1053
1186
1625
508
223
1693
695
1050
1563
1731
1241
535
860
1910
988
788
875
372
1795
860
127
1850
235
23
900
1977
1296
1810
472
536
481
464
348
966
1493
940
384
693
1882
1047
104
400
1883
1263
465
630
1693
1803
1787
1708
1895
428
1573
1972
1759
826
888
1493
786
1013
37
1638
908
1225
290
489
285
1272
1222
713
1340
1309
1994
801
1058
1287
688
1115
1453
736
1481
310
977
669
1894
1344
993
1236
1369
1239
978
452
132
1529
150
48
170
453
1294
1401
1064
370
387
519
1279
1959
1805
877
776
413
625
1964
1556
779
477
865
479
168
1900
486
1174
288
1309
183
1668
976
688
587
307
522
661
664
354
568
973
903
1336
838
1615
1842
1991
57
431
984
1916
669
1637
1681
297
309
1897
1216
969
940
864
739
1070
620
477
72
1052
251
1436
1744
796
124
889
1037
1797
277
712
1311
347
369
1692
1128
150
1944
1693
764
1926
1338
550
1722
1231
1656
1114
317
1003
1898
495
1208
1886
880
1438
1248
1104
448
1812
1835
13
1170
1466
1817
375
1419
1285
440
1245
1778
1382
652
763
405
249
1080
286
749
457
639
1410
1673
1526
581
1424
485
65
709
707
160
400
1325
306
1228
1397
742
1917
237
1110
1528
1611
655
848
541
93
1593
98
491
335
1623
1622
1594
330
1872
1658
1913
1119
893
981
1950
1159
1897
203
1322
1258
1380
1354
1794
378
1012
284
1366
89
984
1609
559
1848
178
640
1406
193
1176
1622
684
219
526
601
973
907
1094
178
470
176
148
1322
1258
24
1530
1793
302
1962
1506
778
915
360
1180
1256
1496
1783
1338
1006
1488
313
1794
1909
1784
1198
1069
835
926
344
1049
1427
1755
922
318
1109
1944
494
566
1341
919
1306
1415
1636
1430
854
185
755
1504
578
820
1682
611
415
1545
1322
57
1403
504
968
1206
1070
1169
1381
1638
20
839
1905
1727
1093
880
125
1073
1405
171
1093
682
1785
1948
1560
1415
1419
559
1581
1255
648
507
627
1892
1728
40
1012
346
1855
759
386
1607
869
967
1640
1739
1590
142
672
1970
1676
369
943
1517
599
794
1231
1773
797
1270
671
1157
675
1330
1820
1448
1407
407
1112
738
1787
1155
1621
673
1151
833
1248
1582
599
1525
1457
1788
404
1067
1416
1963
776
1043
834
1452
375
1346
200
1484
1784
255
1387
1396
1541
1019
1754
1480
148
1138
951
578
1846
385
1261
650
1035
974
1087
1693
39
904
1594
795
203
440
1628
1580
77
1932
1003
1759
456
1042
840
1804
1065
125
533
1014
1284
429
1314
1660
1444
1021
113
418
166
1497
59
864
1652
280
1833
1446
182
396
1435
214
1096
1722
668
1285
1345
1795
1869
1809
555
255
1891
971
1475
37
970
1933
401
721
488
821
639
938
1585
475
345
929
814
103
494
1089
921
1295
1078
132
1029
993
376
886
1058
1943
1601
514
1232
1880
943
656
984
395
964
1144
1430
1155
806
112
281
446
82
606
1983
852
174
1581
1883
85
899
261
686
893
1858
208
990
1620
207
929
1300
113
823
170
1485
865
252
1402
1363
657
1934
1494
285
1698
926
935
1359
874
667
1644
1067
1350
406
675
1358
1645
524
1550
465
1614
1599
1111
1942
1615
950
1395
1829
1179
1713
194
745
1994
1196
1885
977
1227
6
1930
967
883
750
1976
429
1554
1580
1365
957
962
1018
1178
199
293
1766
1004
98
233
1444
204
1031
1307
1843
493
1436
920
541
1705
1017
1328
954
625
1713
1108
112
380
256
1418
1987
622
1816
1501
1200
298
1289
1584
1976
1753
105
1329
1194
1691
1728
1095
427
1161
1331
1883
790
537
1004
1442
128
1430
1740
1707
744
1632
1789
471
144
1977
1784
1512
1324
369
1560
661
1356
413
1826
1890
1139
1448
1169
917
1745
236
397
1083
820
743
1525
668
643
1848
1154
875
1223
1514
1484
939
1179
1921
1780
1476
1868
71
1296
1328
968
351
742
1220
1640
1221
1621
38
1316
1203
1146
1705
1679
1270
1884
1775
846
318
67
1894
516
166
80
1056
593
1293
1993
123
1366
1916
1033
1263
41
25
57
637
307
1402
812
1916
407
669
1404
779
590
1330
683
1133
1944
700
1143
1240
669
1671
548
57
564
278
1827
1936
1631
1748
276
1666
477
939
977
624
393
1572
691
1938
768
460
304
1793
352
358
664
881
1286
1997
1010
77
1072
1122
1067
1052
1454
719
921
735
1397
530
453
1623
1921
69
741
1284
1120
399
171
1420
1148
1008
275
1202
891
1145
299
1722
435
37
1465
557
369
700
113
1802
503
355
186
901
159
143
1629
279
1420
1202
57
1890
448
1781
771
1459
733
245
137
1135
1053
973
989
205
1911
352
858
733
1382
1252
1401
752
477
1932
302
1690
1078
1784
716
1278
828
674
37
1889
1224
1904
539
984
820
165
1538
1613
1457
1715
1231
1392
1561
1124
1749
225
1081
824
1614
885
815
1898
406
854
1877
1525
451
1572
905
874
245
688
1229
1528
1760
1753
1891
1197
953
1742
510
1083
437
1701
984
1172
1704
369
1280
1691
1990
909
675
1070
1818
85
1885
983
489
1153
13
1215
1008
142
1945
1434
1869
1425
738
1014
1659
1731
1450
1800
1227
534
1515
1708
783
1454
444
559
1617
547
629
445
1028
38
1887
847
1077
1584
448
531
304
815
817
827
78
749
1506
1150
163
1222
1565
1649
152
816
1365
1691
301
464
1638
803
1658
1269
821
1868
1929
302
71
529
31
1261
567
1853
1951
1186
630
967
857
1569
409
850
1999
1238
1854
1547
1464
1445
1056
480
307
691
226
702
1832
91
1118
1221
63
913
346
1634
617
878
157
394
874
1388
1416
636
490
360
760
729
946
1503
1877
212
1569
1310
974
1845
25
895
497
516
714
1841
1000
1607
535
247
1136
131
647
911
591
419
1856
47
1020
1169
1105
1691
326
59
910
271
538
1404
1200
235
1051
1067
837
1243
268
987
1724
268
1285
915
1739
59
131
1387
781
429
770
1358
1506
1799
418
139
1441
1391
1430
434
765
309
1353
1331
1312
112
1859
1302
745
86
1277
1753
309
886
1357
192
1432
1878
189
610
788
891
1400
468
496
1167
1733
508
623
335
362
1498
32
1129
1324
118
93
1050
1862
979
197
1646
125
1649
1507
980
1483
1844
1696
687
1063
1403
1628
402
1279
1711
214
1347
1952
974
1920
574
1170
426
1258
1105
1082
295
1064
1026
1494
794
1805
828
1404
1300
1602
755
1679
152
738
1536
876
352
1726
49
1121
1582
392
1975
35
792
522
316
1000
1278
617
337
1436
1046
533
480
1647
94
543
1038
1986
1945
1041
1037
1302
1374
1196
1716
510
545
88
714
408
1403
1383
139
836
1503
1738
260
141
821
229
1490
1351
898
296
912
218
1968
1641
1830
1135
1626
1901
61
148
666
1496
1320
236
189
480
1409
950
1675
1449
1426
607
1786
1086
1410
1918
578
1407
432
506
507
1448
1163
998
285
1190
275
1751
1804
287
559
610
965
205
447
1521
1323
1971
258
1988
794
1557
785
817
579
963
349
813
163
202
1901
1608
1176
1232
310
1652
618
997
190
1222
745
295
1338
1154
1261
94
1563
235
1209
1361
132
335
1022
1114
1688
1857
1648
174
1655
679
888
278
1173
1091
897
362
1925
479
692
1438
835
615
37
1867
440
219
136
84
717
1809
1336
384
1352
205
1682
1759
1253
131
1609
1096
1605
123
765
798
86
1942
1732
1387
1840
358
17
9
481
1480
1701
1628
1427
1945
374
1143
1010
1612
528
1793
1382
768
1565
273
1724
1740
211
1447
199
717
273
1958
1703
1059
312
1519
1413
1682
657
1961
1388
132
595
1210
1433
1830
1700
86
368
608
208
1055
829
334
1450
1512
1857
53
1261
929
1912
1577
1807
1146
1735
1780
1772
16
554
1593
1444
694
857
224
893
1801
970
280
1158
1445
952
620
95
1899
634
1118
1717
147
1054
593
1230
591
956
1315
540
1836
1653
808
338
1561
1599
246
1428
719
710
593
89
1373
1149
1776
1523
1605
1168
601
758
378
839
1306
187
1335
1610
1933
1302
1850
1190
709
563
772
1912
1208
336
1223
832
1712
909
1842
1702
636
777
982
803
1505
1961
1261
1310
1583
796
1303
919
1586
514
651
324
598
1840
1295
1565
428
121
1617
1605
1639
1609
1184
851
1324
203
545
1515
1385
789
937
1158
1624
1995
1436
667
1636
1751
1328
1393
1153
1312
1199
1069
978
938
714
907
529
1153
285
410
815
133
1436
1073
427
112
6
351
1986
755
1358
1192
1948
1372
823
1002
915
1316
543
193
742
1302
850
1420
805
1472
1275
434
866
65
1838
988
236
952
722
831
1177
641
1455
929
1031
1012
1119
408
243
1801
1036
1332
1450
283
940
27
123
1298
735
519
1430
1134
473
685
1283
1506
1594
557
714
1395
1021
718
926
520
229
751
392
1742
1986
1314
1886
397
1545
1633
1222
821
136
783
1892
1951
110
686
179
1899
52
423
1941
1524
606
313
816
689
1786
477
973
761
1582
372
847
1561
757
1766
1252
333
759
556
1831
1180
867
221
982
1026
1795
1929
1839
11
1410
1606
1012
1826
1991
1339
1810
1201
403
1398
1657
40
1006
1216
841
732
1584
704
989
539
1568
1897
815
1702
1991
1347
1948
71
1731
1989
204
812
878
208
485
1700
1809
104
1279
545
268
1956
1656
1346
1171
1247
417
700
140
1288
1093
375
1188
1100
1808
1117
1578
948
906
584
1314
735
1000
1306
1390
1944
847
135
748
1570
674
494
1930
563
1244
1209
289
1457
1914
925
428
30
318
1739
941
1577
1114
729
1361
855
693
243
188
1208
1621
545
238
1646
1197
1278
960
1214
500
1482
1468
213
1315
1758
1394
742
723
1160
1557
75
751
1889
1182
95
179
171
576
96
713
913
1358
204
1557
1327
152
626
756
1371
741
1077
221
1433
1641
1385
4
299
1855
1104
948
1800
104
549
1960
944
1745
1062
545
1604
243
993
914
1897
488
1933
1621
132
1023
1686
1860
1491
118
1052
1635
660
1936
1838
96
752
1229
1390
1402
626
1173
1585
1858
600
591
1042
1366
1003
1499
179
758
411
1066
1258
1636
293
45
1270
1983
1887
965
1577
1655
1071
1756
468
1720
530
1300
1548
1329
234
112
945
1031
1000
1512
726
834
528
1856
798
439
729
502
51
490
636
1884
595
157
190
1486
1512
1299
1577
1477
440
835
705
1772
623
338
925
59
56
998
811
1820
269
929
1996
1762
1096
1371
121
286
1493
1938
286
1665
1596
870
173
1823
1246
595
1111
685
226
1597
999
424
1504
295
62
643
1418
943
1885
594
62
1300
22
769
431
1507
1021
189
1652
1956
1015
1192
477
1030
1930
735
622
352
657
1305
246
1725
18
505
1449
276
96
1919
1707
2000
1707
500
491
1654
84
948
1447
901
1856
862
498
595
953
408
1968
1664
364
1951
1880
1491
1973
197
1686
495
1976
287
885
746
1148
460
330
1710
230
243
1114
619
514
1610
361
841
602
1336
1160
728
493
972
1719
1611
191
465
923
987
1662
995
185
905
750
1509
1009
412
793
1468
860
208
1274
462
1505
882
1291
1244
1428
1599
1030
654
1641
1772
344
1375
863
343
513
1746
1348
1426
1295
208
249
1523
1489
111
1271
624
1084
1958
859
1493
187
422
731
1024
1092
840
722
1455
568
444
556
927
1439
1399
1968
1007
1300
902
789
1942
552
539
544
1657
867
270
752
1664
1868
1802
1934
1774
1127
1537
894
499
1058
715
1801
990
657
1163
937
18
595
1931
1557
1030
1146
1583
1875
876
1076
1224
480
1654
749
1521
1329
1019
265
1270
1397
1739
1549
981
1897
607
350
852
1006
925
1940
1338
1015
1694
370
1737
1923
363
291
374
425
349
1085
1932
104
33
344
1855
626
325
753
714
1663
1052
213
1096
603
1547
1664
676
603
1758
21
1204
1341
458
1492
244
1230
1105
866
1873
1770
33
394
440
167
119
1839
255
697
158
737
1081
1467
1410
661
961
1733
354
603
618
611
1713
1005
133
311
907
1687
1365
1725
1015
1791
151
1494
1849
1944
1915
1573
462
1376
1626
503
877
453
1605
1613
1152
1871
688
1737
309
1652
151
1091
897
1868
343
1731
1229
1197
163
1185
519
745
1280
926
249
1645
12
454
971
445
1420
220
590
531
1588
683
962
757
540
766
591
1993
118
608
1367
1965
1998
1526
160
371
1706
992
514
58
255
60
101
861
510
1081
1524
493
1399
287
74
891
1047
823
1083
402
1679
2
575
1940
1150
1998
1640
756
1249
1477
1416
1891
698
258
783
1205
82
1557
753
492
1179
1827
1548
676
1019
1228
1025
1785
865
66
1617
1271
759
1259
79
1487
1306
722
1491
1099
716
1109
1424
51
479
1595
1225
1817
1634
1158
1157
95
359
1522
864
911
935
828
915
474
1099
1816
1827
823
380
1927
953
1757
1249
15
1247
754
552
1862
1862
517
1708
1917
1768
534
1347
945
987
1478
1027
542
1911
852
16
375
289
1092
1765
828
1251
968
574
252
938
1150
898
1866
805
1767
410
1646
268
783
1272
285
832
457
1939
80
148
410
413
652
1526
1827
448
492
805
191
1269
427
1778
705
1330
181
334
521
1102
1784
845
51
999
658
1916
31
1082
175
587
1043
1020
539
870
1759
1427
1107
1375
548
1661
504
1053
964
789
1176
1782
1193
1537
114
1942
340
1064
947
1867
868
1570
481
127
705
212
973
1439
1877
618
1359
365
1728
1782
179
1185
400
1921
449
897
1897
859
1475
644
808
542
22
1463
249
322
243
781
797
1790
1009
73
1693
1930
1900
272
1447
415
776
1016
1497
514
1814
1198
180
1592
1586
1002
1302
1471
644
488
1325
682
20
656
620
372
1607
1286
1818
285
612
1561
1603
1483
856
361
183
686
1437
859
1288
326
1133
1093
1312
378
664
1566
1325
910
287
1393
455
842
880
186
1895
1608
115
538
1910
1761
832
926
1536
497
1602
1261
1646
1953
1873
1599
352
20
245
1275
731
1932
99
1285
219
1773
1823
246
1506
1957
522
1721
15
49
1180
1280
1647
937
1630
1778
756
734
373
631
1067
1757
1676
1126
1618
1495
1670
807
1143
1178
1529
834
740
1411
1871
486
1049
1358
1189
1886
1419
131
1782
156
1208
1044
953
705
1577
977
1016
1638
1209
459
1627
1287
103
1553
463
1800
405
750
1770
897
684
1637
1697
1488
178
686
444
431
1631
228
203
1237
1242
877
292
1249
229
759
1785
1112
1217
674
431
349
867
1429
1751
658
593
1341
1920
257
635
555
1271
1600
493
422
1556
1426
909
344
1396
450
643
1716
1538
1918
805
997
1749
349
1798
797
486
1213
1021
574
73
1013
892
1527
446
217
1217
774
1435
1181
1503
1254
314
553
1240
1585
1500
1092
383
1199
1639
278
771
410
445
310
753
1149
1943
812
1354
62
1193
657
1475
1073
1700
1852
872
479
852
295
898
758
778
54
368
801
1304
1870
1269
1286
681
1571
1759
1918
1260
1494
952
1734
998
345
1121
531
857
978
1467
875
1830
1113
235
248
1169
946
388
1590
906
1811
480
331
981
231
1079
1072
927
310
1995
563
487
161
1028
1337
179
1608
492
667
1235
667
1261
636
532
1297
664
1527
1007
781
1130
1759
1487
907
1312
1294
1827
1657
807
916
187
499
1721
432
1186
596
1238
1179
538
1696
199
1195
657
366
1984
1733
188
1184
1302
1402
656
889
369
1812
1378
1921
759
239
812
1681
1193
1770
1572
1413
1437
1759
550
547
501
1144
948
1433
375
1400
738
1789
331
1588
211
1061
1362
1030
750
1070
210
1780
319
1350
770
1082
773
273
1580
539
244
1344
1829
902
773
1955
777
1627
91
1844
509
1483
1560
898
1573
1799
1273
186
1399
1716
1172
1496
1730
114
1028
1645
739
1625
251
483
833
584
629
456
1548
1099
85
120
725
1543
1420
864
349
1497
1175
1361
508
1915
1132
721
370
741
1695
590
537
1192
1415
1467
1894
1400
1428
1452
1807
948
226
1858
69
1009
1686
333
801
1041
1872
1097
639
528
532
636
558
1603
1574
1731
229
1461
1497
1531
130
807
244
497
1469
1045
1455
373
1729
749
1066
805
240
165
595
1954
888
1535
687
1944
1975
537
958
1707
1094
1137
945
1964
1011
264
1116
1155
485
1938
853
1591
1784
294
781
1000
1324
1779
1505
1083
598
1750
386
1483
1393
913
678
1985
1996
23
1488
943
842
715
67
1927
1435
1437
558
214
700
219
1695
17
485
774
472
1539
1086
1791
1354
706
1628
1934
1717
905
655
139
1323
522
1249
1483
1307
459
738
926
887
1273
1035
1691
312
976
1527
1684
1014
1433
1329
9
1237
1441
1889
73
386
1537
593
1905
461
923
1195
825
634
425
669
1564
65
1859
1769
550
1449
1099
481
1656
1594
448
1427
524
29
1321
1179
976
425
156
560
482
1895
1999
1339
318
185
127
17
1925
1033
448
131
89
1234
1027
397
1654
1436
1599
356
416
1426
836
750
1224
436
717
629
762
638
1046
1366
507
1423
828
1073
329
1213
1558
971
173
879
1628
1296
177
1311
1584
119
313
1834
723
1423
368
939
676
184
526
1086
341
396
866
956
1075
1072
1012
569
1880
512
344
949
648
569
172
1303
1866
1149
980
1649
1473
875
1512
516
821
1448
1760
541
68
72
1112
506
1598
1528
680
1168
499
1863
205
425
781
536
791
1296
962
987
1863
773
1303
690
1973
30
1542
248
1862
1325
556
1473
26
1587
160
1365
1956
689
1268
203
1404
1205
942
1021
885
422
46
157
89
480
1323
510
49
1979
1154
471
663
1202
743
1078
319
1586
704
696
873
1541
1954
1613
1587
665
766
123
1925
1563
82
798
961
164
1666
1388
1372
1662
1352
770
850
1372
65
1609
308
976
239
1219
1799
519
390
1310
1142
1170
136
1388
99
226
671
1729
798
1919
1970
1526
97
1942
1359
1441
761
30
574
1747
303
1889
117
1666
514
234
201
997
94
634
709
1071
957
1034
1921
182
617
1047
525
1372
109
1383
557
690
205
1128
1641
1263
191
662
605
440
1305
1242
1357
989
800
893
1887
1852
1809
70
486
1024
326
1914
1362
176
262
20
423
622
1682
1440
502
117
1892
1660
1044
1377
472
1748
706
1384
83
1322
226
710
1888
127
733
1618
27
776
26
1963
1397
904
938
1399
366
1377
1162
1888
40
1075
825
1452
1748
200
409
254
1608
487
877
1506
719
1790
251
300
1917
1155
152
1775
1736
1679
883
1783
689
1117
1548
689
163
1994
1583
1411
1480
1003
160
1904
1704
1809
82
955
1677
502
1327
1998
944
1222
1788
194
1752
21
1827
1068
1713
1942
1610
100
234
999
217
467
1903
1928
84
35
1911
1585
1885
1287
1785
700
1076
1623
837
331
139
904
1742
620
1947
147
314
1132
468
1920
1585
1336
1304
1734
1307
1907
536
418
369
711
820
1934
620
1077
383
1462
1296
1884
1964
1658
787
921
1436
677
965
561
1173
636
1841
254
168
1545
1116
1896
1459
1660
229
1337
165
967
1567
1617
723
495
824
739
1728
1422
1357
102
1212
388
1620
1210
1044
758
868
659
1068
679
1174
1284
1355
1356
1322
365
1210
1745
457
1454
1079
774
1310
413
702
190
1004
277
1140
353
1654
270
419
1357
445
202
1006
1844
1719
1685
502
595
834
334
165
1306
802
1841
856
1409
1063
382
946
948
1748
1032
1494
1718
571
572
602
1739
80
517
393
1049
32
219
1819
1084
1790
1832
509
1572
1434
1374
1418
473
1453
279
1155
1098
640
1221
1608
894
379
243
1708
334
69
245
1176
1205
1470
1474
1544
378
289
1875
155
817
1059
712
1325
1891
1591
1438
268
588
263
1675
1709
327
361
458
354
876
18
996
110
318
1140
1027
141
494
138
538
114
1068
127
1409
1362
330
930
1061
313
709
1048
798
1183
1406
1420
1292
1237
169
128
1726
1401
1044
1388
1189
14
236
490
1777
862
1172
1624
1137
1566
1732
216
1235
248
1865
16
315
1967
331
644
600
1880
377
302
1910
750
1988
1161
1131
1273
1580
1624
1092
252
675
1270
372
575
1336
745
643
179
1136
80
683
451
1314
184
1265
1551
955
1000
1160
969
1092
498
673
575
1985
346
981
1785
1449
235
1825
1541
1603
1727
1309
1425
292
653
142
758
993
1769
867
580
1737
457
620
484
219
1367
450
537
1935
203
1889
1093
369
1611
956
1344
1040
1158
1589
1537
851
329
1634
1721
816
1510
913
1571
1780
1674
583
258
58
1782
1376
36
213
1605
1111
533
1792
20
1229
1045
188
1068
1618
1932
1223
985
828
1750
55
1708
863
1503
1686
1528
930
178
1848
222
288
935
1569
1987
246
240
1536
665
1397
1468
914
44
462
681
1632
721
871
238
1901
1294
584
1016
1116
1075
543
1117
10
49
1838
566
1813
1537
1522
1899
461
823
1523
877
1188
648
277
1784
1275
1061
746
1692
737
384
513
1331
1485
1927
1387
678
1700
1594
1903
1686
83
1959
1815
1214
135
435
1902
1636
435
1793
165
86
1364
1939
867
740
938
1606
1561
1186
716
1041
164
1190
1040
625
1653
207
1142
542
983
1865
914
822
1156
1552
1509
1372
1600
1648
704
1989
1302
1988
40
870
1962
804
22
1318
1038
1604
1755
66
1433
1682
271
1415
26
596
1922
1116
66
1329
1626
223
342
892
1315
1716
1197
1505
940
1793
1704
1200
1483
1409
1692
740
1821
437
547
997
68
1142
1428
1148
1087
622
518
1997
30
1180
763
827
1164
1906
1781
333
1198
1581
733
866
1267
782
271
1793
1109
67
417
1108
742
640
722
1539
323
1985
407
430
1842
227
1890
1753
245
1689
60
1126
1801
1679
1156
1885
981
693
795
97
456
38
46
1385
146
1021
1346
1141
1805
1071
1030
1463
1073
1645
289
1872
1935
1659
1175
33
1392
1068
362
444
974
1227
574
1880
863
617
1187
358
1290
1238
68
1340
466
1194
699
518
965
1662
572
362
132
1552
1394
1652
138
817
93
2000
1029
552
1732
1423
99
470
1915
770
45
48
656
14
1664
1910
1343
294
1951
1029
1347
1834
415
1629
473
963
270
698
257
163
874
651
1692
1830
502
728
1058
378
1828
925
1438
916
847
1977
1204
588
1556
1629
1588
826
656
1765
374
709
1997
725
1123
1762
367
377
1773
771
801
1355
21
1325
916
223
1023
1791
69
189
1054
306
1021
1061
985
1653
396
690
1562
1121
1089
293
754
853
1615
267
1487
1531
1398
1729
1007
1208
962
1403
1795
171
1168
1959
787
1770
630
716
1730
1919
545
1150
1363
385
1149
1767
1760
293
115
367
808
1408
402
614
184
460
1700
25
944
889
560
1312
554
324
1
39
1675
164
162
573
1038
435
926
99
1304
1254
1335
1767
1894
1752
1484
565
425
430
1564
1303
1623
351
1399
1056
1656
240
1861
1998
1191
1307
1737
1815
1557
722
800
1426
884
554
1941
542
1003
856
351
6
1212
1327
1754
605
1357
1063
46
224
33
1478
1239
640
611
854
1519
410
1259
1356
1303
1767
187
1704
211
1691
1857
629
1633
59
1889
359
669
498
1478
477
1442
131
212
671
116
1772
199
563
650
879
1297
1672
1782
253
853
1453
1487
882
1225
258
121
519
1336
134
1494
1895
191
1573
438
1644
1347
1930
1738
526
886
1377
793
1766
1184
1525
1935
1927
1772
1987
1135
319
1225
416
483
540
1602
371
1697
879
1747
156
483
410
1423
814
1789
993
1010
854
979
1639
702
311
696
1655
567
75
140
254
1401
376
896
298
862
621
1153
1618
1284
1306
1596
1157
817
143
1086
1443
1795
102
904
1126
421
778
916
887
1787
1177
1982
82
632
1677
60
1751
688
1344
1258
878
1282
1218
1658
712
110
1994
1555
1716
1871
13
481
1031
1571
1828
1005
1266
1978
874
702
1924
767
138
466
160
1357
1850
1726
1631
1047
676
79
1407
905
1287
1820
954
468
729
1441
1784
1443
1500
419
1909
1017
684
728
241
727
919
1947
1846
715
1726
370
838
1512
1598
506
322
596
1243
951
234
134
31
610
1291
1665
230
979
1420
1627
904
1225
1881
1671
680
1538
194
175
1355
1910
1422
1770
1355
713
1061
1630
788
56
1181
1513
1870
1468
832
180
1270
503
707
1409
91
93
1011
206
1844
1306
10
533
1943
334
1825
1277
1676
180
1974
810
6
1846
726
222
1590
417
567
1896
112
1388
1770
1163
323
1435
1074
1688
442
1978
1967
997
1441
1399
1802
1887
1768
1952
378
244
807
1167
1061
272
1555
1313
1039
1448
1689
1495
589
630
1804
1634
1494
283
925
490
5
373
627
622
1610
1902
1221
223
959
315
1881
538
1145
119
540
1676
775
171
1500
612
633
348
573
467
1544
932
1520
188
874
532
1151
1417
763
950
507
892
489
711
491
963
1462
545
1516
869
951
1210
1761
11
327
78
1970
392
1633
197
849
709
372
1859
1325
1532
235
1899
1262
720
516
1690
254
895
1858
618
376
1495
280
1299
678
1434
346
1448
1277
1417
664
1033
558
690
1051
1988
406
831
1915
1158
1880
452
1818
1540
1200
1079
13
896
1715
1878
1807
587
1680
877
904
831
395
304
921
1775
668
565
586
543
1031
1133
1133
1109
937
457
1001
1260
571
1753
1726
365
207
942
484
963
416
1118
445
490
676
175
1954
228
1694
681
211
178
1566
1812
110
1334
359
1181
1058
1691
468
263
911
156
1685
1865
1906
1073
210
906
581
191
948
1464
1864
411
1291
84
461
1579
1320
1778
1554
871
341
1844
1758
759
96
554
1002
904
458
1638
1327
1166
496
1858
612
459
146
1582
489
1460
801
324
276
1034
89
488
637
1453
1051
1438
1358
1292
529
1665
1299
1134
1805
151
1393
551
1371
1373
1948
1172
1607
148
1734
1211
23
1820
903
1882
1108
1239
1769
1050
1678
233
853
1778
237
1862
100
990
1241
1426
704
840
1436
586
1288
324
1812
924
1770
816
601
691
937
1252
1818
316
76
1015
1399
585
395
502
429
54
1139
453
653
1257
261
1838
722
59
1311
248
1412
1000
533
83
1763
106
649
33
44
852
1336
846
323
896
1707
428
847
970
1992
826
1355
1473
530
1686
367
1354
1218
1719
1456
1122
1889
875
1354
1448
727
1931
1988
775
1726
848
1174
1662
92
1919
283
1594
636
1314
1767
79
1687
465
433
1125
1837
1713
1433
1284
828
750
685
418
1204
1246
251
1875
252
730
1794
956
1439
158
1905
1908
616
919
1474
1805
1613
286
1275
1908
727
344
658
1860
1450
454
1259
350
1825
1276
227
1577
432
937
572
188
1711
504
1603
1290
1804
1815
1663
1713
922
700
364
1550
1700
1120
1760
1250
1308
875
629
1994
1280
1661
1097
945
932
193
1495
1174
1116
140
463
1115
1700
1136
1207
1423
162
1740
338
867
1263
134
1031
445
1656
302
765
261
996
942
47
1342
967
1130
410
506
1401
970
1880
449
1699
1262
1623
1782
1813
1056
1088
1874
1420
467
930
1845
1487
327
767
1729
276
1831
1884
1834
1222
920
1536
7
1490
1673
663
115
1391
810
226
1503
1402
899
1079
959
1088
127
1528
865
1104
442
1841
637
667
495
1264
1948
683
1063
1256
1701
1144
818
1163
1969
1819
1057
1800
290
653
139
832
329
1742
1505
459
1907
1631
902
47
557
623
1828
612
196
965
175
339
546
116
1899
1681
364
1895
489
252
1083
442
616
1760
625
958
1341
541
851
462
481
1943
235
1118
1605
1655
237
13
1689
1421
71
157
1464
277
1719
1859
399
371
1452
916
537
1015
930
738
1569
1671
1476
1476
1531
251
657
907
1635
1202
1261
1932
1980
372
293
843
382
411
1144
971
1621
342
1496
1808
897
1173
1732
688
1791
679
1596
1552
1850
1475
148
1372
1679
1304
1840
998
1381
1595
1184
28
1609
52
396
1596
661
172
1339
1201
778
1045
285
696
162
686
1060
1941
643
1676
1804
756
1653
651
1801
1350
1542
1922
828
348
564
1918
312
554
1212
997
446
423
138
51
155
251
1007
897
244
1449
597
282
34
1169
1805
414
76
372
1522
230
725
379
1492
97
348
1011
1185
159
1695
1012
1671
1766
356
331
418
986
24
18
591
1310
854
1754
710
1477
1342
777
517
413
1680
1959
76
1337
951
1120
499
1426
1743
92
1236
151
367
566
901
1858
452
1215
195
388
1991
1863
1601
1821
139
1447
438
37
831
1190
1154
1290
1146
238
1918
1316
342
27
480
1674
506
436
1107
1825
201
660
1301
1002
815
1920
1376
1098
1689
585
1797
465
1285
549
412
1969
961
124
1179
1200
528
1746
302
1283
321
183
1823
1501
20
428
884
1378
239
1944
475
1322
1498
732
1218
1757
668
205
1503
512
1982
1287
1451
1750
1655
1964
332
582
49
499
780
1158
635
1576
1946
697
890
1493
476
1115
903
40
582
1898
645
1692
950
1622
721
781
92
1701
1672
1663
392
1421
13
755
1920
1155
882
895
996
1893
1491
1097
1750
442
1490
1904
1507
199
564
1542
613
735
1586
1280
596
1159
1640
1767
991
1143
406
1270
985
1018
1790
949
1564
951
1373
1803
7
751
1904
1132
492
448
1815
1599
890
1248
1581
1861
1679
276
1429
253
796
118
182
1310
1586
538
81
275
1445
216
1313
185
1464
1191
293
1643
338
1345
615
746
1662
612
779
1386
1933
1351
1648
225
1218
337
260
217
791
5
1620
803
1464
1665
1755
366
440
1582
389
1505
1429
1100
229
463
1728
646
642
945
1617
304
445
1390
1877
1202
1365
1203
217
938
211
273
1964
683
613
1089
797
1853
986
1289
1145
1509
854
1811
1231
1182
1579
1434
1271
231
305
1277
254
906
377
1235
1654
1831
142
1791
469
1361
511
525
1645
1308
1604
309
1898
1515
1365
1037
1618
1670
1169
1099
1588
990
974
962
1371
464
1296
932
1195
1829
500
6
1485
737
1664
1056
236
1880
941
755
1584
58
1951
1693
756
168
191
1352
1085
1247
283
1867
1183
715
1504
130
1574
120
1377
132
1536
634
1707
541
1106
1864
192
1932
930
198
1967
1822
1682
160
44
475
627
1947
550
1184
1781
591
957
333
642
1123
588
1214
1340
1103
1231
1097
1278
170
1413
141
1991
1425
363
886
626
1531
1643
163
713
1231
1557
257
495
992
1595
1494
585
573
387
672
263
1481
1084
1902
70
1721
1701
186
855
37
1725
153
1827
634
1921
469
1539
1765
1473
549
96
755
521
87
1888
1806
134
1028
1745
997
779
627
325
1595
1430
249
796
267
528
1234
1233
808
1091
967
264
400
1497
25
539
780
1083
811
1230
927
1019
1088
606
17
1842
1161
304
1766
1172
1121
1705
1284
684
476
1432
1673
1893
473
1145
441
1858
1521
1706
1844
1609
1469
997
603
284
1755
1014
791
1848
662
1534
1564
1815
77
1377
1795
277
1228
782
1802
1238
857
70
1738
983
454
913
1674
1100
325
1359
465
553
1819
1153
405
1815
1239
707
980
1471
461
1859
1833
790
415
1716
662
1566
1194
1090
930
1501
1222
1306
1013
1555
1509
895
373
1895
91
416
622
1082
1570
1341
1833
334
285
145
1104
1117
1399
925
1962
1482
821
829
443
707
1075
1664
394
952
672
1681
1155
9
231
425
1688
1439
14
1303
1799
1468
1102
1936
867
395
1047
813
532
1616
1761
1203
1687
1362
446
736
30
1464
1177
850
1606
331
1017
93
945
195
1752
1368
512
860
10
530
476
957
1193
421
890
874
516
492
446
1460
1604
437
654
444
24
1734
254
950
592
1299
1495
159
1255
114
894
1391
546
17
986
568
840
1817
45
1141
1022
1604
388
1527
745
1786
1305
778
1187
168
371
598
1549
315
1243
1947
210
489
1409
1973
1823
1188
734
1643
1338
874
173
1620
267
1902
961
1972
551
80
1738
1011
1834
1646
626
1496
1079
1962
1381
381
928
582
205
1989
52
654
1435
886
1751
331
1589
1477
1212
658
1207
1567
185
543
144
363
1646
830
1500
1981
1594
1469
997
942
1581
92
918
1025
1596
824
356
175
969
1322
876
1931
636
1290
971
721
562
927
1847
1807
1831
891
949
289
424
968
108
976
920
1013
1845
454
1239
913
1762
1685
1161
933
128
547
910
679
637
501
1596
1196
1949
1774
1945
1800
906
1435
1523
1988
100
1698
1230
415
1972
1384
832
498
120
241
827
1071
842
1098
1994
1231
205
1310
534
101
723
947
1982
830
1537
1404
1199
1320
1438
1346
1161
1281
1721
1454
13
914
790
1219
1642
587
740
1419
1217
1994
1025
228
1327
1791
1839
1119
1399
1256
334
1234
936
227
219
933
1683
1701
608
444
401
667
1907
503
897
1132
692
1380
141
917
206
474
647
94
805
805
1407
1263
501
194
496
786
1845
966
1686
859
231
317
1375
1707
625
1175
628
1565
1615
1001
1672
1307
1130
1962
993
1886
285
1553
1556
1032
419
314
439
446
853
930
606
1108
181
62
1755
1300
1294
901
361
1039
349
575
319
1633
1432
834
145
227
557
1600
475
1961
107
1041
868
1089
1406
1437
1969
25
1744
716
1998
1345
294
1556
366
39
1771
1869
1843
699
729
38
260
1334
1693
1876
85
1085
528
1077
1891
1370
1051
1262
813
442
1973
73
162
772
575
393
644
1067
425
1957
1081
1426
150
142
384
1297
682
980
381
716
871
1199
641
234
544
215
1432
775
1772
1585
1347
1302
1217
415
1974
386
487
255
1825
1817
1122
310
1141
1427
1261
1764
295
1420
399
929
26
1548
219
705
563
146
1400
306
1512
1802
621
1577
102
110
1631
932
334
1331
871
894
1949
1922
1058
1285
908
243
547
412
1064
1066
955
817
444
468
1410
1906
107
321
1283
1116
456
1777
1996
962
1764
1732
1401
844
1769
1781
1555
1442
442
1927
1312
411
16
150
258
1327
432
1771
1667
1138
971
1339
1158
589
581
1415
168
638
228
1841
541
175
410
1137
740
1735
462
483
642
952
1496
614
157
943
1251
787
915
1852
1260
635
510
674
1121
172
237
1433
1336
1995
224
480
305
1904
242
1974
1543
296
127
79
1804
1230
961
9
1803
867
1807
1557
1491
1668
763
514
978
1139
927
1828
519
159
1107
1076
108
932
1163
1576
1494
1296
171
125
158
689
1820
1631
773
201
1700
630
341
1722
1553
580
182
1827
1555
1198
117
48
1326
1550
148
426
1929
1359
1397
1929
1747
1423
252
745
544
507
744
139
1452
53
1632
1397
1439
533
1027
323
844
1127
1485
1355
1600
1192
435
951
1897
1645
361
1565
641
1822
975
158
975
1833
275
625
456
884
1595
1219
926
1180
287
860
1473
1421
939
721
248
1762
1307
119
110
1619
1257
498
507
1313
521
1830
1630
1434
486
1841
693
929
494
1314
631
1721
527
174
1088
1600
1458
1342
72
220
1705
730
1172
1496
1996
1302
1393
997
1612
1550
1855
327
1172
481
1850
313
1820
898
888
423
1746
707
1652
223
1167
512
236
213
1648
1275
811
561
1171
1989
1941
1146
188
1771
1343
922
922
1688
887
1317
1216
797
1070
95
1982
968
343
1017
949
1362
1924
1095
1069
1852
1431
654
1242
502
278
712
1209
1539
1541
1017
1360
670
1645
1359
695
1888
429
1598
1054
680
333
18
1919
1101
1335
1262
328
749
1243
866
1641
1872
48
188
282
591
1567
198
1059
932
1453
636
1183
252
965
1823
1051
234
1912
815
1972
1129
682
242
1820
44
701
1760
1855
1143
1626
1551
629
1580
676
1251
176
1997
1170
1602
632
1067
1541
288
1552
1303
112
1821
187
478
447
1369
1593
1913
1036
1958
527
1119
1110
797
664
1591
1885
1125
200
1269
1619
243
164
1442
410
133
584
1908
1789
337
357
708
98
1290
818
1123
905
1714
560
560
1697
384
1662
1867
15
1970
1347
1494
185
1114
1198
346
1817
1759
1187
1453
132
144
1248
1212
1611
677
242
743
1389
446
1407
986
1179
776
1457
755
1146
1054
589
1140
1664
672
1828
34
165
449
1952
280
812
1699
1242
1126
1607
391
131
1787
1029
233
1930
274
1641
384
1094
400
961
675
186
1506
338
903
1730
999
945
664
225
103
875
422
1665
1648
1009
1012
132
718
387
512
1853
1465
1625
521
1111
1728
686
435
1801
845
427
127
1220
1484
1978
1654
148
27
392
512
254
1238
1013
999
771
1887
1062
658
1914
758
1694
1878
33
628
366
602
837
176
1943
1014
1697
1774
276
86
34
1382
547
735
750
48
1667
1306
1232
1199
1946
724
126
1008
1160
849
1291
1434
118
1058
23
900
1910
1468
1237
1712
7
636
843
287
265
1164
1767
1185
910
992
1301
1474
972
576
1317
1251
1856
22
1360
1381
870
1587
1084
252
266
53
14
923
850
959
289
1229
1129
815
65
695
1950
1766
1297
186
493
873
453
535
1159
485
654
1562
303
1207
148
674
275
1550
459
210
82
1373
480
1999
20
1432
1904
813
1662
1466
364
1647
696
395
149
1857
1517
1828
1975
304
1137
287
929
315
547
1623
71
956
789
44
80
911
985
336
804
1261
1027
1402
130
1137
396
166
1375
1894
261
801
1571
1408
1520
1941
1431
596
692
417
380
421
85
1720
1417
1011
1043
1332
1312
617
1477
260
1680
646
500
329
1367
287
1232
1505
1736
1895
974
720
1676
580
71
1085
631
1279
56
422
1092
480
627
1050
696
1852
1990
968
970
315
343
735
1609
1389
1657
1685
1575
1010
1001
546
251
621
1653
1780
80
1590
997
1278
1495
373
42
1299
1243
395
780
1930
426
36
1469
1244
1225
1822
1899
1603
115
1304
610
1151
377
1060
1739
843
1821
1433
1023
1659
1008
452
10
532
972
268
1604
722
725
787
1933
1536
1310
1172
935
554
1955
1473
156
787
172
1381
982
962
889
1623
1104
336
1184
411
373
101
352
1833
453
261
1888
698
1761
1099
1054
1523
1282
598
1007
1699
422
1261
633
1002
379
425
1039
239
1030
545
560
1983
252
1542
1371
1135
1588
1079
61
1366
137
1648
1502
1632
247
618
624
451
127
1810
1869
1704
1415
944
1884
1557
1924
645
167
333
974
1224
720
186
1148
315
1540
789
778
468
1710
1554
354
150
672
1038
20
639
1046
1488
1450
960
1224
1948
564
683
1081
883
380
1797
1923
238
453
1769
361
1034
385
1596
1953
726
373
1276
1905
1955
238
532
14
588
625
1781
1639
1517
1019
116
850
1708
1925
602
361
746
999
137
851
1549
1642
202
1065
335
260
196
383
535
245
398
631
1262
1506
250
106
1816
603
1783
300
393
115
708
1356
43
870
543
841
1787
688
466
330
626
1784
343
1343
577
949
1864
1696
1449
1876
985
1502
1665
287
859
440
1869
873
1858
1743
667
348
303
1228
838
575
292
479
203
1678
1598
603
1268
1280
1936
823
1690
973
1449
1858
572
326
1348
1422
1688
19
836
384
703
48
549
1182
1107
770
165
1444
463
1559
60
1162
1151
1887
1337
623
1861
651
488
299
71
1810
1199
1588
1650
1783
237
458
459
1252
1892
1658
118
58
1427
1284
1415
1540
1627
1158
502
1468
978
876
1765
1653
221
1472
241
1324
821
479
1057
165
552
747
1860
476
1516
442
23
1802
1999
1773
1214
1391
1659
75
1615
1717
136
1335
1384
1979
839
1271
1938
212
1870
1115
126
1413
718
531
519
1280
1828
1293
603
1241
1731
1740
658
1537
1434
632
363
1293
103
1236
1219
913
1227
899
1556
275
1020
915
434
565
335
510
1141
711
1017
963
1538
127
342
682
825
786
1025
948
1900
1491
366
1449
360
1519
835
651
1139
1989
1343
959
15
1899
925
1074
265
648
625
931
1043
936
377
8
557
1133
1385
1505
1953
173
1626
1244
313
1720
579
1462
692
620
1267
707
1302
1321
1025
1137
1570
626
759
985
570
756
56
510
1644
2
710
390
874
1186
1812
180
1606
893
966
1141
1348
754
1775
704
1964
134
368
1380
402
67
137
1489
665
524
1587
384
204
948
423
670
1690
1359
887
242
1138
624
1747
333
1644
855
134
1168
1473
1801
1697
94
1306
867
199
646
22
465
1334
84
1975
1514
903
1245
1432
1244
26
1986
749
924
344
1591
1850
1026
227
75
1192
1078
1296
1027
1523
505
1840
1223
1729
1327
760
1553
817
30
737
824
218
225
1442
1137
827
636
360
773
1204
1875
285
358
267
989
1421
471
1627
1799
1161
1123
771
1692
781
1125
639
1120
716
393
1287
579
1228
132
1617
1041
909
401
104
1876
1171
1081
812
785
1885
210
1170
455
333
1786
1546
928
549
714
769
544
221
226
1867
536
691
612
1188
1720
649
1327
1287
1625
1859
738
1621
227
414
1506
1834
1537
1737
1736
773
973
173
1072
1313
1657
405
196
1508
1916
424
1600
336
1476
735
136
1313
584
854
1040
835
300
1902
136
1566
1892
1637
614
1461
1758
165
1260
1093
1348
1190
725
1353
716
987
1455
213
435
1251
1826
565
509
1037
988
757
1553
1147
1926
1489
976
1665
1129
269
1321
213
1222
1348
1925
1820
850
47
825
516
1301
668
1946
1876
1626
392
1466
715
856
541
518
61
250
1192
1296
1377
1984
1552
847
1615
1552
74
389
849
1078
78
1469
1812
691
339
1713
1139
1447
1569
1970
1100
1897
1192
83
144
1797
547
1297
1533
1614
1871
1059
444
1540
365
62
431
461
1935
436
1759
1962
1283
805
435
731
1487
671
1253
968
1249
924
1467
99
1826
220
1490
566
313
1201
1292
1036
180
1000
1131
481
1148
525
1262
13
1425
181
241
320
1191
190
618
294
1397
534
1939
1231
492
31
1896
1531
1161
399
1721
559
781
1148
771
940
352
161
346
794
1660
284
274
638
743
1941
623
756
1188
606
1528
1209
748
715
640
1404
1037
469
1895
548
1822
1144
819
948
569
1253
866
1287
1593
1636
79
106
1927
863
1349
910
614
41
1711
1464
18
1504
79
316
1954
984
914
221
1894
1144
331
689
1839
243
143
94
1370
1546
1964
1254
44
1269
660
479
191
1691
1834
181
955
1934
1928
250
1258
1243
1449
661
77
1492
236
812
626
839
29
670
913
267
1186
1466
417
873
792
1353
383
960
108
951
1564
1933
1067
1465
1380
808
703
937
248
692
1014
65
109
1058
1899
1453
1743
680
497
94
454
1088
142
1080
1437
1957
1307
707
581
1947
1518
430
1830
387
1343
1644
309
1843
89
578
1979
1710
673
799
1219
959
156
1379
1392
629
108
1635
1475
1198
9
342
687
1846
887
13
1053
52
624
158
972
1837
1308
1163
1927
473
1872
912
1715
593
961
810
1378
945
726
140
1695
1774
1642
1215
142
77
1759
503
194
1327
1119
1775
1466
1785
1901
1977
1790
854
1907
1840
826
1269
1456
570
355
766
1561
831
58
337
113
967
1364
1436
1945
174
1479
650
257
554
1058
502
1649
932
906
443
1777
1851
1181
94
336
474
972
434
1084
610
170
294
1721
1029
1885
131
45
864
1582
3
602
231
792
1714
714
292
109
1415
392
1399
1695
835
909
1918
404
47
1389
540
100
719
1998
1834
1018
671
368
953
640
307
351
1465
1633
344
1834
1779
1340
1763
570
1138
41
1399
247
1763
966
217
1519
1989
591
829
1169
1763
1651
1948
211
726
1714
471
363
1491
1273
1168
1560
375
966
255
1998
1696
1787
1520
1058
941
1219
1793
993
35
1779
1143
1538
722
1178
961
722
1136
71
192
1019
368
519
1162
948
1248
1514
170
1380
1396
40
969
1339
1766
740
692
94
1398
1664
1426
218
859
1019
172
936
1047
1282
1268
965
1342
632
1426
154
1410
1147
59
85
1050
1171
1924
1853
1225
706
776
651
1697
877
384
502
1954
319
1956
985
116
1258
444
1299
833
634
802
256
1643
629
126
1204
361
4
932
899
1166
1476
688
1715
564
1971
1044
930
1646
600
44
646
1778
1392
1666
694
379
1307
762
1067
1814
1536
43
836
1024
1024
1829
675
1442
1466
60
359
61
1534
1865
785
1324
1236
135
1431
392
1836
966
1188
1398
1465
1081
1095
1559
1876
1734
1739
1908
488
1773
1778
99
1643
1315
178
1463
419
723
162
1267
1197
1993
1600
953
1813
1246
379
289
1566
1160
1737
342
1672
789
1243
1564
278
1659
1191
1501
1599
310
1485
562
1460
1613
802
800
117
1063
1860
799
90
1332
1613
16
1954
1340
1781
181
704
1506
221
1925
777
1194
1839
154
1943
684
497
441
250
638
430
86
1779
297
1454
69
367
72
295
875
1390
812
1606
819
459
1156
419
1688
388
1858
1669
1308
163
397
975
264
217
379
1069
36
1557
1883
1960
699
333
1557
358
569
329
53
178
1497
1937
1671
1524
827
915
1244
908
228
198
840
1273
944
819
554
1239
1897
897
1572
1148
552
363
872
261
656
1772
543
1272
283
473
1650
1939
762
249
1223
945
1591
1895
126
1464
873
766
556
1384
853
1921
1224
86
1560
442
23
84
277
1081
537
1408
353
1359
439
1760
1462
1675
1227
724
474
971
252
1518
510
1795
1128
1139
1118
292
1870
205
172
1487
1352
666
941
84
1877
673
1038
1523
977
169
1140
1542
1205
713
665
441
760
385
944
32
626
1393
1611
1074
1416
337
609
1094
1657
1259
163
787
1374
12
456
480
1339
372
935
403
581
1031
1417
1454
1549
1688
138
1904
263
1482
917
1920
135
1377
1684
1132
1240
690
1314
1395
1996
610
37
1922
361
592
613
628
182
540
979
437
1865
8
1558
1950
1613
1060
423
34
337
1329
510
40
1903
958
1204
641
362
310
751
1525
27
1565
368
1456
1950
516
1398
225
24
1911
1950
1318
1375
1193
1468
1259
794
75
1801
949
65
1830
1855
1767
1188
982
1684
703
1216
197
846
813
44
94
191
1223
649
1244
44
1245
1807
1848
1060
1264
723
1395
1909
223
364
1020
1386
315
55
536
1297
608
1279
549
1795
653
912
418
1410
333
1941
1854
357
331
882
604
1658
1045
388
1836
1532
2
1861
1319
1884
956
1195
106
1149
1885
1562
1124
1434
1726
1505
1426
898
764
1338
1743
810
1327
162
1802
725
1047
1101
1375
1299
1539
42
1090
1984
924
1927
1497
1439
1904
1193
677
1341
353
1664
1406
423
1117
375
77
1993
1436
161
1378
88
1700
1600
1854
889
1101
501
716
1672
683
796
1040
473
890
1685
1008
123
289
1663
1565
466
672
1910
116
761
750
1350
395
1028
33
542
1318
7
906
1531
497
1842
1531
1354
495
868
223
836
407
423
993
91
1901
617
168
590
793
1057
1018
1834
1614
1625
1682
479
1838
612
1145
904
176
1226
1210
294
64
1295
113
1792
1621
327
378
1209
1335
1177
1609
1948
757
451
1933
1428
1865
786
601
1552
1066
1323
511
1876
1723
1197
1966
11
1443
1716
795
370
877
1520
200
1173
1439
1659
1745
510
369
1095
497
313
1628
1205
1422
1975
1348
914
1766
1665
1605
508
1
315
604
1711
1094
1278
928
887
577
1172
602
1384
1127
1448
659
287
600
1590
1925
740
1507
1136
1281
1476
1955
1401
261
1445
1967
1844
423
1252
647
1156
789
1261
967
110
202
899
1348
1019
1676
1451
1848
7
1790
992
1599
1259
1422
460
353
1655
1938
389
314
1571
1222
1557
690
1972
180
189
1277
1109
909
1490
1242
756
1664
1180
448
1009
632
527
1811
807
833
400
1869
1336
921
318
1903
1005
1346
221
633
1715
1763
56
1719
547
1232
1452
1045
167
1135
492
605
1744
813
169
1809
1241
506
235
738
1332
971
1772
50
1373
1079
730
923
449
1627
1176
879
201
103
477
210
1735
1413
1885
245
1711
1936
1768
1024
1499
1001
1026
22
1348
1040
988
1947
1804
1808
1885
439
1098
1564
1040
971
1157
1789
1168
1918
1676
1962
1213
555
644
1524
195
1688
640
1698
1866
830
305
462
515
1955
889
842
1706
1682
1512
1206
1094
1055
1759
889
1019
1364
1121
289
1282
1870
919
35
155
365
362
141
1302
296
190
122
307
1364
1136
1992
1645
921
1536
15
19
685
1441
17
1166
50
1079
158
592
1749
1084
646
648
256
243
794
850
1083
1950
652
1550
1454
441
64
18
514
232
318
1521
1069
619
437
820
1046
628
837
1696
1454
1118
601
821
192
600
398
303
45
1576
1138
1177
1460
1662
825
1104
1059
1460
1624
1882
1383
794
1509
219
900
1386
1704
1254
1293
1357
805
995
244
688
648
103
1335
1978
781
1674
1769
1969
829
141
1471
414
1557
144
1197
300
336
1849
1072
1764
1350
14
1557
360
766
1274
1194
1770
738
851
1184
1912
1882
932
1934
1740
515
1587
1083
1083
1384
1619
223
405
164
1062
1673
801
1572
872
1397
1262
428
76
1606
1486
179
1732
151
1897
343
354
1383
1574
1359
42
586
497
1680
682
456
945
74
1257
977
865
321
1120
1841
983
1468
1173
1184
1872
996
1139
281
1501
1412
505
858
37
1704
1992
443
1065
236
956
1977
151
934
1221
22
142
1713
392
1651
178
475
1786
1745
458
1323
1339
795
176
168
964
4
1796
680
597
255
341
1302
1324
2
207
1825
1793
1317
1056
106
261
833
542
151
919
1717
1464
1595
555
1306
1241
88
1170
366
1993
317
1238
640
1448
1888
513
721
1315
1012
1790
1339
1984
1973
1597
511
310
778
929
1479
177
1552
1681
321
1205
1348
1240
979
1937
1172
295
1251
336
1665
993
596
273
926
342
218
267
1531
48
746
899
560
354
814
1881
409
1214
1943
350
504
1739
516
1111
1750
1219
689
391
1809
323
1303
1391
600
770
1727
1304
1563
1111
1707
1885
1238
681
1481
132
200
1948
612
674
174
1218
1036
136
1986
1350
629
804
1380
1852
1138
558
826
980
956
1175
239
1266
1862
1762
1346
245
906
1272
664
1475
841
634
1399
1211
1051
1630
951
921
669
12
1770
95
1214
23
1962
1264
546
1591
1970
1575
1536
1641
13
1538
1978
1536
1030
1244
1394
1820
254
1678
1602
1168
752
918
1900
1661
1410
1580
307
378
1787
1482
1182
554
1806
1745
391
982
733
172
1858
1543
379
1694
876
3
275
1588
1537
1875
1393
1048
160
812
1884
1466
1171
998
1456
1993
524
1225
385
1616
1325
259
547
323
537
1606
22
1372
517
608
610
464
1267
359
757
393
1604
1322
1902
143
1051
1657
195
1835
774
943
1597
395
73
52
266
1877
1650
1116
904
716
1498
1301
1662
1381
1945
1278
644
225
662
924
386
1666
1354
1647
597
1813
1205
398
518
1942
275
1605
902
898
1056
1365
1477
686
150
1073
647
1475
1256
1192
369
1015
1270
1736
1514
1534
1141
969
849
1954
988
1372
1057
1790
284
1310
1427
361
242
705
137
1256
1920
79
400
1764
551
1692
52
204
1798
41
1105
464
1756
468
893
899
961
308
1360
1139
1684
921
1127
104
1755
1613
1786
1011
817
329
226
1516
851
1107
1679
1855
1243
1674
1695
63
898
1052
1015
266
1929
977
1663
574
1338
871
804
889
568
1184
1098
415
1678
1436
596
1282
128
843
1123
1260
704
849
1138
1173
186
354
227
2
1357
201
34
193
1699
361
1538
1926
1291
1966
951
1417
1242
74
364
158
1746
1502
114
911
769
826
123
502
1933
839
1597
743
700
1237
97
1059
701
1624
1450
1086
1337
1677
171
650
1580
1525
1784
1348
416
224
449
803
783
1474
1346
776
1494
1214
1468
1632
1276
311
1122
170
193
1713
691
1690
1505
1204
207
1655
1012
1889
1438
970
1490
1027
269
936
520
1660
121
651
1860
1690
1288
1525
1183
1171
1242
1173
973
1564
36
1667
1054
34
577
692
1013
1327
1666
1658
410
884
1087
286
1544
973
456
1109
1287
575
267
894
108
1452
285
1079
1757
1386
311
1610
1681
978
511
734
1866
598
1601
1730
1504
921
1843
54
941
1463
1621
1600
826
73
731
708
299
1671
384
244
1360
259
475
901
1607
1900
908
1109
727
966
157
1083
162
1856
678
1055
1798
1260
280
365
990
138
1535
1454
1911
1860
973
792
1500
1370
1349
22
1923
676
428
1004
1463
366
1742
1746
619
877
1541
1582
1341
1904
234
600
1534
1502
1161
499
259
1665
662
1622
1625
1758
1252
613
1871
5
1184
675
1790
62
636
819
1745
1410
1172
40
520
1140
1567
237
1007
1509
420
124
702
503
1755
1115
1370
1743
1494
1894
1076
404
1184
29
1767
788
1108
265
569
188
888
323
1283
1528
638
890
1869
359
307
256
1921
520
639
1856
832
1051
195
1063
1949
540
1390
708
1236
1023
751
1294
195
1552
1299
246
1152
390
1771
1891
1311
1245
1419
123
422
401
1089
1321
1366
693
461
1387
1199
1147
552
239
205
1774
1003
858
446
661
1146
1685
699
1483
1780
317
138
1044
625
1761
1851
1681
1378
367
547
208
1613
1948
1228
335
1203
55
1714
274
1020
1127
42
58
1035
442
1643
1344
875
1257
1341
904
1727
720
743
99
181
144
1216
809
1532
1943
234
1254
328
1713
1171
1425
463
288
1152
335
1070
1050
582
1430
1080
457
154
1411
1838
613
807
1891
1041
1408
1866
55
376
531
880
85
675
186
1812
532
1289
1045
1270
1551
626
23
241
164
841
940
498
657
1554
1161
1601
1955
945
729
986
1300
557
848
509
1390
1340
687
1660
648
867
96
1756
1129
554
1408
1754
806
895
1646
670
173
666
519
1246
230
1943
533
334
544
1043
76
275
1715
1102
575
1819
263
312
1806
1552
471
1201
719
1376
1813
1161
822
843
1596
1819
1881
7
1161
1216
1440
1410
1160
657
1111
436
1587
1792
469
648
213
863
2
1896
751
94
1444
632
817
1614
1885
464
1611
1107
1987
1737
805
1453
750
234
416
77
1777
1077
678
218
985
1059
119
1398
953
959
134
1591
115
923
350
883
905
1052
1094
832
933
434
1811
229
179
1179
654
1752
85
846
1668
376
759
1872
31
1855
808
1843
106
956
1676
334
1986
761
1874
1558
1232
668
502
624
849
863
337
55
523
1254
1197
428
1743
1835
367
12
69
498
1615
833
1040
469
766
1032
189
995
33
824
699
1786
564
440
382
1488
825
1469
649
362
1861
268
1618
751
1200
743
104
1086
752
834
1693
437
670
590
1397
1210
138
1984
1697
551
297
918
1778
1621
422
1657
1762
970
900
1552
670
1858
6
1301
884
1051
923
374
712
1354
748
390
333
770
1019
1623
705
968
45
622
1313
592
439
1581
1166
274
1310
1173
1476
810
667
1366
283
1270
1558
1734
747
1911
1510
1846
139
1687
746
734
344
414
1103
1842
1967
1366
1179
649
1562
894
530
73
1981
512
436
707
1054
78
925
156
1039
1329
650
1345
1742
1370
690
702
117
532
65
1461
848
217
1908
1960
1557
1903
1480
1495
1864
377
545
406
1500
1637
1185
1741
1956
492
1379
1547
693
910
1949
1529
1645
166
1536
1659
222
763
1055
960
852
892
305
323
1610
1953
1232
375
306
1519
1035
1244
666
998
663
1250
696
1775
863
1924
1430
653
675
1714
212
113
569
1662
447
344
537
1754
575
1391
735
479
1997
493
1588
490
1264
842
545
600
944
1501
1210
229
1894
354
1161
1562
440
296
871
1531
569
1968
1985
1738
111
610
22
826
1905
347
1909
878
264
156
1565
372
1020
42
1192
1781
428
500
205
913
1222
1386
913
316
1774
155
191
826
1124
237
633
682
726
975
812
1336
1205
1183
1764
1349
337
1156
6
334
185
1020
194
113
214
1692
710
1354
14
670
184
767
1662
1908
1828
486
436
1643
655
1773
1549
28
813
550
1938
826
1349
789
281
514
1072
912
1580
173
681
1500
1382
1393
1506
385
1935
963
1220
1777
619
1464
1750
1184
1126
772
1273
1681
482
442
872
200
800
1773
834
1014
1217
1813
799
1126
1316
929
1291
907
240
241
356
1111
364
221
498
461
1347
789
75
691
1706
1023
1973
845
1321
1876
1154
1371
1212
367
1066
1066
1251
1927
552
42
1971
40
508
1001
436
336
863
119
1424
1965
1020
660
794
95
361
707
226
638
1491
1212
1405
868
1143
1703
1404
231
676
1512
540
1903
596
84
813
1509
1359
1216
1004
970
1442
1387
1967
1181
17
1382
1656
1585
1086
1395
1134
559
1641
1769
1956
1307
671
1863
1913
750
515
185
1734
1048
1137
82
338
739
1232
1783
1878
1067
1177
879
1770
1875
61
725
1179
1594
1850
1552
1855
379
1371
677
1403
1086
1980
1048
1701
6
1851
1196
1551
1773
1855
1148
157
603
1648
1886
595
1704
625
247
1079
1188
480
1316
670
986
969
1786
1226
1441
922
422
1452
359
1517
1985
1467
1524
1538
507
787
929
394
643
562
1843
139
1999
627
140
850
1233
1170
938
1901
719
1546
327
985
5
87
1567
871
817
1625
1686
1495
133
1863
1131
199
1086
1055
1159
615
194
1485
470
48
1080
1492
1338
1955
740
1928
1830
139
71
848
1812
230
1440
1303
1361
494
339
1969
854
1776
1663
1383
1327
1006
1967
706
58
1033
6
866
1920
753
1101
374
1394
1397
1325
1985
1347
51
1985
653
1690
1221
1879
1259
1222
1612
765
512
948
196
1724
672
1778
909
1837
553
1489
1458
1892
725
491
1946
1096
1878
1011
121
1974
466
571
1669
1544
1891
1231
732
1504
197
743
1883
16
13
493
945
1083
1089
1516
1374
618
762
1977
788
85
944
1544
1851
690
1796
1112
1055
1779
1362
883
1
191
1059
333
850
1650
591
1602
1351
1861
1649
1517
665
298
416
727
805
1804
679
569
1837
104
333
986
683
990
922
1119
1246
29
856
1331
1955
1682
742
208
1314
1838
1346
582
1252
546
1788
556
1678
601
348
1506
1405
46
318
1189
442
1597
1975
420
850
1921
1180
720
1581
1616
587
1524
1726
1895
290
1154
501
1743
1123
121
583
1813
1733
1919
981
1658
1190
1386
912
15
87
1645
878
1160
389
1844
307
1197
509
1423
165
767
1018
912
1653
20
1206
1606
1401
1917
167
1513
1068
575
1295
210
1418
1796
90
1434
20
895
859
1888
686
479
968
1294
1566
1635
939
1020
1630
1623
1897
33
240
60
1947
483
76
1074
1436
1030
227
1752
1084
741
1932
1983
1501
1865
1713
1568
519
1769
1635
250
1209
1402
1782
1285
1922
205
1358
1392
1437
127
1086
97
1069
1333
1989
255
129
1875
993
1045
651
148
687
1770
1269
1033
832
1349
1070
1832
150
914
1752
1910
552
123
391
1131
1583
968
416
1312
1001
923
725
825
1742
1741
972
153
1303
1777
1807
444
1257
170
1736
1785
1882
1391
1246
1551
1400
339
1471
407
673
1827
102
1132
445
607
1656
1665
1567
1030
1829
1089
753
891
39
1874
1140
1871
1650
1899
1044
116
1509
1483
392
1676
726
894
886
1325
409
908
799
1419
1224
674
829
659
1310
1976
602
373
1663
894
1771
611
1620
621
1933
1087
1363
1006
1446
776
1849
1899
1355
40
738
782
793
746
1646
1425
873
1158
471
552
1849
462
1581
1775
1835
1352
1663
501
122
470
795
1792
1409
1604
483
163
1137
460
1887
1006
896
76
646
1441
1854
1691
1579
1273
846
1334
505
986
48
1441
662
1145
1128
143
275
1924
695
1844
644
524
850
652
1553
81
1870
674
618
1978
620
1801
1731
292
336
646
910
489
208
1603
95
1127
325
1625
386
1182
1027
974
1464
94
1986
1928
178
1097
464
783
925
1946
827
1242
6
1342
1921
1058
1259
674
459
195
1996
175
1070
1190
1433
1537
925
1128
1071
743
300
814
185
1513
850
213
828
874
714
76
593
1684
1641
1341
738
188
1106
221
1601
1191
1925
1715
1497
1889
1227
1209
281
1314
923
942
1991
1529
127
1330
1620
1329
206
1946
917
882
1210
427
1178
1391
1982
135
690
1789
1739
625
1482
524
1390
1531
1748
966
1023
858
302
1951
1878
1855
1031
944
1475
907
1143
1112
321
431
1506
1146
1940
130
883
128
825
95
1049
883
954
1985
97
1172
1715
347
1692
302
255
867
1247
1822
478
367
1713
1852
534
524
1379
872
410
1517
1223
1833
513
182
1335
288
1864
1813
1272
1153
328
440
597
1712
199
1328
1297
454
661
442
179
1530
697
756
891
1216
1218
501
610
1601
1238
710
1996
74
435
1179
69
574
156
1754
827
1372
476
121
35
380
744
1841
1248
248
345
1313
1054
1351
66
265
1457
472
1804
557
1463
378
1110
1727
269
721
1992
815
621
702
1821
773
1607
1004
1665
529
1395
702
1439
1000
196
1012
112
1557
506
700
1104
96
805
418
1772
1255
933
1213
923
1363
57
1977
1709
1655
1128
970
720
1888
988
112
816
119
1426
1434
1282
590
1579
1292
937
1228
186
129
1132
828
793
251
934
1532
1810
1492
1084
319
1725
1821
240
1890
1852
877
1798
108
913
449
181
1322
148
904
407
1947
1849
185
1268
403
1670
1199
1449
1304
502
1743
1915
1029
1717
630
1082
721
800
953
56
528
1880
1288
669
616
696
1857
1060
233
1810
200
785
1888
874
572
374
580
1343
992
1303
468
1506
796
1258
1143
663
444
645
1302
551
519
1916
1061
369
104
385
1537
468
1801
1935
674
98
1951
1029
308
193
348
455
536
1370
531
90
1644
1991
1005
1467
1606
1321
3
399
627
1784
1923
1048
1640
21
880
1146
1455
1255
1831
1175
108
1524
1281
1990
638
1361
249
1988
1223
1383
1770
1599
398
1024
477
1348
1002
1134
1343
1115
994
931
1215
375
1952
1763
1757
1419
1289
1345
418
832
1760
1017
294
532
1880
665
689
1186
308
1861
340
461
1465
1990
32
1357
1323
1788
640
1608
1850
1752
697
1822
1518
289
1417
1462
1284
1704
971
1529
358
1837
1873
1438
1844
755
879
258
942
1047
1072
220
731
46
1463
268
1404
1251
1395
1504
1660
1577
1429
1646
1001
1065
1315
164
1884
1618
1083
277
1253
11
1284
748
585
1693
1121
607
461
1961
315
731
1894
26
1312
1031
1240
1324
734
180
1652
42
986
1757
1331
256
1581
1687
287
817
1982
926
1789
719
492
1957
759
963
820
1318
1692
1252
63
667
646
942
65
995
1043
82
1219
1361
180
1264
329
511
1138
504
1813
1635
1181
981
1038
447
32
607
1896
1044
1310
105
274
1747
259
710
446
635
1626
935
34
359
1624
1359
1316
282
851
171
806
156
1164
1260
1628
225
1642
673
1538
1251
1536
735
1374
440
1232
1032
1791
746
1359
1323
1837
573
224
1960
62
1631
1704
1105
1056
1944
330
545
1345
1688
625
1917
163
1434
1779
437
1726
832
1002
1008
47
1224
130
1946
1322
215
134
87
1072
1788
240
24
1121
627
478
1766
161
1174
24
1565
448
1916
1555
1897
367
978
1695
730
744
177
830
18
203
45
969
982
1819
425
60
1260
343
641
882
947
318
1822
462
628
905
1150
177
1544
1748
1451
1907
53
643
1424
1250
104
1468
1866
258
896
273
820
61
1155
1621
1493
1376
1683
1027
1206
1362
1149
774
1543
1433
1725
668
569
1273
1552
948
1089
763
161
1988
1655
1678
454
167
572
1226
1882
488
1212
1312
24
281
398
1232
232
1882
887
1091
1450
302
1854
328
1971
669
1064
110
1818
1359
1043
1159
168
1551
914
1199
1859
759
188
955
41
974
982
1431
840
1950
949
1893
1431
1512
1508
1452
568
914
510
433
1852
1594
444
1646
1566
856
1087
1613
1746
962
1939
843
318
1932
1618
389
514
1931
1873
1942
310
1899
596
436
366
1848
1554
618
689
706
503
1555
61
986
1995
379
894
1761
444
290
1444
1931
738
1605
86
666
171
1755
1897
428
1501
246
881
1236
36
1157
1606
1509
1035
621
1005
1579
1867
484
1321
97
354
38
175
1843
1231
1416
1205
762
153
989
110
1722
850
250
697
656
733
1373
177
1316
1499
978
927
536
981
1556
1243
53
1584
1077
388
980
415
813
1350
1996
731
1339
1016
1234
1991
1870
816
539
1046
367
882
901
689
1604
1246
1789
1726
132
1228
12
1203
1414
842
509
1187
237
977
1700
1866
804
1236
1347
590
412
357
1889
659
1545
259
646
673
475
14
531
781
751
882
1282
1433
1836
1027
790
1515
1053
637
625
1161
1307
785
421
158
99
1978
771
284
1980
1847
27
16
1126
61
504
142
1843
1598
1794
1390
1724
973
861
1144
536
622
1458
1510
580
479
935
1639
278
161
1807
252
300
1230
1813
1907
831
45
1811
641
710
1743
58
1094
243
751
1948
907
767
132
1727
1981
950
672
827
389
1939
1168
1902
1725
340
500
516
1001
1272
246
220
667
1236
1284
1757
595
693
1473
1845
1321
178
1080
1471
823
99
1164
577
857
1509
46
1379
1227
1905
1466
362
91
1855
151
1711
599
1031
1915
1404
1575
1942
1856
1455
1047
1490
275
1223
433
363
206
288
355
711
976
603
246
1518
872
665
128
882
1990
1693
1381
1240
856
1562
776
744
329
1997
93
495
1719
1662
1815
1143
1249
1216
1756
1201
811
787
1759
1383
1936
1849
1902
524
939
787
658
1370
1868
196
790
1692
178
1165
21
858
1775
1843
203
44
201
1437
1287
781
1556
623
680
1323
652
1783
1269
1306
1590
1761
928
1564
1095
1784
1098
181
601
179
1072
1952
1700
1559
1443
139
878
22
1370
543
836
552
819
1382
747
1835
413
1933
1110
820
1359
572
1033
1905
44
909
1660
1908
786
1949
40
1239
1418
1757
1579
1930
1706
363
1321
860
1355
345
630
948
1999
929
1444
941
997
832
1120
955
498
1579
806
375
1157
1676
169
32
1918
1504
393
2000
1871
1854
910
136
436
888
98
37
73
1914
1404
448
1010
370
158
1563
596
1066
1023
1307
526
1853
1545
1272
1715
1353
965
943
1696
1333
671
1673
1296
1715
1281
1367
1091
999
1938
361
455
1826
1454
588
463
745
290
101
1790
1782
1354
114
70
635
1325
1843
1864
688
1146
1162
347
1808
261
145
709
1734
1782
337
919
900
1616
299
907
616
116
706
1310
65
47
1243
1775
1153
842
542
16
1685
1560
1135
596
405
1386
1306
265
359
205
1054
497
1395
277
576
876
392
929
1289
20
1273
1131
1068
697
517
1019
214
994
63
800
1132
20
1473
1636
40
884
39
654
1933
1613
153
57
1128
1978
767
1340
551
293
246
1572
1037
1974
1699
1280
800
1821
1765
1289
1753
1349
1072
233
97
1660
715
1202
772
719
911
779
633
1767
298
899
40
980
1844
22
1557
1740
294
100
541
896
1291
1248
509
175
1069
467
282
433
762
95
1310
700
432
1234
874
951
402
1307
149
926
1500
1326
1398
277
1448
1022
1672
1930
1388
754
96
428
855
1874
1361
470
1935
1021
402
601
1811
424
1401
1612
1086
557
659
1585
38
192
989
1771
740
197
1030
1822
186
1329
1765
301
388
521
817
1394
15
1610
1901
221
1489
907
1699
637
1122
615
1704
1379
1338
1006
141
84
1289
1127
1570
257
804
1832
458
174
233
58
1158
787
981
1062
834
108
1601
1064
210
1327
463
776
944
687
605
1787
1754
1279
1087
1441
1837
409
1929
1149
1950
736
906
1354
1155
455
1546
1727
1478
379
1583
1398
73
919
941
1103
1928
1874
1309
727
505
1223
917
1466
921
88
611
1885
1963
479
435
1840
1075
457
106
1279
1420
1476
553
618
1967
736
445
1358
637
1067
1651
1792
1131
1489
1087
1577
508
551
1870
1699
1708
1928
1201
39
1957
911
1202
1538
958
787
339
1250
968
1880
78
1701
1414
1222
1902
176
851
907
1284
1227
1600
1680
230
1174
583
392
1737
1022
670
1877
1642
1165
791
819
1292
1367
1876
1538
1872
309
414
555
1803
547
375
492
1951
653
797
1485
1227
1919
1826
823
1624
1754
1922
1079
303
890
283
1273
656
963
1743
579
1677
1326
1908
1351
1576
1017
131
1102
1740
135
831
222
862
840
342
1335
787
1145
538
455
1278
1251
232
1511
611
805
876
1003
918
1989
532
867
459
1422
1035
1540
1503
1011
1686
379
1772
979
1811
25
973
402
954
299
981
46
1852
893
1818
1803
559
676
267
194
996
141
1680
1425
1092
1163
64
1899
1714
331
1206
634
219
825
1132
795
1937
801
713
330
1471
1397
490
845
1310
840
655
77
243
1459
1425
570
1422
986
533
1722
1540
1642
1368
518
402
1157
1031
1619
1178
187
1658
369
500
639
1485
427
300
4
1757
36
372
976
1988
1693
1529
1785
630
217
833
1346
1868
1229
211
1699
1506
458
97
647
993
1711
783
1405
820
1623
424
882
1775
668
981
608
196
223
1763
71
755
1249
221
830
238
1031
480
44
726
1548
574
1828
27
1776
1967
1626
1915
115
1805
1988
621
616
1629
1513
652
765
1251
1465
1096
712
308
1952
1491
1214
67
1451
1514
708
961
1702
1269
1099
145
926
541
728
647
1011
914
1167
1449
77
1263
1278
1930
812
335
1439
637
1121
1061
1213
1592
30
722
1036
705
508
1840
179
786
1769
71
929
799
1552
1324
1168
14
288
1562
699
1457
1578
1902
1775
954
1600
665
165
910
991
44
544
1226
1410
194
1806
1810
951
1117
904
606
351
677
548
740
64
1296
897
1421
259
1194
891
1754
356
1803
1072
1660
73
1296
128
783
1212
1460
1789
1183
1645
339
958
633
906
581
1100
150
1023
535
1008
103
1762
492
1603
826
1531
749
326
1392
563
977
1722
1831
1439
165
1416
1558
1710
1716
76
415
1145
1187
1384
1581
69
1113
1779
1511
615
48
762
572
613
1450
528
1584
1306
477
1444
1567
1255
1722
1789
1835
501
1374
400
1508
1518
529
1685
1771
882
556
200
588
1104
51
723
1585
1098
1497
1759
600
1015
519
428
11
1305
680
1642
1296
1210
1954
1674
9
1566
456
368
1515
1713
1336
322
1590
710
414
869
1964
166
21
1411
1867
109
956
1907
1717
905
1385
1518
138
1113
919
1823
294
616
1862
56
934
861
853
563
23
306
979
1108
773
337
484
1926
336
1384
48
1710
1279
907
89
290
788
25
5
1976
1783
1009
435
1011
641
493
244
162
1664
504
1782
1471
178
1806
1971
1656
1655
778
1505
2
633
1777
1892
1617
1343
11
1144
1941
198
819
561
704
1593
1648
491
668
369
864
789
1530
245
1207
1226
1541
1296
1093
1495
923
274
92
1937
1393
524
1838
1477
1134
1463
137
941
477
1678
311
1103
621
226
1656
1578
838
276
134
1136
958
1527
1421
534
306
255
1228
1992
775
150
600
1376
431
95
1172
675
204
721
224
869
935
997
846
1967
1425
607
523
1559
21
1145
667
435
1177
1158
130
1645
1797
1722
24
773
1520
1886
1714
636
626
1189
1051
685
1326
1668
306
888
691
1496
195
659
300
690
1061
1791
239
1054
1313
847
1311
840
1541
1821
1302
1130
1317
884
1260
1508
1000
1574
288
1099
1637
1915
1742
1995
1135
48
893
286
1277
1455
62
654
1328
1412
1095
320
1519
862
446
1692
879
1575
342
495
179
1457
924
1850
1706
302
1893
615
1629
383
815
235
894
408
475
1154
1501
612
601
358
1554
95
1708
1339
123
1071
1565
27
519
1325
1913
1988
1159
1234
122
989
1687
1671
1129
1271
255
274
1100
801
1309
1883
1427
31
52
1513
1879
1152
1561
1709
1370
1799
1464
918
766
957
1623
1839
1498
936
1787
1545
653
988
1033
1722
1563
665
1876
245
801
1629
1052
1720
446
1493
1439
727
638
986
1809
984
1998
764
773
70
154
15
943
413
443
1568
236
500
1626
1474
1572
422
1072
1713
846
959
395
920
1628
763
1190
1438
1996
977
1479
391
113
1290
352
1629
487
665
430
852
1828
1356
983
1717
302
1807
284
34
777
562
664
676
101
1085
752
1302
1322
1147
1682
1601
6
768
213
1035
1539
368
218
1331
481
952
153
1441
1112
763
313
739
247
362
712
706
1490
308
1698
1209
87
628
40
1897
637
1586
1662
568
1126
1839
462
1335
396
1400
295
517
260
893
1089
847
1622
505
1026
1031
1119
375
1834
1047
11
1765
1620
1630
1887
580
1063
1795
670
1983
644
1955
1608
753
51
1191
170
889
95
805
651
947
1844
1427
592
550
954
1662
276
7
917
348
640
168
1347
1222
1954
1557
832
1154
1889
1488
1744
1948
559
1443
565
193
1241
1361
650
1579
1380
115
778
1372
478
1517
1745
265
831
980
1887
857
1645
73
773
1020
1987
1676
825
318
1132
1923
1872
25
1711
904
350
926
1671
1765
842
704
1923
205
1412
710
664
1445
1895
523
1077
484
288
1258
204
1112
748
1138
1506
1091
405
220
1601
450
1006
1905
2
1745
300
1547
1169
212
1361
1807
1378
892
954
898
1802
130
199
513
48
1741
1954
731
41
567
1266
1684
1504
611
1758
410
1636
329
1422
926
493
535
272
547
1596
36
1625
777
981
1573
1703
1174
206
213
1166
461
24
1789
810
325
1093
36
296
1414
530
116
350
1596
1760
1117
1999
1063
805
1972
1637
338
1241
100
949
506
862
693
1019
830
1767
958
1504
65
829
900
166
1639
1838
214
1472
56
1953
107
1813
324
1754
1667
996
484
1491
1735
426
1922
683
804
1377
1951
432
1454
1204
485
1517
286
1752
127
1572
1994
896
1332
1082
1054
1835
1381
1832
762
1907
1799
1512
1267
114
1703
701
627
1523
1892
1823
1321
666
140
644
309
659
991
1074
1319
1213
347
1565
1990
1398
1573
1069
321
405
1044
1625
307
1476
260
1787
1213
1320
361
1139
1727
363
1922
277
672
1447
1258
1696
342
601
459
1622
1750
481
697
384
924
216
1469
413
288
34
594
1797
73
1390
1879
1481
311
332
930
1241
890
251
387
1524
1844
494
1230
1447
1810
387
49
196
427
1767
821
66
1785
893
1264
1127
157
618
1991
1158
1622
1450
503
430
850
20
994
585
1226
1175
984
609
723
1333
795
822
1526
819
859
848
989
804
1332
986
1828
1092
1130
1190
1870
982
353
1390
416
453
224
1939
1002
1841
1918
325
1540
3
926
1615
1177
638
576
84
1442
1018
502
52
116
1566
1796
1766
1454
1529
915
1478
1222
763
577
691
298
384
849
645
1627
1639
1077
1279
218
1587
1334
700
1014
1535
906
829
954
1864
435
1682
977
102
371
1299
346
477
448
1305
596
1811
942
1004
1784
278
970
895
34
1002
1718
1884
1705
459
311
736
48
1168
125
649
61
94
632
1338
558
1908
1708
1680
389
1601
265
1693
1047
1026
1641
320
1028
855
413
436
198
4
1766
458
1374
437
1357
1422
1888
636
1186
1143
1670
622
1486
1734
1791
1313
919
630
59
206
1275
543
1911
1218
687
138
288
1318
1424
1477
580
1383
320
1165
1009
865
1630
1295
801
797
477
1644
835
1440
469
128
1500
550
1396
103
296
1750
1264
1432
354
1850
1422
808
1373
91
133
360
1498
1
1668
1591
1776
1752
853
1797
226
36
1771
893
310
185
1602
1206
254
78
356
692
1385
1892
1731
562
1480
720
1391
1611
1924
765
281
1954
570
892
191
1341
1312
338
1377
1132
1729
629
1301
1094
767
1123
1610
439
1128
1560
369
224
1419
503
1202
818
871
1184
500
142
707
976
636
697
1877
266
376
1091
18
1465
1631
1338
1213
1791
1295
60
1179
1704
621
1740
1674
917
1577
1597
1018
1125
1883
1100
1555
463
128
1884
219
323
748
397
419
1267
335
1258
1580
1773
40
88
1137
310
8
871
145
592
1237
386
1339
1458
74
1439
1340
1343
1225
1183
69
143
1881
248
632
729
1444
1083
605
128
948
732
1258
353
1330
1300
1185
660
770
391
990
1131
648
589
414
1079
1001
1094
205
269
1560
709
1955
1042
1839
999
1462
1480
160
1717
271
838
1122
881
1809
1857
527
181
1006
309
1719
339
1089
1168
1946
1867
1122
1644
216
408
1148
136
406
74
856
1155
722
424
1498
460
9
365
21
1783
1454
1767
1029
1560
498
402
1870
1192
1277
75
1552
1353
857
304
532
952
200
1307
1961
661
586
1465
1448
568
1082
66
1612
1245
980
1796
1739
450
1115
60
1725
1955
1782
127
23
103
277
1744
316
1196
1991
1329
575
1809
676
108
355
627
1030
1701
1602
1728
686
851
1958
1163
1593
599
982
175
896
297
464
1293
306
1760
365
1299
1104
1731
214
1119
1589
399
1517
531
1600
1465
796
1143
467
1972
694
1549
952
1638
304
984
1516
1864
1082
662
23
1076
27
1949
1067
1659
557
506
1858
1921
944
128
739
409
1017
605
1743
869
1512
1567
1143
1903
1015
1680
31
810
1965
1903
1577
395
331
164
467
1316
832
264
1938
1726
693
852
1958
874
1991
68
1852
210
1554
15
366
1091
1061
48
1743
1145
774
1911
1936
644
145
581
1468
750
130
1246
782
1373
1535
1266
224
1842
871
446
1401
42
205
1362
1875
812
641
808
450
205
1709
283
1065
1924
569
1144
1793
1967
1003
1573
887
824
205
1514
1936
438
254
352
103
665
508
1848
1117
3
59
1735
1559
205
204
918
78
1302
1778
645
558
1449
1752
488
876
887
636
1532
354
563
527
820
164
1676
80
351
320
881
1866
865
1801
438
257
1346
749
987
1449
1299
658
147
1216
1750
1792
1766
224
1549
1052
789
392
1731
523
1741
483
664
94
272
1825
766
92
1587
1956
1668
1679
1680
658
761
1681
715
1005
1922
877
1240
1593
1122
1321
531
475
1258
1768
408
210
1808
1373
473
1559
1510
1165
799
1774
937
1131
1391
1509
1939
614
1183
72
226
86
1829
365
1152
754
1334
1261
411
714
100
293
242
926
342
514
1970
1188
904
1740
1717
1914
68
1886
479
1153
1224
1926
1368
738
20
155
1859
1539
1680
108
236
396
159
181
688
1107
1044
141
1842
1073
1
779
1146
1673
1788
1607
1655
587
1583
1526
1239
154
1342
536
1141
618
602
1008
1672
1576
823
1225
811
697
1204
1498
412
1431
1861
1856
1155
922
1672
906
673
760
1706
1497
126
1028
571
428
1017
1108
1391
739
152
1989
1801
1201
1254
1651
823
468
1609
1481
338
1489
136
1003
650
612
1137
479
1933
991
1449
504
1716
1809
1604
1613
1622
259
1596
963
272
528
1090
1472
1939
1875
787
1141
1587
975
70
400
1328
7
1824
878
101
173
843
1132
334
1680
168
263
493
1887
486
1121
650
1612
142
1953
790
504
835
1039
1206
1532
446
1794
126
321
1966
962
1354
1511
964
1414
864
691
1063
312
195
130
1097
1044
1311
1840
1606
795
280
605
286
412
1016
978
1789
713
1769
267
827
747
1077
1316
976
913
1067
475
1689
291
620
215
976
228
1013
1912
603
895
876
1904
1655
816
1435
166
181
1065
363
626
583
536
766
1123
356
178
140
1604
1595
787
1823
496
96
1817
951
1031
584
1185
1958
548
537
348
224
1884
1360
964
180
687
1770
296
1350
1978
837
450
431
927
315
622
263
943
1116
813
1992
1280
1033
1521
1584
1546
180
1184
1107
54
527
1153
983
324
931
1162
1601
717
1523
860
271
329
982
268
1754
586
1679
1866
779
1958
293
746
1168
1458
177
1699
1758
1911
1991
1833
449
630
1223
1473
790
11
653
1383
78
1621
1946
7
1965
38
1468
1067
1579
734
33
452
1589
1604
1568
701
515
642
394
1912
606
1266
1300
474
211
1158
1413
273
753
201
1258
1533
225
959
1464
340
407
543
1118
412
1314
513
665
1399
190
1761
1695
1451
6
76
525
1021
1829
1447
1122
858
955
541
543
1229
859
1291
607
1109
1107
1920
185
1884
1743
1280
942
971
434
1803
1895
1264
899
1295
135
1236
1508
2
1719
1497
1364
485
597
1494
328
1755
282
1762
553
305
1135
442
1970
1986
405
890
947
1655
1333
1135
763
1040
1053
344
3
1409
272
1784
1118
1946
213
1835
1527
509
1244
1584
1806
1227
1134
1201
1044
1884
1633
1988
653
695
244
1489
1154
1863
529
1149
1480
652
179
1040
1381
1229
1030
405
1148
197
328
1727
1884
1758
1299
1424
344
845
670
458
519
272
10
1415
1583
148
1854
21
1777
737
1137
259
598
655
1299
381
619
482
1542
509
43
1569
401
155
900
823
924
1824
879
1324
1361
1139
130
443
1653
1695
1763
886
1145
1358
1831
362
1209
890
228
666
788
1046
242
58
1180
462
363
1398
1366
1863
1437
963
578
1567
149
992
998
94
1930
1376
1961
1860
106
332
1589
423
1851
1881
1953
1782
812
730
432
1047
343
905
1077
773
713
189
539
182
236
443
1840
1460
1712
238
1077
1991
1343
1556
1154
1902
1602
93
204
1347
674
1238
1936
1055
1627
884
50
1768
154
1663
348
949
1786
1234
1224
1831
620
946
564
1030
1031
497
1276
671
1032
1713
402
1700
999
132
1536
1538
1008
1530
67
1256
1731
637
516
1294
310
146
358
813
707
1740
1360
388
1722
1727
544
1029
1574
904
1145
685
1012
1176
207
187
1610
968
1353
1598
340
907
350
764
680
159
523
1351
963
1652
421
1514
33
1763
955
1751
1895
1930
107
1358
1049
773
247
245
327
1209
384
173
1044
537
997
1218
1780
623
68
32
1726
1729
1491
1232
871
655
690
491
1355
416
639
1778
189
1998
1971
1301
125
1299
1853
1965
1530
1259
428
589
631
1832
569
51
590
1439
1806
378
1815
1701
1380
735
1602
67
243
1987
1306
989
1213
1762
332
1606
364
819
1605
561
147
941
1543
680
1589
72
764
1848
1141
1117
219
716
1393
1698
848
988
1690
1508
350
466
168
210
576
1673
514
715
942
1113
688
44
1501
877
53
1212
1758
1864
1925
77
566
1709
1385
1575
1829
325
846
891
1978
1699
1598
683
489
909
505
812
1164
1170
1334
966
537
21
1612
1808
329
1046
1986
1126
1731
190
1670
98
1295
1367
661
810
1163
472
1977
1675
720
1505
952
1162
1215
1867
1047
93
1171
131
1411
912
699
1731
888
37
1945
972
1267
1972
1304
755
1806
834
1963
656
68
430
733
1941
1581
955
1099
1051
233
1889
1117
1958
1764
89
1606
311
513
172
1086
1862
1722
822
433
367
1800
555
455
22
1264
745
592
466
1302
74
1485
321
1153
1466
212
1748
74
588
66
1410
65
708
1571
412
582
1181
5
1497
128
1468
636
1405
1587
1712
1401
1868
1576
55
1825
414
483
1208
251
499
713
85
1690
1506
1697
1677
1507
634
261
984
1122
1452
1072
83
1775
1359
1819
806
818
411
807
1443
1939
956
129
1620
1283
1353
1001
1237
650
237
1129
1243
1520
1413
1402
891
514
1550
388
402
1809
385
1301
1506
1830
1982
1433
1005
1948
869
772
678
1404
1249
77
711
608
259
1498
1902
707
1469
1293
210
1007
1121
360
447
447
585
188
1358
122
1716
1778
44
1230
603
556
471
1180
355
1726
1604
1234
1999
439
1214
382
1063
1864
378
654
836
475
973
1334
1339
793
1701
704
94
401
1829
1368
1009
137
371
10
109
1008
1080
1329
135
92
1956
500
1341
1051
1864
1262
58
261
108
105
717
1418
861
1116
1739
1422
401
602
1685
5
1734
1436
1576
1097
100
1546
872
1341
728
441
1773
1000
1124
404
1583
682
293
254
1673
1636
488
1810
1573
454
1917
1045
565
1878
1577
455
805
319
899
554
1800
1710
166
966
1582
1938
562
1947
1439
725
1858
1247
973
721
1195
883
50
175
1752
1989
807
1367
305
1391
1874
1504
1063
1450
1845
690
1948
679
1397
129
1710
957
759
427
84
1546
758
845
791
1534
1805
1226
482
394
1304
1270
750
15
562
235
721
1441
1263
490
161
1563
1190
1434
641
823
190
1378
1777
633
1066
1205
2000
978
1774
1355
1875
1230
899
275
1181
1885
1146
710
1906
506
642
1294
379
566
114
175
1381
1209
942
15
1441
465
895
866
402
1084
1198
470
311
332
543
1631
1382
44
280
416
1466
155
1217
1207
525
1020
437
137
124
1468
300
1328
521
1
445
1398
1263
1656
1638
693
594
1583
1022
836
943
1229
1701
1115
569
891
1358
1634
797
426
1688
1305
494
125
428
1199
1864
208
1827
1738
270
1754
1832
1730
336
1543
1219
1944
1988
825
687
1531
1725
778
745
1756
891
1651
1431
1936
1397
1620
1743
1371
1972
1238
1593
470
1643
1650
1095
3
734
1753
1252
53
60
379
1435
573
1479
878
742
1456
787
230
741
1866
1298
1663
1459
1137
636
1744
924
829
414
1262
335
1097
191
1989
1238
664
1406
1183
403
1976
1531
1321
1369
640
952
1505
1037
124
1917
670
1796
1642
1512
614
1270
1600
718
1466
315
1320
1425
1126
15
1989
867
275
1750
240
34
356
1042
94
1407
1455
114
1024
1006
575
1296
1714
1381
1010
623
1769
407
1157
830
623
1459
29
615
1504
1869
1109
300
557
426
225
1974
1580
1288
746
511
1246
18
560
483
581
668
1565
650
479
1796
1130
421
740
130
1016
1515
638
120
761
846
979
1328
1455
106
105
1455
1485
507
246
663
279
1627
1860
1055
1805
1898
184
1183
143
67
1330
1278
61
622
633
1610
1041
773
971
1107
94
1817
1486
209
242
835
355
1815
566
1957
629
1409
696
1226
1237
489
1382
1894
1362
809
1088
1994
1286
979
1213
188
1211
1562
904
1522
454
369
1263
399
204
1484
1773
1746
711
191
433
1759
556
885
784
1451
1582
1218
1928
686
1096
1020
512
1961
1918
1653
618
566
1402
233
1185
1905
1778
1722
812
1318
671
358
738
1197
1614
101
481
1946
1708
1571
998
569
1790
542
399
32
715
1658
1338
793
850
242
666
497
466
393
1772
1465
1439
649
1210
1783
660
72
1512
1547
887
721
761
1476
594
1241
231
555
60
1461
626
1858
843
331
74
827
1295
1311
872
609
624
1868
1030
1494
1901
1695
1323
1631
1438
979
656
1845
915
1353
382
1876
1351
1339
465
1138
1296
630
1498
1783
211
665
222
1523
1066
744
97
265
754
1496
72
1643
1539
597
436
1958
952
879
405
986
1261
1445
1560
1779
1115
1434
1147
1187
975
1089
1513
796
1899
1095
1129
1555
482
1471
211
78
1420
346
579
662
1268
1317
1431
1840
627
1692
125
1042
80
1292
218
660
837
942
206
1485
1821
1715
608
329
1553
1056
1342
1777
1
471
1073
669
596
1352
398
873
1969
853
452
1038
1702
1214
1002
1689
596
44
1944
1530
1283
1467
402
407
282
1798
1886
1363
288
1364
1024
832
1237
1994
1656
137
1167
1483
115
1958
1177
370
1404
774
1865
1163
1479
1860
1484
1417
1361
1039
215
1179
78
399
1655
100
1571
648
1443
703
1473
1226
1335
127
330
393
1955
1711
1412
94
908
1901
1346
1613
1653
533
1150
1187
513
1626
613
1909
1173
1130
1851
1393
581
1973
576
1053
1775
365
1128
1075
1274
1216
91
1532
1218
1462
29
1014
50
1013
773
827
1198
539
997
567
266
173
119
931
669
1229
1563
730
1221
1408
1680
1167
1482
246
997
600
1416
1862
859
1304
523
617
1971
499
56
1915
1281
675
1262
366
1138
1531
587
703
411
615
1097
904
656
497
1545
1422
1748
723
646
788
1815
1607
431
1649
1152
1874
495
516
1043
317
309
498
1984
423
700
1240
864
1984
405
1996
1444
534
1195
1304
1364
1377
210
816
73
842
143
1866
965
1002
1264
524
1147
211
1909
223
1091
238
1301
948
1141
765
1248
1307
8
1517
1174
966
1704
1829
682
1981
1415
1314
1372
921
1946
944
1154
1369
605
641
1672
974
1556
740
63
605
83
1311
77
1646
337
1455
689
1081
277
1676
547
793
70
1448
215
840
617
635
1797
517
1296
1688
1631
491
283
1311
550
613
1095
1621
115
1295
895
1598
202
1281
278
581
613
218
1767
1851
1373
84
1038
252
1772
416
1528
1379
1888
420
1535
1190
1812
1928
1460
1314
334
1718
1969
614
1617
1246
524
1691
1764
1680
1552
1894
84
972
1146
539
944
1648
223
1334
1742
260
1415
1712
1196
749
1204
1738
993
280
1824
1272
722
1992
1021
242
171
1224
182
1681
1985
1540
227
1140
711
1126
1500
644
482
1106
272
1437
56
369
744
817
1988
796
1319
440
492
570
415
1849
88
1506
314
1546
599
1273
619
1106
318
988
1554
873
214
1911
1101
1516
785
456
38
347
1002
1581
132
722
705
1899
1701
1747
465
501
1820
690
99
548
886
1679
947
125
1567
1901
1043
742
517
486
163
1435
680
844
1069
1465
1025
877
1864
336
1693
1177
1690
1738
1227
330
323
1223
425
793
1612
430
641
953
852
1215
943
1
97
198
1230
914
532
1183
1412
308
581
1461
998
121
350
47
1314
1057
1738
487
1502
856
869
74
398
1794
1030
1346
549
300
1203
453
540
1821
1904
1335
617
1731
100
1987
471
1305
1891
868
1549
1178
1574
1626
1310
1104
313
1066
1185
1515
1126
40
1786
111
926
1793
963
362
442
919
902
783
333
1616
13
1145
1894
840
1255
1025
351
1748
334
245
890
1167
1266
1099
1668
1003
969
466
404
1754
1207
1143
641
1542
451
243
1834
1823
712
509
521
1762
292
1868
743
709
406
832
1191
625
12
529
708
949
1577
1874
203
890
1698
197
893
1132
1468
513
1854
1140
142
1935
1734
390
637
72
1981
1050
1278
1024
1245
1692
1661
385
453
1658
581
895
1548
453
476
1762
414
769
1386
496
1845
581
461
218
411
1278
1336
431
1311
1857
102
625
1970
1390
1453
1858
523
1185
1045
1818
1544
1468
1091
921
1306
1328
166
1682
1697
736
1338
906
1018
1518
129
15
1004
327
380
994
986
87
1858
1141
1409
1229
898
569
1402
1507
91
632
1341
1229
670
1874
1518
1431
533
1059
1973
1702
1527
56
1767
1851
1528
296
351
209
394
1265
1771
262
188
1906
77
1601
1778
1587
1642
810
1396
1189
977
1949
563
804
533
1601
27
648
1945
781
1954
1828
1514
1119
1047
784
1975
538
245
1682
1214
616
1465
1097
587
1536
682
1911
1854
909
600
787
1490
1234
498
382
467
287
1653
71
212
1976
1895
1674
55
1693
1865
1291
805
504
1606
1023
835
430
762
636
80
837
1406
1842
1870
917
418
1550
1078
606
1452
764
1704
1486
482
757
1213
1055
1667
845
661
519
319
1512
1290
674
1836
1621
391
842
739
723
336
1022
1814
951
1079
1659
207
1501
493
833
827
161
68
1457
678
959
1429
1718
582
1297
922
1151
1098
1147
764
1610
1808
1208
1877
1655
587
1350
1774
1477
1111
432
1738
1752
1310
1961
410
1314
580
234
1214
662
817
1502
1557
1979
1787
1203
664
1271
50
1669
549
986
757
1030
1646
1568
1153
940
233
1856
941
736
324
1171
1880
879
1697
1361
1019
1905
773
1271
713
546
1212
353
1517
603
1685
550
1135
1012
493
298
506
1995
1741
1481
625
951
1363
172
1733
921
1067
1550
1627
1977
952
1887
933
1237
18
30
187
338
929
1390
551
1239
733
969
448
1126
752
882
950
1659
1984
1678
1327
1275
989
1209
860
1101
1119
21
899
443
156
720
1526
1510
383
1109
511
1500
1116
872
78
755
107
1922
938
355
303
704
257
1784
1381
1347
21
431
1471
1654
1728
89
1301
457
1628
1019
1995
1823
1568
713
1316
1950
1318
1892
1352
1845
385
325
668
103
1391
1639
1068
532
974
1647
1878
1424
1481
660
692
1784
1381
1715
1272
69
1680
848
890
368
1188
68
317
592
1594
1367
65
776
1514
1427
1994
500
157
804
1780
1220
292
338
130
1432
549
1840
1912
1201
1852
1552
349
1369
622
743
1925
1275
1626
1788
1087
1754
1265
854
1723
898
1846
1448
1450
1184
1530
457
1168
481
962
644
876
1820
1748
1528
1171
1417
1322
480
1387
1492
1916
666
1867
1457
667
1745
725
1837
1524
691
1704
223
288
692
1478
1939
607
296
314
1645
1834
1901
8
1477
682
1154
235
1644
1965
1324
929
873
55
1838
312
1137
1715
1982
708
721
138
1773
1843
605
1246
1565
126
207
1774
120
1674
1960
1226
1667
1182
895
174
1386
1290
1381
1167
54
822
1896
515
1295
12
1956
1298
6
1160
1888
146
1512
1742
1898
341
609
1380
471
1422
1485
1391
298
549
1193
665
81
495
945
1682
1284
1713
1341
894
1208
710
356
1951
30
1258
231
1104
1809
833
1457
1851
835
1658
91
66
146
1243
1685
1892
940
1488
387
1788
985
1066
1959
1711
1749
196
1701
1213
538
1400
1916
1567
1609
442
363
1659
1631
830
468
165
1766
94
1244
1111
769
853
1823
141
754
274
1221
725
903
1743
504
763
999
375
1358
768
774
1384
1563
1533
1699
162
1927
1082
844
1180
1178
937
647
1617
1877
1493
1006
1318
1033
100
920
1882
580
1774
1784
1777
319
1156
769
374
823
1196
965
1468
1603
1673
1386
1327
1280
51
334
950
502
209
228
1477
1763
1015
23
233
1421
1020
292
603
477
1265
1904
455
461
413
556
275
457
1548
254
179
352
496
1720
841
566
1062
1737
894
1014
1470
721
1927
255
1794
1233
249
765
1834
1822
531
171
1906
474
667
231
354
122
795
398
479
1568
201
1659
1768
664
1918
1980
1791
294
1971
1549
866
450
891
243
1463
1013
248
1743
1855
648
1030
874
100
1928
974
1885
497
630
1116
1722
1987
834
1802
1134
144
852
1400
1753
195
1290
1490
557
4
353
814
467
1619
362
1459
1078
1050
1972
1829
1098
988
109
832
1655
1209
927
1430
58
1896
517
269
738
1349
341
287
404
309
1352
1104
874
396
393
814
727
771
923
604
421
1986
1998
1138
1852
1395
1135
1792
877
1367
1148
357
956
37
242
1613
1916
1229
1123
1246
1321
245
1519
936
608
1240
152
32
1917
2000
1915
132
788
1871
762
1845
756
241
1069
798
1238
500
1520
754
1397
511
1690
1053
1372
114
130
98
382
1950
301
1903
1096
907
1597
90
376
276
497
611
140
1521
673
1211
1270
648
1776
290
1987
1502
1006
680
1343
485
977
1384
578
269
120
1045
913
790
1664
1258
252
1481
1861
357
851
178
567
17
30
1276
979
214
1696
24
1348
851
1312
199
1553
845
170
1013
300
1012
1116
356
1910
706
1509
941
1303
370
274
1879
829
1239
1652
593
1967
286
1085
700
1433
1668
1166
1823
37
1348
1490
1616
219
364
1101
1497
1677
1382
853
1941
397
921
648
1473
392
194
1632
1708
34
681
1499
1159
631
1989
1872
1741
1155
968
691
1718
469
1343
1849
1897
1100
898
245
1940
748
1695
1797
133
544
1056
498
358
824
983
157
1915
1183
1328
646
1892
1784
524
22
907
807
1699
1670
239
90
1218
111
1259
1459
283
1150
72
956
278
185
1115
1457
1381
892
1613
1144
846
596
18
488
1864
1224
403
1724
48
283
186
924
1913
302
803
211
540
1502
1376
303
1981
732
462
770
1921
612
356
1731
421
1432
535
954
1381
1808
1337
1435
1132
1971
1011
828
890
1752
224
1157
1716
522
248
972
1469
669
1714
472
768
1954
418
119
1298
724
684
1655
1294
919
473
239
1388
1899
1760
1278
781
1558
1454
256
1445
971
301
1989
1424
182
1884
199
1724
1418
1268
411
1184
656
99
288
1077
1009
709
1088
1202
136
394
840
1013
172
1742
404
1248
1168
341
461
222
1878
229
751
1391
169
1561
420
376
131
1033
1335
1905
927
32
1446
1606
314
140
662
1500
278
1744
1650
1395
633
1164
979
1706
1438
995
1245
504
1964
590
1085
1072
1659
1807
1906
131
184
1871
743
1130
102
549
1948
523
339
326
1187
1421
1028
1353
1655
609
770
1801
694
174
842
1953
644
1802
1077
955
647
1010
1681
1411
1782
1797
136
339
849
1569
284
140
1148
432
819
437
335
1451
486
319
1344
1370
832
1986
871
887
171
1353
20
819
1340
1370
1430
1071
275
723
1420
1164
1355
808
597
458
1441
405
1646
1068
1546
105
1701
1166
410
1838
151
1724
69
1796
1825
1732
1480
420
451
1934
609
769
1980
281
360
1276
504
456
1079
1011
694
357
1259
1425
1046
1195
1549
1416
1702
1468
649
1152
1738
504
1700
360
846
776
1729
135
1893
1045
206
1571
1493
1758
1266
1648
86
1025
653
1337
1505
150
1144
585
746
981
488
944
685
651
168
59
907
511
1355
729
1812
1453
1949
1194
1774
676
504
999
1233
1370
1772
838
1922
1009
1213
1247
1266
391
1040
1910
107
1407
161
933
1550
574
1844
1473
509
1256
836
918
1872
1497
487
1806
1139
887
204
288
703
1852
133
1129
1111
499
719
1316
3
1150
807
611
607
227
1507
1378
276
1948
1380
274
1445
582
1330
1620
1335
316
1217
664
777
1235
1071
368
617
858
1825
1884
1879
83
1531
358
1959
1430
712
229
587
669
1623
667
1212
1604
1661
1196
197
1172
639
1886
1241
752
1975
629
496
695
1274
1464
1903
1902
759
1349
1677
155
455
1213
808
609
80
1652
1889
519
1387
788
1269
851
988
1202
1345
516
920
1452
551
1595
1403
366
1107
1884
559
63
1127
37
95
1007
12
909
1698
1575
25
1676
1406
570
266
153
246
775
231
349
480
1573
1033
1218
871
2000
102
1058
1193
128
228
1637
1278
273
1214
91
1864
1625
43
171
153
650
1476
619
686
1109
1142
1501
371
1906
1439
1415
255
1150
152
406
327
659
1934
305
1758
676
583
1148
1600
1220
1788
1533
1609
1227
1228
381
1795
446
536
1108
1544
775
1914
1811
1076
1411
1340
1606
1996
1118
1816
1219
1529
1419
629
355
1438
295
321
1473
1004
70
810
990
582
585
1891
1071
26
1340
1290
1779
579
1755
1465
1775
414
1681
133
1273
418
575
1412
1416
39
1033
359
913
1594
1451
1623
1602
195
376
1649
1721
270
782
889
1487
972
1367
1034
1624
1578
287
266
884
1656
1353
75
301
1516
538
427
259
1827
1788
609
1409
799
531
1887
1716
688
550
125
2000
920
1880
901
130
860
1999
1276
583
56
778
6
810
100
1968
1758
1156
1695
714
175
1099
1062
1075
1681
1501
1938
1255
1538
1074
1646
1778
406
1338
1869
1616
1230
1604
1991
759
1831
938
281
1750
37
1084
300
1763
87
495
689
853
717
1796
694
1577
1740
161
296
953
259
1143
1516
340
547
1236
300
529
1829
1483
779
248
151
1387
1628
296
915
291
845
1411
1771
4
23
1792
226
1397
321
1587
657
155
152
302
958
1452
1120
348
1178
1209
1375
1399
1554
1846
1338
892
27
223
165
1210
481
1240
1503
368
626
1297
672
85
1164
1615
1101
855
1758
837
1908
1816
1339
448
1893
1368
905
458
939
1787
673
1516
834
1735
1250
1655
1667
1002
1767
1092
1305
1903
773
1490
1566
462
123
11
267
1003
461
9
1651
1184
273
329
1919
119
1659
1404
1130
1034
945
737
960
943
1597
805
737
1149
1622
703
523
1515
979
604
6
801
233
1053
934
1817
237
1036
863
1079
1932
54
554
1830
787
1127
1650
1602
1125
875
1329
1574
450
1605
1868
1079
1461
355
475
725
497
168
208
1709
1668
462
1609
1694
1728
1196
822
1031
72
1417
847
1227
1701
633
705
114
1611
511
1160
1865
159
680
140
944
765
390
515
1840
1893
493
835
1596
1700
490
1687
268
646
555
1761
1653
926
700
999
1479
410
670
1110
321
1931
359
1946
70
1470
1971
131
660
1258
465
1866
281
1049
1150
1653
1998
514
1430
76
1704
598
1217
787
361
978
1300
666
281
196
346
1569
1441
1220
1329
156
1072
1336
1912
1892
781
1419
746
1876
523
544
461
840
742
218
140
531
295
446
1144
1051
196
1972
75
1145
802
762
327
845
842
244
599
232
990
606
1080
203
556
215
341
1409
829
936
56
372
1980
1781
189
1699
1337
566
948
1524
1516
468
27
298
1646
85
898
1896
747
861
1764
1291
1613
1796
824
1818
581
180
1636
1553
1535
1481
842
807
1492
43
1674
1309
220
1521
1023
837
563
1134
1129
1508
7
1108
277
871
352
596
252
631
357
866
1344
1359
588
264
1892
1897
69
1945
1648
1349
1739
1820
561
1288
1244
753
407
598
1559
1235
435
1821
1416
1718
1609
1061
826
992
872
593
858
752
86
1515
699
1243
47
433
1535
1433
1235
1816
1848
1939
1363
461
1999
1629
935
710
1263
1259
183
1457
498
307
711
1812
269
371
374
501
1878
1710
1040
74
1982
319
1371
799
382
1873
526
724
336
1202
95
