2
1
1
5
331
5
1
1
3
4
197
1
84
1
1
80
4
2
160
15
8
8
1
2
1
1
1
2
4
1
1
1
4
5
13
6
1
1
2
4
17
3
1
1
3
1
4
2
2
1
975
827
123
2
94
1
133
3
1
1
10
47
1
4
2
1
1
1
2
6
2
28
2
1
3
8
1
1
1
3
2
2
1
70
5
9
1
1
177
1
6
4
20
1
1
137
1
183
1
3
5
1
1
25
1
1
2
19
5
1
1
3
4
1
6
1
49
199
2
1
1
1
1
11
3
33
6
22
4
2
1
13
27
1
7
61
4
1
1
1
1
4
1
1
1
1
14
10
167
1
61
4
6
10
1
4
19
1
6
33
1
1
1
1
1
2
1
1
2
1
1
1
1
1
4
1
1
11
112
1
1
1
2
8
1
2
1
2
2
1
6
1
1
1
1
3
1
5
18
6
1
1
16
8
21
54
1
2
1
62
4
6
181
3
1
6
1
4
1
1
17
1
1
1
3
14
1
1
5
1
47
5
1
1
2
1
22
225
1
1
3
2
1
2
12
1
69
23
1
2
1
4
1
1
2
3
42
5
2
4
15
1
1
4
86
3
1
1
1
1
1
5
9
1
40
4
20
195
1
17
1
1
53
25
1
1
4
9
3
59
19
4
1
30
22
1
4
1
85
94
1
1
1
2
1
4
1
1
1
212
2
3
1
1
3
8
3
14
1
17
10
3
1
1
2
1
1
4
8
2
58
105
7
1
95
1
1
1
83
9
2
71
1
2
1
24
4
1
1
1
1
1
4
1
3
1
96
53
1
4
137
6
2
2
3
13
1
20
1
7
8
1
1
1
1
24
2
2
4
1
1
1
2
2
192
3
83
1
86
10
1
1
1
6
206
3
3
1
4
3
254
23
4
20
2
1
28
10
1
1
12
1
1
2
1
57
1
5
1
4
10
1
20
1
1
78
1
7
1
1
1
1
4
2
1
1
3
3
29
101
1
3
208
11
1
1
1
7
1
19
98
1
360
1
5
439
1
1
2
1
1
5
2
38
18
1
1
2
1
13
4
454
2
3
1
1
193
1
61
1
1
21
6
109
1
47
2
1
3
1
3
1
1
1
1
1
17
1
1
5
1
1
1
15
52
15
1
1
1
4
2
11
2
2
9
1
3
3
1
47
2
3
2
9
6
1
1
1
21
6
8
1
4
2
1
10
3
6
2
2
1
1
42
5
5
2
1
294
1
6
9
1
1
1
1
1
1
1
1
5
1
4
1
3
13
5
1
1
1
1
1
2
4
3
1
1
440
1
2
1
3
9
2
1
2
1
28
1
4
24
2
4
21
4
1
2
3
54
6
248
81
3
216
2
1
8
8
6
1
2
4
2
1
1
1
7
2
34
2
1
1
1
1
562
2
12
109
2
2
10
80
2
38
754
40
6
1
1
1
7
52
15
1
1
2
1
1
1
10
1
1
27
1
2
3
1
1
208
2
2
47
1
1
1
2
1
1
4
2
33
2
16
1
2
15
179
1
1
1
75
2
1
3
1
1
3
10
2
1
64
9
394
5
1
1
2
2
11
2
1
53
1
132
2
2
9
1
1
25
6
5
2
1
7
24
41
1
3
1
1
10
5
1
2
3
1
1
2
1
2
1
1
2
1
3
1
393
1
1
1
2
2
1
2
4
1
3
1
2
17
2
1
3
1
6
29
3
178
1
6
1
22
2
6
4
2
1
1
125
29
43
1
4
1
58
10
1
29
3
1
3
2
1
1
25
3
8
3
5
128
1
8
1
14
6
13
4
1
1
1
78
3
6
3
1
1
230
2
1
1
263
20
2
4
7
29
11
3
3
1
5
9
2
1
3
1
2
8
4
1
176
2
1
1
1
2
2
23
1
1
2
1
1
4
1
44
4
1
1
3
2
2
79
24
1
1
9
3
13
4
5
1
12
3
1
14
1
1
1
12
1
3
3
6
6
6
1
2
12
1
2
905
1
1
7
4
5
1
1
6
1
14
1
9
5
1
3
1
1
1
5
2
3
3
1
139
1
1
1
1
1
20
2
6
4
1
1
1
6
1
9
1
1
2
215
1
8
5
2
2
51
5
2
157
4
1
1
2
6
100
1
5
14
2
15
7
4
16
4
1
2
1
112
2
6
2
1
1
413
6
1
2
1
3
1
4
8
1
1
3
1
16
2
6
1
13
1
1
1
2
1
4
3
7
1
2
1
1
1
1
1
6
2
3
3
1
1
3
1
1
2
1
5
1
1
3
1
17
2
1
20
175
330
1
66
1
4
2
3
1
1
2
8
2
1
2
2
5
10
27
1
1
3
1
28
2
21
27
4
2
1
21
5
1
2
2
42
1
1
35
1
4
2
10
8
22
3
71
1
5
10
35
3
1
1
31
1
1
16
1
1
36
1
2
17
162
485
16
2
1
1
1
1
1
6
1
29
2
1
285
8
7
13
1
1
1
1
8
6
1
2
8
2
5
1
29
2
4
3
1
710
1
1
3
1
1
14
1
14
1
8
1
103
1
3
4
42
6
5
2
6
3
11
7
1
1
2
1
7
1
3
669
1
1
2
1
1
15
5
2
2
6
31
1
56
2
5
11
1
2
1
1
1
10
7
1
15
2
1
292
2
1
1
1
2
16
62
6
3
26
2
27
21
1
1
1
2
7
3
6
1
5
32
1
7
9
22
1
5
1
1
83
2
1
12
1
1
1
1
4
4
1
1
1
2
10
5
1
1
1
2
1
2
1
4
16
1
14
481
3
2
1
1
1
1
1
1
2
1
1
1
1
2
1
20
1
2
1
5
2
1
2
2
2
3
2
2
9
1
85
1
5
6
94
3
14
15
53
2
1
3
5
1
3
2
2
261
11
1
1
2
1
8
1
1
102
2
1
1
5
2
31
1
3
1
11
3
2
5
16
34
1
170
1
25
1
2
77
2
102
2
3
1
255
2
23
1
1
7
2
1
19
36
5
20
10
1
1
1
19
3
1
1
2
1
2
6
4
1
17
1
1
3
4
1
1
2
6
395
1
1
1
1
45
1
5
1
1
23
1
2
3
10
335
1
16
42
1
2
30
1
102
6
5
7
1
3
266
1
1
1
5
12
1
1
20
3
1
1
4
8
2
10
1
2
2
1
19
31
2
2
1
1
1
4
6
1
1
1
1
5
1
1
19
2
1
1
1
11
8
3
1
18
3
217
5
1
6
5
1
1
1
1
1
4
5
1
5
4
1
10
1
6
13
1
3
1
12
2
5
1
1
2
1
1
5
64
2
2
1
66
2
4
1
1
11
3
1
3
4
2
8
2
1
1
1
1
3
1
311
18
7
1
1
1
1
14
3
14
6
1
1
1
1
4
2
1
5
3
1
5
1
1
7
115
1
10
11
224
1
1
60
1
2
568
33
2
2
1
3
1
1
4
1
1
6
2
1
2
1
9
2
26
332
1
2
1
2
1
1
14
1
2
32
1
1
99
12
3
1
6
7
3
6
7
1
2
1
2
1
2
7
4
1
1
22
1
73
1
2
1
8
2
5
1
1
1
2
3
1
9
21
5
1
10
2
1
1
27
540
1
5
8
1
8
1
5
3
1
5
13
48
4
1
1
97
21
1
2
1
7
1
53
1
3
524
2
120
52
1
13
1
3
34
1
3
4
1
1
1
3
3
1
1
1
4
3
1
1
47
282
1
1
11
2
8
2
1
10
1
7
2
3
1
59
4
4
5
142
1
23
57
26
10
1
76
1
13
1
1
1
1
6
2
4
18
1
4
1
5
1
2
2
1
2
1
2
1
1
4
2
46
2
1
10
1
5
2
5
119
1
157
2
41
11
1
5
576
69
1
11
16
2
2
1
1
1
2
21
54
1
15
155
654
1
4
81
4
4
1
150
1
6
1
174
1
15
53
3
1
2
115
8
1
21
1
3
20
8
1
46
2
3
1
130
16
1
2
4
6
6
142
1
4
1
1
1
1
1
1
1
1
1
1
1
1
20
4
29
61
2
5
1
8
1
3
1
214
1
1
2
5
468
1
18
1
1
1
1
42
5
1
1
1
2
1
1
1
266
11
1
5
1
2
73
5
1
168
2
1
2
2
1
45
17
4
1
1
28
6
15
1
2
4
3
2
1
4
10
1
2
1
1
14
1
918
8
1
8
1
353
1
1
3
1
2
2
7
6
1
1
1
1
1
848
1
11
1
1
12
60
4
1
89
1
3
3
57
7
16
33
1
1
3
24
1
2
4
4
1
4
1
1
1
1
7
1
4
1
8
2
1
1
25
1
3
1
19
2
1
1
1
1
1
107
1
3
1
28
1
1
4
1
2
1
2
681
1
2
1
2
5
1
2
2
1
1
74
4
1
5
24
1
4
142
1
4
525
8
20
53
570
23
3
1
59
1
1
1
1
3
2
1
2
4
1
1
2
9
3
3
8
2
1
1
2
1
1
1
1
1
1
2
4
8
1
11
1
1
1
26
12
1
1
1
1
1
1
738
14
12
19
2
4
2
4
1
7
614
1
6
32
1
5
92
1
5
1
3
8
1
1
8
15
1
31
1
185
1
76
1
1
17
23
1
2
6
1
1
1
10
8
2
1
3
1
1
5
1
273
1
1
1
1
3
8
79
7
4
1
1
1
189
1
1
1
2
1
8
1
1
689
7
1
27
3
3
6
2
33
5
779
3
2
1
1
1
42
8
2
16
1
17
1
11
1
14
8
3
3
1
37
3
3
1
1
362
1
51
5
14
1
2
1
8
13
1
3
30
9
1
1
1
8
8
1
23
1
5
2
1
1
3
2
1
3
351
1
98
2
2
2
23
17
7
2
8
1
1
3
1
1
36
12
100
1
439
1
43
2
1
2
1
4
3
12
134
4
6
5
1
2
3
3
4
1
1
8
50
4
6
1
91
1
472
10
1
93
1
1
1
85
3
29
1
15
4
4
3
8
2
1
1
1
1
3
1
15
1
12
6
4
2
317
1
20
10
1
1
1
1
2
2
3
21
1
2
1
1
9
3
6
1
10
102
1
78
4
1
793
5
1
8
3
7
151
4
9
11
8
1
1
4
5
1
79
2
2
9
3
12
1
16
29
2
2
1
1
1
19
1
21
18
2
1
88
1
2
277
2
18
10
8
269
14
5
164
3
11
3
1
882
1
1
10
1
79
13
28
3
2
1
1
3
2
65
3
431
12
1
1
1
1
1
2
3
3
4
2
2
1
11
1
4
1
71
2
8
3
11
3
1
4
4
1
1
16
32
1
36
10
2
112
1
1
8
1
1
1
8
74
1
1
1
1
2
6
14
3
1
22
4
3
4
1
2
10
2
106
49
1
3
7
120
10
167
4
2
1
7
2
452
11
3
1
44
1
5
22
1
1
1
4
2
2
4
1
2
2
4
1
1
1
3
228
5
1
2
2
3
1
1
1
1
25
2
1
2
1
27
1
1
1
3
1
215
3
2
3
1
7
2
1
24
1
519
12
1
6
2
1
7
19
1
2
18
1
369
1
2
3
3
1
21
6
1
3
1
1
2
500
20
1
2
2
27
3
46
4
1
2
5
24
1
1
2
1
1
12
1
11
1
4
1
3
1
1
1
60
1
2
1
1
1
1
1
3
2
108
190
5
70
1
1
3
2
3
17
19
1
128
5
2
1
4
1
111
39
1
1
1
1
1
1
2
31
6
1
2
1
15
77
12
1
8
1
1
26
1
28
5
1
101
3
12
1
3
2
2
4
1
1
1
17
1
3
1
1
4
1
1
2
3
3
1
1
1
1
10
2
627
22
5
1
5
154
46
289
2
1
3
1
2
1
18
1
1
3
9
1
1
1
3
1
43
3
1
81
1
1
5
1
1
5
1
12
6
1
1
1
6
2
1
6
1
4
940
1
4
3
1
3
3
738
8
1
12
6
5
240
3
1
44
16
13
1
1
184
6
3
19
1
8
1
12
1
1
3
234
7
1
3
5
1
1
1
3
1
1
2
3
483
2
1
2
1
643
10
4
3
84
597
1
4
3
1
1
2
19
3
13
3
7
21
2
3
2
2
3
2
2
6
5
1
1
29
8
21
2
5
803
1
1
1
33
5
16
6
43
44
5
1
1
7
1
2
101
1
1
5
1
11
1
1
1
2
5
1
33
1
6
3
997
10
1
1
3
1
1
2
5
41
31
1
1
3
55
3
1
8
1
1
6
1
3
6
4
274
241
1
1
1
50
2
2
18
1
1
2
169
10
4
2
57
34
1
1
1
17
1
2
1
16
3
2
1
9
2
1
80
9
13
108
272
2
1
3
1
1
1
25
3
2
3
6
1
1
1
5
7
3
16
10
186
1
1
2
3
2
1
14
3
2
26
3
2
1
1
1
1
6
52
2
7
4
37
40
3
1
5
6
21
5
26
2
9
1
1
4
1
1
8
7
1
197
3
3
5
5
8
7
77
1
2
19
36
4
1
1
3
2
3
6
1
2
1
2
3
2
28
19
1
55
1
2
14
6
1
1
5
1
129
1
1
1
6
2
10
2
3
6
3
1
1
1
2
1
6
9
2
1
11
95
16
2
213
34
2
1
2
3
3
2
6
3
451
6
375
6
1
1
1
4
1
2
1
6
1
2
114
2
2
4
22
1
1
4
2
1
2
1
1
1
3
2
278
1
4
1
1
3
1
1
1
1
416
3
1
1
2
1
2
10
4
1
3
2
1
2
1
8
365
6
15
1
3
5
13
2
2
1
1
1
1
1
26
3
1
1
30
308
15
1
1
1
169
4
2
1
5
1
1
50
1
1
12
1
17
2
1
1
1
43
1
1
1
2
3
2
83
1
1
1
1
1
1
9
27
1
1
4
7
1
4
23
1
57
191
1
8
1
18
1
24
3
2
20
1
1
2
3
1
1
21
2
1
3
1
2
2
5
3
1
1
1
1
2
8
9
19
2
3
11
64
3
10
12
3
1
4
1
2
1
2
2
40
1
2
1
5
87
7
1
1
17
1
71
10
1
11
13
1
3
1
10
1
853
3
4
5
1
2
2
1
1
4
2
1
1
1
21
2
3
2
97
17
1
16
68
5
49
1
19
15
1
3
1
4
971
2
1
20
685
4
2
9
484
1
5
830
106
1
1
2
1
1
3
2
1
2
7
1
12
18
917
1
2
5
1
4
3
28
1
3
1
9
1
4
56
3
88
1
25
81
10
18
4
14
4
2
1
1
6
2
1
3
1
1
1
1
1
1
113
11
1
43
1
1
1
1
6
3
2
40
2
1
5
10
7
1
1
8
9
2
2
1
3
1
1
3
10
10
70
2
541
493
43
3
10
1
7
3
17
94
6
3
18
1
38
3
2
1
3
37
5
2
2
2
2
1
2
3
4
1
2
7
345
189
1
1
6
1
2
129
1
1
1
19
7
1
49
2
1
1
76
3
12
5
1
39
96
11
14
13
1
1
125
1
1
1
2
1
4
5
10
1
2
1
1
1
2
23
1
3
2
5
1
1
53
3
1
1
10
1
2
89
1
3
1
1
59
1
1
1
4
1
3
1
1
1
1
2
27
4
1
1
1
2
2
1
1
2
530
80
2
1
1
3
1
2
2
24
15
2
3
6
7
1
1
1
505
1
28
4
9
6
9
1
8
147
1
1
1
1
2
1
1
1
2
1
13
1
17
5
2
6
13
1
3
1
28
53
1
1
2
23
1
1
1
1
1
123
1
2
9
53
18
1
1
1
3
47
5
1
4
3
1
1
2
2
1
2
1
24
5
2
1
3
39
111
2
4
308
1
11
5
1
3
5
4
13
1
82
8
1
1
1
5
123
1
63
12
1
2
7
3
2
3
26
5
1
3
1
1
41
1
3
1
8
12
2
1
1
3
1
3
35
480
7
29
1
6
2
11
1
1
1
12
97
1
1
264
2
8
11
2
15
11
1
2
65
1
1
8
3
1
6
1
1
1
1
1
8
1
1
1
3
2
1
1
1
4
5
15
2
35
13
2
1
1
22
12
252
1
1
1
17
2
3
340
1
5
1
7
8
2
2
11
1
3
4
1
1
2
5
3
59
2
1
1
2
5
1
1
1
14
2
40
2
4
7
54
2
2
4
157
3
1
1
1
1
32
1
11
2
1
3
6
7
9
1
27
1
1
7
60
1
2
1
3
1
78
1
1
3
1
213
5
1
1
1
3
1
2
29
1
1
4
1
1
3
281
257
44
338
3
12
1
57
5
1
4
1
2
4
1
2
1
1
2
12
2
1
74
1
19
1
2
2
1
1
1
1
2
2
177
23
1
7
5
615
2
3
1
1
1
1
1
1
9
1
2
1
1
2
2
10
2
38
1
2
1
1
1
1
19
19
1
21
3
1
1
90
6
4
99
5
1
1
3
7
1
3
5
2
1
4
1
2
1
1
2
35
2
1
1
141
1
8
7
2
125
2
15
1
3
12
1
1
2
1
64
2
1
1
2
20
1
4
1
6
16
1
1
1
2
2
29
2
1
9
2
2
159
3
1
125
98
128
1
4
13
8
2
5
1
2
1
1
1
1
30
5
306
1
1
1
10
9
1
36
3
1
7
6
4
2
4
1
1
7
2
140
6
4
1
1
1
1
1
375
2
2
1
12
1
1
2
3
1
1
10
39
1
1
2
1
1
12
2
7
8
692
38
7
1
1
1
3
1
1
1
9
147
10
1
10
3
5
4
5
1
1
1
2
3
1
1
1
15
7
5
59
1
1
1
1
16
1
3
1
1
9
1
4
1
2
2
4
80
10
2
1
1
1
1
1
1
2
2
1
8
2
1
1
1
2
3
1
1
3
3
54
11
28
1
81
1
2
1
1
42
1
1
1
52
3
2
4
13
1
28
177
1
3
5
1
14
2
1
2
17
1
5
2
1
23
26
6
2
24
39
1
4
1
1
3
312
1
1
1
1
44
1
1
1
3
3
1
1
3
4
10
3
3
1
1
5
9
7
1
14
2
32
12
1
1
1
1
9
1
210
1
9
2
1
3
20
5
8
3
1
23
2
4
1
4
1
3
33
2
3
1
2
1
2
2
2
214
17
3
9
1
9
97
2
1
1
13
15
29
8
641
8
1
596
1
6
2
133
1
6
27
1
25
1
1
4
2
1
1
2
64
3
2
2
1
227
6
53
1
2
5
28
26
2
48
1
1
4
1
1
17
4
6
1
27
4
1
1
85
13
3
1
3
55
4
1
1
15
5
61
1
1
6
1
1
3
1
4
28
1
7
2
2
4
2
58
15
1
1
3
1
9
446
1
5
4
4
1
3
1
2
1
732
3
1
23
108
1
71
1
1
1
90
1
3
5
1
1
1
3
1
2
5
9
1
2
1
1
1
15
5
2
2
17
1
2
49
5
14
1
4
3
1
4
21
1
9
47
2
4
1
5
4
2
23
6
1
1
23
1
3
3
2
2
11
1
1
1
43
1
1
1
1
32
2
2
1
636
2
11
2
1
1
2
7
1
970
1
1
3
1
1
1
2
24
2
2
13
1
134
1
11
48
3
1
1
2
4
1
220
10
82
2
47
2
6
8
1
6
1
2
2
3
1
622
6
5
3
1
657
336
211
23
1
1
1
3
4
5
2
5
5
1
2
648
1
1
24
6
10
1
3
20
1
3
5
1
1
350
2
11
1
1
1
1
5
1
2
1
1
15
1
1
2
3
2
2
1
2
12
1
1
4
1
1
1
6
214
4
5
1
2
1
1
4
2
1
5
2
1
3
8
1
1
14
3
2
3
1
2
6
2
3
1
1
4
8
3
1
29
2
5
3
63
3
4
2
6
31
1
1
1
50
1
1
1
3
4
2
1
97
3
26
4
5
6
2
5
2
3
1
7
2
4
1
2
1
113
1
881
1
1
1
2
1
2
4
448
2
1
3
1
2
7
244
22
6
6
1
4
1
6
4
4
6
11
31
1
1
1
1
1
22
1
4
3
1
1
174
9
64
1
1
1
2
6
5
1
3
25
17
1
2
2
1
2
3
165
11
5
1
2
4
4
1
3
2
1
3
3
1
2
79
1
540
3
1
104
45
135
837
17
16
1
8
1
23
1
2
1
421
2
1
2
1
3
3
13
1
1
1
1
1
1
1
5
4
18
1
44
8
4
1
1
1
1
59
2
4
2
3
2
1
1
35
6
1
36
1
1
41
271
1
1
1
1
1
1
4
1
99
5
1
2
4
1
1
2
393
1
2
2
1
1
2
4
17
6
47
131
3
2
1
5
1
1
430
6
8
1
7
1
5
1
30
1
1
4
4
3
1
1
73
1
1
7
13
2
3
1
1
4
10
3
19
1
1
8
10
1
7
119
5
1
1
1
1
6
2
2
35
10
3
1
1
21
11
1
8
26
5
1
11
1
10
2
1
12
2
1
3
2
1
1
3
2
38
2
1
15
3
1
1
1
7
2
89
1
3
6
56
4
1
177
2
7
60
1
2
31
1
14
3
8
2
2
126
1
6
1
1
1
1
3
2
2
1
2
1
1
121
35
1
7
12
421
7
501
1
2
4
2
6
1
3
59
1
2
14
1
56
1
1
1
3
1
13
5
206
152
1
95
2
24
491
46
405
18
1
1
1
1
1
114
5
4
8
1
1
1
1
12
1
7
1
2
13
1
1
1
24
3
2
13
2
2
6
136
1
1
1
2
7
1
156
11
1
1
2
1
245
1
11
1
1
1
3
1
1
19
1
1
226
1
1
7
166
1
3
3
7
6
6
1
1
2
1
10
21
1
558
1
1
1
1
1
1
3
5
45
3
27
1
1
2
3
14
2
3
4
1
1
1
2
4
1
1
1
2
2
1
12
1
4
1
3
3
2
1
1
6
1
2
1
1
2
22
32
1
4
1
4
23
1
2
2
1
11
1
1
10
6
74
1
1
2
83
6
2
2
2
12
4
2
251
35
1
88
2
1
5
1
2
16
1
1
1
9
8
30
1
2
1
12
328
2
1
1
45
22
1
15
7
69
25
1
1
97
1
18
3
88
4
1
1
1
1
20
1
1
1
1
2
107
1
1
1
54
9
4
1
2
8
2
1
276
12
2
7
6
1
10
3
1
1
1
1
4
4
8
4
4
4
1
5
7
1
1
1
14
5
4
2
10
1
1
2
7
147
1
375
13
3
2
5
5
3
181
1
594
1
1
32
1
13
55
17
2
9
3
4
1
2
1
14
1
1
5
1
165
9
3
16
1
30
13
4
101
3
2
1
10
2
6
7
1
1
3
20
483
28
65
7
11
3
1
1
4
1
1
23
1
2
9
1
144
2
2
1
9
1
6
19
4
7
1
47
7
1
2
1
1
1
1
2
2
1
29
7
2
1
1
2
2
26
312
1
118
28
1
31
3
44
1
2
4
1
6
30
170
8
1
6
1
2
5
1
1
1
1
2
1
21
2
13
4
2
3
7
21
2
3
1
24
5
1
1
1
4
5
1
3
1
1
1
36
1
2
3
2
17
2
2
2
7
66
3
1
27
6
2
1
3
1
5
1
98
2
8
1
4
36
1
3
4
1
6
859
30
4
136
4
2
102
3
77
1
1
3
1
15
1
1
27
1
1
1
1
1
7
1
15
1
1
3
1
2
3
1
1
1
1
1
1
162
1
1
5
180
2
7
1
1
1
1
19
386
20
1
1
28
107
31
113
101
87
1
3
2
1
1
1
14
10
1
254
1
3
3
3
5
1
16
1
120
1
185
11
33
3
1
31
13
3
2
1
444
9
2
1
11
111
17
114
18
7
5
1
1
10
2
2
1
1
1
8
3
6
123
1
1
1
2
213
3
1
2
7
1
1
1
362
5
24
2
1
76
9
1
12
6
10
164
9
2
20
6
186
23
2
27
1
8
14
21
1
2
2
2
15
1
194
2
1
38
1
1
1
24
1
17
3
5
9
246
2
2
1
1
1
43
38
11
1
2
5
2
3
11
5
2
1
1
4
3
1
9
10
7
1
9
1
10
65
2
1
16
1
746
1
2
227
2
5
1
1
3
10
23
1
1
1
36
1
4
2
1
1
1
1
1
19
1
1
1
2
1
4
6
1
1
1
1
3
69
3
2
2
2
232
1
4
13
1
1
4
3
1
1
1
4
1
1
36
1
1
7
6
19
6
3
1
3
568
1
3
1
6
65
1
8
74
11
3
1
2
1
14
1
1
10
4
1
2
23
2
3
8
72
135
13
58
6
1
2
7
1
1
1
11
13
2
2
1
3
8
1
1
12
4
9
1
6
26
2
1
1
1
1
4
11
1
59
1
1
5
1
3
3
1
2
1
1
8
1
2
2
1
1
2
2
1
160
2
2
1
1
16
5
1
1
38
2
3
1
3
1
1
8
4
174
1
1
1
1
1
4
1
2
16
1
1
1
1
2
137
465
1
1
1
2
1
1
2
2
9
1
10
96
1
6
34
1
1
2
13
1
2
1
1
2
1
1
734
3
2
1
1
1
5
2
1
1
1
1
1
20
3
40
7
36
1
1
1
2
2
2
6
13
1
4
1
355
7
4
4
4
1
6
2
2
3
2
1
1
36
9
6
1
4
14
2
6
70
2
8
1
3
1
38
16
4
29
1
1
1
39
2
7
19
1
1
1
15
26
1
1
200
2
15
3
2
13
134
6
1
2
2
1
303
1
260
1
5
1
1
25
1
1
6
1
2
106
8
1
1
20
1
2
2
3
3
1
1
1
1
1
4
1
2
1
7
1
1
1
1
45
8
3
1
1
1
4
1
70
1
1
3
2
1
1
1
1
1
1
1
1
1
2
34
1
3
3
80
6
2
12
31
1
5
3
2
3
4
1
2
1
3
4
142
6
3
1
3
1
5
1
1
21
2
108
1
10
4
4
2
1
1
2
2
1
2
11
3
57
1
8
2
2
1
5
2
1
29
16
1
1
2
13
2
43
1
1
1
6
2
1
1
1
2
69
1
3
3
1
6
9
3
1
2
4
3
42
117
1
1
37
1
542
1
4
4
4
1
29
1
2
5
14
4
1
1
2
2
1
2
2
12
1
1
5
10
2
1
129
1
1
2
5
9
32
616
2
10
443
1
1
1
1
80
3
4
1
64
2
17
1
69
1
39
1
4
3
2
1
1
49
1
68
1
1
4
3
27
3
1
3
1
1
1
1
1
48
5
1
1
51
97
2
19
1
1
3
3
1
1
2
144
1
4
2
3
7
5
17
370
86
123
2
1
12
1
69
9
5
6
97
767
1
72
5
1
8
16
1
1
2
70
1
1
3
6
5
1
1
1
133
1
1
1
4
15
2
5
3
4
6
1
1
1
1
1
3
14
1
28
1
1
1
6
2
5
1
1
1
1
3
2
23
2
1
1
3
835
2
1
2
3
22
2
7
1
2
2
2
26
2
64
1
1
3
1
1
45
1
3
12
1
1
2
1
5
1
9
1
4
1
1
1
1
3
2
1
1
2
210
1
1
1
1
43
27
359
1
25
1
2
10
1
24
22
15
1
105
8
1
1
1
2
28
4
1
2
3
3
1
32
1
115
1
5
1
1
1
167
2
1
1
1
1
3
1
1
2
2
1
13
1
1
2
6
1
55
69
1
1
1
1
4
28
1
2
1
4
3
2
3
1
12
3
1
27
2
1
3
4
113
1
6
83
1
2
2
46
1
3
1
1
1
3
2
13
2
7
11
1
3
1
9
7
4
2
47
11
1
104
2
2
2
3
3
1
20
1
2
3
3
1
1
1
7
1
2
226
2
1
61
16
1
1
1
189
11
3
43
1
190
1
8
2
14
2
1
2
294
1
2
1
1
6
30
1
2
2
3
2
1
6
66
6
1
7
2
5
1
18
3
52
12
8
2
1
2
2
1
1
5
15
2
3
1
34
2
19
1
3
1
1
1
85
21
3
16
5
55
16
35
1
11
1
65
4
1
2
15
90
1
1
32
95
16
1
1
3
1
95
4
86
1
1
1
3
11
1
44
1
5
33
6
2
114
4
1
1
29
5
4
1
27
1
1
2
1
1
8
3
1
9
2
36
1
1
2
5
1
1
13
1
2
4
2
1
5
4
2
8
4
1
12
6
3
18
1
6
4
389
2
7
8
16
63
12
4
21
1
7
23
3
27
1
15
3
4
2
21
1
1
345
1
6
2
45
8
4
12
1
45
1
1
1
2
3
145
3
5
2
1
95
3
1
1
1
1
1
1
9
1
78
20
1
352
2
1
2
1
1
3
3
6
4
1
2
53
1
1
39
1
4
1
5
4
2
19
6
2
14
2
1
1
395
4
2
1
4
1
4
8
1
2
5
65
1
1
29
2
17
1
2
4
785
2
1
1
8
420
3
4
2
5
1
1
2
17
484
2
1
83
2
130
3
34
1
1
1
1
1
460
1
1
1
1
1
4
1
139
48
79
8
1
4
1
8
1
2
115
1
1
1
1
1
37
2
8
49
16
25
13
2
21
2
2
1
1
5
2
16
1
5
1
4
20
1
134
6
2
2
1
2
1
373
2
1
49
4
1
1
3
261
25
2
37
13
11
3
14
1
53
1
1
1
1
15
1
2
10
30
1
1
1
63
18
1
1
1
1
1
36
10
16
1
1
1
7
1
8
43
186
58
2
1
5
18
5
1
21
2
4
2
1
2
5
1
1
1
5
2
2
82
21
11
865
2
8
5
3
4
1
1
1
1
1
1
1
15
6
2
1
3
2
1
1
4
7
1
1
22
1
2
1
1
13
5
3
2
1
4
5
2
6
186
128
1
1
14
5
1
2
1
1
2
2
34
2
1
6
2
100
1
1
1
1
267
1
14
3
2
9
109
69
1
1
2
1
1
3
1
4
6
6
2
6
9
1
58
1
666
1
1
1
1
12
195
1
1
3
17
13
4
8
4
3
7
1
2
4
4
4
215
4
1
1
2
1
48
1
10
2
2
5
530
3
18
320
2
60
4
6
2
1
15
4
86
419
8
1
1
1
2
5
13
32
420
2
3
119
1
3
1
25
1
7
63
1
1
2
5
39
1
91
119
1
6
310
1
1
181
1
7
223
1
1
1
3
1
2
11
19
2
2
5
82
1
41
1
2
1
8
2
45
85
78
1
5
7
3
1
4
1
35
1
2
1
1
3
1
1
1
2
1
1
1
10
5
1
35
1
2
33
1
8
1
2
2
2
9
39
1
1
2
1
1
2
5
6
4
43
2
149
27
1
2
2
1
8
1
1
1
3
2
1
1
1
2
1
287
2
19
2
24
5
2
4
61
4
2
38
1
1
9
4
3
180
1
1
1
1
3
2
4
2
37
2
2
2
3
1
3
8
1
1
3
4
3
1
11
15
1
4
12
1
1
5
2
1
1
1
23
1
3
12
1
2
4
8
34
15
1
4
3
43
1
4
7
1
5
2
1
1
1
1
3
785
20
66
1
18
131
2
2
1
1
1
1
1
2
1
2
1
6
2
1
2
1
1
1
2
2
12
1
6
8
4
395
1
3
195
1
2
9
1
1
6
19
2
2
2
1
1
93
2
1
1
1
5
3
2
1
1
7
2
6
3
1
6
1
1
17
1
24
1
1
2
1
105
2
5
1
1
1
18
1
1
32
2
1
1
14
1
1
2
1
51
2
2
1
2
7
1
3
6
12
7
2
1
7
1
2
13
1
1
1
11
1
1
10
6
3
1
340
1
5
4
1
1
1
1
10
2
1
1
21
1
1
1
1
14
2
1
4
1
25
1
1
1
4
4
5
3
10
3
1
23
2
49
2
1
22
25
1
21
1
4
5
5
5
69
52
4
1
13
1
1
83
1
1
2
2
1
2
113
1
36
14
1
4
1
1
5
2
1
4
4
5
31
17
1
215
6
17
2
1
1
1
4
1
26
2
3
17
1
1
1
1
1
5
2
4
1
3
37
1
1
2
5
1
1
3
261
1
1
1
10
15
355
72
3
1
11
2
1
67
1
751
1
2
1
1
2
13
1
1
5
1
3
1
2
6
16
2
10
3
1
1
1
1
1
1
1
2
1
1
1
1
2
1
3
17
1
1
81
3
1
1
2
13
16
7
5
1
37
1
1
1
6
1
2
1
2
4
25
1
2
4
1
13
1
26
1
1
15
2
1
13
1
1
16
1
550
6
2
3
1
12
3
2
1
1
5
147
1
2
1
52
2
1
1
4
3
1
120
1
16
3
6
2
1
9
1
228
1
3
831
5
3
1
2
73
3
3
4
11
1
12
56
2
5
8
165
35
3
8
1
40
1
5
10
1
6
1
5
1
1
1
13
3
5
2
11
7
26
11
7
21
243
30
10
314
2
28
1
1
1
6
2
3
27
5
1
1
287
2
1
1
4
3
86
21
74
69
75
1
1
4
1
1
3
1
21
1
1
29
1
2
3
1
32
4
9
3
3
1
15
1
2
1
1
4
1
1
43
16
25
1
1
2
1
2
1
4
100
1
2
25
4
1
6
55
179
4
4
1
1
181
5
1
271
1
2
2
8
1
2
1
1
5
1
1
1
2
2
3
2
1
4
1
1
3
1
70
2
6
1
1
1
2
1
3
14
1
1
9
68
2
3
3
1
3
29
1
232
52
1
3
18
3
19
8
1
4
5
1
40
7
1
5
3
7
1
1
1
3
1
107
4
9
2
5
1
1
15
8
3
1
7
746
4
5
94
2
1
20
2
3
14
2
1
2
2
1
1
3
1
19
1
2
309
5
90
2
8
2
13
2
2
4
6
1
1
1
1
37
1
1
1
10
1
1
29
1
1
1
24
169
1
1
12
4
2
1
2
2
1
45
1
53
7
65
1
50
1
1
1
2
21
79
1
2
10
2
1
792
2
1
74
2
12
3
1
3
1
2
30
28
1
1
17
3
5
16
9
1
1
4
1
2
1
1
3
2
21
6
1
2
8
200
1
1
1
2
3
2
11
1
1
1
1
55
434
8
1
1
6
2
676
1
1
1
16
3
30
27
4
3
65
2
1
1
2
1
3
10
1
2
5
2
1
5
1
15
1
1
1
26
712
1
1
5
2
454
37
2
2
83
4
147
1
3
1
2
2
3
1
2
22
1
1
5
13
36
1
1
8
2
226
45
1
4
1
1
15
5
1
1
3
1
1
1
44
1
4
1
2
2
1
1
8
9
2
1
1
1
3
3
1
1
2
1
2
58
225
16
7
1
7
4
6
2
1
2
6
5
4
5
2
1
2
1
73
1
13
1
3
44
1
1
9
7
1
1
2
70
2
1
1
1
2
3
1
7
2
11
6
1
1
3
24
1
3
2
2
15
1
1
54
47
26
1
1
5
3
75
12
1
21
4
17
174
1
17
1
1
29
3
13
8
4
18
61
7
34
3
69
6
3
73
1
237
73
30
34
1
10
1
6
17
1
2
60
1
2
2
6
4
7
4
2
4
3
69
544
1
1
1
3
1
4
11
4
4
1
5
1
1
2
6
3
1
27
173
1
9
36
3
2
1
1
12
4
8
5
1
1
1
7
69
2
3
2
2
3
1
1
3
2
1
1
11
1
1
3
462
1
5
12
137
2
14
2
1
1
1
43
1
11
31
1
3
113
1
1
1
2
2
1
12
2
1
3
35
228
1
7
49
1
3
6
1
18
4
5
1
1
1
2
27
1
76
36
1
7
3
17
2
4
4
49
1
4
1
4
1
13
1
1
2
1
1
44
336
5
3
7
628
1
2
1
1
13
1
1
1
7
8
13
1
16
1
2
11
1
2
1
1
66
25
1
1
31
4
1
5
1
8
1
256
75
6
1
10
1
26
5
13
18
2
2
3
624
1
1
29
3
27
180
1
1
4
1
152
1
9
1
1
6
1
13
1
1
4
1
1
2
5
11
1
2
2
1
1
1
889
1
3
2
44
7
1
4
12
1
1
1
1
1
7
1
1
16
22
2
1
2
1
4
1
1
1
17
1
15
1
1
1
1
92
5
9
2
7
1
2
1
433
1
2
2
1
3
6
129
13
14
1
6
6
1
16
1
1
1
39
1
5
351
9
22
10
7
24
14
7
1
1
83
6
2
1
34
4
50
1
1
12
2
3
3
19
1
2
197
1
7
8
1
1
1
1
35
1
20
24
89
2
1
1
57
1
1
3
81
1
6
6
1
3
16
8
2
5
1
1
1
2
3
59
1
44
4
1
1
1
1
5
15
2
1
2
3
8
5
1
2
344
1
1
1
1
1
6
2
1
1
3
2
2
3
4
1
2
1
13
1
1
3
2
11
2
66
1
13
21
1
3
2
1
162
3
2
1
17
8
38
1
212
6
1
1
3
28
6
2
6
1
1
1
55
1
1
1
4
1
3
5
2
11
3
32
2
1
8
2
3
2
1
97
2
7
8
1
53
24
1
1
2
16
1
1
2
1
686
1
30
3
2
194
16
2
20
1
5
14
1
113
1
1
2
1
4
1
1
2
1
1
3
6
1
3
24
3
1
379
1
3
2
2
1
1
1
1
5
1
13
1
2
8
676
1
3
1
2
50
1
1
5
7
18
1
2
1
4
1
1
337
2
1
5
1
1
1
1
5
1
4
13
12
2
9
2
3
6
1
3
1
2
1
1
3
1
1
115
1
47
1
237
1
1
1
6
3
2
16
1
2
16
1
90
413
1
1
14
68
11
1
17
2
1
15
3
4
4
1
5
23
46
2
1
2
8
14
1
1
1
3
1
50
2
483
2
4
1
1
120
162
3
1
1
1
12
1
23
1
3
13
12
4
1
1
4
1
1
2
1
4
82
108
1
1
4
1
10
46
2
1
12
1
3
1
1
4
1
226
5
40
1
1
1
138
2
1
3
2
3
3
8
1
17
2
23
1
1
2
1
2
3
56
1
1
2
3
3
7
462
1
1
8
1
2
2
1
1
1
25
2
1
2
5
1
68
1
1
9
1
1
2
1
36
1
3
103
6
1
1
2
26
1
264
1
2
1
5
1
3
1
16
6
3
8
1
3
8
591
26
1
120
21
1
8
57
1
180
1
1
1
4
1
1
1
1
1
1
1
8
1
1
1
1
3
1
1
1
1
7
265
1
1
6
1
7
3
1
1
2
4
1
3
1
1
2
1
231
1
61
109
31
1
1
1
2
1
2
2
4
2
354
6
20
21
5
1
11
7
1
2
3
6
4
2
9
59
1
5
1
2
2
928
3
183
67
1
2
1
2
1
3
28
6
8
3
3
1
2
10
45
2
1
126
1
7
38
12
1
18
1
5
392
6
3
156
7
1
2
2
1
29
7
1
9
2
1
3
244
4
29
2
1
1
10
1
1
5
199
1
2
1
2
1
11
100
1
1
4
1
1
3
1
3
1
119
2
1
1
1
1
1
1
7
40
1
9
1
60
2
2
834
8
2
1
149
9
1
10
153
25
1
38
7
1
3
1
135
4
2
1
1
32
7
1
1
3
1
5
25
36
1
1
160
4
19
1
790
1
1
1
55
1
2
1
4
19
1
1
46
9
4
7
6
7
2
1
1
1
1
1
2
1
16
1
26
14
5
29
3
1
2
5
1
28
22
2
3
2
1
1
1
4
1
3
1
2
1
1
99
2
1
1
2
1
2
1
1
75
1
1
1
7
1
2
1
1
1
1
1
88
23
1
4
1
1
11
6
159
16
1
107
18
1
2
1
1
3
6
6
15
3
1
3
11
2
1
2
1
1
4
1
1
1
311
2
1
20
2
3
11
6
303
3
1
4
1
1
2
1
1
2
1
1
1
1
1
1
4
2
1
1
14
1
2
1
3
3
1
1
56
1
1
64
3
1
1
1
1
1
5
2
18
5
2
4
2
3
19
1
17
1
823
1
2
295
6
1
39
2
7
1
1
2
1
1
1
1
1
1
1
1
1
1
2
4
18
1
7
1
1
2
100
1
1
31
3
3
1
2
208
2
19
14
2
2
1
108
1
141
11
3
6
4
1
12
1
5
21
9
14
1
69
1
1
16
39
4
3
46
5
1
6
5
1
1
3
1
1
2
307
13
1
1
198
5
2
2
1
5
1
111
1
5
2
6
34
7
1
1
3
2
7
1
89
1
1
1
3
1
30
7
1
7
7
17
1
1
2
154
26
1
1
1
3
1
5
2
19
1
2
132
2
2
7
3
13
577
1
356
5
1
9
1
3
1
1
1
1
1
16
2
1
1
17
73
1
1
2
5
2
1
1
1
1
2
2
5
81
27
3
4
1
8
124
4
1
727
23
5
5
2
1
3
262
3
9
1
1
1
1
1
7
6
25
1
1
2
68
1
3
1
1
2
3
4
1
294
1
7
3
1
1
1
1
1
291
1
7
90
16
98
1
1
2
27
2
2
1
2
94
2
2
2
14
15
144
1
3
1
21
58
4
3
5
1
5
2
1
1
36
2
3
1
1
29
24
8
4
1
1
3
5
3
7
107
1
291
1
20
7
1
1
3
17
1
1
2
1
3
9
81
4
28
2
6
2
1
1
13
2
1
1
2
1
1
1
113
149
1
1
7
203
1
1
30
2
1
2
31
6
1
1
1
1
4
11
6
57
4
46
7
1
1
1
2
1
3
4
4
34
3
2
1
1
12
2
14
17
1
18
1
1
1
1
2
1
1
3
1
1
124
1
3
1
9
1
7
3
8
2
1
1
1
1
1
1
1
4
1
2
1
6
2
1
4
1
2
2
1
1
1
1
3
1
3
2
1
53
3
1
1
1
1
1
32
1
1
70
1
1
2
4
10
1
11
4
1
5
1
1
1
54
5
12
7
106
1
1
1
7
7
2
1
1
80
204
11
21
3
60
7
2
17
3
66
16
1
1
2
1
1
2
70
2
1
589
2
2
5
1
1
1
1
8
4
2
3
1
1
1
8
28
11
5
1
1
1
1
1
8
1
8
11
3
83
566
8
27
7
1
15
3
2
1
1
1
2
1
14
13
2
5
2
1
11
1
1
268
1
1
71
9
11
3
2
1
43
2
1
2
16
1
7
20
7
3
3
5
1
3
2
1
1
1
135
14
1
2
6
4
3
6
14
1
1
4
9
2
207
7
2
2
1
2
2
1
2
3
983
9
31
3
4
1
1
1
1
16
1
8
1
676
4
1
1
1
4
1
2
27
2
2
1
4
1
7
92
10
2
2
2
4
54
6
1
1
2
1
44
1
1
1
1
14
12
1
16
5
1
2
3
9
1
345
20
2
10
3
5
1
5
1
1
1
3
1
1
3
1
1
1
15
2
8
78
7
12
1
2
2
1
1
17
3
68
1
1
2
4
1
1
232
1
1
5
288
15
1
2
1
1
3
1
1
1
39
4
4
13
3
26
1
1
1
1
1
1
2
2
111
2
13
49
2
3
52
4
1
29
4
71
2
10
30
1
2
2
3
1
1
12
6
5
1
15
1
9
2
94
3
1
1
3
6
3
1
1
1
13
4
2
1
164
1
7
1
4
1
1
1
13
7
2
8
6
3
42
1
8
2
34
12
23
1
1
1
7
3
38
1
8
1
1
3
4
4
5
33
6
1
1
6
25
2
1
219
20
2
1
1
3
1
8
1
17
1
1
3
1
34
1
1
7
1
1
66
335
1
1
10
1
6
1
2
1
488
8
4
2
11
1
1
37
1
4
4
32
7
1
1
11
13
2
2
18
1
1
5
2
76
1
2
1
2
1
1
2
5
72
9
3
5
1
3
2
2
1
1
1
1
1
26
1
108
82
3
1
165
19
1
587
3
3
22
1
2
1
13
1
4
18
4
1
34
4
1
2
7
16
259
4
16
14
1
58
4
1
7
1
3
201
2
2
1
8
5
3
1
1
1
13
9
1
3
1
26
2
5
76
1
6
1
29
1
6
1
1
1
27
6
14
5
1
1
16
1
2
1
4
1
204
3
3
1
59
18
1
1
1
29
1
1
1
4
1
1
22
1
10
13
1
21
3
2
17
12
2
1
3
2
4
13
1
2
400
1
6
9
3
1
255
1
1
391
2
2
1
86
3
2
1
8
14
9
6
10
4
21
1
1
1
1
2
1
13
252
1
5
2
1
1
1
2
1
13
1
5
25
12
22
1
8
3
2
73
1
8
2
1
19
1
1
72
1
37
1
2
3
29
1
1
2
11
1
44
1
1
2
1
1
1
6
1
15
8
3
5
1
8
18
98
11
1
3
11
4
7
35
12
1
1
80
1
8
1
1
1
1
1
18
1
1
1
14
4
1
6
1
231
451
2
1
1
35
1
307
1
4
1
11
86
52
1
10
2
2
3
219
3
1
3
59
2
6
6
67
30
5
1
6
1
5
3
46
7
1
2
2
2
941
118
1
3
16
1
4
3
1
2
20
33
4
4
17
13
1
40
2
15
2
3
2
2
4
57
1
5
1
250
6
3
1
12
1
5
1
2
3
2
10
67
1
835
1
4
6
22
2
1
1
20
3
1
86
4
10
1
26
5
1
1
2
1
4
4
1
1
3
2
1
5
15
1
1
1
2
1
1
3
27
89
1
1
3
6
1
3
23
54
1
2
1
7
2
5
48
3
5
1
2
1
11
3
54
1
3
26
17
186
1
3
1
11
1
4
8
2
1
2
1
1
1
2
1
6
11
2
1
5
10
39
16
7
1
4
1
3
1
205
8
3
1
13
1
3
1
8
1
8
27
3
934
3
25
9
1
1
451
1
1
8
269
4
2
1
1
1
2
2
1
1
1
60
73
1
3
20
2
6
2
5
1
3
1
1
8
1
5
500
6
1
3
2
6
1
7
18
13
1
1
3
1
1
2
1
1
2
10
6
45
3
1
6
9
1
5
2
1
15
1
56
1
16
1
7
7
1
1
1
8
1
4
2
18
3
2
2
1
1
3
1
60
1
118
10
3
752
1
4
1
3
1
137
1
27
1
5
1
2
2
392
15
1
6
17
1
1
2
1
1
2
1
2
29
11
9
1
16
85
1
55
3
1
6
11
10
1
5
2
4
163
1
1
11
5
1
1
1
8
1
1
1
2
4
1
12
1
1
10
17
1
1
3
17
2
4
1
1
1
1
4
85
69
4
1
1
8
1
24
1
12
1
2
14
2
3
2
1
79
1
2
19
1
18
3
3
1
1
1
2
1
1
155
2
5
1
1
7
1
1
1
4
116
2
2
4
1
1
2
336
34
1
12
1
3
2
2
2
273
1
27
1
2
3
1
184
1
3
1
2
2
3
1
1
403
2
9
1
1
9
5
6
1
3
6
4
3
4
1
1
13
335
1
38
1
2
19
16
1
1
1
2
1
1
5
1
7
377
1
23
2
35
11
1
1
27
1
1
3
4
7
1
181
1
5
8
2
6
10
1
128
3
1
10
2
4
1
2
1
1
5
37
4
1
1
1
1
2
1
1
1
1
13
2
2
129
58
2
51
5
3
1
1
1
5
8
2
7
1
6
4
14
1
2
1
1
1
3
60
1
2
1
31
1
1
1
19
1
2
1
1
1
3
7
611
1
1
6
30
1
1
6
13
1
489
1
1
92
1
89
9
8
2
6
3
11
1
3
1
287
2
2
4
2
39
1
1
7
1
1
11
3
1
1
299
1
1
2
184
1
1
2
1
31
1
60
1
3
1
5
1
2
7
88
1
7
1
2
1
1
2
2
3
1
2
53
3
54
2
4
1
7
4
1
18
1
4
1
4
5
2
8
345
1
3
35
2
1
68
1
193
1
1
7
3
2
8
3
1
4
2
1
1
2
129
3
12
1
258
2
1
6
1
1
1
1
2
1
1
5
4
3
1
3
2
1
5
1
2
1
3
1
1
2
1
1
10
1
22
5
3
33
22
159
1
15
1
119
9
2
2
10
22
2
4
14
1
1
1
1
4
1
3
31
38
15
91
1
1
26
1
2
2
1
1
4
1
3
1
1
1
1
2
369
1
9
2
1
9
1
11
2
3
1
2
61
157
5
1
1
3
1
1
2
8
25
2
2
1
2
12
3
1
2
6
1
3
1
2
6
1
8
1
1
2
1
81
1
4
1
2
14
2
5
10
4
2
379
3
1
25
1
1
1
1
7
3
1
8
12
6
1
5
4
2
28
1
2
15
12
33
4
1
5
1
17
2
2
1
5
1
1
1
2
9
7
1
6
1
1
12
1
3
1
5
59
31
2
3
1
4
1
52
5
1
1
9
1
1
8
1
9
1
115
1
1
3
39
10
1
26
937
1
61
1
3
1
1
1
2
1
2
7
1
1
3
1
1
18
1
9
45
2
92
414
1
1
1
4
112
1
1
1
1
4
1
2
1
1
7
6
31
4
6
2
1
3
55
2
2
1
2
3
1
8
1
495
1
2
14
1
5
8
9
2
1
7
1
5
1
2
1
1
3
4
1
1
6
173
2
12
2
3
2
1
5
3
1
1
117
1
10
1
5
1
3
1
81
11
3
5
52
2
325
1
14
5
69
10
3
45
1
16
74
369
2
4
2
1
1
1
1
1
1
9
39
26
17
2
1
5
261
2
1
2
20
2
2
2
3
1
14
1
1
1
1
1
15
23
1
1
2
1
2
3
1
3
1
20
1
34
1
3
8
3
4
1
35
1
1
1
1
2
6
6
6
350
1
1
1
4
1
2
1
2
41
1
1
6
2
6
1
31
2
165
1
3
39
7
12
1
8
662
23
12
1
1
1
9
1
3
1
20
1
38
8
1
31
4
7
3
2
20
19
5
3
1
1
1
51
3
1
6
1
1
1
18
4
1
4
4
4
1
5
2
3
2
1
383
1
14
24
1
4
1
5
1
1
1
40
1
1
61
7
1
1
25
7
2
2
1
1
1
1
2
1
248
2
2
1
14
3
6
1
2
1
6
1
2
1
3
5
1
4
10
3
37
1
5
7
1
115
8
6
1
1
1
2
2
21
1
2
2
13
18
142
23
2
1
14
1
1
41
1
1
4
8
1
1
3
7
2
1
3
4
1
2
17
20
295
1
2
1
3
22
101
1
2
622
1
1
6
1
3
1
1
1
3
2
1
1
1
12
929
3
1
1
2
1
23
2
11
1
3
6
72
1
1
2
12
2
2
1
2
1
11
1
3
5
7
1
1
1
1
1
50
5
1
47
1
5
6
1
7
1
7
62
1
1
1
5
4
2
3
6
5
3
58
2
4
1
1
1
178
1
3
20
3
1
2
13
2
7
2
65
1
1
2
5
171
2
1
1
8
2
1
2
1
1
34
2
5
4
1
1
4
19
113
3
1
2
1
1
1
3
4
29
1
1
8
630
1
3
1
429
27
18
1
2
1
2
3
1
1
4
1
1
96
14
2
8
8
1
1
1
28
2
1
1
1
2
8
3
30
21
4
1
1
1
1
4
87
1
1
1
11
1
1
2
1
1
63
1
24
1
1
5
3
82
5
2
1
4
1
3
1
2
1
1
21
1
89
4
329
1
399
2
1
156
2
7
3
1
25
3
1
10
1
1
15
44
2
5
1
21
1
1
2
5
1
5
19
2
1
1
2
2
4
6
10
1
1
1
2
3
102
349
2
1
3
1
8
1
50
1
2
2
3
191
2
1
170
12
1
18
1
1
1
7
5
1
106
2
35
1
28
1
4
16
1
2
4
1
7
13
2
8
1
5
2
33
4
62
3
1
1
1
1
2
12
15
1
19
1
74
3
1
15
1
5
1
17
34
2
1
1
2
1
1
367
1
5
1
6
3
1
40
21
1
1
3
452
58
2
4
1
1
30
3
6
442
95
3
1
8
3
6
1
23
7
133
1
1
3
89
1
2
3
213
3
1
1
1
87
1
2
2
3
6
19
105
8
7
96
1
1
8
5
1
4
4
2
1
5
3
251
1
1
1
3
6
1
2
7
2
1
7
1
193
1
1
2
1
22
5
1
1
2
1
7
450
1
3
1
1
2
18
1
1
1
2
1
1
211
2
2
21
6
2
7
30
6
3
10
11
1
1
13
837
1
10
1
2
18
1
2
246
32
1
1
1
56
3
19
239
8
1
1
4
6
14
1
1
1
1
2
1
1
1
7
1
1
5
6
4
225
2
2
218
1
147
1
1
1
2
1
5
1
1
1
10
1
2
1
11
9
1
34
27
2
1
1
1
2
4
862
1
1
49
9
5
2
27
2
2
2
7
2
1
3
10
4
338
5
4
1
5
1
1
11
6
1
41
264
9
114
4
1
13
19
3
1
10
1
1
6
1
1
1
2
20
260
2
1
1
1
2
3
1
1
1
5
1
3
1
1
6
1
1
2
2
4
1
2
26
1
1
1
1
4
2
9
1
2
1
2
2
1
1
7
1
10
6
1
1
1
34
1
1
10
1
1
1
4
2
1
1
1
1
153
2
4
53
2
120
1
37
1
2
292
1
1
2
2
9
3
1
1
1
5
101
2
1
186
22
36
1
2
1
4
49
12
28
46
6
3
1
310
2
1
461
2
1
68
4
2
1
2
6
14
1
2
5
5
8
68
100
1
2
1
171
1
30
2
8
4
1
1
1
1
1
4
104
3
1
1
2
1
18
2
2
32
4
2
17
25
1
29
1
3
1
11
37
1
1
3
63
1
3
1
3
136
1
1
1
2
1
1
1
1
18
9
22
1
1
2
42
15
4
23
22
4
64
2
1
4
8
4
5
2
34
1
80
3
2
10
1
1
4
13
2
211
2
27
5
1
1
3
1
1
1
2
1
8
6
4
18
1
1
1
93
1
3
2
1
1
1
1
7
2
3
8
1
9
1
14
17
1
1
3
3
2
1
29
1
1
11
2
1
21
7
6
20
3
1
1
1
4
6
1
8
1
2
11
10
1
1
37
369
19
1
1
83
13
1
12
1
2
13
198
1
1
2
33
4
1
1
1
1
2
3
1
1
2
5
11
5
1
3
1
86
2
2
4
19
1
1
3
1
1
1
1
2
63
13
2
1
1
243
3
33
1
3
1
3
1
1
1
38
14
21
1
1
35
29
3
4
1
62
3
12
4
17
4
3
4
77
1
1
1
6
5
3
1
1
89
132
7
1
1
2
2
1
2
1
2
1
20
1
1
1
2
2
69
1
21
27
12
25
8
621
1
2
1
3
3
4
2
13
4
3
1
4
15
4
2
5
23
1
2
2
1
1
1
2
1
1
2
17
1
1
484
1
9
1
10
2
1
1
23
12
22
3
45
3
1
1
1
4
3
4
1
5
682
1
4
4
1
1
15
2
7
1
1
1
1
4
11
1
3
1
1
2
1
2
2
1
5
1
35
1
2
1
44
21
34
1
1
1
1
1
1
5
3
2
6
3
2
1
10
1
41
63
1
8
70
4
1
1
1
3
563
1
27
8
30
4
1
1
575
9
3
3
1
21
3
1
4
16
2
3
21
11
1
16
1
9
4
1
6
2
5
1
21
25
3
3
3
1
1
2
3
1
4
1
3
1
72
12
6
36
1
1
1
1
4
3
5
2
1
567
1
1
5
1
2
1
3
3
1
2
1
9
3
2
142
17
4
1
120
1
1
2
450
31
2
201
2
1
4
4
1
1
3
1
1
28
8
1
1
89
1
7
11
2
1
3
2
1
3
1
118
17
3
6
3
1
1
1
1
20
14
1
2
2
274
1
1
9
3
22
1
1
15
1
2
12
2
933
92
1
3
1
3
1
1
1
29
5
9
4
2
1
1
1
1
1
2
1
1
1
2
1
2
36
1
1
2
1
4
2
2
44
1
2
1
3
13
7
4
4
1
8
1
15
2
1
2
18
6
1
2
1
1
281
2
1
2
1
187
1
1
1
3
1
4
2
1
2
19
3
1
1
3
2
1
1
7
1
1
4
2
1
15
1
5
2
1
25
1
1
2
2
1
189
1
1
2
2
2
1
19
4
2
6
8
21
18
1
3
1
1
3
6
1
3
1
99
1
17
6
1
4
5
3
1
293
555
3
1
1
1
144
586
218
1
2
1
2
506
1
1
6
1
1
19
1
13
1
13
6
1
1
1
1
7
1
1
21
1
1
1
11
1
1
1
20
903
5
3
6
5
3
1
22
1
2
51
1
169
14
4
69
2
8
1
1
3
1
135
1
6
3
1
4
9
16
1
1
9
4
1
1
7
1
1
2
36
2
1
1
15
5
101
36
37
1
1
2
4
18
2
1
7
143
4
1
1
1
32
43
113
1
4
6
11
1
1
4
1
98
2
1
1
1
2
1
2
7
9
1
1
116
2
1
2
2
7
5
2
12
6
17
1
1
5
1
18
4
1
1
5
39
1
114
31
5
2
2
8
1
1
2
7
3
1
1
480
6
1
1
55
4
3
109
2
2
8
1
1
1
1
2
2
23
1
3
3
533
1
1
1
1
6
1
1
1
7
2
2
3
1
4
1
38
3
3
18
2
4
1
5
2
1
91
2
1
1
1
11
2
1
854
115
1
2
6
5
1
17
4
1
4
12
5
14
21
1
12
3
4
53
1
6
1
1
4
1
8
2
2
3
1
2
1
2
1
8
3
1
1
1
1
4
6
6
1
4
3
31
2
1
2
9
1
5
4
1
2
1
1
2
6
3
1
2
1
6
10
2
1
1
1
1
14
1
5
3
12
3
1
55
1
1
1
3
10
1
1
5
4
4
1
156
1
3
948
8
13
2
1
1
1
111
1
13
10
3
5
85
2
2
114
3
4
13
1
58
1
5
1
7
52
6
1
15
1
312
1
2
10
10
5
3
7
18
3
6
1
3
1
14
9
3
100
2
1
6
1
27
4
1
3
36
615
1
17
3
1
271
3
3
1
1
1
11
58
20
5
4
49
2
2
2
1
1
1
1
5
11
1
2
1
1
1
4
1
96
9
1
27
1
1
1
1
6
15
35
8
1
3
1
2
2
5
32
2
2
48
2
1
3
12
1
1
7
472
1
1
1
1
2
4
1
1
2
1
1
24
1
10
4
2
1
1
3
26
7
4
2
17
1
3
33
4
1
1
157
1
3
8
1
1
2
1
3
1
1
1
49
5
284
89
3
1
2
16
2
2
4
6
1
1
1
4
1
1
4
14
2
6
1
3
3
1
1
3
2
7
5
1
8
23
2
19
18
1
1
56
1
12
3
1
1
4
142
1
1
2
98
389
1
2
12
9
1
40
64
17
1
3
3
2
2
1
2
1
4
1
2
4
5
28
26
1
157
314
1
1
1
2
10
4
1
1
1
59
2
2
2
1
1
7
26
219
1
12
2
1
1
1
12
1
7
11
16
10
3
13
6
2
57
1
1
1
2
3
11
1
38
829
11
1
31
1
1
21
1
1
1
2
13
12
46
1
1
5
1
169
1
14
14
32
26
1
1
1
1
1
18
15
1
57
1
2
75
1
3
1
14
8
1
1
1
5
28
4
1
2
17
4
1
2
1
2
2
3
1
14
7
1
4
1
522
2
2
3
1
1
2
1
1
1
15
1
1
11
2
2
1
2
2
2
1
20
1
3
2
7
17
1
4
1
1
1
2
20
56
11
3
1
5
156
1
5
34
3
1
96
1
4
26
1
621
1
1
2
244
2
3
3
1
1
1
2
8
1
1
1
5
2
1
1
1
677
3
293
1
1
3
1
1
17
3
21
4
29
1
1
2
1
5
1
1
4
2
3
1
1
19
1
7
2
2
105
4
59
3
12
1
5
20
1
2
31
3
1
1
1
1
220
1
1
3
2
14
135
2
400
1
1
5
2
1
12
245
1
12
1
68
7
1
63
1
1
1
12
3
5
9
817
12
3
65
14
8
5
2
243
12
1
2
1
3
1
1
1
1
1
1
1
5
1
1
2
1
2
1
1
1
1
33
35
2
1
1
4
17
1
360
2
1
1
1
1
15
8
1
3
1
4
1
1
1
14
1
2
1
1
52
1
2
12
142
148
2
134
2
1
7
1
4
10
1
2
1
1
1
2
21
1
1
4
1
11
1
1
1
3
1
1
1
1
2
3
92
9
41
130
2
1
3
44
1
4
9
4
2
1
22
1
4
4
1
1
405
4
2
1
4
2
47
8
5
1
4
1
423
2
1
4
1
1
4
2
1
13
393
1
11
108
3
7
15
2
1
1
1
3
1
6
6
1
1
1
1
668
90
3
1
22
1
163
2
1
2
247
6
3
1
1
1
1
22
2
248
43
5
1
39
1
2
29
1
1
2
3
1
2
2
25
333
10
1
6
14
1
3
14
40
1
3
8
2
2
1
52
13
10
54
838
1
6
26
2
5
1
6
9
1
2
1
1
26
1
3
1
1
50
1
3
78
13
1
3
6
1
30
1
1
1
1
15
1
1
18
1
2
1
83
6
1
37
1
1
2
255
6
1
4
9
7
20
11
1
1
6
5
1
1
14
13
4
1
1
1
1
4
17
5
1
9
1
1
32
183
97
1
1
1
7
2
2
54
16
6
1
2
14
1
1
2
1
2
1
2
3
1
1
3
32
1
2
3
1
10
2
2
5
1
1
14
1
1
1
3
1
58
4
8
3
2
4
43
14
1
1
38
3
1
3
3
1
65
1
8
5
1
1
766
1
1
1
5
4
1
34
2
3
1
3
2
2
1
3
9
1
151
2
17
1
5
1
6
1
10
1
1
3
1
7
95
7
67
1
2
1
1
1
3
2
4
6
175
5
2
5
1
4
205
2
68
4
1
1
2
1
3
1
601
195
9
2
2
5
9
6
1
2
1
3
30
35
1
7
1
2
1
1
7
306
1
4
1
1
1
37
22
5
1
163
1
1
6
5
1
1
19
14
22
1
1
1
2
11
1
129
1
4
90
5
11
20
85
11
1
1
2
1
9
1
1
1
2
15
2
35
2
649
2
2
1
1
9
2
188
5
5
3
12
1
1
3
12
1
3
1
2
1
4
2
5
3
65
6
110
1
48
18
4
1
1
84
4
1
3
1
1
1
2
2
57
1
1
3
2
5
1
1
1
1
1
3
646
9
1
2
1
1
2
1
2
3
142
7
1
3
3
5
1
1
2
5
2
1
21
2
1
4
118
14
174
1
2
2
1
2
1
1
3
1
15
1
1
1
12
1
1
1
4
1
10
1
23
1
1
1
1
3
42
2
3
115
4
22
16
1
6
1
2
1
1
2
1
1
46
227
3
1
1
2
7
1
5
1
6
1
1
1
1
6
7
1
37
2
1
1
2
709
6
1
2
3
70
1
1
5
1
1
1
36
3
4
1
9
226
1
2
4
1
167
14
477
1
1
1
5
2
1
7
293
1
3
2
7
18
1
8
1
360
17
1
5
1
1
1
3
4
2
43
1
11
75
2
1
1
56
3
1
169
1
1
1
12
9
2
6
1
1
1
4
1
2
116
27
1
1
4
1
1
12
5
1
15
11
47
65
7
1
1
1
10
1
1
1
2
2
2
826
6
2
1
2
2
5
5
1
92
1
2
1
1
3
305
1
24
8
1
1
9
1
11
1
2
4
51
4
19
4
9
3
1
5
9
2
39
4
2
2
1
2
3
26
22
1
18
22
3
1
16
3
5
2
1
1
1
17
1
4
1
5
23
2
1
4
1
1
1
1
5
4
2
1
15
1
1
1
1
1
1
377
1
1
10
1
1
1
1
6
1
1
8
2
4
2
3
51
1
1
8
1
3
5
5
25
4
14
13
2
2
1
1
2
1
2
13
2
4
1
10
7
2
3
1
122
4
1
29
1
1
1
1
1
6
8
47
1
13
3
1
57
4
3
2
1
1
4
19
4
1
12
7
13
420
2
1
12
3
1
3
1
4
34
6
1
1
1
1
1
7
1
1
14
7
2
6
2
71
160
287
3
31
7
4
204
2
3
12
2
2
104
2
1
3
1
60
5
233
1
4
2
10
6
1
39
1
1
1
4
1
10
3
2
1
1
4
15
3
1
1
4
1
10
1
1
3
1
1
2
2
1
2
1
1
4
1
2
5
2
1
1
411
2
5
279
2
4
12
43
14
1
4
1
25
1
2
1
1
1
1
1
3
2
1
3
11
10
1
1
3
633
19
1
5
1
1
6
5
3
1
1
2
120
1
1
8
18
187
14
9
46
1
135
4
4
4
3
115
30
1
7
4
1
1
1
2
11
1
15
1
145
3
1
1
1
1
5
2
33
3
1
1
2
1
1
1
3
2
5
1
1
6
1
1
16
1
4
1
4
2
1
5
15
366
328
1
6
2
1
42
1
1
2
39
62
3
17
1
75
4
1
1
5
3
1
3
7
2
2
7
3
1
26
7
1
13
4
6
2
1
29
2
5
3
1
1
1
1
2
109
8
1
33
2
23
33
1
1
1
1
15
1
13
17
4
1
1
5
6
110
6
123
2
4
1
1
8
2
240
2
1
2
13
2
1
1
1
1
2
1
1
3
1
7
934
15
1
2
5
1
35
1
1
2
2
1
31
1
22
1
2
1
6
8
1
1
1
55
1
1
10
11
1
83
1
1
58
21
25
1
6
4
10
5
4
816
205
1
1
1
24
14
32
1
59
100
1
18
1
3
1
2
12
1
1
38
1
2
1
1
8
1
3
9
677
1
3
1
75
1
1
1
8
2
1
22
4
1
5
57
1
235
2
1
9
1
12
1
1
28
1
1
1
6
1
8
3
1
2
9
1
7
1
2
1
5
1
1
1
1
2
1
1
9
79
1
1
128
2
14
1
2
1
3
1
1
311
1
19
1
19
8
1
15
1
6
1
68
23
3
1
4
2
6
2
13
1
18
1
6
2
8
2
1
1
1
43
3
43
1
5
2
3
6
1
2
2
1
1
9
25
3
2
34
1
6
1
6
5
5
7
1
16
15
1
1
7
4
43
565
6
10
1
6
5
1
2
13
3
2
1
1
5
29
3
5
1
7
1
1
1
1
6
7
1
3
2
32
6
32
3
1
39
2
4
1
3
1
14
1
1
233
3
1
26
6
2
69
2
2
1
20
1
3
1
1
1
8
1
1
3
158
1
1
74
1
1
1
1
1
2
1
2
182
27
3
2
1
9
1
144
11
92
10
1
1
8
1
5
2
1
35
17
1
263
22
12
2
1
11
2
2
1
1
1
169
2
1
2
1
2
1
5
4
1
11
1
13
5
80
4
3
57
18
6
1
13
12
13
1
24
1
1
2
5
2
4
1
4
37
1
4
233
55
55
2
1
15
1
1
1
1
5
27
1
8
2
10
1
2
14
1
11
2
1
1
10
3
1
30
1
864
4
4
1
10
2
3
1
4
1
1
148
3
2
3
1
3
27
1
1
2
2
1
1
3
5
60
1
1
1
15
2
1
14
41
4
27
54
6
3
1
4
1
1
1
1
1
2
1
11
1
2
2
8
136
1
1
2
1
2
1
1
129
1
1
2
51
2
1
1
2
2
282
40
84
1
1
10
1
1
3
1
3
1
279
3
1
7
42
9
8
1
2
1
1
1
1
2
2
7
9
1
6
1
33
3
2
1
1
8
1
1
3
39
1
1
1
1
35
1
1
18
3
56
1
9
1
2
2
7
1
5
1
8
1
159
1
1
2
2
4
6
4
1
1
1
1
1
1
123
36
33
1
5
1
2
13
206
2
25
6
6
3
1
10
2
5
4
8
3
3
4
1
5
49
7
1
13
1
38
5
1
2
2
4
7
6
1
3
1
2
1
39
11
17
18
1
1
3
2
1
6
1
1
2
1
2
1
1
2
1
3
96
9
13
1
4
4
1
6
7
1
1
840
10
1
1
13
2
2
3
1
5
1
4
12
12
3
4
1
5
25
8
50
2
1
4
1
1
1
1
3
1
1
7
1
121
36
1
8
1
9
10
29
2
1
1
1
4
1
1
1
1
1
3
1
7
1
170
61
10
6
1
1
2
467
63
16
8
22
1
19
3
2
2
1
1
3
2
1
1
7
1
5
3
98
1
1
1
2
1
16
1
3
3
34
3
1
2
2
3
1
1
3
5
2
83
21
19
1
8
191
8
19
5
3
25
1
7
2
5
2
1
1
3
1
1
4
1
2
5
8
3
6
182
2
1
2
6
1
8
6
1
3
56
18
1
1
78
1
1
746
34
1
3
1
225
4
1
2
5
376
5
2
2
46
721
1
19
2
200
1
2
1
6
1
2
12
2
1
28
16
1
1
14
39
1
384
1
3
41
19
7
3
3
4
1
8
4
3
3
24
1
2
1
12
3
1
10
8
10
4
1
82
59
7
3
5
3
1
4
1
36
700
1
1
38
1
1
2
2
8
1
1
1
1
1
2
1
1
1
1
1
2
6
1
1
6
10
2
1
9
2
2
2
1
1
1
1
2
2
4
29
1
2
4
3
4
1
97
2
3
1
1
1
2
1
22
46
2
1
3
2
25
22
47
8
6
2
1
1
7
3
139
1
5
1
2
1
1
3
1
4
1
1
1
1
2
331
5
117
6
43
1
14
12
1
15
573
2
2
1
1
1
838
1
1
7
6
67
2
174
1
5
2
1
2
4
2
1
59
2
1
1
1
4
4
5
4
3
4
31
12
62
1
6
1
1
3
1
1
1
1
1
756
1
1
85
17
6
1
1
1
1
1
1
1
1
1
2
36
17
1
8
9
5
1
3
1
1
1
26
1
1
8
18
1
2
28
5
5
1
2
12
2
1
1
1
1
1
18
124
14
4
1
4
8
1
4
6
1
7
18
33
48
1
1
5
17
1
1
9
2
2
104
2
5
3
2
1
1
6
1
7
30
2
33
1
1
1
141
6
1
2
2
181
1
8
15
1
4
5
31
24
1
100
1
1
1
1
3
5
2
7
1
7
178
6
2
1
1
1
3
38
1
238
1
8
65
1
9
1
5
2
1
22
7
2
17
1
1
2
3
1
1
9
42
1
11
1
1
2
3
1
1
1
4
68
2
2
1
1
1
1
1
5
2
128
1
1
6
1
4
1
1
1
2
1
1
5
2
1
7
1
1
1
45
14
7
3
2
14
682
1
19
2
5
3
18
41
1
1
2
1
14
1
1
10
1
1
3
1
3
1
1
1
1
7
1
97
28
1
1
1
1
1
21
1
5
1
13
22
2
4
8
7
1
1
1
304
3
10
38
2
1
1
2
5
6
1
2
5
6
10
1
103
1
1
124
2
1
567
1
26
1
1
18
2
5
2
2
1
3
1
1
8
1
22
1
22
4
5
1
1
2
1
1
2
1
1
3
1
2
1
2
6
5
2
1
406
36
1
2
1
1
5
1
3
2
1
3
1
1
5
3
5
2
2
13
14
1
800
2
253
1
3
7
3
8
1
4
2
1
4
1
1
1
29
2
1
2
523
25
1
19
1
7
1
96
2
1
3
3
1
1
1
10
16
4
6
7
2
3
7
225
1
246
1
2
35
9
22
36
6
1
50
86
1
2
1
1
5
4
2
4
1
1
11
97
4
26
101
1
3
66
2
1
3
2
1
59
51
1
5
92
821
2
1
21
2
12
66
19
1
73
4
2
1
11
1
1
3
1
1
2
8
2
26
1
85
2
29
37
9
113
1
1
4
1
16
1
360
2
2
1
3
3
2
88
14
857
7
1
17
4
5
4
5
1
1
1
1
1
2
1
3
1
6
2
10
1
2
2
14
1
3
1
1
2
6
1
1
1
1
1
1
1
3
1
1
2
1
62
2
4
1
1
1
1
7
2
6
1
28
2
7
3
4
1
1
1
1
21
2
25
1
3
1
4
21
1
1
3
2
1
1
5
3
1
2
4
1
1
1
4
42
2
1
4
1
4
36
1
1
3
1
1
1
6
1
11
1
1
2
1
5
1
6
1
1
9
99
1
1
482
64
2
7
1
1
1
1
1
1
8
3
17
17
1
1
203
13
1
1
3
3
2
3
1
4
1
1
7
2
23
4
1
1
22
1
4
1
2
2
1
7
2
1
1
31
1
10
655
1
747
1
19
1
1
1
1
1
4
1
906
224
225
1
17
5
5
1
7
1
1
3
1
1
575
10
2
26
4
1
3
2
2
293
2
1
10
4
1
1
2
1
1
1
5
6
374
15
1
194
8
1
6
1
1
3
9
1
1
2
7
125
1
634
11
7
19
54
1
1
101
9
141
120
4
2
3
1
1
22
1
1
1
2
8
1
1
2
1
1
1
1
2
25
65
1
15
2
3
1
1
5
38
11
1
4
1
1
5
1
2
22
17
1
1
15
1
2
72
1
2
1
1
8
3
4
12
1
15
4
1
1
3
2
4
36
3
8
9
1
3
10
36
2
24
7
1
1
5
1
1
852
7
33
1
1
9
13
5
1
1
82
13
3
1
44
1
7
1
78
35
6
2
2
1
4
1
1
25
1
6
163
44
2
1
3
1
1
3
1
1
1
80
2
1
2
5
2
5
5
1
1
1
1
1
9
1
71
1
12
4
1
9
2
13
1
2
1
1
3
12
5
20
1
6
1
2
2
4
28
28
16
1
11
1
1
22
1
2
1
2
2
1
1
2
1
13
4
1
5
9
2
6
1
6
1
1
4
2
2
2
9
1
2
56
1
338
3
6
1
3
15
1
2
4
173
1
2
1
23
1
65
1
1
1
2
2
5
2
1
4
1
215
41
1
48
1
50
1
1
1
32
31
1
2
20
7
1
6
5
1
18
33
25
2
3
1
3
2
15
1
10
1
1
2
9
1
13
3
2
2
1
1
2
1
1
1
1
19
2
9
1
5
97
6
6
1
1
1
1
1
1
3
5
1
8
1
5
1
1
25
1
7
22
237
1
1
1
1
1
1
7
2
604
1
24
22
1
1
1
2
1
4
1
8
22
1
3
2
1
2
1
2
121
1
4
9
4
5
1
9
415
1
39
2
1
1
54
4
2
4
4
5
2
17
37
3
2
1
1
12
547
4
1
3
13
1
2
232
1
4
1
3
1
12
1
1
919
1
1
161
1
6
3
2
2
1
1
2
1
4
1
1
27
289
1
3
1
1
1
3
65
3
1
1
3
5
4
1
18
2
5
6
1
2
37
1
3
5
2
106
11
2
24
2
1
1
2
4
3
3
23
1
2
1
1
3
1
256
6
3
138
2
906
3
1
1
1
1
2
1
3
8
2
17
1
1
17
2
32
1
5
38
2
116
3
3
78
1
77
1
2
1
2
3
1
5
1
48
4
5
1
15
5
2
37
1
1
2
2
303
1
1
4
342
27
4
1
56
9
1
43
5
1
18
1
184
1
4
2
7
7
2
41
1
1
1
1
1
8
4
300
1
31
14
7
2
1
5
1
1
10
15
1
25
8
2
5
1
5
8
1
11
1
46
13
1
3
1
7
1
2
6
1
2
4
1
1
2
1
1
2
6
61
2
330
17
2
6
1
1
1
46
5
1
2
1
30
2
3
18
1
7
1
6
2
1
1
1
45
17
2
1
1
7
1
3
2
1
1
9
2
3
2
2
15
4
2
1
4
68
2
56
4
1
6
1
2
2
74
3
23
2
1
1
1
5
1
1
1
1
1
80
2
1
1
340
8
1
1
1
1
1
1
1
1
1
1
1
2
1
1
5
134
1
1
1
1
1
1
33
5
35
1
6
1
7
2
112
3
18
2
15
4
1
63
26
1
63
1
1
4
17
1
5
1
1
4
46
1
1
2
1
2
1
3
1
1
1
1
2
1
1
3
1
1
1
1
18
1
32
5
4
44
4
230
5
6
1
2
427
5
7
14
1
2
879
2
1
43
2
6
2
1
7
19
2
3
4
1
16
1
3
1
2
3
1
3
10
1
1
3
1
2
2
1
1
7
1
3
12
59
1
2
2
1
110
4
67
40
1
40
397
10
4
5
1
93
9
1
1
3
3
3
2
1
10
1
578
34
1
3
2
4
3
3
1
19
1
4
12
1
236
3
4
3
354
1
2
2
294
8
1
4
1
4
2
4
3
8
3
1
1
4
1
8
1
3
1
3
21
2
3
2
1
21
14
1
3
17
10
323
1
2
12
18
2
111
7
2
1
20
5
2
1
1
1
1
2
1
31
1
2
8
2
1
1
13
1
364
1
1
5
1
1
11
972
29
1
10
7
1
1
15
9
4
2
6
1
6
1
4
1
1
3
112
21
1
3
5
1
2
1
1
10
6
11
1
3
1
1
66
1
1
1
2
2
1
1
23
2
1
31
161
4
537
3
1
3
43
4
10
3
10
2
2
435
2
8
1
2
2
1
1
1
1
1
101
15
2
12
171
1
3
1
1
2
12
1
2
2
1
2
22
162
1
3
9
1
11
35
9
11
21
4
1
1
2
1
3
4
1
2
5
29
1
1
9
13
1
5
3
314
1
1
8
1
2
6
1
2
4
2
1
1
1
1
2
887
4
5
2
5
1
2
1
1
20
14
75
1
2
3
8
7
30
141
4
4
8
3
1
1
1
1
3
2
1
21
2
2
1
5
4
1
21
26
5
10
1
2
1
2
21
2
1
1
1
1
2
12
3
1
1
1
8
1
1
1
1
2
1
5
2
3
22
10
7
3
6
63
1
2
4
1
4
4
1
1
1
11
2
12
7
12
2
1
7
1
3
1
1
1
1
36
3
29
1
2
2
1
1
4
1
1
6
1
1
1
2
2
2
1
2
2
2
6
296
10
61
5
2
19
134
2
123
105
1
1
1
1
19
5
1
5
3
157
3
14
1
1
1
29
1
1
1
1
11
1
13
4
2
1
15
2
55
30
117
2
2
4
1
65
141
4
1
12
4
5
1
18
51
6
1
12
1
1
1
60
1
1
3
22
24
1
11
2
1
6
4
132
1
1
1
4
2
3
1
1
1
2
5
1
1
59
2
1
11
2
1
1
1
2
8
5
5
1
5
3
1
1
180
1
1
120
142
21
1
1
252
3
1
1
6
6
45
235
44
3
13
1
265
1
2
3
4
6
3
23
3
1
15
1
1
15
3
2
8
2
3
30
2
1
1
1
2
6
1
1
5
3
3
1
326
1
2
2
1
7
2
1
2
1
7
19
1
3
4
1
1
2
18
4
231
1
3
1
1
1
2
1
1
2
1
1
1
4
4
2
1
1
10
9
4
2
22
6
14
1
1
1
1
4
2
2
1
5
1
2
3
1
2
9
414
2
111
8
5
2
1
5
1
8
167
2
1
5
1
1
1
7
18
1
1
5
73
1
17
254
15
7
1
4
1
3
1
2
1
7
1
10
35
1
1
1
1
2
1
9
101
3
1
1
1
16
8
5
9
1
4
18
1
3
8
1
1
5
2
1
2
158
2
5
46
788
2
16
6
164
1
23
7
3
3
4
1
1
1
878
3
4
60
1
1
1
1
2
1
1
1
5
141
5
1
3
2
1
8
11
1
1
7
2
3
2
1
9
1
5
2
2
1
598
3
18
1
3
1
1
1
91
1
1
1
9
2
2
1
10
1
1
68
1
2
12
46
15
1
1
22
7
3
55
213
2
2
2
1
10
655
2
4
18
4
1
1
6
1
1
1
2
54
17
2
35
9
1
1
71
5
1
1
2
2
1
7
1
1
12
4
2
1
1
12
4
1
1
2
2
2
1
5
1
7
1
4
2
78
76
1
14
23
5
171
40
1
4
10
1
3
1
2
4
2
9
1
151
1
167
1
2
15
39
591
2
1
13
4
2
1
1
167
1
8
1
21
6
1
3
17
6
3
1
3
1
2
3
1
1
19
43
7
1
14
4
1
9
5
4
547
35
1
1
1
1
1
23
4
2
2
45
10
159
1
1
10
1
1
1
1
18
1
1
5
1
1
3
3
8
16
1
456
2
4
1
10
4
1
66
2
14
13
1
6
17
1
1
1
1
6
6
1
10
4
40
1
1
1
1
1
1
7
3
1
9
24
2
3
2
2
1
1
33
4
1
1
8
1
5
7
8
1
1
1
1
5
16
1
9
76
1
1
1
1
3
1
1
1
12
72
1
1
25
1
2
1
13
2
3
1
1
31
1
2
12
269
1
6
6
1
3
4
1
1
1
1
1
1
14
1
2
2
3
10
7
66
3
13
1
1
1
65
75
1
1
8
5
2
1
27
23
1
8
2
12
1
1
373
22
6
3
4
1
956
1
1
45
1
8
27
15
1
1
2
61
1
52
1
8
1
1
1
1
59
19
1
1
1
131
9
3
1
49
3
5
8
1
5
4
2
39
3
2
1
1
1
60
11
2
63
3
1
17
1
5
1
4
1
1
1
7
54
4
1
2
7
25
1
1
6
1
6
149
259
30
85
2
3
8
181
1
1
8
1
1
1
1
3
1
1
1
2
1
1
6
3
4
3
49
1
3
1
2
9
541
5
1
4
4
11
8
1
10
1
1
5
4
5
38
2
1
373
183
1
2
2
1
10
1
3
1
1
1
1
1
430
2
1
2
1
137
1
1
1
1
3
1
2
16
4
1
1
3
2
1
1
5
1
1
6
18
1
1
21
2
252
1
2
2
2
1
1
10
2
1
7
1
2
1
1
1
1
2
1
2
14
1
1
1
29
1
2
16
19
103
1
6
5
1
1
1
236
1
2
1
2
56
61
1
1
1
1
4
2
1
3
1
1
1
1
2
1
5
1
1
34
1
426
1
2
9
4
2
1
65
3
2
2
3
93
1
14
1
4
2
1
1
2
1
2
3
1
3
1
1
12
3
1
18
24
1
1
31
4
1
8
2
251
2
1
11
1
1
1
6
29
3
4
1
1
2
2
4
1
1
62
1
1
19
17
47
4
1
1
3
56
361
1
1
1
9
1
5
5
3
3
2
1
2
2
5
2
1
4
1
1
1
1
1
1
19
1
6
2
3
6
1
1
1
3
1
1
1
1
4
1
14
14
1
10
1
1
1
1
15
1
4
56
1
2
14
7
185
25
4
12
2
19
2
10
1
1
1
1
1
1
1
1
264
2
3
1
2
61
2
1
2
1
73
1
1
27
2
2
1
2
1
2
2
23
3
1
45
3
14
66
2
16
1
2
1
1
3
362
1
6
7
5
74
1
25
2
2
50
1
1
2
2
2
3
1
2
1
4
5
43
1
1
17
126
18
2
1
5
1
55
10
2
3
1
1
12
1
1
4
42
2
14
8
1
39
2
25
1
620
10
1
9
46
18
139
3
41
1
1
1
46
9
4
1
1
1
2
6
4
2
1
21
36
7
223
111
132
2
2
6
1
1
1
37
3
1
1
1
1
5
1
1
2
1
1
1
1
20
2
3
35
2
1
10
4
1
5
13
21
7
7
19
2
1
2
1
1
3
1
1
1
1
1
2
49
3
3
16
7
2
1
2
4
17
3
83
6
2
7
1
88
3
1
20
132
2
3
1
2
11
2
4
9
1
2
1
2
1
1
1
1
1
2
8
24
1
24
6
1
168
1
2
1
1
1
3
31
24
17
1
2
1
3
1
1
45
51
13
3
2
98
1
8
1
5
2
3
1
3
10
10
1
2
1
1
2
3
13
4
1
193
3
1
1
1
8
29
8
179
2
60
45
3
1
1
5
1
1
9
20
6
1
6
3
27
1
2
30
10
4
1
1
3
1
1
1
2
44
1
2
1
1
1
3
22
1
2
1
1
1
1
2
82
19
1
33
1
3
1
4
5
13
1
33
153
94
2
1
2
15
1
13
1
3
1
8
2
2
1
1
1
2
2
1
2
68
1
1
1
55
35
4
1
82
1
6
8
2
25
11
4
11
32
217
4
1
1
1
12
16
1
5
2
1
1
2
1
2
1
1
6
1
2
7
645
3
1
67
1
62
1
4
18
1
1
1
4
9
1
64
1
3
1
1
203
4
7
1
1
2
1
2
1
5
4
1
4
40
1
18
1
432
1
1
1
22
1
73
3
2
1
1
1
8
69
1
1
1
19
3
2
1
17
19
56
219
1
2
39
26
4
8
15
1
2
1
5
1
1
1
1
1
2
63
276
8
180
2
1
8
1
33
6
370
1
1
379
1
2
1
109
1
6
1
2
46
1
13
1
15
13
1
1
7
1
1
1
1
2
2
3
116
2
1
6
1
1
1
2
23
1
23
3
1
1
1
47
108
1
2
1
1
1
3
5
1
15
1
5
1
2
3
1
1
1
1
2
194
2
386
3
3
496
3
23
1
1
1
1
2
3
144
48
1
2
1
3
4
84
1
63
1
45
1
1
3
14
2
1
4
1
43
2
2
1
1
69
7
2
8
321
1
1
2
5
5
2
2
378
537
1
2
510
3
5
4
1
4
14
1
8
1
1
1
1
25
1
1
2
10
52
24
2
2
9
1
1
2
3
1
1
10
15
1
165
1
1
2
6
2
33
2
1
64
1
2
1
41
92
7
1
2
5
1
1
1
1
12
1
11
28
2
5
4
4
1
2
2
140
1
1
18
3
4
16
1
1
3
1
3
4
3
1
2
9
1
2
51
1
16
1
7
1
1
1
15
4
19
2
2
3
5
1
26
1
239
2
1
1
1
1
1
1
1
3
1
1
1
29
1
1
1
31
3
1
2
12
7
1
3
3
2
8
2
1
1
151
7
9
4
10
3
13
1
2
1
262
3
1
75
8
16
1
1
2
6
6
1
13
9
1
2
3
1
95
59
1
158
3
10
1
46
1
1
1
1
3
21
6
6
44
3
1
34
1
10
9
7
4
1
3
1
6
1
196
1
3
3
2
10
1
1
1
1
2
2
1
2
1
5
2
1
5
1
13
2
2
46
1
8
56
1
8
1
13
7
1
2
18
4
1
1
3
56
1
81
1
21
1
167
8
1
1
22
1
1
7
1
4
1
1
9
3
3
3
4
11
1
6
1
5
6
3
6
2
1
3
4
3
3
3
1
1
39
6
104
7
1
7
6
5
1
12
16
1
1
74
12
23
1
6
1
1
2
4
1
1
1
5
38
2
1
1
1
24
2
1
5
1
2
1
1
4
3
1
3
3
42
1
2
4
7
37
1
2
2
39
4
23
21
1
2
377
18
54
20
5
68
9
2
4
12
1
3
69
1
9
1
49
12
1
34
3
1
20
16
1
4
2
1
16
1
21
1
1
6
1
34
2
1
1
34
52
1
3
5
8
4
4
1
1
16
4
1
1
100
10
5
3
2
11
1
1
2
1
1
1
2
18
22
1
60
1
8
88
9
1
3
1
10
41
38
6
52
1
8
1
6
9
8
1
3
12
3
1
54
1
2
1
3
34
8
7
10
1
4
1
5
3
2
1
24
41
8
6
1
3
93
3
36
1
1
2
2
1
1
3
1
5
1
1
1
2
1
3
19
1
1
1
1
393
1
2
2
1
1
8
4
1
1
6
3
1
4
1
1
1
1
210
1
3
1
1
1
1
13
1
1
3
3
9
9
1
153
1
9
1
2
1
1
1
2
1
7
1
1
7
36
5
2
1
1
1
6
1
1
1
2
8
1
12
1
1
2
8
3
1
3
1
1
53
211
2
3
3
3
7
1
1
1
5
185
1
1
4
5
1
4
2
2
1
2
4
1
4
1
1
2
1
1
26
2
1
1
7
7
19
1
1
16
1
1
2
1
2
7
3
2
1
1
1
1
107
19
13
1
4
1
11
853
30
6
19
16
1
65
1
5
8
1
2
3
1
2
1
1
1
1
800
1
1
2
1
1
1
2
1
13
3
6
1
2
9
1
1
22
27
1
1
1
1
2
4
2
2
1
1
3
7
11
3
8
1
1
9
7
1
2
1
3
9
3
914
1
1
1
1
2
1
1
1
101
6
1
24
1
1
322
1
1
6
60
1
2
163
1
1
2
1
2
1
1
1
9
72
9
1
24
10
1
1
1
1
1
1
1
1
2
15
1
1
2
27
1
3
274
2
34
1
8
1
2
9
1
2
4
1
1
3
12
1
9
4
2
3
1
1
1
2
3
2
1
13
50
1
13
520
24
2
2
97
1
1
3
126
9
9
3
2
1
3
1
3
6
1
4
25
7
41
1
1
1
2
4
3
9
4
1
1
39
17
2
12
5
1
1
1
1
5
13
1
190
1
1
2
14
5
4
840
1
96
7
61
2
157
1
1
705
1
2
4
8
1
4
2
1
231
3
5
17
8
4
1
6
93
61
1
19
11
4
3
441
1
11
1
1
23
1
1
8
1
3
22
20
2
6
149
2
403
2
1
2
1
1
4
1
2
6
12
1
1
3
2
272
2
1
49
2
1
1
1
1
1
3
6
12
3
10
41
4
2
1
1
1
3
1
1
1
63
3
27
1
76
1
1
4
29
1
1
2
3
1
2
2
4
1
86
1
1
3
1
33
7
2
4
6
59
2
18
1
1
2
2
1
1
2
6
1
23
2
1
10
1
1
1
7
2
12
5
8
2
2
1
3
1
4
3
1
2
49
3
1
1
218
7
5
1
31
56
11
20
1
47
1
30
5
1
1
3
1
1
1
4
5
1
2
2
3
21
1
129
3
1
23
1
3
4
1
5
2
1
21
3
1
2
7
36
926
3
40
5
10
2
198
2
1
1
4
3
4
1
210
57
6
1
1
25
2
1
1
9
2
20
1
2
3
15
6
33
1
5
202
2
1
9
1
2
1
1
1
3
2
5
5
1
1
37
1
10
3
4
1
31
1
7
7
12
9
1
1
1
1
5
1
1
11
4
8
1
2
3
1
1
1
2
1
3
1
1
2
3
290
22
20
1
5
5
4
1
37
1
1
21
1
3
1
1
2
2
1
6
2
1
1
4
1
1
2
20
1
2
23
2
10
2
52
1
3
1
1
28
3
3
6
2
1
1
295
5
1
1
1
1
3
9
336
1
14
1
1
1
17
1
2
3
1
604
1
1
3
4
1
10
6
1
1
1
2
66
7
1
2
2
2
1
1
3
2
6
258
1
26
131
1
1
1
1
1
1
13
1
8
5
3
2
1
3
16
17
689
2
6
13
20
1
1
9
288
12
1
11
2
2
1
4
1
1
31
1
3
2
1
25
1
18
2
1
2
1
22
10
1
1
3
5
1
21
1
178
3
1
9
2
1
4
451
1
1
2
1
1
1
12
1
1
29
1
1
3
1
2
4
1
2
4
3
1
1
2
9
1
3
2
4
1
4
6
1
3
1
2
17
1
647
4
3
4
7
12
1
10
3
4
80
1
11
1
143
284
1
2
18
1
68
1
2
2
12
1
59
4
1
36
2
4
13
1
1
7
1
1
2
8
24
2
5
6
1
2
2
1
8
1
1
1
2
1
1
2
1
1
31
4
8
