803
108
476
978
1200
1117
1848
1662
1715
108
864
830
1222
142
345
222
596
562
153
71
912
163
1850
1651
163
177
702
499
1768
1373
1623
1957
1526
1741
1554
852
369
1603
1435
339
789
1048
265
415
61
649
1417
1640
251
246
1384
700
1387
554
207
762
929
706
1442
430
804
439
1767
377
1409
1497
722
1038
255
221
1604
269
1004
1885
1664
1359
695
1427
1278
579
814
92
220
158
511
1394
366
219
982
1009
1256
85
733
201
1535
1696
178
1018
809
70
1686
373
1826
875
1428
1576
1509
1522
969
4
976
1549
1639
59
361
1295
1068
908
177
137
1280
161
559
1485
1974
1925
1264
739
680
762
685
1572
1600
861
27
1399
221
1744
1330
430
1367
577
1448
968
8
826
207
1223
236
1224
1118
305
982
992
386
1569
1866
1318
499
452
1801
262
112
402
576
10
1869
1609
1456
1015
1592
1087
1811
617
1164
491
1998
181
759
1770
1187
315
223
707
118
49
227
564
56
422
835
1437
566
1405
1233
1289
1335
865
1852
79
850
1659
1112
1186
68
1594
39
313
1072
1971
1714
1235
571
1317
224
1577
1714
1822
1956
801
1194
316
896
1962
1681
497
721
1948
713
1221
1685
1773
919
1555
870
1322
1515
891
118
1711
1411
1102
1427
207
1889
414
1627
1695
582
1601
586
1250
697
342
282
1294
1
1728
84
337
66
147
1829
1684
157
3
868
746
108
1620
1842
1842
1075
493
352
72
523
1346
655
1503
63
334
299
904
1625
377
1949
823
1775
878
1047
941
158
1217
337
1901
688
1308
1104
1086
1008
350
198
264
1229
1663
1335
864
538
153
1151
1831
647
1410
358
1139
1557
222
1314
1132
1753
1839
777
219
1018
1545
1668
1291
1094
1322
1643
833
465
1878
1284
579
1757
82
1292
1345
1746
521
1412
1491
773
679
1130
524
1926
1627
858
1632
932
925
324
1723
806
1210
1154
638
1944
322
538
1302
502
6
1952
642
560
11
1140
825
631
830
545
1400
343
950
528
300
249
103
1334
1640
1477
1753
1542
1013
627
1354
461
1030
833
1595
65
942
271
1596
73
854
1814
572
889
801
1292
833
1517
1114
157
574
670
1098
226
111
6
1899
1695
1200
1397
1172
1526
1412
1150
26
825
1136
1678
1820
1386
1471
835
1267
409
1830
1778
185
434
853
774
1641
702
369
1557
1359
311
1403
1414
349
1252
1166
1209
556
1046
553
1930
1875
1199
1573
1824
1897
89
1248
307
844
1650
1766
715
519
78
1532
532
1089
1887
1896
495
1306
1578
25
913
883
123
1241
57
1419
1949
143
563
958
860
505
12
451
1341
395
1686
1119
1084
946
245
1389
688
1122
1875
185
304
679
843
1165
1247
1543
829
739
1325
1987
104
1283
1238
770
1463
133
1652
829
1924
1307
1678
380
1489
1871
786
1050
224
1074
1327
512
555
357
1041
1144
1048
1228
429
1477
1333
872
752
1618
696
226
1429
1373
1397
653
1894
1235
1505
505
268
1285
147
140
505
1989
1718
687
166
1126
994
29
250
1010
824
71
1966
755
285
1770
286
172
1731
1952
18
252
274
1652
153
364
1931
113
960
482
1395
1981
905
1054
1887
1847
625
773
1432
1939
246
1471
1417
59
287
734
1122
1665
1089
703
1910
1746
995
342
842
657
702
1479
1501
1503
1294
541
320
927
1902
1732
265
1519
1332
1709
1229
1202
77
264
1060
174
971
443
531
1752
493
1728
1584
321
541
918
110
860
1734
1664
962
1616
59
812
818
1319
634
1789
693
447
266
569
1978
53
1264
972
276
1410
244
1696
1844
1320
101
1529
808
1220
317
1197
841
288
434
1315
1336
1780
991
1571
1852
1954
1527
599
832
727
1945
712
760
331
1596
491
1572
1375
151
226
215
141
1364
1908
968
1389
465
310
475
108
1642
1695
1515
855
1565
1353
259
45
1044
1515
1697
1344
1750
1364
1044
1351
1180
731
523
623
1466
1549
418
1079
1265
1041
1063
312
965
1180
1581
1175
576
1021
1369
308
1920
1256
1160
1616
572
525
1240
57
110
110
344
1215
46
805
1358
1338
78
431
1000
1454
1541
1269
364
1558
1704
1272
284
709
1704
581
1955
813
1563
461
1920
1436
28
1429
808
517
1954
758
1224
1121
1857
563
673
181
52
284
796
167
1972
1032
466
1784
1022
181
1938
1436
994
1629
660
71
1386
1681
142
681
144
1746
973
691
1193
420
1318
1573
1838
311
1771
1871
514
49
301
890
276
357
692
945
574
1532
1743
133
550
1140
911
1217
644
1644
103
993
1612
1234
1497
631
1798
589
756
1183
1642
1598
1580
108
1991
1537
1298
1110
719
203
1066
1260
592
1261
707
463
147
480
1855
276
1057
1921
447
178
708
932
1067
1574
15
1224
39
23
870
48
1139
1286
1716
1676
1337
1159
412
1682
293
579
1639
676
1313
1542
696
1462
806
326
690
121
1750
1583
33
585
1415
1014
795
1476
1739
501
1061
1907
1475
1913
168
1531
558
1408
1737
1375
915
1413
87
545
1785
753
1299
1921
199
1962
1323
1948
1132
699
140
1420
1062
22
741
511
462
627
731
1556
464
1840
1372
425
412
1906
1069
140
1358
1950
1393
687
1516
63
1527
1034
1885
1196
1644
1203
1621
413
1580
71
1026
1535
1498
1956
1000
831
1199
193
523
507
858
1369
1595
462
63
1621
387
22
764
235
183
1594
1665
1166
842
96
939
1147
1350
1140
433
58
1555
1002
1089
191
1163
1165
1521
1058
178
837
1609
704
1203
578
1540
481
1310
1248
1411
483
788
1590
1103
1088
134
254
1714
312
1133
927
1454
1301
1841
678
1158
1234
985
714
1331
1869
1077
258
1002
729
283
540
71
1996
499
845
1127
1734
1138
1170
1589
141
482
1022
206
1404
1745
537
5
1064
1532
1091
158
1817
414
879
1923
1393
750
1074
147
782
1193
936
1080
1669
428
1732
810
823
292
1119
905
1087
1834
1346
1748
1142
92
1293
1670
453
96
1356
723
1896
584
1183
1605
1241
33
1216
337
9
916
1331
671
676
1975
603
1722
1951
393
743
956
1720
1704
768
1994
1368
600
583
1978
271
1638
261
656
1838
155
1742
921
1070
962
834
1664
888
1194
859
1263
1030
1292
931
795
1381
1910
176
1904
1173
1727
169
369
243
1719
1406
496
261
1079
143
449
87
1875
1317
547
1839
1609
223
723
1938
410
1103
695
1470
1057
1194
767
775
1344
1294
1134
931
631
1
1755
1432
812
505
1368
1033
411
1901
1151
947
79
1735
646
774
1179
893
1849
1954
566
660
1902
1728
59
1932
1578
528
1159
360
420
1708
1022
217
1035
880
526
1623
411
364
1651
1003
1638
1224
1475
728
204
999
230
1281
296
1348
437
1267
564
949
214
1732
16
1910
1172
1384
44
1841
343
1045
571
1717
1093
955
1288
1055
1430
826
184
429
1965
362
1429
1550
807
382
1940
453
1830
1130
605
71
1478
818
553
1261
1107
1839
1504
1130
837
263
1503
111
293
453
421
1933
1187
1680
1446
1940
1957
1960
1976
19
452
331
1425
1606
1816
1648
713
1624
1690
518
1453
104
117
926
40
1752
259
1552
1103
353
437
1233
897
1111
285
997
1298
856
416
384
1666
769
1194
1091
823
152
1080
1672
1961
282
978
1105
737
1817
1001
1260
463
643
359
824
889
1678
1286
1147
832
1719
1713
1770
1185
1627
70
1524
1649
298
744
1833
174
906
1247
1104
757
106
885
1120
1884
1358
1215
1409
1070
1309
1337
1195
307
1448
171
1739
483
1936
228
955
315
205
307
1826
1144
1522
1037
973
256
1481
165
1032
1940
333
1713
808
456
1254
714
148
1234
1783
1960
339
1778
1251
1962
287
568
1795
1465
104
597
1841
994
452
8
1874
1918
1360
1954
1615
1126
1804
387
456
576
954
551
469
33
1252
842
369
522
317
1713
1378
4
1894
242
1086
1
1864
248
462
919
507
1094
950
592
533
1721
274
1256
27
1785
545
1326
202
213
1265
762
1512
1752
1838
1015
843
1128
1716
814
1882
1587
1923
902
230
400
397
548
1913
680
1638
1134
1523
1957
220
751
982
1836
1756
714
1067
926
1660
852
1292
1150
1333
1745
123
340
1839
1445
1210
1147
906
1664
736
1667
1564
1390
71
531
238
417
630
569
1554
1278
798
998
39
1217
134
1742
391
1052
1615
1927
737
1825
1985
425
1162
633
385
643
1064
1580
421
1751
1341
1629
264
1560
1249
149
295
145
521
1016
438
660
1921
466
1667
1447
148
433
1551
822
551
919
816
1035
1742
268
577
217
125
184
331
950
454
1147
2000
1685
1642
996
359
619
149
1081
132
1994
266
723
970
1802
776
619
540
1101
654
141
1224
1924
1622
109
519
436
644
1610
1031
1096
1446
1048
1676
847
561
128
167
280
1088
1249
353
968
1401
758
1126
554
1291
190
719
392
893
832
1557
1088
1675
600
895
1926
1110
1214
1323
855
830
337
1842
1368
1686
270
759
154
1991
240
436
429
1314
181
236
924
799
1984
89
1081
571
1536
988
72
1689
570
1647
432
464
1033
1555
1146
1246
368
1186
1357
1022
1837
995
1807
1984
22
335
1766
8
1606
726
1111
403
1686
1221
1019
334
609
1243
1667
1451
440
1932
1415
689
982
650
597
800
1308
102
351
761
1350
1792
1686
1284
1205
1321
128
621
1588
1863
1685
197
1216
326
1512
1768
421
1208
1609
867
24
1513
1970
586
972
1006
1129
355
1118
788
76
689
867
249
1725
1429
1516
973
1908
1095
1810
696
1864
715
457
1323
883
721
1703
212
540
418
1318
247
705
817
1450
1271
760
1450
1107
1914
205
1808
1086
866
512
957
934
482
1266
1511
1848
958
713
15
1355
1849
1983
67
17
1610
427
909
1745
969
605
551
385
84
492
1337
732
326
1713
1548
1093
534
1322
412
217
822
1569
914
114
1469
1633
1924
1517
181
1490
1365
1746
1281
891
190
934
198
7
1085
867
649
1233
1823
1527
870
1481
1566
566
1185
358
1716
1376
897
205
1467
1111
918
596
1486
377
691
1588
1926
1395
387
503
1434
1749
112
1232
1581
295
1221
656
357
1853
862
813
827
1552
660
210
617
216
324
1986
701
807
273
268
1434
1805
1009
1608
1486
1472
817
1661
1896
795
905
207
1483
1446
739
1866
1580
490
192
131
1363
326
628
708
1261
585
1763
1304
747
8
363
972
774
667
1015
1342
1613
817
1263
556
1636
1759
1839
221
1683
976
885
1243
341
808
1083
1919
1031
470
1731
1742
508
661
1021
801
1411
1478
244
118
171
1387
1486
173
1384
1774
509
1411
520
615
1233
1574
1316
865
1985
610
1041
311
636
1912
629
50
1265
623
497
1860
1910
1089
1938
1715
1944
805
1213
1954
432
327
1173
1979
1742
488
781
1034
855
1100
152
1153
25
1480
1452
1841
586
1083
1718
1045
1920
253
929
1265
952
610
1943
354
1642
1433
1249
1745
1776
39
1732
125
1763
968
1039
288
54
226
853
1251
240
1465
811
1058
735
1482
1818
4
289
338
1900
1820
956
506
377
1320
1509
1542
690
569
1343
326
1979
1371
55
1676
1310
6
1066
1037
268
70
1596
835
376
1585
1183
1486
1942
102
923
602
195
1595
347
581
1481
379
1537
1309
1203
591
847
1848
1594
208
1968
12
1903
150
539
708
1127
493
230
1563
476
1158
1744
1525
1044
1291
932
1175
593
148
1461
1378
1543
1931
1629
1038
1419
1337
1842
1190
431
860
1563
849
1278
525
1964
643
1367
287
526
1872
252
1503
432
646
1450
580
254
1955
1659
1177
519
1160
576
42
1653
194
1667
16
1325
1995
352
673
780
366
441
1738
389
79
236
594
915
1179
100
515
1457
1849
899
753
577
1348
1513
549
1473
1371
227
970
759
1612
1905
1207
1987
913
834
1547
1631
1269
1241
505
550
1642
643
93
1571
1163
1440
1392
543
1857
978
1195
1079
1695
1813
501
1616
364
1378
1384
1180
1699
707
1419
1015
23
197
1315
1842
667
81
1865
1422
1306
1873
920
651
1452
642
994
1295
971
286
1237
874
1141
856
1812
1940
339
825
1347
1628
1264
1563
147
773
1673
455
1755
1926
1201
186
1352
1651
315
1293
1413
634
556
379
1502
75
974
1707
1563
185
1126
1234
336
1943
655
1223
92
884
1284
1280
1389
1985
980
1550
1862
426
294
698
1069
1290
1742
1859
566
219
1322
1724
1713
1889
1938
532
243
839
485
126
60
835
31
1580
563
462
992
1763
340
75
1428
619
941
107
1158
434
907
1048
1220
1829
1989
1570
232
513
1279
1304
978
546
421
1058
634
140
634
1232
1550
1769
1200
114
728
1432
726
928
285
1320
378
1004
1945
54
996
992
700
856
1893
139
1882
1618
449
418
775
1048
1745
963
166
628
1002
1670
1654
1841
280
1502
433
595
1928
1233
1735
515
1156
1962
1526
414
332
843
1306
1015
603
1319
169
1604
130
1722
42
632
1556
1862
988
164
199
1389
845
853
59
1634
476
1018
1314
1488
1944
921
856
246
538
1116
558
851
1530
1241
489
405
631
1667
1646
273
1876
366
1502
1131
790
1128
1599
691
47
729
1143
82
800
1941
1603
173
1044
35
1277
165
1530
1506
740
1808
1262
942
1814
49
1148
982
1641
917
1079
1395
4
124
368
1374
1288
1492
1735
902
59
403
212
1009
1608
851
267
421
235
870
1773
33
1039
1144
1395
212
763
11
1298
1179
1509
65
227
136
1207
1399
1418
1153
1369
1650
1517
1641
549
878
780
1239
358
1587
1195
651
1381
894
299
1015
1050
1417
456
1940
295
481
907
1320
869
832
917
385
542
200
1272
776
653
1229
471
1925
1967
1731
893
1300
1563
291
1389
970
1531
1594
1672
279
1755
1804
841
471
850
1944
524
1788
809
441
511
58
1203
1215
815
1550
1865
1025
329
541
643
1582
466
689
159
1963
315
740
403
1565
230
1866
798
725
1764
1682
1725
679
1041
555
1907
659
279
947
360
373
1689
990
908
1858
980
1880
622
691
347
1393
1395
1992
1726
1114
1373
344
1954
1599
995
1473
845
1951
592
477
635
1949
825
617
1559
52
832
1828
1058
735
963
368
1042
1439
1903
189
403
68
498
1900
1262
1188
985
1730
686
1094
1365
1163
1823
290
228
1069
1406
520
1872
469
104
1890
942
551
1806
1695
28
611
1631
735
1913
1410
775
260
340
1809
415
94
467
1387
620
476
949
423
735
768
1254
389
694
1358
950
652
179
1340
337
1125
257
1133
176
1926
1440
107
540
1197
1464
1105
566
1059
74
833
706
627
105
515
895
832
1091
1282
1822
1935
1564
338
775
945
1492
1758
727
1106
653
270
837
1497
1724
805
1106
1047
1117
200
523
1012
1777
1900
1787
527
1365
1091
1081
1168
1947
1590
1559
493
834
594
172
1841
1774
1011
1361
1207
804
787
848
379
1432
819
1897
1945
102
964
994
419
491
843
1664
1072
1578
1639
107
1068
1188
33
1534
1130
801
972
1504
581
1865
1174
1923
266
567
179
1696
862
624
1816
1727
1446
456
930
111
1035
165
384
476
140
1947
1742
1400
1971
532
89
1917
1160
1549
910
444
803
421
1103
204
1597
79
1
912
603
674
877
119
442
298
1662
838
69
108
1032
1854
1613
201
294
1858
575
707
635
759
840
1466
1005
1487
1744
1259
452
162
1081
1499
1276
224
462
498
841
1455
1037
1541
1611
893
508
804
440
692
933
1907
520
1251
887
832
196
117
1378
1407
1450
250
1014
1557
150
1788
144
1197
1349
1562
735
1343
315
1313
1213
824
452
239
307
1418
1513
28
1315
811
1157
595
284
38
1796
30
38
852
1572
1838
849
832
106
1965
548
1066
1881
1278
1322
1024
1613
592
1998
759
1026
1962
407
83
925
1328
710
171
1355
699
1730
1478
208
888
856
906
606
467
350
1395
1897
1159
556
1440
1416
1777
1954
1204
172
1500
1703
1311
1345
1116
1386
617
297
1455
299
1494
792
1045
661
1089
1148
1410
1321
1737
1553
1463
1889
1214
1278
1669
590
869
926
40
862
1145
1942
590
106
1285
81
867
760
132
914
1201
1956
440
1902
588
1564
1447
1842
1103
1928
1433
1916
97
1660
1389
80
640
422
1928
1160
1337
984
1076
341
156
1589
1716
931
788
236
730
1431
1058
297
1524
696
1558
309
968
686
394
113
1381
1260
494
1904
1287
684
1337
1918
943
1501
724
1564
849
983
227
737
1366
542
1892
854
513
1469
1507
292
76
1437
622
1064
903
790
993
440
1883
1603
321
785
913
1966
1732
383
1354
1564
578
1368
1666
22
1529
1338
245
1093
352
1098
195
928
514
1693
527
454
1110
1316
736
109
1643
1239
1215
1634
1737
1889
183
588
263
793
1937
919
1264
1262
58
1309
783
475
1715
1285
1333
600
362
899
1090
1567
1032
1614
994
1899
1442
341
225
1650
487
716
723
851
1876
634
1049
1738
600
899
415
63
459
730
1173
100
1448
41
86
1080
1267
1791
476
1403
1927
1498
504
525
1875
1982
844
679
1905
1155
570
146
417
27
1256
1871
749
1504
475
194
742
607
1172
486
1363
1798
770
43
175
1930
1300
1488
1249
1353
64
815
22
282
541
1836
362
906
1244
870
1542
1179
1802
240
182
973
732
102
1473
1666
1647
370
1900
464
1956
974
1556
138
693
1081
1216
839
502
1828
1684
842
1314
1395
159
787
1232
124
1655
257
1739
926
1928
181
1881
1295
1122
1564
1763
1455
481
351
724
802
127
516
1428
1802
460
201
627
315
1421
1548
800
1443
63
929
160
1403
468
450
1470
44
1735
1090
1465
413
1366
780
638
1985
694
581
584
981
1630
1025
1722
676
1070
937
634
1672
1066
816
1892
1968
467
1596
283
1773
674
965
863
717
745
372
959
34
430
684
919
58
1160
882
472
811
454
1812
1113
1235
289
1865
1748
297
660
1369
229
305
1933
1920
1148
1274
253
1804
533
1925
1740
787
606
1873
1873
720
1600
59
1195
180
1483
625
901
145
520
1932
1961
42
111
440
990
1066
885
444
271
1904
984
1786
848
1301
1328
919
1506
1891
1227
941
170
42
995
507
656
1955
547
1132
1359
1191
655
676
1667
105
500
827
119
1699
1015
291
944
261
226
382
810
653
1476
171
1832
1392
610
1842
498
1537
673
1665
16
1351
622
1391
1248
1177
996
1119
1480
1249
1057
472
185
501
604
1664
1062
13
945
1736
1805
640
1193
1222
1086
115
954
1284
279
1861
814
51
755
689
467
674
1687
312
1556
1762
1188
1708
1517
619
1535
40
1652
1552
1404
976
969
503
439
1312
801
1933
1005
955
1444
1074
1342
704
155
277
1333
579
1306
1955
1102
1910
1415
991
1655
799
769
1323
1666
1452
1455
1140
853
1040
171
1542
630
1006
1281
918
483
1821
248
622
1632
893
634
1019
1125
1674
1378
1351
1285
1685
1223
1094
1229
1382
1697
1103
1897
496
342
137
1243
1601
1261
11
1165
1582
1191
66
243
174
1226
145
1996
443
1655
26
1237
1643
1869
1398
533
280
641
1207
487
841
1987
287
1170
879
948
806
1351
1965
1332
1164
1585
747
1421
211
1214
1855
1116
503
1329
72
10
1840
1992
1322
598
215
1802
1889
1638
1105
1364
97
381
1215
825
324
1205
158
284
77
1759
828
79
1610
1221
1817
1972
1081
791
956
1946
1132
1039
171
1862
655
49
1785
1674
1145
1500
1387
1156
961
274
1206
530
945
1167
1828
1447
995
300
274
13
1104
368
242
627
1808
1326
315
1265
745
537
1155
508
478
262
1354
1060
1820
1517
1746
999
1321
1342
1166
183
450
503
604
666
1089
1153
316
1504
1151
1234
484
1041
1563
354
859
1855
161
869
1676
1621
990
800
1675
198
300
686
1163
1143
1664
973
1283
267
1516
1170
665
413
840
940
34
1410
918
1430
6
887
1855
1111
44
1549
636
905
965
1242
1074
1458
630
1190
1916
47
275
319
163
1383
106
16
1000
899
935
1181
1168
97
709
1031
866
1182
31
120
326
910
512
1635
1571
1435
269
931
829
361
579
1492
1661
623
381
1643
533
1324
500
1120
21
344
1707
383
1143
826
1141
1598
113
1875
812
762
1579
455
1764
417
1433
1685
57
1976
1156
169
1138
663
567
418
624
729
1772
893
1863
519
949
332
1980
1581
711
748
1628
662
415
1940
516
491
1129
1905
1378
1729
695
112
667
1719
1842
1072
1494
533
1371
1437
1473
1317
1847
1925
437
1752
374
763
917
316
899
1876
1026
361
1180
867
1214
860
453
243
323
1496
226
1452
100
1996
348
987
1040
1362
496
1834
612
1723
1382
813
511
559
1773
1607
93
1420
555
542
906
435
1019
402
1414
1011
93
4
1411
1019
1184
169
1795
1915
818
702
33
1080
1769
313
645
1644
1568
1152
1036
1464
1835
471
188
708
1596
971
774
534
366
58
1237
1842
370
1028
1643
1100
1890
407
689
237
1771
1495
1814
833
287
964
1158
908
1706
1167
1642
1754
905
1812
1666
629
1565
1484
1474
1794
1225
203
1517
1327
1537
613
1709
1429
223
1243
1402
1263
1053
780
1246
992
692
521
1040
1922
221
1059
1633
1649
1168
396
370
1735
1296
1006
348
613
531
16
435
1775
1726
417
814
1360
295
63
1680
1043
1457
249
1381
1638
753
863
1300
1674
563
150
243
1688
1946
914
1881
189
1282
623
1100
480
1628
377
1543
1011
294
9
1551
380
145
936
1069
1455
1804
622
378
1769
518
1397
1365
413
1452
1208
721
1895
436
1611
1468
920
145
1650
28
1840
836
1970
513
900
926
1379
1993
234
1226
636
1856
1859
133
1334
1664
1896
1997
1720
555
292
420
749
529
1756
1955
1832
1655
160
571
776
1367
1375
1991
434
340
1939
1043
35
1511
925
1218
1624
1035
1858
1054
1889
197
158
1696
1351
1314
377
842
420
735
819
164
1649
140
402
516
815
891
1090
839
248
197
1071
705
1021
1742
1760
1793
373
584
469
1757
1388
1018
1451
771
1801
705
1188
614
1499
1235
1734
845
1539
1675
797
163
201
901
301
1644
1064
199
1522
1423
401
1464
1861
1678
270
1384
1642
1205
1016
1093
1629
1902
988
570
1425
1771
116
46
1998
1339
504
889
85
220
495
1751
100
626
1191
461
21
1589
480
182
107
595
1444
1300
913
608
1953
567
1912
678
1126
527
912
922
1246
997
763
1635
67
1218
860
16
182
787
528
455
592
747
132
190
1569
760
1855
256
1422
727
808
991
1235
694
1532
1871
458
118
620
114
632
134
921
1902
714
986
759
1689
1968
1909
1570
1746
603
780
885
553
576
1952
1268
713
992
229
1696
923
305
394
1795
1296
1534
1686
1385
1660
1731
1538
262
314
1939
962
1009
226
1485
564
1451
1146
962
555
1131
101
830
416
958
446
1309
1311
497
1818
1532
148
614
1296
1568
1710
555
383
984
1267
1463
1498
237
1764
1715
730
1832
1671
1271
961
1597
1257
1269
1515
1677
296
284
1162
1685
439
492
61
1997
1274
8
1675
1410
1170
536
1553
1420
1282
639
47
722
447
1136
1535
1869
934
77
1401
857
86
1021
396
1414
737
691
96
386
388
699
680
1760
906
1919
451
274
1677
1756
981
721
105
877
488
985
1806
1871
1074
47
711
867
1993
109
686
1850
247
1935
635
64
358
425
691
277
959
839
1292
1766
737
499
156
1795
1342
1093
170
1142
242
1877
863
831
610
1969
149
510
280
1509
339
1633
324
1684
948
1064
1347
1733
1330
1276
1566
1994
805
972
934
141
85
1173
374
1290
1292
1961
1401
160
1099
444
243
1765
1235
110
1340
1969
1304
13
554
1238
1237
1624
661
685
1518
605
1098
849
1838
1025
1611
1185
144
1250
182
631
653
1167
1874
1069
409
311
1147
1484
987
1267
1111
403
1589
81
1470
1075
713
1325
376
1016
1089
1237
1989
258
1752
1642
1900
407
688
1842
1763
868
285
401
211
758
694
937
1144
1223
1158
1650
1272
976
1041
493
1270
1224
238
195
1160
1876
472
860
1992
17
498
438
290
1423
157
68
1372
62
1749
1389
392
136
241
1833
449
1530
1376
627
498
1405
1211
203
774
1956
1995
1890
1236
634
451
239
795
1694
1029
1251
1852
313
836
411
74
1081
1220
847
1188
852
361
734
168
838
332
258
1642
1064
924
689
997
1293
1654
180
745
1553
930
911
820
1523
1028
1014
168
712
1607
541
466
863
685
450
248
1470
993
481
1864
1280
692
833
1631
591
35
1825
296
1501
820
1908
1957
1920
1739
587
1555
1476
1424
1779
1775
178
656
497
1436
1344
1020
1182
1287
481
1773
381
1200
79
340
1890
974
1177
1141
1489
612
1381
725
1955
851
1433
370
1514
291
1893
1840
1873
438
740
62
1939
424
261
549
1744
204
1365
795
635
579
175
1939
1146
1733
1597
908
767
607
1616
611
443
1203
29
1148
338
1593
625
1901
485
1348
217
729
1113
1510
1663
221
1934
630
1567
1027
725
1407
867
1820
1649
464
711
1146
1116
730
1052
1923
1192
1065
924
1119
422
1225
990
349
811
772
1699
46
951
473
175
69
1517
1643
586
1880
1935
766
1490
988
1325
1391
177
1845
439
1715
189
351
765
1440
1002
151
142
1633
1752
1433
636
670
1581
112
1189
1469
1073
94
354
1794
1326
979
219
1353
66
1704
1337
1482
1020
1561
534
638
224
1175
1717
1191
1324
1122
718
129
833
463
1709
1365
975
543
224
943
1786
634
1704
1039
561
1207
651
657
828
16
1253
1282
195
1446
1259
731
552
182
1650
95
965
1486
1118
1352
1552
374
546
907
714
713
424
1360
1305
1033
628
1815
216
806
597
1432
268
1879
910
621
754
1615
1065
1559
500
317
1062
193
1439
733
1891
1334
1268
1981
1077
1865
1381
65
859
1502
1824
80
53
1636
700
324
1100
524
86
174
2000
17
1257
135
1236
1398
995
1818
393
1864
666
1584
46
1259
1284
1484
1947
1240
1432
271
424
1719
942
1838
1200
1141
721
1958
1068
1042
828
1362
596
669
1726
1305
653
1267
1497
889
925
992
1599
1242
639
884
1174
322
730
395
975
1612
25
1306
1234
770
948
1917
545
26
605
25
1672
1516
556
1260
1230
136
1387
1993
1345
251
1980
532
342
1533
792
442
7
1100
545
1724
1313
502
335
1866
1071
698
1508
955
239
1850
933
378
1707
1045
29
1039
1346
1781
1657
1785
111
1535
1936
1760
274
789
1051
989
669
572
203
972
1639
144
1350
461
1273
179
274
1262
683
1272
732
1164
1426
1850
1551
656
900
1161
1375
1611
1368
883
1871
1510
1248
872
1384
1766
1942
1179
13
71
1958
1658
1560
1325
523
1635
860
614
322
325
913
1179
332
268
308
1033
484
1986
255
669
848
32
1386
560
1692
1110
754
369
1038
1114
1163
323
377
1874
1896
1652
1194
1893
813
25
280
1534
472
1293
984
1826
1679
188
960
417
1586
1205
1749
1909
1447
1367
346
964
567
348
873
396
252
1768
1983
35
1062
723
1661
325
1947
829
731
125
1822
770
1440
1910
690
978
804
1253
944
1520
1120
1355
1134
1433
1498
551
96
602
1817
1398
1629
353
497
665
1538
1525
1460
1850
517
959
1546
964
1765
1162
1104
1815
40
116
1967
1584
741
1128
1818
1485
1764
1078
1670
1090
1083
1715
1790
1671
1911
1966
978
1425
732
1890
1602
1572
956
1206
1967
1648
108
1820
1696
74
1777
393
592
424
498
813
467
1727
346
965
1569
1942
656
899
748
340
1339
124
1721
111
942
1206
342
1147
1777
278
1927
1892
1260
1845
231
788
1950
525
1276
165
324
645
1857
1399
1944
1238
1267
525
1091
460
1857
1622
1102
586
541
1887
1272
970
1532
1876
377
1680
934
67
1031
556
1089
1347
767
1656
1868
1343
576
116
446
1452
380
192
164
23
543
898
1153
1893
86
961
879
656
1723
667
1693
1910
310
425
699
465
845
1047
473
1324
809
389
259
1648
137
1404
1716
1519
310
718
901
1544
1612
526
1998
1575
530
1780
511
120
480
1288
1277
757
1716
254
1815
1161
789
754
837
549
1583
1552
1173
431
1722
1277
1121
1003
575
1613
356
848
306
217
1092
1235
1541
1081
182
1384
809
1042
977
337
1146
593
1386
1411
1687
310
63
1513
650
793
1387
316
1212
1951
1140
247
1421
1227
525
1064
321
1000
306
334
128
1801
98
1484
1976
1183
157
1012
1409
1542
1714
1749
560
447
1110
1944
919
1894
1151
1579
1513
107
382
1190
897
818
1684
559
547
1044
1164
557
1779
436
1525
1104
1134
987
1168
574
1443
542
714
1813
879
944
887
1148
733
1704
182
1707
1422
940
1621
921
1020
1673
1513
162
1100
1519
625
1548
1168
1597
1278
263
1189
95
1044
243
90
922
1665
1352
370
1767
443
1020
1483
1372
1884
901
1855
1276
116
28
468
781
1537
1952
135
1820
1900
1400
1353
1095
1499
1647
1967
1721
1764
700
405
1005
771
1072
1757
1608
1974
296
1222
492
1911
16
701
566
170
503
1544
1200
768
781
1218
240
563
295
1870
1311
1289
1132
1108
363
1965
1237
1544
1399
1933
1350
85
387
541
1742
1395
103
792
753
1218
621
1863
167
647
1768
1682
593
305
970
1455
665
1111
1717
440
1456
1036
1035
270
1668
1802
710
802
1793
1195
779
1030
613
1015
907
1095
1470
1194
1039
487
1154
256
261
1461
1972
723
21
122
77
123
894
1934
481
229
807
1189
1674
278
1894
530
968
127
1273
1741
815
694
1650
841
597
355
648
1432
1169
602
1518
160
1821
1871
660
1175
1690
98
1996
314
365
1348
1632
761
1339
103
1867
1628
1165
1361
1865
1805
396
8
457
1646
1368
816
746
66
500
457
1394
508
1387
1294
271
1856
1120
1629
1842
1913
32
721
1106
628
1054
469
1849
1150
1698
647
1048
504
633
667
143
427
1341
276
990
1519
1117
1729
721
964
1718
491
791
1886
1523
1439
1824
1633
890
1607
467
1253
1421
1086
1228
369
755
59
1060
281
583
1674
582
1445
787
214
1872
1846
336
556
1444
1652
1952
612
749
555
821
1313
529
1466
932
154
1571
810
398
1992
261
1282
130
1024
842
580
1123
1642
1789
463
1458
600
1566
794
314
636
1610
1819
1749
1252
1070
1332
1765
158
756
484
331
1328
501
431
278
1419
1831
1423
1934
954
254
173
960
1301
7
1917
193
1598
1873
224
514
603
575
1389
459
1981
1620
1831
1744
1120
1497
511
294
827
716
1747
1102
930
1602
1987
143
616
1728
930
683
1771
913
1078
1520
1882
334
1976
948
1685
199
1961
1390
721
363
238
66
263
888
457
998
329
1513
1700
30
755
949
266
1200
1011
1098
951
870
801
1275
1903
792
959
726
1229
579
527
661
1522
1446
1152
737
1300
224
1130
1495
1180
1511
1705
1631
1358
834
1106
73
24
498
991
1410
543
1395
1642
1603
1495
1069
181
383
1267
554
1306
518
585
1035
1305
1770
1349
943
1428
1172
768
18
210
271
1970
544
1653
843
235
62
943
809
594
1398
1098
118
18
1847
891
1837
1382
270
1456
34
814
1124
819
912
617
1720
1507
1279
855
44
637
1507
1875
1331
53
135
1352
1906
1184
1618
1952
976
135
1173
1743
665
1560
611
1800
492
1162
212
861
1593
366
578
920
1401
618
881
1147
1209
1476
753
718
1874
1583
1242
1279
923
1570
554
7
1121
1090
1555
1413
1839
125
502
347
1500
139
886
864
1819
1577
1729
1884
1149
1984
1803
1645
1160
1240
775
1946
1078
1324
835
1932
1982
1931
1616
1658
255
1075
1163
534
1606
1220
1765
1109
1371
514
724
684
1967
582
1942
1197
203
133
68
1687
178
1987
1281
198
48
1106
769
250
684
1193
664
1146
1183
496
1614
1650
1806
762
621
1368
319
854
195
851
952
1586
1429
1054
1184
1175
1434
361
759
979
219
1506
1521
908
1804
1097
1807
674
885
1466
1772
389
776
1006
1381
111
1478
1328
338
613
1790
847
471
1017
1724
1429
860
695
621
1289
824
1840
616
70
72
461
1590
872
460
1307
1584
619
601
708
1744
1215
584
894
1605
1305
254
1277
320
132
1448
716
1360
630
1381
432
1636
976
118
1134
61
1916
549
1916
915
1937
1742
1725
1285
953
1166
569
1747
324
131
1056
1116
865
767
945
520
14
1577
1748
1130
1077
1418
1573
1353
170
1553
1400
1864
975
1510
169
1358
185
721
1238
1525
620
1315
536
162
164
670
1767
1233
1330
209
1798
1388
1365
1032
1087
623
262
942
327
1278
213
591
1720
570
932
629
366
1669
1695
1031
759
1393
1097
789
1370
1414
198
1306
896
1272
1136
1661
655
570
1943
961
1146
254
550
49
878
363
479
906
1015
1888
1670
269
987
778
1408
1230
597
7
1156
1923
1843
1061
76
1878
765
1516
235
372
1636
1506
1215
736
1798
938
1062
1789
835
29
1427
1303
847
684
617
829
1786
1730
1231
1369
775
1356
1429
1739
1565
1420
283
1904
1294
31
1699
1390
815
1840
792
711
1568
917
335
701
12
853
961
799
705
949
764
1994
958
1952
1237
910
1242
1001
1403
764
341
249
91
816
85
1267
117
215
61
1351
746
844
79
1707
797
1666
1296
1044
1886
1015
1976
165
458
8
1479
1965
876
245
501
1742
406
1342
761
1473
700
33
1870
1553
965
1614
1911
481
419
324
272
1879
591
1417
726
1495
992
52
660
1455
510
968
1802
258
864
547
550
1991
1154
1050
239
1010
1385
858
804
875
739
291
713
212
1387
849
1973
819
58
1466
698
226
1446
1372
376
1101
1048
737
438
178
948
1777
932
617
386
100
1427
987
23
593
107
52
997
1913
1465
899
370
1950
911
933
810
1945
1726
615
1406
1747
1029
691
1870
639
1429
1462
409
682
1005
832
601
1396
156
1148
1974
1559
1476
1317
1481
969
562
952
1198
1081
769
1804
356
1617
1723
1250
1607
1045
1123
50
1278
604
171
1452
607
1516
1932
1373
37
90
43
1714
1104
713
1271
1849
1524
724
351
1378
1775
1855
1115
995
851
193
1558
1113
522
1370
24
1090
295
769
539
1833
366
1000
881
353
1138
585
207
560
1419
187
221
1273
1841
1332
1170
1172
1965
597
458
465
891
546
1222
719
153
1340
1526
344
1082
55
537
1570
71
1082
1487
1557
1005
758
1079
1482
307
418
765
33
235
1339
1840
519
843
1750
1228
1410
1037
378
1892
212
1021
425
1330
1102
1851
1891
1285
731
1498
1109
715
1897
1720
1154
1843
192
1465
145
11
1693
1194
123
26
1568
229
1678
310
1455
1657
1484
1188
383
1597
264
443
934
1742
113
1305
1227
360
1631
753
1908
703
1542
1922
1660
1324
1456
318
988
875
1073
637
994
1629
1844
1681
1793
1564
1914
1018
251
1250
1562
1137
1724
1011
674
481
1310
554
1123
915
1844
575
734
1897
932
1503
843
1903
1296
1336
11
1042
1448
1646
1870
286
38
1099
1915
869
1032
685
1817
649
1448
910
919
176
1464
690
1016
1893
520
1702
1757
852
1013
1143
1843
870
939
573
415
574
1554
1694
1986
957
1426
92
1480
1178
1133
1949
1338
1546
1141
828
1763
1367
1929
724
840
1909
687
1641
763
723
92
437
806
775
1118
649
654
1202
582
61
440
935
946
791
329
1386
364
468
134
1927
246
1245
1345
725
125
120
958
1909
231
483
438
1742
1907
1118
219
477
136
1075
1291
1194
1677
1426
1969
1560
1472
1308
1693
1256
743
885
390
1304
1571
1699
1216
1327
1284
109
806
292
78
659
1973
1208
1971
150
950
663
8
1479
1492
1748
1935
442
1426
1929
1486
944
1497
910
819
1593
766
1254
1731
296
1862
1515
1113
39
1341
1529
1658
1987
1219
657
535
826
202
1039
83
975
1488
1328
876
268
237
738
1445
494
453
1206
639
1288
654
1038
1786
582
298
1364
1252
1455
1743
166
494
1769
989
140
1242
1640
842
660
1319
1830
55
1952
31
1505
1883
177
1503
1310
1425
185
467
1770
1421
1111
1191
807
689
115
1781
1209
33
854
954
57
514
1637
991
171
736
793
948
551
497
752
1328
718
690
952
1231
928
642
1705
1591
1555
894
1903
1045
596
956
311
1252
1273
1782
932
1453
240
1713
1103
344
1041
574
1292
665
1950
616
924
816
81
1187
650
1598
1268
1166
349
1018
927
1595
57
190
383
120
1930
1161
2000
813
1931
1895
1745
1303
849
181
802
1985
1197
1977
1443
694
1984
96
329
197
187
993
1661
440
184
1729
1005
1471
1861
429
873
401
1482
1762
1285
183
779
1703
76
1674
1787
897
188
1971
41
1375
1283
1611
680
561
823
481
966
505
1694
1959
55
672
494
1655
606
1883
1417
1662
1434
1765
535
1366
533
830
142
1843
1068
1228
341
642
1349
284
1953
29
1013
786
1463
689
55
1009
1465
417
1438
183
901
1266
1839
288
1715
781
652
1269
1388
418
1249
643
1807
1284
261
1023
1392
230
839
390
612
290
1390
1834
432
201
1991
670
60
642
104
1731
1053
300
651
324
559
151
1235
1513
1656
1988
1838
241
1185
1580
815
1789
1688
1968
1721
456
709
1979
1116
80
1793
398
776
1516
1977
9
259
1589
1883
97
1260
1492
1599
627
649
681
1595
1588
766
74
567
1826
1721
566
1198
61
1953
117
1094
227
1312
1994
1800
1014
325
1297
93
4
573
491
940
1844
1437
385
1884
1898
1675
569
767
1492
1759
1401
662
668
818
1342
1515
1635
141
1596
383
1574
844
116
719
424
803
1902
883
1457
1363
535
180
797
307
1995
1632
1095
464
1589
1654
206
1636
1482
1085
1464
1054
1204
212
1612
1853
204
643
269
338
660
596
1508
693
1369
325
185
1544
600
861
1275
1101
1830
1430
1351
885
797
1345
601
1524
1434
1987
536
996
216
1831
1582
1088
1871
1061
275
734
817
125
994
252
1166
1722
886
1138
751
1057
1339
508
951
1543
1511
680
1998
1039
840
112
1978
413
1730
1960
756
923
1286
1265
1929
300
103
628
145
1893
759
1087
367
1820
540
640
573
1021
1718
1512
367
1717
1686
1436
426
1989
1173
1682
1506
963
876
1134
270
497
1520
87
555
1983
363
277
1979
1959
889
1334
1639
640
1275
491
191
1684
730
534
1859
807
1281
780
1883
1531
61
1597
1913
710
864
1668
1004
1517
80
942
760
292
1380
1816
270
413
1573
1940
1108
1341
478
1904
772
981
1856
1228
1713
1418
42
1360
105
708
1736
748
1128
713
918
1719
374
770
333
1436
145
1221
463
841
842
1527
819
272
866
916
21
1592
1272
550
1161
1754
176
1839
916
1886
582
14
789
1481
1960
766
1708
1065
370
698
1501
716
1164
738
1395
372
528
832
1341
1342
795
124
1616
1880
775
1841
391
548
1858
1438
972
767
599
1828
825
1488
491
779
1900
848
264
819
1962
490
354
1636
1061
1553
1191
1423
488
760
1027
378
520
557
682
1615
443
216
1923
1329
801
1822
535
610
901
509
1028
261
457
1942
1639
403
1594
1710
149
702
1461
1455
402
1376
337
1728
575
1316
377
1771
981
1422
284
1068
1920
144
728
682
797
295
1268
471
699
944
1170
1551
17
1343
1280
38
1977
357
1359
1421
1330
714
109
703
1122
335
1735
181
918
1694
182
1917
1207
1876
407
1661
476
266
312
1539
1380
669
1630
1561
1797
105
1588
1391
93
382
919
1578
1007
32
479
1300
933
1390
639
1327
324
1102
1820
373
1203
575
1854
1645
1848
929
348
10
1171
495
743
699
1566
1965
895
1629
1901
1153
449
1938
1330
268
1331
802
1856
223
712
29
1765
469
774
522
184
1001
235
137
1292
1804
720
513
83
243
701
1900
240
1671
642
638
1702
523
1618
422
243
1417
863
976
925
1837
26
857
272
467
39
584
1143
533
1953
1010
1595
1792
606
46
802
1766
1557
494
1985
998
1584
184
1884
1442
1085
749
393
1203
1565
1478
260
1472
20
1065
166
153
367
807
481
1742
284
430
693
1057
1584
1153
1179
972
1699
1509
1648
1697
1112
461
405
515
1370
306
669
653
1280
410
1398
1746
22
1055
266
874
1779
1257
524
1887
213
1327
684
1714
1981
1191
146
1793
1139
107
1141
1616
1927
800
1584
1398
549
510
1160
109
1210
1680
470
673
1460
1649
1233
645
1283
333
1507
1473
1367
4
1782
1881
1953
347
1172
1997
1040
1867
148
1885
1645
1021
1875
1878
119
1764
232
1848
1977
1210
2000
56
1567
1900
1852
886
1552
64
1241
1009
86
1864
175
1178
1718
1384
958
98
1949
1209
1608
333
1345
1250
1913
893
916
1167
1691
1391
1098
343
1300
1952
961
254
423
1289
870
1835
1667
1117
1689
1531
850
1811
258
1327
659
693
1780
760
1930
995
217
487
1138
47
1635
1402
972
342
1666
588
1317
605
1930
1335
893
1192
15
1244
1241
465
1029
1499
367
941
26
1422
2
351
145
866
312
1828
1426
856
785
1711
571
117
1095
1038
282
958
191
798
1086
116
1886
1948
247
194
1602
1708
1648
1256
1324
662
1316
1142
1111
1134
575
458
1539
1667
560
1777
470
1253
633
950
37
1257
1850
490
140
608
56
757
1101
1026
1916
192
1557
1779
1951
214
1028
19
773
1675
645
295
87
695
1502
1896
106
1670
1615
1913
1577
178
701
1846
1181
1665
612
85
1212
402
1321
666
840
1765
309
906
1221
177
273
929
1217
411
621
363
1223
1299
140
307
767
1487
1341
273
108
1141
345
872
1334
753
847
895
1876
263
1294
23
1645
1855
818
408
378
1617
965
1512
1232
1086
1934
526
1069
1424
1795
1183
1057
880
987
421
477
373
1842
1805
1683
749
1752
1760
1930
482
1494
1825
1272
316
1238
1525
207
912
1562
867
125
642
783
1505
92
1109
232
1289
871
223
1992
333
1236
597
703
941
93
1461
1196
365
1771
345
1866
1260
1387
698
138
486
212
762
1324
960
1944
145
767
432
785
700
1597
1213
682
654
118
1695
130
1503
705
1816
1371
836
519
687
1879
1176
440
814
1681
1765
784
353
702
1289
107
125
728
1182
1419
817
1815
367
1960
871
186
1739
986
1473
1369
137
1778
590
337
964
1102
1758
1126
1616
744
423
1201
1064
1416
1529
1919
257
1768
219
511
221
1615
545
487
1787
1146
181
648
1348
66
1468
318
1311
892
1878
1802
1773
1006
210
1416
775
140
949
687
122
1287
1515
1340
457
1912
227
1808
548
1559
81
1967
1476
1600
1257
1196
430
902
334
581
684
664
1400
1659
1418
1945
132
1057
229
1549
660
1801
886
939
1929
1409
1254
1122
442
1148
510
720
1354
1323
1854
1982
887
1458
782
1402
1941
897
1009
185
1403
1203
1104
1822
434
681
1486
428
798
901
1281
565
27
1528
413
1563
126
697
1120
1810
579
303
1576
984
1160
592
1520
1770
256
1701
1629
1367
760
1551
533
1817
983
458
1084
823
43
361
502
149
1022
1505
989
162
1662
677
1192
220
69
347
1916
688
1448
1959
1290
741
444
4
416
622
175
1097
1639
1180
244
342
919
1268
1865
310
1799
1228
1188
976
1962
708
1696
1242
1212
1368
1363
1674
939
1878
1999
1306
1404
1795
1148
774
830
208
784
1961
996
1070
994
1385
1957
1730
1073
171
362
1933
592
822
36
941
1290
1007
1832
121
1674
756
370
1889
665
300
1007
1723
298
1055
211
1762
1686
1332
535
1235
107
605
1481
273
391
1741
630
1703
633
1148
192
654
1680
590
948
332
288
1063
1139
1842
204
600
493
985
358
1870
1306
1086
1600
833
1394
778
1287
1711
1889
1225
1836
136
1301
72
539
881
1296
1105
295
819
640
378
1028
1990
1577
1910
49
826
1831
1373
837
367
1124
247
926
859
920
126
796
1254
705
598
96
959
181
1872
1925
1757
409
1866
1888
960
90
1838
201
48
221
1867
454
1728
306
517
1998
1110
248
1561
1896
1949
1463
1075
1647
1276
925
1914
1863
572
809
1510
1415
1471
1287
580
234
1794
48
1549
607
228
1760
964
1054
1379
691
819
1664
1654
48
456
1979
1347
431
615
1784
531
1824
301
1535
976
853
1471
677
98
705
974
1832
629
915
193
243
1850
352
1659
907
1127
615
1488
1364
1155
1284
262
464
1364
759
1544
597
518
1147
1743
1494
1382
127
829
663
1077
852
939
1785
96
690
1984
496
101
49
541
875
469
155
1219
871
547
1246
1466
580
1068
1906
1143
1831
421
556
1045
486
746
710
109
1990
439
1833
180
1880
1547
954
1939
266
1270
1492
540
1550
666
1328
628
367
1089
546
157
87
1264
1894
1366
1803
698
1969
943
1603
1868
830
1979
1596
1807
568
1700
164
573
662
577
1303
640
525
617
1227
1239
523
173
363
1979
1841
1483
386
614
1133
966
469
1730
1910
1098
343
74
1643
1402
403
224
1998
1721
1288
1153
1475
785
967
1633
456
290
1380
1986
1727
874
1730
1079
550
1546
1527
1534
463
1571
115
1630
977
1543
1383
1774
1303
1896
1791
1460
1359
1830
1727
1845
88
381
1055
1123
660
123
366
679
649
1315
1883
1221
1555
1412
1219
269
1293
1909
1990
1509
956
1367
16
931
218
1418
699
23
687
67
1160
858
303
1089
25
1521
220
189
1745
1212
73
650
665
516
821
1417
1910
969
1881
185
1761
1068
1958
115
421
44
1845
720
1013
84
1170
905
945
937
34
1437
1481
1765
1729
877
1678
836
368
1619
1775
1331
1597
1887
431
1192
1915
462
316
1195
281
1893
463
557
319
224
656
442
1957
1582
593
702
1465
1803
1522
408
1349
1341
389
1223
1521
545
385
645
1284
1583
1493
1153
1217
1564
343
1608
826
1149
267
395
346
640
1030
258
1690
386
1802
54
1380
1436
236
718
1926
116
1577
42
1905
1435
786
1121
493
1964
486
345
1528
1561
1764
261
1217
309
105
1766
875
874
670
309
1967
723
886
1048
39
935
1774
1882
511
32
40
1047
1374
1489
1269
1460
844
82
1202
1228
1373
756
1146
1660
34
891
1298
807
565
294
242
1454
1188
929
1540
71
621
330
1761
276
225
758
1519
1643
602
963
112
1941
1028
1906
1340
1504
195
394
69
1239
846
1349
1585
162
577
1178
770
236
719
1383
1822
114
1105
116
623
1946
449
1130
1735
1356
634
451
1123
542
805
902
1441
1248
1454
1466
1894
1895
774
1009
1532
352
658
374
1394
582
477
729
1516
577
268
1180
1105
1382
1321
1509
1598
73
740
1656
1283
38
632
807
912
4
775
714
319
1330
263
1364
1685
621
632
562
1017
288
1757
576
685
294
220
1726
540
1378
372
1043
1470
1047
1451
393
1009
1002
1931
1534
1428
1515
1015
1990
292
983
464
1057
1282
1722
1677
36
167
559
969
1624
1732
1086
1539
1509
1560
409
606
1653
229
1871
26
86
283
506
1220
100
1094
1919
1852
330
411
1004
296
224
1070
1220
230
420
1923
1361
173
379
580
1067
1969
1313
976
1859
370
1344
1950
1619
1003
1560
1578
323
58
330
1914
417
1549
1378
1657
1145
65
1875
1421
173
897
88
1502
526
661
24
1282
90
250
1731
473
1113
264
41
1874
738
1158
1068
997
944
190
1248
1544
824
872
1466
1712
1988
571
456
1341
204
672
1367
1388
1603
62
558
25
215
1619
1862
1252
1375
1589
437
415
1116
548
1744
1868
936
1440
1670
402
425
428
473
857
1084
1195
1695
83
1959
39
698
1638
712
1928
1721
1567
919
1080
133
952
81
710
1179
865
636
1541
225
62
41
644
1257
326
44
1420
1716
773
594
1562
1538
649
400
1144
1574
1411
93
1760
147
899
1374
108
145
1060
1675
1725
1245
1969
1133
448
1098
171
1295
396
1091
900
1720
1361
1035
339
57
1367
1347
1574
1381
777
1849
1317
201
221
1092
963
1395
724
723
1321
1248
109
1501
1663
1629
1019
470
400
728
826
721
940
1229
130
56
214
1124
111
641
1281
529
1832
1180
599
976
104
1465
31
1628
1594
1846
1170
547
1583
1657
1571
476
462
1517
236
1138
1202
468
589
275
1768
1481
1452
1779
514
828
592
1007
139
579
1629
869
197
213
804
254
1538
177
1188
150
205
1931
1698
1804
765
256
1091
1004
1453
43
295
677
1634
908
1027
1194
11
1015
1723
1474
1725
1695
1995
1630
338
297
1591
308
434
241
1047
411
636
1774
1386
763
132
1193
1263
158
1172
692
614
1470
1394
560
2
32
103
989
1749
1073
179
1428
1709
1391
975
1157
692
1328
868
86
1829
1716
1912
1579
81
1375
1400
141
1663
1554
527
1160
117
913
728
1061
983
1054
774
235
1670
1935
1324
568
647
1391
186
962
1381
1644
1383
588
829
232
1513
1015
1462
1506
1492
1316
637
1468
1615
363
1093
915
617
102
1998
1661
1643
786
1584
15
1726
710
1890
1534
726
1261
1530
1841
1500
1454
734
138
1093
1875
497
1586
1152
546
923
178
929
1193
821
19
1649
1338
1889
1374
1202
842
551
840
568
1508
296
1237
1168
1973
431
239
385
165
1638
1039
767
703
379
1696
1613
1161
207
128
1869
1777
1883
1865
811
323
38
245
57
1144
1839
221
1447
842
1632
604
158
382
1533
1257
1578
1067
310
832
84
717
944
1848
29
1686
20
1682
1279
1131
1891
112
1404
1404
899
1588
66
1399
864
1572
1484
1699
1846
1504
938
117
1075
1757
1804
376
425
1795
777
1543
760
1324
722
1289
420
1527
540
1402
1660
39
1996
459
299
233
1632
882
1603
1576
1377
1918
1834
335
1540
844
1022
65
593
237
1863
1100
1099
1309
1042
487
1120
333
495
1944
1827
601
1783
1625
7
1954
824
1009
124
351
1126
364
499
64
1471
619
1474
242
1736
1469
1906
1964
447
208
516
881
1133
1697
1242
509
1841
1066
1557
1540
73
306
1041
1974
1204
1585
1918
1737
1878
1065
1612
1496
1998
1200
1831
1255
1453
11
1658
737
537
548
1487
1680
977
958
22
806
1866
785
98
229
47
629
631
135
914
1651
1156
844
988
1075
988
1379
282
1951
375
446
678
625
1697
1693
1933
1558
692
1185
1954
343
1053
911
453
751
392
1156
946
421
71
1833
1936
1769
959
1634
1806
345
263
1263
1185
1513
1825
1659
978
779
1839
1624
1775
134
866
1584
537
440
1330
1782
74
1609
934
1963
1459
1702
1226
1098
100
1082
1475
1342
320
826
1401
1744
1045
443
162
1088
873
520
513
237
1351
1035
703
442
1545
568
1597
709
478
1277
894
243
1305
1788
848
1468
1758
555
1651
1642
1949
1361
975
1667
1854
197
1769
336
877
599
1684
768
1921
1329
974
788
664
1971
758
1492
430
1315
1356
539
1318
1651
1311
728
920
94
133
593
778
1027
1032
1974
133
1735
755
1743
1793
133
692
156
988
336
1965
141
646
82
1944
983
1603
1856
1164
1237
139
1027
883
1818
1642
270
710
1979
531
24
62
545
820
875
890
1667
1768
1915
832
432
1501
1472
35
1679
672
1222
973
802
1158
1784
1369
703
1725
1358
1967
1618
655
1796
1139
871
381
1926
826
1674
247
649
1399
322
613
1204
113
1627
698
851
358
1358
537
119
1511
56
1242
1386
59
1509
1701
790
1953
398
370
807
1515
886
1572
282
408
1964
90
114
170
1481
1248
370
494
1795
1165
1624
1150
417
208
1115
1294
1677
1314
859
423
1077
1026
1225
114
251
1015
591
1690
844
1375
1344
1752
1439
1841
236
1361
978
370
1237
1016
1527
1332
329
1372
99
1982
663
624
737
329
1018
1079
1773
1893
1301
577
266
438
1689
142
780
1116
1806
1431
575
663
183
1389
1666
1361
1158
1290
1098
1227
1987
464
98
74
1355
1337
1283
205
934
1924
1402
1915
785
1759
436
1521
806
1975
1806
917
1455
1473
1921
296
1425
1259
1186
235
88
1259
1765
182
1817
1964
949
497
598
1739
1232
1172
1715
1521
1504
1475
1441
1933
448
1092
1146
549
372
744
491
413
1303
178
1967
1269
1554
1894
1391
1160
377
1943
1979
877
629
609
1480
280
677
1081
334
1877
1378
767
427
881
1621
633
529
199
974
1009
1450
1877
871
647
441
1099
1326
1728
1071
1858
1106
1325
1699
1411
528
1185
1478
878
131
1204
1175
708
1423
928
598
1051
925
224
90
1981
1517
876
1548
676
611
1498
1947
1070
1570
900
1166
1343
989
1313
1607
1192
1534
255
18
1443
470
1141
1088
712
1563
434
1187
1290
1195
1015
1009
346
1352
1766
890
1475
424
1006
448
338
937
1542
1237
1540
1031
4
965
730
307
1617
1796
1381
1296
1932
609
1559
983
1418
183
168
175
4
1190
468
1220
1281
1047
937
1562
1300
1501
1878
1613
1926
1835
690
941
1248
650
1428
201
760
1642
1729
1548
1720
1897
498
1000
1062
1508
413
278
1051
476
216
682
765
173
1184
327
254
1971
1394
1853
14
610
1604
854
403
1575
166
844
683
1430
202
458
988
586
43
311
1896
1487
1298
949
61
753
877
1190
1019
760
1278
1894
803
661
478
171
1492
1089
468
692
1824
1433
193
1978
263
465
1330
1473
940
271
1331
820
589
1165
1520
267
1616
489
1864
1321
9
724
1370
1311
1841
1931
1951
719
1768
674
32
182
964
1373
1451
1117
494
1306
1775
682
1841
1422
1998
740
1937
1640
363
726
37
1247
1134
38
411
467
1750
842
1354
1618
1322
16
95
690
9
452
167
1376
1372
1243
393
213
768
162
1987
1748
986
1770
858
1587
60
1703
842
788
689
1573
597
709
1783
347
914
95
1012
1388
1093
1454
751
1322
364
1449
905
1730
1643
1244
1512
1846
857
536
1909
530
727
1555
1235
372
1523
32
239
660
1490
74
77
2
266
1227
1497
44
409
1119
1616
830
21
1345
901
357
44
992
1934
890
1164
41
505
1913
1699
1040
1493
1323
1149
1186
1114
929
462
27
720
648
1971
1942
1841
1222
393
401
1650
493
1821
1508
1989
288
1386
492
1237
220
546
1926
1244
537
1191
380
867
659
1124
1776
554
1545
718
1335
531
903
1742
1007
964
337
579
325
1976
75
529
1209
853
1867
190
657
1586
1978
949
438
1715
1838
1410
37
478
1148
1824
904
593
931
1122
131
1850
236
1252
161
927
885
4
1214
495
694
357
291
1365
524
1175
1566
1927
228
1786
849
1996
1559
1048
1065
417
64
503
1016
1449
445
924
1144
397
1784
765
107
471
160
405
1511
490
192
590
1239
524
931
1597
1248
738
460
627
1352
1021
1752
1969
513
1104
1393
79
943
1360
101
1124
1840
1671
267
383
727
1410
252
1900
170
869
728
1027
1674
492
845
1306
139
917
1928
409
163
805
1542
51
249
1861
1873
1976
645
184
1922
1176
1552
1266
1474
520
1841
1035
1709
941
514
700
1061
980
925
1665
396
241
1359
31
198
1230
118
939
257
1137
1238
36
335
591
403
1899
1721
336
1662
1951
1779
405
897
1151
1389
1002
1529
1907
1601
1937
257
1300
664
1815
36
1800
1890
1412
601
656
930
346
1959
890
1439
1396
450
1685
1544
479
1522
54
819
1041
280
1896
1595
1178
293
542
1950
1944
767
1353
1581
1547
938
1102
1199
946
1699
1878
183
416
204
1272
917
1173
651
866
227
314
1298
1530
1672
61
788
419
1042
1747
1871
1856
5
1862
1469
33
316
1221
1184
1949
764
376
1120
797
715
259
249
648
801
512
949
875
141
846
655
303
1221
1602
1558
664
1317
1747
1698
1058
1061
1036
1067
33
818
1116
1992
1917
748
1634
1474
1241
1372
1448
682
1504
1998
677
815
1421
1609
546
118
1320
1714
638
898
423
1623
1831
170
750
1409
1628
1701
1977
759
1153
1336
1912
1567
1998
1912
1559
1536
1426
1730
1383
282
169
1982
554
1801
1080
1400
1320
685
81
292
440
1006
216
1345
1456
1055
592
1603
811
797
1699
1914
252
1617
1127
1612
203
158
1993
247
1592
1330
577
79
1429
1413
1678
1705
754
1333
357
1705
365
1833
807
159
1976
708
1045
486
703
118
1677
1628
1417
1650
1432
519
1847
1310
572
431
1430
59
1791
505
1654
1303
1015
1503
744
87
553
905
374
85
1475
615
220
149
1175
1847
1287
72
272
212
325
1128
1775
274
1162
1273
1265
1819
1381
831
197
1119
1773
613
128
833
244
958
978
756
144
968
1029
887
1097
1292
1709
314
296
1940
924
1502
1246
1887
13
431
1933
1760
1598
72
1403
721
1305
1442
45
453
173
339
1063
1161
274
1480
1205
495
557
420
1718
337
1769
766
1645
1720
1193
625
1567
504
116
1358
129
283
1063
969
205
38
1867
1631
1110
787
1023
749
350
1875
412
43
442
100
177
13
1140
1557
1136
1778
512
698
691
192
814
1330
1631
503
1707
1286
1026
768
1453
438
1437
1913
482
1565
1088
1715
1958
471
1060
353
637
953
1351
818
108
397
369
1091
950
841
558
604
673
1988
257
1805
234
258
890
1838
157
1207
1809
1832
1339
405
1707
983
1089
245
1999
1573
1997
818
892
843
167
1977
1989
1215
1989
928
115
1399
1175
534
598
1819
1030
317
1130
864
851
633
380
809
656
475
1830
1665
441
1295
1345
1603
312
1541
509
416
669
1709
1881
92
1127
466
753
1190
258
527
1451
1204
59
603
1031
458
819
409
713
1888
425
1978
1309
1988
1875
1670
1376
713
1292
1332
1741
1992
198
782
938
1348
1730
22
307
1711
1697
1034
391
1536
1764
913
932
30
516
1357
1894
483
653
1072
647
720
242
921
263
551
48
1037
1135
90
1920
955
447
740
1382
970
706
1924
1218
721
1459
383
1273
1909
1424
1237
1918
1009
1
1568
613
897
56
1130
452
405
930
251
63
579
4
1800
731
1893
300
1041
258
1079
1657
828
1479
1089
1752
963
1109
1900
1922
1441
1340
920
1143
1631
1536
1731
711
1644
870
1970
519
160
1634
854
547
1028
396
232
384
1795
896
1068
744
923
1501
1115
438
164
1410
365
244
210
927
748
1839
635
1152
422
1906
744
210
1888
719
1741
970
1272
1646
758
242
1321
470
1709
1925
566
1553
297
1529
1894
1883
50
1908
142
1282
505
536
1372
1836
313
965
1438
413
466
832
1483
1903
378
1299
447
334
834
1864
1061
1015
1651
1699
1256
672
814
1504
754
1838
390
1617
1375
797
1464
1535
221
282
1243
1326
495
941
1682
976
835
1628
1836
1753
1809
695
1909
1253
1907
405
296
293
203
417
1898
1908
206
1308
788
1620
1650
1915
1757
1734
880
759
1713
617
1093
1625
1637
1240
1424
289
1329
212
399
774
866
687
1239
759
472
1044
1207
521
1678
534
268
183
1562
341
1253
62
1204
1977
43
581
683
1119
1973
401
1308
1215
1430
1614
605
1406
1170
1252
392
789
816
25
1141
132
640
40
706
1046
1908
183
759
101
22
1445
1402
495
599
994
552
1286
1092
1352
822
820
30
181
1049
1332
1072
1368
1722
294
122
713
1275
1486
419
1900
233
417
1983
1628
547
1655
795
807
1865
1491
20
1821
1393
1694
693
1728
1528
150
605
1193
1948
696
580
297
134
691
1577
581
993
1073
559
1710
1111
1219
187
569
1378
191
311
1654
657
1279
184
1702
1510
1036
634
584
436
1312
1571
702
1103
1902
296
745
1011
726
17
1712
1089
1175
680
614
391
1028
1383
391
1805
1769
1507
1614
1565
47
790
426
1590
1110
467
1236
1249
615
106
618
1594
486
852
157
1924
948
638
305
1463
1244
81
1404
1324
223
304
1235
34
673
568
663
1778
496
929
988
1499
680
1307
709
508
59
1198
60
1400
660
904
1217
1659
1020
998
1982
78
1088
832
1082
1340
122
308
1871
200
1649
906
1487
1958
943
1876
1540
814
1161
976
28
1723
1768
608
1224
1068
151
584
816
1849
555
1725
231
246
634
366
1151
195
1624
540
1603
670
408
1408
254
697
1484
77
717
1880
1521
1834
1551
1841
996
939
109
1399
1076
636
1428
593
1396
1862
1196
1300
370
612
941
1348
162
1768
1551
1632
1149
206
364
1655
1935
1195
1246
1204
1310
496
913
1494
1127
333
1619
1779
412
923
227
916
954
1985
121
55
1479
1347
1511
608
1763
1774
1045
1684
259
1440
455
1058
959
1163
1435
920
741
1681
1919
1664
1145
360
783
9
905
1606
1080
843
210
496
1877
1505
1815
808
1542
87
914
1821
1070
195
159
1962
1552
1030
422
1933
1908
279
1135
856
217
1568
1093
533
714
768
204
1883
504
1498
604
1246
1673
1411
342
1113
573
601
774
1430
1893
467
1147
728
1868
924
1149
1278
195
1792
1985
895
308
1422
552
99
551
751
1211
1795
327
90
163
36
1240
868
846
307
1814
1540
1912
679
1454
823
502
991
1933
1274
1301
737
1463
1959
1383
1378
1125
1826
1698
537
1105
712
846
1352
1319
742
1408
482
1938
120
716
425
502
1553
1187
345
1023
839
1395
1702
527
67
888
1498
121
651
1077
1496
1616
825
998
430
802
1944
454
1694
1179
1171
1408
586
365
1675
55
1004
1964
171
1667
1617
1588
721
1826
677
489
1067
1060
1170
450
149
1706
1974
1749
484
712
98
1297
1099
819
1212
545
1048
881
1550
1325
1248
82
1730
248
998
956
703
501
36
429
1738
1939
675
1968
1579
581
1610
943
1272
862
1066
1015
233
1628
960
747
1121
1151
1258
910
272
1814
1954
1725
1878
1437
1459
1716
675
1517
1647
202
825
1092
1792
1953
45
447
804
113
11
624
869
74
924
691
799
1802
874
1165
367
891
367
571
719
1087
1747
1188
502
1649
128
1947
747
976
142
957
1248
1651
1633
838
417
1010
94
1156
102
674
1771
756
408
211
1577
1211
1908
1993
1180
76
1890
584
233
1295
1908
1027
714
1699
736
1032
774
1703
1541
617
1641
184
381
1621
1030
1574
472
878
413
1188
1991
1758
1309
15
1405
686
28
127
1205
579
1669
847
680
346
90
183
1891
509
394
1353
910
36
1816
361
306
1415
1231
1214
1540
103
1171
1892
1764
928
1887
471
305
1430
664
914
1657
713
1759
1824
1925
445
216
1158
834
411
784
169
1711
1279
1585
1458
1335
207
1242
342
986
986
387
1309
1800
290
798
1193
770
1877
912
367
457
1367
577
1083
915
1172
1550
535
1216
295
608
534
1959
8
1839
1589
15
828
836
812
1889
1300
1592
1149
1924
1690
744
1262
203
1493
110
1118
1913
1325
1841
356
373
939
515
771
1280
367
996
707
876
1013
317
1569
1265
662
462
50
697
115
649
553
381
849
146
1266
793
1885
947
616
338
6
444
1071
1957
38
1115
344
1897
272
1811
312
1470
494
1657
1562
1330
1104
366
885
735
1467
241
1634
781
954
34
1269
655
462
362
891
165
386
490
1406
1734
1492
800
747
1150
717
1782
1338
1969
449
482
68
1458
1039
1852
949
1852
440
633
825
292
420
722
1945
1205
1039
1302
1601
477
1653
986
1440
398
1799
365
1106
52
984
1493
475
1439
1478
297
874
1197
1416
776
1944
1401
554
1511
373
1723
147
663
121
249
1730
331
1049
1550
1997
766
389
1032
1458
485
1741
980
9
1877
1884
105
539
719
1832
1001
186
993
194
1962
296
1619
419
1651
843
571
745
1984
1666
729
272
849
1268
383
1079
3
157
1205
54
1968
61
1298
84
169
1747
1961
1962
792
1200
1393
1729
815
506
581
314
272
1264
1531
656
1044
1997
1778
1959
1470
1986
1061
255
1900
294
856
1894
309
1637
1373
1442
78
702
1499
706
1986
1672
1070
1242
1671
442
608
383
70
264
458
1541
1465
1117
899
395
1147
1764
1574
397
1200
1624
779
1278
292
274
23
1608
867
209
457
334
155
1320
989
141
221
225
17
370
1268
1108
1543
700
997
87
1626
155
1075
1342
1175
110
150
625
1117
276
41
933
318
546
842
204
780
9
1733
1614
663
888
770
724
270
570
1628
906
1978
74
729
1444
812
1644
414
1750
468
1818
1198
1040
184
1847
1731
1830
1451
907
128
321
1623
442
976
1122
1041
473
1206
106
433
739
454
1502
1923
1302
27
1098
1904
1132
624
1680
275
470
1263
92
513
885
597
130
781
1299
1467
699
81
1392
1273
1604
1691
1559
1335
1503
179
1222
746
71
419
1809
914
303
1136
961
1904
1549
930
333
66
1079
371
1364
110
1207
1582
1575
189
390
1594
208
144
233
960
841
898
712
1927
1965
1449
732
1037
669
1358
1468
1475
515
519
971
1044
1142
1591
750
1956
1932
372
1202
1582
1520
568
1250
846
1824
1946
530
30
413
962
182
1061
328
755
506
1243
1511
1030
906
610
223
1389
622
188
955
301
398
48
70
1185
714
1870
1764
1496
1402
1558
1742
1806
1952
388
1722
941
653
1060
1448
103
1983
615
1058
420
92
1129
249
1773
1482
674
1465
552
1358
1895
1257
75
706
547
1076
1424
1774
1592
329
1041
115
1020
1172
97
1324
283
95
1410
175
1421
1199
870
543
1409
586
1681
1676
1863
1425
1069
1622
495
1134
854
1262
685
973
1123
1186
1233
219
292
1041
288
1578
737
1440
1821
1350
1180
1924
1802
1002
545
782
97
1885
1014
807
620
1982
102
1742
397
103
1317
565
1251
1975
1914
1405
493
1749
1162
1195
239
921
1976
1925
379
1829
1109
1302
617
1451
852
1279
586
260
1298
836
177
1434
1392
1823
534
284
1871
1034
287
573
1986
1277
1746
904
1030
627
722
1282
1116
539
1464
1126
1779
1701
1408
711
874
1230
131
203
1637
676
610
896
648
544
827
1455
685
1487
771
65
1293
331
301
1708
1496
1983
1671
305
455
1958
1177
1138
1796
1618
210
1207
617
253
906
180
228
1721
1752
741
748
1657
1551
83
95
9
1654
78
257
1674
1249
1804
989
355
1055
153
20
491
1568
1783
1686
1773
1403
1903
1931
1622
337
1448
1191
1649
1418
703
1081
24
592
946
1596
140
1317
694
535
959
1735
1002
1380
1514
675
1030
407
161
1399
1327
884
1804
457
1257
775
628
1301
87
531
113
105
728
1408
1311
700
64
1503
1214
586
861
927
236
1409
375
1584
875
1849
974
1285
395
194
1293
429
686
161
256
1250
1331
322
1296
346
1741
1089
358
1390
918
1935
1170
1662
1136
63
1360
1954
377
930
1265
1256
1377
1814
164
1406
77
780
563
1704
187
90
1001
638
1112
612
398
1068
1673
1827
1307
791
1556
1107
211
957
1790
496
1645
1212
331
1189
1982
11
1251
1475
1722
482
1022
933
866
294
441
118
812
1533
203
1997
618
1678
984
1335
1087
1248
1716
357
1084
877
1459
1337
1677
1058
986
1922
753
1385
967
718
1667
1723
1020
422
1777
1692
668
1739
1997
1558
1720
1361
52
1734
1732
345
1053
377
318
1820
1668
753
1449
1287
642
350
1898
1108
1704
309
1246
705
1959
1306
877
778
444
1848
553
1417
955
574
608
851
1618
1463
430
692
200
648
1316
489
1824
1747
1221
185
1376
302
584
1145
1020
686
789
1211
1575
1861
821
56
1678
70
1996
377
1936
54
708
235
1210
1358
199
82
1245
747
908
404
857
743
1555
749
1706
1394
106
22
311
1240
1688
1811
9
1888
1273
962
899
572
621
114
1421
1508
1663
348
277
1048
433
1770
1302
1460
1096
1843
1391
1502
1008
191
502
135
856
741
838
1132
304
447
1707
1499
554
1504
941
319
1937
1722
1487
1548
72
1809
367
488
1361
1040
1047
339
1473
262
1557
1316
472
1349
3
1137
92
1696
645
1841
950
1424
894
1133
1550
738
1348
466
1806
736
716
715
527
291
725
685
1141
1852
262
1412
1372
157
1112
1626
827
1343
1603
911
1419
377
912
1621
1373
236
1512
292
1738
388
1474
382
1215
1936
100
163
313
1420
986
983
865
727
95
1989
461
1487
1483
1527
1784
1505
886
800
1488
1003
1454
1206
1996
1707
641
1891
1334
1456
587
1005
1601
1829
1531
801
1416
59
131
1170
1394
1946
884
1335
1899
634
968
416
1111
978
666
1314
1153
543
434
1864
1947
1581
614
219
764
160
874
938
922
1449
1188
604
908
1628
1668
1689
276
584
1102
1605
1838
1057
491
1170
1176
286
630
1481
1777
837
521
1596
1467
1992
986
1519
364
90
1840
1599
111
1033
1810
412
1563
1040
813
1211
1509
707
755
1468
238
1374
576
878
1650
1025
1712
1083
1783
103
890
1203
1333
195
1866
1204
784
1272
649
1747
1313
1667
894
974
1225
516
1311
1745
1220
650
177
314
1470
590
1994
1744
680
1041
872
982
1469
1262
1448
1976
651
1184
538
1378
870
1571
1299
749
478
1701
550
965
1356
268
1007
1719
258
686
298
309
648
801
698
1093
1301
371
1324
238
461
1578
1031
1239
1359
1376
1538
663
1415
1825
932
430
1709
565
408
1370
672
1729
1179
611
603
1459
535
955
1485
2000
887
1344
1747
744
1172
1775
1706
1975
604
1736
1287
1312
346
692
1019
307
1207
79
1778
1935
1757
847
637
59
1240
1788
1280
1580
1011
424
1833
1630
315
1235
216
740
1670
246
1081
1479
383
1601
90
1723
1260
736
585
362
1278
182
589
1990
547
124
296
1501
68
70
1871
1433
1263
301
649
25
769
752
1351
1428
90
1546
455
498
381
1901
1502
272
525
216
753
1506
1808
345
523
873
217
1226
387
628
744
1421
1335
1652
1208
1667
215
1949
1281
794
1713
392
377
901
538
1933
358
585
1680
1050
816
333
1396
1650
904
1246
1443
698
1948
26
1873
98
1459
549
869
1935
550
1262
998
1457
429
770
451
1477
1192
1258
980
1709
1401
191
1629
1996
837
90
1995
269
1938
1209
1581
823
737
1746
924
1399
266
1375
551
1036
1220
763
211
1151
1401
293
434
1623
65
330
555
529
758
1530
1023
598
329
1709
1416
1350
200
1790
1481
1613
333
770
940
846
286
480
919
836
149
1576
1909
209
1168
1475
1209
819
802
1695
267
815
1845
1413
364
1536
1842
1055
1501
815
988
963
1783
1347
239
230
47
1643
1523
1631
1236
1143
619
399
824
684
994
191
1579
1955
1179
125
1561
1400
1351
233
1649
461
534
1460
649
1498
894
1361
899
1433
224
1324
682
1642
1965
720
965
477
519
7
1560
838
408
324
908
717
938
1114
1422
1112
205
1010
1833
1994
979
1192
771
114
3
135
1185
1504
1481
1486
1586
1738
169
1298
498
843
1065
1569
250
1868
1647
673
1791
104
564
1270
875
623
1955
1663
452
145
135
1954
312
853
1774
1447
1558
252
979
1928
1040
656
1342
1997
917
702
653
150
895
1806
870
829
1080
609
1008
1643
1548
35
1897
564
1936
1771
422
664
283
1318
1046
1239
1782
1225
1645
1443
1297
944
273
393
1729
463
159
1039
1133
700
726
1101
800
497
882
753
390
1116
207
1475
555
978
1428
55
1317
678
1221
1823
287
789
785
931
245
1202
470
912
230
1877
688
640
1703
1192
167
1214
1645
816
1957
152
206
1041
1993
548
236
1510
616
474
1773
1541
336
319
1588
743
1009
1976
96
844
56
1823
295
1611
1039
1855
1645
1482
1015
1611
1054
1940
841
1149
1202
988
60
1749
1039
906
1913
241
456
896
1707
144
1795
1294
1021
671
178
375
1519
142
914
104
627
1632
1140
1916
506
1541
265
858
439
1432
705
885
1486
1837
770
361
1396
22
258
1858
818
1649
1942
1720
751
432
1895
90
380
178
1944
898
758
547
1557
1235
385
599
31
1514
221
1335
308
459
1211
1921
1768
1286
1631
1885
1317
1259
33
1126
965
1987
182
1827
242
1712
1141
385
1935
1559
735
1031
296
1384
1917
752
984
846
64
538
347
511
238
1485
477
1032
789
769
1258
1018
352
903
469
61
1898
1049
94
31
342
853
970
1837
813
1561
580
934
12
351
82
1745
517
861
277
1112
1208
1182
92
859
708
1929
542
1205
1331
1691
1386
1838
1567
673
1658
484
1904
1748
1389
72
492
804
755
1036
1918
1152
1682
405
907
873
1645
646
1406
1060
120
1131
1002
336
1437
991
1725
516
811
193
1753
1411
563
436
405
1800
678
178
665
102
1958
1603
1103
461
1835
1341
1015
1835
994
1750
1462
1186
216
541
1847
699
1933
567
410
92
48
1429
195
1569
831
1089
187
1490
1251
93
271
1822
498
1452
1286
1214
1837
563
1263
1617
1777
1854
1122
1672
1489
246
980
499
294
239
1130
618
1474
467
554
1365
130
1750
976
595
1648
1008
663
1692
1001
1910
1195
4
1257
954
718
187
1826
1399
1730
1049
1894
615
1685
1948
1664
422
1916
961
366
927
78
138
598
1168
1619
905
95
238
902
956
347
1981
610
397
354
913
641
325
428
1102
1916
42
1302
1492
510
1843
1327
652
1199
1341
1460
1912
335
131
1242
393
189
982
538
112
1719
547
938
311
314
391
801
1757
1049
808
898
1598
748
1758
1714
1036
1754
1847
591
1661
571
1181
1946
964
450
1839
1108
325
644
134
1544
1807
1677
1460
480
86
636
1581
1330
1448
1588
235
522
57
1534
859
1526
1324
1300
1557
1629
1968
594
485
526
1609
1185
128
1278
182
81
1786
792
1833
176
87
1287
733
895
879
684
683
1836
1594
1715
737
1715
972
1278
446
573
122
441
906
119
1335
928
1964
1181
1941
1292
150
1220
1803
1410
1781
84
1848
1990
1776
212
1270
140
1522
179
1372
1819
668
1495
1016
498
1612
966
1095
1527
1423
179
1184
882
751
1490
1425
1140
346
1032
1029
1135
1658
173
1922
130
305
170
422
92
79
1881
1699
1008
1522
1347
1719
1052
872
478
1772
439
1759
498
1589
310
1499
281
1145
932
1920
1461
1307
1504
308
452
1616
63
1415
1918
746
990
847
529
488
449
1537
1601
744
956
496
329
1590
567
812
1891
93
594
421
978
566
566
745
532
1969
131
467
1971
623
790
1594
78
296
294
139
1629
1199
1951
528
71
1566
818
1827
1199
737
1117
1857
282
1029
1773
1770
1025
1694
491
693
519
827
1116
1417
1767
1810
429
267
444
1632
1380
1050
1153
1575
353
1682
912
1802
756
35
104
1508
1155
733
418
748
130
1638
1307
1168
484
1925
720
1796
1485
1817
175
1716
1990
33
375
1968
694
328
1234
1280
324
1153
1818
1652
90
902
421
1465
527
725
513
552
353
1387
258
838
1162
1679
508
811
1348
822
780
1351
533
352
1364
977
1200
1443
227
52
1840
1130
815
1876
741
1476
1683
1181
911
686
1901
1720
739
147
1247
1897
486
485
1436
492
1575
646
1008
298
763
436
524
1221
225
928
1833
93
245
346
1059
927
243
757
651
414
1377
1800
181
1336
158
700
1524
635
1563
1887
1400
209
328
1396
95
854
444
557
656
1936
1610
1246
1316
246
1771
1923
218
525
1111
641
1250
329
1409
1901
615
1075
6
841
65
890
943
1676
468
928
935
618
1221
86
1552
561
1837
1822
1423
1094
249
1253
1064
1970
599
222
690
315
1699
1989
56
1529
33
1232
45
374
1087
1397
1172
854
1308
741
1524
659
130
432
195
1546
324
579
1426
118
1048
1726
1687
587
242
1475
868
1770
630
1362
1748
875
552
110
887
1419
1550
873
405
269
1087
1412
840
246
537
272
1375
432
1654
336
1418
1948
352
1439
1861
1849
397
117
1784
1216
248
1517
1870
492
1550
1451
1424
569
1203
6
1978
189
79
1748
324
18
907
1781
841
1756
690
69
61
48
245
1594
359
716
371
335
1695
172
317
1902
1039
1826
1306
319
528
1063
729
624
1693
91
115
26
1729
1262
404
446
254
1735
1848
1907
353
1219
554
1398
1845
1604
899
986
1564
1136
660
1213
815
734
1370
1146
1591
876
1195
1584
1062
1889
921
1551
165
715
64
1280
1822
1853
1151
389
966
1058
1633
65
1000
1312
825
1327
418
1062
1616
1156
1492
1435
768
487
1228
1774
1315
1319
56
1263
698
719
566
506
922
1014
561
1029
454
127
1200
659
1001
1975
1089
1584
718
1693
34
1586
705
505
388
947
257
1916
978
1378
660
1830
1191
518
881
321
1617
1493
840
1520
195
794
1709
500
299
401
1225
771
887
555
388
1666
1639
451
364
102
1952
908
1660
1338
1701
1028
941
408
1337
1277
1441
83
1009
1072
377
1815
1369
1246
1314
44
1287
1753
1532
1244
1707
1388
1890
308
762
1151
62
1246
1056
1102
1658
806
685
1281
389
250
648
855
514
1041
220
933
1971
1686
1782
322
1285
1444
308
520
1376
662
1223
605
1335
847
1295
722
1165
1312
1658
1752
1423
176
880
1710
994
869
686
1851
1745
1246
1308
1825
485
1315
1464
1520
1608
1836
1554
531
503
1589
1751
1230
1131
1408
1969
812
595
1902
84
562
492
1276
1307
1902
1406
584
1943
83
247
690
1942
508
1990
1347
1000
313
930
1471
178
1749
640
1003
1247
1514
1038
1026
669
573
816
94
1768
1112
95
771
1007
148
1845
117
1720
1586
1224
1687
1813
1043
696
1461
784
780
184
1519
789
24
1621
75
999
1707
322
1918
1608
1581
423
195
146
941
859
1060
134
69
277
1242
1115
1707
1854
585
1401
1100
367
1488
692
1481
1345
400
747
1619
1780
1976
905
1699
764
1748
1611
1318
746
360
1617
1508
546
698
1308
1794
162
494
1296
1658
1246
684
1164
1103
1912
1023
1814
578
1507
1438
1356
1739
910
942
572
199
239
1888
360
656
1984
410
1314
742
477
745
68
556
1774
53
550
287
1186
445
912
489
672
1946
1716
1073
851
865
1690
313
265
574
603
1044
924
1023
499
1147
856
380
318
418
121
1003
373
1562
886
1062
433
1239
1100
489
851
41
1017
1277
295
1073
343
1227
938
310
1493
1802
118
632
231
480
1132
1715
372
614
921
1324
989
1826
618
786
951
1873
1781
1034
1154
55
688
314
1989
1597
813
1307
296
1166
300
207
804
183
1026
1900
913
1142
1
562
1701
562
1069
150
1321
1655
970
1249
326
25
1873
176
1547
574
530
1965
1446
938
641
1238
1296
143
271
936
1920
489
97
1939
313
1010
1292
1342
748
822
1105
1896
440
1843
293
893
630
55
1780
7
380
1529
1197
622
831
225
101
1072
1052
1769
150
494
1101
1717
913
1716
1459
1041
644
492
93
91
812
1260
1277
738
1429
783
1436
95
562
1225
1953
1854
1523
779
1850
960
1498
92
972
1769
1770
904
557
141
1650
428
660
711
1349
123
1449
1447
457
878
330
1144
520
1901
1287
126
1171
758
1187
324
1868
205
914
1773
892
960
905
1210
333
1005
1703
919
1902
229
1630
131
1011
281
1532
110
922
1468
270
85
1394
1758
1868
1733
1987
307
1573
8
1477
764
946
469
532
492
893
1891
1892
1617
415
170
711
1928
229
552
1478
1882
1873
946
1579
836
206
685
502
1177
1705
1994
649
1711
928
105
7
701
1049
451
735
1420
15
1026
208
911
690
1661
34
1802
125
578
1692
1530
902
27
633
1846
1520
1887
1052
1075
506
1030
1382
347
706
1071
296
1047
1443
807
21
441
1182
1252
22
1583
1788
1563
1114
1891
399
918
1929
1591
1234
1804
1123
1903
1290
1421
1263
1353
713
340
109
437
1806
1488
648
672
968
1296
1873
151
1758
146
1142
211
1337
1579
1548
328
1017
1881
1673
486
755
1108
1313
1427
52
1296
528
1536
1521
479
125
1880
471
554
1877
103
457
1232
1025
797
403
98
751
1695
681
1135
747
736
482
570
34
1323
1975
1465
200
758
411
717
865
1596
1595
285
183
1303
1269
1527
712
640
1966
18
331
882
1967
158
700
1145
1344
1360
889
567
533
901
1846
1389
1278
1273
896
1166
1093
668
1733
114
226
1756
825
1233
1571
475
49
675
547
1161
658
1144
340
1666
1469
438
288
1303
1798
284
1467
685
800
1243
1676
404
1873
612
1121
262
254
1356
479
472
1719
537
1541
136
426
1525
1197
1156
990
1808
157
760
702
366
839
579
1736
264
836
1731
228
1212
1867
333
1679
1394
1008
670
22
272
58
1897
1984
1639
1012
867
1001
1166
988
1036
1058
1957
975
258
664
1245
740
1668
422
1287
734
186
879
754
1545
217
533
1833
31
1145
1725
1393
1529
1163
199
1354
884
1278
1558
1985
1200
1211
1212
305
1688
621
1138
394
1952
724
1998
779
381
461
959
365
1287
586
1362
1791
724
883
467
828
250
1534
1922
683
1143
1854
1761
654
1011
676
179
1331
1889
1499
1967
572
506
41
1927
1612
1186
1492
1466
1328
915
1412
1884
1938
1426
1150
4
1086
853
1510
1899
310
1138
188
734
1525
1442
1513
1326
497
653
965
1721
754
1544
329
1620
974
1596
1681
33
112
1498
1461
1573
1153
1458
744
1566
396
1686
135
54
1718
1282
309
1582
1965
1014
1585
1234
1221
486
653
599
94
417
873
79
1032
1886
468
1533
1649
728
1720
990
1747
1911
847
1181
1486
1081
596
461
414
627
779
1319
578
1225
1621
1766
1799
821
449
577
377
1305
17
232
1147
1187
1436
1050
1572
1535
1543
1074
706
1444
764
89
1413
1083
1017
1551
1001
1654
1193
