1
265
1610
4
23
6
1
2
570
163
3
1
141
1
551
1695
4
920
474
236
479
1494
7
188
311
2
12
2
24
17
225
10
22
20
94
581
2
13
361
806
15
6
1
63
23
19
6
39
332
93
314
1
3
3
1
65
1
3
51
237
1
825
6
5
582
1
2
218
258
4
1
355
39
36
1
11
263
31
188
114
14
1
5
1685
38
16
16
65
1449
1
106
24
1
87
9
1
71
13
156
30
16
628
10
249
1
2
1
405
1
2
282
999
160
1
3
1991
63
50
36
218
6
1174
41
3
97
92
169
4
15
6
7
9
115
751
14
52
1
90
2396
130
3
119
147
122
29
30
2
31
40
11
1032
57
2
187
14
693
2
150
49
6
1
332
326
5
1563
899
99
13
1
1837
1
1783
4
219
1828
3
3
10
184
86
238
249
2
555
7
1387
1
17
13
5
398
19
1209
1
8
140
130
2
134
103
63
374
264
9
1
8
269
39
1
786
413
305
14
1477
1600
49
26
1
93
111
652
63
66
547
1553
1149
7
446
1392
90
37
31
59
1858
1
3
202
2
675
2356
9
118
1
122
465
332
5
4
11
29
10
2
88
50
720
275
29
25
10
18
23
7
224
1
471
137
1
495
8
1953
4
2261
22
4
543
11
16
5
23
20
12
2
3
6
10
42
4
20
1362
769
7
1
69
1746
1
22
1
2031
92
16
87
318
4
71
7
10
2190
58
46
694
5
1472
1929
37
20
1030
12
1
178
13
3
36
18
121
16
1
43
380
167
8
29
13
2
81
4
99
4
1612
16
16
2210
211
189
8
595
782
1
234
1070
1
17
7
9
1362
1052
176
8
4
180
170
1531
396
11
14
2
2010
33
27
3
1081
26
5
1
14
1
135
1
415
32
34
58
33
2
1
907
3
316
1
284
1858
1
1
2
558
675
1544
486
1
16
797
1
67
609
3
7
736
81
30
952
1927
1816
3
176
3
2
8
426
2
24
2053
23
1350
43
689
119
3
1
184
111
37
28
26
7
2
4
1
4
39
2
21
24
73
623
2
1
2
61
77
126
7
3
45
326
5
66
52
159
20
60
14
129
1
829
35
48
1
258
115
16
1650
951
2063
2
2
161
19
1
11
2496
1
1
8
796
148
9
147
19
168
18
29
1196
37
66
1436
7
338
1
152
372
368
9
5
11
40
6
48
482
148
38
4
368
214
254
35
1498
15
1998
2
5
1782
259
1
3
3
252
1
451
2122
2
1878
3
38
1
6
961
103
568
31
71
1
59
1182
286
1389
7
20
2
151
32
1
89
602
911
1897
161
1
84
7
2
1649
50
3
2
190
3
10
883
1310
531
160
710
211
24
755
7
1328
1046
1
58
15
25
1
1
36
69
397
37
45
1
65
2
37
108
4
20
32
3
36
101
2
690
193
13
1
2399
5
1378
161
2226
537
1
30
4
119
3
34
85
631
3
11
1
3
2267
1135
514
3
18
1
1
12
11
1050
9
198
1
68
10
1
74
48
522
117
121
5
900
18
1
1
38
51
1527
386
2245
213
1236
1092
2
132
27
5
1
870
14
1445
1
193
4
1
6
1
1
851
936
4
1376
1
20
128
365
1
4
196
647
1
30
16
31
98
2311
919
1
56
1
712
78
35
1562
913
2133
11
19
69
32
369
5
583
593
31
6
1
23
130
217
1
52
3
1
15
197
118
56
38
33
26
159
50
2
79
760
587
61
9
74
1
5
290
31
874
1
446
16
56
87
21
2
716
207
1237
1
11
5
17
315
8
8
170
9
2
3
518
1
341
2
1
282
11
382
1231
11
706
282
5
240
1939
1181
559
314
1
35
6
520
65
57
141
208
6
19
22
31
3
1
19
1
50
463
3
77
2219
50
16
713
1408
1
1
154
1219
1
3
5
1
216
9
3
157
34
8
1128
8
134
216
82
6
8
1
292
17
70
1060
1
1169
3
3
146
1
78
21
1411
1
1264
55
895
3
752
1069
1606
1287
11
165
589
1
48
48
12
98
34
2179
24
379
2
8
12
245
3
50
38
28
1
457
12
1
47
3
21
152
1
50
758
759
119
359
2
2
747
18
45
3
4
3
711
151
573
57
165
158
80
265
648
24
25
393
157
22
4
2
619
53
6
204
1
27
26
1
40
68
810
11
2
2
6
57
2473
1
4
2291
1
1041
7
60
4
888
39
4
3
986
13
1
703
1
2
2349
1406
6
26
1343
2
1395
3
13
27
71
1349
439
1767
33
2
550
6
3
1786
122
1461
657
1
42
2031
2
1
21
81
145
14
36
215
3
93
2
292
173
4
44
1
35
74
957
43
1168
1913
98
116
2
23
7
1
498
47
35
10
12
1
323
1
10
1
18
2
3
10
1
1
1
79
3
125
31
39
3
35
5
14
43
308
14
1904
4
31
284
1
2
46
16
139
12
12
63
195
5
28
32
1
76
927
12
56
1
376
1
23
3
22
28
288
2
2
5
2
177
92
624
85
760
33
126
5
4
67
112
34
37
2
471
242
24
1
1495
19
2
133
17
101
52
162
1
2
281
11
32
3
102
2
11
646
3
1193
1338
1
293
1054
152
29
361
70
93
12
6
36
48
905
7
1
736
9
74
1036
10
1
676
3
252
2
1
23
27
1330
366
1757
5
114
1516
322
486
10
4
1408
1638
35
677
656
5
2386
7
13
15
3
2
35
7
193
1
322
10
1
326
5
1184
41
14
575
1
194
1
4
139
45
79
107
430
197
1
102
1
5
1
64
1
25
73
113
4
7
12
891
26
121
2
183
390
1071
255
3
1232
2
12
17
82
11
36
10
85
1
3
32
5
116
1
1319
743
36
36
84
786
277
4
676
994
44
45
126
829
378
1
1
104
4
138
199
49
114
50
10
6
15
358
3
4
2
1147
1
199
59
59
907
25
1
25
1
1684
38
2166
1857
87
1
28
16
1
5
60
24
11
1629
91
2
1
128
126
1
588
6
11
20
717
1
2
1
4
1
152
123
122
13
627
7
57
62
86
1
5
1241
3
1713
8
394
2
2
57
38
2
10
15
67
2410
1893
1
58
63
18
1
107
415
4
505
6
40
1
154
11
26
2
11
2
699
8
1243
2
1055
476
37
866
3
59
1178
1384
201
6
117
814
8
143
44
8
13
88
38
1
385
13
159
1
2449
134
5
1
224
42
5
30
46
20
43
2
436
14
76
435
1518
230
1
654
1
5
54
24
1
835
40
130
2
143
11
1506
1
756
21
2384
1235
11
651
776
239
3
103
1
325
1
164
22
9
77
10
1
1
397
19
1
127
3
125
102
422
29
2
114
70
10
195
297
916
383
228
4
11
73
38
1411
1180
77
2
1690
244
50
559
1
90
4
52
1
385
3
18
20
62
3
10
105
1369
325
26
6
1
1
392
1
1
28
1
60
33
77
68
63
1
3
699
6
1706
1
2424
750
1238
24
1
1
772
255
3
277
1
2
4
247
113
162
2
2
2414
47
1
30
787
82
2
9
30
1
1
277
2
156
26
96
123
1
8
80
3
1
320
3
3
8
40
32
44
1039
84
64
17
1594
2
3
82
1146
785
367
55
37
2
699
164
1107
110
992
1
34
21
1624
54
893
49
1400
1
2041
2296
245
22
272
9
1313
611
2022
140
179
20
1
864
2
2
1
7
1388
780
981
434
50
1216
2058
49
1310
20
2
36
4
1505
122
569
5
1
294
233
11
752
10
47
12
2
74
3
136
30
77
2
7
540
61
5
1894
130
123
14
213
3
2081
4
730
1
17
345
275
1
2
1214
2431
1933
35
221
26
33
1
1
1947
3
1581
56
44
873
33
198
27
71
60
100
1792
36
47
64
1
14
175
18
1591
1
7
2
3
58
48
762
161
618
6
775
94
225
5
41
6
54
1
1
208
1292
1
5
18
9
65
629
1886
1408
2
16
2292
40
69
460
54
3
17
272
27
1
18
3
19
900
145
2157
17
39
290
149
1936
274
27
249
22
12
4
816
21
2
401
56
183
10
1
2
33
2209
10
198
1
219
5
487
242
418
1
4
857
45
5
4
354
209
164
2491
1284
409
1102
2
4
226
13
26
13
60
25
165
2
8
127
1267
41
1
8
171
718
1566
1488
2
237
29
327
1
800
2
5
1
8
18
5
1
79
1
520
2
5
1535
49
15
23
3
41
779
3
12
19
19
7
1286
7
6
17
14
18
485
431
35
129
107
1
14
453
1
2
9
57
1
850
60
29
6
2
799
1
138
17
1
41
1
947
1051
286
1
1
1
53
1
20
787
73
1
1836
757
1
427
4
384
247
1799
662
212
110
66
315
234
2
229
7
3
814
74
4
373
2242
1248
2
23
153
179
33
2
6
1
7
19
28
2
6
1868
507
1050
4
78
2
16
19
1780
200
61
8
710
9
158
25
14
2
5
3
1
1099
1
2
14
115
10
82
7
74
16
998
2
1729
166
18
134
78
3
1569
72
18
278
144
1
14
238
78
1
319
2
51
1
1248
1
288
46
99
407
1
16
6
1
1
1
25
4
2139
650
2
5
5
1
155
44
2
1289
171
102
14
197
364
468
26
9
1335
318
2
690
1
8
8
109
1368
230
149
1864
214
50
6
3
52
6
23
486
1103
11
27
27
1794
16
31
1
286
1
2
151
24
2
1
26
1
657
15
4
9
270
1
75
1
244
206
1
1
120
106
778
8
10
2
2
25
149
289
9
486
1
221
165
11
2
1
13
340
2030
9
893
2217
32
12
213
59
1717
663
259
1471
8
15
18
10
57
1
86
782
2
299
17
199
138
4
4
26
1
75
67
8
46
1887
1734
1
14
2371
110
1
7
5
76
1861
3
4
16
63
759
341
24
674
403
1
75
1398
2
77
335
1525
3
281
71
3
2090
1
69
2
876
657
14
3
5
613
4
972
688
7
1
1
1605
1
321
16
8
2
2373
1
5
1227
2101
48
78
1318
349
1
14
59
3
1
7
9
2217
2198
1
1016
530
2
365
276
4
1633
151
142
1
3
52
45
27
747
68
154
14
2
81
1
31
50
8
6
237
1
24
32
661
1
41
323
4
136
1
26
1
11
4
85
12
3
1
1977
244
206
7
2
1
97
21
2049
65
53
205
912
621
1513
2154
57
8
2
1
11
2
14
248
1145
138
2125
3
151
24
1
631
151
3
730
1
175
12
1
322
2
1677
683
339
474
704
1
118
57
3
261
10
824
345
31
301
1922
916
72
3
46
52
436
1
9
1
6
1
213
7
336
13
6
531
880
689
1
576
28
554
321
48
87
266
12
1
343
4
8
118
916
2
2
2193
557
4
3
1495
26
289
614
438
766
1131
128
33
6
19
4
750
90
24
62
73
1
7
7
1
85
1
2216
9
2
112
2
5
2
10
275
8
1
25
677
3
40
962
1656
7
863
2407
1
300
1
4
1199
11
17
1030
1
4
1
3
112
13
528
6
57
9
1
75
668
50
8
1
224
23
1
10
427
1
34
218
1066
32
9
1158
233
18
150
13
76
67
5
2
15
33
1
318
1
54
92
84
1
44
410
7
221
150
11
17
34
361
12
61
1
40
7
300
2
2
196
49
620
2
321
2
70
1176
1
10
5
1
18
509
4
9
1
1
3
508
82
6
25
34
211
4
287
1
3
243
1
3
503
9
200
9
417
1088
1641
2160
2
151
1479
2
181
2
95
1
5
624
188
9
4
1
10
1
3
651
3
4
3
584
6
2
6
170
22
47
1804
857
33
5
2
2
57
40
6
3
6
56
2
2
10
3
20
167
6
4
3
19
1
11
2
148
1564
13
44
4
97
1474
8
834
247
12
698
3
1749
203
100
134
108
10
20
1
8
23
2366
425
6
1
24
673
5
75
777
8
7
659
9
2
1
1
63
1
8
49
124
2449
20
1
122
1620
4
207
2
6
25
5
45
154
9
6
336
4
6
29
3
3
1215
549
170
678
94
7
208
113
15
14
470
25
95
105
1
76
95
144
1
65
2
16
1
1625
7
384
159
2
1585
590
162
14
1289
194
5
8
3
27
1
202
1165
51
110
5
314
86
3
3
37
7
327
37
1355
6
23
2
517
5
91
53
1770
70
644
275
1
1722
1
1177
7
1
1138
856
261
21
1
2011
492
1132
2
43
63
5
1
1
1787
1
1
44
306
2
2
17
3
6
2
3
5
10
1339
19
37
312
140
1823
2
33
87
281
72
2
9
1
1204
9
19
438
441
114
810
30
11
1
2
4
234
653
227
684
7
13
348
25
4
57
331
209
1
1329
12
305
6
179
3
3
36
38
2345
57
911
127
19
18
443
4
21
323
172
590
1
1
17
11
18
98
19
360
7
4
5
1033
45
4
4
393
7
20
2
273
184
1184
144
18
3
42
24
28
105
14
42
39
85
350
309
1628
3
2031
34
111
151
44
664
1684
1
177
262
71
46
140
76
752
59
4
17
612
235
11
126
31
10
10
2034
12
8
12
1028
1
102
158
6
67
1745
2
690
2
15
247
343
4
2
5
142
6
2
37
4
23
585
20
167
1
2
411
1
3
2
1437
1
427
29
5
400
182
6
442
41
13
23
1
488
136
5
198
3
294
22
1
23
497
637
12
1
2062
1
2
3
419
1
96
292
2244
345
4
113
5
170
82
1
149
450
1463
118
91
11
12
1
204
1
302
113
2
205
12
1082
1
61
5
191
58
1011
5
12
1
75
24
251
4
5
63
42
641
1845
15
20
2
467
167
1
1464
48
65
1
47
553
1
1130
351
9
1522
3
6
114
9
3
1820
148
1
113
2019
8
1
798
63
26
8
281
8
3
1
24
3
17
251
221
826
1
1311
794
34
61
19
25
14
5
1670
38
59
8
43
1
52
1640
617
637
395
2
1278
4
3
126
21
223
2
1165
381
44
11
1
1
126
93
114
4
596
53
2245
19
33
313
1923
365
4
10
13
1
2416
812
35
405
1
8
79
1
717
1187
1
4
23
241
32
1
258
22
342
13
757
52
1
78
327
49
1
127
102
118
1
480
10
80
2
1
37
22
1646
673
33
1268
17
3
3
1
17
55
5
1416
2
706
28
1
42
14
1
3
1
1360
170
1
2
1307
6
10
168
1628
79
1
1180
966
1
731
208
18
5
2
918
216
569
24
1
20
11
195
14
55
67
9
1689
3
166
14
144
2341
79
792
1
11
2358
1552
379
248
1
11
262
18
11
7
449
1191
361
128
1
192
90
120
908
27
26
244
2
699
1440
32
130
1
3
2
5
79
18
1
1
1453
1
1
526
1863
11
125
1
4
54
2037
32
1891
16
25
8
60
58
2
557
1174
117
783
131
849
303
266
6
1219
2
56
19
4
104
2
8
6
126
1
509
284
13
103
28
11
1
447
43
6
1
8
1554
215
449
1194
11
254
340
26
25
1173
12
35
2
19
82
2
26
4
138
1611
196
5
1469
2
1
6
3
1867
25
8
11
11
196
1
122
1932
660
3
160
505
154
99
23
1592
21
12
91
98
24
1
5
620
70
16
21
658
273
3
1
3
23
74
12
507
11
42
2
61
1028
1
3
723
3
7
128
427
14
420
5
1
2
1
3
115
9
1624
2
1
265
357
3
557
166
932
3
2255
185
379
133
3
119
735
978
2
1981
26
1
2
235
4
7
1226
3
3
413
56
6
1
1363
9
666
120
824
3
1
2
1
126
30
17
1357
160
1283
141
2
2
16
30
21
962
1125
9
3
1
160
11
66
17
1936
2249
1066
41
2
62
1
35
2
2
50
2198
496
11
83
4
24
3
3
1
294
95
7
625
1
534
8
15
15
3
2
2
49
52
74
322
410
40
180
2262
297
1
49
725
685
1
85
13
16
15
5
93
2
108
1
3
1
3
1193
70
182
93
3
269
2
235
7
35
57
16
1
1
1
14
2
7
2
17
1
5
4
137
39
15
757
1
7
2042
147
9
147
2
190
152
3
162
1
629
334
7
2348
1
377
13
2
15
3
23
12
30
411
1
60
385
279
1907
3
2
228
1595
61
2
3
4
261
4
18
5
86
32
2
18
5
6
5
131
1971
7
28
4
2
2
50
31
13
11
1922
107
70
1
923
1019
3
16
26
162
7
2
11
2248
10
844
709
320
35
4
6
116
1
754
38
33
1
401
850
177
233
96
8
13
59
319
28
1
93
3
1
8
340
10
4
1
1
18
496
7
2
1274
1517
1034
2
578
23
2482
57
17
1
299
6
1125
52
1858
16
698
233
209
255
169
238
129
1
445
1
65
119
996
1
497
1272
258
5
53
1
1
1
42
32
830
2263
2
18
986
2
4
270
677
6
2158
29
155
3
1
993
1
12
1521
1
36
7
199
427
1974
1
8
661
1
604
1857
202
431
1267
616
137
26
1136
207
6
7
1
1084
18
701
1
1009
1680
6
12
7
672
29
23
1
20
7
9
215
1
426
103
188
213
8
1
2
9
5
55
167
2
99
41
36
5
1
106
12
87
888
159
12
49
13
1
8
137
190
5
343
948
2382
5
145
1
1
1
50
423
3
1
106
9
1
45
2
42
41
1
9
2
35
500
1
2052
1573
10
12
34
13
368
30
21
2212
3
3
2
10
1
103
904
204
1
202
56
579
168
5
551
1
18
6
67
42
14
16
341
1562
1514
605
521
57
2337
1739
164
590
208
53
1791
1781
100
1
185
9
545
2
2
1
4
67
26
301
19
80
1
2
371
39
59
16
1
1123
1
3
48
489
282
48
2
36
176
1559
42
422
58
2129
1
66
304
203
412
75
1130
15
152
864
2
1971
2
493
5
2124
40
75
298
293
1463
1
611
2348
4
25
122
65
74
2
13
1
1115
458
2348
1
19
72
72
1865
285
5
1081
1
80
369
1
35
1970
182
27
24
376
3
231
1
236
214
143
38
3
39
10
406
2
14
285
1
7
325
2
1
5
15
1
122
3
3
733
1578
1
276
27
11
5
1
605
319
37
106
6
1011
35
41
9
3
43
315
3
3
186
2134
5
7
504
216
9
402
10
17
573
511
1
2305
26
13
27
1
211
176
150
2
70
1468
16
9
23
78
1
27
1
11
94
4
803
84
21
83
1256
531
2
45
113
1292
10
94
144
387
941
1302
3
288
49
63
22
7
180
13
7
2
1
888
372
206
4
65
453
40
2151
188
79
27
23
15
2
1723
6
785
17
8
1
46
9
1
194
1
3
484
177
39
14
1
2
1
8
634
1
27
3
21
479
747
24
673
862
94
623
89
1
3
11
78
1
1
2
1
73
52
5
50
1263
538
6
639
3
13
479
1691
146
13
1166
338
67
166
1
12
309
1
2240
222
6
1002
1155
598
84
16
1
13
426
18
1
2
2
5
118
114
1819
615
65
1264
15
732
2
1
1799
7
1052
88
13
93
817
11
3
2
1520
3
30
39
156
9
1
76
135
737
4
1
285
39
13
71
262
1935
346
758
784
117
1
1
1268
7
5
28
144
56
4
78
45
17
17
1
1350
2
173
1
3
85
1
1535
8
1
3
4
1308
200
122
1031
8
241
41
18
171
134
15
5
136
74
83
711
535
222
140
4
1363
72
904
36
1259
1289
66
7
2
7
1944
206
1791
2
40
54
1
1
100
1
47
4
657
1150
4
6
5
2
184
3
19
1
1
14
2
61
11
482
3
1601
2
477
39
36
1
10
1
2
2281
305
290
1
1562
166
70
1072
324
44
2
255
1
4
57
1
2
1130
434
51
428
5
1
1
447
19
68
3
18
538
208
251
3
456
21
104
23
13
3
10
7
33
274
17
506
1927
236
2
1
1419
143
2
61
295
2260
4
410
511
1201
1091
209
12
161
1
1
174
150
187
33
3
1471
21
1
54
5
10
702
885
2
11
526
98
1
2
14
273
15
2440
4
47
276
5
183
502
61
81
28
693
1
5
4
1010
25
156
319
1
1330
684
2
12
906
3
32
15
81
10
203
5
23
1
1789
4
3
60
16
4
460
7
713
17
5
161
288
1208
1
13
2
2199
337
186
1
41
40
22
9
1
40
2
2
22
22
132
11
22
6
1
1
1174
80
4
342
17
23
1
611
5
581
1
1
7
211
127
276
60
20
126
7
1
160
10
1852
7
6
531
12
1978
2
6
2086
3
292
7
73
681
914
1
75
4
35
2
2
1
8
2
39
329
341
16
9
760
10
25
10
2
1073
16
22
6
2
478
2
303
1
210
1
1
268
9
27
895
25
22
171
1
60
1571
1
26
24
7
498
170
5
24
7
1
9
1
113
14
4
13
48
866
6
343
3
36
28
492
127
114
1
1211
2121
2385
82
11
1
1591
1261
30
1
21
5
159
425
45
25
4
28
1291
1
1008
3
8
184
382
2392
2
2296
6
459
390
56
1
31
746
1176
2398
32
467
614
2
1
22
229
2
512
1418
90
22
719
34
38
1
2076
1095
6
1262
12
283
1
7
2
269
1474
3
1065
4
3
7
312
1569
1565
299
121
979
2
64
1
51
16
3
285
468
1
1
1
12
171
760
1523
4
124
1217
3
1
1779
901
23
1
1
717
99
206
364
425
19
158
1
1
217
149
370
52
2
519
110
248
321
88
1100
1577
1
177
4
164
136
1143
7
31
6
1
7
431
298
43
2
13
81
5
3
17
474
4
71
1
1
157
270
24
3
13
7
63
3
28
21
891
90
1976
3
1
118
12
2
1
15
244
7
54
1
76
1
262
2
1511
136
29
1
65
4
41
2
49
47
241
5
29
46
11
452
4
154
67
4
258
54
7
10
1
214
123
3
14
13
1110
1
58
1
464
11
11
37
670
6
53
64
105
906
14
238
34
1517
98
958
205
1510
425
503
76
1
1102
8
95
2365
5
1989
7
4
1731
13
12
56
16
11
1
264
26
142
2
281
50
142
18
221
194
15
5
359
113
2
985
29
1148
4
77
2
1757
1
1995
6
213
26
3
1307
1
25
6
893
625
277
1044
1
10
18
9
13
9
1720
24
419
1
1
1
156
83
30
1
14
1
10
285
53
156
23
554
323
3
3
51
111
20
19
1
309
46
43
1
11
46
1064
41
2
1377
1
97
15
1089
25
1
4
8
882
206
618
1
31
39
1
2118
86
1078
574
8
1185
830
1831
2
1
813
2
774
167
1101
55
72
39
872
4
2
2495
10
2
13
33
28
21
172
4
1871
1
351
3
483
13
2
881
1163
4
7
29
219
1
1810
753
401
1197
49
139
367
97
19
1
2
3
5
213
220
1308
9
779
9
103
35
13
4
11
496
147
1
15
18
13
167
17
1
649
1369
2
11
1
1178
24
89
1760
1267
212
166
438
14
4
5
90
11
13
860
4
21
134
1021
4
539
38
15
1
6
4
1
8
4
150
127
33
390
1498
2308
10
2
2
129
2
86
30
233
2
150
3
2
234
88
777
4
7
101
1
138
78
2
29
7
4
677
797
1948
4
541
38
18
255
346
91
10
34
385
2
838
176
18
3
1371
217
93
8
3
2
290
2
1
1322
470
2307
1
59
8
3
12
1588
2
1
333
694
309
50
9
4
17
215
1
8
1
1000
8
113
1
1
22
18
199
40
18
58
1
2
300
682
14
915
3
911
5
11
2
175
26
5
411
168
3
1
115
1746
24
5
664
189
2
116
98
600
2053
948
3
1135
2
101
2
1
1952
1
26
2
4
833
485
68
10
319
40
9
27
28
204
352
1
14
6
270
853
149
1460
629
20
2223
31
5
6
57
45
3
736
18
20
20
2007
4
2
4
14
885
1
9
242
15
3
1
1
2017
1
1
1
1
1
7
3
1737
3
1225
5
9
310
42
1
2
2
5
1
17
4
894
1745
1620
9
36
205
1
4
39
353
54
4
314
1083
1709
310
21
480
6
1
1949
1
49
475
1
752
1
10
2403
1
20
1
1362
475
1390
3
2
3
2
1
568
732
861
252
528
13
2028
303
1
143
649
1459
4
1
61
30
209
10
104
1
84
3
6
1
10
190
1
10
1409
787
3
17
1
1048
1
1827
249
11
2
432
44
69
21
2
44
4
7
413
393
663
7
11
1
1902
32
476
682
20
122
4
1925
2
224
2
4
2
1600
65
1
36
1
5
94
809
1317
6
1
37
10
1
21
79
2
805
621
916
4
21
111
1406
20
138
356
352
1
304
1
102
4
134
271
141
7
847
385
11
2477
37
1
47
2
8
1748
12
118
31
2
1594
9
1
1748
290
51
30
5
244
84
215
3
21
235
175
73
12
6
455
4
4
26
147
156
3
63
17
1
185
1464
678
1
2
1
1
32
393
1922
1706
3
4
58
16
180
10
177
209
3
723
1
739
28
2
19
262
2209
7
290
1
11
957
4
10
12
1
5
3
3
1721
111
378
299
162
1
2
1
9
5
1136
1
2
3
2
7
237
118
2274
131
10
260
25
2
12
29
4
3
36
160
35
207
174
16
143
4
56
4
227
12
43
3
5
1
2096
2359
1
39
125
1
7
49
2430
17
36
3
1
441
198
1
22
226
579
31
316
17
10
45
922
5
26
3
190
4
23
47
83
4
1
2
2014
255
15
1
1
3
342
394
24
2
1
28
857
97
13
695
2
1
8
1
5
85
8
9
1
5
1327
33
6
8
588
18
6
1
1584
2
4
369
1491
933
7
71
40
338
2
43
1883
1100
15
2
472
7
305
344
209
1744
2358
3
23
49
2274
34
3
237
294
1
1485
4
65
1
102
1794
18
1
86
3
69
8
1
6
7
1157
195
19
33
5
766
40
3
115
1
437
5
117
135
3
57
1643
109
6
1
95
9
1387
88
22
30
30
215
14
63
48
4
325
4
1665
5
1439
18
1
473
1
5
181
54
47
2
61
25
929
1452
3
1
20
17
962
7
317
5
5
2
1418
1
1
82
2
2
1200
405
6
291
236
2
4
28
6
1
1
19
19
18
1327
58
226
940
2
10
95
50
1
1
86
176
552
98
11
2
3
2036
10
2
918
56
105
11
1
310
2031
16
26
131
270
9
485
1178
538
2
1484
980
154
49
3
3
303
21
335
19
21
199
9
1
1
111
37
20
1
1
945
152
1267
195
1
32
9
165
528
773
195
11
65
2
230
146
15
10
16
451
1319
42
15
18
4
367
6
214
289
2298
4
249
14
23
10
672
4
2392
2126
15
1
29
3
547
1
6
14
40
16
162
3
8
169
69
1518
102
3
2
16
40
251
12
178
10
93
35
26
1
4
619
8
3
9
1
389
99
1
1
471
550
843
3
421
107
1
26
298
19
1
312
212
350
244
3
1
1
3
1
74
550
66
37
178
1147
787
18
35
65
5
1
482
5
582
6
868
368
40
1072
5
47
4
86
27
96
702
20
12
1
480
3
284
180
1024
54
148
1
133
1270
385
167
98
106
158
88
1737
715
1549
5
23
1521
35
1152
1053
1
609
1
4
12
1
1074
1
41
39
4
298
10
70
1
489
816
3
18
12
1
1
8
2335
148
3
8
492
917
2303
1
1551
740
21
1244
112
1208
1
143
1864
2
2
2
2266
11
1387
14
271
1029
405
1592
104
304
2
1768
3
17
2
155
244
11
1
2448
291
33
639
454
5
10
13
125
432
117
1
20
15
20
182
256
7
4
1700
6
180
32
162
477
2
2
23
2
59
601
1
3
5
16
275
8
1
1803
4
284
1
486
3
1
1209
315
19
9
9
583
2393
3
3
20
89
1
152
1
1585
2
4
106
898
155
1
22
8
1
4
1
1682
4
1
18
1
29
62
156
843
8
43
8
1
8
3
4
733
147
1
7
227
4
1338
1
73
1
1238
1
1811
688
233
605
4
838
99
342
3
752
57
1
10
3
27
11
8
1382
443
33
12
884
168
2
1
265
16
298
6
3
163
25
5
20
3
2
8
246
20
18
1
1
62
18
481
6
26
238
64
5
185
243
544
12
3
829
1
44
1
208
1
1
1352
709
37
4
123
46
22
11
159
24
854
7
3
253
2
55
5
378
76
1
149
180
3
29
14
6
15
2
29
413
793
167
2
1
261
8
61
4
1823
47
119
24
17
3
1271
6
49
20
481
28
1
15
197
15
2
1404
277
4
79
1912
385
1
252
31
410
13
21
5
4
234
206
1897
89
309
6
74
4
1321
3
77
1
12
109
1
293
88
292
465
335
1428
148
5
154
81
19
8
694
1677
1967
1277
1
1391
1
8
4
138
450
23
638
216
1
21
668
87
2
203
347
481
29
3
115
752
1
475
382
4
32
2
1
1
918
1
20
74
1155
4
3
206
197
22
66
1
34
153
3
1948
1200
771
541
214
30
768
238
3
267
1
1560
2
17
651
877
92
2
243
907
95
27
23
49
1
986
1
139
629
493
7
50
445
834
39
99
1
10
1
59
1
13
2280
3
13
1
830
33
1298
136
19
72
2
1
18
33
1095
14
5
2015
7
108
10
1
1
603
9
240
1
260
33
570
1835
92
44
76
2276
1793
4
2
110
20
1
20
1
152
1
20
41
1
17
70
34
698
131
192
4
24
996
1689
230
1
1
331
297
1131
1
628
10
855
805
572
1
22
2
1
1
564
3
54
870
344
4
8
2
2295
194
18
191
1
404
147
847
3
1332
432
500
9
291
1
206
5
5
511
1737
864
635
2324
3
1
112
934
2428
6
2421
300
1
26
22
15
11
2
224
872
122
37
255
1
2374
866
7
23
2272
4
9
5
33
1
715
930
41
571
6
17
15
5
2243
57
373
153
20
3
22
2
209
641
2
7
2
2
92
1758
8
2095
1
56
47
4
13
5
6
96
391
267
13
11
1953
264
1478
2
1
96
2337
55
197
57
42
368
1
12
187
66
1946
9
77
10
5
7
1
811
146
2
33
225
45
19
1
111
1730
4
6
2
9
1
1
237
11
1226
6
42
291
1
5
381
5
748
1
117
134
64
94
144
1804
2061
4
162
22
36
778
1622
148
1263
5
31
1
1062
73
9
1
1
1
2
17
1
311
2
623
2
38
1
452
657
137
3
1
2
1
17
2
80
31
223
338
2066
1
7
4
690
62
3
6
165
99
2126
1796
1
287
5
37
585
26
1036
60
3
1885
22
3
3
439
24
86
3
1
33
241
17
1747
344
406
2
1
96
1
2171
8
7
1786
3
11
160
1
37
353
1
1780
16
18
3
51
25
1
15
22
1
1
8
1
501
26
22
529
295
29
65
117
3
2
181
8
167
1
2
32
21
2149
2
2002
1
22
1
447
978
1
1438
691
92
18
895
37
1512
1777
454
7
3
458
14
5
601
352
20
3
997
2425
1623
52
45
661
6
195
1562
1578
13
2
1924
1
1
195
4
719
43
1806
219
5
4
143
1
790
3
1
59
14
6
41
7
174
2436
2132
554
67
42
529
51
229
1049
1
1
290
1
1900
592
64
768
8
2173
4
2148
766
497
55
3
2194
1
3
43
1
26
175
2192
693
1
849
6
140
1
12
7
84
984
112
2
2345
1722
61
270
3
874
594
15
3
1473
1515
608
1
23
6
11
200
12
35
65
160
228
146
21
20
91
1
681
1
6
7
335
260
327
4
2
1693
60
1257
31
4
1109
54
10
55
5
363
7
13
91
569
1569
894
10
7
1
1
2
11
3
1412
2
1
5
17
63
26
100
100
29
118
2497
1
171
26
1
94
208
12
214
111
30
2
5
2333
1
3
39
191
333
83
1
74
68
543
7
1
405
18
74
18
1
29
170
9
2329
341
236
7
1589
21
1
443
43
638
1808
11
31
15
929
379
64
2
9
11
11
288
816
110
151
3
666
179
501
10
2
10
1
4
440
2
133
512
1
3
1024
2
6
10
11
3
4
20
6
659
6
1
4
6
576
4
176
1
1784
3
132
5
148
379
25
4
2
2
17
2404
4
246
140
60
26
2
2
19
2485
1383
2495
24
13
79
196
417
80
4
721
1
109
1
71
9
43
24
581
145
1
110
25
305
2
3
12
258
59
1
2
8
1
6
8
2427
1
271
8
6
2
2
483
1
1877
21
1
98
626
1054
13
44
2081
133
1
8
18
104
17
2
5
55
2
81
76
134
1586
1
40
1
10
2
660
4
2
414
11
5
131
335
20
507
2269
9
7
15
180
967
1
46
19
238
91
82
1
124
101
1
16
7
425
46
48
3
329
15
878
15
9
2
288
4
41
46
699
86
1337
247
1535
4
324
6
1
2053
1044
220
72
2164
10
14
15
11
3
29
16
13
570
29
90
104
6
75
163
240
74
1
7
1
233
31
10
208
1
83
151
191
1185
184
522
257
98
3
178
9
3
8
784
1
131
1
11
5
1
4
1992
91
13
51
396
128
205
1
458
5
196
6
25
423
297
56
1831
483
2
23
3
32
1399
2292
74
207
1
573
6
76
4
23
925
2103
107
1
9
7
357
1
71
84
858
32
6
149
898
1049
91
14
356
77
84
710
71
1148
23
1231
1
2324
102
25
86
84
17
2
1
1636
10
201
1
185
8
521
2483
6
2
24
30
1404
853
689
859
1
62
930
53
3
4
6
4
843
214
28
315
40
93
6
173
7
2
2
2
123
2404
161
131
51
18
188
1812
2156
1
7
600
1
2007
15
507
2
1835
46
843
98
1
411
32
1330
27
1322
1348
35
20
1
38
1
1944
346
50
53
4
19
1
1
155
2
2
79
5
145
1
1
4
52
7
1
341
7
1274
32
5
3
84
1217
26
34
7
11
703
29
3
24
668
1911
189
1825
102
51
35
59
1
1
370
1401
14
1334
39
738
18
2
2
49
111
1275
383
38
1226
135
3
42
2066
18
69
1
863
18
385
219
4
1
1
43
64
505
4
1
8
107
5
1
14
7
1
129
2
2
6
97
198
917
96
521
2
52
2
336
588
3
92
85
64
170
9
7
101
1
408
17
583
158
886
1887
2
31
216
34
636
1205
250
2
2
11
1
7
7
114
2
5
10
31
488
2485
19
135
150
1
23
47
1141
6
27
357
69
1201
419
6
982
11
1783
22
1133
14
96
40
146
12
104
8
1775
39
1506
3
2
1
388
349
8
8
80
1
31
549
1
9
5
62
23
1258
1
17
1532
112
95
13
5
1
167
580
5
18
4
46
398
2
17
609
1
37
1
9
1
87
1
33
1
2
15
2
1
1737
30
3
13
4
28
205
3
9
36
11
1
11
2
143
1
1
3
1
1
1
27
2
131
3
8
24
1
54
27
1457
69
44
579
10
505
91
5
8
8
122
2
1913
11
165
303
756
17
50
734
1062
2
145
1
13
110
163
23
1064
966
92
17
40
22
1111
3
11
418
756
187
5
660
2082
8
55
1145
30
33
244
10
1742
190
6
28
5
19
183
63
3
52
92
32
2211
120
55
3
1
529
620
1
46
18
131
2079
3
15
979
16
640
2
244
127
101
21
121
76
39
199
32
14
190
319
1
128
132
297
47
459
2
49
741
20
94
103
601
161
25
386
1
137
240
7
385
33
1761
3
1
1
404
312
12
1167
122
13
9
5
15
1901
4
440
3
22
481
166
23
118
2
20
34
46
1013
2291
103
65
1398
464
3
66
1873
3
1189
659
8
1
963
35
240
325
70
5
87
3
2
7
6
2155
682
20
1349
8
365
154
6
37
205
95
84
210
8
46
1697
680
86
1
6
1233
20
321
1
1
3
137
55
19
1935
3
17
3
17
113
7
48
606
194
1
101
2438
397
1
1902
19
1
231
21
301
1
1
1492
2
16
18
58
35
583
27
1
2105
1
13
1
1
557
270
366
6
3
2
12
2
1
16
369
6
8
3
17
1519
254
763
1845
127
15
4
15
557
6
1
663
15
113
1
60
1
2496
77
37
1
5
2
2
1352
201
3
40
192
1
16
10
183
11
8
49
56
201
30
257
14
72
475
576
61
1
6
2321
1
64
1
3
971
26
5
12
1
990
32
24
4
71
5
96
340
396
568
11
7
2125
2
8
5
17
2
2
7
107
260
261
1
1976
14
782
1
1
4
90
8
6
718
3
47
70
253
1409
158
1
256
881
3
720
4
9
5
1893
336
1360
103
60
627
274
371
27
901
73
2089
2489
43
145
330
1207
1
22
2
7
95
39
4
40
2039
563
12
296
25
832
107
1
24
5
26
92
1
89
120
279
161
337
5
502
22
13
7
1528
7
5
97
454
101
102
867
1381
10
535
288
10
15
886
55
1
4
217
94
1
4
429
3
20
3
74
406
2
37
1
57
16
25
1136
4
44
1
1
1731
1176
68
6
76
21
2
330
2
2220
622
363
168
2
163
2060
5
52
1965
849
1741
2
1
2
320
3
23
247
817
1
3
2
297
150
5
296
41
15
34
16
7
1
6
59
561
14
1006
1411
7
542
3
6
1
1
2
2
53
3
309
23
13
41
1
450
151
1617
29
1
31
364
263
3
19
358
4
1
429
946
110
2
2
5
1
27
5
1
7
1758
13
2
565
3
1720
1357
45
2
42
169
735
7
1
752
1269
3
37
1007
1471
1
3
832
18
266
1
879
3
2
231
1
6
1340
8
1
18
1488
80
13
301
128
5
11
94
8
61
331
8
1
1666
1028
61
12
6
21
1
1004
2413
1
3
627
277
7
2229
2
2
3
24
376
6
414
3
497
8
250
2234
49
49
129
92
528
4
12
94
2332
6
450
9
28
3
69
11
13
11
5
2120
409
23
3
112
133
34
16
75
440
1
141
3
461
6
5
71
3
2
8
1
1305
1
628
3
14
1364
1414
1
237
12
102
8
4
213
2
96
414
1193
3
1
31
31
6
1008
1483
127
626
2
2498
7
133
2
2
449
975
1010
24
2190
282
28
2315
1382
1104
2
74
6
11
1006
588
5
24
45
1
11
2
159
195
105
1913
3
295
103
1
12
406
135
490
190
4
2
21
4
2
1804
6
1
653
15
16
2
10
2
1
1
94
3
22
214
11
810
1283
586
3
1
117
982
1161
2
30
754
587
230
4
116
1
318
40
14
13
3
454
3
9
1
1
146
9
1924
773
3
98
36
2111
1
64
1734
1428
20
2167
1743
2131
1308
2
1
1
26
149
2096
483
17
4
3
1
26
39
2
303
2388
526
944
894
3
266
52
42
5
16
1278
1
489
16
27
407
2
4
1
4
2
513
139
2480
1449
531
1703
352
41
1
17
264
3
1
219
79
1
256
2093
1259
1289
6
1693
181
13
780
2
202
59
6
456
12
285
159
908
2
3
1395
2
10
50
1576
22
256
40
3
5
1800
1637
1090
261
475
80
285
836
1321
1028
61
7
34
3
6
11
1
51
3
38
52
14
1
1
109
193
1541
2
139
1
2
391
1
6
278
6
637
1145
854
27
28
1297
756
2
29
34
1
14
1
1
40
1
1
1995
1545
62
5
104
1
155
902
109
862
6
46
1454
23
9
241
2
1
107
12
88
5
1330
150
1
1
10
1
11
1006
4
1
1
7
1
17
41
997
45
4
79
8
11
173
271
2
9
8
68
3
51
1169
1
12
82
8
2
1
2392
1
1739
13
19
1
72
1
1
1
22
1016
465
1255
5
3
7
13
306
36
5
638
200
389
11
44
20
159
9
24
183
5
171
1551
1
5
15
2
3
243
913
13
663
240
73
1540
126
382
23
96
240
169
33
7
1
1
1
213
2
281
1
1
345
113
3
1193
2
274
3
149
117
15
776
68
3
414
8
583
1535
27
1
12
1128
110
2
4
25
472
541
38
3
141
27
2
64
64
11
10
37
1
29
284
2465
1
1
2
2281
4
678
153
32
1595
1
1
10
520
11
1
263
2
30
54
1
1
28
2
221
15
1
6
790
3
1
127
1128
14
896
96
743
11
8
120
2135
1
1
357
2138
1
21
347
22
16
1462
2
186
1
4
1
9
661
22
433
198
52
1
128
343
57
2055
5
56
6
246
434
1967
10
6
1576
1273
6
351
12
4
1
837
30
138
80
39
5
1
1
20
7
264
46
15
15
1725
16
5
120
1
514
18
3
867
1218
1
67
318
19
127
151
1
1
347
15
2
516
1448
553
5
1
988
1
63
231
564
26
33
9
23
2
1033
1012
1
1
1
783
110
1
586
956
144
130
8
2
1000
808
2
3
39
161
31
1
1
1
1940
2346
1
1
328
3
121
37
404
2
2
14
364
8
506
61
87
3
961
71
27
182
44
1
177
3
757
15
904
1501
2264
5
721
8
1
7
3
29
3
2
595
6
176
134
1515
8
16
75
23
1
7
1
30
1
2
485
1
1
23
2402
35
34
9
1
2040
1206
27
103
2
482
14
265
695
1588
18
1822
75
16
6
279
1
15
70
1606
23
338
4
4
1457
12
4
3
6
2
1
649
1049
724
4
1
286
369
25
42
1
12
2
13
2
654
307
129
1
492
96
12
1
5
19
19
4
129
739
91
5
1
3
35
61
34
1976
512
96
1
839
283
9
7
538
1
104
1
3
27
2234
22
2
1
1578
136
430
512
8
235
285
48
1
1
64
2084
2
44
1
1
3
49
204
234
45
5
2
129
1637
33
313
41
74
591
4
1363
1
111
37
186
1077
811
780
85
481
1404
85
3
96
1321
39
3
234
10
2
1
4
489
55
346
2
3
3
1358
1752
7
231
398
1
369
38
4
7
145
45
393
18
1
2
362
2
10
15
51
3
2
2
39
4
17
71
116
21
192
56
33
145
3
40
71
391
307
1
1053
21
57
34
1
181
181
251
1
32
8
908
12
2395
2
91
1
9
2
4
44
1379
49
271
10
32
2
2496
8
1
24
174
802
7
147
32
1
1226
304
5
3
21
1
2
238
6
1
1
1
15
4
1518
41
1125
11
178
2
4
90
7
6
44
252
2
455
748
32
174
28
7
1679
8
32
15
2
6
2
24
112
1294
1953
3
67
1
1
119
583
44
1147
11
9
142
116
2
1
214
1
1
1
1
810
8
1
490
191
1
6
361
84
6
385
1636
1
10
1
321
1
147
1
1
15
902
162
234
9
3
4
5
167
316
2
1
59
3
3
1
1640
2
96
17
4
127
895
100
248
23
8
2383
2114
806
7
2
61
152
23
1
89
2167
4
24
471
1425
149
3
1040
80
5
26
1284
306
1
1337
934
7
1
4
7
1756
6
10
354
10
5
2
721
87
5
3
7
20
5
1
1661
5
5
1
2
3
1133
7
852
107
2411
62
1
3
426
3
1
806
4
39
1586
2
276
6
2
2196
310
1
60
1
590
2
1280
7
8
2045
1182
126
13
21
1694
745
19
694
27
1519
14
1
24
442
106
1
11
2
106
38
55
149
3
110
112
74
1
864
66
41
17
43
15
17
2
1
99
14
2
5
78
57
808
1
20
111
5
2
263
474
169
708
1
1
195
32
6
867
30
447
32
232
113
186
144
26
633
1
15
31
919
3
1
2000
1
1
4
1579
23
57
6
34
131
58
9
520
345
2
2
1300
52
1138
2
1
714
17
294
245
1798
93
1
43
1
2
2231
9
1232
19
71
1
15
1
46
21
1
1520
74
6
4
3
6
40
72
497
1
14
11
345
1329
3
52
714
127
11
3
10
1
1
6
144
295
153
188
3
42
1
3
11
39
109
11
446
1499
8
2
1915
141
86
517
86
560
1
18
18
3
32
3
41
1336
7
409
1
395
271
1
233
12
291
1
1671
1166
42
8
11
1711
17
10
1
273
4
119
7
26
10
303
1000
461
3
632
1
656
1571
1
85
687
6
592
92
175
8
17
28
18
7
18
2
39
1067
279
1
2
309
110
359
876
45
110
111
23
2400
16
964
199
524
344
297
105
17
682
113
418
92
1
9
1
399
1854
3
269
1
13
12
1
5
67
520
431
201
139
1
8
1
3
22
14
11
34
27
44
1
60
712
10
540
3
750
1
52
660
28
48
177
1
1
8
106
8
981
656
154
672
2
19
4
1
142
8
845
49
12
1084
41
2
1544
16
3
1
286
2282
2
72
241
12
374
123
28
236
1110
1
30
1255
2
1
84
100
227
1035
1572
5
1901
1256
30
23
2
7
60
49
194
20
3
832
556
149
57
746
794
1
9
7
204
35
1
9
166
4
141
1
1
1
89
6
50
1
916
106
3
4
1632
2
44
12
40
3
40
1260
49
34
91
1789
1
95
325
22
2409
5
5
1236
188
217
2
8
433
1
6
1655
14
62
9
167
367
1
3
1
57
1505
39
1
765
621
911
6
457
29
6
1488
28
1492
9
179
5
48
530
225
223
54
1208
70
438
858
261
1
100
2312
652
30
4
2
5
1
8
18
32
1041
25
1078
21
299
7
8
360
3
1671
74
196
59
87
6
3
19
433
4
409
696
4
48
15
23
1354
65
1
403
67
1
535
2
146
92
5
191
392
2
5
66
31
27
27
1
163
32
2236
25
1
935
1
60
103
7
75
1
8
204
7
12
1044
348
150
182
15
156
335
1
6
2
51
554
1
2275
182
41
24
4
1526
16
575
1
1
2
4
18
3
66
386
1
29
1
18
1
617
530
25
1382
5
165
227
24
63
4
3
274
1526
4
1
401
2
4
77
7
3
377
9
1210
252
180
22
1
11
1
3
4
1
1
5
2
4
599
1488
3
100
674
484
2
8
95
2
682
130
37
8
235
282
7
20
485
698
22
80
7
1
341
86
36
8
14
49
51
50
525
4
21
66
2
227
547
612
359
31
609
1
1782
24
1
1
1324
288
2
1
8
687
1573
1057
62
13
476
89
1875
1
3
1
1
28
148
3
15
338
843
1014
1
2343
1707
17
66
99
5
1024
594
1384
2
3
472
1654
145
2
13
1122
293
2
123
29
23
19
2
81
20
3
54
3
3
192
36
1
241
410
227
21
700
679
266
2
1
1
36
137
914
5
3
570
588
1078
2267
1260
5
2255
84
6
1194
1276
15
186
186
901
787
2240
142
2086
12
4
14
6
504
100
1
13
2
346
46
11
822
1
93
1
6
83
1839
11
22
7
56
3
64
1
3
18
1127
703
3
1197
23
34
32
67
9
1
1
36
1772
1
20
1957
22
1467
1028
2
463
1
129
954
4
1
1108
1850
716
139
9
913
174
1
63
1491
2322
6
101
1
213
65
26
48
546
6
5
2
759
57
956
2
21
249
5
3
8
748
59
64
930
389
15
101
19
1
677
56
11
193
257
344
12
658
1
44
7
88
150
2
854
1
4
98
25
1130
9
768
1765
1639
1
1665
6
527
1
2
2
45
3
1
5
9
99
662
45
3
1449
69
9
263
94
68
83
1
11
44
74
339
11
316
2104
1
1134
1573
573
18
1651
9
697
739
170
781
14
30
42
2
189
8
105
1
2
363
50
16
67
478
114
124
9
732
126
20
39
2
42
17
2
2085
310
138
25
72
8
270
10
30
73
17
444
318
6
185
1
8
1160
1
2
340
1
8
7
1
629
70
229
1090
1
2
1721
166
186
90
1055
479
7
1909
1
1899
413
2
16
467
4
4
2278
39
20
7
30
40
10
889
2415
40
29
5
41
217
457
95
4
2
16
649
150
2
6
33
5
74
52
6
2
17
229
134
37
3
589
1
1
13
324
1
89
1
2
1
2469
252
3
3
289
1
7
1437
4
8
459
29
163
102
671
13
14
1
1188
352
511
137
4
1254
406
1278
3
54
871
112
1541
85
4
82
3
5
76
26
3
1
25
987
56
55
4
19
715
72
131
10
2
40
2
2
2
1206
16
1
1
185
192
170
1107
680
37
957
44
73
23
48
1
1145
2362
2054
60
47
410
25
8
8
1
28
61
18
1
17
1227
150
1
393
2
473
109
755
17
3
1
5
691
82
67
5
231
224
286
152
5
105
1305
123
4
785
1733
2
1845
170
61
267
78
2299
10
1107
55
1937
3
464
569
1
178
1872
1561
2399
951
2
30
22
1
19
1
1
32
18
74
2
1
1
26
35
3
219
190
15
2
18
1
278
1
200
1708
2
6
1129
86
9
20
48
206
1
1
457
34
8
21
64
157
346
3
3
11
22
24
2373
3
11
47
3
1849
1
98
1
79
223
486
85
166
1
20
14
1929
306
6
3
27
5
7
24
1
2
1
29
917
361
15
160
193
549
1
3
1881
1
8
1
228
8
7
3
21
918
105
10
4
503
809
1
271
19
95
131
12
14
14
135
250
7
5
1
16
23
84
5
59
54
24
85
180
33
3
4
1
297
1
80
2
1085
1112
106
4
56
87
49
1027
95
1492
1
1276
1
280
32
106
15
53
253
815
4
4
3
2
12
138
2
11
3
2
19
34
1
3
11
1
119
22
69
60
1
122
571
54
135
1187
46
58
12
788
1174
36
8
4
731
6
5
1
1648
310
321
279
1
4
3
275
3
1667
1
7
750
435
5
8
1
502
3
112
3
31
191
77
2
1
68
1
1031
361
3
424
57
2
59
289
424
1447
1
6
13
1
1387
4
1
1
271
463
1
392
277
62
138
485
34
105
62
225
1
11
136
1
41
152
452
1
2
1
1050
185
1378
2
449
936
338
13
465
193
44
340
9
14
1872
2
8
74
15
2
100
419
69
939
649
36
1
18
25
11
1
31
348
662
831
1
911
953
685
1300
5
1
21
80
1327
93
249
1
21
4
504
696
1066
5
92
13
46
1
1
18
3
2321
485
1397
139
2
198
28
21
408
3
4
95
1298
1
4
278
1
20
5
27
2
56
1655
4
60
24
40
106
5
46
13
35
6
29
5
50
1525
417
4
1728
4
2
423
2
58
1568
18
1949
4
36
35
163
1
17
2188
283
161
1
1
43
2117
58
25
551
1745
130
6
126
7
18
59
2
2
1
5
2
25
608
10
379
43
408
6
1
425
111
186
141
69
2337
1309
3
17
3
1
3
42
2
139
9
38
47
830
53
178
68
2041
584
536
1026
1023
296
62
15
20
1743
529
5
1
5
1
705
619
243
155
6
92
10
960
7
26
2
2
1763
296
1
5
34
1
9
13
196
59
4
10
48
11
570
3
3
1
2
6
2391
446
3
21
38
1553
471
293
1761
168
143
1
1
1271
1012
29
1239
16
19
1
25
148
261
743
121
662
1
2
108
81
1114
130
40
341
2
2146
12
4
1
3
156
1106
2
11
1
14
19
267
15
2309
23
45
1
4
19
69
70
5
1
1
10
175
51
25
1
10
64
93
627
1737
6
2236
34
806
37
83
1307
232
260
337
2205
198
1051
126
1
6
705
315
24
418
1
1
8
1
5
1195
82
102
15
45
291
4
153
7
17
792
1140
1
290
2
1227
1329
2342
21
6
289
496
71
1
9
60
23
324
6
589
227
82
705
2
207
5
10
1
11
698
7
2
286
1116
350
621
8
209
1657
2402
85
14
11
4
3
1
58
252
1
2
9
206
13
12
1
2
42
7
1
1
406
186
212
1094
26
2
16
1153
12
1
3
39
1
3
3
1
31
20
364
353
408
58
1
7
254
69
51
2
1
1750
2
845
4
25
1
1
117
154
38
1
671
29
11
1229
2146
319
58
291
79
5
108
1
118
56
2451
2303
234
31
71
4
2
10
2
727
149
45
5
1
203
3
1
568
107
9
5
2
6
755
12
2
399
6
2180
123
53
89
423
410
486
74
2
1
1608
2174
3
2448
2
312
983
1620
1
62
1716
201
2414
29
177
1
1658
25
94
141
1
2249
14
1233
1
3
1
127
32
2
6
2
200
2347
153
6
7
590
216
34
10
55
1
1
1
2
777
164
159
493
10
80
1169
637
6
170
13
3
248
15
208
86
3
170
24
84
2
12
1620
851
4
801
1
16
274
1819
4
1155
964
873
398
1389
123
1
1041
828
69
559
21
3
96
2
106
257
6
1121
19
1577
863
1
10
1458
780
99
4
9
173
37
104
57
272
3
34
1
2
11
4
971
1508
185
29
2302
2392
132
16
1
10
78
282
1
1
2
2435
3
8
2137
1
491
3
19
24
1160
16
2466
6
1
557
307
31
22
12
961
1062
4
310
141
1
266
340
13
91
4
126
73
790
6
296
76
1264
8
122
2104
3
1493
862
9
1
13
2
2
2
6
4
114
68
507
2
178
2
8
1
11
809
20
797
65
2
18
571
5
194
4
4
5
3
11
2099
596
65
222
8
160
30
115
3
29
17
3
83
636
6
89
920
8
3
16
5
11
410
9
960
26
16
66
61
1905
204
26
1
1077
1
3
1
11
2
30
4
62
66
4
9
1636
1
1
160
11
2
17
258
1
15
1
145
2432
1448
38
17
195
8
84
1
52
5
720
29
27
61
3
52
14
1702
24
905
58
48
9
1
45
1
2
526
990
2
959
24
2102
160
32
6
8
3
7
1757
264
103
1032
17
122
521
381
1
6
639
1
2
8
3
5
1075
99
14
173
174
2397
130
1730
529
836
1
28
2
6
330
12
282
61
20
664
1018
913
1980
197
32
401
1
22
1799
638
190
77
1458
120
530
813
235
226
7
515
1
1
60
3
12
107
1
11
6
1
434
17
515
343
1
109
18
13
19
16
2
5
48
39
1714
189
8
37
10
1
133
1890
89
1
372
1270
91
1054
249
74
1634
35
2106
455
14
1
698
5
1080
848
754
63
3
13
523
4
1
1621
2
35
1235
366
43
28
196
105
125
1104
336
39
2488
1
32
1
145
3
66
137
1
58
3
2219
610
1
48
246
131
1
3
779
1
95
3
10
498
1366
9
257
1440
821
30
1
3
66
1
4
1636
16
7
523
9
501
1140
12
1864
894
19
1
600
1247
983
2
12
85
84
1405
28
24
2
73
180
1990
7
734
53
293
86
1848
849
10
784
20
1
4
4
703
74
425
319
3
786
9
104
1370
1
1
17
95
14
9
96
313
3
1
2
46
2
280
100
218
2091
106
14
9
1
181
1470
43
251
144
43
1
127
309
5
155
184
1393
443
131
6
3
55
828
51
99
136
606
56
85
3
4
39
403
1
44
106
1003
867
1306
13
7
4
1
1
274
66
1
51
201
172
1
3
654
1143
3
9
594
55
160
64
2269
1
329
25
309
267
5
1175
62
1087
8
1
1777
1
15
63
481
1070
3
282
791
40
1627
3
220
160
2006
74
2
19
1
887
11
304
3
2
1126
32
1037
200
430
1
1794
119
320
1
36
8
2
1
3
52
34
285
699
262
1
67
169
77
2438
100
10
43
6
1
4
293
21
24
1451
1
73
1
185
1
1
2283
105
1
2
2265
10
4
136
155
1
17
5
1422
72
1445
83
2
18
1
7
483
7
1
6
3
1
498
606
2246
3
26
1
114
4
31
1
1
3
47
1
9
30
2
101
1
351
3
629
49
3
214
148
13
3
172
84
1
2
25
2
21
228
12
2
12
1
1038
547
1507
1241
358
21
22
1
1
87
352
36
692
2
10
324
2
753
9
2022
2
161
264
2
573
37
1
3
3
25
25
964
192
1
755
355
2
384
30
158
353
1
5
15
45
13
78
104
1
997
1813
8
28
3
46
2
1
148
819
708
709
148
254
159
19
13
51
236
1331
38
1
5
2
2
6
4
289
1
71
3
213
7
27
1
75
1
4
20
4
2
36
379
2402
3
19
9
80
3
1
50
21
124
1
13
53
2175
7
108
4
2269
368
7
1
1
788
1
44
163
38
1401
14
1
443
1095
3
15
72
518
378
1
106
5
3
1001
1
546
1
57
59
36
837
2
66
16
3
99
15
1252
2241
1
4
12
43
66
819
112
64
4
167
67
335
1067
1
326
235
6
3
54
225
9
1
572
15
4
78
10
529
33
10
398
1
2
407
70
1650
405
1
11
34
647
93
1817
1127
33
631
1
1834
320
1
152
4
567
1
23
41
1
44
241
932
58
1666
271
3
4
331
104
965
1
1681
3
231
7
7
2007
34
4
1
1
728
1
1
37
1
593
82
25
172
97
12
24
33
934
343
2
251
6
867
1513
1
88
1
2
3
118
4
14
153
1718
28
238
9
1
39
14
1
459
1
9
5
22
62
580
2
60
1
796
2330
2
5
457
113
17
55
14
4
23
891
30
241
9
842
2431
69
670
1
640
238
61
9
218
284
30
192
2
23
66
19
610
37
658
513
47
918
5
38
104
1
4
111
167
900
102
25
1413
1
8
89
21
18
1
6
7
59
171
1
647
33
54
9
130
21
251
18
11
106
2
3
69
165
3
49
96
2
48
16
2
3
11
3
967
24
2
312
4
56
351
6
1
1475
4
14
107
398
43
6
2
249
26
1
187
387
433
35
405
12
664
1538
84
2244
8
2
213
72
219
85
114
1
1
3
24
193
116
1088
176
243
1583
1712
5
238
912
1
5
356
1746
1
8
56
45
76
42
139
1163
6
1
324
4
1
2
157
36
29
19
341
231
349
2
2
4
10
1028
187
1
2294
681
245
627
14
1
2
742
1
6
1
1
2475
47
169
3
1
139
235
267
3
2
8
329
580
48
289
47
54
3
1
187
839
53
2371
66
4
2412
9
230
2
616
737
46
30
1068
104
1374
21
15
1
7
298
4
7
1
283
1619
3
6
31
949
4
1667
313
27
2359
46
31
110
1
102
1954
465
1
3
1
112
37
9
1753
2
55
4
1
23
671
1
1719
173
44
32
176
92
1865
217
36
89
1
5
1647
151
153
129
96
956
2
251
737
548
152
5
24
2
3
200
1
148
86
1431
641
288
16
9
12
23
138
1
292
1683
102
592
172
2
194
3
89
17
2
68
74
349
1
1
32
4
3
655
27
518
8
34
23
429
4
592
120
2010
260
1
16
616
318
1
289
120
201
56
9
469
5
3
79
45
5
588
6
36
3
32
6
976
4
16
29
30
2
468
1616
2
2
2405
12
8
1
243
88
2200
715
1
5
802
1
36
290
1755
14
323
1230
1068
54
1
1
3
20
1687
199
1
2
3
1
1261
2
1
1
553
13
518
103
9
230
1249
16
234
1273
2
8
1454
20
2156
17
1327
86
1
25
467
9
1
3
39
10
5
31
5
2
405
34
1
527
23
235
97
82
67
83
88
118
347
196
2
1
1
23
80
26
24
32
9
1046
16
492
169
172
20
34
22
326
6
1
96
14
496
115
1722
1
7
235
5
113
17
117
9
227
351
2
83
663
122
715
110
812
946
271
8
1470
12
2047
4
50
10
53
33
132
2
73
3
2200
1
190
2374
1
50
222
4
543
199
465
17
558
1
123
5
39
2440
124
14
1
5
23
399
28
1
390
1
152
257
3
11
503
196
2
1390
3
47
3
19
29
261
328
16
289
98
117
27
1636
24
37
483
1706
1
1
22
30
487
92
23
1
983
33
969
1
35
15
3
50
644
17
170
1
1
1944
75
1
38
632
5
26
27
48
18
66
47
2
1167
1734
422
56
7
1462
22
132
125
2
37
10
76
1
36
1
208
190
9
6
728
8
1
1
1
25
319
4
1259
5
2311
337
64
34
49
548
13
15
2
8
425
26
74
58
1087
872
398
5
60
1
8
1
63
105
42
2
7
818
2
36
1
6
411
18
19
203
87
4
178
6
29
40
2028
1962
1
7
61
120
140
6
25
197
3
38
15
3
89
224
277
20
1338
167
20
2256
1292
4
1
1
3
56
2
55
3
2
45
41
2332
12
367
184
575
38
53
65
1146
261
160
1
1458
1
1
190
386
1795
4
4
6
1
3
318
667
865
175
175
2
18
3
271
759
2287
2
1
1244
1
105
66
8
872
20
5
5
1389
18
3
340
7
4
523
8
1
30
277
387
13
6
1
1
3
11
388
2461
439
247
1
45
663
2
2
7
1
577
54
25
7
133
22
1534
6
41
2
1
6
16
15
28
62
2
14
365
1063
7
45
14
1
10
207
10
20
36
19
321
26
2183
1102
8
96
82
6
2
3
92
1
18
10
1509
2
2474
2
38
8
7
4
1
19
35
5
574
1
374
428
18
25
884
74
2
36
142
12
95
55
7
43
2
1
23
5
21
525
1
424
2
1
1557
1977
472
12
768
240
1294
1470
1
2154
3
161
12
90
14
2
51
218
43
5
97
3
1
10
1
133
742
14
68
4
11
7
209
171
41
7
230
323
1
5
202
2
4
20
102
1
6
7
20
6
7
1733
12
21
272
205
79
25
2108
1287
4
281
94
1
130
885
185
47
1
81
11
2
8
258
8
1
9
13
2
316
11
6
482
3
2
686
246
7
131
1225
2387
196
6
2445
24
1316
19
3
18
226
17
2264
915
731
685
1769
3
1169
13
178
749
1
1538
488
1
1109
916
1
2246
2256
144
62
1407
1
13
100
1
65
160
3
708
1
1258
3
23
1
16
1
1
3
30
1
278
146
10
7
3
1
669
22
3
1
2325
8
932
2191
1296
1084
6
39
27
858
1
196
6
1797
52
95
18
4
31
1
5
1
7
39
618
90
3
63
3
154
134
416
6
1
1776
34
1405
115
59
11
92
518
49
22
43
556
8
2214
336
21
17
18
3
1
118
139
7
720
10
4
105
8
94
110
21
364
74
47
459
2377
156
5
6
17
275
339
1
1360
520
1
281
683
2
443
1115
113
1029
1159
22
1
76
62
5
1
3
9
130
714
2
1615
2302
322
97
78
70
39
7
1
1
184
4
15
58
5
195
1
438
11
2491
5
5
2433
2
468
240
238
1
5
1095
94
45
505
1
1
589
1
19
26
12
18
991
2
49
1000
13
9
460
170
15
170
241
13
23
390
1070
3
330
3
74
384
2065
4
66
4
429
198
1311
26
5
306
622
189
1
2
805
79
1
6
115
94
12
6
789
753
290
647
183
28
3
412
299
444
8
506
64
2
470
2339
35
1
126
1813
5
545
36
1
2354
1
18
139
3
127
1
32
2
30
269
1
174
10
24
29
38
10
117
2
14
274
3
4
18
1525
3
2
2123
1125
55
3
67
177
50
17
22
141
1231
1378
1
1
65
261
215
114
583
19
2
2
1
5
184
2080
9
34
454
501
77
1
2454
17
2
9
1
95
1
12
6
5
1
459
7
115
2162
22
243
12
1
2461
137
343
69
6
2
1789
3
1651
669
81
322
13
86
6
414
427
137
36
3
4
198
66
90
2
1
561
2
1
10
208
29
79
127
6
1013
1100
1
9
1113
29
18
1299
822
171
356
19
854
14
10
102
26
1209
26
121
1
426
14
14
1110
1669
3
823
1453
120
30
75
890
244
98
13
710
313
2
1
19
4
532
24
771
124
1232
10
174
23
1708
2
16
1182
227
55
3
1296
248
1330
6
1
3
4
221
2
20
2
43
1
284
1581
114
4
222
77
195
2380
50
602
22
1176
210
17
9
1
3
1
8
16
667
18
77
44
1
841
1
1027
14
2
1
396
4
6
2
141
9
291
1
3
334
97
4
3
17
51
1
2
32
718
191
154
10
21
722
1
2357
584
141
5
9
1
2
5
33
66
1
1504
1872
2
179
1
1555
5
3
7
2
841
19
3
1
2
1
38
7
613
234
255
1
421
2083
333
2
32
1
13
90
1
4
3
805
48
366
2421
129
1
50
166
51
49
1312
605
72
18
2
297
2
472
2
18
2
4
141
1
2478
1703
508
438
2
828
215
66
462
4
1328
9
13
1088
409
1792
598
2
2
6
598
163
1693
1
1046
583
313
5
7
281
1
32
1051
655
74
1
22
2
4
249
17
111
13
93
2
133
1828
69
2
29
18
10
1
4
1
11
1
4
103
3
49
29
342
11
7
779
41
2
4
3
4
44
7
78
5
1477
1
1290
32
26
6
1
1188
1
42
91
3
83
19
643
128
458
2
646
2
184
1
43
622
37
2
1
40
1
193
148
1
11
1
25
2
148
20
27
21
1232
1
321
45
774
234
52
7
11
46
868
81
11
844
567
5
2
353
1
830
725
69
2140
1
446
7
418
2
75
1252
1
1
9
1001
2
5
17
1232
1
781
171
169
1
811
3
1919
1
1781
36
8
40
8
982
298
315
117
2018
256
27
10
1
191
365
2
1775
2332
63
425
3
1
46
52
3
10
1478
6
338
247
1
3
222
173
14
2054
2
15
928
76
166
672
399
499
252
23
875
963
2230
26
26
2
1514
522
83
110
485
51
299
2
1905
30
601
38
15
140
357
552
552
25
11
605
672
92
75
63
1
1
2
4
193
515
159
116
130
2
2
189
7
4
15
110
18
1
11
1
1871
1
5
1540
262
875
93
1191
16
199
6
1
54
328
2391
14
363
24
7
1607
83
38
1
14
384
1
386
1
702
56
11
723
50
40
59
2131
366
104
18
44
564
5
2500
87
19
3
35
17
160
1856
1
4
2191
40
60
1
2
32
3
7
21
6
109
625
2
1
169
78
135
91
2
1
13
1
362
2
165
24
2
158
2
151
222
173
248
127
77
38
3
6
7
299
6
8
3
7
77
505
17
1273
135
122
1
1002
539
156
1
8
1
827
468
56
300
1
194
67
1
492
363
1055
4
1
2
1037
100
31
1784
2
227
69
643
56
2
378
592
1
437
8
112
165
55
1485
67
1034
9
1628
55
1
615
421
124
38
2
32
7
4
1
9
1
2158
60
21
35
738
1330
361
85
4
261
1
15
35
3
4
34
2
43
1843
18
265
232
147
3
15
535
133
3
1141
52
1
1
53
1
2440
176
6
1
1828
361
1
190
1819
3
2
3
141
5
654
1
948
2087
22
1480
124
3
1933
10
89
1
20
20
183
2
119
1
8
1005
42
53
1
4
989
1
18
46
1
482
440
94
2
23
44
4
53
11
16
37
376
223
210
3
80
491
7
246
3
1
48
736
15
95
1582
100
147
1
580
1
1
11
1267
6
407
2
185
2086
1
27
193
1
1
57
373
183
937
1828
8
8
427
104
161
104
1
13
110
2031
9
1853
737
30
2021
20
4
2126
2
854
256
125
46
2
428
217
1188
4
1
837
1
90
178
246
978
42
102
2
532
1
2
4
2
5
59
320
2
1
681
13
2
6
1
6
3
37
1
1521
10
12
8
1440
132
20
15
75
109
61
9
98
155
207
35
2
1751
3
1327
2
435
19
21
1
1011
2486
2
80
2
121
2216
48
4
1
865
175
2318
596
28
2
97
13
59
6
49
134
1310
112
940
731
74
301
49
309
14
1
14
7
81
70
408
1
14
43
1
12
2494
371
5
11
2
1
21
1
42
2
308
375
1
1
38
3
144
1142
245
4
41
803
3
3
38
106
115
21
1600
1
2261
2
1133
513
1
2
15
1
45
2
1
6
4
473
5
1020
139
22
470
94
1
7
136
19
214
6
387
1
270
5
53
210
203
1
65
53
33
44
34
4
153
12
3
1
106
398
34
14
12
3
100
2
2
22
42
15
1396
1
22
1
14
21
858
3
1
779
441
2438
547
193
1
15
2391
881
20
6
28
9
1
1439
186
3
59
643
2
181
1
13
951
2071
708
3
1
3
124
1
388
2356
156
147
1
1
117
1
972
4
62
32
915
6
6
374
1
227
244
39
11
14
5
1
52
1496
16
26
354
804
35
224
107
8
191
1
12
4
3
701
4
95
124
19
17
176
1093
150
15
2
6
627
1
13
287
706
284
5
10
27
1
250
1
2382
2
237
11
49
144
41
1694
34
4
2398
1957
13
23
2
78
1
5
24
3
455
17
12
1801
232
2147
7
19
3
375
3
1359
2433
101
411
3
252
44
27
181
3
7
10
410
192
1
84
20
1
2
170
18
3
1
1463
361
945
490
43
1033
58
1
2
620
3
562
41
10
251
44
2126
44
1483
165
7
936
1
1
4
87
2
37
220
9
3
64
16
29
17
75
625
37
2149
778
222
1379
250
181
3
173
57
294
1059
1
1
506
1
442
4
17
1
855
231
6
2051
1185
238
1
14
8
710
1
61
6
90
3
2
212
2064
1
23
5
1
9
10
102
86
5
1648
1
1375
1
2
3
354
96
45
5
1798
6
8
2274
1679
4
12
20
1797
1796
333
23
1
1443
62
497
14
1
1
20
17
4
3
12
1226
947
53
35
1
2
3
7
6
281
409
219
2
1
165
124
69
321
2
86
68
5
308
66
2
5
61
6
354
181
19
1429
709
194
743
146
217
2416
1
65
6
302
33
573
1
4
1177
1
1608
2
11
18
1
158
1837
14
2
1381
1830
28
2429
297
29
2
1
10
2
1
2121
4
1509
3
55
82
179
368
1
1
14
4
1
1517
49
4
530
3
7
3
1
179
8
22
69
833
1253
113
655
239
1841
316
127
40
1848
50
95
2306
8
1
618
4
5
186
2
6
2
1
1
135
161
2
267
2
12
438
5
2
8
1
69
8
3
1354
7
410
61
2028
17
1122
58
145
22
2
27
772
65
26
138
1
9
127
2136
1584
113
14
1318
3
162
1490
1
56
81
1
1834
1145
63
2
3
1
1580
1089
58
1014
189
465
101
1295
8
11
65
1
536
118
2463
282
400
424
123
2300
3
41
2
113
1413
78
3
515
75
8
2
684
77
6
1686
1
1
374
1028
11
58
448
830
3
148
2
2183
1651
100
23
76
8
1
1
72
978
7
1
157
96
1
42
1
5
258
3
859
1
9
173
3
1
1373
1
93
22
265
468
578
17
1286
2
1
1
22
3
518
573
2
115
57
54
133
269
7
197
245
1
9
2
12
24
2
8
9
307
125
6
4
6
858
2
238
283
1969
1439
25
783
6
65
244
59
5
227
8
1571
19
574
654
1796
1
2
1
3
30
1783
68
7
9
359
4
53
112
59
1486
11
3
27
7
1
1
1
573
83
2
7
113
31
1
25
75
58
1
3
69
2275
715
58
1
153
28
35
2
1879
7
1798
1655
1
2278
1
347
1
161
1
89
4
1
1
290
22
1
1463
396
1
37
7
33
4
30
1
273
4
490
232
526
167
15
8
2
1
8
789
1895
6
6
637
1342
875
5
94
47
2
19
42
318
3
12
1
26
1
681
13
10
11
175
42
37
494
7
2
31
1715
1000
1157
1431
599
24
56
2
50
278
363
12
2
18
857
1468
326
959
7
1
2
1024
1066
23
427
3
29
259
318
4
282
448
4
85
13
1362
1846
1
1
1
57
2299
33
344
2195
403
2
2
4
8
8
1
847
209
1
5
1
3
180
229
1864
18
535
1784
395
33
7
9
55
5
16
7
37
152
1
2
847
20
296
4
4
16
1
19
26
1
139
199
1
1412
1
110
12
5
3
29
250
189
32
60
4
2
233
36
1520
51
308
14
3
25
362
3
53
9
10
20
1230
166
101
474
1
316
77
3
1629
174
129
1
26
19
5
8
53
96
2
3
906
12
288
627
368
7
2
34
3
1566
1
542
60
10
454
155
184
1
1
3
2116
2
304
20
1009
78
528
1
7
289
61
63
72
12
125
156
1950
21
16
10
109
8
952
1
1
21
556
118
34
184
277
49
10
48
10
195
2
1238
1
14
42
550
62
80
1810
40
30
136
25
1738
5
30
1
24
1985
448
2205
45
1
2038
33
3
95
831
1950
479
1148
1
737
10
75
2
25
58
6
53
54
207
7
245
35
293
27
2264
11
70
7
1559
16
51
4
621
78
1
124
581
202
15
6
26
1
740
347
40
1
9
29
10
1
482
1
15
1
178
73
47
864
2026
46
411
1
9
2
45
5
2
8
329
4
4
4
54
33
49
312
67
48
2037
14
7
2
1557
17
411
251
4
32
94
194
1
35
1
1927
347
20
232
151
949
169
245
286
21
2
19
1
1
2
1874
2495
1
4
3
16
33
9
2
1
16
1101
2
207
7
3
134
1
143
31
54
47
197
33
424
22
10
1
13
51
2
44
7
15
29
13
388
3
1945
2
1
3
7
1388
6
6
2334
296
7
180
10
591
36
5
1338
8
114
302
610
14
1760
353
50
563
8
1
18
17
4
1
71
1
357
32
8
11
854
4
1
2
2292
441
1
10
2055
2
237
16
1144
72
618
77
6
65
786
4
1297
17
13
15
16
2277
98
16
43
2
4
1
7
147
1
1
41
26
151
1373
1
10
3
269
12
2038
38
1
27
2
1
15
1
1
75
487
518
1199
4
52
3
101
225
759
1022
193
348
11
1817
1
1
1
3
1
1
234
1
43
46
7
30
1
1
12
629
1212
5
591
41
66
764
128
134
6
38
534
43
49
190
3
2
185
10
7
11
166
122
83
569
11
12
1161
9
87
68
261
925
36
1
1
509
8
13
364
159
40
815
31
2
2
20
88
116
1236
4
1
1
222
1670
50
1
87
1
318
17
6
72
54
31
1
1
243
1112
1
45
926
100
1107
4
878
17
132
433
309
1
33
58
186
69
1035
11
2
2193
29
78
529
38
149
1
19
7
37
2
5
1
13
49
12
1440
30
2
70
18
37
7
561
19
59
1339
80
1
6
35
744
121
2
16
5
3
56
27
570
13
478
8
2
10
3
32
99
1806
10
65
38
669
9
2052
10
609
4
2403
10
70
78
1266
396
1
94
24
88
180
2
68
1
46
2
63
10
16
73
3
4
1043
1
542
36
387
2359
4
1
65
25
1105
1404
1
418
35
3
9
11
549
18
35
179
4
45
37
1
777
2
1
1179
328
1
19
1613
3
5
2
2
245
160
387
466
1
5
16
106
198
2
2380
1
24
14
23
1
114
88
1
324
1
71
726
257
2
546
217
162
6
264
12
22
2
1688
11
2
277
265
627
3
44
585
345
3
6
428
1
1
75
9
10
115
21
294
104
1
26
5
370
1
2
50
371
44
695
852
26
5
321
45
577
310
1717
18
1
321
1230
2381
126
2
5
3
17
474
2474
68
21
301
1
1973
15
1
299
6
20
50
77
35
646
178
721
983
33
26
4
8
5
10
24
7
2
7
854
133
176
209
1
5
3
1
656
15
25
61
3
124
2449
10
2
1661
1009
1944
145
94
1
1465
4
1519
833
23
535
2484
80
24
1
690
199
144
971
21
24
9
1359
5
5
63
73
16
22
15
8
5
466
2
2
4
3
12
13
3
43
358
51
43
306
13
1459
2
113
143
1347
3
23
494
1
24
144
2
5
2
2267
2
1
22
30
5
184
49
13
1
119
119
3
30
1
1154
98
194
23
62
137
4
1
1
1
2076
254
1438
1
404
668
176
3
1839
169
199
282
18
378
84
1020
141
27
1
21
1177
1
1967
284
114
123
769
1
66
131
1
236
8
441
1341
2
347
3
1
1450
2
1305
2399
67
46
24
3
41
2
148
794
11
33
24
386
749
2089
1
623
9
6
6
57
1
15
237
1442
11
362
15
1
7
199
44
39
301
2
2254
2
76
16
16
19
38
5
1048
157
5
12
1
42
36
47
1009
107
10
3
1875
402
4
2
2001
651
85
126
1770
22
15
37
5
58
1
144
1
1
3
9
1
109
52
14
2
9
10
1
210
6
28
1204
2
20
1983
3
187
29
1001
1
14
7
177
61
573
1
324
45
418
67
2
1862
38
1
23
31
1105
7
48
433
142
239
262
1550
2
59
6
780
12
835
97
8
1
82
1
246
87
52
122
537
1728
1
40
31
7
1004
2
1751
1
1
10
1718
542
275
301
5
2
493
8
1
8
527
395
485
1
642
1
6
753
44
1511
117
19
1
1884
1026
529
6
2256
436
32
1
83
560
57
1
17
1012
4
243
1
3
1255
64
205
1
1
3
2
305
283
18
169
6
2384
18
12
19
116
786
216
2
2
3
1055
112
2
1
2
62
3
1661
10
8
889
1
120
251
852
5
1
3
3
175
5
7
2302
11
35
1919
22
2
922
105
237
1393
19
9
1679
967
6
381
159
31
6
51
125
98
1315
1422
194
26
46
343
405
1
308
6
1195
1
288
1
877
1
26
1
4
1
482
15
27
111
3
173
376
2
981
167
8
6
75
119
74
1095
641
307
346
708
1
26
851
6
310
1120
2376
169
1
1
6
279
1298
767
5
2
2177
727
32
299
621
79
1
1543
974
1384
1
6
1871
243
1793
1
956
715
1
103
19
1
7
16
1
1
1513
14
2
942
46
988
3
717
17
16
2059
47
74
35
60
452
1
9
1262
169
1105
135
198
3
10
127
1
3
12
5
46
173
11
1314
709
3
1
67
81
1
2
123
1
304
9
100
1063
371
1101
117
54
7
18
3
9
2442
14
386
2
943
8
1
302
316
5
3
301
197
3
18
132
3
148
2136
467
1247
1389
1
4
1903
51
1933
192
3
4
1
1083
1
11
6
219
119
2038
965
200
27
82
103
1876
1358
929
121
1
14
6
483
1416
21
2382
293
1
269
8
9
105
1457
242
500
455
9
472
4
5
3
1
1975
29
2155
1
298
7
5
5
27
23
3
40
2
241
10
1
728
132
3
9
4
1
19
6
5
82
22
11
3
246
43
2
1473
4
232
1
1992
248
348
1738
1
1
840
182
864
1
244
1639
90
1
797
1189
1
1
7
1175
157
3
41
5
213
36
725
334
28
25
2
1
656
12
295
287
15
1826
371
1
37
116
1056
304
30
139
422
11
204
1
5
1373
116
1303
9
149
1
239
3
1
16
6
2
1
10
31
962
1708
19
325
1
1
149
3
1931
2
49
15
179
6
1
2453
101
1114
1618
1700
18
1
4
701
28
1
13
2
1
378
11
255
4
259
4
334
47
699
1860
193
9
314
57
507
202
1
58
488
15
8
170
44
6
1
18
2
313
96
22
13
88
4
33
10
959
8
1
1
1246
82
1763
120
30
1
444
3
1
3
9
867
3
383
70
596
5
1696
161
15
22
3
3
60
242
164
4
1
117
8
14
156
855
236
1809
3
989
570
149
32
3
1270
869
15
97
1
3
2
48
1
6
6
4
1340
11
164
1456
4
4
3
5
350
11
2483
2112
6
2342
1327
22
172
116
129
136
37
2
3
26
171
2224
1
1
176
26
2
1
2312
57
379
108
6
19
34
38
923
2
3
1
14
1438
1648
6
15
544
2
87
12
6
1
228
2056
360
5
146
4
1914
1
2046
145
976
1
101
172
1
222
5
6
767
211
273
15
2
37
481
360
1988
1146
7
498
1
1952
55
538
303
1
7
18
25
1422
1568
21
599
5
36
662
3
81
101
1
1029
88
1
20
17
104
22
218
19
101
222
37
58
42
66
3
179
1
198
153
921
14
2
574
104
1456
160
14
1229
137
40
20
4
2
50
5
238
72
644
2
3
35
2
137
924
2
1705
59
1
1430
23
2219
6
4
94
9
1318
1057
58
8
286
158
5
1
29
19
13
4
1001
379
13
1458
8
2
2144
9
3
198
12
27
3
6
3
44
315
33
17
62
5
48
1
7
115
5
2400
2
5
1242
1
112
1363
317
7
1
95
645
169
1
18
12
102
492
21
4
253
16
186
108
2
1199
1
352
2237
1
399
343
1265
113
64
166
717
17
1
3
4
1134
1788
13
688
19
31
134
1
31
1806
1873
16
1
37
25
156
104
16
118
8
787
29
3
2186
488
12
1146
1
162
2
1
44
1
16
13
209
6
1
868
163
473
4
2
323
1259
500
11
39
1
194
23
1
10
12
9
2
1
2042
3
1
8
642
428
1
1353
14
71
7
5
24
341
346
244
1688
60
538
50
199
1
1029
23
2
147
17
1
27
224
470
990
1
2314
1211
2
375
1
1
1321
158
151
7
6
2
2144
23
7
1048
31
56
1
33
1083
1
5
1756
23
668
53
124
40
3
639
1
178
269
2
36
3
245
37
1
37
1
4
57
2
849
433
5
11
32
102
4
1
525
371
3
555
124
1
3
1
1591
72
1
261
11
78
138
1
9
1
10
18
391
2289
8
246
413
22
19
75
1326
10
1
535
1
15
1
3
117
1421
26
18
172
23
228
43
11
1
10
124
169
133
1353
1
62
7
712
82
16
3
963
17
2
278
7
1
11
22
2
81
170
39
1
13
14
19
3
1
1
470
31
68
401
343
4
1714
1
1683
63
1547
208
116
1415
302
405
450
1
1
19
385
39
17
5
112
1
2113
3
2
2328
49
27
2087
9
1380
34
1
1
1
61
622
2257
22
6
35
1
49
1
148
4
1
33
540
3
1
1
710
29
2
1
1
2
371
41
342
1
63
492
51
35
16
1
2
28
18
7
158
10
8
1
1
28
2041
4
462
34
700
9
354
13
8
1
280
730
3
5
1
49
114
94
1494
42
36
770
180
6
1641
3
806
1
10
2279
150
1563
1
29
14
2
2
10
12
29
11
809
74
22
14
1325
30
109
1161
21
133
1426
101
1
48
1
1
5
91
2
165
35
5
2
3
28
19
2
564
225
3
408
10
57
1127
1
740
699
3
3
37
83
8
894
6
331
4
18
3
26
339
42
135
26
187
239
1229
2
637
20
1891
1
7
72
1
69
507
564
1
469
14
365
81
25
403
38
139
5
1
18
18
1
241
102
1
2361
2007
64
11
1
70
52
20
2
1
40
435
3
13
1
61
174
612
667
2
132
666
21
4
71
5
1
338
695
373
1466
78
1812
161
338
477
1
687
295
1
102
1
387
368
2220
102
1
188
2
55
107
1
36
5
131
366
1593
19
1
27
1
1
47
5
43
307
23
21
119
5
5
26
710
9
467
843
191
1
62
383
987
7
66
445
129
3
9
3
4
17
1371
489
15
1019
1
62
5
8
7
1
1746
6
102
15
1031
959
108
10
40
124
100
19
189
166
63
173
1338
287
11
8
14
8
1
1
6
51
1980
1
8
1123
9
4
115
60
8
2
77
2
782
5
1
5
4
1
2
219
1
526
3
76
1901
121
54
122
1842
77
2
862
6
6
961
26
1154
51
10
107
23
47
67
335
3
16
929
19
192
78
742
5
1070
20
771
319
23
2
24
89
73
3
3
552
420
6
1908
2127
11
2392
2
727
1731
1701
2
4
2163
39
1148
69
1
45
46
1
5
83
1781
8
2
974
28
33
9
1
1234
1030
2
47
5
56
187
2
70
1
4
194
1430
212
14
60
26
48
9
151
9
401
27
1689
38
6
44
1
1
9
2117
1
26
22
1
18
2329
2
1
17
1768
1493
94
10
34
14
6
29
9
1
2
23
136
1
1378
392
8
63
88
38
5
1
15
160
482
9
2
166
2218
82
1362
30
1
5
12
18
1
2244
153
1
1
29
24
8
9
1
216
2254
1
78
39
165
29
26
1
1
2
225
1
237
67
2
219
266
3
1
5
551
481
2
33
912
1147
838
56
17
1
2276
99
9
1
1
1
809
2049
642
2
233
242
6
1
1765
1
23
1
606
2056
20
339
1215
36
285
6
8
2
6
45
1163
3
16
2
5
73
4
6
40
777
632
1
60
43
86
1
4
3
55
1561
2
160
102
1
240
74
235
1
75
604
137
14
2
1
1895
10
1
1
821
1
1
2
151
95
53
3
9
1340
52
11
1
2064
732
767
419
174
183
7
11
1352
1838
340
53
215
159
7
99
176
22
8
13
3
4
1922
19
1
233
16
4
1354
3
3
22
225
716
2
1736
223
17
5
16
83
10
71
677
1
117
2
1795
5
256
1
2
34
153
60
32
4
78
2185
16
2
6
317
3
1
222
1
655
4
2039
3
809
114
3
1457
1748
971
2
1
176
676
158
101
1
1
15
26
1
188
1
69
1
146
498
31
729
103
1
1441
29
801
1065
1940
1
16
383
26
31
1
4
2172
1
116
32
1
1
12
1100
1
125
4
11
508
2
4
818
24
15
4
1
8
7
60
3
276
95
11
299
2
9
3
1
62
19
478
60
31
7
309
97
1
2
30
13
3
15
1
1
270
65
5
1
232
1103
1529
15
37
18
30
26
555
427
576
1671
1
40
190
186
6
2
60
2
4
52
192
9
471
1
1100
236
1
4
4
38
19
1
559
1
807
7
613
53
298
25
94
849
1063
317
1
4
54
1
107
192
218
10
2
1
740
1171
85
1
1
2
11
450
72
2128
420
3
2148
75
464
1
3
238
1888
1
1
15
395
267
4
7
365
6
332
113
260
1
90
27
4
5
9
206
129
6
11
4
181
20
122
702
3
39
1
14
6
33
575
2
9
4
520
170
126
2419
4
22
5
27
10
2
504
5
4
58
147
2
1
2398
674
1
5
4
1
10
14
2
6
18
68
239
2030
18
1542
70
1173
26
439
597
4
6
468
1
213
8
1
1
32
553
1
33
32
225
43
1279
492
79
99
5
221
6
16
4
1
22
951
599
2
186
293
9
26
6
1
55
72
1934
2351
298
1054
62
64
8
1
24
25
4
3
2383
59
2
65
50
12
33
1
3
2
664
889
227
551
291
144
1
1
15
18
1
2457
481
20
124
1
2
3
189
1
196
128
2
6
27
19
462
3
423
1032
616
734
279
1
1049
1
1
1261
28
1070
1
15
7
403
261
413
193
11
791
1
2328
61
1
2364
1928
1
19
861
32
1
50
1950
1
17
27
16
699
424
147
31
16
2165
1
104
287
10
1
255
2
110
1
1085
1
49
1306
144
1
1148
469
10
108
92
25
311
105
3
3
1151
277
379
210
132
7
129
1
29
7
244
930
786
1726
2405
39
17
2
185
168
326
2
573
5
142
132
15
2432
2136
105
195
64
1
39
513
16
1
439
4
20
41
4
1467
10
31
225
1
87
1
6
7
113
642
880
3
1
20
4
481
2
3
1
134
5
36
306
2
837
1
6
4
52
2
225
2
21
11
1
2
183
369
135
188
532
2
188
133
940
52
555
12
2
1738
777
1
28
1
62
25
528
18
44
914
1
2136
188
134
19
21
3
895
732
3
1538
65
547
799
41
3
75
1
246
603
279
4
20
47
3
1
1
13
9
88
1
12
1
2386
4
1128
19
224
3
2229
2
476
2
624
240
16
2
41
76
8
20
1639
2
231
158
182
235
5
2243
1
2
388
32
1
1
20
2
920
4
2001
46
160
51
26
26
6
3
2
446
994
1929
72
5
3
39
5
282
40
1871
7
1
16
42
34
1
2226
22
121
2
1
2286
7
33
225
41
723
8
73
823
34
3
1042
3
848
1
8
8
308
3
61
316
2
67
3
422
159
194
421
1522
10
1245
1623
91
136
722
143
2
11
1717
378
7
2
262
1839
241
1
5
1451
793
30
7
2
3
41
1
218
512
4
40
2
2
213
1
1218
519
2140
4
46
777
1
390
2
4
1
12
8
2499
85
2
1130
40
3
3
169
25
1
26
5
4
123
278
8
112
1
1
27
8
19
2
46
1
29
39
269
1
13
35
311
5
21
33
4
306
7
2
73
615
50
97
1
155
26
3
2443
4
24
1
594
32
3
66
2083
14
3
3
1522
9
394
14
1282
15
1
1
828
13
22
1749
363
2
1
60
1839
4
2296
34
81
140
37
31
16
1
39
1303
1
16
57
7
3
166
51
1043
2250
134
9
79
74
1910
98
999
927
130
702
9
1298
10
615
4
2
1401
436
107
12
20
399
33
244
6
28
1
824
1
161
141
518
3
1653
3
1211
208
1
102
3
1532
921
383
189
1
142
379
3
5
18
20
70
164
2396
3
49
5
53
523
1450
28
810
1231
117
2
29
1
92
13
634
10
2
1
251
58
158
300
1
667
423
13
2461
1174
2
138
4
17
63
14
1164
6
4
440
796
63
504
71
1581
6
22
11
68
1
50
1
1
668
599
243
123
3
6
18
485
62
274
7
491
48
1
64
3
3
1
14
596
2
1
8
1
1785
3
13
463
183
247
72
2413
1
6
24
121
6
15
1
2082
2212
1240
7
1556
5
5
289
1785
7
233
495
41
1
1
1223
118
1742
2183
25
1
1
23
487
2
2
2
7
324
3
533
182
112
1
7
765
6
1
4
2
81
9
158
901
8
1
502
2051
2
1604
1
23
1910
253
1
453
2
1755
6
195
1182
42
33
11
45
17
215
4
48
4
937
4
1201
4
4
176
13
3
139
5
355
2280
156
2
207
1051
1
1752
633
1
2
8
521
2
2
1158
20
1
44
287
751
263
1
374
20
22
10
1031
1
8
1415
6
8
405
1
5
29
2
686
46
350
22
4
2
210
4
7
43
2246
4
1787
3
7
3
1966
5
107
36
1
504
32
54
705
1240
1466
61
2322
11
5
13
10
245
451
6
2
108
48
2
1
4
53
30
2
369
78
71
1
147
3
164
62
9
32
5
29
17
16
2
2259
2
155
966
111
2
4
7
16
887
1941
28
14
1372
160
794
1
380
1
1
3
108
2
51
5
1
1692
1854
13
282
1
31
9
12
1
240
85
8
4
3
18
34
1
1
2
2066
6
484
5
12
4
342
3
2
1
301
1
115
61
2
7
4
59
10
204
2
43
1132
28
32
149
68
2129
242
16
1006
1749
900
88
3
1
76
246
207
46
16
14
60
1
1
35
2
8
313
2
8
115
26
81
77
148
1387
1207
11
7
57
188
1
1
989
223
728
134
2
287
544
1346
1339
12
1
35
1
1085
1
5
35
16
5
11
2
649
11
73
13
1
5
4
635
33
7
6
362
2455
12
153
316
15
134
2
139
3
3
2133
5
182
178
31
680
5
118
1
1
3
2
1094
1
1246
3
147
281
1069
2
32
3
109
67
100
391
6
139
22
228
3
21
613
700
1405
38
42
12
172
18
4
1603
50
35
11
247
96
2
4
1190
61
64
23
341
34
8
20
409
268
9
1
65
67
150
117
4
31
86
1972
56
1182
37
3
1059
7
1914
62
4
2
365
628
1442
174
1
109
1
2205
739
257
12
181
1003
3
33
5
153
554
979
117
3
269
1
264
47
32
2
85
6
962
74
7
1184
13
56
135
123
401
339
35
2
87
232
222
319
20
649
665
26
1
28
50
189
6
2
626
404
1
1707
422
2071
2
1406
238
21
535
2
2
55
38
500
1613
7
14
375
1
24
1424
39
6
33
115
815
343
271
1
18
794
56
217
5
309
81
567
20
2133
15
678
109
1
294
4
3
255
1
8
5
1
455
572
87
188
49
9
213
2
25
12
5
1
56
23
2
3
1
2
2
367
1
10
1439
4
107
55
274
1955
1
1117
14
26
93
116
4
15
1
2244
15
392
43
685
1
45
574
256
15
139
1299
348
58
7
1
24
10
190
13
112
53
123
122
19
217
1467
186
1558
1568
165
49
4
296
72
76
319
120
1451
46
28
2
1
26
2
16
3
71
10
16
27
1631
14
7
73
41
5
1
10
89
8
43
5
16
6
2
191
181
709
65
32
875
200
2378
111
434
44
587
673
45
837
3
1
264
25
353
4
220
2
218
341
9
61
93
1
1
1671
43
3
188
128
1
8
2
2165
201
502
3
306
291
1
61
10
4
8
139
3
4
3
5
248
43
7
502
98
9
11
46
19
1
61
776
323
147
51
5
22
1161
156
1113
6
4
401
1062
1414
40
6
8
202
39
515
478
7
953
21
2
12
4
49
85
379
421
1
45
2
175
523
184
221
269
5
4
527
114
11
14
753
568
13
222
13
47
2
3
102
1178
37
982
1396
8
827
11
656
264
7
7
2043
1
15
800
10
13
437
1
10
2
667
6
4
1999
10
104
1
14
12
269
69
17
42
407
23
729
16
436
7
156
53
40
1126
206
26
2
8
793
19
2
1
373
198
6
184
36
106
2
11
69
50
1
71
7
9
890
1
61
6
213
475
2
12
3
109
2220
2
77
86
3
170
36
2
4
238
4
4
304
118
950
6
764
1
2
2
428
63
64
71
1
3
1831
1763
674
419
2
1
549
9
2
1
1
2
213
14
12
51
89
300
4
117
3
888
19
3
3
7
623
1
4
3
1046
12
5
29
14
74
23
76
74
1
1397
233
61
741
47
62
18
4
1170
638
10
13
15
51
13
900
685
4
108
4
23
8
231
130
868
25
12
1334
16
1532
1
1653
316
2
1085
2
57
2056
5
311
86
109
123
61
242
2
140
1210
64
281
4
49
947
491
5
3
1
1615
3
134
38
2
211
1234
1
345
3
210
1768
2
78
1
1
4
61
4
14
1
34
1157
9
715
5
2384
4
20
1290
2049
24
2
2271
246
9
1
2062
41
4
1
100
1
3
6
4
1
370
122
120
871
1849
7
16
8
1
458
25
2500
213
1702
11
3
13
1
377
5
1
1
420
1443
207
1
29
2
66
455
170
45
94
2
17
1681
1
2
39
1
170
6
2256
1
68
3
414
1
229
1099
403
823
5
1879
1
2486
632
52
9
14
1
5
225
1
14
5
1
42
21
57
11
3
25
3
323
1094
38
26
166
68
1
311
68
2
1469
4
174
30
30
8
48
2042
255
25
414
176
20
28
1
6
13
30
1
219
2186
823
1
19
5
112
9
1852
6
2
1985
1556
4
1
573
2191
9
12
2
545
2481
1735
8
1590
41
53
234
1
95
1
4
6
10
1127
2
75
363
38
43
25
39
1578
1363
107
65
5
1
111
30
3
23
39
112
91
80
2
219
11
2
2
6
260
2
2
13
2366
424
271
2061
2214
732
15
1601
696
1021
281
1093
1
55
1
41
1675
1783
7
1
1
80
24
472
40
7
1132
347
57
5
6
32
18
1760
459
3
1129
6
1
19
1372
193
10
203
1
64
57
1076
773
8
1
31
621
637
13
1
1349
19
1
2
30
806
104
1
21
466
430
12
374
1
37
4
4
25
1
42
53
968
93
1
85
431
1076
3
362
67
31
21
92
6
541
8
235
25
5
23
2163
2171
38
1
563
13
1
24
2
3
92
1396
96
1033
1860
21
25
10
10
8
41
10
344
10
1
6
107
1
1885
7
11
1
328
242
3
627
185
1
135
194
35
1
72
2
1950
13
59
3
562
7
2
1942
18
19
5
648
3
1
111
2276
1
2
18
1760
11
553
78
4
800
4
3
1141
109
3
8
331
462
733
1
1218
2
36
8
16
389
78
27
693
4
139
375
1238
9
107
67
802
63
2
5
1
8
55
433
629
5
6
107
156
1064
29
21
30
60
5
42
2354
1447
2
158
5
43
1399
526
1
1
12
595
1
12
83
2322
6
423
17
1
427
112
134
167
40
49
407
3
126
1403
1502
33
422
25
470
1
1
7
9
8
883
4
1255
2
140
13
19
16
8
15
12
1203
23
13
29
275
73
717
1149
1331
2
108
1422
695
406
106
585
2
6
3
1
5
1
100
80
2213
162
1
16
216
10
2
27
10
1
88
48
291
14
7
86
26
60
39
7
7
988
1
3
1496
529
1
4
152
412
41
125
6
1
1131
188
9
18
360
4
1
3
491
5
12
9
40
1
1069
1
154
16
2
14
164
