816
69
4
1277
111
713
539
251
18
544
1529
1622
2
16
1425
1626
1323
20
3
120
39
2
1929
252
51
1714
1348
610
506
50
1
691
363
184
306
72
354
161
111
32
937
60
1
11
2
637
390
199
44
349
1356
78
17
144
3
221
47
801
402
1306
2
248
1
5
169
7
332
449
277
52
583
402
344
88
138
139
43
4
63
850
485
1266
82
289
58
1674
808
9
254
27
27
328
94
1005
467
827
57
30
1
935
331
29
948
207
12
124
1542
479
51
443
154
114
15
365
533
1073
851
589
31
542
997
60
222
6
196
1605
565
243
180
121
160
652
706
1831
1181
159
591
1885
656
77
63
9
1241
23
1032
1997
29
1975
30
3
609
25
60
94
2
2
27
415
1266
205
113
405
294
1338
110
197
1851
1555
163
41
1999
734
307
236
749
1053
18
16
35
199
22
588
1703
681
1
417
258
46
970
516
19
61
1819
634
1902
69
47
32
73
319
21
407
42
13
196
1024
1727
913
11
215
536
12
9
4
175
25
39
1298
14
1819
526
71
3
416
179
1867
4
8
815
14
3
15
8
15
185
12
26
919
1029
1127
71
1907
111
1727
8
1865
10
1668
546
1959
1
294
350
1812
909
1534
74
20
5
1
224
151
32
1187
994
121
1
59
172
37
154
42
76
117
2
87
1
361
39
291
609
1442
7
10
1
681
70
129
1731
1343
340
273
989
85
974
71
853
17
476
107
770
970
567
841
478
10
80
202
1921
8
49
854
2
240
1419
2
50
734
294
459
715
1467
3
269
38
71
411
607
501
136
4
872
213
222
345
194
87
613
1244
269
475
1875
81
2
1980
22
102
649
827
96
267
117
501
177
309
362
544
220
44
609
16
1945
545
1031
3
5
410
20
1
40
10
103
70
1
221
64
2
2
823
375
33
1525
539
95
366
514
172
13
1695
164
4
332
22
63
1051
264
444
3
1240
1780
2
804
1199
4
97
2
1157
3
961
353
299
258
4
678
935
1301
2
475
77
10
218
194
2
33
505
5
1
120
6
16
1
12
436
367
15
169
229
416
100
1599
40
71
46
140
150
1371
813
13
43
54
419
13
4
12
1901
1634
1
665
1075
1
185
499
174
4
247
725
717
57
34
1301
16
494
62
1219
10
299
1222
899
2
523
5
89
95
1946
16
1650
1140
690
1
3
11
775
1492
1024
56
1739
250
2
590
195
170
25
1693
111
164
533
1499
146
2
1587
62
80
83
268
20
92
57
763
808
5
345
3
11
32
826
1
938
11
574
9
62
1708
346
45
354
1
704
196
565
12
2
1087
119
136
69
563
23
533
40
1837
1400
270
460
11
138
437
3
949
838
3
405
490
749
109
1349
2
240
459
15
1312
1191
224
2
1887
622
55
80
273
257
1242
140
270
1918
1186
976
174
91
32
86
548
95
1445
153
1213
167
169
23
207
1019
234
3
615
77
1459
1
6
287
358
133
109
6
38
1015
29
1
632
1934
2
1353
78
600
7
9
454
40
61
61
365
119
528
27
2
245
1298
2
1588
194
22
465
46
6
987
391
784
136
500
1138
7
108
333
627
1277
2
1513
21
118
1499
1
4
53
43
787
9
2
13
1
13
448
8
1165
909
385
401
1394
114
43
304
4
677
2
112
8
705
1114
1681
164
398
686
12
230
20
1759
73
377
422
1828
475
13
16
1397
36
108
1502
284
48
1939
20
447
263
333
796
9
1129
84
34
1306
1008
68
14
6
59
918
10
1
1546
200
12
19
166
61
67
601
648
396
462
1192
1
25
10
1721
1844
66
865
1158
1545
20
1085
1461
790
665
542
1
113
1
4
87
882
1028
1
467
130
30
262
9
1833
22
575
700
1
606
1413
3
3
364
6
1874
609
109
1152
71
32
80
9
1906
8
62
9
5
113
425
1558
17
2
199
5
149
712
1949
1572
1979
63
1
609
1
139
24
12
20
599
1069
1968
136
76
1156
297
1604
1
8
1
630
41
888
3
336
77
42
26
7
1968
173
241
31
128
55
49
136
59
796
47
605
3
95
1766
5
1297
1070
732
162
587
27
593
229
81
1419
1978
256
163
26
1983
380
3
215
165
1771
880
578
80
1087
4
102
38
525
2
2
10
1701
394
8
1435
30
888
154
1140
213
156
7
307
120
1173
153
1429
727
1207
1780
11
459
1152
597
18
2
22
631
59
1513
7
561
157
497
86
324
248
1706
1530
119
193
996
417
605
496
261
327
667
244
535
1216
539
495
13
57
630
19
1411
502
596
5
434
122
158
199
772
48
1129
554
61
14
12
211
34
89
321
43
30
461
788
142
3
585
21
805
273
80
649
21
215
45
1147
1973
224
141
350
31
623
126
16
1
1554
1189
172
321
1326
5
301
112
922
1
207
516
26
500
20
64
82
1242
274
1008
1281
76
1397
15
5
6
108
7
375
360
494
1765
404
397
1292
1029
65
1436
20
1222
1
792
659
355
306
1518
1659
921
1654
2
454
4
573
336
1
1700
256
446
1520
559
28
1953
671
35
6
1838
404
181
396
155
373
635
11
65
17
1659
231
269
34
109
8
773
971
1729
1
90
531
229
1591
1489
86
1763
64
213
64
1837
558
18
1298
85
8
388
9
1708
93
207
44
1322
13
126
1388
2
251
363
2
667
1
82
427
9
553
232
553
196
19
132
2
458
173
1728
44
20
3
438
79
125
46
716
752
1065
160
7
14
81
50
576
324
136
407
1234
63
207
1
745
34
871
314
1433
310
69
1
286
1214
574
8
344
15
623
453
7
444
63
1
4
150
1239
14
793
456
328
15
1
126
62
46
14
3
85
6
177
34
678
127
513
882
50
140
137
903
1117
5
113
1367
150
45
32
142
1612
38
111
2
29
785
50
23
568
95
1422
310
1302
1
6
281
1562
29
893
1652
805
69
1325
994
894
791
333
2
1849
126
6
106
929
807
372
11
60
138
21
25
1786
591
4
632
1503
401
1415
1303
303
27
131
88
788
454
244
12
277
237
502
1042
20
457
12
886
1999
140
1
485
223
1964
989
840
2
1109
46
751
507
440
423
1106
9
32
164
474
112
330
185
64
8
6
137
237
18
37
118
1298
6
378
1783
1930
570
5
38
154
8
14
11
428
333
177
409
1057
1025
181
1806
9
286
160
75
410
854
189
694
753
3
117
751
218
479
336
165
355
138
80
429
41
741
26
263
5
1197
349
4
7
22
1836
426
61
75
333
43
12
1211
1527
458
1652
15
109
487
17
42
857
144
1030
1101
1
97
126
1625
55
113
733
96
1580
1
151
134
344
15
1207
1698
107
9
4
1167
358
52
287
88
251
1237
1296
4
1382
1236
558
884
18
31
864
2
1914
1
1175
222
1893
16
100
362
1736
716
55
678
773
496
454
712
96
24
669
732
32
12
34
2
989
15
525
121
1635
106
23
52
248
47
398
472
98
1744
309
35
146
837
4
66
733
1373
1965
29
274
221
256
1798
129
1519
1355
790
1583
1204
1167
546
631
1065
15
36
709
460
19
1554
1225
10
2000
49
2
63
208
7
50
1029
30
147
1790
184
19
192
1009
13
11
1282
1
17
371
1038
669
3
813
1687
999
51
168
1686
1390
211
1750
103
915
646
1181
146
368
1633
2
2
786
125
309
259
1353
573
17
4
757
1345
2
20
1295
68
1095
822
258
32
1667
171
926
675
31
139
827
1308
618
1
960
1772
87
3
1596
1824
365
11
210
7
21
492
556
64
862
1947
705
163
39
1504
1483
4
1
11
106
1444
1738
103
867
815
8
42
861
1339
563
33
99
980
213
33
355
406
71
389
16
2
185
19
448
5
141
1914
172
173
4
1060
4
687
1
116
4
1341
1150
465
38
2
544
240
1990
1455
1497
585
1
1824
925
15
869
161
22
145
16
1366
281
231
205
1
32
134
83
135
310
1235
901
1080
1159
2
115
89
1199
694
1315
2
71
89
13
298
14
179
571
116
5
25
637
14
466
17
27
1933
228
1184
966
1193
338
104
66
865
4
120
76
505
134
99
27
988
1473
912
85
4
77
1330
111
961
818
1
516
1664
380
316
69
733
28
550
521
98
318
9
514
72
584
369
1
1212
2
60
997
1414
16
598
169
93
366
404
598
12
96
597
5
891
21
195
14
6
156
605
1707
950
43
112
273
264
873
1
935
1
1250
6
1
68
33
126
4
352
316
1313
6
428
152
141
371
45
1303
1216
61
782
4
1
250
1616
573
1
1035
109
3
80
157
97
1
33
115
276
265
438
17
7
1713
278
1715
806
11
1097
175
132
41
63
53
468
1469
1118
268
4
78
17
840
1211
1740
1
1539
27
1973
5
1409
1018
1703
13
83
387
1180
16
7
27
1
150
1540
718
491
2
73
893
21
1860
857
683
624
20
37
546
173
147
3
944
3
229
179
1873
606
33
1933
10
138
497
179
1498
1325
1353
4
36
3
36
1511
6
713
13
30
285
670
24
1223
564
58
111
1201
27
24
702
105
46
2
229
21
19
1684
49
15
168
375
1276
4
126
280
1261
685
16
586
549
1923
51
68
891
1997
1870
147
63
6
1071
132
151
5
1408
1832
21
3
238
599
627
83
2
1215
6
700
16
132
1791
183
16
19
1145
1
390
116
26
584
325
1116
31
70
17
223
225
40
2
698
95
981
10
37
299
1869
514
188
646
59
204
294
1705
671
16
17
1
599
180
1314
183
11
1771
388
714
740
126
289
135
1790
1282
76
807
505
1311
468
742
284
1212
13
1146
501
54
9
1293
138
9
179
55
1340
319
12
180
24
1819
292
5
298
1514
163
143
389
2
209
613
1493
39
167
1666
1245
248
220
6
528
535
81
154
51
5
1612
366
4
182
174
107
906
254
2
41
1
44
19
170
2
28
380
1333
681
8
146
304
109
490
29
973
6
2
7
2
152
1999
848
1
209
5
687
11
58
123
215
1071
1487
298
201
435
1562
145
240
3
286
10
20
86
384
404
369
47
14
1784
361
138
551
144
19
708
689
1793
39
440
26
7
16
1342
10
61
1
1413
30
5
3
174
98
121
167
560
11
10
938
2
442
301
380
352
1487
279
159
15
71
176
2
38
1002
587
461
6
866
131
29
34
213
138
1574
152
137
6
2
327
93
4
6
19
25
60
174
191
708
1689
151
4
988
663
1
1149
37
33
2
2
725
1090
80
1113
1
1808
56
31
1672
341
2
99
8
894
5
70
395
56
235
264
1492
44
394
416
445
168
286
39
487
231
6
225
52
136
16
83
6
217
378
22
7
306
170
591
17
177
1
31
76
3
295
1323
432
55
583
1861
5
1
625
1227
58
531
19
1672
29
2
1
586
1483
184
136
3
308
515
661
656
1
1654
730
25
125
1299
1
7
2
714
1612
6
7
395
95
455
21
441
121
772
26
64
33
426
643
44
45
326
1155
3
143
161
41
1038
990
1404
30
207
1469
1068
940
1112
89
643
736
101
9
13
213
1037
14
126
195
839
141
56
463
1
24
1
523
159
1330
119
442
1381
1275
341
232
1398
21
600
108
185
2
217
176
4
36
20
209
237
201
422
951
236
1580
38
8
18
866
1
147
445
303
7
1811
714
230
33
676
1183
515
380
9
220
241
2
897
20
411
1
2
354
428
27
1346
1247
178
9
164
380
8
2
1949
1150
40
30
903
1103
379
523
960
4
359
993
277
1792
568
114
1189
1071
173
17
7
1843
222
92
14
30
251
158
378
69
11
292
1874
1216
141
59
74
488
2
419
442
1769
4
20
1475
319
6
402
1
51
98
218
1651
57
655
995
6
1536
1691
51
28
320
230
6
18
557
742
479
5
1817
435
875
1534
4
22
5
453
16
1523
20
77
394
168
54
301
307
872
565
264
1603
1245
509
1211
296
47
1650
44
138
14
106
966
1781
1269
3
1248
542
220
8
28
2
11
205
84
558
226
399
1
890
1749
896
115
503
109
1089
18
26
1756
1372
1733
5
246
542
17
1340
26
54
318
1463
1929
83
22
1040
719
519
840
14
116
439
720
646
291
60
211
157
106
737
22
99
4
1615
32
248
87
11
2
1884
1434
565
902
267
203
221
81
1879
215
2
1680
96
794
13
69
3
1538
8
377
1125
15
136
223
36
1402
248
148
3
2
1
112
1137
3
1408
16
848
498
954
8
1044
324
165
33
251
999
109
31
860
42
1856
116
11
19
35
446
394
23
63
1925
70
10
94
18
779
123
276
43
14
411
1482
78
49
167
295
1040
942
500
97
593
921
1975
220
7
1476
11
1772
124
544
91
1219
128
1300
756
191
3
63
247
3
601
2
176
1003
180
61
465
522
1525
2
72
102
183
968
1
266
45
351
37
490
8
427
43
14
1161
28
1412
28
232
121
455
4
121
14
7
196
64
118
1362
189
2
237
578
78
2
81
74
1
22
9
3
172
469
1031
41
2
149
1193
211
24
4
37
1985
6
1741
30
1992
5
256
19
267
294
726
671
22
333
446
253
1924
85
48
290
19
1041
9
131
957
39
1816
59
8
10
130
76
1
17
47
36
44
4
564
1355
1598
644
101
294
63
1208
33
2
29
298
775
8
314
128
3
1
171
252
522
422
1070
44
1457
1790
1240
749
603
1507
548
270
1
1
1805
1214
516
1006
1
1223
472
885
2
25
1
1960
4
1865
5
106
50
118
1710
567
52
1
8
75
68
342
5
897
420
1267
1
87
14
1026
346
1245
7
865
12
76
1665
445
1817
26
18
163
361
594
243
146
2
479
753
12
2
76
93
1336
224
1
2
453
7
39
2
10
371
156
35
979
379
1299
547
268
841
43
1793
1353
1165
1
616
12
101
35
982
10
320
11
159
160
378
242
242
20
1026
1601
121
516
415
70
1112
288
48
1357
195
4
1251
1094
462
503
1939
137
1135
41
8
6
46
18
58
4
40
522
8
32
13
305
3
170
12
4
63
1
130
1064
15
1
14
596
48
23
1003
142
17
815
61
121
1
983
33
297
706
490
1104
1
1453
390
180
50
1272
3
5
370
1324
1
162
34
1
783
63
73
1465
21
1895
1443
82
481
308
530
366
427
1502
5
544
1881
361
1069
32
2
45
1779
23
1126
888
1131
228
1621
9
1806
1504
400
227
273
878
4
104
1859
304
1651
206
1678
1
30
639
447
360
322
196
1163
58
1956
198
141
152
13
751
261
589
20
309
707
1151
99
37
114
11
25
1188
28
54
37
1048
244
669
1487
528
125
21
139
1413
615
1170
652
24
4
342
46
551
33
173
126
4
148
391
412
1017
756
2
57
37
585
1495
149
324
268
84
1810
1639
424
639
56
353
134
373
244
15
1475
287
759
209
798
40
186
51
87
137
1
920
1277
19
565
719
1053
256
2
16
7
35
3
1402
12
13
51
1200
692
139
1274
25
617
10
775
15
444
19
23
534
46
16
482
1
20
32
604
295
221
481
37
4
1102
79
12
1905
861
3
27
20
234
901
220
79
97
14
37
8
189
144
412
1241
95
28
551
786
704
1117
112
65
241
342
154
22
1508
1
1846
1260
127
966
1878
1425
1205
42
1389
1524
469
1868
64
1399
17
4
85
4
62
1870
3
653
271
352
349
1405
15
1532
275
1331
1655
829
718
8
279
97
9
22
1
2
59
601
3
1114
7
246
7
250
774
207
446
548
1
253
15
726
30
49
1975
1284
1
188
110
6
1
1899
617
11
33
417
1300
231
206
259
14
198
2
57
255
7
450
695
495
1429
50
132
405
1311
9
13
1407
1663
451
9
16
585
1
874
11
231
87
470
262
405
263
18
535
495
21
187
1037
106
1013
5
263
49
49
692
1203
724
41
744
1796
251
582
46
67
3
1
108
235
167
102
394
105
36
133
930
850
959
124
43
683
1128
1519
55
258
1025
10
424
29
32
6
16
1395
7
1048
307
1367
275
1
202
138
266
29
1002
245
168
113
95
55
97
169
544
173
86
272
7
838
3
4
3
6
156
224
2
8
927
882
5
989
527
1608
50
3
1235
911
1548
1337
771
271
31
1972
1487
1190
1338
1613
9
737
83
213
94
1219
3
21
467
1155
68
1700
4
26
481
90
1384
57
61
116
450
7
1610
4
61
106
1138
1200
5
1763
1699
419
1123
1680
1499
38
63
1294
31
12
30
15
391
2
22
7
16
88
1624
1086
1813
38
873
12
10
141
176
1
340
360
759
8
758
617
682
36
430
25
567
101
9
231
2
1
1087
1913
9
469
150
10
115
1509
12
166
83
8
835
976
1034
442
10
22
9
44
709
32
53
263
124
1
3
1052
11
106
892
1801
788
99
1794
135
468
30
47
1379
617
58
702
1475
7
203
73
493
1420
7
23
1516
1
447
102
152
2
137
1163
9
381
1099
110
1009
31
687
268
1839
175
180
262
79
293
2
1435
24
164
422
269
68
117
63
4
972
1288
60
140
1
5
49
109
206
1068
589
1681
33
10
1177
662
626
1002
75
378
1
3
20
1006
1760
421
879
615
1590
552
1808
268
1612
1875
112
1921
2
20
1496
23
1724
8
280
5
18
1103
5
35
28
316
783
8
1821
130
128
3
1076
1234
27
44
1
160
6
621
29
223
2
1717
887
1720
393
6
19
481
7
189
1584
1
20
589
734
1246
315
387
20
13
64
111
548
298
32
233
769
19
497
1437
481
47
48
27
143
486
1147
372
2
68
2
584
27
469
1408
1642
348
126
1094
20
99
1
14
6
2
714
18
140
23
2
7
160
1
256
1933
50
634
711
12
11
416
4
5
1
139
1887
2
243
1158
35
280
61
59
1087
18
1962
4
67
561
1139
1200
14
61
13
273
20
19
717
622
66
1672
169
905
155
15
66
1287
538
1
89
1
87
764
6
1604
737
39
42
937
676
76
30
43
885
325
36
385
216
402
583
35
7
2
198
585
193
23
469
248
570
7
538
308
953
139
1443
162
5
130
658
671
127
698
100
11
1
190
511
1202
616
401
603
905
48
10
348
260
994
1
1108
848
1138
59
53
822
650
54
1504
40
229
272
829
40
1
113
329
1632
228
200
97
40
5
60
381
1141
176
86
1
6
351
9
870
3
4
383
21
1262
1820
191
41
1199
368
564
191
981
2
2
449
1863
8
1095
1272
1222
8
80
565
2
840
614
663
17
242
1811
42
23
90
752
17
2
29
866
24
50
1
1984
329
1072
1736
295
1956
113
1611
351
3
316
1839
766
127
1966
324
285
35
5
569
50
1541
1368
361
117
81
23
684
231
19
433
857
228
1156
150
3
1
7
176
270
1869
658
28
179
1432
329
3
7
251
206
1172
968
4
910
17
41
405
101
288
332
6
356
1156
486
1600
287
1172
54
459
26
20
35
96
337
12
271
322
1
721
1434
908
213
995
3
1
1942
18
763
762
329
12
364
204
1046
1178
108
48
21
428
1
94
74
1
1316
111
213
728
263
1416
83
1798
972
410
127
1860
7
6
1978
703
220
390
88
6
528
774
285
726
783
2
333
49
1555
705
422
75
10
827
393
1876
2
26
24
397
575
315
1
1
1035
32
8
49
995
60
430
920
23
1041
23
220
2
329
2
1328
293
94
1720
119
619
66
709
1381
346
122
1717
588
12
1
1
10
2
79
594
16
1
42
15
348
12
93
901
768
206
266
1722
353
122
1
73
192
416
1146
239
1059
1982
7
1621
1182
45
136
9
506
1170
4
207
223
338
119
32
1165
7
107
653
166
7
1
5
1528
1182
24
20
1
103
1121
35
6
175
8
10
1040
5
341
120
155
854
1967
1236
1157
2
85
19
11
264
17
24
597
30
21
9
608
397
1
1982
6
361
462
1381
59
111
596
1658
336
163
939
2
27
494
18
1047
363
217
237
7
587
113
9
1408
100
31
25
263
632
1623
1516
1014
30
56
1967
917
47
790
144
184
1148
609
32
214
8
356
2
24
6
182
1408
965
326
13
101
704
20
299
34
1627
15
852
176
78
646
308
3
277
9
79
16
2
275
651
175
701
660
53
33
281
783
131
72
8
383
103
27
326
485
57
254
58
1573
91
179
89
20
373
212
48
1455
871
1791
713
589
1660
168
53
53
1314
11
53
1351
178
136
15
2
1
23
230
13
407
759
69
949
11
300
97
968
15
191
140
1795
54
33
1370
417
281
1289
33
308
224
173
1
1
28
32
893
1679
158
2
471
144
88
826
1
743
554
378
417
23
361
745
1327
1772
157
2
1123
422
1309
122
349
45
103
784
286
1144
963
354
2
168
133
230
22
941
1895
4
476
854
56
57
1
58
28
900
1
89
719
1714
37
143
244
606
1632
63
3
6
627
595
5
76
45
22
230
57
870
540
31
191
4
1660
29
727
8
47
82
73
50
7
1910
1517
408
814
158
385
1
1401
90
1486
3
4
256
2
1802
1921
547
41
35
84
23
68
35
24
613
1
61
1263
330
35
428
1329
498
110
23
426
8
7
411
757
517
232
1529
488
450
248
385
275
1623
258
22
1478
1318
1301
82
893
286
392
614
981
126
55
36
1485
67
50
43
1176
281
1
1983
603
4
2
29
677
1570
1605
124
140
11
233
20
88
13
1
3
361
49
1
94
624
502
98
125
28
121
74
54
80
6
9
20
8
28
13
374
1868
1012
2
18
1526
1627
732
12
240
222
824
439
1034
5
414
155
403
150
30
1042
27
1259
214
143
1709
1116
8
698
9
180
1225
127
135
340
88
2
19
12
71
1534
690
548
1535
444
604
19
1666
1697
1
41
11
1
980
1589
19
580
34
1281
70
2
1207
1436
1
99
2
4
1973
1
20
7
1684
285
1170
582
1
497
19
537
1799
9
32
4
56
18
874
200
634
557
94
1
5
104
1691
1
188
10
144
239
501
26
202
65
3
35
5
311
767
850
502
222
6
56
1428
5
676
2
1
686
76
6
1
24
40
153
875
1657
395
6
7
46
195
698
10
269
167
1844
1
259
1907
1908
342
1219
20
11
146
1
1
939
4
433
230
39
219
48
1414
710
1646
672
5
6
54
113
58
2
52
180
1728
15
44
19
174
202
1877
132
1077
211
48
2
1221
28
191
355
1750
1
9
1
14
69
18
1748
136
50
1044
796
894
198
192
196
54
15
376
30
8
1321
179
130
651
8
284
1
600
107
2
1571
46
1663
163
676
1
9
1049
680
265
54
11
61
15
664
1553
1
1154
881
94
1426
1208
1844
37
4
6
90
11
69
1777
490
2
951
10
5
1
5
471
1075
126
1508
1176
102
482
678
616
6
17
1221
924
393
1
3
42
1
608
61
41
99
58
152
270
143
1
11
217
1238
341
1161
108
37
270
638
1367
427
1900
1375
177
18
1694
8
1297
66
393
1682
9
1656
51
1693
315
1
18
315
572
179
1463
5
1858
763
17
39
48
611
1843
31
256
264
11
757
1057
1753
440
658
4
432
1
1861
58
4
106
668
489
2
163
281
371
1163
1735
49
1938
4
370
1297
21
10
1475
774
42
244
345
44
4
119
29
2
1628
994
30
992
378
842
8
168
681
92
28
1
7
31
535
3
1738
851
723
8
91
8
1
171
1
13
82
679
2
273
91
204
210
625
75
495
527
19
58
85
269
151
924
10
95
41
30
34
67
1
245
704
728
682
145
1
510
175
552
539
287
81
1190
3
423
731
1070
3
15
1
304
487
1
93
68
485
653
282
144
1878
549
9
11
1664
41
2
222
2
17
220
643
1673
602
533
15
13
796
1924
6
26
1096
35
1
1062
857
255
17
214
432
2
226
1093
19
242
1080
488
138
11
381
2
1491
17
50
721
1554
8
22
2
267
3
24
56
480
105
775
737
551
1427
2
130
288
5
902
28
1058
102
1350
927
3
440
2
597
2
7
9
465
1
1011
1108
465
5
4
1606
336
500
370
50
228
46
1085
98
18
157
1826
56
448
1462
84
316
35
123
523
520
1807
1495
306
693
413
404
1730
9
56
1420
161
868
609
19
879
29
248
499
1490
1664
1314
22
2
1125
487
1560
6
765
1368
1744
14
11
2
298
734
190
14
40
480
5
489
131
518
1448
1
1263
40
4
1049
567
99
505
530
56
132
13
1
119
820
2
16
44
217
309
16
1
302
154
397
7
1
1903
3
2
14
636
1151
748
4
35
1593
64
103
16
76
140
174
262
1
571
171
7
1367
7
1
56
3
1000
1
934
500
136
3
313
1190
1108
57
3
19
36
1235
183
1
1316
1529
322
113
1263
443
42
182
4
143
102
1017
2
1644
1388
257
56
118
162
1038
5
489
924
216
495
116
221
1213
9
526
770
316
30
208
9
1991
32
1757
203
149
5
379
543
552
678
48
804
1
78
960
780
598
653
310
16
355
76
519
377
69
19
38
103
1702
820
451
4
214
13
1373
54
1481
120
529
57
138
7
240
1034
353
49
184
112
9
1657
28
148
240
4
712
9
693
1839
772
76
1985
27
154
162
52
41
305
5
830
56
2
1427
351
1
74
1
1734
435
877
601
675
1527
43
229
632
341
26
88
1663
721
112
5
1
1185
1156
1
1
66
87
1
811
17
5
282
7
1310
292
159
385
716
626
877
1045
1680
14
230
24
189
34
1992
10
236
97
23
2
437
382
41
224
35
5
874
1811
174
859
12
1593
1079
38
710
97
50
30
1627
124
409
1657
698
64
559
1562
1536
25
4
990
290
52
3
742
867
44
44
67
1807
183
542
516
319
914
125
157
169
193
22
753
30
78
1428
140
165
175
18
17
379
65
879
1509
793
55
1482
1477
1755
300
1
967
114
422
340
2
7
1
806
822
2
96
1291
1189
256
937
47
18
398
334
3
53
1196
2
649
4
457
60
75
75
295
1072
3
644
407
622
1024
540
761
358
1957
93
97
4
173
63
626
16
1045
100
689
1473
9
469
1602
1535
1051
1490
511
191
917
99
4
24
28
388
1504
1
30
400
223
1433
2
58
522
42
28
33
14
432
1946
32
200
277
662
11
821
345
80
323
17
24
1528
15
451
16
14
1149
1873
352
7
2
20
1250
70
621
189
72
43
1942
1746
4
1043
1155
579
818
1
1260
24
2
62
374
51
38
3
1863
989
1162
110
50
143
16
15
568
45
14
988
1650
11
107
6
30
58
18
758
718
1049
20
173
989
337
627
1926
17
347
268
92
165
14
1088
29
816
232
512
88
1234
7
143
178
1552
4
31
1
816
27
922
544
435
20
17
492
794
1663
12
138
767
59
5
869
772
62
33
14
324
945
776
433
60
104
1985
1976
105
945
1272
4
5
972
219
1640
153
33
4
193
813
1
934
40
178
5
1306
680
11
1083
278
95
77
7
1937
1
92
38
28
105
1
1797
1174
294
295
9
6
19
277
952
1828
1081
36
12
18
202
1
104
230
58
394
5
7
3
15
1845
464
1036
848
7
1758
10
25
724
638
1918
685
365
2
1950
5
168
1199
8
782
11
188
716
69
1204
128
783
395
75
522
16
111
24
971
1
341
429
764
395
51
1986
186
278
425
3
1683
624
159
620
394
14
150
5
137
208
427
24
651
396
4
505
23
599
1031
54
17
288
43
1029
887
5
417
138
620
55
47
7
292
607
1
1889
1190
67
4
156
4
1189
661
865
8
492
847
61
1679
898
567
461
1400
50
125
3
804
760
66
55
1068
69
125
849
354
1
430
89
1200
91
5
4
1314
1628
98
508
99
512
1892
1040
168
92
54
947
1889
1216
11
49
267
1165
109
4
667
288
376
50
129
126
1630
1806
1056
618
89
744
1392
1698
476
430
33
73
9
80
1094
864
135
33
1581
72
247
114
16
16
42
122
1209
415
1827
143
1082
3
121
168
1082
5
375
33
516
3
216
5
574
678
1
6
1462
105
374
3
32
855
379
378
1903
669
189
1324
447
790
11
9
1
5
12
130
42
38
647
106
361
44
170
39
17
392
37
7
1
1134
1015
1
105
16
43
1667
148
158
1081
109
243
783
1773
1633
1058
1
759
1
3
708
597
221
526
1852
1394
8
461
2
354
733
1800
680
3
1098
24
18
959
79
773
326
371
7
539
1418
1874
681
1
54
991
4
2
1139
317
248
220
16
1406
22
1478
108
114
23
20
549
44
1412
295
69
6
913
1642
977
459
494
178
128
508
1617
186
381
30
15
1145
84
8
26
1401
658
1791
108
1186
202
953
872
1264
1233
53
60
989
1165
2
355
13
36
19
2
625
25
1
83
22
104
685
1
1250
336
151
887
45
1163
4
12
1396
24
1
357
42
62
979
153
1
43
1733
14
244
971
4
70
1112
230
12
41
1126
841
999
1174
11
123
34
1105
64
97
5
350
1
113
198
2
1327
422
110
39
482
17
542
2
4
308
2
3
19
11
4
94
6
438
21
1
24
173
22
346
586
10
853
44
87
38
17
9
995
714
197
159
1693
596
1451
318
5
6
1
4
183
239
1139
883
16
48
78
10
496
1553
580
1148
208
29
23
214
1775
1470
50
2
29
656
1331
456
1402
1720
1908
187
669
5
48
527
10
9
176
1264
199
463
1003
199
883
1
247
598
352
40
1463
167
641
232
22
22
220
268
162
13
149
453
1796
52
221
19
1636
84
472
294
33
100
20
94
8
1877
32
43
329
38
487
318
1
38
46
1347
40
59
286
18
17
33
2
181
1098
75
740
231
1249
1958
12
303
524
715
210
55
275
1805
889
133
614
6
952
2
11
31
395
341
749
727
9
49
224
1723
220
5
1224
135
1157
468
21
1699
1696
4
1172
1073
447
4
293
246
15
699
1915
1483
103
20
37
2
5
793
1418
1681
131
1
1065
104
7
306
743
3
7
2
5
192
1439
1328
37
90
5
484
893
7
1153
1073
218
3
8
1298
407
362
164
1951
1411
470
316
830
2
189
576
52
1782
20
1478
22
252
122
185
334
1598
9
3
23
403
1247
3
1465
589
1289
749
26
1192
1445
481
52
159
90
21
654
1380
1310
366
16
12
928
84
236
191
84
130
1
111
20
908
12
263
1912
1
660
260
101
63
19
20
24
1658
386
1
1078
41
337
1
20
23
75
763
516
257
100
879
21
86
12
453
1678
637
12
330
954
1942
45
833
100
5
599
675
318
868
2
4
656
995
571
22
711
484
1101
2
36
483
71
88
1497
789
1796
1865
126
719
1
36
159
946
89
10
14
107
116
91
1515
27
1376
222
3
665
2
522
198
1233
809
1971
1809
25
10
4
13
283
8
353
37
1018
579
16
619
27
27
1687
1241
102
1789
22
316
23
249
1058
1190
1284
949
1347
1114
26
134
34
472
17
1331
172
41
148
1768
80
781
17
5
209
53
1010
491
1273
10
1546
2
1915
747
26
54
191
1951
33
215
702
544
557
62
172
88
1134
1
56
6
874
345
620
1359
1545
736
9
779
1
162
390
12
1089
1
21
1636
136
578
1359
11
30
112
409
266
33
999
1093
544
428
38
678
162
1673
520
87
116
173
4
1881
273
425
2
86
13
1
202
37
1
1668
159
539
386
32
835
67
24
1224
123
368
3
660
1756
443
1
1266
24
25
2
90
65
20
16
725
2
1222
1681
528
19
1
24
609
54
353
1254
265
2
334
758
94
1472
1595
102
693
26
1
134
358
3
58
801
1600
1135
315
23
950
711
306
335
633
52
17
147
387
2
13
1882
214
4
572
832
427
83
682
64
240
292
187
55
2
121
919
246
84
9
10
132
1909
756
67
71
26
21
104
302
465
151
79
326
1
1269
4
75
1471
1892
64
934
1938
887
112
393
1768
252
33
30
91
266
70
179
692
1433
715
1260
889
57
145
2
2
1976
306
169
295
907
86
4
1
135
894
26
3
58
1374
57
508
105
487
2
858
1530
351
403
505
176
246
1268
5
376
673
57
9
156
1651
299
167
3
905
485
38
114
179
1209
409
1236
13
778
654
352
155
181
1
336
317
779
155
10
1776
332
693
5
547
49
166
21
453
58
4
110
10
28
30
1303
7
1968
45
1138
537
8
354
189
432
4
199
367
203
1
20
1
59
947
14
474
1133
1253
4
1637
492
1626
162
661
1711
3
1167
23
66
940
1459
10
2
53
998
1580
94
433
293
292
5
30
362
443
37
1247
126
752
397
5
850
14
384
853
1854
164
43
1352
414
1656
71
1358
5
554
1015
1666
1150
22
12
275
1
701
403
93
105
5
12
75
1595
20
2
1
1855
1550
29
307
423
550
187
1
1620
198
1561
1131
1501
1
303
1833
124
861
2
1172
1786
1
449
1236
1315
24
314
222
1979
496
10
1428
1808
1096
534
1434
962
15
6
266
7
876
57
3
10
1831
473
1
1
104
471
932
2
1788
243
1162
3
641
596
270
1839
396
56
1291
119
565
102
30
256
2
136
542
432
18
176
368
1481
5
140
80
57
8
134
33
2
1119
191
355
1353
272
6
85
2
498
1
10
1
142
15
549
1615
104
4
121
99
568
150
1627
1056
383
996
1804
1466
5
1806
322
94
96
18
169
388
1420
3
1087
806
35
49
1497
345
272
158
538
48
71
660
111
1300
153
1150
1681
10
1192
44
947
1858
1336
1322
576
32
71
685
628
8
291
56
2
26
616
1326
944
41
26
1021
3
441
942
7
1
4
450
1519
5
1966
5
125
679
607
429
520
1464
30
48
244
1745
31
3
178
397
786
1318
237
508
713
18
6
27
1330
544
838
9
4
1699
267
162
203
1225
3
1
1
39
883
524
459
4
161
262
1101
735
6
54
15
560
26
14
8
1019
157
58
201
14
26
1
1
34
54
98
1956
16
536
81
128
843
1205
69
2
1331
680
63
1836
1
5
1658
286
957
365
1045
10
21
660
96
286
205
643
1021
107
896
90
569
498
99
1
3
523
1443
68
67
860
499
244
887
17
154
156
877
366
700
176
1
26
1038
429
4
252
1030
158
8
866
23
1675
3
30
293
1955
6
1907
574
15
255
171
482
1625
5
24
1083
757
350
1944
49
11
1370
40
155
7
658
41
543
26
206
83
904
1339
870
27
1804
1493
2
472
2
599
1241
629
1949
724
30
19
443
312
1233
278
330
4
4
77
350
38
56
767
92
2
440
868
1319
110
1
69
1233
1639
2
44
618
760
915
275
235
893
22
166
181
1
1064
38
1899
2
16
5
327
103
3
47
1054
273
764
42
1289
32
4
5
480
37
1325
2
116
165
819
78
31
44
16
244
36
1348
1636
1787
463
1087
307
555
75
56
1313
71
1484
782
1014
17
244
759
261
1921
291
44
238
29
22
2
446
419
1486
654
129
332
2
1037
11
1264
1183
252
12
238
1225
1038
86
1
5
81
423
372
166
2
1137
9
160
157
1118
1421
203
265
1592
122
9
1961
2
419
371
1389
141
122
99
105
528
1190
879
9
1932
337
618
1796
1410
1180
642
167
820
1380
1201
1002
215
179
13
133
2
116
37
885
1
7
578
1157
625
5
294
19
17
211
1657
1090
278
1835
376
96
799
1
859
2
347
1881
3
29
29
885
82
276
4
1036
84
38
69
18
1
57
897
12
1698
68
1732
1
1798
64
517
86
187
116
1568
1676
7
797
56
70
847
1834
1568
919
389
1392
1774
834
44
26
732
193
20
867
898
77
905
25
1821
1
67
810
1003
224
1989
2
107
287
264
8
1376
15
27
176
390
685
1372
2
50
8
300
934
229
1
940
535
1262
78
129
380
1
1256
72
1064
31
190
1366
1340
6
758
1728
2
6
1795
236
4
451
1196
50
1975
654
583
66
20
1199
279
6
741
1803
18
724
25
1894
1504
1119
32
779
1063
383
96
1
35
48
89
9
1212
29
261
107
7
12
1482
1747
6
20
405
212
620
3
542
600
34
609
11
1062
3
729
13
1821
10
56
26
1475
92
197
37
31
603
270
12
3
7
898
326
4
38
490
477
1209
11
38
59
1
196
52
8
1580
986
264
232
274
143
813
38
1291
54
161
1124
67
8
1094
186
15
31
8
427
390
1557
684
1
103
1827
77
1607
103
1417
21
216
1391
179
652
2
34
921
215
302
1
60
571
1580
49
1479
551
123
248
8
16
280
394
2
317
64
1239
348
305
1
672
29
57
1687
3
4
1455
3
14
1447
1279
6
569
43
230
19
393
351
22
249
520
189
383
1846
1166
471
372
119
511
247
379
623
83
63
313
503
2
1204
132
61
673
128
659
301
226
306
23
544
1
1
253
339
225
2
381
1171
1616
1056
889
1129
67
8
674
75
1125
1253
652
815
225
878
1771
255
499
2
421
565
422
306
216
379
940
541
256
852
1782
1825
1137
759
1072
1
3
588
103
1816
194
162
1926
392
1658
500
138
704
1188
134
1
456
519
516
363
126
869
1572
99
317
18
533
457
394
1395
12
1
634
161
716
1562
1
2
2
815
4
1834
855
178
395
9
19
68
267
39
432
68
1053
1252
1
1
80
547
1
250
1485
1646
1734
80
26
17
9
13
41
1096
1259
1075
63
1360
1113
8
69
1087
57
3
825
1246
492
1822
1349
272
942
360
518
2
1690
1160
78
165
150
1689
1427
682
70
1416
83
1737
842
211
3
1649
236
496
152
194
808
1338
220
27
299
21
59
547
48
431
10
559
1415
8
1079
7
5
940
348
748
139
127
6
191
12
9
1362
1056
1491
116
5
464
1537
61
546
14
12
956
1064
293
693
6
1
198
874
828
694
89
1531
724
109
727
62
503
213
26
940
1165
293
504
197
5
1979
458
1259
34
458
876
1
732
2
1385
44
6
186
956
8
684
566
84
13
23
223
6
4
43
1
1353
181
242
1645
377
1247
194
5
777
717
39
28
2
199
911
1887
373
801
663
2
24
8
62
97
411
266
1587
2
259
335
810
30
123
94
1
267
213
148
125
669
1906
918
965
56
744
690
131
1332
197
5
419
310
1765
178
41
27
240
1974
5
30
44
5
264
9
25
1
531
1582
1633
369
1046
434
660
23
9
269
4
93
34
41
8
1236
821
1203
80
1282
28
25
398
360
1
146
162
20
97
160
256
112
75
607
520
751
1576
74
943
446
1
1279
1950
817
338
43
394
20
887
279
11
1502
95
135
66
13
602
1
588
2
589
922
763
8
46
152
1641
447
62
2
203
3
41
10
88
905
61
66
1471
100
341
22
30
1937
253
111
1
153
245
1804
1019
215
14
742
405
62
1
75
50
389
175
4
12
340
120
635
47
1849
28
185
115
9
1468
7
1
985
1716
192
3
11
75
893
17
31
580
35
1
36
1
7
85
8
1772
1131
1397
479
592
692
325
170
226
33
910
650
2
426
401
89
405
13
571
263
773
596
80
225
113
748
219
79
127
1725
167
69
215
344
1213
1013
13
1009
1496
55
765
1324
125
2
942
10
598
412
3
1137
1479
363
589
592
179
7
657
2
42
33
5
326
152
78
98
15
1812
1258
1326
9
21
501
137
26
53
42
964
547
32
371
24
758
6
1547
966
494
1083
445
564
1148
1074
1982
11
33
194
37
280
509
3
12
2
1
10
51
878
1317
1767
80
1046
269
1651
74
531
52
1850
828
568
211
4
319
31
185
1298
297
707
9
36
1322
47
47
1
283
24
21
706
197
1673
407
343
102
1339
2
1083
139
575
133
801
4
6
725
416
1681
10
155
991
279
183
63
2
1
715
330
1
1202
13
1590
37
1390
84
326
69
1303
85
557
250
19
13
509
59
1343
303
8
9
495
391
470
303
206
493
339
1362
1993
457
215
187
4
1487
55
612
16
478
139
34
31
51
15
738
1968
1
1
14
10
462
10
1509
304
841
1549
1256
1486
74
165
105
3
7
1667
133
52
57
525
44
167
726
12
373
95
246
74
362
1205
927
2
6
472
592
2
83
695
172
531
54
1433
1140
458
3
157
1946
1
275
58
21
208
1681
1497
79
1
173
3
208
157
848
122
7
1935
107
570
11
780
7
1835
305
8
249
1495
1450
306
116
189
970
866
170
899
445
35
3
57
200
192
1904
107
1012
73
112
292
19
10
1828
448
389
969
1597
432
516
1324
180
36
3
1687
1383
643
397
96
1210
1455
243
371
3
561
1434
1
1645
2
241
805
21
4
1708
4
17
1166
69
234
335
1172
283
96
885
6
1148
1824
108
688
28
21
1273
169
313
2
740
18
3
226
1305
4
10
437
263
1673
3
22
134
315
175
383
224
326
211
795
451
238
86
223
14
1
11
829
2
209
162
9
10
11
1550
660
600
807
35
635
1879
875
526
1455
45
3
729
1583
944
1
641
348
1506
1250
1
392
342
3
45
797
24
2
1750
33
193
297
42
3
21
358
444
4
1885
2
108
14
136
603
63
102
1
335
1863
34
202
55
369
144
6
310
189
95
28
331
5
3
89
7
431
307
390
82
1388
1574
16
2
105
1892
41
46
80
60
21
1
744
530
133
15
576
1111
121
28
721
1
1301
201
2
1
26
55
15
130
18
195
1063
1137
22
107
548
145
112
635
1151
703
113
478
104
317
7
543
1816
3
121
249
62
2
320
2
546
959
1670
126
183
2
8
1633
629
298
1
1298
77
793
1771
11
109
1105
1109
84
924
129
8
713
353
1040
855
1083
3
6
169
42
677
91
297
98
1238
16
720
141
719
45
18
1297
882
260
87
1
21
210
590
4
1933
1420
31
620
100
111
712
3
1845
982
571
1077
50
7
185
32
28
1043
914
272
44
71
226
1
1772
301
1918
1994
1978
593
362
1565
6
621
1
20
4
1
1590
1261
35
365
139
3
450
756
94
939
2
63
1097
146
1193
242
934
5
191
3
326
15
99
30
2
20
47
1
25
1
148
89
13
22
617
2
692
113
949
1077
1232
7
38
1
1495
559
4
1237
504
275
107
484
1159
6
365
16
1922
19
7
999
1412
1
1109
289
464
67
301
1
331
444
989
43
807
93
597
782
1052
107
320
367
5
480
11
1222
426
1105
319
755
96
235
240
49
732
1022
141
1608
531
179
55
4
283
22
60
522
26
20
492
104
224
1006
1048
232
1
376
371
735
6
277
1994
235
1520
1220
96
13
1512
20
233
1081
171
9
1668
194
699
1625
753
58
989
122
1234
983
35
2
13
1334
21
9
573
22
75
4
26
773
8
1012
3
544
342
228
2
103
35
131
13
17
110
53
515
1511
5
2
62
945
3
4
416
541
168
1759
99
2
312
121
1055
1166
161
1045
1090
613
23
11
641
264
382
1695
541
1344
848
12
4
1074
20
118
422
403
1111
13
156
61
45
9
1
965
973
1987
26
683
291
86
28
962
523
82
5
1240
422
2
683
2
684
1389
553
16
1
502
234
20
29
11
451
121
62
435
423
1604
363
890
856
172
465
1537
37
69
31
1
1487
805
15
11
981
42
185
5
26
324
645
1
687
1972
510
2
88
29
362
10
13
399
852
60
1332
38
39
153
1068
1393
169
927
129
24
945
23
1
11
488
1454
1132
292
195
1963
1
385
850
233
1507
7
138
292
178
1
2
282
300
955
1
235
1295
1456
703
11
383
49
506
90
8
96
24
114
1
603
581
39
18
1
699
350
1263
4
160
1528
451
1
18
2
48
78
1002
691
1155
1
1
1277
230
28
873
32
1889
144
174
361
888
46
1068
969
1376
19
241
87
209
11
962
26
1485
101
85
29
2
1683
1
502
1226
31
356
2
164
6
15
14
506
1445
16
1745
1999
5
1554
102
15
69
461
1798
7
440
24
27
1453
27
1103
1792
6
5
350
714
1
331
9
1324
355
142
198
734
13
1
346
1739
189
1525
1733
171
3
241
54
52
751
156
1502
10
7
72
97
471
271
569
31
22
62
15
3
169
43
417
4
112
121
5
391
13
86
285
1581
4
460
281
120
64
1498
211
53
54
1027
369
4
15
533
542
23
1146
1
97
287
297
33
3
1161
50
240
1
851
1917
1542
430
1
402
6
115
63
495
928
25
7
13
1
126
290
216
5
70
8
418
285
574
30
139
3
492
176
8
709
344
1
1
1809
22
1701
137
1059
10
657
1843
198
845
611
1796
3
282
20
62
83
325
42
1036
3
2
49
28
13
197
99
397
288
43
383
1947
1418
11
260
68
2
15
902
6
1907
1120
559
2
209
1781
1896
160
171
10
1
66
574
1
93
1
614
31
143
1131
16
1731
1501
4
243
822
508
1888
58
220
782
32
48
50
11
801
41
83
440
330
19
7
294
2
1
95
1821
1278
974
1024
3
119
627
1
473
47
1508
67
1915
1427
214
2
64
69
20
1660
128
415
18
837
1
38
407
73
54
8
1966
1515
214
2
51
3
78
6
127
340
716
63
186
288
107
95
267
14
5
104
23
85
1
2
1984
416
179
34
127
11
317
1456
156
14
1601
331
1729
683
258
2
776
3
1305
820
383
428
3
527
73
232
1839
1097
221
741
17
71
208
1188
1002
1
15
17
225
511
10
1973
112
2
5
14
484
3
1738
43
41
148
1337
735
204
782
1330
133
544
334
611
4
4
772
28
1188
828
60
73
1668
1
1482
340
1172
270
2
97
666
122
1
58
1
10
283
6
855
105
1488
345
54
34
33
168
394
1629
346
1867
8
320
1453
431
71
307
5
64
623
974
657
1
1719
159
89
1655
446
63
138
219
1676
509
231
306
1
458
43
790
22
14
472
348
707
1
57
754
1851
552
1417
11
462
60
237
750
268
38
57
455
46
36
1854
24
171
697
2
213
64
463
1923
910
201
1743
1189
197
12
14
1
39
1
1389
1
463
103
2
979
227
213
219
103
12
536
6
1020
109
46
332
1092
83
147
62
231
898
813
187
1390
410
662
1190
241
143
146
1644
13
1769
1835
11
1312
1110
257
897
71
417
61
103
1665
1594
824
390
40
28
2
15
458
1184
1467
34
15
197
143
101
437
21
488
899
1970
682
1632
5
148
930
23
50
921
1
204
45
415
1380
62
2
582
247
65
85
565
1685
47
5
404
3
38
23
24
566
1
147
193
1
119
8
2
287
18
3
5
151
4
1316
11
1344
19
1345
108
53
17
3
98
4
251
13
17
11
2
112
1779
31
11
408
30
82
10
668
745
14
4
1
921
1925
2
18
248
242
114
254
1736
3
182
1035
60
264
7
78
7
1532
30
1217
78
104
676
1096
2
1517
667
4
932
502
70
811
408
155
50
2
48
22
792
1625
78
560
160
606
79
833
622
273
34
308
406
1138
3
525
1216
20
1364
182
336
708
560
1
108
260
341
496
239
270
31
3
1079
6
12
533
61
43
64
884
3
711
225
193
1293
746
104
38
19
128
18
527
1683
44
739
99
16
66
188
30
878
548
915
20
7
110
240
110
61
492
85
721
563
1259
142
21
17
470
165
2
422
1
1666
27
168
1554
855
44
1653
1066
49
1
246
4
1354
4
57
14
1654
20
164
167
5
521
53
73
4
169
211
117
108
387
337
92
896
14
144
136
1072
23
1964
903
4
1
499
696
70
419
7
1527
2
2
9
163
516
962
24
42
556
23
34
796
22
114
1753
469
698
590
228
1836
4
1
308
85
75
1724
40
259
499
283
76
43
93
464
1867
1020
286
566
51
1201
1462
613
1
198
369
149
21
2
1275
730
17
100
1179
12
4
12
3
1903
96
756
35
1524
32
1076
237
12
3
682
412
1
208
1087
1112
405
1
700
93
736
1345
1843
382
52
57
31
173
20
188
182
122
491
725
161
453
803
622
521
395
1610
11
744
596
1734
323
8
6
26
1
70
2
329
1665
356
472
938
1777
55
10
290
12
55
30
2
1
3
224
140
499
1
1118
1266
542
51
129
1
587
16
56
104
1682
729
41
1188
1834
1
343
82
5
1279
1
1
1327
267
1412
32
18
1765
134
94
76
776
8
1576
1573
621
2
777
11
67
5
15
117
20
1517
416
28
772
212
10
3
807
196
1491
1118
1586
17
58
222
352
61
276
1556
515
5
989
9
1731
44
63
34
151
137
9
331
1
4
4
833
360
138
474
24
446
6
1630
430
251
167
159
720
34
1418
621
1
74
6
1923
1275
8
59
59
1689
35
203
687
4
141
616
994
678
155
73
362
70
326
1232
418
1
202
6
74
1425
33
678
76
458
879
474
5
1164
301
2
1938
4
183
738
68
1
4
821
1
1461
267
18
1663
57
134
8
1611
33
4
1221
1166
42
30
1544
1326
520
36
699
86
63
341
3
5
1044
2
875
14
1012
3
112
252
1
888
163
1778
32
15
24
356
91
16
402
605
126
1312
822
239
2
1383
13
759
76
3
476
225
45
614
270
1
209
10
1121
30
141
290
815
24
19
496
426
550
913
125
11
30
96
4
1483
1
202
878
13
574
275
1033
11
1692
204
994
514
