314
2
7
342
3
6
296
97
196
430
1
1
87
171
6
2
2
14
22
136
1
1
16
241
240
1
10
19
15
8
3
1
5
21
1
453
21
1
1
236
134
5
4
278
4
37
31
447
297
1
10
1
1
26
1
15
2
2
75
1
131
10
16
459
12
6
99
13
427
62
5
4
25
8
47
142
35
394
61
328
5
1
6
7
3
58
24
226
56
51
5
1
4
477
7
4
1
1
1
258
4
93
206
1
315
1
27
79
4
2
1
28
77
2
63
344
62
99
1
8
70
1
4
19
12
2
1
20
39
1
3
485
44
2
193
1
9
42
138
60
7
348
3
31
475
4
199
116
14
1
54
4
11
24
18
262
197
3
3
32
2
137
112
15
287
458
95
1
4
2
4
22
3
2
32
120
7
464
3
1
210
1
196
152
75
39
38
8
24
156
110
18
27
111
74
36
421
6
1
1
7
1
40
10
39
25
395
5
2
5
1
42
17
459
142
4
123
16
1
1
294
354
17
437
2
28
26
3
11
171
4
1
1
4
67
2
2
1
67
89
196
126
2
28
53
275
9
80
1
1
11
5
16
1
1
24
156
4
1
332
23
2
1
7
65
127
148
8
1
11
2
33
38
141
54
454
119
59
24
39
3
73
20
9
257
1
2
17
6
2
21
1
16
102
1
4
268
3
8
335
19
7
4
54
3
1
142
5
32
6
2
35
31
271
494
18
5
184
7
331
57
1
11
56
29
3
1
5
17
118
70
401
16
108
2
1
106
16
1
88
11
144
2
23
3
1
2
77
6
24
3
1
52
309
39
5
1
1
484
1
10
2
346
21
79
3
5
30
3
232
287
397
13
93
220
1
76
3
35
23
57
12
1
26
1
18
228
50
30
4
6
1
490
53
346
5
432
129
5
13
137
22
110
1
30
8
302
192
121
150
75
9
59
457
3
1
1
38
16
15
1
446
109
9
3
1
318
1
3
159
2
381
5
38
499
155
421
168
1
172
135
3
47
101
1
100
29
45
4
2
46
10
275
3
69
2
182
24
3
173
484
1
4
1
158
72
5
1
5
69
43
21
6
26
75
334
4
98
8
78
7
10
1
3
73
74
223
1
54
36
6
22
7
38
1
3
14
30
148
2
9
68
29
1
31
1
207
1
8
1
2
3
15
56
21
14
268
282
1
6
47
96
2
1
85
416
69
30
2
354
180
3
2
2
4
103
36
1
3
2
128
396
1
237
111
2
2
10
2
2
42
1
7
406
1
78
2
86
74
224
1
237
1
73
455
20
1
5
2
12
1
103
4
153
3
430
283
1
26
1
1
177
2
134
141
34
2
2
18
12
67
172
13
72
11
1
1
383
10
1
375
35
213
399
2
39
1
2
201
1
237
3
158
183
4
64
4
14
9
65
317
1
1
32
14
2
5
103
3
3
323
142
144
54
39
12
6
1
1
4
15
47
6
4
1
231
15
3
165
2
23
24
3
151
318
11
21
17
10
1
1
27
5
482
86
1
1
79
11
2
41
1
1
25
232
73
2
374
203
6
2
23
7
1
33
1
56
22
1
12
53
1
355
31
1
127
369
138
79
2
78
2
198
81
4
2
4
87
21
12
1
1
230
91
1
191
6
44
11
147
1
37
25
2
173
46
3
298
4
1
280
8
254
11
9
4
31
56
2
1
73
2
77
68
440
209
30
91
16
97
31
143
219
1
17
4
4
1
10
16
96
4
1
5
151
124
1
10
132
25
211
1
38
3
322
176
1
107
5
11
3
1
22
1
10
18
3
2
408
13
4
152
422
111
185
2
1
15
25
82
1
31
3
41
84
7
5
127
1
224
1
123
85
472
2
38
8
87
11
97
97
2
201
8
364
1
80
313
1
107
23
24
301
52
1
12
4
243
473
65
19
374
1
40
86
86
332
9
2
8
2
6
71
294
3
198
480
1
307
11
6
87
3
11
1
2
119
4
53
12
248
468
21
33
44
2
17
493
1
4
4
2
39
39
142
19
15
2
213
1
8
238
444
2
1
4
9
296
13
11
5
1
3
172
130
41
13
1
1
7
227
11
1
21
49
1
243
8
122
1
2
293
360
119
268
12
12
7
14
1
5
27
163
152
15
469
3
73
166
93
1
173
174
12
7
71
34
58
1
4
7
62
400
201
38
3
3
265
1
2
5
1
32
3
50
1
1
11
54
4
25
145
307
292
3
1
4
177
109
21
227
5
4
79
122
1
41
13
19
1
1
33
96
17
32
48
3
3
8
9
3
2
10
492
28
44
3
4
2
15
37
352
6
1
327
12
1
351
16
205
2
49
89
12
167
12
315
243
256
168
25
108
401
9
415
3
1
63
11
211
9
5
190
57
422
11
13
2
2
46
73
29
308
100
236
108
183
1
127
33
2
75
28
8
8
36
43
413
20
7
100
38
367
3
237
1
2
3
9
145
52
16
3
23
6
12
18
4
8
32
12
2
303
6
4
22
1
106
38
10
28
1
62
1
179
24
4
32
136
1
1
2
49
12
7
27
4
124
33
50
2
260
141
1
1
1
371
1
144
13
1
10
33
68
83
2
5
44
11
34
11
41
172
7
46
3
54
8
1
30
102
3
49
9
15
4
9
2
1
1
235
112
5
33
116
81
126
54
3
3
120
2
2
100
17
464
4
341
94
5
428
3
259
52
233
293
22
117
103
1
367
28
2
88
18
204
60
58
5
16
4
18
1
28
1
42
2
5
46
113
24
1
1
22
365
1
23
434
5
110
3
46
145
67
1
329
12
3
159
3
258
1
67
95
1
3
18
234
1
8
5
1
56
28
3
1
7
13
1
2
2
14
4
56
2
308
60
8
299
1
79
23
354
1
10
57
9
13
45
33
296
58
65
1
8
30
429
52
47
27
160
8
4
60
3
401
2
11
1
395
1
420
9
99
7
2
6
169
474
7
403
154
85
2
65
446
63
181
83
188
211
36
123
126
2
12
125
1
94
379
36
5
6
5
27
10
265
67
8
211
2
492
242
61
27
8
7
4
39
91
302
51
4
199
1
37
13
2
86
2
57
391
26
25
24
65
17
108
114
377
10
3
1
54
82
5
13
100
83
3
304
388
204
378
5
4
398
2
1
33
176
71
1
8
17
1
1
20
22
1
34
2
25
1
1
89
42
1
3
425
9
1
1
4
12
10
1
56
2
3
24
15
10
7
40
121
133
183
2
1
2
3
86
3
5
21
17
2
13
2
293
33
1
34
25
38
2
286
96
11
26
1
259
40
3
17
1
17
198
21
5
5
3
14
1
2
8
283
103
2
14
6
122
71
6
1
4
3
9
16
2
333
53
23
278
79
2
6
1
146
61
4
318
2
1
12
15
92
59
19
498
5
4
43
295
49
51
161
13
1
18
148
12
2
17
5
63
2
1
4
2
1
78
95
1
1
307
219
8
260
56
62
143
2
123
35
459
93
13
2
151
413
173
2
1
3
497
2
43
57
10
1
1
1
1
291
1
6
8
98
3
197
3
2
3
4
392
4
2
10
1
57
312
10
114
16
349
11
103
19
1
3
457
38
48
4
304
7
9
1
25
110
9
367
10
137
113
1
3
57
3
1
122
392
53
1
2
151
14
365
16
1
66
1
3
1
5
1
45
328
3
356
5
6
89
22
3
45
3
6
112
46
37
138
176
402
2
64
21
45
5
69
24
26
456
1
8
298
1
146
16
12
228
52
142
71
3
103
9
7
414
1
13
194
41
12
14
7
183
143
10
114
250
9
13
389
14
289
379
73
2
2
31
1
13
106
85
318
16
152
31
11
6
40
90
1
87
1
318
2
5
6
67
61
6
2
252
29
77
24
8
36
1
2
81
148
265
10
1
44
171
16
134
125
459
13
52
4
12
10
52
1
378
34
1
4
14
1
1
393
14
1
100
168
1
11
3
7
415
1
5
37
18
1
171
2
2
28
4
30
93
14
20
62
331
49
89
2
1
423
280
102
4
21
61
2
1
386
17
1
9
1
45
6
60
32
94
63
1
1
23
4
162
29
159
3
2
40
145
363
1
145
2
5
2
2
70
64
18
398
304
1
8
2
23
58
2
4
1
12
1
25
9
2
11
1
26
1
9
35
2
9
9
1
95
4
24
322
248
189
1
17
49
1
8
63
1
17
3
310
1
201
2
1
210
4
266
184
361
2
4
18
259
415
3
79
2
13
31
5
8
5
20
12
94
31
30
6
1
46
10
1
376
23
61
1
17
4
1
382
20
13
253
173
239
5
215
69
254
6
2
2
6
3
2
111
55
3
3
405
157
22
1
413
50
80
1
323
288
66
239
12
3
1
44
234
1
32
1
54
1
96
117
154
1
35
296
3
9
1
11
7
7
88
31
1
102
1
1
148
282
53
217
1
7
318
44
1
224
4
3
3
404
1
1
314
126
10
1
85
7
52
2
494
3
6
50
379
6
4
1
121
13
3
317
13
49
11
164
1
199
39
251
1
3
16
431
211
1
3
62
49
104
166
1
16
2
3
117
7
1
3
255
1
2
1
229
1
77
3
386
8
1
4
8
1
16
40
6
4
1
6
1
8
342
60
28
46
4
118
32
7
4
80
21
246
38
140
4
14
27
2
18
140
6
43
6
7
63
90
29
1
219
14
288
6
1
3
2
13
130
2
4
17
1
146
3
44
444
2
170
189
97
9
1
360
65
1
1
86
2
66
68
129
6
2
1
16
4
355
1
35
1
7
8
7
4
8
302
349
11
1
1
2
23
40
13
17
413
2
25
58
1
1
11
1
116
62
207
1
161
2
2
4
18
7
1
2
22
179
59
6
3
57
127
22
1
34
2
1
309
1
36
189
39
5
9
88
3
284
2
1
6
30
36
228
149
1
281
1
24
17
2
46
31
281
132
82
6
1
2
76
29
2
359
201
38
1
1
1
31
39
99
101
319
122
1
194
317
7
361
141
183
288
8
34
2
8
1
10
168
4
5
70
89
63
54
80
25
34
1
85
1
4
320
17
222
6
12
17
3
35
5
15
14
2
20
1
14
181
48
3
21
27
48
1
48
2
91
20
1
5
3
272
2
1
4
476
29
7
23
37
2
395
289
120
5
1
81
324
22
19
2
1
3
2
2
1
119
3
24
14
27
1
169
1
43
1
181
182
58
82
17
2
4
17
152
9
364
5
59
18
80
25
15
1
25
254
417
1
32
363
29
21
2
5
1
25
60
1
75
7
5
82
30
1
22
3
27
18
2
2
9
4
7
5
1
461
59
1
51
3
1
254
2
13
25
407
166
1
3
349
115
168
417
1
91
2
242
411
9
14
8
3
4
8
70
52
57
2
165
81
377
1
50
67
177
1
150
1
47
30
73
200
55
2
205
3
307
5
4
422
2
108
60
18
32
27
1
2
14
4
1
8
9
156
1
1
217
2
13
15
374
273
4
19
40
3
76
1
27
8
138
9
25
11
6
229
1
51
74
1
5
8
35
1
291
38
93
1
1
4
32
4
181
197
249
31
2
1
216
23
25
118
48
1
458
22
3
89
82
23
446
23
1
176
2
11
2
212
1
32
7
1
4
49
53
240
1
1
1
8
3
28
1
2
4
117
2
8
132
390
19
29
235
370
1
223
1
2
5
3
272
3
75
171
3
44
5
29
9
1
7
324
48
52
1
27
34
80
32
44
14
4
65
72
8
3
10
24
27
2
311
11
4
1
6
2
17
10
285
129
64
145
16
1
3
9
6
1
403
38
1
7
67
2
172
9
336
43
20
423
111
2
51
7
383
10
1
54
306
1
1
33
4
1
30
1
12
2
214
126
6
9
5
13
477
5
42
73
173
1
4
130
7
120
224
3
3
1
260
18
118
371
348
409
72
8
298
61
11
6
8
387
21
11
22
1
2
486
10
6
9
155
52
9
4
9
103
2
25
57
6
1
14
111
19
4
8
7
1
3
1
3
21
5
27
342
1
26
85
20
28
1
1
47
409
357
7
66
76
4
264
22
1
6
1
318
91
3
2
2
6
135
5
232
2
200
2
1
201
62
20
5
81
3
18
4
1
1
7
85
125
1
102
41
93
2
174
291
483
2
60
317
19
66
26
1
6
2
15
81
67
13
52
94
13
9
466
83
5
14
23
396
1
22
51
6
341
1
74
1
7
148
337
31
18
27
24
39
23
1
223
12
3
2
15
1
2
3
190
63
6
52
3
12
3
47
7
3
1
483
268
2
18
1
1
1
25
63
1
7
84
6
27
30
38
2
2
35
27
1
13
12
2
1
1
1
234
267
4
47
260
23
1
25
118
72
98
19
13
289
1
42
7
32
10
5
1
79
1
1
80
1
8
1
373
6
16
1
40
1
360
1
231
194
140
5
1
7
2
160
1
8
13
3
1
461
3
127
7
1
128
12
2
37
70
1
1
11
1
7
255
13
19
3
1
2
1
81
4
1
51
97
4
33
115
4
112
488
1
76
2
20
4
1
456
20
10
1
467
9
16
372
2
9
4
2
312
76
348
3
9
155
26
121
42
43
5
6
13
4
2
40
248
5
56
63
30
4
110
70
18
3
51
2
1
76
3
1
2
33
112
273
324
128
9
16
40
15
29
311
1
29
156
69
4
78
1
6
388
51
205
1
4
305
3
6
1
1
435
4
38
192
54
2
1
4
9
332
6
4
16
431
1
2
39
1
19
1
154
110
16
117
8
68
90
20
6
1
1
90
81
9
61
1
8
1
15
9
12
4
1
4
7
6
4
12
7
92
9
4
10
102
16
1
82
58
1
164
354
2
40
3
424
247
2
41
2
31
54
139
329
62
111
130
35
11
151
5
9
139
12
3
87
5
130
2
1
10
263
1
19
73
1
67
73
5
67
55
304
3
1
37
5
4
18
213
2
14
1
491
7
197
370
2
3
17
8
2
2
1
41
50
4
26
392
2
20
355
342
1
66
6
9
339
5
1
62
1
21
1
2
208
28
277
193
42
140
400
430
1
157
330
1
4
64
2
2
36
10
2
70
29
2
490
11
11
5
1
39
89
357
6
354
14
32
34
56
3
3
8
1
98
23
176
4
58
2
2
18
66
7
46
70
22
143
5
6
1
6
7
1
20
211
49
386
13
5
1
230
11
34
14
1
38
17
56
50
170
1
1
83
13
4
115
42
1
253
12
8
44
114
266
6
1
77
118
1
32
1
203
3
6
14
10
1
1
52
288
105
5
6
18
12
166
284
32
6
1
2
80
397
6
4
1
2
16
279
6
4
11
388
9
325
34
465
1
6
47
45
1
231
38
2
1
85
4
19
47
356
4
335
2
12
30
101
49
2
20
6
2
39
14
44
7
1
9
174
205
210
1
6
4
57
7
47
495
26
6
7
493
1
316
297
1
423
11
2
72
4
6
4
25
2
279
104
8
4
39
5
11
1
35
211
3
3
14
14
13
25
1
3
37
4
5
164
2
36
118
10
154
63
1
13
24
12
3
97
227
3
1
287
2
2
2
7
420
10
10
390
10
156
1
1
194
24
71
9
19
10
2
25
5
6
3
30
28
54
2
33
72
82
8
352
9
3
5
19
109
1
177
2
344
422
35
4
188
1
10
168
71
466
98
5
71
25
27
2
128
2
10
1
151
1
1
4
1
1
334
2
56
238
4
16
3
21
16
5
1
8
77
1
3
11
79
15
30
180
1
14
1
32
8
2
72
1
58
7
6
227
4
107
8
98
23
1
347
1
12
6
8
8
39
30
10
161
7
11
1
58
7
357
103
140
59
86
9
2
317
2
1
13
2
1
13
1
48
1
25
33
477
405
4
1
47
19
3
4
5
6
23
15
3
162
98
27
25
1
1
46
52
14
1
2
14
35
11
18
1
6
68
15
115
1
49
2
18
5
3
8
123
21
48
3
115
336
1
13
186
1
1
6
130
13
61
7
1
211
1
83
37
14
39
37
1
9
429
2
364
1
3
289
81
119
1
2
79
474
72
12
2
1
1
227
6
1
4
43
1
16
3
14
2
169
1
8
6
114
5
29
279
149
5
4
275
6
20
98
2
18
344
8
166
191
30
248
16
2
2
492
13
11
4
476
5
12
2
64
28
11
26
123
2
1
94
288
5
8
3
1
1
119
303
132
7
156
9
3
6
217
54
103
3
5
9
27
95
13
32
416
71
6
398
112
258
108
38
1
2
4
23
397
1
84
144
6
416
6
29
90
162
3
1
13
112
172
4
11
56
6
191
30
14
2
42
1
2
1
23
154
5
15
1
31
191
58
13
69
6
9
56
14
236
1
23
7
3
8
3
6
43
40
7
2
5
414
2
189
5
16
3
271
88
16
1
1
26
40
3
159
2
3
11
108
139
1
44
26
14
11
5
29
1
24
161
17
5
50
1
7
2
1
50
9
61
45
10
24
3
6
22
50
31
4
9
222
92
293
63
3
7
10
2
494
153
1
1
6
60
11
38
315
47
39
1
25
1
3
10
4
19
474
2
60
1
1
1
2
1
20
1
16
40
17
187
33
81
14
3
32
3
4
62
7
12
40
4
2
12
1
3
200
379
6
21
2
146
113
8
1
4
3
82
1
146
175
6
3
492
316
347
3
8
110
9
15
112
6
38
11
17
35
1
14
65
27
63
118
24
35
33
40
152
17
411
56
1
46
1
3
17
5
449
1
24
37
326
76
12
4
7
3
261
1
244
1
6
87
141
23
213
1
426
160
4
1
3
268
19
61
1
73
2
209
3
1
1
22
182
22
2
11
166
19
1
29
45
118
7
19
40
8
1
122
1
5
2
3
12
11
73
1
112
88
2
1
2
14
3
2
151
3
57
2
97
1
11
63
42
17
7
5
228
381
3
52
8
12
4
7
32
81
102
290
1
173
304
415
38
29
133
1
428
40
29
438
355
263
252
41
436
2
16
5
1
3
2
2
2
3
104
22
3
169
446
142
94
14
2
21
14
147
14
225
161
265
74
8
23
28
11
69
118
1
227
69
75
3
33
60
105
7
12
134
2
45
2
58
14
27
4
28
23
79
392
154
95
56
1
10
1
170
17
2
24
8
19
227
51
267
1
357
15
2
105
1
393
317
5
16
35
275
258
3
3
3
1
83
224
1
42
29
1
13
16
17
43
1
120
21
372
124
30
6
320
46
1
21
67
1
23
37
53
264
4
66
68
83
94
70
65
12
21
114
30
7
3
67
2
188
62
6
1
55
169
459
2
4
5
224
176
12
276
1
225
159
2
19
2
2
19
1
12
272
1
12
1
272
492
71
291
3
168
193
1
51
281
83
4
20
40
2
135
7
2
50
25
1
144
8
7
9
392
48
233
187
131
2
16
116
3
402
4
210
4
8
2
170
3
14
46
455
10
3
3
10
1
19
1
13
71
112
35
2
463
144
342
18
161
79
3
1
25
1
1
2
1
7
128
9
16
10
13
212
51
22
190
22
47
41
1
5
105
124
129
432
3
28
5
16
20
412
14
387
4
1
46
1
23
188
276
6
94
71
86
79
79
1
20
10
5
2
2
77
11
32
85
126
10
30
177
1
136
41
169
245
12
2
3
8
179
30
175
13
9
3
5
38
158
114
9
101
457
1
121
1
16
250
188
9
1
39
33
19
8
1
3
113
1
2
39
9
6
305
22
14
1
2
2
1
8
1
260
39
10
107
23
40
2
23
337
4
1
383
6
3
199
2
2
15
7
2
27
62
1
254
487
142
4
213
262
421
278
229
46
1
1
47
38
2
6
8
68
5
4
25
159
333
10
4
451
36
1
2
24
2
11
3
258
26
3
109
1
14
20
368
30
1
8
1
2
4
14
4
318
12
4
30
13
106
1
2
19
234
19
155
4
1
61
82
3
88
17
6
277
2
170
184
1
6
358
1
12
18
51
2
33
4
32
66
73
1
1
102
22
44
1
26
34
44
1
6
473
189
13
118
45
279
3
26
2
209
5
66
3
1
218
165
1
12
23
122
8
1
143
5
1
25
220
2
25
283
217
33
8
1
2
5
12
371
5
118
50
2
1
12
5
1
5
73
6
189
3
144
13
46
44
116
19
9
138
95
252
11
6
5
8
3
6
266
1
33
43
19
1
8
363
2
5
1
1
174
104
317
2
74
6
5
5
288
72
20
114
125
7
1
18
1
100
13
87
8
7
6
26
130
268
1
2
91
17
2
49
6
3
3
2
5
32
10
380
1
450
15
5
7
6
8
10
179
110
1
86
1
1
4
84
17
57
1
107
103
53
311
2
12
24
2
4
1
191
10
2
1
149
1
9
74
291
380
5
327
3
7
165
1
2
60
1
176
127
4
1
23
3
306
4
8
95
314
2
10
10
9
2
14
77
435
128
18
1
11
11
19
11
2
15
4
61
61
46
13
33
6
3
179
6
6
51
175
13
61
2
2
15
18
248
34
5
1
142
16
1
13
1
9
157
9
9
4
6
1
475
92
7
59
46
1
426
258
139
4
44
236
368
133
329
27
352
9
311
13
408
1
3
2
37
1
460
10
31
17
6
223
7
12
1
22
1
3
20
8
330
3
33
135
23
3
2
2
12
64
244
59
12
14
3
339
2
100
3
243
133
9
30
203
2
71
3
26
204
357
4
45
1
1
39
1
10
1
2
437
275
363
145
248
98
39
131
6
79
1
1
4
1
1
4
4
2
48
1
37
7
42
1
262
275
35
14
5
6
125
1
151
101
5
27
4
4
40
16
243
31
2
14
128
204
10
2
82
9
31
22
3
1
2
120
1
1
1
70
160
11
20
13
247
1
1
103
1
10
448
418
120
131
253
1
53
9
118
164
63
34
1
310
7
1
134
34
18
4
11
20
141
9
13
36
13
10
1
1
1
74
271
7
82
18
2
142
3
4
11
60
10
2
152
20
1
245
10
349
16
3
90
3
3
13
3
10
342
14
278
319
237
429
445
10
2
8
31
49
101
7
17
135
10
10
14
25
16
10
11
141
48
65
9
65
37
1
43
347
1
178
281
3
2
3
2
4
1
4
3
86
358
104
1
114
165
216
1
6
8
151
31
3
353
259
2
2
5
33
366
131
1
2
3
3
10
3
29
386
68
2
68
4
32
398
8
2
43
14
2
207
272
121
1
15
15
3
469
89
307
57
5
3
2
214
29
286
32
26
1
3
129
1
213
304
1
310
15
1
3
145
61
12
292
8
2
6
40
10
2
18
2
18
1
93
210
3
39
63
37
2
155
123
29
172
21
9
7
3
2
45
116
5
1
5
21
1
135
5
8
1
84
78
1
9
5
10
443
1
14
2
95
14
1
22
375
24
459
1
119
3
5
46
1
1
1
22
246
3
278
187
1
27
4
60
91
1
8
15
3
1
121
12
11
77
448
101
93
4
1
1
481
2
7
12
4
6
22
297
2
318
11
1
40
2
56
117
5
253
339
217
6
7
41
8
27
18
31
204
111
1
106
4
70
1
102
75
138
6
33
18
33
5
21
1
167
7
1
8
1
6
20
363
13
2
5
1
13
7
2
110
103
2
15
316
6
1
13
21
451
16
158
25
9
36
7
4
408
24
49
11
13
164
2
5
39
2
9
7
1
38
82
4
13
8
19
152
84
2
4
347
1
1
10
1
1
136
72
22
2
6
208
7
13
418
40
13
8
43
116
63
6
98
52
56
4
186
260
1
371
17
1
9
4
2
4
153
15
33
81
2
10
4
206
1
1
9
1
1
268
3
16
37
270
31
124
8
7
19
2
18
318
1
2
289
45
2
8
50
60
4
11
13
288
3
1
79
19
161
1
36
4
2
2
41
78
3
52
3
4
1
69
67
1
1
32
78
211
15
479
43
56
339
72
1
30
20
27
64
75
10
1
358
5
16
6
93
17
8
37
1
225
12
1
45
15
357
5
1
190
5
18
71
2
76
321
22
37
2
2
5
13
210
1
1
4
2
1
54
2
7
66
98
1
1
146
18
41
55
22
1
14
1
388
89
40
1
2
500
6
4
1
151
90
3
29
43
14
2
33
130
5
1
91
1
26
79
88
12
8
19
8
27
1
13
1
2
8
2
17
1
2
1
87
7
61
439
5
25
19
1
1
55
303
34
1
15
3
1
13
31
321
10
25
253
8
34
391
6
319
2
1
1
13
398
446
8
29
34
4
2
24
45
10
1
15
6
271
27
191
5
10
3
45
11
322
27
48
45
264
1
11
108
7
1
6
6
10
7
285
347
10
2
16
1
4
2
301
2
430
273
8
79
64
119
153
126
466
62
57
33
8
3
6
2
89
98
18
1
1
1
194
38
289
133
38
187
247
17
21
385
1
6
10
1
2
1
5
3
4
120
1
6
3
2
6
1
463
6
207
11
19
167
1
1
115
157
2
3
2
314
41
2
27
1
1
80
13
3
4
77
57
3
3
42
73
6
40
1
11
57
18
2
137
1
142
13
1
6
6
1
1
1
3
40
43
1
23
301
100
21
26
10
4
1
14
9
1
13
7
3
4
195
6
89
103
91
1
1
60
99
463
12
2
1
12
85
1
125
4
1
26
243
19
4
190
3
21
166
2
33
18
3
5
267
499
2
166
14
410
63
1
2
8
4
22
342
16
29
1
33
1
19
1
2
2
13
24
1
51
8
13
251
127
7
30
5
4
71
493
10
94
7
50
3
435
150
1
1
47
1
1
16
24
476
3
385
7
30
156
1
12
16
11
5
4
113
1
10
16
27
40
22
434
17
37
419
1
122
1
93
49
66
142
57
1
2
56
1
52
8
84
71
1
11
1
9
1
7
1
351
5
1
116
64
20
27
5
8
10
1
24
74
265
8
6
1
307
103
431
12
61
13
4
178
1
91
1
8
5
1
2
7
61
48
26
1
5
36
112
103
10
1
10
55
429
75
4
2
473
11
35
43
93
359
17
179
18
371
7
1
75
318
17
15
94
6
1
1
7
77
12
42
4
10
197
40
79
38
37
18
493
18
132
176
4
1
3
182
7
1
43
44
1
497
254
77
110
185
1
1
223
18
2
1
145
383
2
1
3
92
244
2
7
113
58
26
2
246
186
61
2
5
11
11
273
39
164
283
1
12
21
25
4
186
43
2
1
151
67
41
2
71
5
87
3
2
9
223
3
1
6
290
63
2
165
19
20
1
2
17
56
10
181
21
27
1
273
21
1
23
6
2
1
268
165
5
2
6
1
129
11
287
19
150
27
58
2
8
20
133
95
177
1
83
44
473
202
13
15
41
8
4
41
142
14
58
77
1
52
31
15
4
152
1
41
280
1
1
14
2
2
60
95
82
12
278
2
1
8
14
8
463
497
6
4
366
289
25
286
334
37
188
380
20
402
35
221
2
6
6
2
8
46
188
11
1
13
1
28
101
102
20
35
429
158
74
63
281
8
481
53
295
65
2
2
1
14
2
451
359
4
221
9
182
58
17
197
19
71
7
2
3
62
9
1
11
8
13
21
265
152
2
32
498
6
314
36
44
13
17
89
55
13
2
5
2
6
198
3
5
1
16
14
84
2
2
1
9
181
1
311
245
252
4
17
14
259
156
2
7
491
4
90
1
479
81
17
272
5
80
62
4
2
46
5
71
6
410
11
1
2
2
3
2
1
421
1
26
36
6
101
1
36
3
49
2
16
86
27
130
1
8
9
260
2
170
230
122
2
1
4
6
5
123
46
42
6
84
6
159
24
234
22
2
10
19
4
50
11
1
359
14
2
2
2
81
97
36
1
1
1
92
19
3
136
23
8
20
81
1
63
92
163
2
49
4
201
72
14
486
78
1
184
351
7
210
168
1
150
33
13
8
198
16
80
9
1
9
11
10
1
3
1
349
26
118
276
6
40
471
73
137
42
39
4
1
9
197
47
258
5
214
1
8
255
9
4
70
1
4
1
30
1
3
2
33
167
30
6
1
1
269
4
6
82
1
12
39
60
1
20
424
448
30
5
2
1
1
1
1
2
52
30
1
3
14
1
218
52
487
4
27
6
4
37
99
4
13
5
61
94
3
2
5
1
3
493
12
1
4
353
163
1
452
1
350
173
32
12
20
2
7
1
28
7
1
19
10
4
233
223
11
16
1
6
43
2
87
154
1
1
8
159
21
19
6
10
2
157
246
1
50
12
18
3
87
125
1
13
21
3
2
119
212
351
5
67
15
178
2
184
243
18
440
1
496
2
1
85
27
148
9
3
40
151
17
3
19
1
2
12
5
27
3
5
16
2
222
2
370
5
5
131
20
53
100
2
72
1
49
17
1
137
3
10
2
19
27
4
26
2
123
150
18
198
5
81
132
1
434
1
47
231
23
2
1
22
1
2
1
2
27
1
1
4
304
2
7
3
95
22
84
3
1
2
27
29
75
121
3
32
105
73
10
66
335
1
5
110
3
8
31
3
223
1
32
39
70
6
1
2
4
5
441
311
10
3
2
1
392
134
1
13
181
4
3
19
8
357
21
35
4
182
3
236
211
1
27
1
38
3
6
4
404
189
1
4
279
1
1
1
47
60
102
7
22
37
1
11
319
12
482
17
1
1
3
1
190
337
1
13
252
100
77
1
2
1
8
253
21
161
53
1
7
19
1
61
75
148
18
264
2
1
31
3
8
53
70
2
1
6
125
9
1
200
6
3
1
17
10
90
40
7
27
2
134
158
85
8
64
7
7
414
8
24
294
396
17
2
64
73
1
11
379
11
2
5
264
31
5
1
1
5
4
1
32
125
1
221
5
43
21
2
5
1
254
1
10
69
164
315
3
42
4
30
11
94
69
192
4
1
91
1
87
29
143
283
144
1
133
280
32
2
4
117
3
2
1
474
45
391
106
48
2
440
5
214
9
465
167
1
56
2
35
162
64
10
1
3
2
88
12
59
22
94
96
11
6
3
64
1
4
2
1
23
4
129
4
140
75
5
3
1
11
34
2
11
281
4
496
49
11
8
123
8
29
19
2
1
51
1
318
2
22
24
7
85
11
23
369
7
7
11
135
2
161
359
216
6
1
13
104
15
3
11
4
2
108
1
1
3
33
1
132
3
10
5
83
24
43
4
1
1
210
394
21
1
16
22
54
15
2
199
2
2
15
21
20
120
1
1
80
4
428
500
163
2
7
202
30
3
13
5
11
2
44
115
430
411
5
43
22
24
6
7
14
84
22
16
88
8
118
3
11
80
2
25
2
6
1
2
5
6
75
4
3
94
164
42
296
15
13
296
248
59
90
118
33
2
56
13
2
7
39
6
191
4
162
13
446
122
30
136
6
1
29
132
182
11
1
225
1
61
141
1
7
61
89
6
136
22
3
3
6
273
2
271
1
37
47
85
228
2
80
141
12
1
1
22
449
10
1
57
1
8
21
8
3
250
82
90
101
433
6
1
62
31
466
8
5
1
54
202
2
2
189
50
5
220
1
304
31
2
1
328
13
26
5
307
3
1
24
4
9
1
46
1
4
15
4
166
2
80
129
147
11
279
7
338
11
6
232
4
269
2
70
3
7
2
378
43
53
2
1
14
6
27
42
65
1
1
4
223
6
1
1
27
10
8
88
288
11
2
3
17
12
35
24
4
428
44
6
200
57
9
496
122
153
23
7
2
2
6
21
255
443
6
5
206
4
449
12
86
1
4
9
120
39
35
7
36
3
1
2
12
15
5
98
1
240
3
36
6
33
115
74
136
64
18
3
6
7
8
29
212
67
2
155
2
1
4
4
1
443
4
6
1
5
23
1
4
6
136
164
63
2
39
1
1
33
15
8
37
14
1
2
1
1
4
143
3
8
105
7
172
10
81
1
373
52
15
9
2
127
4
10
325
1
2
37
24
13
441
4
3
7
68
1
7
26
18
1
1
159
84
1
113
24
35
30
49
45
252
1
3
12
15
1
118
3
31
340
41
3
45
13
9
44
34
207
397
2
25
13
8
19
184
471
2
15
133
21
22
168
22
58
22
370
1
33
2
17
80
53
11
144
151
39
3
2
10
1
41
2
429
2
13
34
7
13
2
53
96
1
68
104
38
382
382
95
16
139
473
213
6
27
24
300
44
1
26
117
355
33
23
168
126
121
98
12
390
18
1
378
22
2
3
5
4
1
7
162
14
4
15
91
43
164
150
13
30
5
41
6
219
1
378
9
4
282
2
24
65
17
9
1
8
321
22
210
69
2
57
30
5
2
3
3
6
1
2
2
12
31
55
3
1
2
13
1
1
1
4
16
114
33
45
15
223
19
3
61
67
41
9
7
1
23
1
457
97
304
6
1
183
192
469
83
28
252
247
18
190
2
42
13
46
471
1
1
222
9
282
53
218
43
2
69
4
1
73
363
37
3
18
7
3
5
4
10
277
1
27
10
19
28
2
8
279
8
2
44
2
253
2
20
11
42
364
9
129
10
184
101
51
1
44
31
103
4
134
344
103
4
199
2
19
151
3
4
12
6
57
249
21
6
364
18
3
16
58
7
7
177
8
15
213
214
46
24
1
1
63
269
2
3
287
7
214
3
5
75
149
1
291
6
6
76
304
5
44
31
1
9
98
4
2
1
4
370
13
2
25
41
264
51
434
25
48
16
1
307
23
152
160
13
1
1
91
87
3
16
200
4
2
20
34
61
50
7
395
498
130
42
23
63
85
3
4
197
29
19
37
1
3
1
15
2
19
5
26
469
7
2
5
6
316
1
37
356
1
10
2
83
204
202
8
194
1
1
91
462
4
2
16
1
26
63
2
4
491
1
43
6
300
2
16
86
40
310
465
8
23
14
102
171
491
133
2
7
59
1
1
1
23
367
1
128
19
2
73
44
6
4
6
33
58
211
1
4
42
126
19
1
4
31
2
1
121
10
54
1
31
34
80
2
8
17
59
1
24
2
3
73
246
1
2
74
462
14
1
303
39
41
1
175
297
87
44
1
92
53
9
77
1
29
37
139
1
1
169
50
3
469
1
43
1
3
1
1
441
13
119
47
4
7
9
2
61
2
473
347
29
43
31
3
3
222
61
1
3
2
93
245
301
103
10
179
485
2
4
409
4
8
279
14
1
33
3
5
27
5
108
28
113
6
47
47
113
5
489
1
1
2
1
14
4
12
74
2
4
179
1
4
5
3
11
1
139
1
6
312
7
1
107
377
232
43
1
2
3
76
138
90
99
13
4
85
2
110
15
87
105
11
1
60
15
137
7
173
2
73
30
1
459
224
83
58
43
212
367
1
17
64
1
8
28
91
31
11
21
59
1
2
2
25
70
92
1
5
16
7
27
12
1
31
194
372
21
356
23
182
1
24
105
15
16
59
33
134
9
12
5
2
16
14
2
6
175
1
20
19
274
135
10
5
496
5
490
81
1
2
59
441
218
1
1
7
61
89
87
15
125
41
88
342
185
44
1
339
48
1
334
1
17
21
41
9
1
4
35
41
179
100
2
359
1
14
44
2
6
289
3
8
3
56
26
16
21
68
3
55
308
10
17
1
1
5
260
222
28
8
7
8
134
144
3
25
361
1
200
1
139
446
46
3
74
1
1
6
190
10
5
7
4
21
30
7
5
20
38
46
1
8
195
34
1
295
47
1
37
1
4
61
18
1
16
12
13
84
80
449
407
18
249
241
1
66
1
58
3
302
479
126
1
16
333
143
2
382
111
339
1
100
362
229
31
5
4
18
20
6
1
2
15
1
410
10
1
5
3
65
35
24
234
404
1
9
33
4
60
6
257
2
100
167
6
5
27
2
6
76
100
59
1
55
1
106
11
4
42
104
16
5
196
1
1
41
130
28
106
1
40
2
1
129
207
6
325
15
1
1
1
45
26
8
40
84
6
1
35
6
5
2
84
372
65
22
3
6
4
13
1
244
181
7
213
1
82
1
182
8
1
187
12
198
39
278
19
129
1
2
3
289
9
3
54
62
15
1
5
2
311
4
1
107
4
1
3
56
1
2
121
4
3
1
17
435
102
293
1
4
5
36
8
130
31
86
4
7
1
99
49
1
274
2
14
33
3
1
1
44
3
3
181
444
9
249
170
17
1
200
2
41
94
2
4
57
82
68
1
150
10
27
7
9
240
10
26
6
259
5
1
1
2
5
4
6
11
22
430
8
2
7
22
208
187
3
188
224
1
29
10
1
3
1
4
1
1
146
45
11
134
5
23
338
108
5
1
169
121
9
124
211
10
6
153
10
261
1
57
2
1
3
9
198
1
1
260
31
4
92
78
9
9
62
3
3
139
12
2
56
1
1
11
216
6
229
164
1
215
1
7
211
459
7
8
64
20
12
3
3
1
470
1
2
16
8
2
176
305
24
1
10
7
31
2
243
2
1
2
7
3
26
11
443
228
11
6
5
3
419
37
12
106
337
258
63
13
1
68
2
19
7
98
124
27
178
1
3
1
1
35
6
77
1
119
16
1
2
2
4
52
7
445
2
1
40
1
1
42
12
17
7
2
435
83
107
1
3
6
3
41
12
19
8
221
2
1
9
9
102
115
7
1
8
28
6
204
79
63
2
15
9
64
8
1
216
1
14
1
2
2
130
1
2
14
343
15
336
206
9
59
24
9
2
6
44
214
12
128
203
8
350
402
114
31
13
116
5
8
24
428
1
1
127
31
296
38
256
8
20
1
37
1
1
4
91
1
42
1
2
256
131
1
50
11
116
16
2
1
12
23
53
122
158
62
395
83
86
63
246
11
402
21
69
2
98
7
447
1
253
7
4
20
25
1
2
1
3
45
1
1
12
35
33
21
189
18
187
2
6
2
2
318
170
427
56
11
16
1
17
13
1
2
18
1
291
31
4
4
2
3
35
81
1
214
3
6
153
81
86
45
9
2
3
2
1
190
454
249
2
3
1
32
1
1
47
3
2
1
2
37
1
24
1
6
419
6
18
18
303
1
189
26
95
11
220
334
221
11
12
317
2
53
178
422
375
407
57
298
19
25
2
24
20
62
16
1
66
16
7
93
65
1
116
3
1
1
2
56
213
15
19
2
257
90
415
55
64
40
330
72
6
224
5
3
31
2
3
4
13
8
305
245
33
51
1
39
350
2
1
5
30
412
5
458
445
1
22
16
3
24
1
3
1
29
223
8
1
89
51
3
20
9
138
155
16
3
7
1
26
48
88
64
144
1
3
3
1
1
1
116
490
6
1
2
10
3
4
25
2
2
289
1
2
1
143
64
26
415
17
2
300
365
162
48
4
3
3
446
6
2
16
5
27
20
26
1
1
1
106
20
444
34
34
5
9
4
190
1
108
226
368
2
77
1
3
383
5
286
1
16
412
7
1
9
68
7
168
15
45
5
492
1
6
15
3
1
1
1
29
251
1
71
15
149
223
45
106
133
29
60
92
15
305
426
8
23
37
1
1
81
105
3
170
23
3
5
374
478
1
6
94
5
42
106
2
414
284
5
8
5
432
14
4
1
1
2
8
4
3
1
310
10
23
86
4
1
49
36
102
5
31
28
100
99
1
1
3
19
6
1
112
1
37
22
1
1
2
32
27
12
4
10
30
19
1
67
44
164
144
2
95
267
220
238
13
105
171
1
34
56
133
325
5
489
1
1
27
429
13
166
2
14
14
266
396
40
17
1
19
107
1
379
58
7
1
371
2
2
5
211
5
1
12
66
73
13
105
270
6
393
36
7
1
217
4
3
214
4
1
9
85
11
107
41
50
2
1
2
2
189
3
4
12
7
1
21
1
36
149
27
50
2
3
1
206
258
44
9
2
1
42
1
2
48
98
9
1
1
1
1
10
1
4
9
6
16
1
3
1
20
15
17
1
4
30
8
10
5
243
2
5
72
24
5
40
287
9
22
53
11
4
8
188
4
3
2
71
2
279
5
10
60
2
3
2
36
4
22
485
1
2
132
34
7
1
145
7
25
56
156
174
1
32
30
385
188
29
47
142
320
424
147
1
4
417
118
2
337
58
124
3
4
1
144
78
161
4
1
46
5
52
229
90
342
2
1
22
5
1
52
9
12
25
15
44
475
141
119
295
2
1
114
197
1
6
2
19
122
15
120
15
4
446
88
15
1
22
291
1
4
57
50
19
1
12
4
5
129
26
50
25
5
185
4
338
1
238
7
101
39
6
12
2
21
2
311
471
58
2
82
8
3
1
384
370
26
1
7
71
50
24
342
4
2
23
77
2
7
1
5
1
14
1
404
1
58
117
7
120
264
71
55
313
69
8
2
212
172
15
1
4
11
61
9
10
27
1
30
57
297
14
164
4
154
80
23
38
95
83
5
1
1
3
7
6
6
25
2
7
2
2
268
1
2
450
14
5
106
125
36
1
87
50
57
3
85
3
1
2
3
22
8
8
4
73
39
7
24
17
9
10
2
241
448
4
182
2
37
453
1
234
18
26
154
6
18
356
3
1
20
45
446
20
1
179
3
2
9
4
11
5
10
16
63
197
47
10
117
7
372
14
114
8
440
10
344
23
183
35
6
4
88
1
48
26
119
47
1
45
1
5
5
26
1
1
14
4
1
138
3
430
18
23
2
106
422
2
36
6
234
31
79
468
18
8
5
87
152
155
16
1
2
2
1
6
18
3
7
63
47
1
254
6
36
266
1
51
169
22
1
1
3
83
66
7
340
35
9
8
57
6
14
3
136
20
19
308
64
395
76
400
3
2
9
108
15
1
11
24
29
28
176
1
9
152
30
364
1
116
2
7
1
75
1
93
99
260
122
3
286
24
2
1
1
4
1
3
360
435
10
1
1
11
2
6
1
1
306
1
1
2
8
1
80
5
2
1
1
388
7
4
2
2
271
105
2
11
2
25
1
2
13
57
150
10
252
15
6
94
29
142
1
272
35
59
122
1
58
76
10
2
13
21
155
498
8
128
60
21
8
83
5
55
4
7
1
1
12
65
19
17
9
1
15
1
9
6
74
182
23
263
28
9
331
2
108
49
2
10
499
77
33
444
1
5
93
28
91
32
132
5
286
28
290
274
3
49
1
112
1
52
146
35
63
4
149
6
3
3
7
404
34
6
6
1
252
6
148
366
27
17
12
164
7
1
159
203
188
4
2
5
102
154
1
36
120
49
225
342
91
9
149
183
39
99
245
31
95
11
3
3
441
470
144
3
2
28
17
1
6
26
233
1
37
307
2
1
3
1
400
2
8
5
10
3
25
223
423
145
2
63
130
6
129
81
28
1
113
1
5
165
24
20
5
202
39
28
1
6
471
152
2
165
132
2
7
2
2
1
19
25
11
1
37
7
2
43
3
36
9
7
47
2
1
14
267
13
3
3
208
13
115
1
409
5
100
27
18
9
121
104
3
2
18
101
128
3
1
1
203
5
182
5
145
46
13
1
3
4
99
29
1
2
9
2
12
179
6
1
13
3
129
73
4
6
87
38
1
24
9
103
142
94
118
48
286
1
1
4
70
14
40
180
71
36
1
17
61
6
22
334
14
11
215
192
25
1
6
20
174
348
176
1
59
23
131
13
3
2
4
15
224
3
428
73
37
5
14
1
10
55
62
1
3
87
17
490
4
12
16
53
8
21
360
19
1
18
55
2
2
39
1
1
16
1
57
239
18
1
18
216
1
94
198
35
1
315
9
58
1
20
302
40
13
59
2
234
231
1
15
92
3
8
70
1
1
329
2
204
164
1
177
229
25
1
20
11
122
13
92
337
1
8
1
1
1
186
55
1
114
1
5
69
1
3
13
331
17
4
160
41
1
1
51
18
7
66
38
78
1
131
20
5
9
9
228
149
55
1
12
1
254
252
8
9
17
1
37
8
5
1
1
143
10
81
63
344
1
33
37
10
49
189
2
40
5
3
414
25
156
2
279
118
16
1
303
14
15
3
65
100
488
470
222
4
28
5
4
1
28
3
2
128
31
87
3
83
1
89
5
5
6
3
18
306
165
336
18
7
3
5
2
2
2
114
115
1
1
3
149
130
6
12
1
156
487
15
198
2
52
1
473
9
13
7
2
22
1
1
115
383
1
1
1
179
1
31
2
2
11
194
16
1
282
37
1
5
5
2
54
38
1
2
1
122
3
258
292
404
20
6
64
1
17
6
263
1
87
144
2
166
1
68
173
1
1
8
7
1
6
14
134
108
8
1
83
2
24
1
6
362
2
1
6
89
100
333
1
372
3
1
52
134
41
2
54
34
354
5
7
103
105
89
17
1
219
46
53
50
3
8
20
1
181
93
4
21
1
10
11
1
4
19
1
1
7
198
8
3
188
16
8
4
15
1
69
225
123
59
32
45
168
257
37
1
262
9
1
1
134
1
1
7
39
466
3
26
14
212
40
3
15
2
1
85
140
12
2
465
1
13
57
1
334
2
3
2
129
17
3
110
93
7
7
1
120
5
37
4
2
101
4
7
60
66
369
282
1
1
31
1
88
1
488
17
1
3
8
115
1
4
392
101
3
25
4
32
2
465
21
3
363
82
1
88
2
21
3
25
33
3
27
1
23
1
2
1
74
24
3
86
5
183
108
395
325
160
31
212
15
491
169
2
233
299
3
23
205
51
6
15
55
8
5
4
39
1
1
96
7
34
4
1
191
15
1
14
2
1
7
160
215
84
18
85
193
2
1
52
5
1
45
21
1
90
7
1
7
433
183
6
1
21
1
444
10
72
15
20
1
3
15
9
1
15
198
49
1
1
81
160
3
142
8
5
16
3
2
49
244
15
37
2
1
22
17
6
1
9
16
3
1
25
8
8
169
6
1
6
1
135
29
28
1
27
109
143
6
24
1
74
332
2
281
91
15
56
10
10
350
3
6
1
16
151
13
159
6
31
1
14
91
52
321
107
14
1
206
7
2
1
329
12
14
151
5
28
45
6
1
1
2
148
110
2
230
15
37
71
115
2
37
2
77
33
6
13
78
6
26
116
347
39
1
165
7
31
14
2
254
77
8
11
384
14
1
12
241
3
279
36
6
2
30
4
99
115
30
1
34
147
16
58
271
5
11
29
28
250
1
4
96
2
337
410
1
6
1
1
1
1
29
6
26
18
8
187
16
9
6
1
3
18
1
51
40
104
19
29
119
14
9
2
2
2
471
74
49
32
9
3
2
176
3
3
5
1
21
182
2
6
116
2
150
93
2
15
422
32
22
6
6
1
2
338
275
34
197
457
9
33
12
4
6
396
3
8
28
161
1
23
18
142
1
137
12
207
359
18
418
9
10
3
1
2
42
40
62
3
3
33
388
51
23
36
5
2
1
43
46
112
49
11
303
4
36
7
154
66
114
16
1
152
1
3
353
6
2
12
2
14
15
12
143
23
351
49
1
208
12
44
24
12
87
1
3
353
79
5
29
5
1
1
50
3
211
195
34
188
19
7
4
77
9
1
264
29
19
101
297
2
8
8
28
269
89
1
4
87
74
1
1
183
4
36
22
248
3
9
1
1
3
487
313
344
268
349
1
10
1
1
275
104
7
2
7
255
75
10
6
23
34
350
14
7
2
10
19
157
1
4
378
7
15
167
4
209
17
1
1
2
150
168
17
60
2
5
160
7
7
2
161
1
444
9
9
2
1
1
3
1
147
15
37
320
62
277
8
81
5
12
37
21
9
1
5
25
138
423
2
48
15
3
47
5
7
3
47
12
189
133
183
2
45
3
6
9
4
245
192
102
1
2
2
1
1
2
84
110
101
1
221
40
75
11
344
3
58
43
1
1
19
3
3
5
15
2
12
201
202
6
7
2
130
3
1
7
246
30
8
2
361
434
22
95
65
2
101
447
291
5
206
2
3
260
16
1
4
2
1
2
12
45
70
2
2
19
495
8
30
71
3
126
2
9
2
7
53
1
8
42
167
4
52
73
1
187
163
22
1
2
1
1
22
366
17
5
191
280
38
35
6
27
11
239
297
340
58
131
1
23
269
41
38
4
2
8
7
4
272
21
231
4
1
28
1
3
1
5
1
331
8
2
1
16
19
45
462
5
6
45
7
37
6
26
1
1
412
13
71
7
83
15
18
37
3
27
50
47
8
136
140
31
3
5
6
6
11
3
56
251
2
494
9
53
44
336
3
240
1
36
5
1
1
66
1
73
1
157
13
6
2
21
76
16
1
84
30
163
307
363
74
1
1
235
2
392
208
97
44
47
13
11
1
10
179
314
1
10
88
108
49
14
5
351
6
183
4
3
29
2
135
19
427
7
13
7
243
21
41
21
12
8
23
4
1
2
13
4
7
2
3
188
125
42
325
6
25
90
19
1
7
70
1
39
122
15
28
4
359
39
38
135
10
3
235
37
15
1
1
3
346
120
1
1
21
30
34
3
338
105
1
2
50
2
171
2
22
362
10
1
395
7
10
1
242
189
1
1
4
111
35
118
27
13
3
135
33
1
90
92
127
372
1
38
340
1
1
71
1
1
1
19
35
186
1
3
109
1
16
15
20
29
30
6
16
43
1
6
185
387
70
1
235
1
1
6
2
82
1
27
225
48
44
81
114
7
3
1
1
3
1
130
334
34
10
6
1
8
25
2
1
20
83
310
1
1
15
2
95
3
187
1
23
97
2
3
3
298
4
1
11
5
62
27
4
211
147
171
7
129
4
41
20
2
154
15
1
18
23
11
249
16
417
2
376
1
1
2
11
301
2
70
55
387
292
6
235
1
343
43
1
44
8
42
6
2
1
10
30
5
3
115
1
370
110
24
4
1
177
31
30
1
49
3
118
1
12
228
30
171
5
283
1
6
14
11
56
30
468
7
9
2
2
279
1
69
2
23
15
4
2
1
44
10
194
23
43
234
5
1
1
106
5
178
317
2
59
15
268
320
19
16
5
53
4
28
39
4
1
17
339
5
3
4
1
2
88
15
289
1
11
1
1
317
30
1
2
195
4
13
49
1
399
279
40
1
2
28
2
1
7
12
6
7
142
82
16
56
1
17
9
2
6
1
5
6
215
1
1
37
419
2
2
311
4
43
2
174
1
12
13
63
1
1
1
1
165
1
88
5
1
5
1
329
386
2
7
222
5
8
56
1
336
54
9
109
1
5
136
7
14
336
60
285
2
227
2
4
160
140
1
2
17
437
147
24
68
1
1
26
47
49
3
3
127
36
1
35
4
1
1
46
3
60
4
86
1
44
73
6
14
2
261
7
1
1
1
1
341
1
23
305
6
455
11
15
17
2
49
8
270
174
4
4
31
1
1
54
1
1
19
135
1
43
81
20
1
143
2
3
19
65
7
207
210
136
20
74
1
9
54
4
26
9
65
3
177
291
4
264
66
18
179
46
1
174
9
11
11
3
1
154
32
5
185
21
7
12
1
51
10
26
4
4
5
1
218
3
19
1
42
18
241
2
4
253
47
4
1
16
1
208
16
327
5
1
10
1
53
1
350
72
181
5
1
11
6
92
48
38
2
154
109
8
53
1
55
10
6
88
214
3
73
275
79
15
87
58
19
39
10
12
88
2
1
5
1
81
102
399
7
33
46
34
78
8
164
4
29
118
2
4
12
121
7
24
101
12
11
7
34
357
111
15
12
24
139
1
41
87
11
41
1
6
1
147
19
149
9
3
241
47
1
2
15
34
34
12
35
3
222
3
6
41
4
4
46
38
2
2
18
1
9
13
1
133
104
433
160
2
9
1
109
24
21
17
132
1
147
36
1
3
296
5
21
89
131
13
177
5
1
1
10
2
39
1
53
245
1
3
6
1
5
96
2
1
2
109
37
3
276
104
15
37
8
15
70
2
14
9
73
328
102
3
1
3
1
8
2
2
127
1
3
1
215
169
24
352
6
2
3
7
168
37
47
12
1
10
7
54
21
285
41
45
301
347
133
1
1
60
15
1
484
39
4
72
215
60
26
20
7
17
17
1
20
1
6
1
151
5
212
86
1
3
46
477
3
19
328
387
9
19
53
88
269
8
6
6
9
391
9
5
1
51
1
1
20
40
339
7
1
246
2
107
166
7
357
7
4
1
11
19
3
28
8
69
282
355
5
129
6
8
9
1
231
6
2
2
61
158
2
86
1
152
382
1
3
27
98
455
30
2
484
10
2
44
8
1
490
1
4
5
1
4
11
1
7
30
1
277
3
95
15
39
2
21
13
1
58
295
490
349
29
2
6
1
143
13
2
2
3
104
266
5
20
20
1
6
3
3
1
107
83
35
64
1
1
85
1
27
91
17
272
155
55
341
7
1
1
199
267
1
36
263
5
14
25
17
133
3
2
69
28
2
2
6
50
42
2
1
145
25
212
269
3
32
50
1
1
2
3
7
1
4
1
3
344
28
8
22
370
1
257
275
47
116
49
30
285
1
2
2
1
162
3
1
2
1
56
117
32
6
10
18
22
2
2
106
1
181
68
201
13
151
27
335
3
3
55
12
9
14
3
70
32
2
313
38
62
6
1
321
341
4
42
125
157
270
193
3
3
2
1
10
409
127
44
9
120
42
1
13
104
25
26
64
5
365
34
2
5
16
28
35
9
80
8
4
53
73
2
16
2
5
1
120
173
17
77
251
61
79
9
7
1
42
29
37
4
103
16
141
376
3
5
143
12
1
1
1
1
6
124
49
7
107
49
76
1
206
1
1
96
1
6
1
4
90
13
9
2
2
2
3
1
294
350
1
1
26
140
49
6
20
1
11
4
27
4
3
17
1
7
385
1
7
3
2
31
17
1
3
42
162
228
2
12
17
15
3
3
262
19
180
253
485
37
1
133
130
308
36
6
34
113
23
2
41
26
46
1
41
1
247
9
2
2
322
12
7
20
9
73
18
19
22
72
95
16
262
221
13
5
1
1
5
118
470
1
171
105
244
35
12
22
7
65
46
1
1
153
1
98
1
106
2
403
10
414
382
9
6
29
5
216
257
7
101
1
341
1
64
78
4
30
11
10
1
10
326
53
8
1
5
1
10
3
6
137
6
2
4
8
30
21
10
1
245
1
174
15
1
89
458
1
44
12
3
215
17
24
279
1
9
9
5
413
13
170
3
298
2
1
13
16
50
125
5
45
111
15
3
3
190
281
1
105
2
12
267
7
4
11
2
5
6
65
4
12
234
2
1
77
3
92
57
102
27
406
45
176
59
11
87
5
1
2
4
2
39
4
315
10
1
3
13
4
2
10
1
3
97
5
8
61
11
51
81
1
1
10
409
14
1
3
28
1
5
479
16
13
3
43
62
4
1
1
25
1
15
23
238
8
11
13
54
3
6
1
384
16
260
3
13
5
8
3
6
4
273
1
413
20
1
4
9
1
17
3
12
1
482
10
20
1
3
318
9
33
11
7
5
2
4
3
11
5
3
8
5
6
8
1
3
266
58
13
2
7
177
14
25
5
1
48
204
51
49
65
3
9
105
226
6
50
25
17
69
90
1
5
53
14
91
306
5
1
2
409
29
59
6
1
2
30
100
329
4
162
115
1
17
208
1
2
162
2
254
1
46
157
3
2
2
109
1
39
8
5
17
2
356
33
48
13
56
235
125
3
56
17
230
56
2
142
6
2
82
334
100
1
6
3
261
3
442
9
68
1
91
6
7
44
1
48
188
6
68
25
35
38
205
421
2
345
56
72
2
12
237
9
6
201
6
112
1
7
4
2
3
8
11
10
69
61
104
230
31
39
172
2
39
21
3
13
4
73
1
75
1
2
7
1
6
342
1
4
453
25
1
41
4
1
21
261
1
1
1
42
43
6
8
7
12
1
2
1
4
7
140
2
205
4
14
39
17
12
32
2
25
461
159
1
406
54
201
3
270
55
28
5
17
100
1
181
45
11
16
4
4
1
5
16
5
7
11
6
1
342
150
1
134
6
1
1
40
5
61
4
144
65
1
195
2
10
1
168
2
15
82
2
2
41
2
83
2
163
53
57
1
110
2
5
22
10
4
16
14
2
4
6
17
1
9
37
1
477
46
145
11
93
17
2
1
99
9
142
1
39
31
187
378
20
29
4
4
6
137
5
410
193
407
69
100
1
352
16
48
217
178
59
14
212
11
315
2
2
2
20
110
7
43
191
2
7
51
22
21
92
1
2
3
1
277
1
4
88
140
479
8
5
6
32
125
3
202
2
71
1
124
226
38
95
9
2
12
38
212
1
2
213
1
449
3
2
20
2
2
32
23
286
3
2
115
7
2
57
91
111
353
4
4
27
20
2
1
2
19
76
2
1
10
207
8
470
5
281
25
2
96
10
24
1
19
267
19
38
11
294
162
1
76
20
5
235
462
11
1
1
5
215
12
112
108
3
82
1
4
13
43
78
1
5
1
215
1
2
19
11
2
1
3
1
46
1
7
266
11
1
22
116
8
21
268
132
156
155
2
357
177
10
313
2
22
1
312
271
19
4
12
361
52
6
1
25
2
4
48
432
1
251
1
3
303
65
392
444
26
252
6
43
13
1
34
241
43
123
1
138
70
2
34
1
398
4
57
44
17
384
10
1
23
170
192
11
388
52
53
108
3
4
52
258
1
46
3
3
2
1
3
7
1
37
43
444
3
2
9
2
2
12
88
175
10
214
258
7
223
63
2
1
83
41
1
26
4
3
76
147
125
156
121
2
32
5
8
130
37
106
32
2
1
1
3
6
8
1
46
191
2
1
1
264
3
17
80
1
165
2
156
1
2
481
102
14
47
285
1
1
143
16
346
377
2
18
26
1
2
61
154
5
1
22
2
2
1
9
82
326
213
264
12
33
22
1
2
34
312
15
15
6
326
68
145
1
1
37
216
398
1
3
3
17
272
68
19
319
48
2
3
10
5
4
16
38
57
318
2
15
285
2
13
265
5
44
329
163
1
47
46
59
1
163
1
29
30
15
163
285
246
117
14
61
2
194
323
97
75
27
97
487
239
102
498
1
93
1
42
5
28
9
9
1
121
5
300
6
2
282
140
322
248
12
15
1
77
367
236
1
1
237
24
248
1
109
12
11
331
15
5
2
47
2
1
15
5
3
6
73
21
5
16
142
1
2
5
24
1
1
16
24
12
27
21
17
10
2
473
1
1
152
4
115
5
189
26
3
4
2
107
1
34
404
1
39
7
4
396
14
23
4
1
1
21
21
20
37
250
62
331
23
1
1
19
347
481
85
1
16
3
74
3
5
78
394
88
7
46
17
1
257
87
2
36
14
4
8
2
16
42
4
1
5
17
3
181
49
118
142
81
4
5
8
166
23
286
360
12
2
44
1
215
2
1
41
244
1
178
13
110
1
1
259
28
53
210
5
5
22
454
66
6
135
20
226
1
1
314
1
68
107
7
37
82
484
4
10
4
15
167
1
11
150
15
98
1
1
1
5
1
11
111
10
9
7
11
6
55
447
2
463
8
4
266
47
27
2
382
98
6
6
1
2
353
27
41
1
13
372
1
330
5
232
11
87
7
67
58
5
4
172
110
49
6
1
369
1
10
322
270
354
43
3
2
81
321
117
9
211
4
327
2
32
84
140
4
242
349
5
277
1
5
1
247
3
1
1
198
2
53
1
3
3
65
1
1
183
434
122
198
3
52
14
3
40
23
11
1
1
37
125
96
11
1
15
20
85
332
46
2
35
20
9
53
185
9
21
11
88
104
16
90
119
1
43
1
4
1
2
222
1
6
468
2
12
115
34
3
1
152
6
4
1
32
6
106
19
1
2
11
99
36
1
78
17
4
83
282
38
1
67
192
7
30
1
104
6
1
260
3
465
4
373
3
46
10
340
248
409
14
2
39
5
9
141
161
88
13
167
6
94
4
28
40
3
193
9
1
4
25
2
310
12
22
8
90
1
97
1
5
286
15
89
1
81
434
72
93
3
2
2
103
9
44
24
92
3
1
9
63
2
81
17
2
1
202
4
22
334
87
463
6
22
11
24
20
34
1
102
53
18
2
2
52
91
1
42
390
58
4
6
388
11
341
65
345
10
1
1
13
152
77
35
403
188
2
1
29
1
1
4
21
248
500
8
175
32
99
152
121
1
1
461
1
3
76
9
1
56
1
192
11
488
7
1
109
2
42
1
1
1
1
74
85
6
1
148
3
2
83
32
1
74
3
1
1
44
6
2
13
14
2
47
25
366
5
53
1
8
32
17
1
93
1
10
36
10
12
2
3
9
21
283
103
3
7
27
12
1
70
15
364
2
1
201
36
8
1
273
481
82
242
5
1
66
117
2
271
7
111
2
70
1
7
4
52
295
179
15
39
3
2
6
42
5
61
80
60
165
94
5
12
120
21
18
15
495
94
141
1
128
4
90
6
17
28
5
443
42
9
14
3
13
1
29
22
137
62
1
10
9
12
30
88
342
1
4
11
1
1
20
16
1
5
103
37
41
2
12
10
165
34
122
1
2
196
41
263
3
397
103
1
29
32
37
396
32
4
248
2
1
397
1
68
6
362
351
4
350
116
81
461
87
121
56
2
326
8
3
6
347
7
4
4
1
25
41
161
4
1
1
199
171
295
2
4
2
1
1
56
4
46
95
94
105
89
90
8
1
3
1
149
482
4
1
4
3
1
41
6
3
1
8
17
1
90
21
24
2
220
1
68
1
5
153
95
2
8
3
54
6
1
1
487
85
12
19
87
20
56
5
73
321
4
76
1
4
78
1
5
43
17
111
10
33
2
1
73
52
105
313
2
1
2
47
389
155
2
12
42
2
44
1
13
7
46
163
6
63
6
1
78
3
2
2
11
27
475
111
1
74
43
1
1
2
221
2
30
26
1
7
249
2
4
11
119
85
6
64
200
37
2
1
32
2
11
1
1
77
4
160
19
22
14
366
1
6
3
63
100
91
378
30
31
91
444
8
404
469
54
138
5
59
2
14
170
2
444
1
49
7
154
19
3
8
16
5
34
5
17
6
9
107
39
107
125
1
24
1
3
22
1
1
2
3
82
16
307
14
1
3
10
30
82
36
24
1
149
53
388
149
13
482
29
233
178
1
12
16
14
1
4
1
13
89
1
126
424
145
13
1
3
309
1
50
433
48
1
5
2
70
1
1
10
291
297
76
56
83
5
343
5
273
3
209
8
3
5
1
346
68
200
1
191
96
4
1
35
1
73
57
50
8
2
7
28
7
1
54
8
6
1
224
4
1
62
257
52
7
7
4
5
48
1
5
3
8
6
88
293
325
4
1
5
199
2
29
65
80
3
292
6
35
53
426
42
424
1
29
2
8
4
1
1
3
55
2
35
79
6
48
4
2
481
1
1
1
1
429
493
1
24
229
43
52
7
34
5
109
1
211
83
1
403
50
38
295
122
342
158
4
7
35
472
27
1
158
442
13
184
6
6
227
86
172
378
31
1
8
1
1
2
112
1
1
166
4
9
25
54
43
4
101
1
171
8
3
16
4
1
1
3
1
204
8
17
121
3
38
31
2
4
264
129
290
2
10
225
2
11
1
4
11
453
1
13
19
46
1
8
25
6
9
1
4
5
6
1
9
437
1
74
18
4
184
3
8
6
202
3
32
1
4
3
9
2
2
8
145
380
4
32
437
32
1
72
1
96
110
1
14
250
4
103
3
308
2
1
8
102
290
3
23
22
14
4
112
6
25
2
478
30
5
5
12
3
56
171
331
86
4
149
320
2
100
1
17
125
31
1
3
57
290
15
2
35
43
30
4
1
129
6
15
1
246
152
1
1
14
13
1
1
56
477
9
299
232
1
54
42
6
425
13
63
287
257
27
26
27
278
1
1
6
1
1
5
6
1
426
2
18
10
26
1
218
22
7
13
1
10
1
7
113
121
317
5
10
56
1
227
202
38
10
304
6
8
96
190
21
7
12
16
1
24
181
1
50
42
25
74
19
14
322
1
14
8
432
56
4
216
2
94
148
1
136
118
1
8
1
6
1
8
1
74
52
48
1
65
198
12
4
202
7
1
3
16
38
2
4
10
14
1
398
2
353
3
1
182
410
155
121
17
274
19
245
5
29
8
1
11
1
8
2
68
10
52
1
1
1
343
34
12
4
57
3
77
10
10
2
22
106
158
4
48
8
1
23
106
144
2
51
62
3
2
4
12
4
3
123
2
4
1
21
23
29
5
6
21
3
59
114
9
2
1
87
359
5
485
264
3
19
33
17
1
1
45
2
26
56
40
247
3
69
1
4
131
10
139
152
1
74
2
28
12
235
50
1
1
54
108
23
47
4
184
318
24
4
1
17
35
35
18
1
114
171
91
32
1
421
1
34
1
2
38
39
3
91
4
14
35
1
87
1
1
19
20
39
3
1
16
19
12
9
179
7
1
8
2
4
163
4
387
110
1
371
381
243
6
2
82
1
3
106
149
382
1
5
6
6
1
2
20
2
148
6
1
5
3
16
13
7
211
26
28
1
73
7
49
321
29
47
7
201
2
1
445
8
1
14
98
133
2
3
1
220
1
111
19
2
7
1
7
9
47
6
348
1
63
1
151
16
2
2
1
63
37
2
5
375
1
18
222
1
113
15
3
2
207
2
3
65
13
15
7
47
1
19
6
3
1
20
339
1
94
56
2
3
11
68
30
43
1
1
175
39
265
5
4
28
1
9
233
282
40
7
1
4
221
98
59
84
70
7
447
2
50
300
74
24
1
4
36
1
3
439
27
1
43
4
3
26
58
49
43
492
4
17
4
1
9
3
114
131
1
119
3
1
1
30
12
119
52
41
357
4
13
39
7
54
1
2
8
373
115
40
23
185
85
63
1
5
192
458
1
50
148
42
1
172
31
13
195
9
52
56
1
2
1
33
41
2
133
39
7
16
10
62
16
226
16
7
1
2
2
430
147
4
20
2
7
40
12
264
39
113
114
5
1
414
50
5
19
7
4
55
178
471
239
12
2
27
2
125
11
67
7
74
61
5
186
211
147
5
4
119
223
1
16
149
426
89
79
92
36
2
50
1
17
2
9
6
130
271
4
1
1
2
10
3
1
67
6
2
1
197
4
54
28
10
202
110
4
7
5
9
160
1
1
34
196
5
1
274
363
25
1
316
60
17
3
6
227
178
17
88
2
2
2
1
23
1
1
1
9
110
11
225
1
27
6
71
13
251
135
7
51
320
331
22
286
30
1
278
57
12
1
2
20
16
311
65
108
104
16
1
1
183
7
9
22
9
61
66
3
273
2
379
4
64
3
86
1
82
11
1
88
286
240
1
14
392
119
16
20
33
1
3
26
3
2
81
5
433
329
41
187
170
1
2
106
1
1
5
90
273
1
39
14
1
86
1
349
339
6
23
262
2
1
220
62
28
62
246
29
11
143
11
45
2
8
6
247
6
3
310
9
3
4
1
1
1
2
2
15
19
5
12
3
149
176
469
6
212
488
381
8
14
3
3
81
104
68
15
95
325
238
6
1
246
130
477
100
294
12
166
1
16
33
12
17
52
21
1
54
4
33
7
437
95
2
55
180
1
8
120
130
7
177
46
274
2
60
40
12
5
71
7
156
1
79
3
181
101
268
257
30
1
23
105
38
3
1
102
47
312
79
18
171
4
15
52
128
47
15
4
259
21
177
91
51
10
37
1
2
378
20
4
37
2
5
45
496
5
157
1
12
12
45
21
224
26
1
1
2
2
2
22
96
67
3
27
1
7
50
2
21
5
102
133
135
3
8
78
12
2
2
304
87
5
31
221
1
1
40
1
3
486
203
279
21
125
1
6
42
6
2
4
3
21
377
1
6
168
2
4
27
14
6
2
68
50
17
1
176
1
3
161
108
3
35
1
7
2
2
147
73
70
17
27
17
21
20
14
1
45
2
18
4
442
5
7
148
491
6
3
1
1
477
29
39
65
23
3
2
22
346
115
387
6
263
18
12
9
33
268
54
167
114
210
11
103
24
118
1
8
310
21
4
1
2
4
1
257
5
3
2
91
130
3
1
1
117
4
24
1
3
5
6
28
1
176
2
3
1
243
12
2
21
3
12
17
31
44
215
337
11
424
2
86
7
30
5
109
16
2
358
298
6
9
1
69
1
7
2
83
32
17
197
39
201
55
366
77
35
6
1
12
3
164
189
365
25
36
4
25
401
367
82
1
11
10
1
25
16
3
234
2
121
24
37
35
1
8
41
31
9
15
8
1
1
21
176
3
75
60
53
12
7
5
8
1
210
30
1
320
104
3
1
13
9
2
15
2
4
42
288
2
5
21
5
51
3
424
3
173
314
1
32
13
2
28
4
36
6
2
150
144
1
15
5
1
85
21
8
85
64
47
41
207
340
155
47
23
1
5
3
3
493
6
8
1
4
46
1
421
237
51
1
31
1
1
6
5
145
131
14
432
20
39
2
26
277
166
72
93
38
2
378
6
394
35
28
107
4
3
88
78
2
46
8
28
1
75
103
4
151
2
13
150
3
8
1
346
168
4
11
1
2
56
209
1
4
1
26
53
2
4
60
4
96
278
7
8
6
29
81
1
263
98
47
186
110
20
1
15
111
1
41
17
2
4
421
116
72
1
15
54
24
78
87
282
1
437
3
2
1
27
1
127
1
33
419
3
16
16
35
65
30
3
4
6
1
9
31
281
2
1
48
18
10
80
468
1
27
313
140
103
7
27
1
62
9
5
23
26
406
30
172
10
15
122
335
5
1
27
1
2
2
60
328
2
35
7
1
3
3
133
27
31
372
14
30
24
107
32
5
35
11
2
49
2
491
1
32
9
32
4
189
68
143
3
91
2
53
7
14
3
2
2
85
27
75
198
116
33
271
435
114
3
60
25
69
217
3
7
212
2
89
4
40
50
4
75
23
2
362
102
6
42
58
27
1
12
1
1
90
12
1
129
5
121
1
173
16
16
1
1
263
41
1
7
1
1
9
54
4
4
446
1
1
4
117
15
123
417
2
178
17
436
16
10
30
6
430
4
1
166
2
1
10
27
475
13
1
22
1
1
2
15
9
8
4
1
1
21
24
2
5
360
102
6
1
2
477
440
6
4
32
1
154
1
1
92
10
168
1
2
7
2
2
1
2
4
52
91
1
50
45
1
1
394
21
363
200
3
19
1
5
1
9
48
63
1
2
20
251
1
3
23
11
249
128
19
9
188
298
8
2
271
13
2
1
1
3
49
173
2
495
2
2
1
159
35
40
85
144
1
1
77
54
113
2
1
41
95
10
4
203
336
7
3
31
42
1
52
2
18
23
81
332
5
49
7
30
1
2
459
3
32
1
3
27
393
2
40
185
465
32
1
284
1
368
78
431
313
1
4
351
1
134
67
308
2
261
170
2
1
44
196
1
2
122
359
59
14
6
1
348
27
9
2
183
275
21
75
2
2
116
204
53
345
11
180
39
32
23
57
159
5
7
284
9
64
126
24
247
1
292
9
104
6
70
9
42
1
56
9
28
1
2
271
3
38
52
50
3
65
407
106
1
42
1
24
24
8
7
90
10
3
3
369
90
6
126
100
2
59
3
2
12
1
1
408
77
7
220
16
2
3
319
57
15
10
29
15
8
9
126
18
6
5
14
475
307
222
2
1
2
4
60
3
7
5
12
3
3
18
68
10
12
1
23
9
61
255
2
3
40
1
51
23
345
7
10
1
2
4
28
56
249
38
50
205
189
42
3
59
313
3
1
14
144
6
2
9
55
291
160
1
34
1
25
36
73
18
179
23
79
7
2
45
1
6
10
7
245
28
52
21
1
2
53
158
1
321
2
75
27
3
1
6
5
386
1
15
303
32
1
4
418
180
4
36
240
2
472
7
18
3
1
313
1
5
11
23
1
1
1
56
11
1
106
84
186
15
44
60
20
12
406
24
57
1
72
318
58
1
13
5
29
5
12
88
219
149
1
156
16
5
1
54
51
3
4
1
1
2
100
377
54
12
10
143
50
12
142
1
36
1
323
1
146
21
332
469
464
216
4
29
3
5
35
12
3
8
49
275
14
45
26
19
2
302
21
80
1
76
1
26
4
16
27
24
7
8
51
7
1
4
9
324
138
80
2
4
374
3
2
47
7
57
1
2
2
58
400
30
51
52
386
8
6
9
188
64
297
395
2
6
32
6
25
28
2
3
4
482
1
7
378
24
20
166
1
2
40
73
4
475
3
106
9
248
60
3
250
1
22
2
3
40
60
2
10
192
1
273
1
80
6
1
242
248
360
30
34
144
100
1
16
298
6
5
11
1
7
24
5
3
3
406
151
95
15
102
1
13
67
83
1
4
1
4
4
2
1
4
37
3
181
23
15
181
21
187
25
1
5
194
32
22
37
345
2
119
3
78
53
2
1
10
72
2
3
4
56
68
234
32
6
3
1
2
149
49
3
50
260
485
2
12
53
231
474
67
9
35
1
6
1
1
66
54
107
1
7
1
1
13
4
119
168
10
2
31
109
1
10
12
67
18
95
293
1
4
2
182
51
351
89
1
2
92
10
235
194
1
1
239
16
11
50
1
12
217
5
333
28
125
89
327
10
13
1
7
176
372
204
138
304
23
128
16
4
176
1
9
11
36
13
94
84
1
62
215
3
1
68
1
496
32
7
433
2
3
357
10
140
3
1
286
1
170
3
12
1
320
2
9
17
3
376
72
6
13
11
2
93
110
16
125
110
2
4
2
85
82
11
1
1
3
19
1
174
10
5
7
2
12
2
51
27
466
2
6
1
27
9
2
39
155
2
25
23
1
7
385
10
38
1
467
410
2
28
328
45
1
22
19
21
50
9
104
30
137
13
104
4
9
185
33
50
4
112
24
30
2
127
4
19
8
10
145
484
114
2
17
2
11
414
6
62
1
19
424
51
335
127
2
1
22
17
2
9
70
59
6
13
40
2
2
16
250
67
43
6
3
53
167
350
8
7
2
9
1
20
20
134
185
3
112
18
3
12
45
95
3
1
42
200
6
1
55
24
3
243
28
16
16
12
112
1
70
214
27
46
1
35
107
5
412
12
29
3
26
2
4
41
52
2
498
27
28
142
229
25
9
2
10
12
33
10
52
8
8
224
1
43
93
103
26
8
9
46
1
3
76
233
327
4
8
25
1
4
7
7
112
1
4
1
59
2
238
9
303
131
28
17
5
8
1
9
27
10
1
9
285
47
1
4
1
6
194
206
417
7
132
2
2
145
3
41
33
1
349
11
73
124
15
350
23
161
1
2
166
1
33
1
324
3
1
4
26
7
327
253
142
446
1
7
2
1
3
7
73
178
269
1
1
2
326
203
17
470
2
122
20
2
492
1
3
433
392
6
10
87
1
3
2
19
2
12
9
3
3
92
47
52
5
64
78
6
1
9
26
173
107
2
1
27
320
331
45
201
1
6
8
10
2
1
25
383
54
191
5
3
60
1
30
11
52
2
1
220
195
1
24
22
1
6
2
70
21
5
34
14
7
15
3
90
1
61
3
108
1
85
150
16
10
12
14
459
58
123
206
1
14
34
211
31
2
3
1
3
278
363
8
21
186
39
34
288
23
17
5
1
1
5
3
2
20
2
15
2
1
1
15
69
261
1
3
31
155
201
2
13
18
29
1
10
7
3
3
6
127
1
124
1
9
40
7
2
346
139
437
462
7
481
379
15
40
6
89
70
128
276
436
180
4
3
143
9
26
2
371
5
1
4
9
1
13
2
7
247
1
10
22
4
1
70
10
16
4
2
1
25
1
173
5
472
2
18
31
2
84
20
5
11
5
5
1
138
276
1
1
119
3
1
112
146
1
421
1
23
3
6
2
1
4
19
12
4
1
98
4
25
2
334
12
1
217
37
83
280
420
1
19
51
18
2
2
90
1
483
40
59
7
3
184
2
5
1
123
1
168
2
91
20
11
2
1
3
393
58
18
31
2
304
311
188
44
1
290
6
9
4
14
3
5
4
99
137
45
301
1
1
318
11
397
6
4
1
314
2
118
4
34
120
359
144
1
75
1
45
9
1
495
3
73
3
8
1
339
2
21
19
4
2
1
1
5
54
43
5
5
4
9
12
3
61
1
105
276
1
73
198
497
5
1
12
2
5
14
10
7
6
3
1
194
104
163
16
3
95
5
301
17
7
214
11
58
10
4
1
1
1
10
6
10
2
143
18
14
97
144
1
1
13
165
28
382
31
1
89
1
322
5
3
158
1
3
37
22
62
1
10
358
4
82
408
8
232
447
4
55
60
1
4
3
10
23
33
1
445
37
218
42
103
18
1
6
9
102
21
1
4
1
5
17
12
2
5
51
16
337
77
46
72
1
92
8
71
2
307
1
19
7
2
3
1
1
23
11
105
7
5
3
36
205
99
3
176
166
398
315
41
11
157
1
1
4
371
17
73
1
11
1
68
1
2
1
2
2
1
18
24
35
11
10
9
64
491
143
6
3
180
349
13
6
1
69
451
4
27
34
1
48
398
1
7
363
2
38
20
6
7
12
275
190
3
421
22
422
1
9
23
5
1
1
1
9
12
1
1
1
3
42
1
5
6
173
163
1
2
2
104
27
2
231
20
406
4
44
350
19
29
32
11
7
3
133
29
6
11
82
28
31
294
453
2
8
112
1
179
70
1
345
7
151
4
1
19
51
172
248
3
16
3
51
2
101
207
31
138
84
1
161
1
10
229
21
1
46
2
18
65
5
354
24
90
40
3
480
2
13
28
196
1
223
38
8
4
56
199
17
1
222
1
2
45
424
12
136
286
24
3
13
90
4
301
16
468
237
69
1
3
255
210
2
134
18
236
1
74
44
14
28
122
13
21
21
18
2
1
3
242
87
5
114
430
61
359
7
379
34
1
176
297
6
5
61
80
2
20
198
91
1
12
86
408
134
2
464
225
1
16
151
8
43
110
1
36
14
219
68
35
81
11
12
25
6
9
16
53
4
8
312
1
479
290
10
10
1
1
87
14
1
361
33
14
349
26
108
4
153
58
1
46
100
55
234
115
57
2
30
6
10
5
243
483
74
2
1
14
14
10
172
1
9
1
50
204
1
358
251
7
1
21
231
3
1
12
16
4
1
71
4
4
5
161
152
2
441
3
281
3
2
12
302
314
2
306
102
3
1
258
4
3
105
8
148
63
5
2
2
1
25
5
32
16
3
147
458
84
4
23
1
20
3
2
218
5
37
32
9
3
113
20
9
24
8
270
445
46
324
1
37
35
101
5
38
2
14
100
10
1
155
1
1
16
131
465
1
1
3
9
1
2
1
150
43
1
5
1
4
3
78
263
1
21
2
185
55
8
256
132
14
2
5
47
1
175
56
134
86
456
466
194
3
45
259
391
6
1
14
279
181
1
30
3
1
24
1
3
2
2
166
4
82
4
208
3
42
1
25
3
261
41
2
392
2
493
196
12
6
10
2
3
62
198
1
82
27
98
103
54
90
346
19
1
8
4
1
7
2
15
1
109
1
1
183
216
14
51
4
1
1
3
22
330
94
6
11
43
1
2
2
4
111
1
3
15
1
7
3
14
1
1
1
11
309
38
2
2
16
6
10
2
117
53
38
4
12
49
26
2
1
6
4
4
34
1
81
26
7
476
36
48
4
89
27
19
227
20
1
9
28
9
3
453
2
2
237
145
9
3
25
138
3
238
2
84
25
8
11
13
14
251
6
2
73
14
26
1
1
179
32
1
2
40
26
4
10
87
36
53
16
312
109
44
189
70
1
9
2
10
2
24
86
2
267
4
1
45
5
6
16
3
199
67
5
1
10
82
6
3
27
405
2
19
1
77
2
144
1
155
5
103
1
107
183
13
247
6
7
11
239
8
11
326
1
58
3
218
5
237
130
2
1
18
4
1
31
1
7
176
37
1
10
15
1
41
30
71
2
1
42
12
28
12
2
16
36
2
1
18
44
23
1
66
186
50
74
63
42
62
57
177
2
1
416
6
5
38
40
155
234
2
134
5
22
177
104
1
5
217
9
2
44
32
247
3
23
1
4
180
4
10
74
197
10
86
2
321
2
78
1
27
2
2
152
36
1
135
1
2
4
17
10
2
1
9
7
1
49
2
30
4
16
1
4
20
2
25
18
1
172
36
9
1
323
41
8
3
1
245
6
1
69
123
2
8
431
9
68
22
3
15
3
8
3
94
386
42
74
1
2
7
384
21
15
4
91
8
5
3
99
1
234
60
2
3
294
108
45
17
29
15
1
1
355
2
38
42
194
5
17
75
3
1
6
60
3
73
346
3
96
185
314
478
56
70
129
229
26
15
23
435
292
83
3
250
218
44
191
77
319
250
3
117
11
42
159
37
98
261
2
8
390
12
111
6
1
23
135
112
77
6
43
2
116
103
22
50
9
89
1
84
126
3
54
41
1
2
23
2
121
4
25
7
3
8
46
19
3
25
2
1
5
10
264
9
89
106
425
12
11
1
1
12
11
42
4
427
89
2
171
1
106
1
4
135
2
4
21
160
13
85
3
13
5
268
2
1
5
182
221
9
1
2
2
49
48
17
140
157
70
166
3
3
107
123
1
12
2
4
25
291
1
17
63
66
3
1
31
3
101
17
3
1
4
54
200
53
243
1
275
1
463
16
16
221
13
476
4
82
2
1
109
87
1
159
1
2
1
58
489
5
1
11
80
2
36
118
1
3
44
27
39
131
4
256
14
5
19
1
11
198
148
14
2
259
84
1
1
417
5
226
7
7
91
39
100
1
37
257
6
169
38
299
20
23
404
1
28
5
290
68
1
487
92
6
19
397
116
49
25
99
15
2
48
101
339
2
21
23
14
2
141
435
146
9
4
18
179
47
327
23
54
1
4
9
1
230
17
351
1
2
23
9
68
97
1
2
2
82
128
106
5
4
2
37
3
5
21
483
22
1
127
4
12
18
7
317
8
87
12
130
372
20
7
346
235
447
50
1
4
23
2
166
426
156
1
7
93
177
20
270
203
8
1
177
69
8
54
2
295
142
72
1
9
1
4
405
8
2
2
1
9
175
2
3
1
1
298
158
1
20
75
77
86
11
7
7
55
1
148
138
1
1
63
15
38
207
2
101
100
1
28
75
6
170
112
13
1
6
43
130
1
68
42
1
82
9
1
1
7
93
47
5
44
4
20
1
40
166
2
2
17
74
41
1
151
18
1
50
17
479
77
2
83
19
322
98
2
1
107
2
1
324
22
21
29
139
2
4
387
230
155
105
1
33
44
24
75
102
267
358
153
6
43
61
4
3
117
42
25
12
162
250
160
1
285
489
5
95
6
6
1
48
59
94
3
44
63
15
26
15
29
14
16
4
9
71
1
95
8
1
26
1
58
72
2
40
23
96
1
63
35
79
121
9
1
139
11
91
8
1
415
4
7
6
13
483
77
16
203
1
2
445
219
9
13
13
6
70
1
323
1
429
140
1
180
1
374
4
239
31
1
401
99
338
5
4
179
5
1
441
90
25
1
5
1
165
10
4
16
4
1
173
118
189
183
160
6
1
6
50
115
1
2
11
122
1
20
3
42
2
2
106
256
2
21
11
4
1
14
2
27
102
372
11
1
283
7
4
3
332
4
16
32
4
5
8
198
2
12
2
1
176
1
6
472
27
1
2
35
32
4
15
3
1
1
380
338
5
411
17
200
3
7
53
16
4
115
13
49
3
57
111
1
335
2
14
93
193
98
65
7
1
7
451
179
61
1
91
55
5
23
1
24
254
20
1
249
5
1
25
105
27
26
388
4
438
89
76
1
4
72
397
156
357
7
1
3
102
6
2
6
39
11
24
1
1
474
87
2
1
1
27
10
1
6
94
49
79
2
124
169
271
6
2
5
14
71
43
19
73
15
1
120
36
43
15
13
29
21
1
1
27
126
1
43
35
17
17
8
3
494
9
3
11
139
17
15
20
61
3
1
2
5
52
95
416
366
7
96
11
2
289
3
1
40
32
126
1
14
170
1
8
229
2
5
312
9
2
183
378
1
63
374
176
1
10
6
1
109
161
2
1
36
9
1
2
1
1
313
3
63
19
18
8
1
189
3
1
298
47
5
1
62
26
148
10
18
49
1
6
5
2
4
8
110
1
63
2
1
118
11
190
2
4
1
2
9
158
1
19
122
126
18
1
36
4
182
2
12
66
10
1
12
2
161
3
25
3
8
72
36
4
1
2
15
121
3
22
3
9
1
3
1
1
54
11
42
271
6
67
6
22
7
1
60
492
409
374
207
15
60
3
15
31
52
95
7
50
40
197
56
5
15
231
1
54
195
2
2
250
251
1
1
25
275
8
209
13
2
2
1
218
19
1
3
48
1
2
438
46
261
16
4
32
1
2
3
1
8
28
10
205
182
25
1
3
1
269
1
13
263
61
227
262
96
8
6
34
1
2
14
9
10
85
1
5
57
79
219
202
256
34
1
66
1
26
1
110
14
5
104
6
1
63
8
15
14
3
1
18
125
1
77
52
220
1
202
227
143
62
209
8
155
7
399
3
59
2
10
1
54
8
247
117
3
3
455
1
24
9
4
34
2
106
2
79
1
2
42
375
106
4
118
25
1
421
77
2
4
1
76
3
2
3
420
2
142
2
445
1
31
1
24
33
4
3
20
1
4
2
30
20
56
1
20
123
17
30
156
3
281
1
54
54
23
485
479
27
449
21
1
118
4
1
5
244
13
1
1
73
2
1
195
3
4
3
185
361
4
10
3
9
3
53
92
10
21
6
183
6
1
15
136
1
17
5
101
2
34
172
1
4
1
71
14
3
18
1
57
120
5
20
441
5
170
154
7
403
18
8
94
321
77
9
5
3
317
398
69
205
2
6
25
86
86
28
124
120
13
43
148
9
163
1
4
1
73
22
59
9
1
7
28
16
339
14
95
316
7
1
1
29
23
2
105
217
102
193
4
21
315
1
67
478
1
54
1
109
127
90
13
3
47
165
33
1
48
5
90
23
57
1
1
22
1
66
2
7
6
1
5
24
3
440
59
2
54
7
3
5
171
29
5
325
15
13
1
6
1
465
13
42
267
74
34
1
1
5
6
156
15
2
2
8
1
219
1
3
2
81
1
2
4
3
5
1
65
1
4
19
3
5
18
18
393
1
159
13
229
165
4
44
220
16
1
7
44
279
105
160
23
78
240
4
62
91
126
62
233
159
18
2
11
2
125
477
53
51
4
46
26
102
341
79
12
40
127
112
23
182
1
3
52
91
223
103
31
105
1
3
2
10
7
341
442
92
20
2
1
21
11
404
24
248
25
8
5
17
50
7
93
308
74
75
267
121
7
1
147
7
441
46
148
81
2
1
25
200
97
27
99
3
106
152
2
448
1
56
1
276
469
2
20
13
16
187
3
2
23
31
1
43
7
1
1
205
14
2
17
3
17
16
36
225
1
62
1
4
31
6
2
1
1
1
1
307
2
5
14
478
1
12
1
2
39
4
280
1
362
333
251
9
114
7
45
2
3
366
6
198
15
2
29
4
1
8
143
5
455
11
326
266
60
15
8
1
2
1
116
2
26
36
6
420
140
2
12
1
14
1
65
1
93
47
5
232
204
52
12
1
150
4
3
1
14
1
2
33
132
7
3
36
21
420
157
27
7
49
23
118
75
1
6
1
24
11
8
152
3
101
492
38
5
70
411
38
6
132
12
2
272
109
126
39
5
1
1
1
402
17
128
7
466
24
1
76
2
158
27
1
2
4
109
3
497
51
36
1
7
4
162
161
67
3
1
233
3
111
36
10
4
80
3
27
231
1
229
34
18
3
188
8
384
358
2
135
40
1
425
1
83
6
202
1
1
6
499
483
6
14
89
3
14
22
5
8
2
1
1
223
7
3
4
41
425
1
1
55
31
98
10
2
135
2
173
1
23
41
1
34
76
106
390
1
1
1
4
2
2
302
9
1
1
3
15
8
8
174
1
140
1
1
15
42
1
12
5
233
5
2
13
16
5
30
16
109
12
2
14
15
1
6
3
119
31
4
420
1
84
9
32
24
3
146
1
1
9
29
78
4
1
1
32
395
7
8
9
17
5
8
60
1
1
28
10
42
1
4
199
146
385
4
5
332
221
279
97
200
180
50
287
4
1
33
4
89
91
74
3
24
4
4
1
87
102
26
1
1
18
1
1
265
6
1
332
484
34
2
44
240
33
10
21
109
1
13
2
201
1
8
8
193
81
8
42
192
148
1
2
167
13
7
1
11
80
10
2
19
3
1
95
5
212
1
1
5
3
8
148
10
5
228
154
2
1
157
420
1
3
147
12
19
117
93
19
58
169
250
197
8
55
34
1
7
46
1
2
98
13
134
14
1
38
476
1
1
254
74
4
399
458
52
11
283
55
10
5
27
113
46
6
144
15
2
13
306
42
139
3
58
108
16
288
7
1
5
1
11
154
306
84
2
2
5
54
30
224
9
162
20
37
25
373
65
76
6
1
13
2
1
28
5
247
21
220
1
1
46
8
9
16
2
135
26
31
37
84
175
169
499
29
1
78
153
158
150
136
5
107
78
91
9
73
60
6
259
6
3
25
3
1
14
3
321
10
1
3
1
44
62
10
11
2
416
3
1
81
2
423
265
51
28
23
97
21
3
477
16
8
1
19
10
75
21
21
97
70
28
490
3
93
20
393
98
74
3
41
37
175
2
3
105
1
235
13
479
180
239
197
47
64
2
7
5
1
69
30
1
5
81
1
2
1
5
1
42
18
23
165
409
30
77
45
2
8
7
191
499
1
4
66
9
157
6
167
291
114
18
11
8
108
32
28
451
1
74
2
59
198
49
492
56
2
1
1
6
7
83
107
10
1
13
17
102
3
187
25
33
22
219
3
38
60
60
13
318
10
254
1
3
9
88
3
1
13
6
2
448
359
2
46
1
40
1
1
20
261
2
115
30
8
65
16
1
216
14
169
2
43
7
2
389
195
1
11
77
101
7
48
6
16
2
100
441
2
20
83
337
58
322
2
257
1
327
1
13
261
95
2
11
6
3
5
1
344
386
4
3
13
35
80
20
381
104
19
52
10
2
3
10
47
2
22
379
5
4
251
14
303
375
79
378
9
8
28
67
102
11
25
5
28
10
32
3
161
326
207
30
28
3
2
100
1
55
467
22
7
1
73
6
3
219
1
2
1
32
421
48
11
77
75
108
25
27
32
35
14
1
1
35
1
2
6
3
1
108
14
26
11
2
34
8
1
4
446
101
435
4
2
1
1
381
8
6
50
218
301
179
7
3
12
14
5
1
140
134
320
9
7
1
6
12
24
25
2
6
7
12
72
472
8
463
4
30
142
64
141
1
1
1
19
25
17
418
1
3
134
22
489
8
82
8
304
3
19
9
236
3
49
53
10
52
6
1
4
1
2
12
2
2
27
249
6
73
2
3
12
1
22
8
1
109
45
12
1
78
14
24
20
1
400
178
295
7
135
5
315
117
2
1
1
108
6
315
154
2
33
18
1
43
24
316
10
5
