2298
545
122
3
8
1345
243
1634
24
27
601
389
98
270
128
378
116
2071
9
670
912
895
17
44
477
1492
499
22
1330
16
8
2116
1
2150
1034
362
5
2415
17
101
492
95
948
12
21
155
53
21
103
1023
221
26
2078
19
784
22
228
658
194
124
26
23
474
1071
417
414
45
109
36
79
163
1009
1415
11
90
1114
719
81
690
243
105
330
2267
2201
2310
2
32
403
1923
616
429
417
103
1592
1
66
251
1313
87
2128
1620
79
12
1832
1983
14
30
207
973
714
1734
72
3
1946
168
1655
29
328
14
648
7
2284
1383
1871
3
17
23
260
537
100
244
493
1193
47
352
11
905
1566
1099
2053
3
1090
2129
137
21
8
1588
1011
53
1721
1210
486
7
320
4
3
1671
708
6
953
173
1
122
19
280
1038
71
293
648
1421
69
17
1816
22
928
41
1748
383
153
19
2376
5
667
1
74
368
865
159
8
1006
927
3
1
123
608
313
10
9
151
57
84
17
244
391
862
1838
181
6
1077
1288
645
1334
322
67
1109
3
1966
63
1884
327
44
1810
2391
860
355
344
408
66
270
654
51
3
940
829
717
2274
279
53
236
348
1172
254
3
1447
1
1266
2297
1041
2304
2352
1947
44
25
281
142
575
217
21
14
769
35
9
1
1474
7
9
375
24
71
8
665
728
714
83
27
213
6
2
1348
404
248
78
63
392
87
1794
32
64
37
6
9
173
80
2
1440
487
2064
107
2407
2180
56
3
27
265
66
4
133
294
116
193
1160
69
1
785
2
226
136
16
1
610
1149
157
450
722
1053
884
1040
96
983
541
65
114
1108
1224
134
43
3
1
1
759
38
1254
238
997
209
316
156
263
812
24
109
301
425
390
108
69
65
25
2489
660
410
399
964
16
1128
169
110
1
1805
4
130
45
266
313
3
8
54
1599
1112
1351
1015
22
967
1359
50
2463
973
1
12
1412
25
409
1996
61
1216
23
131
1055
78
418
1
97
29
153
105
1229
232
277
27
589
17
1737
163
588
240
120
31
238
2
836
1229
1154
700
1494
43
103
1115
218
2
366
76
790
1631
640
9
28
1763
1
495
251
7
286
75
778
173
1539
2
1121
52
129
41
981
72
887
1
79
437
742
343
27
291
96
177
256
125
10
92
154
6
877
98
274
2477
890
2308
1377
245
153
1980
87
40
2284
2091
972
91
84
2101
727
1
123
685
1689
59
2045
850
86
28
427
257
1
1
332
12
1249
8
62
687
517
40
44
19
1
1
450
22
4
59
4
1
1093
1053
272
2418
80
1918
2370
2454
1066
1
546
221
201
331
1
1300
118
78
1643
109
5
1556
49
1058
29
9
81
361
989
3
56
339
932
1
99
1147
12
2
688
1546
178
2197
15
16
41
535
1047
274
24
743
1
99
1888
527
118
144
412
6
420
372
727
909
416
1425
2194
1576
68
246
18
753
4
211
240
1179
34
7
129
7
1
2184
87
48
8
1236
58
1
19
1688
20
590
237
1300
626
62
1163
14
665
1935
481
198
69
52
1535
109
790
619
1065
701
1
12
1690
1387
1058
135
1714
8
300
6
7
2292
55
68
189
71
2
2
11
301
1114
98
22
1534
1516
1995
3
1
674
1587
3
1593
2497
75
268
16
83
1
392
934
80
56
202
1
1689
571
39
73
56
403
767
2139
255
74
498
161
115
364
2429
25
2
2233
77
2
433
952
494
1357
223
1573
2366
1953
2087
168
217
19
1609
24
162
1553
1972
1
59
1189
10
691
123
236
69
1670
2182
26
564
12
126
1
14
29
522
255
831
2109
220
2127
86
3
936
1638
1116
240
2418
2296
2186
54
280
89
266
28
1459
44
14
375
988
7
26
1238
60
62
1
2006
7
262
1
1
257
730
331
517
1
45
1926
34
27
1051
94
1781
27
1105
73
139
57
1461
28
1311
10
585
1
1879
64
21
9
2187
14
756
26
5
1335
558
868
92
116
3
208
75
2227
4
1455
48
15
182
10
1137
17
522
461
10
209
91
1480
300
16
505
8
499
1380
1309
739
11
173
615
71
501
718
108
8
1690
1648
44
1
1778
27
376
32
34
1609
230
317
35
56
2262
790
1100
182
256
1323
42
1104
30
12
144
67
15
74
447
159
36
3
1305
1
101
2239
13
792
38
471
773
369
348
30
28
6
1060
4
490
1420
549
12
8
16
154
118
583
1914
3
51
879
1
20
1662
290
162
388
6
61
24
7
2162
1
92
1720
1625
435
149
673
33
677
106
66
5
902
1
981
2243
50
119
67
191
17
1264
50
328
2
797
2286
1576
2011
2
1486
296
318
862
634
2431
126
1303
1574
37
4
23
814
2309
16
186
374
202
4
2154
746
169
1613
17
9
21
579
87
59
168
1
1
17
13
364
363
134
253
1302
3
651
712
191
189
1064
430
34
37
35
460
170
101
45
7
709
3
2
31
1
1281
314
496
7
257
1
240
8
1000
1078
7
456
1525
1203
3
279
2163
814
1098
478
2230
412
804
496
752
294
48
80
455
4
1764
1582
589
36
559
23
31
29
22
179
868
9
1581
88
73
5
75
198
41
929
7
96
7
17
1260
381
1267
118
935
8
5
70
26
197
310
533
223
467
237
205
20
1034
9
2
251
168
846
1840
5
68
169
182
203
2
687
1150
871
448
2006
715
556
2099
285
225
1
8
1573
845
1265
24
574
661
2017
1
631
2
517
261
944
4
816
45
2449
9
2167
37
2246
463
7
1016
68
412
1
6
6
27
1759
54
9
382
190
387
28
1849
489
43
15
2423
4
1659
22
26
1658
108
2226
2
416
894
31
117
2
328
18
1
754
155
138
2197
24
2082
336
1791
27
6
2285
21
28
35
572
23
1679
91
7
327
10
33
809
4
2138
772
4
753
480
2
4
566
2
557
4
959
478
106
1724
98
35
27
19
1653
28
41
98
2407
1212
80
27
1
1
1
1
122
1889
121
589
1
46
9
2
304
39
336
551
379
1311
655
70
293
10
1
1011
182
181
83
460
10
8
143
1336
149
51
1624
11
48
1626
169
21
2441
203
10
357
62
6
148
320
35
87
358
21
1
2081
1230
26
2
12
707
857
3
114
111
653
2373
175
2157
33
37
2
2
53
368
482
1888
560
1676
981
3
8
1025
170
1253
1121
1384
13
32
104
140
222
11
96
202
198
23
1259
13
2
294
20
821
2370
83
287
1301
640
9
1867
2346
841
108
958
456
138
1
76
1067
115
2
3
32
480
48
1180
24
17
7
652
142
2469
308
18
145
21
201
254
312
121
885
559
2317
1277
532
922
470
75
1186
1262
80
195
1423
140
72
18
90
249
129
228
1605
281
2234
32
521
518
585
1442
343
1691
43
28
795
338
1407
485
9
134
33
836
2082
134
1
527
807
1555
592
4
70
929
29
845
1691
69
1
2057
272
328
209
688
244
131
634
1
282
520
4
1325
185
9
701
1060
40
19
277
200
380
36
648
2366
219
3
652
1911
68
13
229
479
598
4
26
586
2179
36
25
913
27
28
1870
667
16
2295
516
129
62
2114
1209
54
1
198
450
1261
97
169
3
1200
81
282
23
88
2171
316
892
2000
64
2
733
626
4
737
2188
1369
4
2469
101
2202
1357
1274
1566
1956
912
23
63
9
442
690
23
123
111
382
1
10
2111
1376
816
27
574
134
464
18
2093
66
977
718
1923
78
433
1297
115
146
1600
12
114
1324
2250
713
1346
1485
3
1
451
703
2274
1047
753
1051
682
899
1097
1152
1786
1795
370
7
24
2049
2358
9
164
154
272
449
1193
47
6
2447
1039
1787
476
2036
21
1905
47
207
585
612
418
17
28
813
313
1130
3
193
29
49
1
192
136
7
1050
1038
1
52
2006
1957
2492
196
719
236
68
95
256
130
179
1
4
860
1203
1017
1637
2039
570
1751
11
2213
213
377
1935
224
388
520
6
167
9
121
112
300
1357
45
487
1952
698
46
457
9
197
3
333
1235
365
626
5
43
1098
22
59
930
2402
108
61
818
287
1
85
2
6
639
2
41
5
46
28
32
65
28
333
739
1285
2096
29
44
1
32
2
413
48
5
1231
5
1081
228
2102
47
41
125
412
489
57
179
2
58
1770
99
536
629
479
33
112
1011
2210
1902
65
85
786
7
2406
2171
6
781
688
512
6
192
112
1795
322
17
663
1627
834
1763
12
286
28
690
16
153
238
797
1
613
2420
337
722
131
913
113
2384
399
1
9
3
644
1331
2069
711
160
4
332
503
1888
872
1156
8
24
71
551
10
21
35
2205
3
1714
86
40
1349
1654
562
2
1121
753
1407
272
62
349
384
2476
1706
466
1471
3
104
48
179
198
1469
1622
3
247
1434
263
438
2299
1136
17
446
292
2
202
10
1551
34
215
1623
522
1529
5
33
1
189
237
58
2147
7
136
526
772
357
3
625
566
1018
1006
3
5
34
434
78
2093
101
1171
257
301
648
788
975
2
557
137
1
78
57
904
213
12
1864
432
84
23
462
3
1595
929
82
3
1017
1
185
466
7
2070
3
2
22
1692
38
172
2041
1496
281
18
2200
716
441
307
120
2402
1357
1613
972
1130
19
339
1
29
1269
232
1149
1493
132
1
435
804
1796
21
33
117
138
1064
2308
858
155
148
288
813
1546
3
49
7
8
579
107
253
246
1124
2479
292
25
186
2021
5
506
904
2083
2
1244
217
6
1
299
581
579
33
482
998
665
139
51
2
2413
647
2
501
1994
393
108
3
119
75
1409
100
161
842
501
1483
16
69
21
1
1846
157
1912
8
113
5
627
205
594
39
1482
853
111
602
5
2376
1279
10
313
798
295
675
158
906
1045
748
30
743
504
1429
2342
206
8
1
1392
1668
34
34
757
49
1373
1
16
132
5
1399
2413
181
33
143
86
200
1601
17
1560
1535
116
458
1
523
247
1060
7
4
161
982
4
19
13
437
45
38
57
218
1867
35
1719
1705
365
59
30
3
4
242
407
14
3
836
107
240
8
4
1704
1654
2208
12
636
178
1122
623
1
57
107
365
708
3
3
1030
1
1262
45
155
47
52
257
900
113
2
774
34
38
323
2171
1618
487
55
903
596
11
2
560
909
1312
675
449
193
151
1513
43
40
60
1757
1743
440
1673
1870
924
639
2437
117
1133
1
2041
104
10
1563
411
98
179
229
1848
203
2016
55
677
3
5
68
985
8
1634
7
2
410
616
1
83
977
1274
12
34
6
249
2
78
320
6
721
53
1888
1392
524
3
1628
1532
8
525
1744
768
881
14
1347
2301
1
1520
1
66
190
522
713
296
554
155
16
33
1924
278
138
9
84
1223
2094
2340
68
1
1
12
445
16
44
160
327
188
17
2482
1394
209
545
857
338
499
63
466
1510
7
2093
543
46
851
46
1
299
1118
1370
5
3
665
464
69
25
2
2141
422
249
40
324
447
1463
6
163
1
7
1650
587
769
43
144
1114
1
2
115
1397
1377
1057
979
1771
1943
599
22
465
3
125
12
1097
63
1242
49
890
116
497
31
623
107
1060
4
117
135
88
12
1231
160
293
1162
3
6
3
227
1
536
309
258
11
256
53
312
345
3
1302
1650
1
232
120
124
1983
387
331
177
630
1069
10
247
2051
703
1
759
162
4
14
1118
146
2167
1
259
247
42
2
446
5
1797
84
23
595
936
135
229
167
1529
260
303
204
2332
126
1408
1936
1629
11
236
1823
1059
486
7
1388
60
777
1128
2264
1
178
26
11
49
1795
72
251
33
1551
1865
21
498
5
1
162
10
460
585
2437
5
4
222
5
1
2396
753
18
527
9
2267
40
94
1
149
1629
206
6
46
974
709
247
182
1155
111
91
910
2464
273
933
27
1
21
290
19
1357
257
1031
1
111
490
19
1310
181
15
1593
1141
27
15
1
43
368
106
16
304
711
1447
139
1792
60
1052
298
229
46
2
6
62
19
619
2
12
12
2047
461
1307
28
25
1
297
173
143
2477
5
1
4
112
10
1875
1037
8
4
2008
64
231
1329
306
1322
323
84
1664
72
90
78
558
716
9
1384
1425
49
1600
2
50
233
484
553
1120
398
78
493
1173
80
1036
182
876
409
985
51
219
5
1952
28
1817
24
101
7
468
26
2306
59
549
102
139
144
55
1
402
344
482
327
12
190
26
13
19
53
510
1263
464
155
10
139
1188
2115
348
646
1741
454
1836
1188
1964
849
44
1
17
1
26
96
1781
13
648
1429
18
185
101
305
11
64
54
23
2230
864
1
671
1
74
400
797
133
1
255
691
17
289
187
369
457
54
235
13
35
1016
327
33
10
8
1611
546
52
427
2376
1305
7
854
2061
13
281
617
1595
1232
4
70
959
875
830
1
1842
448
477
7
21
34
1447
1750
851
64
2090
186
40
34
96
272
111
20
755
518
110
6
1
173
1949
1657
863
434
141
1
271
1405
2
220
188
111
4
2
264
224
205
1
342
614
1
688
32
1980
45
54
712
84
82
114
169
1889
56
2176
738
224
13
24
205
1320
277
159
226
182
228
560
54
16
7
3
39
103
249
1201
986
178
1168
53
18
970
1613
47
112
167
2209
885
1102
1
32
871
179
1385
7
620
723
2184
108
1981
1378
1915
2
1030
134
184
2
735
44
297
119
1285
2359
108
1460
1832
816
1105
300
762
1022
725
11
206
39
487
23
12
2
1974
106
25
21
550
14
675
1
485
81
1686
63
1724
46
23
4
5
18
1949
1472
1908
480
58
193
1
328
681
1834
519
1
1378
2024
345
251
292
1130
252
714
1560
964
105
1
281
261
1880
104
367
385
1
12
192
580
316
9
27
1119
2474
152
1721
421
16
174
1
202
10
900
1784
21
5
2301
2227
1255
296
13
76
15
371
274
1895
1926
306
260
595
403
1810
7
1066
21
284
9
2499
527
561
6
402
1224
1216
31
1004
5
48
3
1793
19
27
47
2306
185
74
560
2397
74
48
762
11
64
84
351
170
530
1117
11
27
1751
42
740
428
715
126
1163
570
199
880
426
203
1
1
553
1880
22
942
2298
2444
6
429
474
576
12
13
1305
2
350
506
1572
360
1207
1237
744
268
2184
602
6
265
21
3
204
325
571
2213
30
355
409
132
497
2028
142
1871
680
12
138
1031
167
308
1
2328
700
1
1837
202
873
14
417
58
1
524
1825
1820
899
1
13
15
679
7
221
15
183
109
555
476
1872
430
2266
127
1215
225
1
714
174
6
1806
1300
130
1298
159
27
15
16
2332
101
20
2140
838
85
740
164
13
824
12
305
485
2347
5
13
21
1
160
546
203
2288
254
659
30
1177
26
14
785
976
1310
5
412
422
1917
607
526
7
907
291
1107
88
104
1
2163
1670
473
725
1415
1487
445
1808
93
5
21
449
100
453
227
171
273
2364
1897
851
4
8
264
3
1215
71
2102
1346
66
326
25
63
34
16
1491
32
931
21
619
197
1033
10
508
565
128
1230
344
395
18
245
791
332
1051
77
7
2145
1679
346
17
6
569
761
6
102
1
4
303
143
1259
19
1193
222
1681
2451
108
9
2487
687
22
11
262
40
918
19
1111
156
870
331
131
82
2207
94
307
1930
1027
28
166
134
1397
16
1644
34
468
259
218
249
46
2003
231
2
121
50
1
31
44
1
1191
16
485
1415
908
103
529
570
1
75
758
112
1540
2040
482
167
274
603
84
247
12
1437
1112
390
1415
1140
369
435
1125
193
2
27
301
155
1927
6
156
5
23
27
111
2358
34
65
34
677
2319
369
282
142
117
409
132
444
2407
870
1126
834
1
239
1
1373
1497
7
958
2206
6
1879
1878
646
1
31
895
3
873
390
241
312
1394
5
1257
423
784
963
44
2
876
339
732
314
85
296
171
3
146
59
64
588
8
1
10
1497
763
963
600
215
8
229
8
178
722
369
17
75
127
1328
128
2084
2326
22
2169
2473
379
59
3
56
885
294
84
1
9
7
10
1887
65
636
1399
289
4
98
22
69
87
2006
97
1266
523
36
244
6
824
23
1
2038
1467
117
1679
688
312
27
2283
4
688
8
227
4
132
12
1924
171
1153
2305
25
33
132
154
519
355
390
3
14
33
857
1
12
438
14
760
1336
2
21
184
999
47
30
423
67
2172
26
564
327
2055
79
61
23
75
1403
2
1080
264
179
508
513
158
207
1628
65
1349
797
1926
252
783
193
1843
5
7
333
861
538
1821
1742
2360
31
738
14
15
615
59
46
118
37
1430
3
64
2107
3
1362
749
995
50
24
68
2270
4
826
1604
464
38
4
2
1447
57
3
633
15
197
250
205
85
1041
139
119
3
47
1754
1
2
1591
2320
301
210
698
795
433
1084
4
285
1
174
32
21
1631
2303
3
98
118
1539
6
7
1788
18
218
2220
111
1177
3
1841
95
341
1672
925
438
394
77
3
2317
1385
4
976
847
2034
52
1058
2439
62
556
917
1454
2251
871
239
10
437
31
1118
99
2198
168
7
9
48
238
4
1487
178
426
430
1869
1023
16
1368
1325
1301
2215
93
7
2439
1716
1730
1768
336
21
1275
29
716
85
262
426
6
223
2019
4
342
2024
2
551
796
99
5
453
413
242
963
1
1176
830
5
751
928
1571
2468
1022
26
631
2
60
2173
132
52
2355
874
74
98
24
9
27
1711
225
427
6
5
589
1934
587
58
716
206
2182
339
11
960
418
66
8
58
5
8
568
1455
1
2
59
2091
2129
570
168
574
623
119
93
3
995
1342
1637
68
157
32
253
1597
13
3
704
1110
1126
2438
33
219
152
85
226
750
290
461
1571
109
9
527
33
213
1080
8
207
268
433
69
37
90
1977
609
1453
1
7
2011
2447
2085
375
1542
1
764
1
250
32
75
276
106
42
893
149
1136
3
24
2
2071
1900
70
73
372
61
93
332
345
1373
18
40
1060
1402
55
66
120
96
456
922
14
6
756
503
952
177
925
36
151
1
23
1
1749
407
290
21
5
850
30
1857
4
258
728
77
88
1688
68
1557
7
124
1019
53
258
138
971
1238
7
1466
129
8
1628
652
1486
1578
36
105
1
13
133
1261
143
1438
1502
359
17
145
2287
382
34
26
73
2282
2
688
1267
76
8
2
822
11
5
6
2171
60
3
32
72
589
109
37
360
2423
3
2192
79
194
216
24
1
601
2
16
1984
1
122
838
6
77
367
527
2210
912
181
341
1
61
992
162
676
2052
1876
63
974
2283
241
1902
1
6
1
1983
1453
368
1829
174
375
34
538
2
72
44
28
973
13
1802
127
1
31
7
1513
632
1282
2
20
9
1947
767
59
186
3
426
1958
30
1540
209
24
2153
604
230
48
304
13
159
176
2013
11
259
2058
11
1320
287
317
2072
73
1383
484
2291
653
114
1541
5
15
1
178
117
564
573
56
2345
13
2280
1616
13
2492
114
280
809
928
165
73
98
28
989
56
7
220
279
1
1329
294
149
687
696
19
544
292
19
1960
269
1624
836
2434
505
455
4
1038
56
80
555
1241
454
1002
7
95
1893
30
1894
26
40
2
198
235
598
78
18
1211
114
9
12
39
237
1096
4
1
374
161
1114
121
7
152
279
498
174
126
788
11
301
56
25
110
96
226
237
1121
43
46
170
764
1460
61
483
12
282
1013
179
34
100
32
424
2070
933
1994
17
2472
27
28
1196
212
1626
542
1527
743
1047
652
1
527
1088
793
811
44
231
2030
516
494
20
23
56
1609
18
154
100
73
8
491
55
101
1
84
1271
147
1
2311
16
804
1415
1871
121
468
330
625
503
1247
10
51
1118
86
1350
587
523
497
25
2222
1508
800
685
86
13
891
1169
656
2
34
1384
287
203
287
44
2199
72
2095
6
1574
40
706
6
642
242
1016
17
131
6
1996
99
1186
9
324
504
1
1608
189
619
532
310
2252
694
676
1067
272
1040
14
431
1517
44
2075
1725
47
272
688
2189
41
3
272
196
20
733
5
131
63
29
1218
41
2008
2017
2142
814
401
2200
1439
358
297
54
2
23
140
6
1533
30
1370
272
24
2300
533
1025
1
273
1871
149
258
1385
95
150
2403
1041
332
1
253
104
2
1444
6
36
298
2287
1811
463
323
123
455
1619
5
250
52
121
439
1
9
645
895
1
2
27
2074
360
35
933
333
1098
1325
1788
892
91
261
1010
1
6
8
1829
143
9
1283
825
305
37
14
86
1564
658
112
1579
2200
985
18
1681
25
119
701
2126
77
24
13
1631
1757
120
24
3
1465
11
29
1983
3
643
1306
927
239
478
2020
42
130
1944
12
2402
1676
2168
33
90
28
464
112
1
20
2232
3
291
46
1
24
452
362
681
4
3
1302
1745
1045
4
851
600
2
4
1875
413
151
2328
93
7
83
12
642
1343
2037
1748
59
65
488
89
51
33
76
17
270
10
1441
147
251
203
23
449
1525
203
130
201
522
102
5
955
27
863
20
2444
2183
1
43
245
41
59
1458
1786
1622
1
133
2
6
1655
41
3
316
12
384
300
88
214
1410
141
193
14
677
290
766
1
137
383
2088
156
2191
9
668
375
529
618
227
1007
211
2
262
879
564
787
2305
46
1536
33
3
67
6
233
2260
210
924
1414
1
134
974
4
13
30
1441
2073
50
18
757
57
552
19
2476
326
6
1664
404
1
278
19
2003
1211
129
84
245
1038
7
261
690
1
1093
1622
11
18
3
58
18
84
58
306
8
51
597
2
2243
180
1259
2396
188
665
3
1068
78
1
6
470
50
1625
11
1003
1
129
2084
1809
146
1632
935
239
292
5
13
569
8
231
1929
1467
1770
114
11
1560
368
5
1415
1570
299
1945
2328
24
134
1638
1885
406
80
156
178
1114
11
102
9
3
353
1985
54
334
438
2426
450
2036
6
357
80
51
11
3
690
14
927
11
14
732
59
173
436
1551
1621
196
8
2474
163
8
2190
796
1316
217
101
2
73
1052
25
95
857
2
14
2076
2087
89
11
523
26
8
246
107
1335
212
762
6
1938
1
515
1877
4
12
1619
213
162
68
679
983
1
599
395
830
1671
168
206
80
268
1224
2148
270
792
624
474
860
53
1664
2027
441
33
2402
4
558
1
122
20
100
1270
225
378
603
127
161
144
453
1169
50
48
8
1059
3
6
455
1631
1
2
2386
126
594
782
88
899
868
170
265
78
1730
1617
2157
243
157
1855
343
461
18
1044
222
2044
19
1201
298
25
45
1137
94
657
191
1024
1848
1406
292
578
1
6
56
4
680
868
134
9
952
13
983
7
1081
1782
1
249
398
1
1959
2275
24
207
1410
1
3
18
365
154
226
77
2062
207
143
582
1491
1
347
55
2085
1580
13
1
1077
377
28
216
65
25
948
13
1523
474
349
181
37
961
352
2233
969
833
719
19
271
51
3
1242
213
733
210
339
1416
743
1
2423
510
1056
8
1
700
866
1474
176
162
1115
5
184
2362
735
2163
24
3
544
136
1
1899
257
505
17
181
4
350
57
1982
25
1384
1471
2072
264
292
152
2093
2446
1743
1358
1807
6
195
143
1852
8
2
2046
240
510
1945
109
70
15
271
860
22
368
322
1921
487
2
51
637
6
1048
13
7
2430
84
103
52
1842
1090
1
1391
4
16
14
20
302
1542
54
1919
2
8
1522
104
757
470
164
117
180
63
11
7
85
15
74
4
162
252
3
115
6
2077
840
124
180
256
213
1034
480
1875
425
29
62
1393
1204
281
103
21
2384
7
1883
82
451
2377
1342
43
585
281
1229
14
1162
4
595
10
1685
787
927
3
297
39
11
458
79
1339
596
59
58
1200
2
704
57
1713
7
1
340
27
1664
12
207
119
849
12
107
2257
251
192
1789
210
1971
2
1138
36
4
514
82
2
1191
2
2468
535
269
1338
23
22
545
1913
13
2321
1584
6
1
137
207
623
15
881
4
1356
719
2007
201
2379
677
657
2052
1244
2
2388
561
2240
223
131
15
2358
1805
1101
104
543
6
14
1631
3
1405
2
2
926
1923
116
489
82
433
558
1084
1
25
1469
109
1353
1541
2235
718
608
464
138
468
302
1275
43
81
137
1439
267
123
2
54
7
1343
727
1459
1760
304
1493
15
752
3
2459
13
2191
207
38
8
2365
605
1604
907
489
1088
1019
2128
1786
377
2051
57
1168
44
677
96
730
569
34
124
291
20
836
934
461
2246
136
1
25
37
18
21
901
24
150
85
173
85
152
3
3
547
932
2323
213
296
16
300
346
348
926
18
178
11
708
401
352
1584
11
578
333
71
25
34
340
1943
6
2003
525
747
857
64
1858
1678
57
126
627
573
1452
10
98
1562
30
93
73
502
623
16
396
11
444
45
247
978
748
262
74
164
122
64
63
838
173
97
607
1
784
5
4
773
213
1
11
1684
3
692
66
736
5
1864
1665
560
742
104
170
88
1599
16
239
332
565
1677
124
442
2154
35
17
875
49
64
368
13
11
20
85
443
1
1420
48
21
5
309
105
432
7
915
2335
528
5
200
1046
233
367
1240
290
2
562
26
8
956
340
113
2415
120
3
1
191
1260
1200
2
1738
44
131
68
137
20
39
947
2
363
2176
372
249
272
2130
23
327
24
2278
8
587
458
1
3
13
4
1
76
113
18
1011
2124
437
205
55
171
2282
27
409
1089
268
113
64
1981
1
116
40
570
9
334
3
116
653
148
836
1872
583
14
45
124
60
21
2048
876
6
820
18
1921
1
16
167
1230
82
1233
363
48
18
488
9
50
5
2085
31
29
34
20
1518
154
7
17
307
311
120
1325
5
747
1019
256
4
34
382
910
766
157
19
92
2
209
1317
10
748
2
8
12
2053
128
137
481
2
194
1229
104
576
706
47
4
1063
4
42
24
89
108
1702
1780
63
652
492
17
1172
134
45
1207
937
508
161
1806
729
8
43
91
188
193
2
745
2
1343
36
1016
24
985
584
60
464
13
105
318
110
546
299
580
2316
934
7
921
357
2016
105
792
438
174
2152
2461
189
9
491
5
89
1735
113
381
356
2048
44
259
21
31
547
14
361
390
1
15
706
438
16
64
1456
1007
80
2248
213
1075
1319
910
2358
1210
709
8
1880
1
1963
2029
116
1
2086
2026
115
1111
1409
3
172
618
2388
30
2424
326
643
288
754
851
707
29
552
102
1741
307
3
260
1308
18
2277
583
73
52
338
44
3
677
1555
339
633
11
2150
420
80
1
40
84
107
1
5
1
789
425
6
18
2329
134
637
17
229
886
307
863
1599
173
102
791
759
245
4
42
3
65
82
100
28
13
2466
31
1010
17
28
12
288
1163
58
262
56
1907
287
3
4
30
1021
396
297
2474
59
1440
25
1573
700
27
74
1
233
1
557
452
1580
147
3
144
139
18
71
536
1984
287
2
226
1770
374
363
712
2264
259
1220
53
1
2086
1142
2266
364
198
1356
43
239
71
310
576
131
487
1497
24
1110
1167
60
512
21
210
35
12
251
233
90
1382
71
1580
965
2
1
573
4
39
30
1233
15
42
1
94
4
1295
7
450
51
606
2343
5
4
293
1
103
143
34
2413
80
1587
1551
2
1621
1068
160
27
172
1360
403
346
103
25
7
849
8
57
800
161
732
377
2124
21
1787
591
15
90
280
1276
697
1655
1360
149
966
1305
62
3
5
110
336
2184
130
1212
58
335
1831
979
9
284
1565
344
2099
2
52
1687
185
1277
6
1
1
1520
1801
9
1196
17
25
121
600
1771
47
10
5
410
2175
2234
188
325
7
1663
279
13
30
26
17
8
930
242
406
31
9
90
612
5
1481
825
47
658
32
36
105
52
1042
387
924
19
1244
1
287
951
248
10
1272
33
1500
132
390
1437
93
1608
416
28
287
419
2475
1494
44
263
2213
10
1475
12
9
86
120
5
2098
6
1731
5
1342
450
1
82
880
2068
75
1827
186
41
628
204
1069
2329
1078
135
333
1111
143
909
22
745
1929
105
288
429
203
1754
295
312
87
39
121
403
1914
181
591
563
2440
1204
243
83
26
224
4
1509
1
399
124
44
1722
10
1316
20
7
8
2
193
18
265
1173
136
234
182
315
2
8
853
120
7
8
2
1
2264
2221
2
191
1914
671
1715
41
1477
1303
891
37
453
1658
1061
42
110
282
2456
1
2194
666
14
95
120
423
145
223
25
13
2202
1210
41
258
1
3
2
347
1444
4
342
26
2
170
1
527
343
51
2
137
545
233
176
634
2
1666
17
294
2
93
14
1027
103
234
2
26
11
314
6
26
202
902
613
41
18
161
17
331
396
1362
247
817
358
102
1672
2264
1818
112
1527
3
1343
1452
4
168
235
1
1430
53
1576
65
335
189
398
3
2351
544
188
1503
5
1165
597
501
1919
950
563
271
1575
67
386
1295
2033
2
2437
45
1723
2337
26
14
26
1901
1670
159
22
470
425
1
696
917
5
78
1749
4
1
46
1478
1571
3
478
6
570
873
6
1712
555
119
209
123
17
5
18
116
2299
2418
1834
678
522
1145
713
125
309
5
1
376
26
9
386
405
613
148
2461
47
194
1028
1754
26
6
315
1238
249
1321
711
7
4
212
538
85
47
1194
116
32
2
43
1417
1
58
239
38
64
165
2476
1253
1808
503
1095
261
1753
333
1312
26
216
1665
717
58
2059
1286
1
1965
182
967
1668
1697
1532
115
1765
1969
2457
1238
1646
6
1031
1725
1281
352
1169
882
187
313
1686
91
305
727
23
2390
806
372
2057
1765
51
63
11
19
1385
29
30
219
1
22
1599
2
23
117
143
297
141
502
169
2074
3
1281
70
1338
382
1654
137
266
188
26
68
7
216
628
6
22
1363
405
23
67
125
92
70
1094
6
234
401
1
56
1626
1654
137
369
135
23
107
8
251
34
871
177
199
2070
200
6
906
1204
69
50
38
247
10
40
186
64
1
3
341
1947
1276
393
1117
29
19
298
81
337
1532
186
286
215
110
736
482
9
23
1562
468
2020
25
181
884
159
6
2
105
256
3
3
1198
56
397
1
157
37
110
728
25
12
300
1416
114
6
337
1
41
2377
1952
1548
2342
488
54
2345
4
769
563
2
1398
117
479
140
552
1853
153
1325
511
3
1773
525
99
123
5
404
196
2395
2182
5
377
1914
127
1690
618
1795
110
358
481
175
8
27
19
23
473
1891
1984
1
1032
688
914
29
524
936
167
307
79
5
104
316
1
95
564
825
472
118
3
45
2012
122
338
78
972
1
1
112
30
6
123
2
8
270
4
537
130
506
2493
10
1045
1257
98
44
1784
447
69
384
134
1089
1615
4
583
328
275
920
1344
2
49
779
1819
3
587
20
6
28
66
150
8
820
38
2279
52
709
345
186
2329
251
92
32
1312
3
336
18
63
37
14
429
142
325
2
1492
364
1
39
444
2
19
44
483
331
20
1296
5
289
1390
39
39
91
3
685
327
234
221
63
1217
2
1650
189
284
1
4
102
1496
1282
144
1773
2441
384
721
7
2491
120
5
115
49
1125
603
624
481
1106
1386
394
2070
2089
1
8
635
589
1622
1048
39
165
14
18
66
46
2
11
77
513
360
559
49
614
204
1037
916
1907
1
1214
65
860
1015
2
1247
85
11
521
879
10
10
678
215
256
612
161
2
18
186
52
1631
1840
234
137
39
1184
35
57
26
120
659
191
556
79
1350
26
4
22
2344
618
3
4
1626
499
60
260
147
27
101
444
245
682
1153
514
2490
73
131
910
1514
1683
1747
2
831
238
732
868
794
1917
43
1215
2101
35
6
95
157
8
108
1785
1538
158
38
11
17
1576
16
2396
10
631
108
45
225
709
25
18
59
2
2
735
284
1069
1
1111
49
561
2280
208
1258
44
422
24
337
3
2443
1439
678
33
1090
319
3
33
159
405
13
5
1050
36
7
18
512
168
1257
873
2
1251
497
132
233
1493
304
7
5
110
16
973
665
540
1
276
2026
2220
554
24
39
35
1698
1369
1607
39
32
24
123
288
17
887
2266
1561
1533
29
999
19
1068
261
21
308
167
56
328
2
444
1848
2462
1534
190
3
297
22
80
1720
2
25
1334
113
1072
25
22
1475
1
38
1
15
100
1155
496
2367
3
958
985
7
1442
523
2
555
1861
453
27
161
2392
3
102
1679
85
131
253
85
3
8
616
320
50
43
468
1365
752
47
1216
2463
293
26
102
63
62
449
1521
611
350
22
2
409
314
50
351
28
30
382
2408
219
18
1651
153
441
158
37
106
272
531
792
474
1
216
980
204
1214
32
810
2090
12
175
111
235
27
314
84
1873
7
127
469
215
1280
41
4
883
1068
9
2
106
1
50
198
2219
63
56
18
1
55
897
1115
1097
2061
874
120
383
307
258
2
501
33
416
1731
44
2465
61
2058
11
1588
401
219
104
773
1956
621
1340
8
321
338
2051
1010
67
88
2346
1624
76
209
61
1
11
1715
159
1040
10
1118
1217
262
398
1368
453
37
1072
401
261
2
1066
40
2419
440
4
5
1156
79
285
23
1550
1139
455
91
1058
1865
6
523
10
14
42
1411
2466
21
102
2
568
75
2103
32
464
162
1368
203
9
196
1743
256
176
353
237
28
149
25
1094
121
273
6
240
7
172
1095
162
2324
1428
885
312
32
4
502
608
223
2262
1
43
153
1697
115
1895
874
246
713
127
71
488
25
8
1023
167
2229
1642
3
57
967
2426
58
184
235
435
367
838
528
18
44
785
963
99
264
89
199
420
875
6
1080
34
2310
142
1674
1
996
1917
2
2375
1
495
42
2482
4
955
7
138
566
473
349
18
7
23
7
1128
1
87
2
32
254
139
1206
1036
1773
8
1197
1677
189
117
304
2
85
2
2264
104
41
51
839
1269
1945
895
427
396
1188
2071
135
191
691
2288
26
214
97
205
706
27
1280
444
1682
32
754
5
717
1209
160
196
2059
32
1
358
190
1318
3
2482
1437
48
197
792
2335
198
1230
4
902
1532
14
761
67
902
3
31
8
2250
7
1474
1592
1
678
11
615
2416
2
1560
576
83
755
50
16
1405
1787
172
450
30
453
1524
1493
869
7
21
582
88
561
787
1429
14
1851
856
252
6
1223
1
1608
1602
2378
58
2155
119
71
2458
1914
218
2260
155
1915
92
1639
27
147
657
97
2
896
47
1678
325
848
40
143
152
1723
8
337
138
185
1760
10
874
548
642
203
1
235
1764
2
20
2
1221
41
727
2102
594
955
93
882
1821
201
2198
1182
634
833
2
4
335
11
2
627
29
2
676
116
1382
106
298
541
20
2158
1547
250
1477
1089
1
87
2234
1129
1506
641
1538
722
141
2
618
231
24
390
135
405
414
41
1442
2081
863
39
17
438
70
3
2021
2190
1340
69
1422
247
2
307
506
52
1236
1730
3
41
19
2053
115
78
2450
1193
2257
19
193
1387
22
1060
1300
47
12
257
24
13
2
814
2162
1782
12
1302
550
16
278
210
1
1836
45
39
746
2356
2
5
14
86
81
1556
383
2174
30
1901
1292
2
20
192
214
144
868
353
22
1997
1438
112
13
154
541
475
78
2344
7
2
248
16
5
105
119
2213
35
440
1702
1736
8
3
1
1318
1622
165
643
530
600
395
1614
5
1030
187
355
494
159
57
268
2202
6
1458
558
2
6
400
776
21
282
2470
430
1
1799
1774
217
1182
9
64
12
2352
1158
1260
54
2
22
462
1156
103
231
979
2183
722
569
352
2290
372
97
729
37
495
1957
64
46
28
1343
1350
1124
76
52
517
1254
1013
492
171
1507
5
758
5
56
56
466
1841
47
2
198
1940
545
74
35
926
1416
2437
163
195
12
2002
1056
753
629
1415
92
294
1048
2252
835
1447
463
1640
2279
189
1
1
802
508
2195
65
484
2305
6
1005
1579
698
114
3
95
3
948
211
780
58
9
787
2
165
6
29
95
297
281
83
970
1863
177
1161
2
1349
427
494
1181
1615
40
37
2
947
90
1269
1079
13
245
29
2500
13
578
45
85
52
8
1134
215
363
623
567
2079
3
1194
967
365
311
1737
1549
198
25
228
2150
1247
1
51
985
1772
357
360
1
1
1397
7
395
2195
13
581
1
91
59
34
41
823
1061
2
2
7
13
79
173
147
2335
1
858
6
183
666
19
763
1722
1387
1
1040
1
550
838
216
1162
762
50
20
2
4
758
2010
2
1
142
129
197
1326
439
463
163
142
21
2
555
51
382
268
1
25
749
677
492
1617
1212
73
29
1283
1032
27
3
10
48
1
859
55
29
24
158
485
191
173
191
32
2194
6
64
37
20
1
2419
479
4
2
1665
1510
1180
1876
3
1062
1
1
6
1112
74
1073
1384
55
997
2235
1839
208
411
1277
704
1148
209
516
2479
43
251
354
2439
205
1378
589
59
98
2322
470
44
841
426
703
19
2035
193
2342
9
22
7
282
1
4
18
857
1
21
22
797
402
753
34
32
3
3
1222
47
276
439
1822
206
1204
1428
111
1779
1
726
17
248
81
1638
3
13
177
1633
33
24
2
1484
195
214
789
374
662
2369
116
51
26
13
12
1266
1974
76
2408
173
570
100
43
40
1
1554
664
839
69
6
1
559
20
240
1669
109
1862
113
713
1424
151
187
320
1458
701
909
883
746
131
1264
1667
678
81
13
2
591
273
408
63
985
1650
91
35
17
4
27
340
2049
950
1421
1257
761
1
401
6
192
6
171
221
25
81
200
1476
62
222
237
1
3
1179
28
1586
172
249
81
29
676
859
118
194
169
345
1214
1608
55
478
2443
1853
2499
357
45
2201
2041
96
1362
243
28
3
414
1
847
32
111
1
596
2125
510
923
43
1242
36
550
5
7
673
4
59
1607
69
25
26
360
260
2263
1204
688
1414
1270
21
550
343
2413
106
1804
47
8
1415
475
1118
306
1
238
2
1870
35
3
73
69
11
2
1250
1739
261
594
1530
72
266
41
31
255
2165
21
1506
449
6
2
897
1817
947
1094
41
251
1908
98
298
26
628
2
577
222
191
102
314
1457
229
147
1563
1478
13
142
139
552
56
55
879
30
1382
174
1743
676
106
44
29
483
2375
962
6
40
1
133
145
25
6
6
34
426
402
287
1271
1876
18
11
2447
1251
816
2152
181
2465
318
61
27
124
171
1393
27
583
1693
9
166
770
48
455
111
1
10
848
216
788
1071
506
2
184
350
7
96
126
3
263
50
40
151
52
503
944
37
1337
739
1
55
1
3
2424
146
50
273
153
255
2315
2
1528
15
57
13
1015
829
658
985
9
39
9
53
2
1772
43
2
1912
1256
1837
8
3
1095
1292
174
553
24
19
188
102
1742
72
1754
16
1242
194
1140
310
45
109
643
52
1
761
87
1
71
157
159
30
28
2133
47
1277
65
1563
32
4
298
40
2
10
214
1230
105
2
1
851
192
23
102
8
365
2407
754
784
1
49
49
1799
88
65
515
684
4
785
67
3
844
2065
240
94
3
945
2060
126
5
1
12
105
1758
875
18
574
159
291
1
963
42
22
562
5
209
149
842
40
1788
36
1281
22
122
373
34
4
1082
661
47
171
1716
24
182
919
248
2482
57
179
329
51
178
1111
303
118
1652
22
760
2326
2018
277
90
19
1254
854
97
337
6
5
1109
574
2
2
1483
1354
847
760
1992
56
1228
647
520
1082
465
154
1083
60
1848
1685
51
17
4
1092
2
29
1009
216
9
400
977
1752
22
85
111
1142
398
1
42
1433
10
42
2
881
266
713
4
502
25
81
2231
483
12
19
2333
18
43
35
375
1
812
489
177
4
401
9
2
2
3
97
438
71
395
5
1
766
74
88
1225
278
405
17
6
204
2
5
52
134
161
906
1393
9
68
13
2500
1485
799
510
1
744
1902
1040
2408
190
28
1326
17
2
2
12
603
479
219
17
1151
110
679
1383
57
1178
528
157
350
207
1
900
163
1841
15
7
419
53
50
452
1988
306
57
1807
24
124
1456
7
14
7
29
273
2185
142
180
1108
1
1
28
1
17
744
125
38
860
42
25
28
1240
2261
9
1771
9
111
613
1926
98
906
1605
1794
2001
1062
322
8
217
1128
892
1196
717
216
443
67
1179
89
412
358
1
846
189
234
1252
853
2403
1077
5
1
70
123
110
67
517
20
10
180
406
2364
3
1253
123
838
30
71
2264
1066
1027
1631
459
2279
1
189
13
1943
2066
299
19
1139
1
2413
949
1892
80
1854
1642
1597
2433
28
10
112
206
5
423
640
1060
11
17
6
2
335
251
5
512
4
78
74
82
1
192
333
1519
3
1699
1489
759
385
528
8
1983
858
3
70
2345
723
207
1
534
1187
207
129
1
766
1023
8
2277
208
1133
3
37
2
302
7
742
938
1
1358
1613
400
24
27
180
1372
2147
25
4
1757
234
7
758
195
100
1361
2409
12
237
9
6
371
52
11
730
1904
2133
799
480
1
9
1254
92
1
5
35
36
1315
820
1783
22
26
1
116
106
1082
23
1172
13
2353
1137
2191
188
298
2
6
897
754
123
450
874
245
1793
570
1256
752
137
1762
209
25
876
152
11
1396
794
372
5
1349
703
1556
29
134
46
1482
138
1332
61
415
705
25
576
143
69
323
466
1
41
5
632
112
203
64
692
718
9
526
1
39
2409
22
784
282
807
733
1713
23
63
155
1507
329
1225
422
247
61
2075
24
27
1092
1019
1
97
394
31
296
17
4
457
36
96
653
526
894
1577
1217
510
6
7
91
408
2
72
130
2009
274
42
1836
1104
130
659
31
1848
1
1
159
404
2
15
31
594
33
388
469
758
531
218
591
1
51
27
1
1782
19
2165
35
1146
34
8
3
1
1904
464
647
21
1500
264
1140
7
2
125
1609
40
1706
248
827
1198
673
1897
511
84
943
704
120
457
252
622
692
538
265
17
194
569
9
523
45
1234
1215
536
1
242
2047
2255
20
2021
2
12
436
804
1778
16
23
1670
897
1
231
174
373
182
177
1692
240
131
458
979
1
815
16
1673
1721
509
51
114
2117
269
613
59
8
9
1
176
27
2151
63
17
115
1901
26
6
628
9
1721
2
69
45
26
6
1
11
1565
320
9
4
27
1870
1292
716
211
21
7
365
316
1000
17
2044
113
1008
1141
21
516
76
138
771
239
8
59
544
2101
3
24
3
1
2
135
19
381
9
3
20
2
653
856
4
418
267
1421
139
950
332
51
15
643
13
1
134
1290
214
10
265
31
4
1426
17
1681
1722
15
1
1141
308
1
1400
521
182
2426
569
1291
40
11
2087
243
751
2
3
42
8
2434
638
1
257
485
499
64
6
62
15
113
1
1524
247
54
1120
1783
5
117
106
72
1625
73
1492
67
159
246
83
170
7
148
96
85
367
38
38
85
189
2152
52
1517
428
12
106
299
273
1360
1315
44
42
48
2355
237
21
361
1687
8
1864
430
605
750
12
118
66
1337
134
1274
75
212
2
1308
7
2064
11
1359
274
2311
2494
1124
132
408
66
1037
110
1146
47
1928
4
1
154
1342
7
53
410
1288
36
6
55
662
2
779
554
3
10
737
10
162
1
2477
2361
4
124
516
2
225
2065
1465
406
510
457
9
202
665
1997
108
143
21
2201
890
176
239
637
301
165
20
33
1161
1407
1
596
200
106
45
116
817
2210
325
1927
4
1658
458
35
52
824
215
4
195
1054
19
1797
2404
231
2093
365
864
40
6
127
213
1317
1
127
161
50
1667
2071
9
133
1787
70
1504
7
61
624
19
451
112
25
445
1460
1873
2415
101
164
4
1188
912
83
8
22
175
2
233
76
3
417
1309
3
1702
1162
2346
80
47
62
43
133
976
1612
438
66
125
1784
442
964
65
113
28
498
322
1919
2024
52
811
2
249
168
848
3
93
53
100
2377
42
649
732
2
10
865
3
58
920
583
23
2118
635
2239
112
327
1
2430
123
480
6
26
2
1654
2
248
1969
1426
718
1181
825
71
262
103
87
254
2053
233
877
41
425
1263
244
2398
1030
7
549
14
58
347
395
4
715
1
21
1754
1419
2136
1159
46
3
857
141
2184
98
8
1864
434
1385
30
29
28
101
38
9
334
6
42
4
29
109
63
142
449
6
1530
576
60
888
519
1234
989
1108
1034
879
356
1544
447
434
68
1292
145
4
2
949
58
1660
10
182
3
1435
8
351
46
282
135
10
1
13
977
66
2
79
606
51
1
529
58
2316
18
317
155
517
229
657
673
106
48
93
16
458
649
1793
1159
926
34
287
277
1
197
4
5
205
24
1635
1306
76
2430
4
161
1225
249
9
11
2
600
6
473
117
1889
184
2060
23
177
3
278
794
1355
41
1021
2065
813
1062
1
1119
22
223
52
327
277
134
5
1174
2
1216
1855
100
37
57
750
1437
403
1735
1919
757
961
33
131
94
1561
630
1682
1973
682
57
1291
237
236
516
2
10
5
15
2184
129
8
7
64
1153
1
64
75
123
12
1
20
11
634
268
421
38
516
3
1410
137
659
12
15
7
32
25
3
4
2414
499
1925
385
144
3
61
1523
6
578
55
40
290
721
1701
107
1392
2167
429
1
1009
249
168
3
1821
1
180
2052
349
169
863
419
822
49
1116
9
9
1722
14
337
159
654
79
341
31
1
892
37
199
17
136
1403
2144
26
218
93
71
40
4
278
1733
1537
117
86
91
29
102
316
938
1010
247
948
2129
359
2129
33
458
16
21
60
154
27
64
888
6
1
814
1171
1455
410
986
34
3
1
578
476
1430
2
472
1482
1735
2370
35
6
5
169
275
223
2
1
728
17
183
1944
2367
160
635
1438
69
3
92
120
227
3
2
1354
39
7
112
25
139
23
114
2380
223
517
465
1568
566
821
1
171
798
4
2071
787
14
204
101
1306
1102
513
228
954
2399
1
528
1934
75
6
12
913
1798
6
68
76
620
2
3
17
102
390
32
1703
444
19
1007
2415
357
738
142
69
1815
677
660
1672
2319
726
71
244
5
2
44
368
8
33
29
14
892
1261
17
2
6
10
100
52
1959
39
51
437
982
22
173
525
96
295
51
944
1381
26
19
500
1109
5
317
1143
4
2
34
1856
26
639
164
1650
198
100
10
822
423
259
1125
1288
1
377
2
325
237
13
95
73
340
1995
165
401
5
605
2032
44
950
4
6
533
470
1024
100
1680
1108
150
35
123
2225
7
290
528
1294
9
94
199
4
1545
7
844
14
126
2
1361
91
1078
264
3
534
1510
117
858
337
1
276
1809
498
1
1226
856
618
7
1411
36
166
753
282
4
382
211
209
164
7
109
1751
1
3
178
90
89
81
766
2165
1903
373
524
24
208
1324
2181
851
9
171
83
643
827
45
22
570
555
647
15
135
1699
979
342
33
102
102
1342
1607
90
2491
30
20
8
945
38
1
2077
716
19
817
490
259
1
196
746
246
373
15
928
443
313
1
3
31
46
121
187
2205
2149
1
268
252
300
51
31
83
745
871
157
58
93
1539
599
192
4
394
2
2403
1821
1061
141
345
1028
21
874
1681
1647
2100
1932
27
337
1950
1
5
1240
430
11
1152
1999
828
2288
79
6
126
385
1738
2225
1547
1149
35
2166
1867
364
1701
1
1097
707
188
100
69
230
323
6
6
11
11
3
1
779
313
1402
630
6
6
790
878
238
2
13
978
1344
66
2187
120
749
942
635
109
740
1071
1984
13
2014
277
29
14
1070
2440
765
304
2440
70
60
1337
157
6
184
15
1
1393
838
366
118
502
2
1407
229
3
6
42
46
378
1348
533
555
71
2050
4
3
168
876
1237
2118
40
88
1637
3
2156
12
6
258
125
50
224
23
19
163
3
1180
234
7
38
302
183
2330
115
1318
225
714
501
2084
520
486
1420
1671
1303
1169
664
1
31
557
4
16
259
129
3
1585
394
3
17
1208
2284
406
2374
22
635
1561
821
480
35
1045
2155
1
304
34
406
420
1000
677
7
184
59
703
2
131
1
16
5
457
368
1406
547
81
4
1221
100
861
1977
18
10
933
78
117
1
1841
432
480
725
246
1678
357
51
625
95
11
1125
1765
13
26
327
1
45
1491
138
1504
149
36
1
26
1111
706
236
1912
2101
1177
10
310
21
884
468
35
346
887
918
113
126
211
3
105
859
451
57
18
404
1137
631
30
916
579
141
10
6
73
1330
753
62
54
511
28
2025
378
187
1859
1048
165
85
208
22
5
106
1
992
1
6
75
120
485
392
140
265
1574
7
1866
1638
10
140
19
17
1
468
6
81
1281
562
114
211
8
8
2022
765
995
9
2
1598
266
986
254
2001
744
70
23
1980
646
1607
319
2382
405
95
260
2213
939
396
209
647
242
1
427
12
1780
198
1921
41
46
15
1837
2173
1853
428
1258
273
17
15
38
606
1274
1195
192
201
106
206
17
74
103
438
1107
1194
1093
15
7
4
2004
169
8
17
377
592
4
16
3
326
84
4
5
53
40
541
331
1552
955
492
587
422
113
559
26
1145
45
59
1115
1221
118
682
109
389
305
1
674
1135
2318
91
532
211
3
456
385
3
63
430
149
120
281
689
553
206
1285
680
899
2
1376
211
2
2456
2397
24
619
1631
55
446
377
310
823
5
1455
706
1885
46
304
2
123
8
5
464
156
1115
861
750
73
469
1229
70
876
15
1645
161
813
16
6
762
17
416
2
414
47
250
459
1214
1749
510
1
3
500
12
8
284
203
2039
3
1271
50
482
317
701
524
1
32
921
835
33
2371
1531
758
675
14
2057
575
115
610
371
1778
1
35
3
4
3
10
1
9
77
186
195
4
2013
10
946
3
636
2
2
1531
1918
167
344
303
485
367
104
37
9
48
184
274
43
822
851
5
120
8
241
12
1964
970
238
615
65
69
379
1317
171
12
7
1
394
424
2416
3
291
8
1781
739
4
30
21
1
712
191
278
2
656
91
178
219
26
2300
355
905
677
1530
23
670
761
1104
1920
672
285
35
262
12
103
2122
1094
198
58
155
2
89
1301
286
195
1226
1145
292
95
183
379
101
9
54
825
7
1645
304
1207
1002
259
1353
1864
603
355
8
1806
114
38
77
879
1395
116
177
381
602
1420
513
1
2077
426
2115
2062
10
2
284
597
20
5
3
7
366
1026
480
1897
14
29
1251
5
1403
1
290
342
1011
525
1596
102
59
24
2278
95
6
73
1103
1662
5
782
16
52
81
873
393
30
262
1
869
85
148
116
23
39
1240
594
2480
2037
51
15
10
2356
119
6
825
783
2048
204
827
351
1152
431
105
64
8
476
19
36
407
2385
1415
42
2
66
63
24
44
5
48
104
6
1726
29
808
1622
206
2
110
2174
1326
306
270
53
293
5
47
2196
53
284
893
227
2292
969
1821
333
1918
701
12
12
8
1181
1
1677
1921
527
1755
11
638
581
213
51
28
1602
2389
163
264
8
1
1219
1817
501
159
23
157
4
908
518
6
1702
2107
2123
79
659
78
18
3
42
6
3
238
417
824
136
1068
98
99
18
2249
979
2433
1796
4
132
172
2494
407
1475
411
1
4
199
1363
126
771
58
73
83
96
1067
2354
5
615
55
1
14
440
22
746
966
699
325
1821
839
39
2473
1230
18
80
2460
643
1042
1652
1
169
238
1133
1848
1411
55
1979
239
24
50
642
83
933
244
17
76
1535
1714
1382
789
991
845
161
138
186
164
266
1869
50
1030
1676
683
6
25
2005
1616
331
4
267
29
18
83
382
1726
330
11
1362
197
649
394
737
1769
3
677
1230
318
624
118
27
987
1122
12
348
57
23
18
193
1981
115
473
221
636
2
3
534
170
73
896
4
6
1515
119
51
936
444
2181
1
1178
681
19
21
84
229
2
9
25
1752
185
1831
2368
158
366
20
414
776
149
1621
706
1362
431
1905
1923
131
567
432
69
558
41
2364
133
2308
2
868
473
137
466
495
696
1812
15
1528
694
1573
3
787
1138
205
362
5
2351
12
1461
713
276
575
205
299
139
303
36
12
146
489
121
49
152
6
1
1344
680
610
168
870
73
700
2169
653
227
2230
1801
271
19
360
1094
43
2331
46
762
8
2177
2
33
4
1081
1045
2368
95
609
14
22
2
1687
1601
1354
51
474
306
2098
370
237
289
148
1464
2
2
323
1633
2492
834
212
320
630
71
2205
430
2102
1876
442
555
1418
1034
314
1167
28
564
1
17
189
10
96
1578
831
25
273
68
363
233
1078
91
145
2063
733
547
36
1586
334
799
3
431
780
16
29
18
50
108
723
638
599
2
370
343
2378
1203
1
105
7
725
1172
902
390
556
39
235
1
1523
8
388
16
4
20
3
567
1471
1650
2162
329
1961
169
26
535
911
93
1102
34
290
1192
429
1050
278
3
431
692
142
486
7
1126
1492
1958
673
1339
1849
4
85
1
61
481
3
1596
51
203
402
1953
939
2
1
2
75
607
101
515
344
1981
298
1298
889
6
448
100
139
24
27
11
206
98
130
1271
482
21
556
308
119
701
133
83
1055
8
1373
1
22
919
329
63
25
335
1
74
283
58
243
43
331
1132
381
687
900
29
58
3
20
1833
1955
644
46
331
2173
2373
3
29
46
18
59
1
1265
1360
1590
1203
75
2348
1370
52
166
2
2071
3
123
1609
8
13
1231
18
1
96
900
986
3
165
317
1812
1
1068
520
885
1393
806
262
477
18
35
26
1
333
694
2
123
377
130
105
129
4
87
31
1
249
497
26
121
797
246
833
1765
1
118
140
834
25
1149
2132
2078
23
280
26
22
2015
351
864
156
117
7
2291
152
511
777
2436
116
689
1544
3
523
157
1540
792
123
1053
120
109
256
1208
40
2279
666
1998
4
488
352
830
321
1793
6
1946
1461
3
28
1
1
1149
109
43
3
25
188
142
796
41
2130
2500
23
540
45
60
1096
626
51
16
262
13
1489
119
607
2169
611
227
34
273
5
721
1616
49
1460
2000
75
14
1540
3
1122
36
15
9
42
7
940
892
40
83
86
159
90
142
339
2022
732
1591
208
1582
1659
178
948
4
4
1159
415
286
9
72
368
1841
732
11
1650
43
467
7
253
1680
59
1536
10
167
661
1155
386
1
965
754
84
9
8
9
73
46
482
1218
14
41
127
70
1256
9
12
164
2352
907
57
136
395
2054
814
1003
47
15
875
21
58
1323
1840
13
38
524
5
36
58
939
164
122
267
5
1
197
14
578
2488
289
550
13
14
38
1371
781
1356
1634
2051
1654
8
1
147
2152
39
189
2492
100
1776
44
104
6
1440
2005
55
69
21
24
991
178
414
94
5
61
1032
56
1643
1527
6
1204
2347
80
184
71
381
286
452
5
716
1300
4
41
1369
5
216
305
16
408
658
29
18
1221
225
2480
172
130
880
1100
882
211
37
1150
611
20
27
1996
220
62
3
8
758
144
77
86
2129
22
12
579
1681
529
6
205
15
1009
1789
93
242
1
1429
1
92
12
72
174
1270
709
2
356
75
25
1085
962
1388
3
34
107
862
22
153
5
914
9
1395
472
62
715
184
1304
213
1467
318
785
149
2
1701
7
157
126
19
1755
1269
1548
18
133
666
1234
534
46
4
1142
121
901
359
260
426
978
1910
1253
9
1412
74
623
1970
168
5
788
575
1071
1104
70
211
39
155
15
1607
893
1104
2
670
64
676
263
1197
1178
663
39
103
637
806
85
5
3
218
805
1625
816
106
1121
37
636
368
1
51
19
958
596
885
439
1475
2125
1238
21
150
206
3
923
195
3
1370
467
411
43
1866
95
1043
440
71
742
66
3
931
3
4
1
131
97
2476
6
501
648
2
12
278
383
6
372
186
87
20
31
415
641
426
1635
1358
936
28
4
6
7
205
86
57
77
367
188
1679
1260
818
1207
7
1
140
5
1744
811
623
47
23
2395
1
227
86
1452
350
617
1049
634
362
6
1207
70
1
525
111
155
907
265
4
2346
29
723
75
130
539
1683
462
4
184
1089
3
813
39
7
2
322
188
78
260
25
45
769
528
2482
2
1
333
593
159
319
28
3
1
6
44
2315
4
400
412
271
27
2485
38
75
59
285
12
35
1307
106
646
547
8
936
2147
6
1
209
1
1563
1743
4
1154
637
5
419
1
159
428
1419
1
570
614
588
849
986
102
41
135
1803
8
1317
47
268
923
2126
1283
970
1591
75
309
2160
2033
884
341
9
3
2
152
313
12
851
2
8
354
216
332
154
366
2415
36
2462
106
41
374
2
12
12
475
25
561
56
240
246
774
2136
122
2218
220
296
127
25
576
21
2168
369
1523
269
403
228
159
266
1414
791
498
2263
554
1
608
2363
902
2
88
874
14
1403
109
89
4
788
206
1024
2
307
350
307
997
138
218
35
1091
521
81
139
2176
1968
679
1995
161
8
336
53
95
1778
47
75
22
14
4
965
137
1199
856
2461
700
1
2142
677
301
1013
2
19
69
2491
10
176
796
927
1769
293
9
739
350
141
1104
1678
47
186
1085
195
63
88
734
1039
1078
376
149
404
256
111
18
1226
242
532
677
4
1857
1290
79
377
25
23
798
2311
69
13
842
13
471
452
5
590
930
1202
287
728
803
2088
268
1394
634
1
31
706
1
4
1007
667
1027
8
448
2
1669
310
66
3
1888
44
1117
1684
737
57
152
1953
1
1376
9
556
1594
254
2
229
7
561
1235
647
661
1097
32
276
1007
1863
147
847
1
548
1255
584
465
1616
2213
168
11
2245
147
839
35
811
1552
168
16
5
114
112
176
1342
2367
29
10
1966
1428
23
1598
186
955
60
58
71
7
1
16
44
35
25
138
1103
156
561
1893
594
880
981
24
228
167
1558
586
2
202
971
1492
264
2013
1
86
135
533
76
25
416
127
45
406
9
364
1085
2467
950
3
1889
97
49
925
752
996
2417
1837
2186
1208
175
59
579
822
116
175
178
1454
1923
571
70
244
1611
711
1035
15
13
2
2120
1966
1053
591
1
1839
1277
119
1281
83
123
1383
1660
1085
692
992
870
945
329
178
155
3
82
106
2062
24
134
2192
1520
167
19
2441
827
124
1088
583
99
693
84
1959
329
3
8
80
1
939
356
328
406
2432
50
99
112
14
1
252
175
492
768
1260
68
1021
525
162
257
88
334
540
429
2101
1401
1902
924
1277
865
70
2035
755
851
139
24
1705
2
30
497
2224
30
1
2
294
1880
9
196
164
159
1689
2
518
292
15
392
4
54
91
52
358
44
274
46
113
892
1
8
8
1926
496
225
1446
1856
537
1311
1910
2
1425
1477
470
23
11
11
1
182
353
578
2291
1267
2254
1785
271
505
645
124
905
24
766
1
71
568
86
1
84
338
10
83
394
2129
512
11
100
1
8
34
20
36
12
2167
267
36
54
4
773
256
94
11
219
1908
92
448
1129
461
20
616
433
20
1015
480
17
1422
271
4
401
2383
1
50
38
31
912
13
22
462
1288
93
54
291
358
1222
1488
2057
1198
1465
1
86
395
39
770
138
156
97
79
443
70
2414
245
37
113
503
36
2
5
1455
161
1025
822
797
7
11
1277
103
155
490
711
77
313
243
26
77
1040
4
2313
23
2
482
365
641
2
1440
884
823
431
529
132
747
268
286
559
28
5
6
523
538
67
1602
1
179
1813
14
216
385
87
2
7
2
10
528
320
2393
39
39
7
2
1725
44
266
574
1009
201
1096
19
1758
30
55
24
3
476
92
170
16
1067
404
39
672
46
2116
1126
33
1741
1007
731
845
20
529
59
31
2
1078
636
1336
37
29
66
1
1528
1035
181
8
351
48
3
126
74
3
440
1
1474
28
470
10
1623
1721
86
1098
2
1470
2102
1203
26
700
54
255
1206
104
2
67
465
1
5
953
79
8
31
918
91
55
683
34
214
172
1240
1
2302
134
1
196
22
2
1870
2082
400
1
361
2
1
48
29
1044
1316
2198
281
9
2173
682
132
1277
28
2353
987
9
711
430
510
46
190
365
243
107
50
588
282
255
30
70
1737
1270
870
1295
4
21
1016
44
576
802
111
141
1121
49
264
59
1710
1688
73
953
532
55
929
43
18
2
2415
5
5
262
2168
858
254
123
862
133
2384
24
14
13
47
202
2
1946
149
39
8
1497
14
2242
45
582
171
7
17
984
3
292
2444
219
1433
103
18
680
112
1
156
1916
35
32
1178
39
239
694
2492
231
98
1
613
26
2219
37
429
2206
30
1777
1473
386
5
17
200
507
27
1058
706
963
1006
3
1859
539
257
2
280
17
2
1854
1513
232
1775
12
94
37
1594
755
167
26
1222
1395
1
1281
1694
423
575
2
1580
1
39
6
1285
1156
5
1294
1
43
2046
997
2104
1450
2438
2440
914
14
2394
702
176
94
689
215
2
887
1798
1097
45
852
3
1032
981
426
2199
62
7
2
2274
51
29
315
1781
30
10
521
602
9
1153
7
1738
1111
2190
2280
1510
6
477
74
95
1
770
321
642
917
66
2113
17
615
346
576
269
4
106
14
677
56
173
75
38
332
25
729
84
48
646
28
2327
2280
506
103
1750
1194
143
1311
1918
1951
1300
86
11
694
40
222
78
351
5
1652
211
432
40
874
6
69
945
55
2
132
6
1879
167
18
49
13
3
6
909
12
1016
516
951
1968
345
40
150
382
267
139
52
8
5
2247
4
383
2
182
101
2006
22
1633
586
1
374
2126
5
82
47
836
63
36
12
14
135
453
70
2
6
25
97
91
2500
294
25
213
367
61
20
2277
1
260
1176
196
1903
699
838
8
278
2
27
4
405
140
1223
377
1
1150
36
76
1457
1
919
322
87
396
425
438
5
41
246
697
610
76
529
1164
1461
994
4
656
111
31
84
240
31
424
198
2281
228
492
77
13
251
1261
166
457
1437
1
5
58
149
1440
2
106
1181
59
731
269
211
4
2
972
1358
8
149
1837
588
751
11
551
3
139
2
963
66
985
5
552
5
105
2
1264
1350
4
1
1
59
1105
201
3
6
446
12
8
2055
48
8
1
2
6
275
142
140
2417
997
8
28
1674
31
627
16
458
264
1437
187
2066
454
667
14
5
1851
40
695
41
194
244
1302
764
133
114
100
64
1495
739
1501
1280
160
1475
11
3
148
1854
617
67
1074
1924
25
284
135
128
167
960
54
83
1004
66
5
1764
474
2
1090
32
499
59
45
853
9
1198
854
25
34
52
4
416
533
22
12
529
71
3
134
5
1861
111
970
752
10
525
2357
383
222
25
385
583
1
397
16
15
651
183
254
223
118
431
2
424
5
1
105
1411
1207
9
213
2401
6
213
258
135
70
89
141
664
170
101
41
209
1081
4
167
125
1873
623
4
645
2495
8
59
1
74
731
5
153
391
156
391
1396
74
1086
232
57
113
140
963
139
525
537
1069
2249
1890
1515
169
1011
226
2
96
1
1
275
2368
972
2441
70
2494
538
1901
2384
160
3
164
1890
1938
273
1208
652
477
1839
213
275
103
888
21
23
3
1
12
90
257
1731
1172
2431
2440
254
3
1943
859
1
1785
156
2147
100
44
244
683
602
288
46
122
5
84
7
10
661
196
265
330
845
25
272
149
421
763
16
4
12
1819
7
1
140
2281
2137
5
522
524
60
115
1257
104
28
41
148
11
35
244
27
1312
341
2
654
36
177
173
81
51
904
2359
1188
1555
480
6
70
134
56
23
35
42
930
669
22
12
1090
887
1237
1300
325
12
1732
466
1562
30
33
1761
90
7
1790
330
14
173
35
80
1835
12
924
176
131
16
13
27
879
9
472
188
1631
1836
118
35
58
17
918
19
339
1
127
66
811
424
1730
1
4
91
53
52
1262
802
474
1170
99
26
23
3
29
117
100
2159
10
906
2421
460
19
904
481
150
346
646
434
213
8
1562
573
21
425
1
149
138
528
1
218
545
64
4
1672
901
903
41
1997
551
333
448
204
14
1759
240
791
1
475
443
1
12
147
2326
2
108
56
9
3
308
181
2003
266
4
800
1
905
280
413
2008
1690
91
52
73
3
790
208
4
1049
227
823
627
1705
958
6
818
2237
137
6
113
1472
2443
148
238
224
42
1850
689
693
11
1
81
4
2320
739
2039
12
396
2361
176
712
1185
7
17
2228
1086
229
568
197
622
718
15
2
53
15
3
791
5
485
3
28
830
1
372
8
515
18
12
164
76
64
14
92
10
7
48
542
1
121
3
6
260
213
562
166
1095
1
2183
6
115
2
1549
535
278
657
359
830
461
2373
1251
26
122
421
260
1767
133
9
52
213
1350
551
5
4
694
20
67
320
1552
411
157
1
1
710
18
85
1705
53
268
8
13
184
59
5
1159
61
10
840
87
33
575
2045
2069
348
2366
2113
4
33
351
1816
17
2003
113
1200
340
6
1338
330
56
88
1071
104
296
903
1808
11
237
1172
32
3
610
357
12
325
732
11
159
267
15
1037
185
1359
1103
7
5
1
831
1527
1778
670
1072
535
129
667
313
2231
7
50
543
170
1231
313
179
78
179
257
501
1049
1517
26
783
530
294
2212
555
585
1
396
40
129
1
497
395
1620
14
244
173
100
13
687
84
19
305
23
1
19
2
130
435
163
62
52
2044
31
1412
6
2365
475
1456
184
1604
2
1974
916
1071
446
595
295
34
1109
10
369
1928
629
551
262
227
289
38
560
147
86
654
53
968
8
3
27
38
2
74
2
1497
298
191
1375
1428
7
824
17
935
222
16
1291
540
828
352
160
1084
349
232
121
535
51
1605
170
628
1231
2283
216
328
803
1
111
514
2392
172
207
161
570
916
32
3
6
37
349
477
10
519
305
2
1084
536
15
28
931
2181
671
1117
842
12
298
1787
1096
239
30
3
2222
654
85
42
14
406
362
72
708
332
196
3
931
2
1960
20
1337
6
925
2403
1022
75
49
251
434
1049
1589
10
1090
2477
337
2251
222
441
254
7
1225
397
665
83
634
237
14
2291
8
326
204
1203
1261
514
398
67
2371
381
1
1765
3
233
1287
15
726
672
2146
301
184
421
2454
1
1962
752
119
15
1
1502
154
458
339
2
521
440
1797
6
578
179
169
59
532
54
375
2404
205
275
5
2
44
2160
494
849
209
1418
837
16
423
6
6
2141
188
1437
1093
204
37
267
88
126
486
1359
212
1780
682
471
2160
1124
249
435
60
7
1197
137
169
12
242
266
831
92
3
47
125
3
1944
335
73
1
329
768
1652
1710
5
6
1062
2
299
1616
1
2053
80
123
2395
317
120
54
21
558
2352
74
111
143
1
1
1188
520
14
419
756
275
893
4
26
121
974
1409
878
169
1169
17
26
498
658
339
1532
1128
68
29
641
170
28
84
145
6
133
25
390
21
82
28
10
851
867
3
2
31
269
15
1668
27
1893
889
742
2292
2
87
243
2382
1433
4
1763
18
1406
432
13
122
190
209
1
2168
462
2
1405
519
624
18
210
2320
1822
491
43
177
1739
498
9
227
76
38
1
19
410
1528
182
247
39
25
27
2
11
827
58
1
83
714
811
41
1700
2
197
258
239
81
280
8
2
1707
2
878
247
160
36
1251
213
36
657
605
12
1659
291
2183
8
2055
431
554
3
42
844
233
40
5
187
1235
867
464
103
448
551
296
726
251
2489
93
277
2242
1
3
2
85
1
10
767
15
5
475
644
754
508
315
152
320
75
1
2043
542
26
69
1013
159
1
72
200
2290
17
1254
82
210
1602
422
3
722
53
96
74
1842
4
4
3
14
482
177
11
1842
963
940
533
420
946
461
1
856
1969
536
813
801
1153
226
79
1
537
906
40
15
6
11
1096
11
1191
993
4
2450
518
69
850
1164
3
659
1
115
55
702
121
75
1885
1412
115
48
765
1
2141
32
3
877
317
1119
2180
1812
341
103
159
45
662
2063
2387
302
158
1986
2335
799
16
907
24
2351
1
115
3
785
3
9
1609
2
787
1
1906
661
2294
1162
186
4
1089
68
1
1438
988
1008
819
1237
3
2
85
5
139
3
55
131
823
1252
2286
1
526
385
2223
1010
404
265
288
1179
16
776
2253
21
196
411
12
1301
37
28
2
91
4
61
45
529
507
60
739
808
5
9
6
30
199
433
12
26
654
65
41
13
3
71
2429
23
109
2
477
85
20
1736
79
79
2
110
2021
144
2003
348
166
923
1
855
7
602
2026
2
8
192
193
1864
2329
129
1769
111
29
10
1973
2014
35
1875
2476
37
122
1772
519
790
2
149
1678
470
973
286
296
9
21
96
2023
835
2
92
102
302
2259
479
10
1084
14
1
3
1952
1841
63
66
63
1111
435
501
23
42
2432
46
146
196
241
1570
906
24
271
12
754
1059
1703
1987
2445
1709
11
4
3
21
865
43
1437
2056
1491
2139
178
119
22
573
366
628
908
45
151
1113
286
23
1998
605
367
132
156
168
25
108
313
1
144
70
9
73
506
135
36
1041
41
7
1992
99
180
1778
167
724
1326
1
5
65
2
42
1039
2135
2218
117
1866
26
2
119
450
1475
138
1321
98
24
39
623
2450
84
791
2
1017
138
2248
2338
84
251
1440
196
606
1698
3
53
269
786
312
2181
23
3
57
1140
1336
44
3
251
1932
83
2013
34
214
709
1864
23
12
9
1943
2
420
571
1341
2313
26
1120
2263
5
231
924
421
2155
127
1103
149
1534
12
413
132
2
31
2195
355
549
105
81
5
2263
1
72
1
478
1289
1
44
1313
13
36
1593
1387
85
164
327
666
23
2
232
2
438
1269
140
77
1146
395
1544
1978
660
420
11
9
1
57
1510
745
2
59
719
45
1468
245
1715
86
11
557
495
977
423
279
417
188
14
9
9
173
1
27
24
697
2213
54
14
140
1651
2
41
4
17
78
3
1279
164
1486
6
1306
169
263
240
2
307
1
2423
2279
145
32
3
194
2357
203
14
2188
685
44
614
101
91
2089
270
197
571
4
177
1249
116
36
5
27
1912
847
1663
811
161
855
430
20
314
173
55
1354
853
13
38
60
5
539
529
189
27
958
1029
1421
468
700
286
1348
309
588
426
1155
3
57
1519
429
1634
2
2004
1628
114
1832
734
238
1288
624
23
21
265
178
1623
1
173
3
33
413
999
953
496
17
2
56
878
133
8
83
296
1103
869
366
1661
21
14
1098
1908
155
634
1330
49
376
1762
2
4
37
2256
71
900
1
110
2
1
21
1025
1223
138
31
2
1266
1113
171
138
411
406
419
4
31
1672
5
1917
226
273
7
2
8
349
1851
1063
273
7
212
1743
60
329
381
3
109
1377
153
165
1026
23
9
164
2002
2252
1
1094
443
1
244
2
1356
1
1
2
86
927
1
3
328
60
769
1244
16
1950
4
373
4
779
189
17
546
338
378
72
4
877
360
7
916
1591
2301
84
1913
9
1563
498
302
2338
789
51
31
181
194
66
21
11
7
13
1585
840
405
25
30
18
229
125
703
1963
381
37
1973
502
1633
1452
1
9
2329
333
1623
1544
1613
1721
25
2
136
5
59
8
3
1
843
2427
32
576
1201
544
987
103
2
206
47
74
2480
415
553
9
1559
1012
441
1
324
79
1078
5
669
3
150
591
259
1101
779
35
78
321
931
400
25
2
1
557
1651
7
4
190
860
554
103
24
637
1601
73
4
18
1761
131
1
454
1
14
3
473
1
1840
1005
16
1
269
1771
774
2090
6
283
430
383
23
622
1
1106
1010
104
219
17
57
506
892
71
1887
3
2
2134
15
24
921
375
68
44
1946
876
780
2
2257
185
90
1497
1862
1
475
2
185
1255
39
89
1710
1660
3
256
24
19
417
7
128
441
7
9
5
214
113
11
1224
18
652
714
22
874
1829
782
82
18
1133
6
1012
140
7
2147
1876
120
40
2
494
1367
999
288
46
838
71
1254
7
431
1073
1036
2030
759
579
486
1
268
2294
423
8
10
283
44
285
939
5
1072
11
104
3
2195
404
283
2362
180
8
519
507
4
16
2139
1155
312
87
1
892
198
13
1348
544
4
1681
26
539
4
3
547
9
90
953
8
22
1268
489
25
48
1042
1758
879
590
468
1225
4
693
352
120
358
168
17
413
1
1845
1074
121
1852
1
787
1
474
604
644
327
219
2309
184
347
10
726
14
1
6
743
762
231
2
1809
33
2424
13
1233
147
83
845
1077
272
74
58
1
408
7
312
2
98
94
836
1
445
1000
1
413
68
450
1451
24
821
1722
226
496
67
794
2060
2058
743
1651
1479
268
23
776
237
98
317
418
726
449
1
90
887
1902
484
306
1082
8
2
98
214
3
2437
798
139
401
693
1364
87
116
48
43
537
78
112
49
1253
440
773
24
4
1914
524
1209
4
511
1
1290
173
25
1635
1019
1
770
321
25
1879
263
8
12
106
3
8
607
1
778
10
1215
60
807
1620
1594
94
51
12
2370
258
183
1769
47
1418
1434
188
44
2395
902
5
134
765
39
933
6
14
126
5
1447
4
4
213
1628
1
8
4
107
40
184
147
1216
2185
29
160
7
954
3
288
29
191
63
167
1
1754
224
207
13
39
206
2305
752
3
2
723
901
3
133
679
12
171
755
1867
1213
26
4
61
65
1735
54
66
2067
401
1422
634
355
1151
1
1
2152
1
1771
68
57
109
1952
68
59
37
10
66
418
1602
85
773
942
1368
559
146
6
73
1
1333
1502
1352
1133
1
2101
1586
17
1471
1
116
32
20
1356
879
388
354
128
86
1
459
39
1700
20
194
22
624
2134
5
222
10
640
1954
136
1516
120
37
278
8
1961
23
2215
81
469
1503
492
292
338
1499
8
1442
353
76
156
1632
980
1844
183
1576
368
2071
2238
318
14
1922
357
262
1842
103
1459
28
2371
1
35
171
199
55
436
797
113
33
1
191
569
220
523
4
304
1976
435
5
198
2020
17
1246
204
608
2090
9
3
2
7
179
8
26
564
733
2
24
2367
2097
1
1358
232
12
883
402
52
36
2468
36
15
807
1983
1015
490
1517
14
1821
624
37
26
6
393
4
512
39
1220
145
2
8
17
24
101
2211
1047
516
1615
1213
2072
1666
130
7
1543
97
7
2045
48
1348
3
1196
476
1647
1273
2226
167
878
20
641
33
36
49
547
34
23
11
1
71
322
225
249
1308
80
767
1
1488
594
150
62
1239
1088
466
312
1832
18
1512
79
1938
1
14
809
427
510
1456
513
38
682
261
831
23
44
245
1661
779
523
90
70
81
62
663
586
221
806
614
822
240
1101
469
5
1871
705
196
659
33
111
2
1322
1250
24
250
549
1783
827
2
1287
96
2488
69
632
2333
13
138
1390
315
1621
84
6
76
1808
211
504
35
120
1
3
2321
37
22
1818
1320
290
92
2
1140
81
6
1750
80
841
180
1225
173
2031
96
1
88
50
1
851
313
752
106
30
420
93
1413
485
82
6
2
237
978
1241
788
8
1
195
581
38
994
863
10
110
482
3
2
1186
346
1
225
11
2
1
93
135
1689
6
292
7
23
12
33
629
2325
49
1534
161
169
151
1381
370
2
1492
395
441
138
6
1406
404
59
686
18
563
69
821
4
1582
30
5
45
27
267
1144
28
454
295
26
16
819
46
2182
1843
13
2404
1
613
2498
53
2
1905
415
11
5
702
1769
386
2494
231
25
2016
1673
11
1210
321
582
922
3
263
12
1
196
1063
292
28
1569
1
2191
436
1159
911
592
1105
597
837
1186
906
28
1035
107
2
51
16
2002
19
156
1
529
2
1643
29
218
459
866
2247
7
2
2257
18
7
1361
421
1153
443
1
2
150
1562
42
35
21
1508
387
38
1674
16
25
195
1718
1
1172
376
903
70
2170
883
236
113
1430
579
256
14
1752
1
2020
48
2219
535
257
515
241
87
303
2249
2371
383
511
157
676
889
80
4
655
17
6
141
361
1
210
767
30
1950
276
18
12
22
3
402
1880
649
144
932
461
388
2376
647
542
748
1684
601
5
1787
510
1408
1818
90
10
76
1
498
5
26
499
1287
502
1708
1092
421
398
257
29
187
2452
486
1562
1299
1023
152
569
3
176
2476
99
1048
31
153
375
11
32
322
3
252
161
893
33
8
84
981
440
157
41
31
32
1
76
647
1487
965
16
1579
725
23
62
5
95
1016
1070
2
1354
245
627
250
3
30
358
2395
36
724
166
7
1
590
1850
518
2235
1
112
1
8
48
943
1715
1176
1035
19
816
316
155
91
114
1962
400
1
5
1877
2434
501
569
289
445
2045
1
44
2489
995
718
620
485
42
1
170
1681
32
897
1385
159
40
1
3
60
64
4
2367
14
269
1808
698
1772
414
1342
854
12
1767
2082
238
696
2013
63
439
478
1402
38
1636
1446
722
208
1
168
82
423
11
77
461
51
170
44
161
1380
229
1528
1986
2432
123
46
758
151
2155
1
431
1617
56
55
88
352
2
697
1619
1915
773
140
271
305
739
1433
72
48
1205
3
16
893
1389
250
152
46
1
3
799
1131
649
103
494
1
396
38
2
183
1531
104
547
217
492
18
428
443
780
2010
20
1189
187
10
368
83
1149
4
75
1
112
128
444
1
2
2406
1005
179
1041
65
485
87
1883
244
4
164
72
2202
2257
63
23
5
1763
1633
692
143
41
1395
3
405
151
1
374
1013
8
146
2250
1207
213
507
423
1347
1
263
461
468
282
1131
16
149
161
2
488
416
401
144
1
71
1590
279
512
372
1156
2074
229
133
40
1992
1676
32
1
4
137
53
149
90
604
379
14
642
8
1880
187
2159
593
1915
550
14
14
212
343
1
118
695
7
2126
73
1727
1171
6
112
141
192
554
924
113
358
301
14
517
41
78
325
546
52
6
6
757
817
81
1212
1225
2152
2136
607
921
2345
243
157
1225
2042
156
857
56
1561
784
678
101
1245
1190
772
10
1009
372
938
1511
209
815
1
143
390
637
1498
10
54
15
634
1283
492
644
351
596
798
28
67
522
800
756
150
11
932
11
943
245
476
295
357
2220
5
2059
118
694
28
573
86
2266
2336
6
620
1169
29
2
2409
1030
111
80
1377
12
1173
288
1040
5
136
393
274
551
257
15
86
20
418
16
988
147
1960
292
111
5
188
1702
1079
869
458
2476
496
1548
1970
553
392
88
282
39
5
27
25
201
2068
401
1
139
20
3
389
970
1209
1382
101
801
1469
41
43
82
47
331
442
117
36
112
776
1351
76
776
354
1289
76
194
6
369
801
1055
359
451
58
1020
140
2
290
2
59
845
2012
2145
990
678
838
20
1744
67
177
103
13
23
4
2160
278
242
2329
551
503
1059
39
1761
56
698
305
93
686
22
83
6
2016
1245
541
68
140
22
206
74
71
308
362
6
14
10
583
123
8
6
14
158
1425
1877
510
1099
392
1235
323
1
29
85
155
188
168
2258
1061
518
1757
1
101
102
41
543
961
35
2421
16
371
2144
373
1039
1034
10
2030
73
97
24
19
6
126
116
1133
6
181
164
251
30
18
984
867
55
536
180
322
1189
255
105
1378
2350
1769
18
1138
445
10
226
10
237
1399
65
16
178
635
43
652
14
550
15
376
7
574
227
3
1528
191
1
2
634
30
193
1674
706
115
1910
1522
133
529
11
18
401
129
725
164
531
663
1738
360
63
4
39
51
1132
126
839
3
1025
12
3
88
1513
1542
23
247
183
1871
467
620
503
30
1843
621
34
271
1447
10
73
4
198
325
169
1270
13
971
2
1330
1216
49
53
772
549
85
17
10
496
2123
27
821
630
2433
748
1921
67
23
1365
118
6
151
343
11
2018
38
75
30
3
349
199
1276
9
1
1740
76
35
432
1471
1299
2358
5
382
1
1376
1448
187
2
626
4
1191
473
2
1219
260
3
1
390
641
38
1443
15
261
1
23
36
1
36
345
9
59
1971
1
11
405
1
2117
907
208
4
10
292
1262
1680
631
81
2
103
309
200
17
326
15
33
182
1139
655
68
1034
56
1
1679
429
2098
1334
294
216
1060
34
1633
7
604
27
5
12
428
14
52
173
4
1022
1
54
1848
1
4
30
1
2244
41
61
1
2
1211
227
42
35
88
800
18
2030
38
127
2
1590
2406
327
1400
7
934
2193
714
2330
848
61
2282
2
39
52
24
1
72
259
25
19
96
11
474
1
76
15
1518
489
1705
18
20
2297
1047
202
8
1125
170
12
973
1454
280
598
742
2451
967
1926
811
4
313
379
1672
1032
23
339
94
670
1636
421
1457
185
680
132
1428
24
358
2266
401
29
71
16
1959
311
69
101
22
40
9
1238
2460
9
362
2230
32
526
82
882
1532
147
600
884
2199
1398
2
824
360
88
296
1396
2
134
1
172
254
2252
2
3
302
340
1133
1133
59
10
842
1227
103
32
13
1166
1363
885
592
60
1
27
251
1
5
1979
1176
3
46
59
626
20
90
334
1666
8
149
19
1965
1620
368
670
1785
2381
137
1462
164
38
19
605
800
99
85
755
518
1440
2260
2
61
1
3
70
501
21
52
19
270
49
10
41
68
29
1889
80
56
1365
5
2433
107
545
1136
2096
1492
4
2
5
125
288
4
896
26
1836
1119
42
9
435
1474
524
15
1505
3
857
8
155
29
1272
32
1574
1
79
7
5
872
1047
559
416
98
220
1002
1523
51
68
2245
1056
9
1501
790
898
361
23
20
139
119
25
3
3
2219
1
71
686
1
132
261
2273
2322
546
689
2412
427
160
2274
2
105
218
1474
69
72
50
17
475
7
41
7
38
2078
5
1667
1420
36
2
626
1939
1495
1878
1192
1679
169
179
265
676
2
33
536
238
575
46
1832
543
390
2338
338
900
1743
1
623
101
120
5
1578
14
810
14
1069
6
2
349
1974
219
66
1485
70
2442
1823
786
768
1957
60
3
246
1003
202
35
339
125
1642
12
74
2046
2
3
17
113
214
1781
1776
16
103
1214
337
3
2489
1550
64
1220
107
1645
186
1814
17
23
1054
143
446
6
796
225
8
1299
658
1332
1
10
4
1057
1710
185
12
1095
868
1730
17
11
90
23
314
165
1740
70
36
161
981
1650
109
3
6
2254
4
71
50
130
5
2
17
205
1
52
407
545
165
333
1325
72
446
586
2375
15
1135
1606
61
20
60
5
198
2
6
1692
548
1764
2
257
94
1849
944
39
82
12
784
4
1693
2
399
581
1488
246
1226
34
1670
10
406
134
1084
4
696
1911
1616
20
57
2
189
1
2141
1425
149
30
1636
97
58
478
380
510
378
552
2305
1705
11
1365
1
403
1080
4
756
711
91
740
234
1
1490
34
13
1240
832
1901
843
18
271
1539
626
1
1
1779
2
126
457
994
1
896
1677
9
892
3
2127
1393
1529
1
2
4
17
38
12
43
489
102
619
1147
1314
741
9
1866
442
83
2028
798
450
1640
892
200
90
1
2
17
3
11
142
2075
305
308
359
14
701
1534
388
7
3
636
51
325
151
1
232
501
325
9
1796
2412
3
2309
502
380
436
82
17
23
591
49
89
2478
9
2
703
1580
1675
755
30
580
10
255
788
12
28
243
323
243
18
202
24
1144
2
26
29
7
312
99
92
244
56
1070
1568
59
2
531
1
21
714
109
1151
955
230
1
8
2415
467
1205
158
1970
66
182
259
954
40
144
1756
4
425
53
288
74
51
58
15
2157
37
1513
23
986
455
940
22
121
23
1172
109
941
344
1009
437
129
1628
82
808
20
2341
346
740
1684
18
288
559
1306
602
1
57
10
2193
165
804
1737
499
130
506
1646
182
10
16
186
2287
2
8
1719
80
161
2
97
1233
27
389
289
296
543
86
1499
290
257
1538
53
653
1224
39
631
1721
1
26
344
3
330
2065
1849
1260
342
795
13
61
31
2389
1721
271
1374
73
1405
1959
2090
221
184
2428
1114
118
5
9
18
1443
2
1101
1
262
1774
150
1242
56
34
1133
248
5
1967
1540
4
1327
19
11
23
2250
5
42
694
67
649
1367
54
141
132
369
106
927
210
1035
56
6
587
2
130
276
212
94
390
1
96
1272
339
228
1417
8
611
3
67
95
1
1
535
2029
783
54
13
784
1003
1
7
47
80
144
209
119
36
1198
1
14
988
280
706
900
1082
2
7
2436
3
1011
39
743
430
470
1988
2
224
1307
23
126
102
7
41
24
1
331
188
364
810
20
16
54
733
418
1105
158
2269
250
62
219
58
565
18
1791
978
464
379
7
481
472
1096
587
2182
1
215
390
363
1
5
1118
1616
11
66
2
2287
17
501
2080
2454
1633
49
95
721
189
231
1
81
637
6
9
15
1863
14
1374
1561
8
307
139
12
21
87
3
1423
365
87
486
1038
5
140
154
2
124
6
974
1437
522
148
2
1994
296
105
3
1971
1956
869
241
854
253
2306
356
371
1079
36
209
1
525
20
11
1131
123
1102
40
924
22
13
394
478
1712
934
1131
37
102
764
14
115
1
1524
1
3
44
1792
32
1750
115
31
25
785
67
2
962
5
12
15
284
973
1122
1397
34
28
141
226
402
1
813
758
293
614
331
1039
1
493
7
46
1029
758
103
10
1921
127
44
2
1
37
66
1743
1198
1324
1097
805
1
174
1260
75
647
196
2012
717
156
572
1649
41
6
169
6
860
207
74
205
1227
6
21
142
82
1059
1078
934
1
226
244
393
1433
51
646
13
2076
111
991
186
323
260
457
3
1311
1052
38
161
535
339
1
51
747
472
285
1368
74
245
14
743
10
1
2141
2405
2195
206
94
2268
251
10
94
18
1
1139
452
581
10
67
514
18
234
11
417
227
1
1772
133
1413
872
1639
1396
258
311
1301
267
2047
74
7
31
1964
166
275
3
124
13
3
1786
673
8
19
1493
1009
1
3
24
276
39
18
462
3
39
34
185
1368
1907
86
1405
172
75
469
954
31
113
1450
47
486
1436
787
3
5
2029
862
4
2
2
815
79
17
17
268
632
59
455
228
1367
1360
6
6
48
1302
118
1752
542
265
6
2030
1617
12
15
1579
20
211
164
14
278
66
1170
2388
552
269
46
12
260
1331
139
11
405
1797
486
217
849
1024
60
1
27
330
467
4
1879
1552
2026
467
220
1900
1660
212
110
2
1471
28
710
1217
1315
1459
1865
242
1644
2434
277
93
47
209
1671
1323
502
169
257
44
72
1475
552
2292
3
246
3
242
2
2157
1568
293
50
408
29
1007
24
347
1226
573
41
4
103
838
474
5
40
276
6
791
96
1383
1006
2268
831
54
16
146
2186
62
13
232
774
1793
159
93
1778
1062
127
1127
1147
69
1130
7
500
187
9
40
15
2014
462
285
1281
491
23
1306
1
79
34
112
20
279
339
1749
319
21
1131
159
61
555
843
223
1
437
6
94
70
2060
353
28
913
2186
1
668
578
3
1
823
2
59
1755
1887
19
1154
1682
1804
1
1727
900
1008
11
113
235
77
2124
41
31
1353
565
1
90
19
1925
270
200
1215
371
1
1231
2
1836
574
77
188
2
17
1
321
11
22
155
2446
6
537
22
132
1071
67
661
1
888
45
185
464
62
29
742
4
790
1
1341
51
175
383
14
1
1460
1052
1150
52
857
457
31
7
113
360
361
82
690
2162
65
2017
302
1
32
755
760
4
3
1157
479
593
199
33
1388
626
21
158
441
1842
415
1046
467
2147
41
2
628
1765
41
738
533
102
1
362
603
18
33
45
1709
931
13
773
334
2031
3
124
2
263
1217
2
747
662
1029
384
4
522
38
952
589
95
31
3
55
14
1848
214
19
918
1062
365
367
1368
14
4
254
7
3
14
950
409
6
19
151
5
170
70
133
2262
885
324
74
2061
2151
857
38
164
2136
2
158
2100
105
136
1235
5
117
430
102
977
47
149
309
2042
1321
1470
20
68
160
133
150
4
253
1370
2350
41
1439
87
446
233
2191
61
728
301
2048
681
4
88
626
1542
10
770
445
109
1607
1315
2
20
11
90
137
1468
121
1716
30
2269
20
2
99
2379
112
5
9
444
851
297
1
4
1013
375
947
394
29
6
13
2078
1081
1
25
352
688
1
1
84
40
1794
1
1107
9
301
1309
4
28
6
1871
1529
578
2387
1225
1084
276
16
11
1191
331
1150
136
203
42
615
547
48
976
1
49
1523
88
18
46
13
79
2005
1127
81
113
7
1
80
134
1584
9
1287
107
1
484
56
1185
1656
93
156
1582
821
490
13
2
168
349
7
73
410
131
456
913
1497
169
3
3
52
1472
21
16
724
30
2
728
4
142
203
243
1407
873
340
187
1301
76
20
562
287
7
2485
733
62
22
4
309
2268
654
1400
2160
1
3
1
749
241
2094
6
1030
73
149
1035
21
1
9
908
224
1955
116
33
87
139
89
1420
253
2363
938
1887
1911
2
218
1824
17
1185
161
11
58
104
1291
7
85
5
31
81
2
7
15
14
2202
4
1
1279
34
9
12
874
180
284
1777
779
558
19
254
123
830
482
386
5
2487
64
1108
123
1142
217
690
663
2334
30
1887
2276
3
565
4
205
734
851
167
21
2160
2
289
35
407
1112
595
3
35
1752
258
106
140
149
201
74
880
1217
452
1128
12
324
1964
103
384
44
2483
2
4
1
4
3
1880
695
11
423
141
31
425
454
6
361
92
12
966
780
52
2461
6
2484
1245
114
102
96
361
23
280
1610
509
1460
417
19
421
1929
15
19
1
99
23
2079
120
1
189
162
111
908
2
290
36
199
1755
4
1440
1497
803
1769
134
622
1983
24
404
755
584
120
2010
1467
2470
1199
24
183
79
7
889
165
642
9
2113
1768
190
21
94
52
6
453
888
14
33
8
893
88
4
2319
972
14
1225
983
1182
28
19
1467
2200
139
1345
14
2007
1
155
3
1078
32
1
995
2128
1843
2354
148
134
1782
121
1915
419
1507
2022
15
582
14
258
33
607
1750
876
41
3
359
99
154
299
7
1762
1797
6
1393
1
26
1155
11
1765
1652
1
16
445
491
36
28
1537
9
3
13
1245
14
787
5
1354
27
8
6
72
73
1
91
1
1741
114
1543
15
14
1774
37
1365
63
24
5
79
443
970
61
906
118
68
92
400
11
1683
1749
303
101
1342
220
201
386
50
796
761
200
1755
97
514
96
1
36
45
36
254
574
2486
2337
2
1
10
109
660
2346
189
1743
8
20
1109
1726
1792
27
977
6
173
2143
1625
2300
26
69
2370
485
1
14
1393
675
623
1017
2
1449
1555
608
10
950
58
878
2328
87
665
4
162
186
331
42
13
1
1109
2304
3
6
20
1
370
578
1694
1068
23
59
4
994
598
2020
4
853
85
10
793
268
1778
1369
2258
32
489
1521
6
42
586
4
115
1646
1380
1719
17
324
34
765
43
31
2317
4
3
251
114
10
1283
1606
28
1
149
291
340
891
2100
49
2306
1563
5
678
11
50
111
1343
18
619
1732
975
30
1925
1154
174
1292
1
1
22
250
641
13
2494
170
34
76
116
403
2257
34
121
55
732
29
2157
14
814
1
1
403
1156
42
8
1656
324
65
830
2330
962
2
38
993
6
289
908
725
115
456
67
2085
38
202
493
6
358
17
1
90
13
329
319
588
2326
349
1558
2084
274
962
1362
314
25
1
12
9
66
574
1
587
5
701
46
146
1134
1286
1
132
104
34
18
1889
11
506
130
2
65
18
750
14
416
1691
1033
443
18
114
1165
1457
831
2084
2370
2355
871
462
1585
1852
1236
507
119
284
980
2005
113
2439
6
1331
268
217
23
2
1551
82
1469
80
249
1
2358
2
48
99
405
691
327
149
1770
162
21
2187
2097
950
22
1371
6
43
282
54
40
982
7
33
1
28
463
1
767
1
615
1852
162
1344
71
682
2154
2
1065
1193
91
36
242
315
310
1343
1052
141
897
7
309
719
146
540
30
41
1777
65
299
627
230
1258
5
785
973
38
1
163
1445
5
2
158
6
1
301
60
400
1455
45
290
18
54
7
2220
960
2109
50
2205
1433
15
2
15
47
1996
392
10
224
1999
1044
249
6
29
301
36
978
1503
11
76
18
28
456
759
19
250
448
1891
1056
26
634
434
272
139
862
299
1571
13
1713
870
1326
7
182
1971
30
80
1177
165
212
217
1296
2472
291
550
1277
108
164
808
1418
1477
1910
837
561
1801
2
729
1244
1
347
101
2198
2
224
21
30
268
1456
19
572
1787
1141
19
5
1101
2
1797
5
26
236
1472
1069
1
99
96
1178
2
36
434
798
1865
463
1776
7
577
1084
31
43
306
1
1
2149
271
1766
125
2198
731
81
23
5
11
35
293
1
1408
276
2369
42
9
343
486
5
2324
1869
967
3
60
37
727
1
21
167
110
33
1616
89
21
304
794
1244
93
154
246
662
145
97
27
36
84
468
1782
1180
2253
1660
742
205
77
191
61
787
6
435
105
760
423
75
1232
1294
14
599
1729
167
1635
865
69
1
922
716
1121
57
1863
10
688
170
979
1166
8
1550
1840
28
539
6
1
700
16
18
179
1
1920
17
11
424
1499
326
207
275
9
69
639
1413
1
28
215
31
160
2229
435
14
727
631
1727
393
101
127
56
613
157
20
32
570
385
53
60
238
80
866
2132
2317
30
1147
6
2094
544
875
282
136
3
276
1323
2310
6
630
1231
205
235
1296
741
1
1258
599
1064
19
64
10
26
1698
109
2370
666
18
2
2416
283
3
20
2127
469
662
630
63
46
25
1897
523
78
279
1600
504
1661
4
137
2
181
1697
86
1916
40
338
1916
321
110
1261
1750
519
4
1684
1433
103
1553
943
610
2002
4
35
2447
1
2127
1053
14
47
5
7
1245
819
13
447
6
97
1
3
117
1838
746
61
87
723
301
374
2499
197
46
1576
399
160
34
1847
4
201
488
512
1485
1494
378
1314
225
14
1
1472
151
567
5
1770
17
60
742
150
235
1996
1254
1
3
52
1793
414
837
497
2
232
624
5
38
1489
249
130
5
444
195
12
50
1564
1
1961
41
1534
426
245
195
19
4
24
11
274
306
9
2413
1739
4
2215
617
19
198
1560
403
360
170
1038
2470
1971
1
1656
6
2419
2
30
848
884
9
1314
325
2291
63
28
714
1061
841
551
100
1775
13
1686
363
254
88
804
53
1
1978
546
18
1940
792
69
96
390
772
162
78
2449
261
96
260
6
2105
1
319
858
1343
2
1152
54
548
73
87
221
68
2265
17
2115
355
809
89
621
149
1643
45
3
90
2074
1042
6
1801
70
5
22
1025
9
1997
125
2375
83
1536
348
59
614
1150
8
315
456
62
2462
1
134
384
1277
910
178
534
1157
312
238
1594
913
166
276
649
1512
61
1939
21
499
1
14
31
141
572
745
1428
391
1504
963
142
5
1
580
1259
10
1
146
14
650
158
35
17
9
138
227
257
513
85
6
1071
28
1333
136
21
255
57
240
1075
1790
1066
572
1689
135
704
226
740
27
1248
106
1146
2119
99
178
106
140
1545
1
935
1512
36
275
691
489
67
1220
6
1543
88
1420
54
196
161
1
78
1
16
15
1923
366
2113
65
252
1180
1647
10
668
19
37
609
180
572
125
7
1093
304
126
275
84
44
8
63
1784
1
2
1620
558
2345
2357
44
595
115
1205
3
49
130
271
123
353
19
38
97
947
125
627
227
1989
631
4
2337
204
217
26
626
57
13
44
1396
2064
1854
1492
523
43
952
287
1199
842
46
466
32
193
199
312
400
25
2168
1784
677
45
1309
644
1094
150
1
34
51
275
257
79
2179
153
980
116
7
8
1
87
3
345
2
1938
1039
2184
472
1049
551
56
411
14
302
57
6
7
778
43
896
109
592
1684
16
76
1
2197
2133
220
412
1989
8
5
12
2191
695
8
125
86
791
43
29
845
12
11
96
967
446
319
1494
96
1
2008
1256
1833
214
145
223
70
716
4
404
60
102
2
34
409
1459
274
2037
78
224
1787
2442
2325
2024
9
149
1
1494
245
174
25
1
378
2483
36
2
318
2064
1146
287
219
396
10
302
2409
2405
2
30
104
897
208
257
3
74
349
1
2331
5
1537
273
1904
2494
120
1734
223
1808
388
700
191
2
186
3
146
4
5
60
326
402
536
1779
808
1304
233
448
604
156
1793
395
1119
643
15
252
1674
2219
1
62
646
16
797
269
2407
153
5
3
33
440
1224
1195
791
617
467
2
200
5
296
817
1540
890
4
2243
1121
72
33
2031
257
118
40
1283
710
180
28
42
236
90
666
1166
84
7
144
1544
40
244
144
24
141
330
678
965
321
2268
78
65
177
374
448
988
613
26
742
495
21
7
1026
342
48
2
737
226
483
424
358
81
66
876
638
13
1
1
20
14
14
31
3
1307
934
642
269
3
111
16
3
12
335
1317
561
1287
962
4
328
118
502
467
2
597
2148
2388
214
48
1436
62
1462
16
53
390
1391
212
401
273
910
45
18
1885
1236
1698
1
7
718
114
369
3
2433
249
2118
219
630
4
4
36
2142
2333
86
62
875
269
1273
24
385
8
342
155
2
22
8
41
137
8
92
475
1145
1509
210
2344
1
11
182
105
803
2
643
23
92
10
735
2126
1912
11
291
18
583
50
4
1929
434
626
64
805
66
1801
827
259
646
2
5
2256
416
8
1363
2109
131
76
2271
1
1864
1262
1472
184
62
1716
2444
4
395
15
69
957
257
210
27
2259
110
11
1595
981
1
293
1129
81
328
950
32
234
13
1
182
89
1298
1047
801
909
1827
50
285
1
1737
234
443
1003
3
541
459
611
2169
701
61
733
476
669
1306
208
265
30
93
1
415
92
876
538
12
25
263
1894
597
11
118
2159
338
2
272
43
7
935
441
684
161
1597
622
853
3
2
247
18
34
249
64
2167
16
9
21
3
281
104
30
427
11
28
239
1138
1044
824
186
1
290
1670
6
2
62
168
108
52
396
545
1
1136
23
218
1201
266
137
6
2
1200
630
1486
294
190
7
2
126
2152
775
691
150
101
1120
78
160
408
35
1241
3
38
14
1779
73
556
8
166
1143
270
1787
35
40
146
5
33
107
832
2450
223
273
58
575
2477
1505
762
7
339
50
277
91
1951
212
15
38
1654
531
860
57
2
89
89
74
28
26
1
366
9
1071
1419
3
731
558
10
170
11
7
695
105
5
71
3
41
488
1
298
1
1522
35
163
2
61
16
1407
2130
918
12
215
2
62
1480
1303
517
965
40
335
1
939
10
217
614
1951
367
662
219
442
1386
2
3
743
778
405
30
2
1520
98
1518
141
11
305
383
53
2277
972
389
165
1138
1652
2227
2084
70
1283
891
643
7
4
2199
428
1
1552
190
6
2426
1
644
1440
605
97
1939
918
1773
967
51
1196
736
10
121
553
818
468
762
65
2411
146
112
656
236
41
16
2150
14
1059
20
1022
2036
407
1
2
476
1328
821
3
716
442
81
336
4
2
755
99
237
3
141
14
38
2209
1
753
1532
134
642
207
3
1732
92
53
598
17
278
720
37
185
1360
370
623
26
2
147
921
1036
21
455
80
754
1
4
856
222
1787
217
1
1275
203
26
148
2256
788
443
696
8
608
37
3
4
35
227
1729
1
30
100
20
1068
303
1038
362
1092
260
13
331
11
64
553
2
998
2
2282
403
38
38
427
748
92
916
366
488
230
518
50
238
566
128
39
35
206
2
41
452
12
15
418
537
1598
941
1576
2479
259
118
671
1780
5
1986
522
2
893
10
1221
1356
3
1720
311
310
1537
110
954
160
413
1330
2468
1287
110
54
1398
646
27
765
2256
31
40
3
1619
50
2
122
2236
1023
397
547
5
1776
31
15
372
31
58
429
2
133
76
1380
2472
9
2
41
892
197
1178
1979
65
554
1419
55
581
93
471
21
22
101
1302
687
103
25
284
1358
28
1
547
60
3
239
3
582
1
2137
209
919
2329
568
51
4
2
130
33
640
3
896
46
175
418
535
1478
1368
1440
1051
1958
2022
26
39
866
552
2082
79
73
379
352
1997
495
864
236
1837
1
1914
28
1255
632
1860
67
1641
13
1
1143
128
254
1255
5
994
2420
524
2197
90
95
12
1561
3
14
17
11
12
1132
1181
246
2318
2
1212
1629
428
17
928
7
127
138
2
4
1998
1
317
264
28
795
21
122
7
1683
17
1314
1548
437
614
2
1705
186
408
9
1278
1311
73
1585
34
1729
6
2217
2321
5
57
40
107
5
198
301
9
880
99
35
171
10
74
2
877
14
184
95
2241
1373
297
1
1657
122
81
2256
258
53
87
74
456
270
356
5
976
236
790
10
2393
134
1356
64
19
125
1902
180
36
1517
1120
2396
585
5
1012
3
919
296
184
486
2108
2067
558
2156
642
833
2
9
1717
123
450
1
63
358
260
2428
549
72
12
150
688
1468
16
2
28
4
753
2117
214
425
29
123
228
1
282
59
590
737
604
17
267
416
1761
19
259
2184
375
182
870
337
1006
74
24
893
34
1312
662
1270
1160
671
1965
235
1017
602
3
304
569
1806
18
469
110
797
867
501
163
70
1850
1563
8
11
26
1357
1024
9
1074
1192
1475
122
690
298
231
29
3
1151
1989
3
2
183
1890
19
222
1428
495
5
2417
1275
96
1011
306
92
137
1360
212
389
2069
18
219
1281
1264
630
11
110
32
1244
546
7
1324
33
1342
77
65
332
1828
113
50
466
2263
1481
230
13
1744
788
29
1539
463
54
18
2
1617
958
12
523
1178
322
923
1431
810
233
155
55
388
77
407
172
1323
372
4
1511
793
1908
115
33
1042
1342
2138
854
409
24
1
402
1502
624
435
1425
646
690
1
210
8
510
175
19
63
261
697
2132
137
1
253
204
544
312
360
1099
4
622
1
56
292
1110
8
45
917
37
67
4
1890
1852
8
530
1869
190
2
1047
115
388
776
1
973
1264
24
1042
82
244
41
2077
1033
1254
935
161
4
200
26
516
1230
2069
94
62
1098
2470
430
1374
1062
169
145
600
896
127
923
20
398
1768
290
126
4
3
272
2224
305
58
2455
1321
622
74
1186
1107
601
574
816
72
1037
1
307
18
21
9
26
8
2214
1
189
143
6
17
289
8
849
1
31
1274
627
382
15
3
259
2
785
677
1353
2434
1226
160
1411
50
300
1334
866
5
1680
431
1177
2077
21
234
258
1190
184
190
1241
6
439
7
74
747
387
32
5
724
41
567
2156
83
2000
207
248
313
53
2406
863
6
2483
50
1180
54
2444
65
1009
4
618
141
1482
832
236
227
1573
23
999
1
6
455
25
4
2
642
8
2
120
397
65
81
1
23
88
1337
165
206
986
2329
1157
43
1495
206
700
1
188
2259
66
7
20
1261
34
59
248
2456
195
250
1227
1837
52
59
3
326
9
38
620
48
1288
2055
1089
53
456
1909
9
19
644
580
587
506
2339
846
521
17
1
1615
67
120
1003
2
2315
8
203
875
18
1504
1845
395
77
1352
132
2371
51
29
29
17
413
301
145
353
12
478
26
1169
11
844
2265
1
1
312
25
1337
1831
870
41
3
1356
71
90
2415
957
17
40
1527
2
5
1994
219
37
1
1130
2
1589
639
1385
986
174
1
4
105
38
2415
207
1422
250
2091
219
53
158
28
937
1457
838
1180
98
622
9
1
78
739
734
11
477
611
141
1732
184
1513
425
102
1814
69
9
140
2362
455
974
422
109
727
19
392
545
18
29
21
1968
1736
3
110
1050
767
243
697
264
6
1073
3
15
53
1092
24
2
26
2
1961
157
485
328
91
79
423
2
1200
1787
817
1870
181
157
2164
217
33
3
765
292
14
23
55
65
29
53
153
2
1288
65
187
782
262
893
212
1224
128
1153
8
191
15
5
41
363
1070
1192
25
406
120
211
139
461
2444
308
177
712
107
577
965
128
554
25
1230
1
1844
207
12
109
104
1
467
238
68
1504
1804
72
4
821
2
2456
165
2336
67
185
376
179
1541
57
791
1966
156
372
183
53
1
1455
25
695
95
637
176
9
2
452
641
6
443
53
44
23
90
339
12
77
1661
543
1961
4
903
36
1670
2024
330
454
17
520
2266
418
62
59
1
186
126
2
846
8
579
364
871
82
118
211
2043
89
35
1690
4
13
536
6
1
1792
29
2
1375
32
83
166
246
1357
39
8
243
8
65
26
1152
15
198
329
700
1552
68
830
62
250
65
1389
480
10
15
256
157
48
50
1412
405
1774
6
2427
918
40
506
59
205
29
1368
1040
489
903
13
111
99
4
1729
1048
117
1498
148
1911
13
5
928
50
2388
749
78
386
1035
1453
9
2393
54
275
143
19
22
1
247
268
194
950
162
12
592
187
1419
489
631
211
1766
675
576
30
373
607
17
620
851
11
247
101
3
39
2375
2
65
84
848
49
37
1089
2039
384
1108
815
998
11
1039
1127
1407
1408
2
197
18
924
889
16
7
134
168
459
750
10
2110
775
1803
503
112
4
437
528
2189
94
52
11
223
823
2
2245
97
1364
90
59
1391
122
579
24
4
50
235
110
412
338
1809
1326
415
1482
13
15
6
2450
66
224
1
2175
1146
1438
573
29
550
2323
984
76
9
20
1570
70
2344
774
3
1
2056
39
222
565
1939
14
634
2190
50
307
1780
3
5
1176
8
273
1595
7
918
50
1484
33
1279
2200
1
288
201
1213
1212
352
1627
1509
1055
193
1002
402
97
736
850
12
11
22
45
1385
114
6
550
39
1025
185
2351
32
5
93
997
1626
555
1219
302
38
490
35
36
21
9
517
53
1019
96
8
1685
1
2
126
1259
1928
556
26
267
100
3
5
506
221
2272
1306
52
9
5
2269
3
1916
492
73
605
79
1270
41
2
285
1657
1
1519
419
1
1906
241
2
2291
4
112
9
914
553
256
550
59
235
42
18
2231
60
2002
2115
582
2
77
16
509
130
741
874
218
43
160
52
1189
244
1962
64
217
373
2368
6
222
47
2305
2
1124
482
289
1501
906
256
1
1877
2303
108
84
1750
1340
212
297
519
1
189
5
1266
318
1904
379
666
59
67
10
1476
40
147
76
120
218
363
2026
181
14
2276
65
897
144
151
1380
395
315
1048
630
1609
493
1
382
56
677
2077
75
1790
46
108
79
2062
5
933
1369
2333
11
205
1325
1
1349
309
3
75
826
34
53
81
13
1582
503
86
204
64
2250
2
200
801
134
208
106
2323
1
1833
152
250
548
1947
113
381
48
127
113
36
2402
278
47
652
1789
92
266
747
21
1
667
178
2
672
33
420
1838
1921
1
55
687
61
6
189
199
3
33
65
2129
1341
924
651
19
405
1242
820
1
718
227
250
1008
159
237
886
563
776
1047
251
2154
41
386
13
64
61
81
127
920
1256
13
407
2
114
108
29
1299
152
5
1
1197
1923
802
4
110
1326
526
1775
279
7
595
318
200
40
1515
1
224
221
1139
386
1293
1
236
39
1148
905
570
1139
77
387
41
252
1256
1141
10
20
54
1
9
17
1292
1808
29
4
5
26
415
358
1
1468
126
15
1048
1
227
57
64
7
1876
1181
845
1
64
1721
14
852
1127
340
2
46
252
1248
46
2
300
65
897
238
4
1677
153
92
1100
1
704
317
226
255
811
10
42
1373
8
529
1439
777
2272
1167
1588
1046
5
302
29
1602
319
427
8
611
2481
1
161
14
903
1351
456
127
11
932
2428
282
14
2
781
25
132
21
317
874
1
4
772
1
60
368
19
754
680
2
326
1
18
665
2119
7
235
443
6
807
2195
191
15
110
204
97
627
7
2072
4
6
749
83
2087
1320
2046
2189
15
61
394
115
232
1758
51
135
1513
735
4
5
35
571
15
773
1649
752
111
878
1082
7
568
195
653
1138
358
2
2
7
1193
1015
1
165
3
148
13
898
1
959
1
136
1
6
83
320
61
143
1284
13
682
1105
182
60
345
52
77
1582
211
2
214
578
11
1521
1
1
1151
179
2210
516
349
336
529
733
782
296
331
1375
316
1439
324
5
1
194
421
240
75
5
1092
1154
310
382
74
103
1201
195
15
128
13
1101
939
2
1632
54
864
1255
13
2281
97
621
626
1038
362
327
94
1179
4
196
1
1546
1685
100
13
18
1279
208
38
97
276
268
26
2393
197
1
13
97
2
1122
11
681
2204
56
1412
1253
395
840
1
40
159
4
37
221
270
2389
118
487
1041
162
12
4
425
248
12
60
418
2160
13
1
1849
1410
689
410
3
453
1913
255
1494
735
1784
118
107
1931
36
19
10
1556
15
2
845
1364
721
10
2107
660
2423
1690
1069
1712
1783
15
202
172
20
19
2281
76
201
518
162
127
1773
368
120
156
130
6
313
134
638
141
1226
848
333
1099
10
1230
173
1356
1061
360
440
23
1918
207
61
110
46
1710
248
1421
235
148
2462
219
70
548
1279
2113
1
71
4
824
1979
439
621
1875
436
246
321
189
1568
64
1
349
2019
170
1305
5
399
114
102
1
875
291
1918
251
35
1335
185
49
253
1112
2415
3
2062
287
983
8
173
4
1237
609
900
1973
2178
1
7
1247
354
95
1209
468
1123
646
906
227
282
85
15
2171
17
590
1643
121
132
2461
79
133
1386
250
24
13
192
1596
1
1570
1
59
72
716
2030
662
394
2
2366
170
633
24
1044
153
524
391
778
393
130
10
43
812
6
18
876
62
27
6
194
23
836
2
1258
321
779
1
1468
900
21
40
29
1031
17
1
1593
172
99
1644
524
15
1087
777
5
83
7
476
363
635
10
2
27
2
533
598
2447
356
339
635
1637
34
17
1956
601
1038
195
2284
48
23
4
175
159
1767
2123
1828
292
307
1029
32
1
85
148
1283
2059
10
570
21
84
35
209
1250
116
6
4
2110
130
977
96
1448
3
101
1400
1
2492
209
520
203
154
55
29
1299
7
1108
750
2160
166
7
217
2407
89
190
59
31
4
139
21
503
1
404
93
625
75
45
2036
22
372
1
5
1
114
419
1716
1
252
117
238
27
2422
311
1
149
716
1931
891
764
1225
989
764
1684
1178
1893
1550
1592
62
1441
4
117
185
774
1614
1
988
1267
381
272
1423
174
923
1110
839
458
87
5
95
1002
384
145
972
773
8
2
1069
885
8
12
557
1309
1995
966
215
742
1790
1020
2367
1823
11
1261
1
47
273
922
1
279
2
1048
101
330
76
25
367
103
609
1
3
456
1992
11
1914
1913
1
3
85
612
138
139
130
459
1103
7
821
1
20
19
8
2354
165
2233
325
83
746
1386
1
2373
18
27
1851
219
6
513
1537
95
2284
188
11
1
2206
12
165
149
403
139
619
7
19
41
563
1330
153
165
958
179
235
275
237
70
293
715
5
90
2116
563
2180
1139
91
45
943
27
10
110
1207
34
173
245
4
3
750
375
2169
158
981
900
204
560
37
8
2234
70
1320
1860
1317
14
314
48
1
6
1263
1481
401
1294
28
22
24
95
1407
786
731
162
414
1304
68
424
1572
7
636
680
1259
669
1358
875
2
12
8
270
10
240
12
589
72
791
88
95
1641
564
893
221
158
459
11
52
1343
90
22
30
2211
15
5
40
2395
66
100
2059
1714
1276
1354
620
1909
440
13
1981
86
1
310
4
1142
1237
184
1469
226
1378
1893
122
192
6
197
104
12
4
2333
478
338
308
209
62
1086
1767
111
165
435
1027
37
78
455
4
122
229
1827
641
1471
249
2
250
5
802
421
154
238
144
6
1784
1618
145
805
25
136
307
7
526
249
11
994
111
1543
8
37
1
12
331
2129
6
14
675
271
18
140
452
1
809
107
35
1
2
32
294
351
1
641
345
216
36
375
1932
288
2
1747
46
629
1942
1570
924
499
1
399
142
188
273
231
154
31
290
1789
142
3
28
2418
575
39
148
1
332
461
1999
2301
497
2410
470
828
7
990
1608
62
307
440
2
505
2088
12
1170
2182
632
2
215
1643
1205
16
53
2171
1169
797
640
124
789
77
9
8
43
189
928
11
878
409
178
11
45
14
17
132
1316
1420
235
526
136
3
2155
944
9
1140
2046
2
494
1115
555
37
655
1420
201
21
61
338
1935
38
617
61
17
17
625
778
917
2173
181
2225
440
131
760
970
575
580
181
272
837
1293
2
9
689
108
719
2
363
489
268
462
1
1
2
42
39
726
51
244
2282
1038
135
4
45
13
49
3
547
141
3
1534
148
225
12
294
9
267
10
22
1628
885
1
1
24
186
30
146
34
10
791
1275
4
10
1
5
2324
245
671
736
26
1
706
106
1
2429
817
44
232
2384
70
300
4
615
1678
49
1
1
5
1338
211
1488
560
1310
1427
6
5
784
434
49
663
133
169
995
294
252
256
27
290
88
75
73
138
5
1357
327
1116
1311
72
120
304
1247
223
59
1422
806
274
502
708
33
841
1625
2372
17
529
597
305
261
949
85
533
8
370
114
812
834
22
347
509
15
756
489
95
655
1
518
423
1
871
84
21
2072
202
111
435
893
660
664
53
794
10
594
731
1917
1053
95
36
675
377
748
6
305
502
24
255
2
966
7
1627
19
18
202
261
302
1079
79
1233
39
1025
101
164
2169
501
70
2
161
30
41
1
55
1
9
2452
1985
8
1418
35
2
26
27
1
144
1130
12
281
797
7
10
12
29
39
808
177
2
1635
3
1289
5
122
2
2433
1699
372
570
422
788
1001
62
8
7
2
1057
9
117
16
1125
415
2
730
300
6
313
14
392
2038
671
1503
41
17
157
41
356
565
117
544
21
2345
1238
2
1184
258
459
373
175
27
36
113
1978
9
163
1443
1
1582
1399
372
22
2106
113
408
95
106
312
67
31
5
548
2241
705
1659
768
95
10
114
686
74
933
5
505
2
22
719
9
982
1997
9
3
52
1
1
1811
1826
560
3
131
11
415
17
1997
182
1243
5
1096
14
31
2115
132
955
46
219
236
1852
781
296
203
1
861
1129
347
1981
367
14
1823
264
190
137
608
1463
1827
37
378
410
172
36
856
41
1683
1
882
1789
688
911
1094
1207
336
407
1373
856
857
598
1
92
57
323
448
1544
1699
57
1472
1189
15
84
1453
1984
842
5
26
199
937
246
56
2006
239
125
126
1132
1198
1902
1
259
158
201
655
514
81
1155
205
330
1437
23
1622
1331
745
2
119
1939
275
1094
57
83
1659
1
125
44
1
2020
8
1718
222
299
9
119
569
877
322
702
1047
19
2177
376
4
1988
112
719
406
9
2227
13
2
2
157
965
278
528
375
207
102
7
80
169
1649
2183
64
1175
2427
2
94
6
1512
1875
980
2078
85
107
618
74
915
1449
15
1015
1792
2372
30
199
192
1
1
108
8
1593
99
6
350
30
23
200
1813
342
9
1508
2185
668
356
142
2285
8
1060
214
1
168
459
924
6
350
11
135
462
567
2338
2440
4
10
1
40
311
43
226
34
4
577
177
3
11
652
637
7
1625
3
43
452
529
16
1
21
36
485
139
676
27
53
558
1466
10
87
1102
62
1
47
36
1150
172
1293
2
109
1483
2347
1396
52
94
1559
73
30
228
2024
222
2121
237
150
1103
170
140
164
485
980
770
446
1391
42
2
56
2
656
3
1832
26
2171
189
199
387
971
12
364
344
4
2048
5
49
283
1
369
23
199
1118
1887
3
769
521
96
255
180
61
2
13
415
601
15
1220
5
1358
1922
1639
51
1330
106
92
373
1702
346
2386
1593
1620
1654
2
112
541
12
1808
10
1244
117
2
658
1898
230
85
782
325
9
2137
671
1921
2144
82
2387
9
179
909
27
330
3
1148
134
9
186
222
493
10
1620
299
67
1341
56
265
65
19
1310
1235
1193
1365
29
2461
154
1252
168
76
112
1
314
1114
2285
172
1711
1323
82
390
1717
825
818
2
2
782
610
17
1053
39
18
1225
10
233
112
79
11
937
251
444
20
589
355
1887
2446
161
43
308
7
553
19
1746
1621
536
437
1305
571
107
4
6
206
2
1147
1568
385
577
160
36
51
31
10
1356
79
402
272
185
13
1153
1
2415
23
45
1163
78
304
1071
586
446
225
3
2495
196
2235
1850
1394
301
1359
40
18
884
574
899
55
1022
436
1837
1272
2500
302
12
4
2247
1595
584
61
52
23
1021
60
1
2334
2105
240
1
1384
10
2490
621
8
1036
505
633
3
46
22
528
11
339
2
7
878
105
8
977
1591
2395
1
10
1268
945
3
3
38
1196
34
70
1121
82
1237
23
38
964
2444
117
540
666
1214
6
23
1221
2
26
1468
125
1212
442
23
291
12
1456
59
17
677
100
18
47
32
1113
6
200
61
1824
21
1256
1
11
301
958
659
1478
251
1817
5
1942
1588
3
12
331
84
560
1066
605
1936
215
1590
197
1965
100
581
208
1906
279
1192
19
958
148
161
1893
4
962
14
1810
24
901
271
399
2347
435
176
5
173
1757
64
4
22
2
383
983
1180
1
8
757
10
3
1
1764
1347
517
1792
409
703
4
1029
13
889
446
924
19
2
2361
42
712
1055
223
28
19
546
197
15
123
663
505
130
1
1340
93
951
793
2449
618
168
1
1509
3
597
768
2
166
2002
1779
459
13
35
99
26
32
259
1287
521
14
1
3
1311
427
132
1317
3
32
1183
757
50
2302
1887
10
2129
79
3
34
65
1
885
12
1
2
2
8
3
2170
759
9
1400
487
79
963
92
2097
1975
8
1633
6
61
1
166
465
67
40
38
432
6
1412
132
58
17
945
6
465
61
26
3
380
1324
1621
3
35
118
53
172
1972
546
1
235
1149
1462
2466
13
5
358
2418
242
1724
1926
6
1090
47
1394
1868
18
1961
23
5
1882
1287
140
1
10
411
13
2063
1467
3
812
184
1750
49
202
2
33
10
2444
63
474
29
52
29
962
824
42
762
616
617
221
2
221
869
323
602
2479
1400
757
697
269
13
137
1886
3
25
1783
45
2
71
54
1474
1325
152
279
3
1
1046
247
112
1642
646
12
137
846
2
1428
710
275
1157
10
1
750
1320
503
251
931
636
2
1010
16
1098
2443
1
53
408
19
204
1091
346
52
249
1006
50
142
418
1620
4
190
3
1007
410
504
49
170
1766
359
755
6
1864
617
1149
1104
1462
186
1599
882
455
1133
29
682
2209
916
52
872
1257
297
571
3
2386
41
481
1
1373
4
1635
901
6
14
595
67
264
14
8
599
193
522
1
204
22
1586
370
37
1050
938
20
265
310
1141
2078
7
1023
1
5
1473
2
1363
1409
141
95
133
490
117
1
30
5
306
1340
1475
615
49
950
145
45
13
1766
991
2253
2208
734
34
2115
1
694
1524
751
627
36
1128
5
234
1760
134
30
1
661
75
222
341
1399
218
6
51
585
1484
645
1055
1253
116
23
548
2396
3
1931
356
1066
1696
2
2212
2463
122
300
1923
14
892
4
7
65
1508
1950
29
708
1458
820
1569
38
3
67
2237
48
1
11
1716
1605
55
863
1005
184
193
517
2222
13
4
88
457
1286
674
16
44
413
1093
220
7
371
7
3
16
50
2281
1287
4
544
1007
1691
36
292
1337
2010
208
26
1493
1571
48
84
142
35
255
393
159
459
186
30
1662
77
5
283
766
1189
9
640
174
543
910
387
543
8
69
20
19
65
1140
13
262
1327
1311
73
1186
1140
197
2
31
14
1621
875
659
449
1975
501
6
1
239
190
15
1277
768
2199
45
629
1
70
112
248
19
1587
48
294
1115
225
181
2
420
27
830
242
2335
26
145
102
50
2377
2451
149
2
2
1731
1908
5
20
1327
8
899
312
59
1517
2135
711
578
2483
198
440
574
12
1183
158
2136
442
2371
221
22
24
62
2325
6
1888
1419
4
958
1705
9
413
1229
73
1792
9
1469
13
703
146
76
1508
51
2
17
13
3
344
1892
60
2
360
1
31
1143
8
122
1751
299
1023
134
363
33
2266
12
2
223
22
27
1759
233
2251
101
3
5
1132
382
1782
212
644
2095
1904
299
7
1564
11
1371
19
317
858
9
41
9
2
1960
2061
24
471
1394
225
2222
499
5
123
2219
1124
1495
982
1181
954
907
320
318
564
1668
1510
74
508
566
2051
246
358
944
898
1007
1749
751
1258
2244
568
53
172
197
151
34
1949
2203
67
18
567
4
1958
2338
2219
331
627
136
725
10
1668
363
308
23
695
994
62
371
1181
4
1
278
12
312
168
487
936
201
505
5
1238
110
808
1
34
5
735
89
58
454
21
100
1
1780
374
638
899
567
1495
254
5
190
1
18
219
318
1856
1940
2
442
20
34
29
5
190
29
4
311
1886
6
128
31
324
1551
94
960
1041
659
32
611
1493
2084
1
856
11
26
443
1887
838
298
25
287
3
322
150
9
1463
749
8
637
353
77
1998
47
77
1042
7
344
645
237
392
11
1
4
62
220
1310
973
783
141
12
9
406
327
192
418
188
536
1082
786
1808
1
572
368
2212
10
20
195
5
1252
267
66
418
247
1043
1681
278
4
1999
1600
1
1139
235
635
793
469
2058
78
1441
202
84
617
1022
428
246
145
669
4
512
7
942
1827
312
3
486
2
1007
509
8
203
26
54
58
282
742
2065
154
8
1
2
58
23
1240
784
802
60
291
431
802
7
8
47
264
835
82
713
284
999
388
383
1
73
1
892
777
14
9
1619
622
194
39
1267
245
7
2469
5
2
229
1324
1486
217
479
19
4
1355
234
715
1856
4
7
249
677
97
971
1181
2259
483
431
1631
953
408
1398
365
990
7
138
297
9
245
2
352
30
665
48
1947
125
1002
880
34
4
41
1408
7
1347
15
137
636
1171
882
410
684
664
4
23
681
613
1016
62
5
1
14
881
39
2
2476
548
215
996
1206
2
696
390
756
1829
13
15
1889
17
43
15
3
1596
1849
44
1
214
137
760
12
893
1963
855
6
320
658
9
88
300
3
406
306
856
2
1021
331
18
31
19
448
727
48
1374
15
11
1176
1315
249
38
2
63
18
1291
310
52
25
96
6
1665
2
275
52
222
158
549
819
973
496
343
1
661
1721
468
648
23
5
47
129
12
1764
172
4
68
188
24
50
9
2423
793
38
112
2005
473
1538
8
67
754
322
13
1
303
1
12
3
14
914
890
29
2105
411
3
206
7
512
9
503
495
844
191
1
752
387
1102
538
2403
59
198
218
427
445
2
1267
311
63
1315
84
1892
2020
130
189
52
199
114
1602
393
1959
19
258
921
850
8
2078
2463
73
25
24
905
721
402
268
2104
127
110
5
99
8
1
270
2
11
1
47
820
36
279
1267
299
1436
32
246
265
17
6
71
1
148
320
1081
12
287
751
186
767
29
281
155
1000
880
620
243
1497
140
1
22
90
141
1
10
6
1
675
200
1388
763
393
1002
86
96
63
688
337
1078
1438
1164
143
78
10
398
1153
56
142
968
147
5
853
627
46
588
487
10
2314
2485
6
313
1457
218
2
41
1590
18
1
1025
325
96
462
1
2411
897
93
368
1138
246
338
663
741
143
4
3
807
140
1400
3
949
29
1631
70
122
22
1011
1873
480
12
1963
1510
1
95
330
236
2351
2
2179
579
2306
73
7
1785
20
1229
2343
788
645
809
1003
1862
2203
82
340
765
1926
1498
70
178
872
313
7
2113
336
16
1474
3
911
412
1580
116
2
623
15
5
462
1798
8
561
2037
70
615
29
2289
1426
145
1692
912
61
2
320
1290
2145
1137
78
281
855
1
1121
164
1293
658
1937
888
5
1
2
3
1975
128
61
980
482
61
5
1145
665
206
118
826
517
255
570
5
101
282
196
8
23
1055
399
8
1047
1
8
222
1404
38
175
21
233
1709
52
1
313
115
404
8
301
1180
276
51
273
1167
2080
149
476
484
7
1049
105
17
1834
2
2325
756
705
318
670
1087
1
1037
51
5
5
54
5
24
1664
43
799
442
339
1474
2355
204
10
1343
131
82
44
193
198
84
340
543
720
1393
51
508
57
87
1141
69
1724
466
459
893
227
4
