43
1
1062
189
44
1
1354
60
653
5
8
10
3
29
2639
195
473
201
1373
11
3
1
1
5
78
10
1
30
3
655
1
268
692
1
20
33
35
1613
28
3
1
11
17
1146
1
78
36
6
494
11
63
200
1053
554
2
319
4
1
231
64
512
203
1108
1
3
1058
32
86
2
241
22
7
182
26
1
1768
113
1526
1
938
2
3
16
12
246
14
2378
281
211
26
13
72
92
2
53
1
66
1
413
15
2834
6
4
1
105
1
4
183
12
8
911
16
124
1001
8
103
1
5
3
2
108
3
131
9
2
11
1495
1472
3
2
1
1
9
17
2527
1
622
2
1
20
1
2
306
1
681
18
1526
208
142
20
1
1
270
4
913
242
44
546
31
226
105
56
6
748
1
1
291
28
3
184
964
37
1
154
831
17
92
6
75
7
2
23
17
2455
4
1
1686
2
3
2
1
18
930
13
129
127
7
112
1
16
548
1512
3
288
19
1078
348
1
21
40
1
53
108
2
2
849
2
11
2140
14
311
1188
3
17
74
3
4
2
12
2729
1224
153
824
4
70
519
1
778
441
3
4
593
23
773
1
1193
2
14
875
897
97
4
661
43
7
555
1
1
10
2
5
26
1380
186
328
442
39
2328
1
365
3
686
43
2095
6
1252
2
129
61
758
381
357
1
52
3
1
18
634
52
10
1
2
22
4
8
88
2
115
1
1
334
783
2062
1
66
1434
1
294
1
2
32
4
53
109
2758
7
12
61
2
1
58
459
17
7
7
307
146
513
1509
105
1
4
254
1
1
6
2281
23
65
79
795
1
522
77
2421
213
51
1
1
3
2807
449
14
21
2641
10
13
66
1
4
13
3
4
2
23
325
194
7
2
3
28
25
2
5
113
80
1
2500
37
1
1
15
198
372
214
11
2
16
22
41
2034
235
185
46
10
2007
48
503
1728
5
21
47
533
3
138
9
22
25
170
474
1
9
29
5
4
3
494
2
831
1012
920
3
34
28
9
825
1845
14
63
203
1
12
1
1
1
16
1226
3
844
8
81
6
1
1093
1
9
3
49
2451
7
1623
1
3
6
153
2740
377
2103
12
1
59
212
323
4
1
646
2773
1126
17
62
47
2
334
1913
23
2577
117
115
133
1307
1448
2
129
1
29
1
1
52
1
2
28
1389
436
272
4
9
126
334
54
1
55
9
35
32
1651
25
102
277
2
3
6
24
22
15
2
2
202
216
81
1
10
1088
235
653
3
23
3
10
1
2
9
427
5
719
1282
123
111
20
51
1
3
854
412
2
2304
3
9
944
9
114
24
2
3
1867
21
1
2
78
1
56
2
10
6
140
9
22
111
660
4
820
1
5
211
1163
61
84
22
10
41
7
603
3
9
158
109
8
1053
192
11
192
11
1970
8
96
3
4
2
723
43
2
4
1826
1
1022
1
74
664
2302
62
1077
446
103
38
197
132
2
1
124
650
3
165
7
1
642
3
1245
1
13
2
2
48
94
30
488
12
56
16
39
600
733
1660
2
368
3
6
1
843
4
70
82
782
2
675
1
2
576
14
38
440
11
377
88
7
15
33
164
1
1
19
45
46
875
4
888
1
137
1
1983
93
784
576
13
1
910
15
15
2060
2
127
1
36
6
1
419
2
1
2
495
61
5
6
111
562
575
89
1
1466
863
75
529
1
2
2
2915
1
20
1
4
248
1
1
104
2
40
417
1634
20
193
234
206
1
9
1
519
37
475
2687
9
803
48
1703
21
276
1496
61
13
11
18
1
15
19
279
42
394
2
6
1160
6
1
2020
550
19
1
2
1
1
626
339
67
58
2
2
70
248
2990
943
328
1368
381
2226
56
64
57
6
134
15
85
719
91
11
1236
2
177
25
530
350
808
2
1
1341
86
196
7
532
66
23
8
48
7
1636
359
466
22
1
384
1286
12
1
1
1669
3
73
13
19
13
69
134
10
1
2
517
1
3
1131
174
35
25
132
1
697
2
1069
1415
1
153
407
17
11
827
1438
2
514
1
1
1560
4
961
1729
1885
13
6
49
12
6
273
994
35
1
15
3
46
16
2402
3
375
103
296
1
2
575
1
1
103
1
133
5
168
552
371
6
2601
4
11
1711
30
8
16
2
1033
691
7
74
1378
2563
662
1
27
12
41
71
752
2
1
599
31
73
28
1
10
2
196
131
2
2
1730
8
2218
183
3
175
17
1
41
437
12
31
113
1
12
282
440
1041
1
44
27
2
5
6
30
228
3
113
30
1906
40
44
252
327
17
3
1560
61
53
534
11
4
2988
192
35
562
25
1707
1174
2
21
6
6
72
684
1
101
9
86
10
80
1
110
5
20
110
305
2278
628
9
7
1
1
1138
148
271
24
1
142
3
11
46
493
266
431
108
1
5
1293
192
157
2817
3
62
90
1
1595
6
3
86
1
1860
9
8
25
1
42
1
10
1
16
6
1378
29
327
889
28
442
483
776
4
1030
5
524
255
2989
2
3
29
7
6
2
2132
134
38
1468
865
126
49
18
1
62
1
1
93
4
11
46
71
966
950
1
8
114
393
26
30
1730
5
1
2099
2
396
393
4
1
13
2
2
2
20
1
1
4
84
2688
1511
46
7
13
30
31
57
43
1
13
245
1123
64
16
2
47
50
71
1
1
2647
197
1112
1426
1426
1
26
2103
2
2
1
152
1247
2
93
1336
1
8
1808
292
909
1
15
4
5
1269
1
59
118
398
996
61
2688
32
12
2
52
10
1
1
44
1
399
2137
1
2
184
6
63
31
822
50
693
352
2
40
35
85
1057
112
1
1
14
1
957
6
5
1879
5
18
29
241
410
1
1
980
4
1251
68
15
1538
621
112
2
26
568
1286
111
6
714
6
2
38
553
62
47
109
225
1
2269
3
2861
2
9
3
91
8
382
106
5
130
5
1
3
882
514
4
27
54
10
66
92
2
1487
1
19
8
16
67
344
1
41
45
772
1
16
30
4
1403
819
17
294
11
1
442
646
4
150
34
3
19
2
5
3000
38
17
343
6
1153
219
15
3
1806
6
297
125
4
3
174
183
23
10
17
8
537
165
179
1375
84
2269
1
1502
1169
42
132
2
2315
47
2748
428
49
147
145
363
322
501
2360
2
2
1
1
2
2
462
877
1
40
792
6
19
2042
38
34
3
73
14
1
439
10
1
35
196
5
2
25
1
5
3
8
1
1050
1
1
313
1
3
74
1
26
1
15
1
78
623
12
6
30
1629
12
2
19
1059
6
225
77
3
3
8
6
5
4
2
6
1
2
1942
14
5
6
23
110
2162
90
435
120
23
19
5
49
1217
83
14
2
1511
661
2127
14
2442
7
105
141
58
47
55
2
3
21
1113
216
4
76
110
313
1
117
802
140
127
57
121
9
902
84
4
2
1347
3
5
1
41
14
16
547
93
54
855
148
1
177
38
693
193
2
1
34
12
29
56
2
2245
200
264
227
2
1
26
8
2606
2
710
75
100
32
2
80
40
62
8
85
130
4
231
35
164
1546
4
115
89
192
33
760
166
1593
39
48
196
1357
3
30
1
93
2900
50
2573
1156
150
4
39
9
186
36
1843
1
81
1
2263
1
3
4
1
5
57
39
715
194
71
174
8
187
125
373
2
1663
91
12
10
183
103
743
26
19
553
1830
2
8
81
2
1293
246
436
957
317
1
668
436
2
1
1
932
2821
753
255
1
1
173
5
28
1
1648
32
12
1
7
214
759
905
6
176
3
756
1
45
461
817
37
3
2
26
1
628
32
21
59
1275
25
10
1
1
58
1229
221
182
45
538
118
1
2
18
1352
559
1773
59
2511
1
25
3
243
1
1536
12
251
344
116
2
587
2
1
48
4
3
3
898
5
75
25
203
1
40
1864
396
626
870
1
658
5
1321
3
5
2
5
1
27
957
29
574
71
378
43
45
1
58
26
12
872
6
1921
36
2028
2111
1
1
162
622
7
137
2
5
5
18
2
197
4
1
1
1
3
11
230
39
4
93
2
56
20
12
132
3
72
17
451
4
1
2305
1
218
2849
188
1
309
49
34
121
143
22
6
573
48
225
297
488
247
190
1
20
10
8
373
1
47
1970
54
31
75
4
185
2
1
2407
2290
119
1148
1183
212
116
672
589
12
434
1
92
19
14
626
2782
676
39
89
104
40
15
178
7
1
65
1347
6
49
2108
170
968
373
314
4
2606
59
1
1374
193
2
28
36
20
3
3
11
807
565
191
202
3
3
2
7
1001
2
113
5
26
221
39
67
22
186
1
1
5
229
1691
1
1
718
14
25
1
2121
4
4
8
2051
9
18
1478
6
46
129
1
5
33
306
7
8
382
1230
2787
6
4
1
1684
2164
208
6
1093
1559
1
1
13
258
8
1
5
178
962
1
1324
56
157
3
279
755
400
110
9
14
602
27
3
12
1
52
539
4
1
205
2
1
52
1974
2
170
9
164
97
736
1
1258
6
619
1
1
1
4
2
1
1
77
125
404
53
536
1217
467
48
1220
570
147
1416
14
2
9
117
2
630
1492
2
2
49
23
1356
4
3
3
759
2
1008
90
1
3
2353
2406
1
101
50
173
19
1
32
1
1
1590
18
80
435
3
402
2
141
74
2
19
27
11
15
340
1
3
2
1737
2693
144
3
3
2
9
7
1
2
1
3
1
1530
37
425
56
3
1534
97
119
50
15
108
2255
2
36
275
217
123
2
11
7
201
17
14
10
1103
99
1859
640
2040
3
1
930
1
8
28
59
3
1
1
5
2
5
4
18
1715
31
46
4
970
179
1
28
3
239
2
9
282
449
113
1291
4
6
5
100
233
21
2
25
25
13
388
926
56
1989
308
174
153
1084
1483
301
2
104
195
1
1
288
12
12
1536
139
702
364
52
38
2522
24
1
41
2
39
928
15
5
172
26
5
527
1
57
113
71
32
7
131
13
134
115
1
3
4
961
2
31
1
415
1127
249
2229
1273
33
10
1
1
22
24
538
74
183
2394
53
3
45
64
24
11
2
4
2430
28
1313
195
114
1623
2
5
546
1
241
18
3
14
1248
2
108
390
9
5
341
56
19
2
300
33
193
2
4
1650
2
3
1
111
2
1143
170
192
2671
292
363
116
645
76
1012
4
5
44
72
60
102
32
103
1
106
1
1
2
789
1
2458
21
325
8
4
9
54
2
1063
978
56
1
80
37
143
2
446
726
157
1281
1606
3
17
3
42
6
26
2482
824
1
2
2
4
126
542
11
60
45
1
78
1
129
2270
68
1
1540
738
3
41
695
1
77
429
2068
699
159
116
44
2839
41
3
1919
20
2794
6
1
1
302
328
8
25
204
92
41
2679
2634
27
2
3
16
224
5
1293
1
2132
1293
134
240
1063
74
1
92
5
130
2095
1
282
26
242
1278
16
1
212
5
610
518
73
2683
1
1
136
1
13
2
1173
657
999
1512
17
6
548
2
6
475
2
202
1
39
226
68
3
2
793
101
287
490
449
16
937
1
87
1180
40
2
975
5
784
1
2371
3
122
555
23
1808
2
1136
230
53
3
721
57
1
17
29
342
47
1348
95
918
99
426
54
13
430
1
516
5
250
1
97
18
1
1
10
2
1285
2
16
56
7
2
8
9
1882
60
1444
2
2
2739
71
299
61
1
56
20
37
83
23
215
1136
1
2197
3
218
105
1
1
1
213
65
2
2
42
1
3
794
13
2
6
195
3
850
15
1
651
12
13
807
101
399
13
2
2154
202
5
302
1
17
5
95
74
8
1
13
316
281
152
166
477
47
1532
268
1845
982
228
1516
94
2
106
34
2663
1206
1
107
1501
204
207
1352
9
706
389
1508
70
4
186
489
882
68
1
59
67
2
23
9
26
3
61
1776
1
1
199
4
40
61
207
5
197
53
4
38
2
692
57
647
2
415
1
100
7
232
1
664
40
2340
12
242
140
1120
2
909
1
40
1
5
663
1
5
44
2
338
71
177
108
3
93
744
1760
5
2
234
2
1
6
1
2
930
87
1
12
257
1
2218
1410
10
385
435
27
895
2
8
232
1
7
26
2
201
125
1
1686
1349
75
2
152
4
1
33
12
10
1506
1913
1704
88
252
23
1
2765
138
56
1
2
2
31
2
3
83
394
1066
1
34
1817
655
429
18
274
15
1537
2
2076
439
280
1
7
14
141
574
12
43
2293
1
4
9
58
77
743
4
2
31
735
2
4
1954
138
855
61
522
1
2
1093
3
14
1
1221
79
1
2
3
200
546
476
3
75
2
11
270
214
1
2909
701
1
1013
15
262
9
2
23
949
114
6
74
7
13
1
279
7
131
1038
3
24
984
1
1
22
145
268
984
1682
19
1
13
395
242
1
2005
1
527
1723
22
25
8
20
11
22
227
411
4
2777
27
79
275
1
1848
795
966
235
82
25
57
159
1680
50
1
68
5
8
105
24
6
51
31
95
4
1
109
7
99
1
9
345
1942
1
247
1338
49
402
587
2294
2
1555
2
38
1433
50
91
20
1
32
520
31
8
3
1888
818
7
5
25
1
319
1
580
1837
415
6
39
3
137
3
1775
11
951
41
724
8
21
217
643
1410
1
2
2217
11
6
140
2632
16
2786
32
103
2424
131
1898
56
397
173
84
11
38
2
2
1174
1269
1
58
206
461
33
72
27
52
4
57
46
1416
272
1278
559
46
3
2
1008
855
1944
2
863
11
2
24
3
7
2
4
7
203
124
1
16
41
13
344
2780
1
26
10
9
36
1
196
1138
14
237
574
85
1
2211
1105
4
1534
36
4
1
216
8
2625
3
1
14
1
25
1
5
31
251
2
26
65
9
950
2
1397
11
7
5
1
10
1
805
45
7
49
17
147
5
34
35
7
1
60
824
32
1001
4
108
457
31
16
26
64
14
486
10
11
1176
2151
2024
20
537
331
15
24
42
2693
4
4
33
14
740
20
1981
87
1
2
137
1521
10
103
62
1190
59
14
2719
596
1822
2
54
42
79
116
1209
192
35
657
1605
1
1299
303
2337
4
6
46
113
31
108
998
128
68
2
2
2513
3
3
7
1
276
3
177
116
8
31
55
478
1647
445
968
412
34
24
2
5
348
2375
407
25
3
84
87
2
21
156
3
629
415
56
4
23
10
10
1683
1475
72
6
126
15
2
4
37
1
21
87
76
24
15
3
2
923
2816
1328
22
1
245
27
5
38
22
164
22
21
233
22
68
1
5
2947
2532
630
649
2
21
5
491
3
4
233
26
208
1
188
39
63
5
1697
602
35
1
67
171
3
568
110
670
66
1
393
6
114
68
8
6
40
1865
1291
4
1
23
304
44
39
1
1
3
1413
10
679
19
902
791
9
113
1
1
2472
29
1356
6
3
1
5
26
1178
1950
3
341
1
13
92
5
332
1043
960
498
540
26
213
2
11
32
60
2342
2
593
2
262
1
2
148
20
579
12
16
2753
164
60
2888
492
14
3
4
1153
1618
11
2868
62
1003
455
37
325
2772
2
13
86
5
1863
2304
2513
128
184
52
6
1
17
139
136
29
577
11
113
3
19
1969
254
1077
1
437
4
594
14
1
30
6
598
128
72
353
118
16
1
2
8
221
3
50
14
2311
8
1342
32
2
4
1344
2
2079
93
7
130
19
1263
74
629
270
487
4
2
7
11
1
150
152
45
75
2
1
5
554
21
1
55
18
11
2
34
1047
646
236
1683
1176
280
3
5
13
1612
5
2207
207
1
102
1
1
1047
1
4
4
2411
10
42
2
4
37
196
12
6
42
79
1865
1243
1454
1
33
78
117
2296
19
1
96
39
17
65
61
1340
3
904
12
12
399
2863
10
14
1549
158
4
3
3
1834
1300
474
1729
7
1
2352
93
104
37
2
97
57
137
16
167
1
1
851
67
2998
429
37
2
283
53
34
391
313
21
104
5
120
700
100
790
425
1
41
20
1320
18
115
56
2897
20
7
32
2
1
7
9
51
544
5
2676
1118
94
431
2
2490
95
3
2589
8
90
2593
7
19
1
9
143
349
551
3
400
998
3
2
29
5
196
1
1
390
122
2
1
431
19
143
116
110
4
23
4
18
1523
36
3
3
17
224
11
70
13
2
74
861
348
443
276
17
1
1
1
1340
60
8
2445
2
912
619
1
2
36
108
1144
59
4
128
63
645
505
381
931
132
1
1778
1
11
3
5
1
285
212
2137
1
12
1152
23
97
8
1467
208
6
425
1215
1338
613
92
39
1907
50
12
13
15
133
11
1
1953
33
89
25
26
1
412
17
672
149
4
588
4
5
3
332
43
1
3
267
1
581
11
1297
27
4
6
1434
3
14
1
30
88
76
1
386
1
1208
247
604
2
38
2
1121
11
81
456
1596
8
1
310
1
985
1738
1
17
397
1147
2
54
1642
97
315
105
6
18
820
2
2003
4
1
721
78
10
1
2419
5
1
180
5
87
15
4
3
81
3
46
1121
44
812
29
8
413
110
1
126
117
371
2
105
246
3
122
6
572
2870
38
914
2147
2
1
32
5
56
3
24
84
28
1226
17
2
211
3
19
259
157
62
871
2
155
39
2
6
1434
18
176
1280
2
1
1
1957
259
1135
3
1044
2883
2
426
2737
1
28
2663
42
96
1
5
2
3
2
34
45
159
9
1
2205
7
590
1
10
114
66
79
919
49
1141
1
936
1571
258
537
41
1
86
18
67
1
1
131
9
58
6
2
1327
1
2
3
767
684
434
9
75
32
71
11
51
1410
70
21
49
4
2384
2
5
950
6
15
1089
224
178
1
15
48
21
1
53
344
2
9
3
2
76
26
5
2
6
18
2
412
32
197
710
381
3
598
169
2
54
9
162
138
2
1
1
17
1
1715
45
9
557
3
734
6
6
221
202
209
2536
1
4
209
79
20
133
5
36
191
409
4
2148
4
34
660
2
111
5
2666
6
1
10
2062
72
612
3
3
236
257
4
5
60
27
538
30
13
30
1
452
2
14
925
239
35
3
119
63
284
817
279
134
2474
5
620
9
1
2
322
1646
299
203
309
434
19
62
402
70
34
174
14
2
48
716
1455
5
3
12
2
1
81
43
157
3
2516
69
130
1
7
17
1840
124
7
1467
210
409
142
2869
502
1027
42
205
4
1
4
313
69
3
25
14
228
674
4
68
739
175
574
1
1961
13
4
34
307
1
2352
839
12
529
409
2801
19
931
4
673
422
2074
338
8
3
33
1
3
11
35
4
13
1
61
1
2705
3
4
2389
58
3
1460
31
2393
99
1352
723
1
49
992
101
47
1704
26
1031
398
23
20
3
2747
925
2871
1
13
1
2
1
2
18
130
13
223
656
5
348
75
8
18
2
10
439
26
89
7
1737
17
38
8
8
1
2
9
1203
218
206
152
623
70
173
1878
1480
28
73
1416
167
2455
582
25
3
30
3
256
32
1163
525
26
50
266
1229
76
592
29
519
1807
191
2
2380
8
1
2566
155
3
18
240
50
2
5
3
1498
530
2
55
159
3
44
2785
1220
25
262
286
2
2
15
1761
1717
3
251
231
518
952
650
2
16
1092
91
13
2
13
1
79
211
1
46
3
163
21
881
523
23
10
194
677
1
2483
90
9
1
176
1
13
1
1
10
531
1
990
1689
1
15
27
6
30
183
144
2168
20
4
117
1
530
1
165
1
2
165
844
171
1
101
5
5
2
1062
35
150
2538
910
8
316
1
113
7
538
19
786
11
58
5
20
164
3
36
416
132
781
416
1
3
80
2
17
1349
2
1
38
43
177
1132
27
6
2
66
2369
156
2122
23
1952
832
21
23
2
4
565
53
316
819
4
37
11
331
111
129
26
6
2058
10
73
7
8
29
3
497
1
2
199
2
1011
2
104
424
328
80
920
193
2
15
177
84
2406
128
1
674
156
4
303
2665
38
15
6
33
1
2
2899
1
51
154
936
500
899
2
17
191
192
5
3
13
20
503
1
48
1193
47
35
10
1
3
1
4
11
5
1084
3
6
3
781
21
192
90
530
55
2729
220
2
1
19
8
13
8
2
41
1
23
5
80
1546
835
1
1
1
7
1
21
1
12
2
6
465
413
41
312
1
4
171
1
3
115
3
1097
50
4
172
527
3
1948
1484
265
1
1832
7
1597
14
675
107
768
11
289
3
1266
56
6
945
75
4
1
2
300
84
301
2
546
7
13
12
2478
10
660
1321
3
36
12
839
3
1
2266
192
288
227
5
13
676
266
1059
58
90
5
24
1243
1
257
7
19
2599
308
1
567
2
3
27
59
39
104
9
639
564
1757
12
7
405
501
60
333
109
651
1098
629
146
1953
2
58
157
317
12
3
140
1870
1173
82
1
1
30
654
1
9
31
107
1
1420
7
349
16
2
1
54
18
20
185
116
200
2
1
6
1145
1528
5
1993
3
36
12
1
4
2195
1
1
3
1
34
10
985
320
4
4
99
16
796
1
1814
1324
27
859
487
176
2224
4
380
1
131
2
76
738
176
9
13
693
1
112
3
464
31
133
19
1203
75
215
1093
4
16
1
2
2359
222
53
2
40
8
2
1
3
27
162
8
2
1
209
57
2
2503
12
848
3
4
36
7
190
709
27
818
561
3
1
666
375
1
3
994
836
5
960
3
1318
47
8
4
5
3
192
437
6
5
558
2
25
43
1
9
17
1
8
244
4
3
28
82
7
1
9
1
2305
1062
2
38
151
4
4
1313
24
833
1
1729
15
12
15
77
14
9
8
102
1
1576
1
240
85
5
4
35
345
6
6
10
60
121
1
41
379
12
69
689
1029
70
210
27
4
356
1
812
357
33
8
145
1
3
1
1
1
2899
664
97
170
46
526
6
76
1
2731
1
1
2974
2
8
2042
33
4
20
1
1249
1
13
7
1
50
149
334
1266
423
197
1133
268
2
2493
1
41
149
607
820
5
1207
16
798
627
985
101
4
221
592
38
920
345
98
3
31
164
216
24
21
1278
1456
1
1839
526
118
11
582
790
3
6
575
1
1
21
7
77
1555
14
517
1277
703
685
2581
1
5
1
7
467
12
272
340
510
1
1031
634
8
15
80
1887
1744
8
7
2
8
2
5
35
13
197
38
2
7
21
8
1268
133
112
587
378
2706
30
2
5
232
4
30
3
787
97
1721
27
59
707
305
3
1
1712
1
2
1609
43
6
2541
48
5
634
616
1
1501
82
4
43
75
223
240
31
1
837
1506
1835
9
8
23
20
193
23
2
1
691
13
2
4
182
1460
736
16
231
20
8
119
22
10
2
18
338
10
64
342
1
4
208
61
1
177
13
2875
505
295
115
57
76
2526
2
1013
1
2
2
27
478
21
62
21
45
1514
41
17
7
2501
224
175
1308
64
1
2
1
86
1
303
34
1657
159
795
14
358
128
254
1
2
62
641
281
46
5
1239
428
534
1
22
20
1445
81
400
192
1
2
41
3
23
2629
1
1
1207
5
1
53
103
1451
11
23
4
114
381
17
20
1697
6
14
831
2
157
121
95
2
2
398
38
1
79
6
1
253
3
2061
14
245
60
39
646
310
51
6
10
127
3
1541
3
1
16
51
2396
8
171
2
16
1
28
1
1049
11
1083
320
5
5
463
7
1
2120
880
255
1
1842
527
20
1
8
2
1
67
366
24
15
111
9
174
1
2
2622
1
2150
5
76
3
1
1
429
12
7
33
10
363
29
116
117
223
49
40
84
17
134
47
3
2217
245
4
1483
1
5
40
59
780
2
1
195
1
4
2
32
1
8
1
2
28
2690
4
937
21
162
1138
1881
26
2291
391
13
5
1
870
2
4
1
4
54
4
73
358
506
1
15
45
7
241
3
426
1312
339
263
1
4
60
1418
817
9
17
87
1
2188
988
3
234
2528
1
1504
1
1
35
887
6
10
1
5
540
177
949
51
140
4
1271
1
1687
187
9
2871
160
92
1644
643
316
6
1127
6
44
10
445
48
78
148
537
1370
13
140
3
9
16
868
3
839
851
102
1237
137
2
66
1110
10
138
34
66
78
51
333
95
83
8
74
33
20
1098
15
6
2277
85
80
11
5
362
247
208
208
128
1
7
2
12
14
22
104
3
1
1
2
632
116
8
6
509
1
37
193
2233
780
32
1758
926
7
3
30
3
11
245
345
1
1349
2
1
965
14
108
1
1697
35
225
371
227
1
71
58
1660
58
3
641
306
12
307
7
13
3
143
4
4
610
250
2
12
28
150
1094
986
94
8
835
693
1283
1105
1
4
4
16
14
2
480
1
1
162
38
434
62
200
3
46
106
453
884
2079
2
684
342
6
1866
1197
1503
11
9
7
11
2
45
228
198
238
104
9
274
143
264
2
1
1539
1481
1017
49
1
988
73
171
363
16
698
290
2
12
10
421
28
14
6
44
3
1168
1
127
8
1771
26
1
1
27
6
2367
2
9
31
1757
91
21
429
1
5
65
7
51
369
3
236
335
7
257
425
770
204
824
2169
2237
1529
4
99
345
4
210
47
29
32
20
123
18
102
696
151
127
23
1
1
157
2621
226
2
4
2643
6
14
23
106
4
9
1
1
1
270
212
223
13
482
8
2
45
21
658
519
1
174
2
1
38
31
14
635
455
1
4
246
25
844
1
154
57
19
2515
1
1
119
508
2111
6
10
14
138
55
1
54
1
77
1
700
1
9
123
15
11
1048
1
421
575
764
3
18
2
1
153
71
3
8
116
1
274
6
177
6
2
283
813
2031
279
705
11
1
9
145
1
2
1808
1166
505
4
53
2
88
54
198
96
273
1
4
2135
5
17
127
15
127
1754
14
3
939
53
1586
814
87
36
3
16
1285
78
190
3
6
27
85
2
2038
177
1292
8
2203
1
2093
3
1
2273
11
1501
35
2
3
2
425
5
312
24
714
40
1
5
205
1
2049
438
390
437
1
51
62
241
17
949
5
1
2
1
374
9
5
38
497
33
240
12
159
267
3
898
3
188
17
1
1078
7
6
7
7
2031
6
448
5
476
86
79
3
1
23
93
6
11
115
50
20
1
2604
28
20
2
1
383
453
23
2
183
406
1742
891
41
231
3
160
1
1450
138
2
420
2
37
117
471
130
1573
60
253
172
1551
1
159
1
559
4
311
2
26
60
1
1
4
1
1
1110
70
513
60
14
45
216
199
1
123
31
1
5
2213
318
1
14
19
520
246
929
11
1
6
101
80
907
2
1902
55
2
147
943
1113
57
92
8
889
2
5
1
18
164
117
105
1230
5
1227
23
5
2433
1
1
97
3
1
83
305
1
17
11
31
155
2
13
354
385
7
625
108
4
11
17
95
248
58
4
476
43
70
476
9
11
147
6
1
13
1
1
1
18
14
115
25
29
1
2977
1
6
2298
2
4
6
2915
1
168
745
1193
33
1
1
1
16
2
1575
4
276
99
2
79
234
24
6
15
55
6
29
3
1
1
149
8
1
1634
37
2
1837
73
10
19
1
280
40
2308
70
301
45
27
319
150
99
1569
1438
1357
24
375
306
2
2
1
2
5
21
1
278
14
153
208
8
18
13
1587
70
12
1590
5
874
201
744
14
5
201
52
41
10
8
1769
1
68
73
1
15
9
2
9
1
7
113
2
1482
46
752
1329
2
4
49
4
3
1
1
1
183
10
18
32
29
603
2510
1306
6
2
2701
42
22
83
1162
18
44
134
74
1
43
17
8
55
25
606
33
3
195
1
218
3
548
209
13
299
292
41
1
57
1
1
1286
2
1
66
2
666
1907
79
110
197
44
3
46
1
844
2
148
419
58
63
44
6
32
36
268
146
169
1
577
20
18
4
2099
71
302
1
286
83
583
44
698
2981
12
1095
276
22
12
1
40
242
15
1729
1
2
1
7
4
19
245
250
2
38
1
579
11
19
6
1374
12
1143
354
1349
288
76
34
22
1
417
17
2
31
132
2236
71
8
1
1
67
329
2
43
32
15
11
12
1589
418
443
2
155
2
205
34
77
560
24
75
60
2
4
1
106
1
135
2684
1
2144
1623
138
1
1601
40
1
2
3
109
10
1014
31
125
6
23
32
20
642
27
1
44
241
4
2
350
41
141
2
93
1
1
48
2
1408
14
28
4
66
446
10
9
77
42
61
358
1
50
1453
296
14
210
1231
10
4
77
7
864
7
1
20
30
3
3
2
2072
1
22
10
52
113
1
1142
4
1
156
1310
34
36
5
2195
6
23
18
10
2404
2
2
97
18
18
655
49
2
2
24
413
2
1
1
238
1152
4
159
1314
7
7
1
14
35
4
2259
538
4
3
3
8
641
10
15
2
2
9
3
2080
544
1994
1
8
1135
331
31
7
1
887
162
1
4
259
477
59
5
459
325
261
277
182
1
2
142
13
192
434
4
329
1
472
3
13
27
2
412
2606
4
1
20
1049
288
66
421
5
216
337
40
4
1
922
5
106
16
561
2
166
2471
8
10
15
12
43
3
54
1
97
854
94
1144
17
238
2
2
1
590
98
24
58
9
490
5
2
9
126
8
150
2
3
14
41
412
10
2
179
111
86
103
126
425
1
380
9
8
122
233
24
712
4
325
2436
277
1
233
35
1068
2
5
455
85
22
1035
172
398
27
26
163
196
1
113
506
12
17
1
287
1065
2
34
3
132
2567
2442
2417
3
172
3
307
1
3
243
143
726
1
1
19
827
8
96
858
16
35
267
7
3
2
873
263
7
1
6
231
971
12
137
9
1
213
7
281
692
11
34
457
58
29
10
8
12
73
123
47
61
1
55
112
3
888
939
2
2897
13
766
1
432
54
169
2153
6
4
424
1
84
20
4
23
3
13
867
2
58
122
218
947
15
136
2
1
577
15
25
265
25
1875
7
3
1688
45
255
8
1140
299
1
1
28
3
1
6
334
6
165
23
1
1
9
249
2
303
1
702
2
1
1
247
116
5
20
14
295
5
662
406
4
33
1
924
2198
3
6
2641
2
2878
82
137
3
133
10
13
30
3
1
1
17
1
7
907
92
1930
1
1
57
62
989
3
386
35
301
266
1
12
4
6
8
2
3
35
17
237
473
1
2
168
27
48
1
18
16
162
89
14
114
4
1
1291
26
5
3
573
86
41
3
2414
74
54
168
3
2733
14
534
1307
817
2222
2830
986
12
4
1
28
219
1012
32
2567
55
4
1
1451
1392
537
646
1
1107
109
1
205
20
1046
3
3
167
5
238
1307
2
4
1
13
130
576
1
2
60
468
7
1849
1
2
300
1119
57
110
209
2
17
493
117
1913
98
43
333
238
353
27
218
80
14
1
46
398
1
2
2
861
18
3
1322
2
4
24
1222
44
268
168
2
5
16
48
17
19
6
4
59
887
723
64
3
139
17
1
104
326
2
1
3
3
864
996
18
874
108
3
474
1
200
714
69
8
31
6
167
133
1
10
51
43
4
3
1017
31
199
1710
4
1
1
8
47
6
1527
1407
2845
1
83
8
228
1711
1177
17
25
2
8
91
4
319
1
5
361
114
127
395
2
3
3
3
2
58
6
363
15
634
345
1
1
21
45
804
1363
145
14
1
12
113
5
1464
1
2964
6
1
646
10
2580
9
2509
1
2351
5
657
2
101
1423
2
3
418
9
856
1752
109
1
1638
1
2
2
161
549
1811
4
83
2719
3
638
10
4
10
113
3
97
22
6
206
724
2628
2
9
10
8
108
9
46
5
721
19
12
2
672
352
620
81
14
272
15
5
55
83
3
92
5
336
1057
131
1
303
33
4
60
1755
1
41
373
222
528
454
1065
20
267
46
1220
10
49
904
2045
2291
161
2
1
23
2114
133
549
285
21
3
298
285
233
754
1034
1732
3
103
10
40
167
4
191
26
361
1
2351
783
1141
1628
57
21
1
558
2
109
129
525
1203
33
1757
37
12
1
43
5
61
415
5
2095
42
29
20
827
34
11
12
628
285
944
745
10
119
107
74
20
12
32
6
1552
4
11
2
3
113
76
3
15
1
1
1
5
6
13
132
429
2718
3
16
1895
123
26
1
391
1
2284
374
128
728
35
1008
1
638
1
531
97
36
1086
24
4
4
2
6
1547
1398
548
4
7
115
43
62
80
2
3
8
2
156
4
63
238
541
1278
2
359
1
1
1290
93
3
1342
101
147
8
27
2
1396
963
490
1
113
670
24
525
7
618
579
3
134
1
1120
3
121
2191
53
328
8
72
20
4
7
701
6
19
1607
75
13
21
326
1272
1
449
2
1
48
53
38
24
2
6
195
90
8
1705
1
11
931
48
1920
210
27
52
3
7
2626
180
19
1
38
1
1
1
146
1
492
1496
152
8
357
571
322
1266
678
295
8
952
1
99
89
1
8
1606
1
6
27
304
114
1
8
5
54
1
718
1900
40
178
2
27
574
44
17
15
13
30
1415
192
1410
2
107
55
91
3
1
1
553
21
40
837
21
2924
16
25
20
1397
248
970
3
1
1
15
98
5
2225
75
1
82
24
239
2
1972
1
4
1201
711
2
64
10
2
5
31
38
1
160
9
51
22
19
2
2384
11
253
2
19
26
1336
821
119
42
84
1
3
1
332
1
682
1
1
1
548
1326
2
7
1701
3
347
2
353
1
2
9
14
2
138
275
4
16
1
3
1
316
19
37
10
1
14
4
5
768
34
18
1056
1
4
4
1
165
19
1595
13
43
10
7
1518
7
190
3
6
1119
114
149
27
36
142
12
23
2
97
1
1012
7
233
1128
93
3
13
1792
75
39
68
36
7
1
2130
84
12
27
9
826
1212
5
7
1059
54
49
224
1
765
7
38
1
2145
9
3
1341
1198
22
29
5
4
130
4
15
670
45
1275
1007
79
5
1018
60
1
1617
155
116
33
867
123
30
169
76
1246
1212
1
298
406
58
850
3
45
69
2
581
5
599
9
5
1366
53
7
2
6
482
106
3
9
197
2750
9
6
2230
78
40
650
193
93
176
3
116
2371
10
1265
2
2
3
84
224
32
14
728
2
1659
23
10
74
201
1
2298
522
6
891
295
2128
81
282
870
854
282
484
1799
2
6
1533
4
55
2
149
458
1
1
2549
1218
570
144
9
1
1586
22
1
2031
28
463
99
2208
1
24
1781
8
2
3
1
46
656
166
24
702
5
1
2213
1
48
2
838
119
392
11
2676
370
353
1
3
2144
1
47
13
109
96
1776
181
1068
1
6
4
45
240
2
2
82
44
2
36
222
1295
1031
112
26
1
16
392
2
136
213
126
29
38
25
85
89
3
645
12
3
146
822
1
2
32
3
17
24
282
725
10
86
20
1680
1
2398
1814
350
38
1638
1333
6
461
45
8
9
9
86
53
484
132
2732
874
321
80
1
99
609
1807
164
1
8
35
1
1
1
11
767
368
1
1499
325
107
844
545
490
1
10
7
427
586
1093
94
229
1528
1
482
2676
2
1
758
292
399
4
2
72
107
122
1
37
71
4
5
883
6
132
956
57
15
2
55
2
1
2
105
1
237
4
32
681
2
445
4
9
2
29
2272
28
1973
2225
13
163
2511
96
21
2842
303
2
96
59
2
112
23
13
65
2
465
477
35
380
1
5
183
1801
1
46
48
6
2
8
21
49
7
891
149
73
2
1
45
8
256
5
1728
7
5
1096
23
1727
97
2002
1
1173
11
311
58
70
2
98
1884
546
33
12
161
27
1
273
881
1
1
33
520
871
5
1
668
8
782
4
448
69
2884
2
11
9
388
3
5
197
157
1
33
2
5
51
964
14
35
2148
92
1
2277
1
105
265
58
51
1
1
160
36
1
166
67
177
141
1
78
1413
519
175
1337
1
3
2
5
1
264
6
1
371
1
13
6
11
40
394
49
25
1
1
1
28
264
548
1
6
5
2
4
70
4
16
108
38
490
69
862
87
5
1161
973
2
3
25
13
714
1
31
1
29
27
5
258
1
61
774
1
4
268
2
8
1302
1224
47
4
148
1
2
19
183
10
1
59
88
3
851
173
35
1
12
2
2650
2361
2435
447
47
42
7
1
900
1449
4
25
4
12
2
2088
113
1650
19
38
190
951
1657
41
2903
5
2
1755
1
2601
20
1758
153
1577
692
4
826
1
835
32
1291
1066
1
2
3
514
46
8
3
151
561
1
1
1
36
72
1
5
96
151
259
10
1978
46
200
25
151
39
10
1
39
501
2
1
13
19
10
1
121
45
909
1
50
1988
12
5
620
415
271
4
2
144
67
217
5
7
4
1014
439
15
30
357
1088
135
368
193
2
840
1
43
37
6
98
3
2036
1345
2947
5
190
6
1
597
1
1781
248
2
739
51
2627
135
11
358
61
1
1292
2
2
9
36
125
3
74
1
1
1
1
2971
332
1
1
1
9
3
19
42
1
1
46
218
50
10
18
165
19
3
48
1
68
2
88
11
86
1
1002
4
523
75
271
1
48
20
194
43
2401
916
294
5
67
1611
87
6
2
2
12
43
1
4
105
5
57
1
1204
752
453
337
7
438
4
4
758
5
3
1634
1595
425
178
1
1
1195
32
1
5
1
423
2424
523
26
95
282
1
1
16
44
2673
2798
7
349
1078
105
317
24
60
62
1359
2857
23
1089
23
672
1033
27
17
1
84
19
3
39
8
1
150
8
288
1559
683
1
6
2
2508
19
86
1
15
249
3
20
2
43
93
46
2455
3
556
1
1
114
54
2162
1
5
946
1526
11
13
1
1040
406
1762
2943
1775
2
1
2707
1
106
171
421
1
47
3
1463
26
93
71
43
192
7
69
18
83
4
873
179
4
9
1580
360
77
465
1918
326
1428
162
2303
16
48
214
29
246
1
32
66
1631
167
30
191
432
9
32
4
1395
2687
2
16
305
408
165
1
1
567
79
3
13
229
16
11
172
1
77
1
17
1107
2597
38
2
540
613
85
1272
9
5
2
20
9
1
1
2864
5
12
2223
9
300
14
40
3
1
19
289
645
2
2796
163
12
1162
12
1429
22
2
8
1
19
377
8
287
48
805
198
2
1553
1
4
54
39
17
1245
16
3
1
19
187
176
3
44
1715
5
2
1408
1549
30
38
6
2731
14
3
67
765
486
14
5
875
6
421
13
51
2
11
5
1
2
1
50
20
27
7
1128
2
52
77
1
1569
4
2
216
25
38
1509
1949
154
220
23
1
480
26
3
3
399
1
547
20
491
273
33
47
1
39
76
3
1585
18
4
88
35
1882
714
15
29
4
1
880
403
25
1065
1
14
8
9
65
17
4
7
13
512
935
2663
2
1575
2566
332
53
2
635
1
7
20
2356
3
1
1
28
60
40
657
2729
1544
4
2
2
1
89
9
533
2
1
1
7
6
4
22
116
35
331
453
495
477
351
1
731
324
1
28
1
656
10
157
9
829
233
808
7
4
38
6
423
2
6
21
4
1120
105
25
42
1
4
22
2
1
1
6
346
1863
51
29
1
2234
1
1972
232
5
350
54
45
807
11
4
9
336
250
24
1677
3
1
3
112
473
659
45
2
658
1
16
780
47
3
53
37
1
33
1
36
1
518
851
1
3
1
39
20
366
5
105
3
7
2
35
9
163
26
13
2
7
1773
5
583
3
845
1647
2825
2937
1
9
1534
4
1
28
707
1959
19
5
423
1010
2
840
6
2
43
7
11
5
4
39
1
57
1839
56
6
18
316
4
6
29
985
64
2371
3
49
281
110
106
301
4
45
2350
293
9
2848
13
264
214
1429
118
43
5
2
113
52
16
2
2
26
188
7
149
1
340
113
64
11
1322
1429
19
1161
24
537
4
1081
2
117
47
335
483
15
40
8
85
57
703
33
505
17
3
175
35
1405
58
702
8
219
247
78
1
1058
236
42
3
2138
741
63
12
1
7
1743
2666
66
41
1
6
1351
83
746
1
313
2
8
1221
230
87
40
140
3
1
497
277
31
3
1966
3
15
922
1
5
2916
71
12
2
1030
1
28
2899
1
188
335
500
245
15
2765
56
2
49
4
1052
112
44
927
19
1
5
170
14
5
65
19
2
1
1
8
3
32
116
978
2
2
78
160
1
134
485
2
26
9
2
17
1047
1
9
118
3000
706
224
21
1690
1
4
12
464
353
2852
11
106
3
2322
6
4
552
229
177
104
57
133
1
1
749
11
2
1
342
311
5
116
119
122
2
1009
1
93
761
2145
81
30
2736
77
75
323
1
1
304
1404
301
4
1
1076
264
6
673
4
4
6
427
32
146
76
111
1
2
5
11
109
2
25
82
438
1555
282
136
561
736
30
3
20
2
14
54
641
1422
60
1
1
20
932
24
2343
72
378
652
8
13
2
33
2
167
171
32
18
279
1666
26
14
15
64
344
1
1
1
1
29
5
7
18
346
10
46
7
6
1
50
34
183
63
3
736
1
7
139
115
287
2
2
123
6
4
8
2
35
2642
2482
104
10
871
11
402
2938
14
4
1718
2
1
43
1
18
1
2248
114
3
46
755
368
1
154
2
74
1063
5
44
403
2
290
379
6
3
5
4
143
26
7
880
9
1208
14
1316
55
174
2
147
2606
1762
49
1
28
7
2738
183
1135
470
13
627
153
2523
595
9
117
781
18
416
53
3
114
2183
1
38
1838
1149
97
1
21
4
1
11
3
80
133
7
12
1454
2583
155
155
558
147
31
2
3
516
2
1
61
2014
14
296
52
284
651
8
5
1
129
16
15
24
4
4
12
68
7
552
12
259
36
3
18
18
3
4
76
4
65
1160
18
1
1493
235
121
3
180
1867
2
9
156
2628
515
59
16
90
848
101
41
48
8
16
63
156
1
11
1128
10
1
696
7
6
39
703
1
153
191
309
1
1016
3
380
423
1
35
8
19
1
652
638
2
3
4
37
208
2
1
2
1212
237
13
549
17
1
1
101
383
11
28
24
301
1606
2877
11
25
81
1
1011
684
1
10
727
113
1
105
106
1780
411
29
1700
9
2
45
857
4
641
65
150
3
2
5
1363
260
51
125
3
9
15
1
32
43
15
8
24
49
413
584
354
11
2
1358
4
18
39
1502
4
687
2762
2500
2104
201
111
17
470
5
92
79
7
9
13
13
1
110
1
77
142
5
12
37
1
134
36
16
56
1
5
6
2371
1
562
24
1
136
7
1198
5
1
1
16
405
102
1764
160
3
175
205
220
2
12
1
9
9
98
659
4
43
1
1
352
18
1
19
17
1235
138
39
2
366
160
1
5
2
53
1
49
14
1
210
25
308
911
15
572
1
13
1
19
2
308
465
177
32
1345
2000
1
321
302
32
2
12
1
174
335
2
1
37
17
6
4
1
640
5
557
708
1115
2
591
14
6
12
29
642
1992
242
341
1
1333
1
1
239
685
307
651
1
1
747
10
1706
31
520
1
1186
173
1564
2415
2
860
29
2
1
28
162
652
1
1
1
41
1198
5
6
9
2606
13
1509
431
25
6
10
12
329
182
318
38
1049
2
2
19
13
432
1032
2322
2
16
60
65
39
32
1028
72
61
49
15
14
2
1
1
51
38
586
7
314
954
674
60
646
740
7
973
2571
81
1188
3
17
1474
9
30
26
22
26
3
2
653
344
2
1242
17
1313
1346
2150
1
2
68
1599
116
203
175
369
1273
48
1
7
1
1132
9
106
22
35
50
33
9
1897
11
192
1
1
78
82
14
24
1048
209
11
2
8
36
731
678
514
107
640
29
15
1221
42
37
2118
262
268
2067
7
2
2109
320
8
8
2861
6
3
16
329
685
3
489
167
2
584
1
1690
1740
2
14
145
842
17
668
169
364
2
488
1370
654
1522
396
5
4
19
2
13
26
96
990
761
10
26
71
3
2
52
41
464
2
2507
1182
36
32
1
21
511
94
1700
7
1423
4
19
21
1
3
1897
1733
262
2
1
1
2
2039
7
87
1
13
5
62
1
6
411
9
8
42
1
206
420
1
73
8
3
2090
2
25
1
13
1
186
2
80
4
9
20
16
1
358
3
739
135
6
32
578
618
1
402
1922
1946
148
51
1
41
3
43
66
2832
2417
1
159
43
23
1
1922
1
50
624
18
63
1128
172
97
1661
1417
1518
2
1
109
1348
270
2
47
2
4
2
2845
2133
2392
1
379
40
1
14
17
1
10
50
41
1
662
2
1
997
1448
29
3
536
233
1
7
2236
1
16
519
17
53
20
10
8
41
312
1
287
5
1
117
1
42
59
14
4
12
1
6
875
1
966
448
684
1646
1
2
1630
431
75
699
1266
2837
33
1678
269
365
15
112
9
8
331
579
21
9
3
112
4
9
1
6
81
23
1049
1748
1
2
6
315
1
506
223
3
2842
1
2257
1
2
33
3
169
11
28
274
9
491
1
17
1
461
1189
1
10
23
1
2
10
1
226
340
60
50
1371
376
31
2
2689
161
1
3
461
1
40
2
1257
28
113
2
4
1
25
420
25
2
1
58
6
481
2
6
2
2717
345
362
1167
5
5
38
217
429
311
19
62
283
12
72
1
150
28
58
3
2295
4
644
2616
17
380
972
48
2
4
3
61
9
13
61
56
135
321
6
15
93
5
173
8
9
8
5
75
30
22
26
40
2
117
18
223
1
1
469
1485
80
75
665
1
43
307
171
87
1
1
559
2970
4
1205
13
40
258
3
1
1
2272
2867
4
1
995
175
4
6
1221
99
3
7
30
10
1505
16
110
52
305
46
3
2
2
750
18
57
8
30
48
3
1
2315
2875
964
570
25
123
409
1055
1332
1326
25
128
1
20
13
11
386
28
4
13
3
404
69
31
1
146
1567
57
111
18
113
824
57
194
4
169
1376
316
6
1
4
2
8
9
86
455
174
26
45
303
34
574
16
3
531
1354
637
396
292
2
126
1344
1069
2
1
11
2
23
1
1604
15
4
2
254
143
1
105
9
2272
286
1
31
681
32
1
1357
643
54
107
1494
5
32
815
36
42
1195
91
659
952
1419
853
391
969
145
1837
1
56
27
9
4
12
1
11
341
4
1
1
2533
17
128
17
10
1722
108
1
30
657
1
12
1704
29
1716
39
76
2091
139
1
832
110
9
20
2
4
489
868
7
51
145
2142
1
41
2
498
104
6
6
93
110
1
450
59
117
12
1
26
8
8
916
236
25
968
1272
157
27
214
17
431
2861
2
569
928
1188
108
4
1307
6
3
2
6
53
37
34
2989
5
138
307
2
1
68
8
649
1952
932
83
162
318
272
65
18
75
2
2
5
10
456
17
768
55
63
2064
234
1
2
59
751
1
5
110
7
3
96
23
2663
4
5
16
46
5
177
37
114
92
806
835
1713
44
197
4
2
46
2310
1
10
13
1
3
43
1582
58
13
109
2
43
21
1399
1
80
1254
11
97
73
917
5
2
2
53
166
175
1610
1
13
867
866
8
13
106
109
59
1
11
7
23
63
1639
144
7
55
104
6
1
16
1
1939
15
1304
453
925
154
279
501
118
72
20
15
250
1
28
11
3
318
966
564
1796
4
101
1
9
2571
693
2685
79
62
33
437
26
1
3
204
37
1
934
3
420
1292
307
1445
518
210
9
5
1347
195
2
1
113
29
8
391
228
2437
36
22
1
172
1
2
1
82
2
147
13
6
16
79
9
3
337
1670
196
4
667
8
5
49
799
164
4
11
2808
399
309
6
22
3
2
1
108
8
170
400
4
1479
1
1436
807
1603
246
1706
387
118
1
1
15
1
3
17
24
4
11
2497
11
49
1221
2
1055
1
2797
11
95
22
37
306
9
1
7
335
361
242
19
8
427
78
19
121
663
45
134
1426
88
88
364
587
4
6
306
90
2778
2
245
973
7
364
13
4
749
491
5
2
40
22
1141
3
3
2
30
39
56
284
40
44
10
17
9
7
135
1
1
98
1
247
1
175
14
2
56
172
142
1
2546
3
1
13
2339
17
969
805
4
379
13
1817
524
5
344
1850
1
1
36
1839
697
51
136
4
49
51
118
52
9
1
1796
1877
2702
2
1
126
1
1
2133
25
2215
419
40
6
508
1
32
93
149
2
1375
855
7
2962
1185
10
2
2
74
1
1185
222
2551
1
2093
30
654
1399
2
343
65
211
19
285
2747
538
18
576
20
2
628
958
9
1614
2
2
1
3
43
6
1
5
46
21
368
2
113
6
3
320
2
1590
2427
73
121
295
305
713
496
2273
3
495
405
4
1
9
14
123
2010
21
111
9
1
298
17
2094
64
4
5
464
4
163
20
3
185
2
1
2
19
7
420
2590
4
2652
3
156
792
1595
3
1
1618
84
17
633
21
964
2006
4
3
48
42
7
41
1045
586
93
248
1
100
981
1369
2
8
1852
1
1041
2
1401
2061
4
2942
413
86
418
1184
7
1299
61
4
1
1341
6
6
188
7
60
579
2157
17
345
702
5
2289
577
136
223
530
10
80
1025
637
109
86
642
146
1
14
500
82
4
496
73
82
2143
56
3
1
2137
9
1431
25
695
1347
93
9
882
289
3
655
51
1
1540
100
56
1
233
103
12
4
101
754
9
713
11
29
356
7
36
1
1
100
2647
1710
152
276
1
1577
243
3
3
1
165
159
37
238
349
501
43
1
2
1126
12
50
25
43
2
27
64
95
1314
2328
351
112
1785
413
45
24
8
9
78
97
17
3
56
11
117
69
1637
79
489
509
1
23
14
305
8
5
17
91
1
937
575
97
304
193
14
464
23
632
61
286
10
65
703
1540
21
967
1
1
911
27
220
1645
65
74
157
535
1
97
6
1
172
1
62
1
1190
2000
418
1223
48
37
1613
16
693
446
107
100
10
1295
7
8
8
2
91
1178
3
1
99
2
14
11
16
1
104
1
1
259
6
4
1716
1063
96
2286
332
2444
29
3
208
925
386
29
2
1092
25
712
18
437
1023
2326
34
3
963
39
17
31
2473
387
2
1739
1
858
35
757
5
1
1
26
64
16
3
30
49
3
7
16
7
1
81
4
492
13
3
1824
61
1
675
2961
48
1244
1934
67
8
118
1339
30
159
497
17
1
1790
25
1
2
2004
30
3
17
1234
13
14
1
576
36
51
5
818
1874
208
3
1846
4
308
1
1
2
280
1
17
1175
1193
12
2825
1322
5
41
2655
2
1409
413
9
15
74
53
45
1
92
1
243
23
749
128
8
1
453
63
26
34
3
9
103
1
140
8
210
1012
2499
1125
462
2
5
2910
113
5
3
1
20
999
6
2576
123
1
2
99
284
18
10
13
996
20
1
18
180
4
9
2
312
3
61
14
1
1
7
1
13
2
89
2829
43
8
330
401
1
179
127
753
4
38
249
100
764
21
2
23
335
679
1
14
200
17
1
2
245
18
1
1
26
2
24
382
1
404
20
2711
14
2999
2424
3
1992
200
9
347
2134
2
2566
39
56
1
826
1855
58
2
515
13
206
1
3
7
123
2486
976
1
2
267
108
1
1207
137
1
8
513
1777
1322
3
38
155
52
10
1
2
37
509
38
1406
139
2
1
2
2
1
22
26
7
1
2
593
151
2266
1
1
2
701
2033
1
1
1452
63
32
2
33
627
103
3
1190
1136
1
1101
1
2
84
36
3
4
27
2
1
112
3
502
3
53
1125
575
25
1530
21
3
6
989
1
25
2941
6
1340
2
95
2
1
489
9
3
4
7
6
7
5
1
488
68
294
32
18
1207
139
56
3
911
3
226
11
13
85
1826
210
119
1059
10
13
18
1
6
1
105
1859
1011
306
2
1
1444
139
1
66
2
8
1898
2
2
1
1652
77
733
184
21
25
1
2
1
18
311
388
491
2
246
47
1857
58
43
10
490
2
4
3
8
253
1473
4
139
2
112
288
1106
1281
30
16
12
563
1171
309
602
2788
1
4
15
369
17
3
28
21
7
18
74
18
462
33
1
6
20
290
311
502
797
103
5
3
3
1571
1
74
1
1
39
2
18
147
28
866
2758
12
1
819
7
33
136
460
1979
1
133
716
336
154
338
1
2
78
2
72
539
6
2
4
161
15
3
2126
48
1609
27
106
10
2
3
108
2
2637
5
1793
306
4
432
1
20
1
1
23
84
1546
1
79
12
3
780
28
804
1
55
35
736
461
9
10
1
1
756
1641
6
2
116
4
2
502
13
1
1516
9
5
313
82
345
49
1
139
835
104
6
1676
19
29
1
10
230
2528
1482
217
1
194
38
1
1
266
1
20
2109
4
8
53
29
56
5
7
12
2
1433
1213
8
15
1976
838
1439
7
2
1
68
41
2
4
2957
20
43
1534
728
1
1
2
1261
200
258
100
5
476
6
244
1727
1601
1
140
4
1248
15
1385
2435
1028
23
298
1641
1
1618
20
596
5
94
338
135
1
208
5
430
2
512
587
885
6
2780
1364
1999
966
14
13
1
2626
29
14
4
27
12
27
17
2
12
3
89
59
2
43
206
33
1118
325
46
15
1
880
21
1345
1273
1097
2
1092
2686
1737
24
1829
1918
2072
7
1
6
753
4
1
2720
111
1677
2
1
1962
517
5
1150
468
218
2373
32
1
8
45
4
5
52
1
83
1
18
88
23
1
297
9
964
4
939
3
744
1
1555
36
1
140
3
4
5
9
37
1317
288
1
656
190
1
56
1055
1270
1
1
1954
65
81
8
3
231
604
270
5
2171
55
1211
1
1
135
2806
29
1355
441
65
2604
11
9
2500
3
192
2157
2012
1393
80
5
1
72
18
164
100
6
11
820
2
2
428
71
1876
87
4
22
4
17
4
1
1
5
683
2784
2024
46
2
76
33
569
5
99
209
314
1
1
12
118
42
3
174
60
46
1
41
2153
2
945
19
1
16
2
1
1
2193
563
22
2
19
3
56
643
2
1
38
211
197
212
11
25
659
29
808
714
2577
2638
11
1
45
210
890
4
739
836
15
4
1
11
11
15
7
7
78
535
371
4
43
16
1497
3
111
63
43
6
350
2
1
392
32
75
1
59
845
428
1
1134
296
1337
3
544
2
11
7
6
5
648
2171
5
2
15
2
2667
198
3
6
1
1
1
125
41
1
574
2
1
3
608
1
88
152
157
26
18
39
120
3
14
6
940
2973
1
9
45
1273
234
1
9
2
174
100
405
13
1
26
1
2
330
7
1
293
1096
229
699
1471
1434
1078
2155
3
50
2382
3
1
55
28
31
4
2
13
305
8
444
1
4
17
83
11
1
9
219
21
215
788
16
46
125
1
298
1
1086
126
2290
11
1
459
6
86
177
60
14
1
19
4
204
155
30
17
360
128
120
196
4
477
2792
3
246
7
339
74
2143
7
50
983
262
2360
1633
434
99
1
47
70
337
24
2118
37
12
42
1323
32
1166
1
126
427
1853
72
58
27
941
2
30
6
3
829
61
41
125
7
1
2814
1
50
18
51
2
2
78
726
24
614
33
4
1260
237
855
2185
7
133
106
2
4
31
86
23
1581
512
10
2
1386
176
893
803
67
141
7
85
2932
2593
49
17
7
438
366
65
140
2675
584
23
47
5
2191
20
8
4
15
76
40
425
2666
721
109
1337
13
361
3
2552
8
471
1
2
47
2
4
170
276
59
1
11
7
831
853
645
1420
22
27
314
2884
5
14
143
484
81
10
4
53
24
179
22
24
2
9
1
7
2
1
238
45
58
1
38
353
6
1
1
1898
64
21
1309
1
32
874
157
77
3
36
143
653
2
15
4
14
1512
371
131
990
1035
5
45
1
679
151
61
29
27
16
11
40
885
1
2883
7
439
131
66
596
3
18
870
1373
23
2324
1
145
1
667
5
14
10
620
53
7
116
20
606
1
325
5
408
1
2
1
820
168
25
11
4
5
4
20
104
370
248
2151
4
1891
87
193
3
148
3
18
555
1
24
20
3
15
329
971
124
37
264
157
10
96
70
1627
12
6
380
72
438
24
4
272
299
32
1403
6
1
1776
24
483
921
15
1
1988
48
1
1
10
1
1742
32
162
1
3
21
1143
3
1
36
54
163
121
12
266
1
3
425
5
310
1257
62
2
164
211
36
2115
1
1421
3
71
379
15
939
551
2
89
12
1
3
1743
13
68
888
2828
19
918
5
46
851
13
40
103
14
2124
1
4
126
1737
4
1
20
717
51
1
3
92
1561
589
19
11
1347
1246
1099
253
4
1
29
2
98
414
2
1251
174
222
636
1
315
19
80
26
13
1640
2
2333
46
2
8
50
1238
19
3
11
551
1
145
16
3
249
1361
42
89
1
2053
10
6
3
1880
228
246
4
1
1686
4
43
1053
143
56
3
43
4
2498
20
16
81
1055
1008
248
1844
976
2827
1823
1
4
91
354
2688
2005
2836
35
2
466
23
1708
548
9
18
1
291
211
185
72
76
32
32
10
21
19
24
55
29
38
885
1109
94
1
2
2
8
3
1
32
202
1487
1
141
1157
15
1
2
216
1857
120
343
52
12
295
10
12
1
683
431
523
1
2279
142
136
113
32
34
2
1
2
375
16
1
1774
4
385
156
1447
6
49
3
1
262
332
2
1879
1223
2414
2
9
2
1
5
4
10
1
5
16
1
33
79
808
28
830
2346
37
96
44
1138
23
4
151
40
500
243
323
71
266
281
50
467
28
12
3
62
1723
15
7
316
7
92
1
80
1310
84
702
15
1
2
6
5
2
3
19
54
1
36
476
10
6
1825
22
543
91
1
32
1099
25
3
534
24
357
1
391
4
63
59
93
48
53
1428
4
20
2573
2
376
205
52
1122
2311
1
1
1
76
27
8
2244
1
4
258
14
51
8
33
32
332
89
397
4
69
6
1
35
119
1
207
2467
970
40
1
278
65
7
6
5
3
83
5
57
83
579
1
43
1748
1870
160
13
8
2918
1481
1
1
21
52
1
8
611
1
25
33
1
106
8
33
5
2952
207
4
1
6
1
1
723
1
168
58
779
1
369
559
5
2050
30
111
1
5
126
2801
1
14
799
46
1442
539
6
707
82
299
1327
11
1
17
24
1282
26
177
121
1
3
1
8
2338
4
4
23
6
544
833
32
2156
2
3
1
1553
2
1091
91
1183
14
8
43
2
27
557
2
60
128
1
37
38
6
7
90
8
201
1624
116
106
5
39
2
1746
816
159
1263
4
1
4
81
1
105
4
4
1006
65
3
1
17
224
13
19
23
1
2777
2
42
6
1569
974
1
567
1
2
2635
26
3
16
5
11
57
2
2211
587
6
30
993
222
20
54
516
20
6
314
1145
24
980
2
1
12
1276
2
81
369
1
81
121
7
12
1252
8
143
210
1
1
9
623
32
1
1170
1942
1485
19
786
102
14
3
720
7
1697
45
541
136
1774
6
1076
10
2087
105
1
727
41
17
815
5
8
6
1
5
9
108
3
2084
1952
6
69
1
384
1532
1
7
41
38
296
6
4
210
66
27
21
123
1
741
5
2
115
1
120
1172
698
25
53
254
3
34
2503
253
522
245
1
18
287
3
26
2745
589
660
72
24
2
8
11
490
209
124
9
165
398
60
2
2
42
85
50
55
124
6
1834
385
422
382
128
29
2
1
1
10
110
19
435
127
172
1550
175
1
701
1378
1
443
685
1
113
1746
204
20
28
80
988
97
103
197
72
1
687
1782
2217
892
462
6
314
1755
7
332
180
2
19
2818
5
3
475
1
1
26
5
3
2
2360
2
9
3
362
4
399
9
63
3
358
843
190
1
121
2
6
14
44
447
958
972
19
27
244
58
989
120
1
1
49
122
1
250
1018
20
1
28
1
186
247
2503
4
2
11
76
3
18
31
100
28
194
112
386
1162
546
1143
4
1581
38
161
104
9
24
291
126
7
3
413
492
1
71
3
7
12
206
34
421
101
229
27
141
2
498
8
122
5
3
1177
15
717
486
7
622
5
598
20
890
166
101
1045
1018
4
2
10
107
968
8
714
1
1
2
2860
2
1
1188
2
1656
16
1
18
21
8
19
854
45
24
4
2
23
1459
19
53
39
1
1
26
1
1
2
1
1
296
4
9
502
19
15
78
239
119
40
1
143
4
2629
4
10
81
121
778
2559
8
1932
1279
6
1
1156
52
81
1
7
323
1
723
6
1
3
2
234
271
142
33
1
10
839
300
1562
5
387
16
2
5
174
173
1
1
568
1
101
8
1
1
1165
523
949
3
11
90
1708
4
7
19
2393
1
2
3
132
3
28
47
228
10
1452
2091
81
463
486
10
15
129
192
2170
224
2
344
2162
1
571
14
7
293
4
1
100
65
25
1
39
1
81
23
2
9
7
332
424
935
4
1078
1
3
180
2070
1
2532
7
4
95
10
387
218
167
60
1
37
7
223
51
2967
6
2
1
2
35
47
6
102
1
2
1
19
78
1
76
12
12
548
33
20
586
4
1028
50
179
4
17
2173
18
6
3
13
51
873
186
9
896
12
7
3
99
1814
155
74
20
1
820
1
282
1
16
1
1
25
841
8
31
564
17
68
422
46
2238
25
55
2536
40
2
41
25
295
75
22
1
1
26
862
16
3
19
63
68
14
43
10
39
53
51
989
2138
21
1055
1537
4
319
1964
207
57
63
729
1365
49
1340
8
980
12
1
5
125
3
122
19
1
3
2286
1454
18
29
13
3
38
39
223
1548
159
33
2
1135
1
30
3
53
313
70
338
746
2859
2
173
306
543
211
663
7
3
242
19
8
1222
2
1753
21
947
103
132
1111
230
940
1348
8
32
4
277
2382
92
25
264
1
987
138
2223
6
5
132
2
481
1
1
176
2
1097
2182
1
1
9
37
66
10
8
272
111
266
43
10
1617
15
99
5
7
1
31
1
125
566
35
59
13
509
1
580
41
92
134
160
50
296
1126
1
704
1490
2
22
57
1
2327
8
137
48
23
240
2
2
16
196
1413
1
892
1
270
108
2
426
1
18
4
592
1
72
119
2977
122
1
103
1
4
38
5
1522
12
8
14
1074
1
21
1954
10
14
18
6
90
2284
2426
73
1
77
94
3
34
75
11
323
1
731
3
5
773
555
1
5
571
28
2
3
181
1
77
1
14
458
3
3
1
171
426
1
14
1285
353
1
5
15
499
12
8
1
18
2
356
491
2
5
60
339
191
873
591
2602
4
2
8
7
581
130
1184
270
4
73
2
2
1
600
68
12
704
39
2
10
59
843
11
89
12
2862
1
246
133
5
1
65
3
26
91
17
3
29
10
1
1879
2
1
303
16
1268
1
85
5
16
5
28
7
2103
1
61
2
835
108
450
99
251
2722
625
26
3
854
41
2
2838
1834
9
393
320
504
3
1
18
2
31
1
9
1440
1
1
123
122
535
1
18
61
2
13
14
189
469
3
28
9
3
7
7
78
1171
1815
2047
208
83
52
545
258
226
96
1172
26
1493
3
5
116
391
418
1
1082
28
142
1
381
34
460
1375
2
1202
147
548
1689
250
13
1
13
11
128
1293
311
43
11
317
1
5
36
1558
4
1
503
1701
77
1357
1
560
1
22
92
2714
183
15
21
1
7
429
1325
294
53
75
2567
15
1
81
4
181
88
124
65
2
2
215
33
67
1
24
639
85
19
31
7
251
4
1
1
122
1
2242
96
7
1144
3
187
7
10
82
10
31
1733
402
1
212
1
287
1333
1
185
247
444
12
2365
4
2
626
38
505
11
57
13
42
2925
72
1
2
4
178
43
284
132
52
1801
2156
10
129
32
1
1
1978
1040
23
77
1
41
197
196
640
360
19
295
327
26
5
235
1166
1555
158
101
2013
5
946
4
1887
2846
67
85
7
5
20
82
845
3
11
10
272
2
21
2950
69
11
5
38
1
1
7
52
9
2
52
8
3
1
31
2
47
3
2
2
49
1149
652
22
16
191
66
2
15
12
661
68
3
1
2
1787
75
45
28
5
5
251
34
6
160
4
79
32
1
5
3
4
5
3
1449
879
188
10
98
3
29
3
22
1
49
1394
12
2
968
13
4
29
18
1
23
16
46
4
3
177
2827
1104
892
84
1
41
1632
16
1521
47
5
32
1586
3
16
43
1066
3
14
1209
12
1
2
539
260
1
3
106
4
8
34
1300
6
3
242
2
24
228
81
341
61
1
2
724
6
1
319
60
20
461
40
23
2
31
372
13
7
143
58
36
258
507
2
273
2
1
23
8
2480
3
177
1
2
2
50
19
3
9
368
35
2692
1346
6
10
67
12
124
40
5
4
12
159
59
2
1
71
168
1
392
1
6
1015
8
2234
32
649
89
4
543
32
201
11
9
117
1
11
8
1639
348
3
468
5
93
1667
256
5
62
827
513
248
2
749
404
779
120
26
68
73
169
1594
641
3
17
1460
1122
2
24
183
1
1935
15
22
674
206
2
93
59
823
138
1089
2
1864
263
631
10
89
313
14
2
7
107
426
54
4
2
1
1
11
21
308
488
2604
5
70
19
113
2
6
3
9
4
23
186
11
1603
85
9
1081
59
1
334
3
255
2
742
22
3
739
73
1265
6
2110
133
280
551
1
856
4
1
71
2
91
1437
5
19
1
13
1
10
4
836
2021
39
31
1
2
16
624
62
154
3
32
13
955
1578
81
7
10
72
1223
44
212
13
48
1604
35
1
117
2
4
1655
32
1
8
13
4
616
274
12
3
156
1063
18
8
79
1
3
263
3
25
68
915
283
278
3
2
222
5
10
5
127
566
1
37
21
7
9
19
5
361
27
174
2652
538
10
3
1
14
12
1654
26
33
1529
90
2
844
11
3
1451
1036
114
1
146
374
3
16
46
4
2
25
28
1406
1597
7
708
1
410
30
82
502
217
11
528
5
640
30
19
7
5
314
1030
14
1061
2002
285
1
2
6
1
5
439
350
3
1
107
20
3
1084
211
8
788
22
1
396
28
21
1
1
23
1
1059
1
2
1109
3
1
312
63
2
284
17
1
131
2462
1
413
5
174
44
196
5
1812
411
147
1
3
9
494
34
38
3
247
156
1050
117
1416
15
401
111
26
76
278
1268
19
1
5
497
59
9
416
539
7
3
2739
7
1
1
127
18
2
24
641
27
14
84
615
17
621
345
2
761
1774
4
1119
1173
1
178
250
16
9
2319
53
24
36
1056
1299
1
126
2
588
30
1
12
74
8
49
2
2
63
11
3
1
1227
1490
5
243
19
50
16
23
155
2596
2
37
59
1
1
116
1
6
2998
417
1922
199
2185
37
5
15
1
1000
5
1
2282
1
9
1
2980
120
793
4
94
1
788
2056
7
39
1433
8
103
1
1557
1
2
4
7
23
14
121
3
194
38
112
1
3
1
3
1678
702
8
3
1969
11
199
12
586
468
3
2611
901
15
663
18
228
597
608
116
367
1
22
6
981
155
3
234
5
2
43
235
18
159
8
1
1
1
32
209
307
79
2527
2160
667
324
288
577
1908
11
2
176
62
6
11
161
1790
916
18
21
45
1
595
35
837
1465
6
42
7
20
442
2
513
1879
3
29
70
241
23
3
5
96
4
2
3
3
2
2
26
40
29
2
424
4
28
1
320
1443
1
2
38
1
240
115
2
2
9
4
76
47
569
578
11
3
26
1
1423
2642
691
160
1669
2
14
26
359
273
30
1222
23
45
2947
142
3
7
4
926
29
36
214
367
358
1
35
555
1
1
1
1
2
108
4
2951
1
286
967
30
34
8
544
51
2
1344
656
69
12
6
21
2632
16
44
46
70
13
70
70
298
17
2769
1380
2
5
1029
8
1892
658
2
1223
2210
23
499
5
75
213
1
102
172
2765
1455
1
2
2219
2952
16
452
26
1779
2
1
8
1
85
52
717
2
6
5
244
1
642
14
1
20
1150
555
23
1516
1073
4
4
1
7
1
2564
1
323
1
48
7
214
337
9
26
50
32
1
1
1
45
553
1408
51
1888
26
7
2
108
8
9
4
14
17
1
2437
3
665
2
114
1
350
3
1
2
86
147
1
12
3
55
303
1
88
1
3
8
2156
3
1146
1340
39
50
2776
114
6
327
218
3
5
108
2714
2
455
2
615
1808
2
3
65
1
309
2
78
149
1
17
84
448
1
2
589
2
64
1
3
132
33
2486
4
10
9
3
29
27
784
162
2
1
160
114
1749
5
21
47
1
59
2636
1181
1709
1
4
42
12
490
533
43
1
807
23
159
217
144
1
16
1
2
1
5
1
2392
12
551
6
110
98
90
1849
142
3
16
3
1647
62
1
2
456
50
757
1079
154
13
23
2612
3
9
3
4
239
3
1
24
32
1089
1
92
1
113
1173
2848
1424
7
137
933
1239
603
473
285
43
20
868
1
424
30
5
14
22
5
1
16
10
1
7
805
5
3
10
5
24
42
17
1413
2
283
124
191
11
46
1360
350
2479
49
140
155
26
154
48
1
648
2
2
13
1
94
51
1947
1141
7
27
2166
8
2
10
1
10
1528
378
34
681
498
6
1891
2942
192
1472
2201
254
1129
101
1
31
7
12
25
10
2
83
103
1442
1
19
1532
85
620
1
38
49
89
12
326
314
2
614
8
91
2
14
93
349
115
23
63
18
127
1
27
52
82
1044
1
1
74
129
2
128
2143
2900
1
1
5
1
806
20
1512
632
1
1
16
8
2861
258
27
173
1819
1
94
2005
2
1397
3
2538
2
250
2
197
4
8
1
2527
71
217
75
1750
291
1
1340
2
1185
4
1
91
1
1202
5
183
1637
16
4
144
707
8
4
195
8
30
15
5
365
101
12
134
2
9
2608
3
1
2
3
5
1151
2
1
2
4
29
17
2
2
1014
68
32
471
135
2
9
178
236
22
73
93
1790
108
731
255
17
1822
36
6
1108
1
103
2105
78
10
3
262
878
1
6
17
1767
1
111
1
393
2
112
2
170
1
451
2
7
6
3
542
13
6
31
33
442
3
2
29
375
195
1687
2041
95
708
86
2
58
9
1
10
150
610
1212
420
177
1
2968
1
300
38
5
1
1
27
379
4
11
15
31
798
1189
3
7
1
598
2947
19
3
398
1
37
4
13
2
131
694
4
55
4
11
11
4
1906
1
4
1
120
7
1
259
1383
1254
2990
15
1885
1
100
543
25
32
886
2
1
29
10
16
408
9
329
535
1
58
1
10
458
65
26
72
148
16
6
150
1235
16
77
19
1
20
260
1444
8
9
147
3
1
85
100
2253
1
100
241
2
21
1
1
485
918
2
85
3
139
43
742
10
261
114
1099
159
4
1
1926
279
1
38
6
1
69
1
4
150
9
1853
1633
87
5
7
9
2
34
143
1
1851
14
44
80
2
4
2
1281
3
2
232
27
13
68
38
2
85
2
1
2556
1
49
1
103
793
1883
135
1882
434
1
30
9
13
28
137
6
5
1
93
5
1675
8
1672
19
103
2504
301
28
808
115
25
77
53
268
85
3
2
1196
4
880
25
2
4
1
64
417
6
61
1478
14
3
1
12
1
182
1
1
1
30
6
6
179
8
57
339
24
1
5
1342
2513
1
20
2360
9
40
931
529
119
145
3
6
1951
12
12
1806
8
12
864
46
116
6
2
262
6
266
1
469
66
196
745
289
37
114
867
1936
213
126
13
320
596
1
4
228
521
228
11
104
299
31
18
3
1
1
34
485
646
193
1
57
14
6
9
44
59
729
332
2859
190
367
33
74
1126
203
1
59
1
692
2
2131
3
169
98
1
392
144
2293
2
30
1384
221
41
142
868
2306
2581
74
55
2985
29
54
43
1796
592
861
277
691
3
3
39
15
3
1669
9
256
296
685
45
29
3
10
331
1122
451
25
94
2588
3
953
1
4
3
13
1
2785
8
83
603
1
243
996
66
112
