2
4
2
6
3
1
3
1
25
2
2
4
1
1
2
1
9
3
1
1
1
1
3
15
95
4
1
171
1
2
1
2
1
7
1
1
1
1
1
1
2
1
18
1
2
1
1
2
33
25
2
28
2
1
3
22
1
1
19
4
1
2
3
4
2
2
1
33
12
6
2
141
1
565
6
1
1
23
2
19
11
4
5
23
2
243
2
5
4
2
1
8
1
21
2
13
1
1
1
10
1
5
1
3
23
5
605
5
1
1
2
1
1
16
1
1
12
1
1
1
1
2
1
1
16
1
2
1
1
10
2
1
11
2
2
15
1
1
4
2
3
1
76
7
2
1
1
9
5
1
105
36
3
2
1
8
1
2
1
8
20
13
2
12
1
12
3
1
1
4
18
4
3
1
5
2
11
10
1
5
1
1
5
1
4
12
1
1
2
1
283
5
1
130
3
9
2
3
1
17
2
61
2
1
3
1
1
5
3
3
8
1
1
32
2090
1
1
1
1
8
1
1
1
3
24
101
1
1
1
3
1
1
140
13
1
1
295
1
2
1
1
1
1
3
391
10
1
2
5
4
11
4
1
1
5
1032
7
1
1
1
209
3
7
12
2
2
5
1
54
1
117
1
10
1
2
1
1
2
2
1
3
1
2
216
8
2
50
12
1
1
5
1
1
1
1
5
2
4
1
61
9
293
2
1
93
3
1
1
1
1
1
13
23
6
1
2
1
27
1
658
185
9
7
16
1
2
1
344
2
1
5
3
146
5
4
7
7
7
1
1
1
1
3
21
1
2
95
6
1
163
1
1
1
2
1
1
2
1
1
5
1
10
4
3
1
6
50
57
9
1
4
1
6
1
1
249
4
1
1
51
2
7
1
1
16
6
2
1
2
1
8
36
4
26
2
1
11
24
14
25
2
1
1
1
5
6
1
1
1
1
1
7
6
11
1
1
4
1
5
8
17
1
1
1
1
68
408
52
6
184
16
3
1
1
1
2
1
1
1
4
23
10
1
3
2
1
3
2
6
1
1
7
1
17
4
2
15
1
1
2
1
1
1
5
7
498
711
1
1
17
52
1
4
1
2
3
5
4
1
1
3
4
1
90
1
1
2
1
7
1
1
58
6
7
1
1
2
1
2
8
1
7
3
4
1
1
4
84
5
14
1
14
21
4
1
2
565
1
13
47
714
3
2
61
1
1
253
1
45
11
1
1908
1
1
2
3
2
6
1
1
71
106
9
2
1
12
3
1
2
2
66
16
1
14
4
7
2
20
8
1
2
1
1
1
1
1
1
1
2
1
1
6
1
1
1
3
2
1
38
2
2
1
19
1
1
2
2
1
48
56
4
14
1
1
87
21
3
3
1
1
3
244
1
2
2486
1
1
2
11
1
2
3
108
3
2
2
1
2
2
1
6
11
2
7
1
1
4
4
3
2
3
1
604
1
1
1
10
1
3
2
1
8
1
1
2
33
1
1
2
7
4
8
1
9
1
2
3
22
7
1
13
42
6
1
2
2
47
26
1
2
1
2
1
112
25
1
1
1
16
1
1
2
1
6
2
7
1
3
3
7
1
3
1
4
1
2
1
3
65
1
2
67
3
14
1
184
5
3
1
3
13
13
25
11
2
4
13
3
1
13
1
1
1
1
1
2
4
4
22
1
264
1
1
1
1
2
2
2
1
2
1
3
1
2295
1
5
1
1
4
236
315
206
1
18
4
34
1
1
1
4
2
8
2
1
2
4
1
1
1
39
1
1
1
4
9
3
5
4
4
1
1
1
8
28
1
1
1
4
1
1
2
1
10
6
1
2
9
2
15
1
1
1
33
1
1
1
16
181
1
9
31
1
2
6
2
1
1
2
2
10
1
2
1
4
1
1
4
3
18
221
1
23
10
6
1
1
5
245
24
1
3
4
1
130
2
56
102
1
5
2
7
2
1
5
17
6
1
1
1
1
1
5
303
1
194
1
15
4
5
5
1
1
1
2
1
2
1
4
42
2
1
19
8
55
19
4
1
1
67
2
1
47
10
1
5
3
24
2
1
1
2
17
2
9
1
47
1
5
1
6
1
1
1
2
4
5
1
2
18
2
2
3
1
1
5
2
1
13
3
5
41
1
2
3
1
1
1
8
1
2
25
2
41
1
2
1
3
1
1
3
1
5
3
1
227
1
1
1
2
1
1
5
1
7
1
1
12
56
1
1
6
3
4
1
2
1
1
1
1
1
7
1
1
5
2
3
1
7
1
513
24
1
1
9
1
1
1
67
1
3
1
1
207
9
4
5
4
101
1
2
2
3
1
7
2
1311
1
3
61
7
34
1
1
1
1
6
2
1
2
3
1
2317
2
32
1
1
5
2
3
3
2
2
3
10
2
87
1
2
2
2
52
1
1
2
4
1
18
1
1
1
1
32
1
5
7
3
16
1
18
1
15
3
2
1068
4
9
86
1122
7
40
73
1
1
1
3
1
79
6
3
10
1
3
4
1
4
1
1
1
7
1
1
4
4
1
2
1
1
1
201
6
3
5
31
1
1
1
13
383
3
1
12
13
3
2
1
5
7
528
1
1
1
4
19
3
3
1
1
2413
1
1
1
4
1
49
7
21
1
2
1
160
353
2
2
5
1
1
1
2
3
8
3
2
5
6
9
65
1
17
3
6
27
1
2
2
10
1
1
1648
3
1
1
1
2
20
4
66
14
9
586
4
1
1
81
1
4
1
5
1
404
1
5
1
3
7
3
1
1
158
3
1
9
157
2
2
1
1
2
4
1
53
2
12
9
1
1
1
1
1
10
2
25
1
1
2
1
6
3
2
1
1
2
200
1
1
259
1
1
32
1
2
2
20
1
2
3
4
2
2
1
2
2
1
3
13
3
2
3
89
1
3
1
5
8
2
52
2
950
1
1
1
7
1
157
5
3
8
1
3
7
1
1
55
3
1
3
1
1
1
6
1885
1
10
3
1
4
1
21
2
2
3
9
5
209
2
4
1
144
3
2
2
4
1
3
4
1
2
1
87
2
1
1
2
1
6
71
1
2
21
4
2
7
11
20
1
2
53
164
3
2286
18
51
34
1
3
11
1
4
124
3
2
1
2
170
2
41
4
2
9
887
1
30
4
2
3
2
1
1
8
26
1
4
2
3
1
20
3
1
1
5
1
6
1
2
1
1
1
1
17
1
2
2
1
123
1
17
13
1
1
1
1
3
5
295
3
11
2
1
24
1
1
6
210
25
1
1
2
1
3
1
4
602
4
154
1
1
2
1
11
3
2
117
2
1
1
2
20
9
104
21
1
1
1
2
320
5
3
12
1
6
13
351
2
1
46
1
1
5
8
1
7
3
4
1
10
1
1374
146
152
1
3
2175
1
1
1
1
8
1
6
7
1
1
1
1
5
22
2
19
7
1
3
3
9
19
4
2
46
935
4
15
1
1
1
2
1
3
2
1
2
6
2
9
1
11
4
10
2
3
7
8
1
23
1
2
1
15
1
9
3
7
1
1
1
3
2
10
9
1
2
5
1
1
2
1
1
6
1
2
3
4
48
1
4
14
9
1
1
1
9
1
1
1
1
6
1
3
2
1
1
3
1
1
12
2
5
1
17
3
22
8
1
750
6
1
51
5
34
1
99
440
2
1
3
1231
1
1
3
9
2
1828
7
1
3
1
3
18
13
2
1
20
4
1
3
1
1
1
1
287
1
1
13
62
2
1
7
1
1
6
3
1
2
1
1
2
1
1
582
22
13
2
10
1
2
3
5
2
11
2
1
378
4
4
3
3
1
11
7
1
2
4
1
40
327
2
46
1
4
11
3
2
7
75
1
1
20
1
5
9
1
1
2
3
1
3
32
1
17
1
33
1
1047
2
15
47
1
2
1
7
1
2
8
8
1
1
4
10
4
34
8
1
4
2
1
24
3
1
13
77
59
1
1
2
4
5
4
1
13
1
3
19
1
2
1
1
2
4
2
57
3
1
1
1
1
2
1
1
1
2
2
2
3
1
1
1027
1
14
1
115
105
5
2
2
3
7
1577
1
20
47
34
13
1
53
10
3
9
4
1
1
1
340
63
6
162
3
2034
4
186
10
1
118
1623
2
17
1
27
1
1
36
3
1
22
4
1
9
1
8
2
1
3
1
1
3
22
6
53
1
7
32
1
1
29
1
3
10
4
1
1
1
2
1
4
1
2
2
14
145
27
1
7
1
6
1
1
7
2
1
3
3
1
39
40
1
56
20
3
1
2
2
1
1
5
1
4
2
2
2
12
3
11
9
1
1
1
69
1
2
5
1
2
19
2
4
2
1
1
1
1
1
2
1
10
1
82
1
13
32
1
25
1
1
3
1
19
1730
1
1
1
12
3
7
1
23
2
1
1
2
1
1
36
1
2
5
1
4
1
15
2
1
497
38
13
2
3
1
4
2
1
1
2
175
145
43
1
2
82
1
1
1
4
3
11
9
1
10
1
2
1
4
1
9
2
670
1
1
58
2
13
5
2
3
4
1
4
2
41
1
2
3
10
2
5
1
11
12
4
3
4
2
1
20
10
3
5
12
15
1
2
1
7
1
2
1
360
8
1
1
9
1
1
7
4
1
2
7
2
243
1
47
1
101
4
2
3
1
65
22
85
26
1
3
1
1
1
2
3
3
1
1
1
1
1
7
1
658
41
4
1
13
2
3
2
465
1
37
21
2
1
4
5
11
4
26
3
5
5
3
16
2
4
1
5
1
4
25
7
5
3
1
1
2
70
1510
1
3
2
2
1
2
1
7
1
1
5
1
1
2
77
1
1
6
6
19
1
175
1
1
1
1
1
1
2
8
7
2
1
2
1
1
1
3
4
2
5
2
1
1
3
1
1
14
1
15
1
2
1
1
7
1
107
6
20
1
1
2
2
1
4
16
67
2
2
14
1
2
1
3
1
86
1
2
25
10
179
2
12
2
1
1
1
44
1
1
3
1
2
1
1
3
1
1
1
7
1
1
1
1
11
1
3
13
2
2
1
1
4
2
2
2
16
30
1
1
2
1
19
4
3
4
1
1
15
1
67
34
1
5
1
1602
2
94
1
55
644
1
1
2
460
2
1
385
2
1
83
9
14
1
2
2
1
1
1
3
3
71
29
57
1
25
1
4
2
3
59
1
10
1
3
3
7
1
4
1
13
1
3
3
40
4
1
1
2
1
2
1
2
7
1
11
1
1
3
1
2
1
1
4
1
38
4
3
2
14
2
25
1
5
10
1
8
19
6
2
67
1
1
1
1
55
34
3
1
1
2
1126
1
98
7
1
2
1
80
3
11
1
20
2
3
68
1
118
72
14
27
1
5
1
2
2
1
8
5
16
98
1
33
89
1
7
2
6
1
2
1
3
2
3
1
13
4
5
1
1
1
4
103
1
126
1
1
12
27
1
1
1
1
1
42
8
27
7
1
1
1
1280
2
1
24
5
95
1
2
1
1
5
2
1
12
2
1
1
10
3
100
3
8
2
7
2
1
10
22
3
1
31
4
1
2
1
2
2
3
4
1
15
9
5
8
1
1
1
1
1
6
36
25
5
1
31
2
1
3
114
1
1
8
1
2
743
1
2
1
2
1
93
6
1
17
14
1
24
1
1
738
11
1
2
3
1
1
6
3
1
7
2
2
13
1
1
1
60
1
1
1
1
1
1
10
153
15
40
1
1
1
2
8
1
1
153
1
1
1
1
2
1
6
37
1
3
8
1
1
3
1
1
1
1
1
23
354
14
2
1
4
1
19
1
8
1
1
12
44
3
1
1
1
3
1
4
66
2
5
3
1
8
4
2
7
2
170
1
1
39
3
3
3
10
3
554
1
1
30
37
39
1
1
28
8
594
1
1
328
1
8
2
4
1
1
16
27
5
2
1
5
8
20
8
2
1
36
1
3
4
3
1
6
11
92
1
3
2
3
1
10
1
1
2
1
2
2
1
1
4
211
1
3
20
13
1
1
10
12
3
1
4
3
9
1
1
6
1
1
3
3
2
1
18
2
24
2
2
13
1
1
5
1
2
44
3
3
1
1
169
111
1
1
1
1
1
2
1
1
3
1
28
1
1
16
1
41
2
1
6
8
1
1
3
1
1
1
1
6
1
2
9
1
2
5
3
9
1
14
1
17
1
1
1
10
118
1
4
63
15
79
3
1
1
13
1
1
1
4
11
12
2
33
9
2
1
741
1
3
3
1
11
3
3
9
1
1
1
66
2
1
4
1
4
1
11
4
1
1
36
1
11
4
1
16
35
1
1
4
8
1750
1
2
1
85
2
13
323
1
831
1
3
18
1
2
1
8
1
15
1
1
1
66
3
6
1
6
1
128
1
2
20
150
1
1
3
3
12
1
154
1
1
420
5
35
2
1
4
4
2
2
1
1
2
1
23
243
2
1
9
4
1
2
2
349
4
1
4
1
1
1
3
1
1
115
1
1
25
691
1
4
4
7
20
1824
4
51
22
2
2
1
498
2
2
2
27
51
3
33
9
8
3
1
92
17
1
49
1
35
1
1
1052
1
6
4
1
2
1
1
24
1
1
1
40
1
8
1
225
1
26
1
11
37
2
1
4
2
785
1
3
3
21
4
3
13
8
12
14
1
1
1
9
41
1
9
2
2
60
1
2
1
321
12
2
2
5
6
1
12
9
4
108
1
1
94
1
48
41
22
4
1
13
6
2
3
3
6
20
2
1
40
2
2
1
1
5
335
18
1
8
1
1
493
2
552
7
7
1
1
1
219
3
8
20
1
2
1
8
1
2
2
2
3
2
15
14
13
1
1
1
3
1
6
1
5
6
8
1
1
1
6
1
3
12
130
6
1
2
1
4
1
2
1
16
55
82
1
2
1
44
14
25
2
4
28
6
1
53
1
1
5
1
1
10
1
1
6
1
1
2
1
5
8
11
2
159
1
267
3
1
16
25
7
1
2
3
3
4
1
3
1
1
1
1
1
1
4
2
4
1
2
1
4
21
41
45
1
14
3
1
1
1
1
16
6
2
1
3
1
1
1
1
1
9
2
1
1
29
6
7
5
27
672
2422
1
1
7
1
1
1
1
1
2
20
3
4
2
2
5
32
45
1
3
2
2
2
26
3
33
1
1
2
1
3
21
1
3
1
1
1
20
1
13
1
10
11
2
4
3
10
5
3
28
125
1
15
3
17
8
5
20
1
1
1
1
4
2
4
4
1
56
1
30
1
1
1
7
1
1
2
2
1
2
4
4
32
6
23
88
1
11
4
23
1
1
1
1
1
1
1
27
1
1
5
1
4
1
37
1
29
1
27
1
10
5
3
1
1
1
1
30
14
2
1
54
1
35
19
1
2
3
1
1
1
2
1
1
5
3
2
6
2
37
3
1
1
1
1
83
61
27
1
5
11
6
1
3
12
1
1
2
1
252
2
1
5
1
1
21
36
27
2
4
1
1
4
20
3
7
3
62
1
6
169
7
15
2
1
1
3
79
4
1
1
5
1
1
1
3
1
6
1
1
16
11
2
3
39
2
2
4
3
104
5
1
1
50
3
6
1349
1
4
10
5
116
9
2
20
8
1
1
130
4
3
1
2
1
30
4
2
2
1
5
2
41
1
7
1
4
1
1
7
1
81
9
12
1
13
2
1
30
13
1
15
1
5
1
2
3
78
1
4
1
2
8
3
33
1
10
1
830
1
1
1
1
1
1
9
3
2
1
9
1
9
15
19
1
3
1
1
31
11
19
1
1
7
6
3
1
4
1
3
3
4
1
1
1
3
278
1
1
281
2
1
1
1
32
2
11
1
2
1
3
11
1
1
1
2
1
1
7
2
1
1
8
1
1
7
2
7
1
2
2
1
2
2
2
3
19
4
17
2
1
10
4
34
1
1
19
5
7
3
24
2
1
1
4
2
1
3
16
1
3
28
1
81
1
1
1
297
1
1
1
12
14
1
1
3
1
16
40
2
1
11
1
7
1
1
30
2
7
407
11
1
10
9
31
1
46
15
1370
80
11
1
2
11
2
11
1
1
2
9
1
3
4
1
2
5
13
1
2
3
58
1125
7
10
964
1
91
1678
1
1
1
1
1
1
1
1
1
41
2
1
5
105
3
18
1
34
1
1
1
1
14
1
1
3
1
4
10
21
2
30
2
1
1
160
1
35
38
15
1
3
33
33
1
2
1
1
2
43
1
1
8
1
1
3
1
37
1
4
1
1
5
1
1
13
1
36
1
2
376
1
115
8
1
9
1
55
1
4
6
2
1
1
1
1
4
1
2
1
4
36
1
4
1
6
8
41
6
3
1
98
5
5
4
7
1
3
2
2
1
22
18
6
2
1
135
4
1
1
1
4
2
2
1
5
3
50
2
2
6
1
2
105
1
1
1
6
2
16
4
195
2
11
1
35
10
4
1
41
1
1
6
2
1
2
9
2
3
8
8
1
1
1
1
1
2
3
1
3
12
9
3
3
3
1
1
3
1
1
1
1
1
5
1
12
1
1
21
1
1
6
1
1474
1
1
1
3
218
121
1
7
15
1
1
204
7
1
1
2
1
4
1
1
5
5
1
21
10
1
2
2
1
1
79
242
5
1
1
1
31
15
30
73
1
1
1
7
61
3
1
1
3
3
57
6
1
1
350
1
1
9
9
1
45
1
2
1
61
5
60
5
1
32
13
1
1
1
2
7
4
1
100
1
3
6
1
2
1
3
1
16
27
10
1
734
3
1
1
1
1
4
5
1
1
1
3
2
1
1
1
1
1
1
1
15
3
5
2
2166
1
1
5
5
3
3
10
1
3
1
41
10
1
10
5
1
2
1
1
2
4
1
20
1
4
1
94
2003
1
3
1
10
1
4
2
3
1
1
198
1
2
413
19
60
1
1
1
1
2
49
4
1
8
1
3
1
2
1
1
3
1
10
1
134
6
494
3
3
2
5
3
1
1
11
6
1
1
1
2
1
25
3
1
1
4
234
1
2
1
1
1
7
5
1
3
1
2
3
1
1
1
6
1
1
1242
7
4
1
1
3
2
4
67
15
1
1
3
1
1
5
17
1
35
1
814
1
2
39
1
1
1
3
1
3
13
6
1
1
21
1
1
1
5
18
2
6
1
1
1
2
5
5
7
3
2
3
3
11
21
3
2
1
3
12
1
614
1
2
7
1
1
3
11
4
2
1
527
8
52
39
4
1
1
1
7
2
20
1
82
3
7
1
3
1
1
1
3
1598
22
1
1
1
2
1
38
7
3
2
4
12
49
1
1
3
2
3
11
1
2
19
7
1
1
3
1
1
2
124
2
2
21
1
3
6
1
1
2
1
3
1
1
1
1
1
1
1
14
2
19
41
11
4
3
2
4
1
5
104
11
1
5
4
6
505
5
53
3
98
1
4
1
1
2
4
348
1
171
1
23
1
1
1
6
1
123
1
1
186
1
1
5
1
1
1
1
5
1
3
351
2
1
4
1
3
1
1
1
29
1
43
1
12
1
2
10
1
1
2
2
1
2
5
322
1
1
7
6
1
12
3
10
14
1
1
6
59
4
1
2
3
1
1
1
22
738
7
12
1
198
6
42
1
4
1
1
498
7
2
9
1
76
1
1
2
27
130
9
3
2
7
2
3
18
1
37
6
21
1
1
23
195
1
1
1
198
1
1
195
13
1
1
3
83
1
2
2
2
216
6
20
1
1
1
1
5
1
1
8
3
1
20
3
1
10
1
1
1
1
2
1
30
3
1
1
2
2
24
12
1
1
31
5
10
1
2
2
1
2
31
1
1
1
1
3
16
6
2
127
1
1
3
1
7
23
1
1
1
4
93
1
195
1
1
212
10
1
1
1
2
2
8
22
1
2
36
1
1
1
1
1
6
1
1
6
17
2
1
1
1
3
5
1
1
1
1
2
3
102
24
6
1
1
1
2
1
3
1
9
2
52
2
1
1
3
2
1
7
14
656
7
6
345
2
1
6
2
6
5
2
1
26
1
3
1
1
22
2
9
1
1
1
95
3
15
1
2
1
1
5
88
2
17
475
1
3
2
1
64
1
1
3
101
10
32
1
2
8
17
5
1
1
1
972
1
4
5
25
1
5
7
2
2
1
1
70
1
1
1
81
1
1
1
11
8
1
1
1
2
2
30
1
7
1
16
19
1
1
14
1
2
1
2
2
2
2
6
1
2
1
4
1
1
33
43
35
2
1
7
3
1
14
4
1
2
62
1
10
3
8
5
2
2
530
20
1
74
1
4
5
1
1
5
1
34
1
2
3
9
40
7
1
1
5
1
35
1
33
2
13
2
1
1
2
1
1
54
2344
1
2
3
1
3
12
1
6
2
25
28
1
12
1
10
1
27
3
4
2
5
95
197
1
2
1
2
1
1
4
1
2
4
1
2
4
87
4
1
21
4
10
1
1
8
1
1
1
1
25
1
70
1
7
1
1
1
1
1
360
1
3
1
2
7
1
43
16
5
2
3
1
1
1
1
1
2
8
3
11
1
2
4
1
1
1
4
1
141
1
1
2
87
2
1
1
23
35
1
4
1
5
10
1
59
53
8
1
3
1
2
1
1
2
3
1
2
60
1
1
4
63
23
2
3
1
2
1
73
3
2
1
84
2
2
11
3
3
1
1
1
1
1
1
1
6
3
30
276
1
1
28
1
3
1
147
14
44
2
3
4
2
14
2
1
5
3
3
1
130
4
30
1
113
2
7
19
83
1
4
1
8
4
1
1
34
38
1831
1
44
11
1
4
3
1580
5
1
3
3
10
10
3
5
2
69
1
1
4
1
10
1
1
1
3
5
2
13
1
2
2
13
1
405
1
3
1
102
1
24
231
3
1
1
1
215
3
1
6
1
38
1
3
1
4
53
9
2
10
25
17
7
2
1
5
3
3
14
1
1
4
2
25
1
1
111
3
1
27
2
141
2
14
1
2
20
1
2
22
1
5
1
2
784
2
4
50
1
1
2
92
78
2
4
14
1
2
15
71
1
1
43
68
1
65
13
70
1
1
422
2
2
3
3
2
1
3
1
6
1
129
1
19
1
16
2
91
35
18
11
4
1
2
5
1
1
1
5
1
1
1
1
2
3
2
1
1
9
3
7
3
3
1
1
35
6
1
1
12
1
1
27
180
1
23
1
29
138
2
1386
12
1
5
51
1
1
13
1
3
36
1
4
2
1
316
1
8
12
4
1
5
1
4
1
1
1
5
1
1
85
48
2
2
1
2
1
288
1359
3
14
1
3
6
11
1
2
22
3
92
48
1
2
18
49
140
1
2
1
2
3
13
2
27
1
6
5
1
2
3
682
1
1
1
61
6
1
1
1
4
254
1
1
6
1
6
44
1
4
4
2
1
14
40
