1823
936
1600
1271
1392
662
239
133
1927
1794
1622
805
1005
1522
1922
904
917
920
1659
1262
830
1583
1684
525
55
650
1298
464
1848
1129
490
1296
1334
683
1881
1785
97
1146
789
575
385
1332
1935
1665
1006
609
1177
1483
967
724
795
1461
885
905
1656
546
912
465
822
854
900
1995
1935
384
53
49
746
1543
1424
388
159
1315
545
679
230
302
1076
1392
8
80
1011
1682
267
92
1679
216
1888
823
282
1646
1416
1524
30
748
453
1647
1740
1479
711
956
1820
119
1781
688
1864
1650
1665
914
1673
183
514
1475
81
1106
748
43
1324
258
302
174
1214
50
1881
1188
1614
1124
182
1815
1391
1532
1795
547
383
1216
1584
1753
1509
1404
1201
742
1676
817
695
191
248
862
1099
544
1194
648
544
1485
282
625
1660
1688
96
466
1163
130
662
1221
45
1356
1389
1897
444
1555
839
1809
433
661
1881
175
1658
1069
1072
1689
1035
907
637
252
692
194
224
1054
1651
274
1546
227
524
173
1055
1072
703
783
2000
102
781
1964
1203
864
787
1009
156
802
851
1888
109
465
660
196
543
406
410
922
751
769
1338
1005
1527
751
552
1798
1346
604
1525
1467
1615
1151
1603
161
36
391
706
1283
82
1531
627
1300
1249
1002
1355
662
1903
831
1472
1204
237
1670
1651
118
1015
1063
861
1507
719
173
397
1128
1222
1444
1891
586
1379
1953
1168
1709
1607
797
198
1587
292
463
541
1767
62
1275
1837
131
656
1309
1912
985
1338
295
1564
156
454
1760
1415
508
1770
1691
1978
159
891
879
327
817
200
945
765
1973
1458
166
1613
710
809
1413
368
1698
152
520
1188
73
593
1615
42
1821
557
498
1342
352
918
1571
955
1033
1463
1472
1795
1025
958
904
271
1684
1633
1040
830
202
1789
1177
311
1937
484
1142
1858
913
578
1319
1527
979
480
380
458
1852
163
1627
541
1847
1322
977
462
1914
1376
385
1010
55
1561
99
1688
219
1816
1940
184
1721
1395
175
1871
1594
1832
1110
1878
104
664
1008
1722
1019
477
1117
1621
1084
1373
196
839
603
865
880
680
1154
964
565
1662
206
484
194
1176
1303
1899
1882
1346
138
476
1554
691
105
162
338
1713
47
1608
294
160
1529
1972
18
1367
1234
392
253
1679
1891
156
1110
23
1092
563
968
344
1722
1873
557
1899
234
738
1090
781
396
1865
1078
932
960
1036
410
1143
1982
1586
1476
61
1010
1500
1374
666
1433
1382
202
1433
1151
768
1713
1250
1829
1706
678
1024
568
1394
208
255
1597
694
1859
909
325
282
192
1488
1913
206
1214
481
1237
1538
488
1289
1140
1074
1062
848
1540
1334
1507
1304
851
517
1374
358
1318
1234
693
1934
1968
1359
23
1210
1779
286
1265
1158
1614
378
1316
1140
1131
405
1085
1865
1054
1856
1766
817
126
1239
1479
881
689
1013
443
1053
716
1420
1035
1598
313
1808
211
1252
1077
264
208
198
1570
905
325
877
1516
303
849
275
1012
1721
223
1065
1016
1416
1452
797
364
1278
761
481
1026
627
1885
476
1187
1125
1975
495
1761
1938
1329
1895
381
501
1243
237
1532
1118
642
1526
547
626
1903
1548
1463
366
1913
638
164
330
464
917
488
849
1767
1215
1589
1135
1285
1391
1024
40
142
320
673
1606
1778
1596
1660
118
1610
808
1437
1290
1476
1088
1733
600
654
1232
1627
147
1505
105
358
817
330
327
989
900
1509
851
1030
406
152
998
1523
1845
1095
962
493
1302
499
1027
1154
1727
1286
222
1900
1548
576
255
1372
1969
963
1710
1900
1094
1851
1757
631
453
1856
1276
1147
1744
1678
63
624
344
632
1775
47
1054
771
65
1092
1619
1813
1938
1696
779
1925
684
1330
1670
228
1437
1811
818
553
1324
361
1804
1197
390
1956
1920
932
709
3
287
1475
1880
277
572
880
1081
218
1770
780
816
115
53
1739
1815
1294
1244
1602
1564
1329
1199
825
335
1881
373
1154
1159
1325
221
1893
432
1912
708
1384
1506
1238
553
31
1310
802
693
131
507
19
1149
1406
1330
1284
1484
604
392
444
861
789
1926
323
1224
711
957
1747
247
1393
1737
240
1139
472
1197
59
903
1065
1796
1165
1361
478
129
764
1494
83
34
1649
189
1533
268
1588
866
673
566
87
27
1394
848
1380
1490
513
496
1382
1503
1530
1117
1431
226
800
541
522
1542
370
722
1333
602
782
409
458
352
1883
1223
393
127
1606
454
1622
1904
98
1611
873
1383
339
662
611
49
1144
553
287
569
1996
481
493
866
391
1038
505
108
1044
1980
257
1311
1527
580
529
972
1423
452
679
734
1230
117
1654
945
1267
1486
954
856
1636
1456
398
1085
64
568
329
577
751
1215
1203
1836
3
684
1717
1922
410
1046
908
139
1806
1760
243
232
1232
1556
598
1566
1633
1487
1127
1794
1489
1808
817
788
972
1925
1731
894
836
1154
58
1244
1995
400
1226
33
862
1975
98
1079
1736
1448
1033
676
202
431
1982
353
1947
1107
1511
214
133
593
1008
1778
1571
1302
889
589
681
918
521
1591
1418
823
1694
247
1155
1108
513
1605
378
1806
1724
1874
505
193
736
1714
332
924
851
473
964
1061
1847
1752
395
1776
815
621
910
726
95
1265
1889
1464
219
417
406
1534
1419
818
762
1532
26
1988
710
772
1791
771
1174
201
1494
1483
1101
1475
1238
1615
1538
1501
1724
1643
993
740
1190
1740
1873
1164
1066
1002
1593
1841
1295
1003
1844
938
1462
993
726
582
179
615
1661
1373
1042
1827
287
821
1890
347
506
1780
1655
1807
1450
426
641
1531
178
1896
184
1838
734
1452
1428
203
792
9
1516
921
503
322
47
1541
95
768
929
250
1759
1958
1733
426
602
1962
1685
211
1287
1642
1336
1224
438
1965
1985
1946
1971
1354
550
943
1180
1397
1294
1747
1469
125
1461
1391
699
15
1015
1016
99
1389
1807
957
944
267
1862
815
102
595
913
209
460
389
833
1216
188
1700
1032
1122
706
1144
885
1286
356
430
69
835
1969
218
589
313
1498
1404
640
1544
550
1542
1443
1430
1691
890
482
345
1035
1040
1789
867
1082
267
1714
161
1263
1835
1148
569
769
1621
1180
1021
741
267
179
838
1770
950
346
1652
1506
452
1033
1157
1366
1969
461
306
1216
1516
77
983
1855
1809
1431
1649
1673
1259
959
850
937
668
1467
1812
691
374
1086
175
739
128
1499
696
451
1437
312
739
1631
1728
110
632
460
1958
600
1084
1775
1107
1402
1211
1986
1044
338
1252
1453
1942
10
1078
1588
1661
1447
572
1715
127
428
759
1832
481
855
1553
714
1428
852
1633
1306
701
1926
839
135
329
52
1681
749
1353
475
1740
429
1216
653
843
698
1878
285
1695
1301
962
1243
968
245
230
490
156
1508
140
1596
1337
1155
74
1326
854
938
1487
483
404
441
412
1902
708
106
1009
732
148
681
1160
1105
1949
1441
272
104
1093
1335
628
1776
1281
552
1810
1408
645
929
1100
1875
948
61
717
1013
960
1839
1872
1224
775
1822
1599
1114
1135
1829
1300
1720
4
1863
1146
121
1656
37
1894
437
1283
809
1892
1756
882
1960
1645
913
1344
513
44
1460
1856
1203
975
840
651
1038
31
98
1589
488
1892
1618
1118
545
1938
1085
1290
524
58
1597
1399
1796
782
1119
1679
1011
1877
1306
1511
1120
1468
377
1307
956
1515
1159
1632
1009
1858
19
1441
982
1983
369
1997
61
877
1995
1276
49
1325
1238
549
1663
1938
923
1026
899
1433
689
265
999
341
151
1793
692
587
446
609
1892
517
1639
207
965
1388
1471
1939
1400
1773
156
1707
348
117
1957
402
1753
639
1278
163
553
753
59
1784
597
1766
1277
579
160
1817
465
1233
1847
81
351
1144
1833
597
1702
1713
697
902
1257
260
1833
980
726
1003
1166
1316
1463
1356
1288
734
60
787
1433
1252
688
44
192
1101
1875
1846
49
898
1855
576
1380
1146
1794
829
974
97
1253
429
1262
636
209
107
597
897
55
1586
487
1671
682
377
867
915
1773
540
1863
1549
1810
767
1139
1589
1834
124
1354
1947
1833
1213
1939
1134
1970
1418
1827
1507
1376
383
1097
603
1882
12
1282
333
1089
1336
1247
318
273
1270
456
1525
1074
1068
313
552
217
146
550
775
1936
830
1753
556
500
794
771
849
1042
977
1785
1529
1096
1852
320
994
363
1970
800
1854
1858
205
955
952
1747
1557
269
537
1622
1635
1201
975
477
1303
782
1154
586
1362
851
1772
1101
1647
447
207
1424
186
715
1735
1040
1627
1550
1890
1002
1921
1823
1629
88
1998
192
426
1153
1259
1931
746
1081
180
573
1438
1955
1983
977
736
350
1686
542
367
1984
717
1555
1842
1795
1450
228
1262
696
1629
1027
823
1682
1589
1754
1397
83
682
1472
600
1141
585
171
1340
1023
151
972
593
1866
1228
1000
1019
424
395
1535
1570
682
1904
1347
1594
1204
1004
349
1350
1412
160
513
1014
885
1930
968
113
75
537
1229
501
111
936
56
340
268
1336
552
1730
1906
1953
475
764
31
1764
1599
615
923
1913
246
414
837
1595
646
671
552
858
344
1941
291
678
1073
232
1411
226
1498
1882
1227
1255
1604
912
1589
1455
89
1819
267
1843
106
478
303
1030
15
1057
492
932
725
1196
333
873
413
1339
655
668
314
1821
921
1684
1826
1895
1687
1249
1907
1689
1545
1493
1221
1074
695
1708
764
1048
1164
327
1981
1961
1317
431
1035
1253
102
459
1095
1469
410
33
115
812
473
183
1344
724
1574
1826
458
1452
1902
1618
145
17
1955
1131
1039
428
251
1140
556
1343
1540
1571
196
1075
1452
1406
1882
1864
1924
1080
1485
1696
1719
1761
486
1371
1168
1087
1793
38
1571
12
1105
1154
1174
1827
1662
302
161
475
760
1084
884
992
22
283
1717
992
136
779
1952
273
134
1078
1171
13
785
725
1055
620
348
813
1709
1084
370
1871
571
1421
177
647
1807
1317
610
490
813
479
1082
1438
933
91
1360
1669
631
463
91
19
388
160
1995
422
705
1339
1097
1217
1209
244
1784
1570
734
887
760
1468
151
1863
576
1196
439
1018
133
1382
1743
129
1593
421
362
486
1151
471
1125
1549
441
1346
1571
798
159
1353
224
1271
1868
120
638
908
586
405
1390
1108
261
1004
13
1212
1490
1619
47
237
1100
1151
1615
880
1708
133
650
1037
520
1029
440
167
1258
167
523
1385
1444
1755
1626
1215
1086
227
1297
495
355
1508
1421
1992
1646
485
1593
1815
1342
1754
136
1245
1554
1517
1463
393
137
1336
1773
1030
1393
901
1277
1114
759
915
1650
47
1211
468
65
702
1163
761
1083
160
1692
1914
454
263
1328
784
595
337
1939
1297
1658
507
501
1578
112
1244
1290
155
1275
1604
1083
133
656
812
1681
1032
515
1457
1461
790
20
844
913
749
393
1630
1509
1013
1164
1391
1210
880
1793
833
809
3
419
1730
765
134
754
397
821
1088
721
268
1069
1477
1045
1706
830
476
1439
353
1455
1040
1045
334
854
507
846
477
386
1703
1777
1481
1878
1249
943
696
1828
426
846
1738
496
198
1565
238
1204
719
718
1484
700
1550
947
528
1277
1578
1654
816
1521
1522
595
1863
408
895
49
615
827
396
222
1510
1130
154
15
1530
1122
1524
1795
8
1907
162
1366
1273
962
1189
1653
798
669
496
418
1885
236
689
321
1788
1093
611
1203
905
152
750
666
1215
56
1422
3
910
198
1164
13
1389
945
46
1004
1140
728
1047
334
1988
685
1208
1201
1906
1581
1425
326
1926
21
889
1273
1595
77
156
1149
967
1260
1516
660
676
943
1843
1403
1968
800
93
780
271
1402
1704
1855
1547
448
785
707
374
1891
532
1754
139
1722
1168
1629
928
264
839
1671
1858
1529
956
1706
1066
385
1336
792
383
1803
1506
1972
1233
1100
320
659
1998
405
777
1145
1282
109
1456
1442
1673
915
887
765
1116
150
1536
1816
136
812
1313
1108
1402
817
1099
597
418
293
1825
1123
1776
1150
1922
797
1399
970
899
445
575
1588
1226
1104
1401
1768
675
1437
1757
824
1303
450
777
1994
1729
1196
1436
989
1421
292
642
1605
426
78
1641
1321
1467
892
1760
1151
279
908
1296
1024
112
624
176
1535
1686
1108
872
883
1460
1574
589
1996
6
87
14
432
299
1254
1601
42
628
1037
570
991
1784
1488
619
821
130
1215
1898
799
210
1445
1261
1298
1705
1531
23
1189
1016
1636
960
1228
986
88
619
680
1259
850
1243
525
146
401
488
810
535
103
689
166
1770
299
958
1433
1615
1135
1525
1940
1933
892
1319
590
1371
387
1229
743
278
899
777
1395
1215
571
524
1834
617
724
1656
1155
788
698
1518
494
82
682
1578
1560
1849
992
1299
1733
1549
33
1788
1413
199
1323
1250
898
75
492
360
1099
360
1729
1096
1246
1729
216
1803
469
1869
652
274
1257
1019
568
1842
1055
1665
90
23
1388
201
1587
1756
1589
976
580
1688
985
1926
878
623
230
1585
464
1074
1277
1076
1435
1448
120
1058
1962
713
273
1091
1994
1372
154
1771
557
394
1610
1989
1769
1239
1034
1714
928
1831
1491
280
1940
1048
984
960
176
829
351
1101
416
1855
1797
1457
1280
1556
1705
793
1922
403
1851
146
1099
1519
1411
572
636
1765
782
1613
185
1913
210
1760
1585
1618
1542
96
313
1897
1586
454
95
1064
977
317
877
226
1640
1103
212
1491
935
1170
347
1098
412
1939
398
727
149
911
1220
124
1680
984
598
894
145
792
1151
1997
1451
26
20
614
904
904
1957
125
621
1137
1250
1696
125
270
965
177
816
881
1924
558
481
771
570
542
1541
1992
9
349
1406
1932
1586
1293
1160
513
1006
1499
416
300
590
168
1643
605
1626
1270
884
1813
1257
703
1846
923
1275
1611
851
1932
1944
1612
526
1232
1633
1295
1877
544
1322
1979
1850
340
1011
1164
1570
647
193
892
854
1312
865
404
1229
786
1713
1432
1650
597
820
540
1793
1951
895
1331
1787
539
1287
1011
933
565
1431
1358
1785
1147
1288
948
70
505
1907
986
154
470
18
88
924
217
1752
1673
851
1341
34
1314
1690
1544
1489
801
1331
573
1392
1437
1124
923
114
1717
965
977
161
1364
1502
553
119
538
1141
1611
1118
1061
1752
1005
1348
885
1742
1153
1512
358
1725
118
669
1902
1683
742
1429
206
1365
526
83
1073
406
490
1842
231
1563
100
740
740
502
933
1692
1891
1989
265
1387
994
1705
417
1798
363
838
514
278
798
461
149
171
642
1805
1031
268
2
697
866
676
124
1975
1511
1278
1307
601
118
62
300
552
870
538
1807
145
1101
1531
674
14
1127
1977
1550
141
524
719
1884
852
753
453
302
715
730
1231
180
804
161
1310
631
1949
1646
614
1174
532
1008
236
1076
1914
1685
1074
514
796
142
871
6
863
528
14
693
1697
1054
639
908
624
1925
147
1603
1748
1614
1894
1666
1371
365
614
1742
996
78
397
255
447
1961
1111
365
839
1060
1843
195
988
884
1887
469
1878
1179
1451
266
629
34
1144
1680
408
80
79
1364
71
1324
32
1205
189
1713
1204
1301
452
1978
352
762
38
431
1257
1039
965
1854
512
592
1837
356
1526
1512
1991
306
156
206
586
788
642
1282
925
1488
593
754
1385
136
13
1616
200
179
530
1209
366
923
1317
205
686
682
749
1990
1808
1416
849
1475
634
1002
438
455
713
1137
540
1432
1649
1912
1126
1121
717
1717
474
1644
356
1794
578
1255
1793
1529
958
1419
1184
737
1444
1561
1411
1797
1945
1306
231
1012
807
298
384
763
1654
1342
1671
919
1072
1661
1801
1181
1203
713
714
171
902
898
1024
1118
610
76
47
836
70
1643
240
1285
1359
675
1305
1185
241
1751
1700
116
1787
802
979
25
1866
842
690
1526
470
1505
1342
370
1814
26
1949
1785
1234
1106
972
1321
1247
365
384
443
518
594
1621
1509
635
509
1784
710
1159
457
362
793
1711
1534
1263
85
675
391
327
1108
832
358
742
1563
1096
1890
1004
1478
1904
543
4
1785
731
1193
144
183
164
362
843
899
970
688
1209
1243
89
1424
1752
1467
1982
798
813
694
1941
1216
287
1240
1293
1424
369
1081
1104
1945
1943
1074
1910
858
917
294
1687
417
1055
1708
977
600
164
57
458
1504
740
1603
331
46
1069
991
1696
561
792
864
587
253
1498
1289
1024
1176
808
21
1583
1017
1658
317
623
221
1646
921
283
1056
124
906
1028
1599
1313
856
681
1171
1909
488
529
17
757
1868
788
1802
593
1958
1417
249
1453
1955
699
4
1219
377
717
1809
602
4
354
642
297
104
1130
578
1265
1275
1376
1476
371
1797
851
582
789
268
1596
1012
209
518
1021
916
1078
1575
1379
751
781
1633
1607
912
69
1482
507
376
1616
1779
1910
586
260
1669
1537
1735
1662
837
1202
648
1274
1751
1748
1325
21
1609
755
1562
1313
1730
454
569
1510
1944
1307
156
527
304
1680
302
1968
619
1478
1087
1413
974
478
1766
590
1749
1880
606
1170
1478
1567
540
623
1523
1003
1777
677
972
1950
1524
1061
522
1850
936
894
79
505
1067
819
442
987
1087
1382
327
834
1388
1725
861
1046
1583
1029
736
674
1483
1850
587
1248
1396
1217
1060
356
1174
1742
662
1830
121
911
680
23
1651
853
1803
1963
1234
816
1030
127
894
654
1754
1366
1905
566
985
217
1482
1736
1171
1865
947
257
1958
1692
496
507
1822
997
1056
1797
194
434
442
1609
24
1517
1504
758
389
1683
1564
1217
1701
1617
736
1814
1115
854
279
1296
146
1838
291
1192
1744
606
475
1401
728
252
1633
1628
1943
1111
1042
1181
777
665
490
1474
1878
230
943
1921
1885
490
1878
399
888
1947
1883
1222
1852
947
1655
167
41
374
361
405
1386
1367
46
1384
33
420
624
534
796
1726
1032
586
646
134
767
21
961
442
649
1351
1024
392
1009
1785
1010
1908
1497
591
154
783
1074
493
249
1640
1643
414
1831
1541
1102
1441
1003
1504
454
1578
1886
1127
1940
1126
212
215
1656
1406
584
1567
200
1267
1856
1233
1523
500
1926
327
415
126
1687
1658
963
1327
417
302
415
117
632
212
485
604
1315
948
733
776
1134
1567
229
542
1947
787
1080
1708
551
1698
1428
528
500
1238
1041
70
1777
1818
1028
1199
1519
1194
422
891
701
916
576
590
1854
608
329
283
1122
1476
897
638
604
1514
367
1401
1164
1288
985
1583
850
280
1974
4
583
598
1724
911
1052
1905
1091
1966
62
345
1054
67
758
1746
536
1426
925
322
575
1938
1737
184
1615
104
1284
1660
545
356
1247
1512
1326
1341
332
174
620
1221
429
1819
198
1816
723
1245
1752
1353
702
59
1838
661
223
636
1058
1523
818
1643
562
811
664
1494
1507
1591
773
204
1431
1981
1815
1655
601
1648
798
469
311
191
1546
1916
1638
591
199
851
844
1564
315
314
419
1023
1289
144
2
1594
1486
1863
713
346
545
618
1749
1053
1391
575
543
1701
147
548
136
1032
1064
1343
597
719
1026
408
894
389
550
339
611
1743
78
1420
1914
851
835
1572
1141
1178
735
1307
240
1079
64
1333
1342
1758
1406
901
1394
1762
1103
1244
596
282
913
451
208
861
1374
538
181
486
911
249
474
1247
1627
785
162
799
729
650
166
728
251
1270
928
314
1358
639
1044
165
1214
1656
1422
560
265
523
836
802
815
249
1487
1350
1188
1399
97
1889
822
915
892
1209
502
960
764
1233
529
1683
1996
85
761
521
486
1753
278
1243
1382
1703
1250
1515
1261
1586
1232
363
1114
1295
1159
1782
1869
1279
1413
606
357
497
1971
178
1080
1804
865
2000
1041
120
1187
1929
402
786
1070
1551
1670
284
1846
700
260
542
1998
308
664
1852
949
14
1004
1793
196
1203
785
127
891
260
1224
1239
1082
216
793
82
289
1433
1423
1958
1832
894
1070
321
1424
1087
196
1222
165
1844
15
1446
129
635
1780
495
723
1058
147
1127
284
1681
1201
806
478
1121
1964
1952
1044
510
1812
800
867
151
645
849
861
997
791
236
42
850
1817
669
640
1947
1541
18
905
496
667
822
1697
2000
743
1887
849
1307
1042
1831
396
1511
703
1549
519
977
678
86
1248
1995
1022
892
1630
821
953
374
299
757
869
675
692
1912
161
528
446
886
1872
613
381
1011
559
1336
1973
1616
1264
716
1866
395
927
1889
1537
32
719
1542
702
273
794
493
715
360
537
1114
1068
895
1816
1980
1551
1581
840
483
930
1355
230
438
1638
1756
1680
315
480
516
1586
513
855
13
811
386
1125
291
817
1240
1067
1940
1573
700
798
1206
80
1658
9
141
469
260
825
857
1637
8
545
1428
1494
927
909
1598
1555
1765
1230
518
1612
1210
315
1080
1158
1253
75
1916
1987
683
1744
677
1896
760
1047
1536
949
323
1918
800
543
767
987
704
696
1986
1446
85
1950
36
1603
1329
1109
142
669
119
683
599
1117
500
207
1484
190
1321
265
1996
220
167
792
1722
1760
670
623
883
1773
1083
1119
974
661
1340
985
691
1294
1879
547
1273
1295
1768
849
575
160
1756
57
472
1669
730
1611
303
552
1274
1910
792
1851
695
1011
594
1769
372
106
881
153
51
1034
1970
1626
47
1796
814
296
1552
959
1953
12
673
828
74
612
299
363
900
1287
438
1698
808
1832
406
1688
787
636
1256
620
729
145
388
1770
887
356
919
1728
1978
1277
359
1258
88
410
1913
1497
64
1513
1427
538
1457
1820
741
1634
1591
966
149
174
260
1061
1681
1628
766
577
1149
178
1050
1736
104
482
1176
1815
1132
1332
1070
926
1592
131
1928
1257
1810
1001
1755
354
1597
82
1719
26
446
53
1514
301
1578
784
828
936
1756
396
1117
401
1934
310
1349
613
741
656
664
1374
1365
1453
1935
190
869
1642
1752
580
1932
1679
860
862
292
117
464
916
61
1065
1972
1355
830
948
603
141
848
691
611
313
1349
897
1119
486
291
8
1138
203
944
103
421
463
1257
835
1763
1295
44
1793
210
205
150
616
1829
1545
1574
1176
542
843
1958
1582
1017
1183
775
1069
65
1924
205
803
1559
1018
1955
75
1339
450
773
172
261
1262
1402
1021
280
26
1761
889
1656
1869
315
29
1854
1633
527
1864
1133
407
509
1141
1624
1067
241
485
816
1244
1850
1164
298
1742
1471
395
1600
119
1796
646
1982
873
75
1448
406
810
1162
210
405
1660
1317
995
1589
316
296
685
1964
426
310
1934
202
1740
868
386
1704
1220
6
1544
1284
1373
943
801
1521
864
1883
1270
1919
1436
410
1225
1786
294
1743
1024
1450
1767
1369
55
141
563
1559
102
1806
295
1300
1182
15
1073
1226
1849
1083
1166
1345
1131
763
246
381
1212
918
541
1091
1595
446
1414
1914
1634
1473
1818
322
818
420
217
1228
1249
119
113
1106
207
688
1624
1331
1812
1276
295
1148
710
1353
1874
1092
1785
34
1958
1274
1503
7
742
24
964
907
1554
809
1070
930
1218
771
1326
1010
1483
1316
1761
1774
1738
964
1297
877
556
153
921
1664
1354
1129
1913
560
1860
150
425
609
1988
544
146
251
936
531
1604
1026
34
829
1743
1073
1558
871
18
282
1503
1778
332
1202
131
1211
1176
510
18
1529
1897
1379
540
935
1432
276
1635
1403
130
1474
797
777
1361
1862
261
1702
1852
1588
859
689
408
1199
333
1872
1517
16
1989
773
923
1298
278
1932
1454
1950
932
1257
1439
1408
409
116
1816
424
470
1632
1001
224
714
1675
318
147
1792
140
758
1056
630
1010
716
448
1485
118
1143
1264
1283
1733
347
1205
1209
1841
640
1863
37
849
1227
648
967
1709
980
669
49
1680
862
964
736
1457
641
388
90
74
1055
390
898
1179
1027
598
584
792
801
82
1054
859
31
1066
1647
1070
249
1524
1597
1385
1966
973
1463
1401
835
1463
1384
1307
632
798
1855
1805
1273
1629
1308
1001
1260
1234
1941
1125
1802
848
698
1365
1716
700
742
1098
1587
1013
486
1923
1937
1410
1948
946
1650
1388
1190
1409
999
1670
443
888
521
913
1577
618
1330
1268
401
1100
411
1024
1988
1829
243
199
364
1021
1103
23
65
37
1695
943
659
1442
394
243
616
68
877
645
308
1492
1343
1643
1892
1803
791
1633
1504
1365
885
590
155
186
394
583
717
867
713
1515
1955
840
818
761
1240
434
273
692
1495
1809
993
23
184
1232
425
1595
1730
919
493
999
988
1081
826
978
625
574
177
602
1072
511
1616
460
774
1264
264
842
1540
1002
1729
1996
957
899
568
843
1219
1591
329
546
1429
908
241
1264
1387
1349
157
926
1791
1304
324
149
956
820
609
1284
111
1686
703
155
1021
152
721
1953
975
1752
85
547
338
1178
1357
643
1545
796
885
282
591
839
173
785
1698
631
1030
906
872
1366
105
448
810
77
1300
471
949
1053
171
78
1597
810
1204
1042
320
751
149
1982
218
1209
314
610
1140
1818
407
1503
1674
1828
1128
553
1885
1419
565
1617
529
785
1877
1887
708
1543
512
1458
74
1769
1279
737
488
9
1034
675
1762
203
386
572
423
1595
242
1504
1287
1676
797
1859
241
1766
764
981
377
1457
1342
1700
1760
585
1720
1247
427
393
1506
923
887
99
1156
1260
627
1741
1930
1747
921
213
1426
688
1602
1098
1064
767
1156
1834
537
1878
996
478
794
998
1
1053
1147
1001
1902
687
808
1394
587
1672
191
1127
1442
740
1811
779
1745
448
1449
1587
1542
985
1984
984
478
371
1911
1406
1812
831
538
1412
917
1890
61
1074
1310
3
351
1700
1527
1568
205
1563
1364
102
1194
1483
508
1550
1169
665
1842
305
1096
985
1785
778
615
1813
1782
978
1155
1219
1241
1071
1967
1319
134
1320
682
48
1187
969
160
562
135
627
899
1099
514
852
1237
357
1455
891
1726
584
1610
290
960
411
1652
1255
1302
167
613
1467
268
203
1993
111
667
823
1099
774
1825
1870
1185
726
1058
899
488
1944
1095
1582
1005
153
1925
539
16
672
1892
353
1508
1862
1719
535
996
1522
460
1614
302
694
1022
819
1978
1656
1598
1053
1561
1684
89
870
1681
1917
140
1179
1219
364
1864
1472
373
1285
68
94
430
1648
1276
177
1437
1321
837
1447
980
1945
1553
290
146
1204
1712
311
1376
970
1695
58
578
1217
1893
1927
1922
1180
156
1115
517
230
1270
1463
206
1645
1254
714
266
850
799
1582
1327
491
529
763
116
673
938
326
1430
1042
611
323
882
27
1824
729
211
1663
265
572
1546
9
711
396
555
519
1569
752
781
1088
255
527
406
1012
1279
1922
676
1316
1773
404
1707
81
792
1582
1876
188
1458
869
366
1629
852
636
1627
462
