807
607
212
45
71
691
164
41
328
3
413
2
52
251
1
2
61
6
316
3
27
212
923
661
6
357
919
95
246
408
2
535
161
28
580
1000
561
13
68
326
467
2
361
1
342
637
428
172
264
904
8
129
642
422
34
442
129
572
838
104
56
7
83
231
351
12
75
362
4
478
75
6
70
2
32
247
58
6
232
358
228
107
636
1
53
1
4
23
672
242
126
20
558
1
142
372
217
132
90
135
111
262
801
146
7
61
4
492
19
18
859
242
236
120
929
368
959
420
15
145
42
239
71
38
234
630
351
208
881
406
1
16
150
62
609
1
29
5
910
414
449
653
1
381
9
4
683
31
44
187
568
7
34
2
785
224
219
97
514
5
255
960
90
679
2
852
2
308
14
21
963
355
738
359
7
4
178
34
399
15
462
94
75
939
498
942
665
199
44
25
106
34
88
89
258
768
278
3
152
1
11
29
8
25
25
2
23
10
836
250
12
499
4
114
928
431
358
874
14
305
391
38
13
17
961
123
500
865
968
436
16
12
79
903
325
60
3
128
4
1
203
12
84
1
12
623
122
72
835
340
33
516
2
2
11
38
40
26
407
42
17
302
2
14
26
776
214
121
334
38
2
2
16
447
471
122
16
162
608
760
22
180
437
1
95
15
46
331
57
637
16
121
518
42
725
767
7
1
44
966
341
3
1
389
12
748
501
832
902
580
1
35
6
134
593
732
13
153
136
161
618
20
319
427
1
841
274
137
384
554
60
992
340
638
147
28
418
139
10
808
82
12
532
679
297
7
441
30
335
383
116
729
2
4
155
74
75
859
1
345
940
884
67
21
8
35
630
1
122
76
406
1
24
169
46
3
707
110
9
339
209
44
204
377
144
48
18
1
9
93
798
493
781
1
152
19
81
2
1
145
242
72
5
70
859
393
4
219
341
196
52
18
23
653
22
239
94
189
23
433
668
158
3
52
961
12
1
475
283
7
77
439
39
19
20
14
809
22
884
58
41
27
55
113
235
22
18
127
356
347
73
164
33
6
375
848
239
223
3
553
32
2
31
171
34
1
85
1
23
327
146
393
705
15
923
133
15
157
102
27
88
546
905
875
259
177
17
140
17
567
817
21
229
159
182
127
5
79
867
76
127
40
79
64
8
589
5
726
835
61
229
685
37
993
36
893
4
3
190
78
5
712
659
16
607
102
7
80
486
127
48
2
389
2
278
354
2
132
415
36
911
301
24
22
5
8
66
490
1
404
16
34
612
1
48
32
42
762
143
20
577
78
131
37
206
246
449
354
1
2
3
15
121
148
429
180
519
85
842
39
27
319
507
45
163
12
773
3
4
661
1
3
140
98
2
2
182
55
267
83
3
72
149
167
244
26
639
106
173
830
225
14
4
31
6
688
105
125
890
229
761
5
67
122
110
36
28
408
373
663
123
208
14
75
507
223
34
124
227
2
628
2
43
49
630
265
279
284
41
22
1
868
49
21
1
54
386
253
97
134
1
285
17
49
6
26
60
447
57
259
52
256
739
25
21
711
16
156
58
203
144
493
150
2
23
11
33
4
488
969
88
1
40
4
29
189
146
161
4
187
659
1
39
381
5
429
656
74
4
21
790
8
2
229
225
181
5
43
58
280
8
905
700
24
4
2
40
827
162
52
331
67
451
619
269
502
183
164
890
632
75
82
84
3
17
23
321
14
51
473
602
1
75
572
139
5
1
435
489
1
10
612
429
16
356
5
363
511
430
103
45
28
278
127
75
204
13
493
19
472
776
5
22
670
453
812
93
804
587
7
213
5
375
300
28
681
73
48
599
69
18
289
2
22
681
842
254
3
51
41
584
59
25
56
37
92
36
33
43
419
830
833
73
97
138
799
85
4
150
5
250
8
17
22
132
2
1
758
2
17
45
12
973
708
90
146
357
1
351
32
179
11
4
1
8
290
840
325
189
2
86
55
50
82
165
225
485
11
407
566
5
65
819
8
3
5
24
1
120
125
75
16
349
8
657
145
123
4
44
534
95
787
12
128
845
486
130
17
13
279
77
8
31
827
986
2
656
985
2
113
76
206
785
371
366
1
8
1
810
545
226
399
120
130
384
117
118
268
49
17
21
1
25
125
11
97
7
27
9
128
230
50
5
858
195
244
3
64
350
423
248
15
2
6
817
303
135
8
231
78
2
13
508
1
361
177
178
31
90
569
153
2
30
782
954
203
677
2
417
492
102
79
292
697
58
156
81
48
13
901
276
139
1
91
539
763
466
394
15
29
64
72
98
464
467
1
19
20
14
601
861
106
15
66
564
175
1
83
39
263
1
257
2
73
2
24
145
723
9
2
259
26
561
200
684
283
2
32
21
31
22
561
17
195
167
20
646
554
70
2
3
223
27
3
358
3
12
70
34
289
167
1
39
83
64
715
111
79
568
12
110
632
25
4
503
1
596
51
44
4
167
737
359
33
459
5
401
136
149
624
33
108
174
11
34
97
129
72
24
74
4
2
183
604
257
43
25
142
711
2
9
10
80
865
80
241
8
704
89
631
387
276
210
240
1
1
1
156
1
1
9
383
151
7
141
467
77
404
144
22
1
834
500
10
868
11
154
195
407
323
256
200
10
271
12
7
979
563
28
587
456
209
55
2
23
1
510
6
619
7
35
146
158
204
3
554
368
393
479
9
111
1
127
608
340
51
466
575
876
375
14
60
275
985
7
7
480
27
34
289
156
10
309
41
894
749
44
27
7
992
151
9
5
146
524
205
137
88
136
28
14
152
17
412
85
30
323
511
683
55
324
173
423
169
792
278
118
335
636
895
252
205
2
12
958
531
679
1
501
37
34
145
253
3
159
42
163
8
666
24
1
81
275
361
498
34
828
34
1000
524
473
170
3
23
897
83
31
226
282
113
931
3
633
14
38
52
167
66
127
13
661
342
216
63
571
763
4
86
5
4
55
21
7
719
87
480
637
42
5
6
939
8
91
36
44
7
983
719
168
10
41
510
585
324
102
22
653
29
338
212
104
404
17
637
2
35
660
694
37
487
799
128
61
13
38
108
331
48
3
99
834
482
96
18
120
114
739
251
252
192
46
318
654
242
168
69
693
60
90
251
132
477
24
20
2
490
819
9
58
26
705
24
65
1
691
59
7
414
9
118
247
3
5
142
23
7
2
47
1
136
363
8
14
390
18
239
66
4
37
147
171
43
108
758
165
420
1
34
3
5
525
17
181
8
693
115
691
679
86
840
4
587
467
881
72
12
6
29
2
3
672
23
508
680
974
901
380
48
53
809
860
36
138
26
40
67
732
24
124
220
731
695
4
344
24
64
3
289
86
470
5
3
17
935
9
1
37
194
7
454
377
950
365
10
323
106
284
164
4
402
374
6
17
350
304
418
201
191
3
385
310
2
388
144
4
40
40
2
3
249
776
69
835
234
773
6
15
104
6
227
203
250
3
226
4
23
923
154
504
751
2
1
958
48
60
37
414
33
673
323
4
754
61
183
27
236
3
942
353
218
340
54
364
109
53
826
207
66
146
194
62
71
301
1
18
13
11
898
835
72
697
461
9
383
66
315
2
303
5
401
2
147
236
97
25
4
43
144
282
7
803
463
12
24
7
40
3
2
494
36
114
253
214
8
97
9
72
53
5
2
263
167
93
22
89
67
1
41
69
352
818
2
120
4
10
48
1
3
94
518
18
699
102
24
118
51
8
308
189
222
709
2
744
1
25
232
178
6
248
4
66
541
69
359
47
839
59
951
33
411
255
38
3
9
101
71
234
87
607
6
805
327
470
1
16
22
599
440
402
16
5
103
2
14
928
72
278
55
1
86
724
947
48
395
217
435
71
62
155
932
405
67
16
83
1
3
188
97
290
5
448
29
5
16
15
2
151
151
38
113
47
694
380
802
27
587
190
69
553
491
14
532
991
594
348
7
271
36
77
288
1
696
404
37
1
66
42
1
324
222
314
10
60
11
71
43
147
705
731
894
14
117
38
400
121
3
64
202
28
351
228
2
2
9
789
87
429
1
143
77
5
158
11
31
128
22
131
791
739
21
783
7
22
896
402
946
217
169
883
50
15
12
792
466
285
245
1
99
216
3
74
108
149
6
468
4
47
7
507
35
34
337
875
270
82
10
169
321
1
4
593
106
40
26
375
116
16
2
63
561
20
268
367
55
30
297
745
231
382
47
331
104
4
494
41
4
490
2
679
425
441
214
39
944
23
217
898
229
7
37
11
10
270
75
335
24
24
193
159
40
225
408
958
11
12
5
167
111
512
436
428
256
111
136
134
29
100
223
114
17
633
781
9
885
2
554
992
4
92
184
828
5
193
26
1
387
156
842
492
969
40
347
2
1
670
45
743
397
64
109
228
149
303
303
588
805
31
298
946
12
51
507
685
809
11
456
520
163
546
833
51
1
846
103
856
542
1
189
609
34
458
97
2
538
1
758
137
12
50
1
170
7
35
518
337
677
85
8
37
1
4
419
862
8
32
11
19
12
426
66
1
496
536
4
217
398
70
665
1
154
128
92
382
782
363
62
705
148
669
119
38
32
418
518
3
616
509
765
109
46
504
852
232
4
431
59
534
456
687
874
475
527
847
15
19
21
1
267
802
526
1
48
2
129
19
3
2
59
510
317
150
20
648
50
13
11
191
75
307
16
776
44
918
125
605
2
14
831
1
792
5
101
68
43
3
60
1
494
70
115
44
261
670
15
1
156
1
76
462
932
418
558
675
5
926
16
2
33
1
219
23
65
30
523
340
408
13
482
190
38
41
127
250
31
161
179
27
79
241
339
132
38
223
644
46
8
202
6
176
746
12
429
2
897
672
83
282
579
47
2
4
1
28
76
284
110
296
382
2
21
7
140
324
340
67
36
71
6
2
266
760
919
370
862
975
1
208
141
21
34
336
447
112
98
240
332
230
145
9
28
56
6
749
768
283
1
890
491
617
28
333
69
6
64
7
20
116
2
62
187
331
74
124
134
12
568
69
8
40
526
234
1
40
443
11
1
743
735
2
19
288
104
23
39
918
140
3
5
456
125
655
217
5
176
137
941
147
115
103
1
53
8
24
264
398
148
23
14
13
5
110
82
112
33
256
235
6
16
255
29
236
286
3
249
407
236
1
392
282
24
421
3
4
2
40
844
52
164
3
458
21
1
99
9
2
20
173
11
131
4
652
22
9
745
6
246
320
431
6
914
951
80
518
63
295
329
91
477
261
107
21
57
2
447
323
10
18
6
274
6
8
3
137
52
135
705
575
834
66
4
863
1
7
42
6
808
122
5
371
15
718
781
122
98
85
529
60
75
5
424
23
1
335
144
6
176
64
596
9
9
94
29
117
61
116
50
468
444
781
5
94
2
218
41
432
105
29
147
4
117
74
31
371
3
262
10
756
3
1
86
139
318
138
72
144
160
4
124
296
462
3
921
67
515
774
473
207
587
82
67
547
40
695
11
57
540
489
14
613
620
20
835
28
492
1
35
157
17
18
2
150
317
1
928
249
28
440
95
773
124
12
656
20
328
1
557
44
758
502
203
196
118
7
61
282
828
119
1
55
55
213
333
298
128
601
4
1
126
1
363
9
2
142
1
627
20
4
909
989
112
70
759
242
420
100
429
5
273
560
28
220
6
233
69
14
140
11
8
569
40
24
340
19
4
120
189
2
4
290
10
7
62
744
8
192
20
51
2
292
15
405
18
1
20
739
3
58
226
26
10
11
1
121
2
87
739
943
2
141
139
465
91
432
546
1
1
126
16
98
467
10
660
253
783
61
25
444
213
23
795
506
800
12
203
822
155
298
9
936
363
937
210
1
4
10
7
15
162
25
4
631
256
49
649
928
515
7
1
98
4
128
586
157
677
120
57
390
43
1
778
49
292
2
190
830
9
163
988
195
366
2
421
633
17
10
253
841
13
469
343
25
50
581
365
7
781
6
775
610
10
628
665
704
3
615
212
311
12
20
221
25
85
901
65
39
1
92
383
45
1
26
19
852
96
103
4
850
651
36
5
95
1
78
557
117
55
402
104
8
109
326
41
289
38
927
171
2
934
3
429
674
83
31
2
237
328
563
78
5
531
507
347
974
85
1
51
972
6
30
13
26
595
68
79
709
175
549
342
19
144
55
273
809
577
47
655
1
5
204
436
59
281
814
59
577
306
153
34
149
23
15
200
177
19
308
552
578
3
41
185
386
444
386
635
45
240
29
264
5
155
562
368
11
16
846
287
8
204
175
27
559
194
165
136
30
710
4
1
5
93
27
65
262
725
923
265
464
1
15
1
156
21
2
317
54
7
9
825
1
292
1
390
10
36
3
1
797
21
61
2
606
781
4
438
19
112
131
330
19
144
1
20
33
18
684
954
11
106
1
771
185
69
481
859
9
784
271
149
498
20
167
12
48
360
31
768
3
752
190
3
444
887
25
132
91
522
244
153
189
26
160
379
873
457
83
782
50
16
6
70
794
327
287
19
372
30
26
5
122
254
6
1
448
821
27
340
123
171
102
127
14
584
509
272
59
713
329
490
290
144
465
700
4
547
2
29
131
104
38
213
729
579
101
219
735
15
361
379
24
1
31
16
95
1
974
2
248
1
587
11
1
395
44
38
93
883
608
127
300
227
732
536
488
1
22
1
787
60
1
51
1
3
18
33
30
120
68
86
511
1
367
60
149
478
120
15
800
545
25
56
463
275
255
153
846
132
154
186
568
2
4
29
546
41
2
3
1
210
3
859
41
262
138
1
10
10
554
9
151
1
228
156
64
404
4
41
61
167
442
748
454
8
102
160
347
218
7
196
94
768
197
4
144
256
58
2
583
176
4
324
2
188
164
498
463
414
17
574
8
946
60
142
288
558
91
116
8
622
500
66
488
22
15
1
17
119
1
1
116
43
59
6
35
62
60
755
246
290
252
152
453
2
540
3
990
509
436
32
1
49
667
192
287
4
816
4
321
1
3
523
58
902
404
463
779
305
919
167
53
19
63
577
477
21
2
838
836
14
1
804
4
6
9
920
3
279
749
512
213
1
197
797
40
124
181
622
96
6
836
170
12
62
324
35
17
95
834
313
7
800
176
20
69
59
2
72
609
1
194
54
32
536
60
1
307
5
79
649
133
624
55
431
137
353
65
117
112
157
203
293
201
236
301
85
571
24
38
50
12
73
66
681
799
1
70
12
4
946
135
20
321
126
14
972
3
184
11
8
207
4
622
267
130
567
448
1
1
527
4
91
127
120
543
262
816
112
238
263
575
296
4
568
42
192
2
69
293
12
265
281
852
6
127
66
8
367
827
368
179
10
208
45
842
498
170
31
24
570
432
13
1
32
21
619
8
619
134
3
367
943
23
259
6
3
9
519
159
209
120
85
360
75
89
166
310
784
25
151
379
1
143
569
35
603
234
394
287
420
507
42
583
66
50
932
244
31
124
314
27
209
6
20
970
465
1
673
65
973
238
280
24
612
707
5
462
910
3
11
877
49
565
86
359
908
33
342
63
1
710
10
113
873
292
8
21
359
431
209
60
176
169
882
1
403
4
17
524
860
3
2
7
17
415
1
75
260
745
168
607
11
227
1
1
176
238
359
92
149
367
1
962
1
52
1
196
2
518
82
4
2
312
38
734
90
958
390
374
740
303
26
379
40
545
149
2
256
115
47
473
2
713
677
367
854
6
114
55
124
63
75
439
577
1
150
29
808
795
10
100
3
18
402
286
69
90
54
536
32
213
150
168
13
875
661
10
5
110
461
49
508
4
462
563
1
8
440
224
10
165
99
12
269
8
272
221
484
135
119
57
151
560
12
497
1
45
308
537
129
97
3
892
64
102
350
491
23
569
59
175
106
69
135
333
213
53
27
206
314
572
340
366
369
10
96
560
164
242
294
23
81
26
55
72
117
12
2
5
864
459
7
8
158
224
1
127
2
40
147
470
292
473
147
9
613
616
121
322
7
742
391
64
68
20
17
386
472
761
1
1
355
736
40
170
10
595
322
20
184
130
3
429
3
26
6
2
15
27
647
930
1
598
34
35
637
3
369
25
351
1
480
286
1
583
162
374
204
5
314
48
998
7
4
8
753
672
20
741
1
56
633
2
23
46
313
90
619
52
1
2
181
4
604
449
17
3
257
416
10
117
820
791
372
831
62
10
192
3
143
341
77
153
56
77
7
31
221
17
8
410
906
285
11
15
96
915
686
20
483
61
105
106
547
70
417
589
210
876
750
102
452
36
99
113
86
260
189
13
965
68
2
704
871
1
12
8
212
3
7
4
685
731
25
218
10
2
979
138
99
520
107
169
3
28
520
7
351
23
49
879
400
33
125
859
99
99
48
254
294
389
27
3
955
575
17
322
142
4
839
96
247
163
101
2
209
110
26
29
137
116
540
4
637
953
782
30
57
79
268
209
22
4
153
4
535
178
56
2
690
27
28
867
1
728
9
38
510
813
143
953
128
152
441
524
4
734
261
30
19
175
311
2
31
82
150
10
302
326
52
33
208
263
326
93
377
629
282
176
529
11
668
5
222
40
632
185
43
6
77
3
9
706
6
71
883
61
720
70
676
185
3
57
33
8
84
576
224
12
45
499
972
76
125
14
4
335
678
354
713
1
129
35
34
13
38
257
850
11
712
144
434
53
78
31
8
818
701
24
32
654
670
11
21
97
36
221
112
383
504
724
23
333
60
44
165
135
131
320
6
315
10
3
64
505
116
966
817
878
408
631
87
750
249
283
22
79
4
1
672
229
5
3
103
125
21
462
267
628
572
827
12
37
536
139
4
82
5
258
88
6
1
760
2
32
118
49
668
105
3
998
435
149
438
786
26
84
1
335
106
11
292
156
105
425
928
88
382
363
219
369
3
57
308
1
188
203
1
293
332
952
17
216
629
507
948
187
6
56
693
270
66
42
121
100
244
376
155
56
198
29
6
152
9
13
546
71
23
6
429
21
6
956
7
126
523
33
262
1
2
270
122
525
939
81
38
1
517
151
377
30
157
152
270
1
289
1
800
18
630
26
227
720
38
892
194
14
58
186
605
3
1
578
127
551
139
107
68
153
1
164
666
1
37
225
206
151
421
948
48
2
755
24
553
29
862
52
892
751
563
1
759
450
56
61
48
11
428
389
59
20
101
4
3
1
231
198
324
361
7
9
1
5
868
278
105
18
246
231
539
105
184
239
328
7
127
560
566
921
935
199
2
409
279
584
398
7
761
673
415
1
1
699
2
384
554
132
29
616
605
72
1
927
310
1
2
87
278
61
10
11
126
187
768
4
89
737
555
3
47
209
28
961
46
63
56
3
31
46
77
38
441
374
812
944
54
353
13
53
24
523
941
898
16
1
49
940
23
932
150
10
4
262
1
164
2
371
2
363
6
881
347
5
849
482
244
361
10
6
261
181
406
18
145
15
191
793
1
204
735
534
374
615
773
16
429
238
60
427
286
27
451
341
1
33
6
167
788
298
8
166
17
285
4
777
48
552
559
66
176
2
487
59
30
11
309
56
16
33
59
1
22
20
1
196
405
146
827
8
7
57
1
6
24
77
18
71
478
6
1
315
17
722
297
184
11
559
2
682
115
2
32
17
1
1
95
18
1
46
98
118
352
706
494
50
206
715
303
91
473
13
40
724
772
4
637
738
80
3
777
474
937
159
26
737
95
7
1
20
557
24
225
153
86
2
6
164
6
10
30
95
65
97
17
624
84
36
274
5
37
19
690
636
4
45
614
303
2
1
832
47
423
3
603
203
32
107
809
22
796
562
1
62
393
24
450
5
1
408
9
69
4
7
397
331
1
539
101
669
536
131
918
337
6
293
36
22
15
26
448
97
395
412
256
49
67
6
51
169
36
86
532
15
239
387
442
197
34
158
135
269
93
264
20
3
169
608
224
8
630
731
529
135
484
902
767
425
9
866
9
1
22
233
8
7
36
55
94
202
567
3
135
867
43
33
2
355
5
126
106
1
114
8
19
707
38
3
567
231
1
699
405
1
403
952
17
21
2
396
457
1
47
212
161
527
451
36
151
1
51
73
1
1
55
2
4
19
51
46
7
23
8
28
701
4
153
703
641
33
985
2
359
4
357
727
34
4
384
183
7
36
15
301
4
5
5
1
270
25
796
23
53
19
50
15
186
165
3
25
1
7
575
413
55
6
64
65
566
186
175
10
698
155
46
23
166
23
1
7
545
94
54
2
214
6
25
8
44
236
275
52
454
75
604
186
832
137
251
866
20
1
17
15
727
5
644
8
84
80
17
422
1
184
276
10
164
233
11
921
1
164
1
37
5
971
1
559
920
985
560
5
25
18
551
131
5
59
1
58
11
452
398
17
275
29
139
109
40
24
1
36
51
53
8
378
536
10
25
385
212
30
791
925
321
745
846
209
175
2
1
432
157
72
334
718
515
531
60
21
1
57
253
31
10
67
1
1
1
574
8
6
5
32
125
662
984
8
194
644
11
922
180
5
424
540
1
240
1
128
549
43
973
738
51
12
78
115
56
788
11
36
1
1
7
293
311
6
148
309
771
60
30
59
1
406
270
208
512
159
15
24
186
15
898
509
775
7
20
59
304
39
923
739
455
923
171
24
24
122
38
17
84
24
540
863
120
131
206
20
243
112
385
352
86
231
146
191
894
4
764
46
4
538
746
671
147
427
148
555
344
314
485
518
638
525
1
1
472
312
752
464
172
501
958
14
63
15
210
2
650
405
34
72
281
590
684
1
517
22
9
16
80
14
44
18
8
74
378
912
9
869
81
36
2
3
14
139
25
92
823
1
3
101
210
6
286
1
446
501
640
1
18
439
619
365
680
21
419
156
6
18
147
30
307
2
527
858
783
23
15
244
6
47
649
202
4
756
916
808
19
929
571
12
491
983
94
53
5
57
337
67
19
788
113
78
1
23
53
86
69
25
44
85
176
184
28
26
101
36
17
175
204
203
888
2
117
653
111
324
73
824
118
846
33
145
2
719
753
376
4
348
515
128
390
443
402
389
37
16
784
23
54
138
920
27
2
161
69
340
195
987
165
230
962
373
15
3
138
226
3
6
833
658
49
331
38
748
886
525
100
157
2
1
644
1
185
389
391
201
484
4
87
141
44
73
208
332
254
386
3
885
617
5
988
30
5
490
20
42
36
2
174
21
27
1
54
287
89
951
4
2
833
12
322
569
17
151
32
294
114
11
30
727
163
400
103
14
26
11
19
231
680
100
18
24
170
491
15
29
85
596
539
4
2
351
4
8
217
105
117
413
258
7
234
98
792
24
2
332
26
7
377
250
2
100
44
10
27
1
148
21
185
493
8
45
80
38
394
793
3
173
922
1
506
968
1
72
1
248
89
32
67
3
924
81
22
1
2
562
116
1
3
283
53
273
890
212
1
526
639
721
77
20
10
5
162
49
568
5
764
338
111
699
142
522
977
7
1
495
204
133
30
1
892
566
28
168
258
12
8
152
133
16
511
177
547
334
1
757
15
2
54
460
4
246
555
517
7
425
5
115
155
59
951
67
8
18
61
111
562
9
406
215
488
43
69
30
380
21
174
413
795
831
246
244
696
142
115
31
6
575
555
1
127
240
448
55
19
28
2
492
208
33
443
1
933
249
176
16
2
344
713
252
759
305
895
275
71
123
149
557
8
21
9
2
1
523
123
55
17
504
20
41
43
295
164
688
3
515
74
197
2
39
713
91
1
391
16
663
253
4
1
590
247
1
1
310
803
7
20
290
28
722
399
98
171
812
310
5
62
70
105
5
68
431
917
26
2
360
99
647
358
1
78
175
858
802
126
45
59
11
241
12
707
665
584
65
3
537
9
435
15
154
647
286
2
986
22
509
263
12
171
704
27
462
2
92
2
41
18
1
124
442
61
49
697
178
31
3
2
351
5
183
258
9
93
146
50
957
353
2
150
10
59
109
503
660
78
383
347
132
756
58
993
17
1
50
64
98
619
3
885
2
317
598
924
333
81
9
3
823
57
9
21
75
925
2
6
72
67
26
624
4
5
672
398
1
435
131
137
147
77
32
509
11
172
221
1
384
10
109
532
1
782
146
21
424
73
105
8
11
2
480
76
254
32
55
744
513
633
291
50
244
267
14
3
84
378
3
255
2
2
17
10
152
435
363
848
1
15
161
668
18
464
26
349
844
440
38
718
280
370
234
3
23
73
155
9
291
515
248
13
13
210
80
13
640
7
385
854
2
664
327
6
24
543
211
404
124
123
1
520
25
1
160
2
72
357
281
45
1
315
13
1
6
703
412
1
63
423
2
652
1
35
292
2
643
18
330
1
28
3
291
507
94
43
495
2
139
1
147
823
6
319
13
41
3
11
3
671
7
207
1
471
18
71
17
41
708
140
978
121
179
170
151
19
637
19
19
4
907
331
5
2
61
111
12
121
156
307
350
446
12
586
57
377
395
7
201
423
19
812
64
2
657
3
222
48
388
6
551
977
2
261
154
131
1
446
187
213
1
25
175
11
74
81
65
93
8
10
552
3
404
725
238
905
255
267
64
2
27
1
957
26
2
6
644
147
297
15
334
147
9
281
128
49
67
665
3
188
8
55
187
391
16
86
5
189
33
519
105
138
274
30
7
522
119
108
3
12
2
572
119
25
438
68
244
140
45
747
844
693
829
158
360
706
290
48
4
376
156
272
23
493
11
600
66
392
100
838
90
46
348
162
54
112
7
617
1
2
180
407
10
4
8
48
179
236
4
776
1
2
853
44
223
39
464
40
64
170
660
23
381
611
241
257
91
230
45
129
225
48
885
21
65
689
689
544
621
18
240
293
17
204
343
305
567
183
141
4
24
388
14
831
786
328
832
414
104
80
128
2
286
349
378
14
38
68
122
217
424
51
1
85
881
18
65
65
571
13
215
619
64
66
138
212
4
4
370
562
601
649
24
500
30
13
82
101
66
53
721
2
4
33
31
32
705
19
13
2
49
2
59
1
26
249
2
230
1
313
8
37
5
11
246
718
544
11
457
7
79
6
508
228
19
71
62
2
303
214
755
16
1
84
283
325
8
4
1
317
15
89
166
78
923
1
39
557
14
854
17
143
222
10
22
691
58
27
1
84
600
398
9
82
32
137
209
10
387
344
947
686
43
28
1
145
3
17
471
56
1
14
313
29
41
351
360
99
89
323
26
27
48
58
242
27
323
1
775
734
637
96
82
153
702
611
40
628
122
12
7
23
63
4
31
1
17
3
664
281
12
11
57
146
935
2
387
460
911
197
568
54
51
861
391
749
893
522
1
951
99
778
57
27
210
34
10
9
248
4
18
81
486
794
515
122
304
58
132
365
666
20
163
3
196
33
99
60
322
9
12
717
336
556
135
433
231
651
3
2
570
58
38
239
238
455
84
90
125
2
40
1
968
300
1
1
533
961
48
539
64
11
2
6
205
21
106
479
120
14
500
51
116
585
790
17
87
341
237
80
800
178
20
71
593
86
32
153
118
595
62
446
14
68
4
41
324
646
109
215
61
14
18
230
4
2
413
671
84
532
121
35
150
49
584
229
159
10
186
22
315
23
43
662
22
21
886
1
1
23
70
1
117
8
129
6
2
479
21
1
129
189
42
19
4
688
515
151
2
238
932
493
939
87
34
3
263
121
16
1
644
6
102
567
172
4
2
5
985
276
3
200
46
255
498
194
198
27
1
19
469
617
32
528
4
322
68
531
133
254
8
284
100
1
941
43
174
179
230
147
381
29
520
23
427
732
299
61
2
3
9
4
169
55
159
40
20
499
4
1
168
394
793
143
161
38
114
91
877
934
5
2
90
581
182
10
207
138
984
1
939
112
42
315
3
97
25
5
266
14
892
318
760
1
81
12
384
299
19
571
415
74
111
249
411
812
111
855
21
474
874
337
11
6
19
68
191
46
30
818
8
723
240
592
6
3
1
142
166
2
1
14
57
843
9
891
159
83
62
206
738
808
234
498
33
24
244
40
10
5
1
507
282
257
742
97
169
173
204
811
208
24
326
718
119
917
125
198
195
612
17
72
108
132
70
58
10
62
5
274
12
65
755
12
1
13
2
586
440
206
153
275
598
49
3
131
511
131
937
235
456
6
9
1
3
1
114
5
122
55
1
19
155
750
168
57
255
7
539
91
183
1
21
46
6
12
113
1
409
1
126
2
5
23
6
42
5
960
77
789
2
507
2
592
841
12
30
29
39
121
4
91
2
677
228
316
2
75
7
132
29
158
572
691
212
120
634
416
134
270
22
235
270
90
40
914
649
743
746
6
309
119
34
61
897
3
26
968
450
417
250
246
83
1
769
185
121
881
789
743
24
653
75
8
52
250
545
31
15
542
72
765
75
258
1
1
135
70
37
256
590
461
68
368
422
130
454
507
418
434
13
23
72
221
795
523
337
317
432
3
134
68
116
151
108
61
81
13
17
59
17
2
676
345
1
2
2
700
341
93
119
94
140
655
14
464
7
547
766
951
85
19
134
259
656
35
515
44
39
433
579
68
5
35
2
703
729
23
314
50
7
5
120
984
1
261
2
5
5
591
499
2
190
6
155
139
3
11
105
315
958
100
174
548
51
555
3
761
283
294
12
96
670
2
1
777
30
12
22
917
4
108
276
126
27
5
318
318
213
1
242
5
160
11
42
34
19
981
8
107
431
4
960
590
407
20
15
91
864
855
454
217
12
42
9
500
63
102
44
73
256
489
292
15
318
3
5
35
306
68
426
27
41
300
165
369
277
172
1
229
30
552
6
1
140
5
1
420
45
132
39
7
545
205
645
543
10
68
868
181
67
974
4
473
89
835
11
851
246
229
9
692
160
625
46
209
18
682
704
725
3
43
21
872
6
113
181
50
2
440
853
1
123
22
514
700
377
144
101
3
259
471
33
517
80
44
1
1
2
91
21
62
357
6
629
208
416
2
216
2
154
93
910
21
5
76
576
194
36
887
533
178
893
101
19
16
289
164
129
751
954
274
16
12
7
1
15
612
3
7
1
798
328
343
601
74
11
319
93
394
833
53
43
94
18
4
329
294
148
10
363
36
80
159
165
6
403
122
11
59
910
167
435
57
342
703
46
101
530
100
7
925
428
598
6
153
36
4
16
11
11
722
23
990
201
2
676
4
261
689
26
188
50
889
154
35
1
133
2
20
80
722
383
709
166
310
2
741
7
122
8
7
52
268
324
250
11
72
397
4
3
229
287
441
332
8
126
635
78
317
582
110
896
295
22
791
214
287
938
561
271
975
5
9
219
120
377
294
1
26
4
685
513
190
270
117
126
358
18
2
109
60
2
732
62
154
31
33
60
2
975
76
131
7
19
903
20
203
580
414
1
93
26
636
20
98
26
3
55
82
22
713
262
41
7
19
1
36
3
27
3
3
129
4
109
243
8
337
2
14
93
262
141
1
62
8
771
9
67
8
203
71
30
145
392
963
3
843
116
109
646
590
80
182
12
996
121
719
668
2
88
1
12
54
20
165
5
31
912
278
31
10
58
633
804
641
111
206
222
1
901
701
1
27
675
272
508
320
706
18
295
94
14
906
1
64
14
27
298
338
61
390
112
244
3
10
31
165
264
165
35
812
8
653
1
432
43
1
852
8
11
3
143
17
970
15
56
927
79
111
35
552
58
9
273
3
521
3
341
79
996
771
6
693
353
66
21
199
6
298
5
727
11
55
452
228
3
365
79
3
47
10
958
471
3
833
77
163
162
101
623
867
61
725
850
195
31
8
4
179
3
659
13
114
66
547
126
51
498
670
426
46
136
501
1
1
54
5
12
14
27
652
33
928
844
1
49
77
19
208
61
608
690
99
14
626
742
106
33
7
2
536
77
17
228
916
147
4
7
23
12
856
65
215
4
7
124
15
6
14
111
173
8
2
482
17
2
308
49
446
1
454
85
1
104
1
523
465
29
3
273
43
509
254
7
187
141
373
9
7
243
31
155
13
720
797
16
354
51
31
6
26
100
26
502
73
530
520
45
6
4
501
548
141
926
4
19
675
303
49
659
49
666
9
628
49
580
37
5
2
553
431
987
20
734
37
1
43
41
37
641
10
1
7
412
982
3
16
13
33
6
176
91
116
276
579
270
88
157
42
779
237
36
126
599
4
735
181
1
57
4
551
3
6
254
53
60
189
227
738
885
745
98
25
2
849
95
82
142
120
138
737
47
1
998
667
422
15
2
47
39
238
432
74
167
637
315
71
259
954
725
6
566
66
111
2
9
145
719
200
264
124
283
639
300
8
84
270
1
3
529
24
695
415
15
619
26
64
6
227
135
597
16
148
1
1
959
1
5
2
2
275
23
646
83
464
182
9
27
438
447
77
21
6
32
124
4
697
3
5
519
909
572
162
201
160
2
4
58
701
39
305
39
2
42
7
191
599
1
87
788
21
10
10
546
53
473
922
663
66
23
32
57
26
168
527
191
669
847
1
949
249
48
88
383
3
193
62
98
405
1
6
264
7
56
61
519
878
300
3
24
1
448
2
521
157
11
68
224
172
150
644
5
22
4
808
32
59
881
33
94
512
127
879
962
3
19
277
28
263
67
10
85
52
426
3
30
212
8
182
105
383
1
364
95
22
487
6
252
1
838
646
508
435
43
275
126
487
333
256
25
522
5
749
189
50
490
73
248
3
325
4
171
1
448
12
192
3
415
307
501
2
6
5
638
874
243
142
140
1
103
575
1
333
608
423
1
104
497
1
610
618
22
35
143
90
1
22
185
241
103
574
556
357
251
198
447
6
144
210
1
13
23
2
131
343
10
132
11
83
2
312
4
14
40
4
806
308
1
773
5
356
813
536
57
29
410
35
412
13
3
6
12
193
458
7
433
28
924
79
131
89
682
354
451
221
914
2
24
796
25
512
31
201
276
613
122
427
967
78
330
918
41
187
921
665
885
182
14
1
875
581
197
8
792
232
23
118
5
14
687
49
949
444
561
294
423
375
921
187
56
11
255
88
55
1000
113
860
21
169
23
250
856
124
2
44
36
3
947
356
89
287
527
50
23
376
778
1
40
133
153
775
107
793
2
7
138
397
15
127
560
1
3
15
134
612
74
533
7
2
37
51
90
126
630
53
127
818
195
3
202
682
986
15
48
436
4
152
318
338
84
423
836
116
22
28
245
473
365
1
162
327
3
45
67
472
554
955
529
817
595
58
890
17
7
5
24
374
94
384
478
7
77
845
30
8
496
818
146
62
477
6
2
679
1
3
8
2
269
792
1
81
683
1
299
28
116
37
3
35
968
36
20
11
840
495
81
241
4
1
2
764
375
6
202
636
172
9
269
760
4
27
81
876
10
412
532
59
12
6
572
2
30
662
32
2
400
14
1
497
162
253
3
420
29
13
3
53
114
262
407
16
223
457
619
1
432
24
514
10
43
744
1
367
377
692
194
8
8
129
2
435
199
147
445
296
380
9
5
310
616
7
634
41
17
8
235
397
1
27
5
433
41
7
1
38
83
633
3
790
35
15
803
371
57
148
90
920
7
894
693
58
1
12
6
902
168
365
235
7
476
495
246
33
50
450
651
85
488
182
292
346
379
346
386
313
35
999
1
99
12
202
769
16
182
60
836
269
164
623
128
416
4
193
2
59
211
2
147
163
171
48
650
537
685
93
34
113
20
1
687
632
327
55
942
99
409
47
557
25
25
411
25
19
2
2
1
869
177
292
7
377
149
947
179
246
18
9
461
447
32
91
111
407
133
253
772
169
1
33
427
76
218
970
708
3
7
176
27
393
506
1
764
521
247
76
451
103
739
755
241
951
12
247
828
30
277
4
71
620
441
39
3
6
817
329
72
5
1
34
45
47
54
55
17
64
967
409
177
297
338
257
7
105
183
8
6
994
10
42
12
456
554
894
1
29
249
12
28
168
811
20
35
157
60
349
133
129
2
444
270
858
8
35
21
162
90
2
31
48
473
447
27
684
731
36
226
16
509
20
48
4
48
988
14
488
18
175
39
438
22
790
10
1
641
1
67
1
13
588
587
959
24
9
905
174
294
21
1
212
9
703
82
20
640
401
139
10
6
338
1
190
22
64
895
680
241
532
795
399
11
704
188
872
612
568
120
658
180
17
353
50
403
24
188
15
35
559
717
766
77
484
1
361
356
32
490
450
418
44
215
556
103
18
149
332
95
10
1
3
109
509
35
1
1
34
227
249
955
879
35
637
9
35
250
445
905
704
29
140
146
9
610
61
6
17
1
238
933
46
217
4
875
121
3
297
135
47
81
537
2
1
388
1
49
222
130
457
3
75
9
356
488
75
77
34
146
14
597
20
292
2
108
507
401
3
148
302
7
985
543
334
944
2
458
183
4
177
160
853
195
40
16
539
25
169
114
12
126
936
850
13
101
846
15
4
1
59
495
746
12
25
103
5
1
7
382
689
1
8
82
239
144
3
45
652
173
254
13
747
1
5
221
53
337
1
787
22
246
221
50
533
4
1
22
22
16
20
295
94
63
89
23
211
4
151
11
98
221
14
419
533
4
16
104
1
2
443
442
327
284
195
57
528
1
405
1
21
132
61
179
792
219
561
14
839
507
376
880
4
1
70
90
15
403
339
139
47
171
450
128
28
191
606
632
568
289
13
363
4
40
360
848
1
113
1
980
50
34
6
57
30
11
906
185
358
294
2
3
15
19
690
103
821
720
10
584
4
19
10
11
1
4
364
7
8
4
83
7
121
53
38
8
783
152
3
29
21
748
68
16
1
3
490
386
5
1
1
4
78
116
286
124
4
106
518
773
364
571
809
3
62
3
4
1
442
37
257
2
3
115
1
372
4
776
17
587
62
8
257
126
923
25
148
786
64
480
504
50
1
3
299
2
79
453
12
72
61
244
980
3
102
455
1
3
298
18
262
62
927
868
6
1
49
904
934
37
390
2
465
150
400
252
82
1
561
32
1
20
2
18
237
4
2
104
375
486
3
696
607
385
33
15
51
157
250
704
280
265
5
647
5
2
354
65
15
22
444
95
77
1
12
640
6
12
49
17
347
39
938
576
9
266
53
529
24
476
1
552
553
554
69
502
491
111
860
908
12
34
21
593
187
182
185
237
5
432
448
55
166
669
80
63
52
859
751
30
7
572
315
255
197
17
5
161
702
207
35
498
55
15
18
613
297
28
1
604
1
265
12
652
133
714
14
317
349
704
40
25
61
81
1
751
19
44
1
22
6
646
777
1
2
244
219
69
248
316
123
387
1
9
1
608
46
38
6
114
445
41
83
743
144
32
164
636
492
122
13
7
202
102
2
498
611
57
108
501
259
707
21
2
390
23
168
92
461
842
192
24
95
13
332
56
63
423
290
21
15
44
692
64
8
59
27
3
846
101
149
625
57
191
716
145
84
703
30
952
745
237
5
66
329
36
91
1
293
983
211
9
18
1
4
122
30
795
735
553
183
934
4
107
19
6
661
194
1
72
92
11
521
659
330
202
9
57
497
2
56
292
379
6
100
929
475
540
34
311
236
2
497
270
911
775
87
135
86
1
375
315
1
105
77
503
39
525
727
429
682
68
3
945
10
396
1
455
190
308
22
7
19
326
334
7
65
32
67
183
1
25
8
457
556
9
18
27
8
408
198
24
5
327
3
1
35
937
3
5
584
147
937
755
119
353
629
15
26
15
3
16
571
424
113
1
577
32
291
404
670
1
134
813
623
4
582
97
50
360
55
869
1
67
169
697
57
9
8
1
793
881
345
141
187
641
14
730
5
2
3
825
168
117
919
991
1
167
942
235
2
2
31
109
211
345
122
47
23
21
165
102
13
1
337
1
14
235
28
146
33
566
14
80
5
854
32
63
52
639
272
675
188
222
98
14
11
947
134
9
105
18
614
543
967
915
1
17
3
109
38
76
25
40
494
11
79
438
114
987
478
382
98
464
9
54
888
418
878
796
2
15
17
11
103
318
18
2
299
457
270
9
910
177
89
54
554
211
238
244
58
835
15
165
21
931
173
619
657
970
93
4
5
5
318
13
158
507
264
8
889
503
1
154
12
32
35
194
432
33
47
58
9
452
16
5
2
604
481
574
431
2
684
21
7
855
3
118
58
79
1
60
38
193
9
502
264
67
13
2
567
697
1
41
1
182
136
34
178
219
594
263
31
56
147
36
48
38
35
75
15
210
7
18
134
325
116
540
768
392
381
104
2
6
241
314
189
104
293
54
8
251
8
24
2
526
225
59
103
524
88
4
26
96
140
93
10
15
10
133
743
10
868
113
14
78
109
45
158
11
154
12
11
653
4
129
121
868
619
435
15
445
1
52
15
159
35
771
583
14
1
763
27
1
33
15
283
252
93
211
41
595
596
202
81
160
17
209
1
21
1
890
13
16
23
503
57
629
809
601
30
181
120
12
183
405
702
322
743
547
704
26
25
740
166
878
357
752
601
172
284
17
884
294
354
26
857
4
546
1
7
7
3
229
11
370
90
261
930
281
46
6
218
13
271
5
796
545
414
56
267
5
524
4
108
479
922
39
148
25
80
55
12
62
51
754
1
147
13
48
73
49
6
7
691
110
237
400
37
335
489
752
240
25
727
755
851
41
266
393
114
217
159
851
3
110
63
97
4
476
17
630
250
21
28
147
233
92
836
1
232
102
215
20
972
930
934
108
8
8
3
271
778
13
332
437
329
20
667
21
909
35
86
11
2
20
17
2
137
94
837
15
23
45
29
98
234
131
7
490
450
54
1
940
678
43
583
82
1
106
101
8
10
864
228
1
263
965
9
443
498
447
345
19
126
952
157
570
40
111
1
154
644
522
2
496
1
9
63
26
11
137
85
38
5
1
125
659
147
726
753
618
6
17
1
3
49
431
18
217
39
236
211
821
395
831
12
121
9
395
259
521
66
8
71
848
181
205
75
42
74
12
2
83
134
2
747
16
157
284
952
283
166
599
153
622
4
872
899
254
148
26
54
1
386
243
268
19
918
49
709
57
142
1
45
2
548
416
19
177
47
909
578
37
263
302
293
268
26
581
56
921
36
146
611
334
3
19
104
713
4
8
588
344
555
11
236
310
352
194
1000
508
33
904
156
24
4
63
122
366
827
113
10
618
4
8
198
139
12
972
903
3
34
84
260
778
225
31
104
16
929
53
21
535
676
24
865
593
891
82
84
692
97
145
351
501
199
207
24
832
2
110
19
8
358
246
3
241
89
4
21
902
9
252
3
170
5
4
197
100
37
273
127
22
861
11
7
3
131
26
286
129
8
879
474
15
779
20
56
113
24
497
89
53
973
385
992
1
169
671
8
594
12
202
1
210
142
62
8
196
42
14
35
1
570
7
237
32
1
314
7
176
893
5
2
13
22
411
125
1
323
246
9
248
54
854
231
543
11
49
52
485
1
268
811
53
716
873
213
93
254
409
59
19
7
6
110
681
45
865
384
211
123
311
794
190
15
10
1
16
26
735
66
45
66
28
25
27
1000
42
103
442
108
937
9
26
54
321
101
87
124
21
145
1
39
101
314
830
4
1
533
56
993
16
2
697
601
275
373
578
90
33
40
252
22
13
86
127
951
279
20
764
4
159
923
501
255
440
779
253
33
262
42
590
270
138
390
294
5
196
2
237
33
564
20
1
667
263
191
53
6
636
99
5
738
2
1
858
413
649
499
121
923
541
11
436
760
34
613
57
607
169
357
561
89
16
823
103
745
414
39
171
1
235
107
64
619
224
17
3
141
7
895
674
268
2
3
115
984
8
1
11
660
7
103
967
1
1
187
29
86
178
10
175
69
52
4
109
451
5
309
720
676
1
603
23
145
7
22
81
396
17
106
1
490
20
32
745
893
223
529
35
644
281
50
287
99
47
344
78
6
765
15
157
1
797
6
11
1
34
6
65
661
173
576
684
672
23
81
11
32
263
2
82
3
93
633
14
89
1
9
973
32
30
1
2
1
18
391
2
660
624
37
1
9
109
330
21
205
141
741
4
105
9
425
360
118
408
36
230
59
40
1
262
108
928
2
15
2
588
37
38
86
403
53
3
427
47
20
632
82
260
80
509
216
7
349
81
195
273
378
407
799
124
452
8
14
66
399
46
459
145
13
188
190
15
2
222
24
22
53
29
63
58
455
505
34
21
21
38
63
74
139
64
114
3
373
212
203
203
1
40
89
563
970
391
42
271
131
1
102
13
93
25
25
230
355
62
6
8
53
24
248
780
130
4
143
14
193
32
864
983
7
214
98
408
865
231
37
1
10
32
180
618
3
1
18
849
598
580
25
202
762
404
427
144
17
16
29
6
173
4
932
247
276
637
27
246
828
286
7
2
501
269
188
15
45
20
1
406
805
4
280
265
234
13
23
615
265
9
23
132
64
3
379
1
728
135
229
896
5
37
45
235
146
212
223
717
14
15
970
17
861
50
879
130
638
379
738
83
48
886
216
5
208
2
4
1
198
142
280
65
2
301
107
294
2
353
27
47
34
423
75
608
143
341
446
933
33
25
724
466
686
18
260
64
74
676
302
66
8
59
601
19
3
7
2
100
255
423
726
366
717
10
195
287
2
822
226
15
2
14
320
318
1
96
20
15
856
237
2
10
10
8
153
166
107
6
144
77
5
96
3
96
1
2
47
493
545
1
2
130
735
235
819
111
19
348
3
603
126
186
36
184
28
15
256
154
463
7
268
12
30
4
3
563
637
604
7
1
913
5
123
385
2
159
879
370
880
401
583
137
15
244
39
340
30
185
22
12
946
540
25
26
289
9
96
52
11
371
7
396
76
704
2
16
2
142
52
2
2
184
581
3
426
35
36
46
946
66
219
14
17
6
628
116
352
11
28
24
591
2
50
47
369
797
487
650
130
20
94
10
28
196
319
838
256
94
33
229
526
75
712
777
2
146
17
67
11
1
38
63
29
27
413
1
24
85
359
48
130
29
5
149
841
26
77
188
1
882
733
126
5
528
3
103
68
34
714
104
35
27
322
823
114
330
794
961
292
4
99
298
26
86
557
1
289
117
555
925
875
98
19
220
1
33
1
250
5
6
104
253
10
140
13
534
26
1
272
681
898
32
63
9
7
663
31
623
38
213
1
460
93
295
8
381
501
48
372
231
640
429
318
106
221
35
437
2
1
9
5
205
14
25
97
1
19
495
536
88
1
2
294
25
7
2
23
5
403
342
137
958
783
19
4
62
473
6
323
106
88
281
56
804
72
919
5
921
1
352
492
42
499
826
1
1
606
197
9
128
40
42
291
4
134
632
15
213
137
9
610
17
154
10
95
7
875
75
2
589
131
1
19
151
22
11
852
436
3
8
160
103
102
1
49
102
410
9
345
319
14
181
3
655
258
482
3
580
13
3
20
6
247
24
526
54
172
860
629
32
158
149
335
838
132
10
31
3
929
18
122
516
1
382
197
5
20
278
929
1
4
165
12
865
2
290
907
277
14
301
139
484
75
359
3
14
137
508
123
3
18
2
22
90
62
4
395
886
252
295
13
1
697
332
878
10
71
188
19
12
4
244
119
1
7
50
82
208
11
321
174
393
10
335
190
159
102
37
861
31
11
2
137
781
29
3
160
8
230
157
72
684
2
407
7
8
729
13
73
30
192
19
34
154
68
299
23
3
241
11
917
127
480
2
9
823
504
12
672
640
62
7
496
820
50
2
172
13
52
45
67
19
497
7
220
123
135
11
780
718
685
25
5
84
20
963
169
38
321
21
36
9
791
35
218
1
19
3
57
833
17
381
2
2
93
48
171
30
871
274
5
471
316
251
49
381
34
615
158
384
683
95
114
270
859
73
926
649
142
739
239
95
420
1
358
40
73
969
564
861
785
572
268
3
5
794
574
8
356
776
2
224
579
559
30
115
27
11
1
87
8
308
945
707
374
800
60
537
471
7
6
40
940
344
269
415
11
63
270
878
99
4
84
27
44
240
50
974
350
396
467
4
336
50
125
151
48
755
572
16
318
130
94
473
9
21
718
50
210
627
365
5
280
117
813
50
4
500
10
322
82
2
404
303
1
5
61
641
628
417
23
398
40
3
1
93
105
49
28
236
63
21
115
261
378
60
13
577
23
21
9
166
235
166
2
96
17
876
32
399
85
13
21
2
2
546
706
255
121
968
358
662
21
254
116
1
227
16
402
192
150
549
33
157
5
91
96
155
113
160
12
42
11
585
915
1000
130
657
12
73
232
2
230
968
4
20
1
1
15
20
101
591
781
57
145
535
30
56
251
296
162
162
106
92
33
23
355
46
192
7
12
2
224
7
307
34
426
553
878
658
331
896
263
51
914
17
1
13
1
49
12
126
826
3
724
333
52
239
3
2
120
736
7
162
246
885
3
458
128
318
1
38
18
162
894
907
32
1
58
510
226
642
1
335
969
108
545
22
2
407
37
17
5
168
27
893
63
764
241
795
20
810
460
47
544
1
10
83
233
979
535
79
15
437
187
58
1
5
155
331
15
1
29
346
974
203
36
237
962
5
922
835
1
691
5
6
101
1
943
94
864
10
895
333
134
56
4
41
95
76
30
7
286
20
9
13
179
677
578
7
26
1
235
53
438
904
2
182
3
10
67
86
323
13
580
9
252
88
47
29
302
291
27
26
5
21
1
163
64
651
164
51
11
199
4
369
35
412
11
16
12
712
115
176
686
1
229
23
158
84
222
377
90
3
392
8
29
48
1
351
391
5
21
24
862
377
567
76
419
3
79
127
250
6
214
184
23
491
307
70
29
68
116
1
62
11
139
4
241
127
7
211
238
1
285
13
781
10
14
4
269
94
282
82
40
25
7
15
1
5
108
66
8
138
53
49
188
306
293
17
24
1
151
34
55
2
64
2
732
96
73
483
18
7
2
158
10
39
121
14
915
52
20
41
429
442
198
27
72
165
2
3
992
1
23
320
11
15
24
721
796
359
915
771
862
348
86
89
38
704
25
7
502
305
13
676
2
613
620
489
642
250
427
408
243
14
295
2
411
97
3
575
125
28
430
472
259
330
22
412
15
17
1
989
636
383
611
749
204
5
8
222
62
832
21
1
18
74
104
209
120
7
174
503
167
253
62
10
938
142
225
440
158
67
24
239
443
41
7
8
3
113
469
681
5
937
1
315
65
6
706
9
585
156
655
41
1
302
6
983
619
134
34
63
47
309
5
171
74
80
2
229
535
60
1
51
47
12
402
10
94
2
252
1
84
758
8
916
209
13
3
11
504
9
144
231
187
156
20
434
19
12
130
213
512
911
37
29
164
221
861
7
771
239
88
972
19
394
199
218
474
15
21
41
409
964
12
65
725
18
539
1
1
3
316
738
87
118
7
997
6
122
4
918
984
624
482
40
8
2
367
12
9
115
752
34
82
47
23
834
8
835
67
536
18
588
652
194
416
665
530
686
180
5
1
58
33
6
10
101
13
606
150
829
413
825
154
102
86
4
12
66
480
2
46
17
319
379
137
54
277
55
22
8
327
9
860
264
537
753
15
5
55
253
413
81
13
812
5
131
195
6
177
2
691
905
154
764
8
10
59
917
59
32
609
3
177
72
27
3
185
148
80
16
1
305
2
457
722
193
208
41
4
249
125
29
791
16
28
81
19
475
28
126
504
9
17
739
159
35
181
55
168
501
42
22
872
4
139
154
123
30
862
2
2
467
890
420
59
10
985
369
996
223
32
5
269
31
222
490
416
59
3
65
10
141
1
6
415
3
255
133
2
8
939
291
1
170
337
200
1
968
7
29
22
368
30
307
22
561
718
512
616
916
447
1
1
274
41
13
529
464
192
468
548
805
2
913
124
6
13
195
3
458
424
879
38
14
446
218
205
468
19
112
383
4
6
30
611
105
149
64
654
69
152
268
252
270
443
58
485
2
26
246
877
248
319
3
60
225
1
293
244
337
182
38
510
64
2
652
3
140
12
390
11
1
936
173
32
30
657
3
18
39
33
202
372
2
144
349
412
46
95
509
68
413
277
147
2
18
103
426
17
627
605
1
8
63
280
40
187
310
89
11
74
1
2
525
58
5
80
8
385
82
124
1
792
253
307
8
40
23
159
8
295
597
247
191
2
413
28
270
3
439
243
550
195
254
46
430
49
51
35
5
456
219
14
306
167
907
106
460
18
2
391
45
30
22
38
695
11
66
90
59
1
19
731
587
470
399
152
2
175
253
131
502
848
132
484
893
387
8
82
260
603
2
1
204
10
214
410
445
649
62
478
386
9
16
2
223
36
49
11
107
672
172
449
613
186
11
3
119
17
181
688
767
775
366
428
31
678
294
329
8
429
455
560
6
237
286
30
18
2
11
315
9
5
37
65
370
218
205
455
746
62
636
386
352
1
380
44
354
8
551
1
421
29
555
25
47
19
659
50
866
9
758
2
127
112
126
122
31
251
68
293
337
482
743
32
709
54
316
299
147
420
1
650
14
634
1
692
5
5
17
2
7
159
63
325
264
31
4
318
515
27
3
26
37
585
5
53
94
12
132
559
160
82
36
17
521
325
781
3
14
375
841
281
61
145
17
6
2
6
860
49
128
1
2
69
26
117
3
236
80
441
533
1
962
227
975
427
896
91
676
134
19
455
284
229
234
62
1
6
7
92
4
7
341
146
153
266
880
84
31
93
160
213
959
358
238
27
252
29
1
752
5
18
7
470
19
15
967
4
125
142
468
13
585
32
276
10
610
638
61
795
54
79
44
92
29
22
177
83
754
288
13
235
498
137
106
2
661
334
59
28
494
3
3
2
374
45
46
176
734
1
5
261
311
472
36
78
959
1
88
189
858
15
430
67
504
41
125
430
76
405
50
565
32
227
257
1
12
81
528
395
2
135
1
1
16
329
295
2
78
466
4
62
147
169
744
325
103
41
341
48
141
13
472
487
183
384
115
2
68
59
4
63
36
528
33
370
891
352
76
27
274
1
46
1
360
10
6
3
24
164
676
589
132
460
17
24
61
29
37
543
1
16
331
111
3
671
270
12
96
190
13
349
50
85
930
471
704
135
655
2
79
8
122
878
38
333
25
86
388
158
102
309
47
332
795
313
51
706
25
70
243
43
8
674
621
354
811
911
294
51
9
315
2
2
101
268
255
274
15
3
50
2
261
127
2
393
476
27
1
973
37
16
170
538
67
1
36
41
274
9
616
507
19
6
75
11
52
2
38
617
236
579
38
616
1
4
6
24
18
349
100
838
9
8
36
230
15
444
51
142
9
889
9
72
834
147
14
8
537
163
317
397
113
32
38
407
291
305
181
147
74
145
197
67
1
26
970
223
11
594
19
624
15
338
247
326
78
947
238
179
568
86
111
17
690
114
10
105
129
194
22
993
167
849
15
2
64
5
50
2
141
8
1
338
624
13
34
58
390
194
201
8
376
7
137
2
562
472
17
63
15
65
235
75
3
5
545
6
161
204
745
80
445
2
499
211
89
1
27
808
5
578
158
351
9
240
2
204
314
791
873
205
5
33
57
470
11
99
59
2
673
213
60
4
487
95
1
591
791
15
180
772
22
1
11
108
2
4
528
20
46
270
232
15
1
162
787
5
83
742
704
119
997
8
632
711
886
148
98
209
541
663
447
3
40
8
106
707
224
75
4
3
240
5
166
3
890
421
89
2
53
205
58
53
3
832
5
43
37
48
686
54
12
483
30
141
382
889
372
152
46
644
143
460
232
645
356
415
4
74
784
1
48
6
11
37
275
61
14
189
8
1
183
60
248
393
645
10
1
65
484
945
169
33
470
26
96
320
250
94
621
56
118
77
574
283
245
91
759
391
873
671
94
381
4
735
413
73
647
360
35
9
3
51
1
3
524
725
180
1
104
10
16
108
33
207
20
198
82
1
211
220
56
226
42
12
614
49
594
4
5
1
128
88
9
3
218
3
618
504
9
3
6
12
137
202
92
87
141
143
919
717
55
244
12
179
3
87
367
614
134
159
720
6
116
1
25
691
26
149
621
2
839
828
70
648
210
392
1
20
3
41
1
208
59
154
156
1
41
70
364
152
71
43
253
55
365
28
12
510
169
186
1
454
91
47
53
279
186
102
60
4
8
141
9
39
8
208
4
195
357
168
15
110
834
450
94
8
6
113
1
3
7
2
694
37
452
48
318
12
229
100
3
19
8
6
102
401
165
20
168
4
117
169
14
476
13
274
689
6
88
465
711
53
14
113
21
1
669
10
536
572
67
644
249
40
1
122
858
445
30
6
164
488
78
346
7
936
213
3
41
158
2
44
59
79
19
904
25
141
139
71
32
50
22
704
9
37
739
107
10
198
371
13
2
19
447
7
17
8
8
257
174
37
12
764
3
116
37
6
8
93
66
40
34
333
125
146
37
1
910
1
2
1
80
278
34
444
329
53
93
511
49
539
191
44
53
52
8
81
7
26
81
2
10
323
38
222
24
171
296
24
1
1
27
7
718
23
389
227
671
710
16
47
43
6
28
536
72
442
981
56
215
70
215
272
36
379
10
124
627
797
1
25
56
237
316
276
721
46
35
30
13
2
17
2
345
403
74
15
327
124
20
45
78
112
365
51
194
191
184
950
148
33
323
452
1
30
151
1
47
500
48
501
5
855
9
41
312
22
105
83
141
38
1
78
144
979
6
180
112
2
393
990
2
194
92
717
26
276
381
61
137
85
124
6
53
1
1
1
10
25
84
206
883
242
407
83
914
38
89
2
137
437
28
92
642
775
323
519
34
556
117
16
3
52
57
224
2
68
2
230
237
4
1
2
13
9
95
403
343
303
252
684
3
5
443
766
47
654
454
29
401
811
495
172
18
144
330
74
665
28
4
425
19
1
109
989
26
8
4
585
750
872
40
7
1
7
372
239
730
11
1
720
288
139
50
870
36
915
53
481
2
82
19
835
698
240
261
16
1
6
348
606
619
5
759
344
922
617
434
150
14
19
24
135
3
7
191
240
166
492
520
280
460
4
2
271
599
58
649
68
242
25
4
126
9
61
295
73
6
66
438
42
29
98
108
291
220
4
37
405
26
9
385
12
5
143
31
74
130
184
15
438
352
468
111
4
300
1
39
886
1
357
112
132
837
390
127
79
7
8
41
70
216
7
8
249
770
557
508
114
535
795
621
780
15
445
47
823
849
365
25
668
756
12
623
265
6
337
504
877
577
43
49
288
2
571
542
799
218
17
7
177
79
19
5
54
26
60
2
52
327
61
991
497
11
1
895
13
886
629
46
600
17
142
538
59
474
830
3
450
7
370
7
43
125
170
950
6
770
188
119
612
184
595
81
1
981
865
15
21
187
372
270
32
55
749
381
462
4
20
14
902
921
2
608
28
304
583
328
568
14
57
307
4
89
210
117
1
534
4
7
272
1
41
3
819
34
449
9
566
28
704
129
177
85
552
29
166
673
1
899
106
134
6
91
11
426
2
89
795
7
9
41
76
468
144
74
676
24
54
218
991
92
902
1
416
45
263
154
717
18
225
85
427
356
574
200
468
284
131
581
353
576
382
274
171
14
249
53
151
72
5
916
193
25
67
573
230
50
278
15
163
4
141
15
31
33
956
156
171
643
90
659
1
48
45
108
3
29
2
505
669
8
189
114
657
9
386
489
16
7
407
366
26
139
34
787
224
12
1
1
174
23
605
22
490
607
152
26
386
231
27
236
12
991
2
137
35
298
448
205
452
2
69
79
6
5
23
47
251
1
304
250
537
1
355
975
534
351
25
210
46
626
8
2
19
55
3
617
644
9
1
448
876
37
5
347
427
535
940
129
1
757
294
743
111
644
7
1
1
10
864
3
137
25
91
272
1
124
13
821
683
320
321
114
28
602
683
21
111
1
332
5
2
1
10
315
178
455
651
634
7
101
461
581
640
3
185
9
674
3
815
38
21
85
465
1
582
470
5
346
3
996
781
32
24
96
126
2
210
27
216
219
353
29
2
10
220
12
25
44
17
39
89
7
269
74
302
22
35
79
149
721
60
368
234
23
272
47
4
3
13
3
234
114
3
448
3
78
983
4
27
31
9
2
57
9
71
134
521
338
75
351
4
885
30
762
78
160
339
213
13
62
751
108
104
116
792
261
4
353
86
150
220
664
587
55
787
439
988
17
667
755
183
328
67
4
63
287
13
252
56
43
27
522
786
13
323
609
2
79
331
391
36
1
532
301
138
264
602
39
329
3
94
1
1
32
243
235
464
695
62
23
171
307
23
1
916
28
3
99
48
80
12
36
52
39
976
90
38
27
1
187
16
385
259
517
47
10
10
7
1
90
5
2
989
44
264
226
68
78
115
2
922
33
2
473
69
513
6
12
10
403
9
172
30
777
665
426
193
20
114
174
266
43
154
762
85
44
8
85
321
126
94
107
165
18
13
1
38
43
2
183
549
287
498
5
234
716
5
1
253
66
432
505
538
9
396
1
783
762
11
9
509
1
250
362
214
4
507
151
486
666
492
267
8
465
929
1
304
6
2
28
221
43
586
337
65
12
677
62
347
3
22
224
1
1
280
801
3
284
17
110
1
115
82
441
44
164
40
39
58
4
258
403
22
116
282
11
23
26
159
49
1
11
38
163
32
60
113
204
20
531
492
520
49
326
7
366
5
6
20
242
5
22
37
57
178
186
5
987
841
443
948
43
658
295
1
425
125
109
3
188
34
899
302
196
3
661
51
986
7
1
1
31
60
47
919
2
244
4
692
440
383
239
665
209
113
89
674
120
1
54
946
4
219
577
111
746
284
15
441
101
993
252
122
692
30
7
19
236
9
601
216
134
8
20
896
233
97
202
534
466
471
2
56
897
269
46
335
311
26
7
555
9
207
41
700
31
848
305
803
2
38
343
63
23
634
5
368
278
192
226
32
37
155
61
836
4
307
68
10
80
2
191
90
107
156
188
423
1
183
33
968
5
22
2
36
589
508
20
724
25
7
545
24
343
38
948
806
103
207
355
331
262
42
153
68
73
476
2
79
401
4
562
57
12
420
306
264
34
4
346
3
86
297
3
762
140
461
223
479
756
1
68
63
341
288
2
27
607
2
190
947
61
21
88
188
933
1
502
45
21
35
1
120
113
17
5
796
507
623
132
895
62
47
427
138
3
406
90
434
1
21
1
944
11
89
608
148
817
482
479
10
2
512
69
930
14
165
1
164
113
779
583
519
69
59
793
48
300
85
156
41
211
277
14
763
4
76
417
347
171
59
2
2
1
19
715
900
748
89
569
494
137
38
9
45
396
78
3
3
956
131
830
15
11
70
1
477
40
71
2
18
353
305
138
718
375
136
115
12
174
1
4
275
438
184
12
43
101
1
376
352
237
3
13
3
690
1
11
1
270
488
30
479
356
893
29
830
242
213
119
87
544
3
102
4
895
85
1
212
7
351
764
350
12
643
314
58
363
11
10
54
563
44
21
14
109
207
78
383
214
3
3
189
646
93
1
1
110
582
183
877
564
6
620
481
324
70
585
110
4
266
19
1
62
603
215
156
184
2
368
19
600
59
1
283
854
402
105
1
974
354
347
402
2
429
18
834
88
232
80
64
464
34
29
4
220
25
87
227
9
30
144
549
595
177
134
80
796
52
387
242
43
20
162
668
7
408
16
12
666
1
10
234
162
577
484
712
10
257
1
94
615
345
641
19
29
176
428
780
34
949
1
453
250
431
795
244
36
667
191
21
3
31
126
2
127
165
126
967
258
807
655
20
23
444
410
111
40
748
1
1
76
40
153
395
420
187
89
581
83
247
3
264
509
122
38
634
278
9
737
391
203
841
503
3
329
210
41
1
627
20
567
99
17
225
6
885
29
17
989
13
56
1
421
1
368
184
47
94
450
170
202
3
30
174
108
710
472
216
108
632
361
9
105
67
253
4
64
23
498
42
224
140
7
191
156
92
7
488
19
928
30
9
4
15
69
538
47
825
6
45
217
1
187
56
88
14
864
563
2
30
2
259
27
227
664
270
2
656
349
402
1
228
95
98
94
267
912
408
62
11
6
323
843
617
107
224
13
889
170
73
10
1
501
202
2
739
6
198
14
851
113
852
90
635
7
192
498
209
571
461
384
19
33
54
324
11
98
754
406
22
35
70
12
106
888
337
890
1
2
787
1
2
15
451
190
13
114
57
21
278
864
47
385
78
870
438
7
37
2
3
624
495
48
820
480
66
310
68
12
439
281
30
33
280
114
401
4
3
60
1
19
600
213
11
73
21
76
253
4
295
765
433
544
348
975
7
26
21
22
50
101
3
42
6
11
746
61
10
167
573
400
42
815
158
3
340
355
24
42
9
990
739
37
228
574
1
339
32
2
1
4
33
164
54
839
974
2
6
42
323
9
50
587
680
55
79
1
5
11
84
123
95
34
169
679
118
297
3
139
324
937
252
8
39
569
116
249
43
190
173
56
23
22
175
56
116
59
112
659
186
426
476
16
113
625
765
98
1
380
4
158
233
132
133
12
361
130
14
407
247
126
51
2
650
25
201
4
113
4
353
210
6
145
3
767
1
124
5
278
138
829
164
578
13
731
20
109
837
235
64
8
561
2
400
115
511
348
189
175
688
997
651
184
669
431
154
598
1
407
260
350
1
16
550
23
6
10
576
348
203
761
13
4
663
113
1
485
844
15
289
53
475
58
7
736
148
2
690
238
305
17
309
797
3
542
99
25
183
232
3
4
1
6
430
40
25
511
39
263
156
64
842
109
22
606
2
4
3
450
168
854
294
205
23
14
38
110
3
227
6
42
4
61
722
983
144
193
363
75
160
34
23
1
77
663
12
266
85
173
170
4
30
87
977
80
14
77
34
532
265
21
262
327
510
162
476
132
74
51
49
488
769
320
2
403
25
884
843
78
654
1
928
117
1
490
862
725
63
166
313
854
55
698
546
9
6
409
13
352
108
92
785
3
5
546
136
191
382
128
56
326
94
561
81
203
184
385
4
2
13
174
96
33
309
2
493
114
1
57
372
2
60
2
165
65
955
23
321
247
187
730
152
33
1
154
57
507
8
23
1
3
5
17
4
710
18
371
392
168
778
157
850
890
313
634
807
4
366
938
1
954
98
117
2
138
432
870
7
190
712
10
612
156
58
144
1
296
1
380
653
15
2
296
22
916
558
178
17
606
87
23
2
22
123
4
770
29
695
987
292
12
110
93
930
3
746
107
242
2
95
16
89
193
258
10
503
344
350
258
180
35
10
4
626
6
32
3
567
18
41
520
431
48
5
2
987
74
15
17
87
950
82
837
729
142
2
245
77
915
3
14
181
720
9
359
94
16
476
800
30
314
20
182
3
251
2
4
356
7
6
5
819
190
3
619
1
340
198
1
42
2
97
25
577
716
714
1
7
42
107
8
78
2
235
18
548
873
120
795
486
4
542
263
9
13
1
16
10
2
267
5
3
47
37
331
223
1
9
23
101
70
163
657
1
53
271
1
340
77
13
353
24
130
15
4
2
461
58
43
145
238
34
758
17
65
43
92
115
156
3
28
154
6
1
591
4
253
778
139
1
7
7
43
887
29
5
2
994
1
5
4
446
159
1
137
821
6
7
7
118
47
17
568
73
39
51
43
1
12
4
60
4
30
8
756
705
11
1
21
210
102
371
3
16
3
438
1
119
169
851
7
379
204
205
769
117
148
324
50
455
6
286
112
576
1
108
22
88
411
32
10
24
5
329
2
3
49
330
118
2
230
5
384
102
860
87
519
18
826
758
226
198
16
187
116
84
2
700
6
340
73
5
289
18
22
4
370
479
8
309
77
1
321
59
23
819
696
804
690
1
462
717
54
66
721
340
2
165
60
211
499
940
176
778
585
448
97
3
136
6
108
104
176
1
902
4
626
130
165
784
239
4
126
1
224
46
5
809
166
42
814
126
80
8
81
827
29
225
155
973
993
943
153
7
146
216
24
249
85
205
12
28
58
4
647
193
129
8
468
63
25
22
57
20
328
55
321
9
13
101
115
192
940
562
40
495
54
2
92
464
47
692
852
4
40
31
16
141
213
10
10
57
24
390
951
1
230
85
34
40
3
975
258
1
867
255
879
10
1
17
31
471
40
1
5
44
159
465
72
52
168
800
137
384
136
364
871
284
542
96
18
207
88
24
56
4
686
54
543
3
384
77
720
48
235
13
151
23
46
391
90
9
792
1
924
2
149
979
750
202
463
16
540
7
119
4
5
1
187
19
388
5
136
127
6
2
61
188
146
10
112
127
130
188
387
340
202
28
521
238
212
3
356
825
2
29
178
307
1
46
49
353
70
30
385
271
58
37
129
424
16
224
490
113
339
161
179
284
166
96
23
86
453
140
4
439
215
17
466
771
216
62
96
48
674
5
615
33
1
156
7
2
35
515
4
605
1
433
332
553
433
338
34
544
582
1
195
75
285
119
659
685
56
567
1
51
129
284
153
156
314
11
673
6
103
361
7
464
6
386
47
1
427
738
931
25
221
154
393
120
204
6
12
280
51
694
385
987
51
10
591
51
731
146
1
41
18
1
247
80
121
1
848
836
45
845
455
696
549
579
170
885
17
2
455
10
137
350
3
313
1
52
54
2
88
263
1
466
55
50
81
159
114
6
4
323
108
186
860
9
412
661
333
130
37
442
121
4
24
425
655
63
5
20
241
55
514
13
584
821
84
70
370
1
72
998
251
46
39
8
609
184
89
4
645
38
100
41
451
343
676
62
49
76
30
19
629
273
142
2
2
406
154
42
288
12
55
887
4
2
75
351
1
2
66
544
1
262
4
8
197
1
5
467
345
844
13
17
12
197
19
637
10
232
907
399
121
929
9
6
14
121
4
763
19
2
49
809
47
1
78
17
534
17
2
204
129
410
205
441
12
3
6
55
7
44
163
478
176
621
1
125
759
557
552
251
10
217
475
641
84
20
395
398
797
78
73
197
97
56
516
249
222
317
3
10
227
317
39
8
5
649
4
633
49
8
11
17
237
652
184
7
224
164
260
36
139
329
114
202
1
17
13
10
940
399
363
1
407
3
74
194
184
964
1
619
634
18
724
670
513
11
146
226
60
530
9
229
379
174
298
10
62
2
156
286
718
262
522
6
96
187
8
7
61
30
3
239
56
2
15
687
2
4
53
29
19
833
382
558
416
26
8
1
550
539
2
21
644
1
917
61
2
98
11
55
520
421
1
31
167
337
448
1
684
173
361
83
130
455
252
15
157
427
123
703
1
979
1
633
734
1
1
122
844
219
316
584
8
289
563
282
12
908
294
68
418
4
49
676
22
729
5
106
755
223
277
119
34
215
42
11
866
680
210
230
159
402
126
112
471
46
367
22
989
800
12
441
15
196
38
648
766
118
846
595
121
3
81
261
549
159
72
826
72
48
118
58
41
897
2
828
21
2
24
1
3
11
66
96
2
28
72
29
273
335
910
10
251
46
138
122
894
118
23
98
18
23
407
32
113
18
104
40
684
1
438
887
45
27
919
310
500
390
23
423
1
55
100
95
13
243
633
42
179
17
313
5
722
711
96
9
2
447
214
633
6
131
220
551
731
809
204
281
3
56
10
11
48
65
24
13
9
608
127
154
873
45
501
400
443
197
19
64
315
935
634
229
768
251
96
646
657
81
607
5
478
646
5
235
925
285
160
37
865
324
1
35
45
426
104
17
1
45
2
252
9
6
484
3
710
174
632
148
5
143
9
1
629
195
49
66
619
18
963
371
6
217
2
1
524
80
104
35
1
816
70
262
116
353
506
10
263
261
365
2
38
2
202
371
195
146
9
405
10
883
1
12
25
93
122
263
483
15
262
115
413
7
269
11
674
9
3
38
1
65
6
531
7
27
642
2
581
1
76
190
247
2
220
512
1
663
198
24
417
577
4
25
358
209
221
118
484
983
13
16
5
10
262
135
459
358
360
6
825
5
266
152
253
75
21
117
448
83
35
841
250
352
149
47
18
363
3
3
370
4
878
465
1
1
142
641
5
132
984
543
71
27
36
144
6
53
334
687
1
379
59
6
498
536
340
20
836
333
704
4
190
265
351
11
163
25
128
266
1
22
853
389
2
264
90
2
39
416
1
781
33
341
314
499
40
81
228
74
39
79
754
5
1
107
1
32
467
271
24
27
244
26
946
671
341
732
14
131
10
207
92
392
54
262
802
332
56
358
102
4
32
759
12
648
204
459
29
323
14
53
486
169
190
928
67
81
805
10
49
165
5
19
74
732
53
3
410
209
44
342
3
2
742
10
1
597
23
3
150
350
833
1
5
44
197
46
219
2
73
805
19
12
228
4
1
65
778
150
60
307
2
231
87
19
49
219
161
848
233
7
893
324
83
370
688
474
1
123
267
100
334
127
1
295
83
13
91
352
2
694
1
102
902
4
6
32
469
89
211
409
705
386
416
28
8
391
708
38
583
510
112
138
7
595
31
31
91
153
138
105
123
590
22
463
16
851
81
207
41
912
20
48
452
60
73
596
321
290
144
318
3
668
158
9
5
197
94
294
832
555
919
2
987
330
192
32
99
1
1
185
257
90
3
374
665
490
9
99
189
992
26
43
10
902
140
328
789
2
50
874
48
735
122
543
496
726
176
2
512
204
293
63
546
6
44
453
263
71
106
370
1
198
16
438
3
961
109
120
614
5
253
180
50
1
60
43
461
981
12
129
3
40
18
900
111
187
354
32
28
304
220
5
915
79
1
1
11
3
727
17
14
5
1
153
233
275
2
6
33
486
413
271
650
73
574
308
209
57
744
1
25
2
804
14
284
155
29
24
284
134
3
2
5
107
376
707
250
64
330
27
465
19
4
7
28
96
48
95
59
736
179
478
621
18
88
10
97
738
4
839
8
91
634
147
2
326
933
304
178
2
414
1
253
17
11
323
723
3
812
54
411
637
16
841
429
431
331
102
12
525
173
995
935
588
42
2
1
205
6
302
39
489
945
1
3
1
26
2
83
316
2
152
337
19
57
1
250
173
115
1
811
455
17
463
1
336
166
1
15
515
1
211
9
15
102
11
228
810
1
40
52
131
36
103
293
717
11
241
3
110
1
14
20
536
321
251
22
74
166
534
83
35
246
425
10
57
65
710
194
607
6
3
128
23
270
638
467
39
71
63
176
23
35
179
43
1
2
3
204
71
140
87
91
99
28
22
174
49
23
696
43
232
342
746
151
717
229
280
40
73
119
894
94
173
125
8
111
366
9
969
732
3
937
917
365
15
396
237
265
24
5
66
451
204
3
37
134
752
171
103
1
214
4
684
78
27
151
149
2
324
2
205
58
152
7
78
115
164
8
8
436
673
103
4
9
17
892
47
15
165
33
346
384
411
610
40
5
438
8
526
34
11
17
1
1
33
182
345
774
255
506
14
190
292
622
441
381
2
1
8
39
164
227
364
137
143
1
657
15
1
13
749
455
162
77
4
28
12
2
472
657
7
4
13
20
22
7
5
11
511
642
394
159
259
6
665
19
213
42
169
1
70
332
4
793
11
2
90
393
244
92
6
119
955
109
53
691
93
121
97
7
14
1
632
163
259
975
56
16
157
846
90
88
722
19
168
1
43
563
14
21
359
668
11
3
1
32
17
76
230
26
50
76
37
482
370
72
1
573
741
96
2
6
72
822
20
55
535
29
544
520
739
118
160
556
184
625
7
3
166
21
181
5
1
706
46
64
16
8
221
942
255
41
223
480
6
1
70
91
6
146
108
108
462
452
63
357
3
10
25
778
617
78
84
7
328
2
369
107
17
766
854
7
145
778
455
682
4
53
2
893
4
102
143
5
14
557
587
950
285
26
81
800
715
900
749
821
152
88
297
487
9
111
56
10
50
333
261
166
317
133
20
528
2
445
622
24
589
267
10
3
723
89
153
10
13
624
165
426
4
634
299
32
995
89
896
62
37
989
137
25
3
845
85
6
121
979
843
188
2
176
852
182
79
712
188
214
181
211
60
478
667
19
538
184
375
463
1
425
182
173
742
5
13
364
573
50
916
12
243
32
988
23
5
242
71
765
112
459
571
690
3
111
53
1
139
101
72
51
620
2
985
49
23
34
414
174
208
22
493
39
738
3
1
27
2
228
64
988
2
842
475
20
279
15
550
1
292
49
15
109
77
5
465
237
1
439
5
279
30
4
842
594
231
167
993
72
656
244
39
422
138
39
34
478
667
931
520
2
949
489
473
11
526
5
3
3
10
315
256
36
116
15
294
110
103
1
703
5
1
59
29
15
26
330
163
709
658
15
85
4
208
707
886
188
21
121
86
243
70
180
227
181
67
327
50
938
210
235
340
82
1
792
24
21
477
257
1
935
2
79
16
316
113
634
114
9
9
597
2
34
3
664
28
178
469
20
136
993
796
49
114
438
7
683
820
5
55
36
171
4
538
92
21
210
182
56
2
51
1
335
479
685
163
1
806
859
25
10
33
1
365
426
226
1
50
5
639
61
201
171
122
25
244
531
5
287
1
415
2
539
9
89
66
43
1
170
180
102
106
407
1
64
34
62
2
541
27
2
3
17
341
255
5
62
1000
228
2
328
62
117
455
21
108
141
73
22
194
6
7
251
432
79
175
636
937
81
1
27
21
674
1
90
12
248
165
141
1
4
31
135
272
147
6
691
109
33
2
43
515
451
37
757
157
2
807
31
697
34
6
85
352
14
4
233
10
1
172
490
113
4
917
387
174
705
236
760
30
49
95
825
827
695
2
121
139
28
82
32
628
118
468
242
4
12
260
764
14
259
11
425
37
658
41
707
82
131
72
801
149
5
36
504
874
317
85
113
208
371
3
246
529
85
442
1
595
70
7
459
531
2
4
646
1
68
1
1
20
130
464
131
145
136
191
80
75
49
47
1
453
94
9
339
168
9
35
996
152
1
424
310
676
457
731
523
92
81
158
5
46
63
6
16
2
69
119
334
362
506
9
159
35
176
9
313
183
150
691
23
710
78
791
21
85
73
7
149
10
788
684
8
153
377
2
407
44
538
670
500
7
162
4
316
26
36
9
305
489
336
242
599
2
736
49
1
201
486
167
7
807
99
474
338
435
133
938
68
435
1
141
385
277
176
20
257
285
204
227
773
119
1
339
759
940
969
689
141
274
54
494
388
477
64
153
906
3
4
339
131
673
518
13
92
31
100
211
102
339
419
38
4
31
304
109
113
77
86
549
16
400
13
410
76
441
142
17
5
132
825
3
68
29
3
178
97
96
405
220
571
806
123
10
7
46
25
11
249
807
25
460
302
1
992
165
221
272
329
9
136
14
6
1
493
659
4
28
12
193
594
173
3
121
276
43
149
642
52
587
271
43
946
513
11
287
653
18
34
227
19
25
831
14
4
244
41
63
363
39
290
2
54
1
258
39
1
126
752
39
439
123
407
36
65
34
105
195
867
2
439
36
6
553
342
38
395
14
31
140
400
228
332
171
5
39
163
1
7
1
74
766
995
22
2
10
974
96
250
595
621
194
21
149
209
39
322
2
197
1
10
198
288
6
126
57
5
4
167
285
12
5
1
129
434
217
941
393
16
1
307
356
289
475
21
20
134
385
327
52
104
718
715
154
38
60
603
755
297
880
5
726
89
967
5
9
2
1
551
54
119
50
516
287
462
960
163
100
280
121
333
226
2
435
14
19
947
316
8
13
6
501
65
1
28
210
3
392
87
141
515
5
236
21
976
9
330
115
581
625
385
1
71
266
662
19
215
124
985
517
3
24
924
115
515
834
11
45
207
783
3
410
64
99
780
704
148
75
253
268
14
4
273
6
741
6
10
188
793
23
8
141
42
3
250
117
9
32
306
616
37
720
505
761
67
103
1
405
36
551
4
1
105
926
60
242
939
597
11
40
2
299
109
8
538
637
420
619
131
78
10
519
163
1
529
100
1
274
7
107
828
369
210
6
262
3
371
578
1
107
392
1
2
22
27
947
346
7
10
2
3
239
19
179
8
2
123
5
36
1
16
11
10
713
120
720
2
37
2
577
5
30
278
303
900
4
10
466
6
239
343
1
404
101
23
629
68
55
205
840
93
833
203
103
327
543
534
83
100
427
92
4
284
445
88
1
7
487
552
99
253
2
111
369
85
610
152
144
114
19
438
471
274
47
396
199
150
6
8
302
328
165
44
879
274
173
186
21
1
695
6
17
677
2
2
163
83
975
49
31
178
956
35
4
1
933
597
170
14
3
667
776
6
943
601
1
126
370
328
303
30
328
85
1
277
256
89
337
1
203
121
178
358
835
51
265
194
407
327
130
14
625
1
150
476
407
364
255
201
2
795
451
5
285
205
292
16
113
7
763
216
860
693
948
315
159
161
61
59
247
2
154
807
114
817
11
1
10
33
5
687
251
272
32
790
481
129
28
212
80
288
284
5
10
1
552
869
451
4
607
54
26
556
70
337
575
13
130
172
64
630
39
4
103
1
197
224
11
9
90
581
96
33
79
3
16
16
964
7
192
444
85
13
33
9
17
695
22
14
11
477
106
9
20
44
2
29
748
160
320
484
4
852
2
18
420
146
80
810
688
9
213
366
20
429
142
19
6
1
37
5
95
207
8
66
125
67
10
883
3
105
58
89
275
28
84
65
89
574
813
34
449
813
101
1
4
57
185
312
96
29
3
8
137
12
781
60
345
73
1
2
235
106
1
73
764
171
600
2
40
411
957
72
1
4
475
20
389
54
3
232
683
2
182
9
545
51
80
264
141
323
169
234
627
1
10
176
36
231
483
765
1
551
10
148
269
95
461
47
2
9
268
21
281
835
936
788
99
34
556
134
3
26
55
42
28
274
253
95
9
469
207
132
97
192
49
3
327
11
4
3
1
551
379
479
502
53
57
76
155
411
21
5
73
7
2
11
191
746
41
89
340
11
61
123
10
514
119
122
6
118
228
11
19
1
84
267
8
12
37
411
34
19
241
2
1
25
4
676
5
10
365
51
233
33
2
621
830
454
2
751
134
727
1
51
38
757
14
735
13
6
388
498
311
6
2
123
3
125
311
64
11
905
4
1
7
22
4
918
47
115
180
4
153
159
18
8
279
4
178
341
71
893
2
5
201
93
1
59
120
41
46
514
728
289
8
361
3
7
87
77
228
353
141
3
2
102
1
200
370
952
6
33
901
2
132
23
5
224
22
664
269
201
644
1
410
14
688
49
259
494
867
3
380
6
86
342
10
25
915
1
58
60
244
2
23
3
174
301
24
7
212
138
66
185
2
14
138
109
453
18
147
3
584
13
442
158
3
28
499
15
683
20
161
644
866
921
47
945
454
292
38
531
2
35
69
90
216
16
107
378
94
373
10
14
221
2
237
143
74
53
69
1
672
675
22
752
357
1
77
692
25
723
9
642
494
19
866
229
868
647
7
162
549
31
4
7
1
151
51
7
51
34
4
14
28
817
122
917
407
1
784
462
266
148
240
273
265
138
885
78
5
61
260
1
179
394
383
1
408
22
9
1
67
327
303
133
133
212
428
22
1
44
273
31
276
128
346
98
351
3
136
13
617
1
197
6
794
10
409
7
797
7
81
50
47
19
21
402
248
50
5
739
210
231
59
6
368
9
541
357
6
4
62
447
1
14
2
437
344
530
292
1
60
12
29
4
827
1
314
896
642
253
1
104
2
974
1
2
143
1
173
511
373
890
1
47
432
38
47
760
2
428
698
247
390
452
951
701
49
59
162
301
81
17
412
78
3
94
642
122
11
16
454
6
18
127
25
148
489
22
39
9
67
754
4
767
78
13
320
3
694
48
99
151
203
944
6
95
769
385
806
663
67
9
198
551
48
336
848
116
576
8
4
148
330
104
21
367
3
84
466
102
8
116
47
724
3
170
247
31
203
935
595
79
289
4
745
1
961
466
21
234
552
17
215
492
915
21
1
44
903
516
57
704
454
70
11
163
122
32
67
25
263
429
3
587
7
7
37
38
63
259
303
249
68
138
858
9
656
16
827
51
33
77
1
2
22
895
5
73
1
26
27
60
926
523
37
331
45
222
239
53
86
66
109
171
757
65
12
41
106
73
24
434
923
24
542
59
56
109
996
265
16
316
333
427
5
845
1
5
36
26
11
282
20
32
105
141
554
11
273
10
26
915
470
35
740
171
383
164
148
22
6
772
66
3
11
15
278
202
425
21
37
12
557
6
10
78
80
370
173
622
896
117
1
367
236
38
202
5
152
357
21
21
90
10
346
17
538
134
225
51
738
26
563
835
3
223
872
74
1
5
126
460
210
605
668
171
287
81
229
13
454
352
665
1
258
6
982
48
446
34
25
945
522
917
323
408
752
905
711
42
4
880
9
205
10
961
166
854
70
451
5
1
32
11
615
684
49
407
982
37
490
3
190
57
15
598
9
630
563
32
721
583
16
6
1
288
576
416
111
402
209
9
1
125
64
541
851
5
948
49
167
5
462
965
57
456
261
181
138
113
302
91
10
613
963
67
79
2
167
688
862
278
191
25
87
16
613
13
1
204
21
1
385
383
520
199
51
1
4
13
44
88
912
3
177
5
6
155
197
1
1
29
9
603
99
238
679
78
1
215
1
138
75
155
7
17
195
498
420
83
19
222
769
395
74
15
349
730
2
722
104
135
712
472
4
924
10
110
30
142
178
30
181
125
436
9
81
1
40
170
685
63
148
45
611
123
738
168
6
143
619
2
720
211
833
425
19
4
2
96
367
1
586
61
40
884
1
48
8
432
235
333
825
22
141
749
645
6
25
450
155
45
306
39
546
265
6
197
259
51
495
260
1
709
184
382
14
291
9
14
214
6
13
800
25
94
306
964
329
31
2
576
495
738
21
48
24
929
89
722
7
168
250
11
24
267
7
6
177
140
4
532
32
9
6
121
783
471
13
339
4
18
16
129
241
58
84
206
1
11
1
571
321
301
6
27
310
141
23
265
230
371
73
56
630
290
83
703
38
107
164
3
25
292
26
658
3
512
28
224
204
36
801
76
401
308
749
478
44
30
763
460
198
44
1
61
10
76
66
129
3
64
5
44
15
393
8
972
692
1
6
1
423
162
67
8
7
50
2
4
129
6
21
150
497
106
210
74
643
108
4
512
38
972
79
166
2
10
2
42
260
115
505
621
509
543
107
558
18
894
74
138
2
3
122
5
953
2
600
51
62
3
816
209
35
354
243
17
3
862
445
19
232
88
536
3
580
144
3
11
229
344
7
26
82
59
69
26
563
583
57
328
700
712
584
25
315
86
365
50
6
29
14
713
13
26
4
376
503
4
122
970
73
46
6
2
88
175
64
1
17
4
2
1
581
6
193
679
77
57
60
313
21
198
15
55
68
9
430
205
28
239
55
122
2
31
1
116
1
14
214
243
8
86
3
4
53
116
17
201
531
42
184
624
32
1
3
111
125
6
708
4
86
17
16
759
3
439
4
810
6
615
460
816
11
185
376
72
257
28
5
20
20
11
35
46
1
375
948
30
409
15
98
253
549
692
48
438
196
31
10
216
220
47
114
92
744
413
207
235
321
107
14
3
34
3
619
15
1
75
643
10
209
8
154
6
1
5
52
875
28
62
21
2
559
20
124
416
2
6
884
574
13
775
259
174
489
288
250
909
167
18
3
823
770
68
756
209
721
11
606
193
141
11
27
33
143
219
175
120
33
19
58
345
269
1
947
420
1
29
151
72
126
783
5
52
4
383
178
667
93
168
2
3
428
596
19
42
361
144
18
6
27
2
44
69
630
22
348
789
134
31
15
335
7
647
583
24
27
190
365
42
1
11
3
1
1
25
20
148
444
252
14
765
754
131
136
479
59
444
159
75
289
856
1
9
539
446
37
565
83
311
347
1
9
500
218
114
6
1
1
172
76
4
757
27
1
148
22
4
2
8
53
553
111
483
719
2
28
569
90
535
86
29
57
7
108
31
82
28
278
1
30
1
2
332
63
465
13
114
45
1
45
13
129
15
984
223
152
6
84
506
561
2
353
42
2
762
35
310
8
201
4
210
18
309
122
808
885
829
517
77
97
15
17
495
67
123
101
622
627
441
53
63
278
707
84
252
807
41
992
203
632
8
122
83
381
34
29
582
77
3
4
465
388
22
392
387
412
5
23
27
638
164
885
54
5
741
885
542
64
1
3
781
180
42
56
13
973
154
163
149
11
206
450
2
101
651
51
418
35
143
882
1
988
3
6
825
56
761
378
9
31
3
806
366
793
475
323
589
12
332
35
177
37
59
5
1
95
791
394
17
8
668
411
299
110
789
96
554
7
468
5
4
8
623
7
274
3
38
7
93
318
121
30
37
187
18
16
10
8
23
70
30
30
138
69
384
800
221
7
613
126
281
138
21
185
66
1
564
55
892
1
407
421
105
157
2
507
6
46
210
78
9
25
222
278
38
54
798
5
800
512
96
696
382
33
40
46
10
10
11
186
903
187
66
347
2
26
82
671
26
37
6
3
12
28
491
74
130
122
29
134
202
784
752
768
27
219
12
967
1
91
769
26
42
821
44
11
200
142
903
30
1
22
30
715
938
423
72
5
680
733
15
141
150
14
309
371
12
723
107
187
308
292
351
17
101
73
1
24
639
749
538
46
10
223
2
327
2
99
1
64
63
100
902
25
27
258
3
4
95
1
655
9
747
131
80
8
22
7
302
153
463
179
2
170
765
35
106
544
226
49
234
9
620
286
8
1
101
39
78
35
7
41
317
501
369
1
74
6
769
992
35
824
25
1
61
28
1
29
73
76
458
2
48
399
31
913
36
26
662
6
808
643
380
563
735
160
9
39
91
620
219
44
3
9
1
322
54
36
856
235
47
2
451
1
720
224
5
971
105
720
786
380
5
568
293
193
206
75
3
1
53
131
100
86
117
46
111
30
473
463
516
24
1
474
418
780
627
668
124
57
431
5
57
481
944
829
11
181
65
269
116
916
9
975
358
19
121
1
106
183
237
696
1
41
339
26
228
262
466
13
312
9
3
51
591
857
164
257
412
63
289
120
13
12
60
1
890
235
952
19
28
21
64
34
76
326
2
14
904
403
103
3
901
5
746
3
125
1
326
216
383
759
63
859
154
354
102
8
620
393
513
156
815
239
466
22
498
330
27
532
355
7
54
98
243
766
2
774
44
207
282
17
983
61
146
420
198
998
50
5
102
96
453
851
602
5
120
2
37
663
249
999
719
114
7
16
22
1
34
1
974
616
15
147
1
598
8
256
752
900
49
372
47
286
41
843
3
50
147
521
763
21
513
83
1
496
690
3
86
207
9
677
16
5
354
10
61
70
794
2
1
875
61
471
722
533
118
146
102
121
146
273
675
7
