953
6
97
858
232
960
173
106
363
5
369
127
31
264
409
781
2
586
39
2
77
413
2
628
423
591
3
563
802
415
687
575
72
211
18
31
548
17
396
1
840
10
20
571
1
6
116
481
132
13
643
4
88
23
3
386
90
739
141
104
30
729
808
1
335
685
6
1
659
102
896
438
1
121
234
449
147
64
7
3
2
32
34
132
531
376
21
970
6
4
17
53
621
47
327
1
445
61
728
938
885
565
3
88
741
21
48
4
310
132
506
987
168
801
1
654
109
12
546
518
515
5
63
977
472
351
543
499
122
604
130
956
18
540
2
122
8
625
177
622
914
112
436
6
932
8
200
772
287
3
60
525
123
11
48
808
138
1
45
129
1
2
575
2
562
706
143
659
3
7
376
4
9
170
167
41
431
3
943
5
27
88
174
253
7
15
123
16
1
47
206
837
974
181
19
23
871
91
78
181
23
343
9
51
114
97
13
35
20
14
4
760
577
801
15
969
422
761
11
572
200
1
356
128
752
6
270
411
113
491
152
499
131
374
12
43
383
29
520
883
38
58
484
420
111
481
51
116
2
224
4
7
1
64
104
107
204
3
700
571
91
21
351
7
16
37
327
9
583
915
22
317
150
350
119
26
281
536
103
299
330
76
6
642
37
103
797
1
53
1
580
864
847
23
336
119
82
1
32
604
638
42
803
3
650
2
21
4
2
151
246
27
9
13
473
220
117
2
10
803
16
209
616
49
6
237
204
978
121
63
899
663
30
204
131
547
728
213
106
170
209
105
259
69
109
151
18
1
10
6
812
2
146
112
223
57
853
19
54
5
32
12
52
395
487
56
662
550
621
629
72
960
4
278
994
114
15
4
348
743
90
566
114
878
49
302
547
1
333
291
311
2
326
9
757
445
341
930
527
342
24
91
30
166
246
22
7
16
1
122
184
348
334
17
105
110
744
186
144
628
1
287
1
70
621
47
182
349
98
442
298
169
3
1
7
89
426
88
284
500
343
116
101
13
7
539
32
1
5
111
19
12
630
130
2
1
64
181
7
366
351
2
176
626
86
369
2
878
30
12
50
27
53
848
890
136
572
560
1
41
350
61
400
35
771
355
2
7
96
987
120
4
3
3
12
1
527
806
962
906
89
131
90
154
268
14
235
444
360
1
863
693
1
110
2
2
114
609
73
6
156
255
610
558
4
2
11
89
527
223
10
57
857
83
848
2
354
4
295
10
714
11
366
660
678
17
38
23
440
598
855
351
4
422
474
74
398
106
31
146
126
335
1
428
214
6
76
287
379
59
531
625
252
4
785
11
632
6
34
77
18
78
1
183
394
49
1
2
12
366
1
256
6
99
897
21
14
38
49
2
5
745
167
602
3
143
16
8
232
545
6
186
26
485
176
382
851
202
9
56
197
177
256
478
478
473
19
346
1
268
208
86
11
41
32
26
58
38
19
795
5
18
25
52
13
50
48
324
3
541
508
35
833
396
711
6
8
1
189
137
26
889
20
392
3
163
1
18
9
86
69
8
447
15
6
113
1
771
1
22
299
12
72
605
6
926
214
3
64
332
29
175
31
262
2
77
36
286
969
96
14
820
360
7
658
1
79
5
247
987
499
941
104
84
602
2
351
19
191
217
142
1
13
4
4
173
839
1
1
108
58
197
36
5
210
438
168
176
4
78
603
22
178
1
9
382
2
25
608
40
18
849
758
327
363
7
363
38
186
2
19
3
152
266
181
461
518
530
458
13
821
68
315
609
514
39
199
6
10
59
1
2
1
30
9
242
179
825
65
604
30
125
1
983
381
5
664
863
612
979
108
308
5
2
107
710
189
1
143
102
66
1
2
170
861
127
116
159
629
653
83
9
225
46
3
457
337
389
27
982
277
24
261
11
1
1
39
1
93
34
36
33
60
681
9
38
764
457
786
568
2
68
458
93
6
710
624
109
42
131
715
722
123
650
169
135
33
754
633
36
630
36
50
7
608
95
680
3
25
528
516
8
62
108
825
617
203
20
116
248
41
290
1
1
790
654
2
4
261
612
358
262
776
32
44
158
12
807
39
64
35
22
246
61
1
541
26
5
151
146
562
210
6
528
2
510
591
39
2
630
101
105
7
270
57
896
1
32
476
18
663
22
584
787
932
243
17
826
353
542
84
181
4
553
459
561
11
25
85
37
24
95
492
226
17
43
1
157
122
2
3
88
946
36
17
4
810
16
959
6
72
263
37
117
897
110
1
51
336
1
427
263
702
259
57
203
850
19
4
3
7
24
144
241
855
96
1
69
50
17
132
135
199
38
20
629
3
2
500
172
675
48
33
19
30
395
6
251
75
4
9
200
33
3
894
1
798
32
1
11
913
2
10
6
3
202
17
736
3
406
260
462
93
51
32
1
3
423
689
161
3
636
852
3
601
19
722
262
25
46
10
4
113
65
83
79
7
108
241
453
146
3
113
247
265
279
14
140
125
678
422
288
1
144
104
50
10
261
674
866
328
126
16
11
137
591
20
500
105
54
8
6
5
140
214
195
251
4
325
71
31
198
12
351
24
153
3
40
281
667
484
247
163
1
427
15
82
12
17
462
80
26
537
1
123
5
1
192
4
54
7
900
13
61
341
9
739
215
28
1
700
19
7
554
879
60
2
2
4
100
124
837
557
19
263
689
270
284
82
339
494
94
21
3
435
304
133
452
98
442
364
702
8
1
3
1
467
46
396
12
504
43
916
6
826
124
4
2
208
33
866
69
166
1
13
694
82
374
68
419
51
920
546
46
31
123
920
70
122
2
771
49
523
115
898
302
138
133
898
643
728
70
28
45
7
489
76
458
156
276
112
56
374
2
662
866
57
167
271
1
161
125
3
37
515
22
273
38
37
59
246
62
11
788
218
41
586
163
4
134
37
65
1
701
14
3
494
153
94
17
186
12
100
3
237
103
1
718
434
12
123
14
4
233
6
989
163
46
280
822
10
4
784
51
689
174
845
51
41
8
571
31
923
89
7
998
4
993
113
133
7
74
968
684
23
177
62
261
21
14
11
90
58
6
10
90
10
52
6
56
170
6
92
23
4
312
309
910
150
359
362
555
629
934
778
21
96
466
306
97
16
14
407
418
52
252
219
701
1
31
579
7
472
11
3
498
604
248
141
565
156
36
1
483
1
77
8
68
811
244
198
228
45
948
85
49
681
63
180
843
474
378
16
491
886
182
156
1
36
346
3
7
948
298
296
34
168
78
5
276
457
5
11
23
133
140
22
2
63
460
95
845
1
29
62
52
6
1
9
37
17
16
8
196
161
1
27
65
752
161
38
193
664
9
447
312
37
81
5
3
533
346
545
344
473
202
629
149
97
871
1
397
3
116
3
49
8
21
134
453
195
219
65
96
238
20
4
38
297
52
43
8
408
321
4
29
220
929
9
8
46
11
91
1
143
774
367
18
228
652
925
148
387
372
65
1
5
107
9
294
833
322
17
59
749
617
4
34
5
2
284
13
4
7
552
10
687
340
190
79
4
933
8
245
158
52
9
167
7
38
4
295
22
64
689
4
152
695
11
243
153
904
137
33
8
3
252
273
592
595
1
1
259
391
4
380
50
291
25
92
229
2
135
279
5
370
25
212
5
40
41
178
9
340
28
96
425
671
680
10
603
873
49
18
33
85
209
1
5
676
519
106
6
3
195
10
246
51
394
615
2
32
286
231
449
455
160
100
6
717
8
25
3
46
11
22
3
185
2
56
500
650
4
1
63
97
3
8
254
19
55
20
66
161
8
936
779
753
27
413
40
116
518
28
4
3
126
34
68
10
162
1
611
448
205
9
49
23
630
3
9
508
156
258
1
12
263
972
182
22
22
861
252
510
29
108
191
1
28
545
141
29
3
105
280
857
238
74
3
9
423
14
334
5
2
180
43
83
179
5
8
54
751
25
117
19
51
68
3
45
671
14
492
693
2
671
19
702
316
727
1
468
93
945
451
158
112
255
758
8
6
27
93
41
122
241
102
18
258
331
40
3
173
91
70
13
16
739
210
46
243
146
45
350
67
69
1
379
714
156
13
65
302
11
29
9
134
23
8
154
7
312
264
18
321
376
575
31
5
168
171
19
2
44
1
885
935
621
218
188
54
11
3
46
1
20
4
151
3
7
11
982
939
4
411
6
186
3
95
231
80
198
869
5
1
71
245
85
1
728
64
3
79
254
848
3
479
38
315
86
25
49
774
734
21
168
540
423
3
4
448
195
572
187
13
369
205
603
173
313
102
65
69
287
550
908
3
936
832
120
894
23
747
49
126
69
98
34
769
132
14
2
657
44
289
632
412
370
107
32
9
16
91
17
230
1
7
2
41
248
47
195
328
18
670
623
76
84
226
560
45
5
994
18
5
2
4
484
1
578
78
142
30
2
2
154
27
6
577
246
289
380
13
2
927
37
242
7
2
615
114
134
100
10
574
249
111
314
1
669
721
508
50
40
2
43
12
428
163
379
153
852
201
188
306
155
17
31
42
6
626
204
486
69
86
149
2
499
5
105
390
26
471
365
548
129
222
11
2
21
39
45
46
25
63
26
8
136
161
443
269
9
70
177
31
52
427
518
259
163
686
14
622
75
197
213
23
321
498
2
138
986
116
2
15
114
502
591
39
563
27
41
23
315
959
401
53
30
13
1
290
788
572
78
61
12
135
15
616
5
1
55
2
81
46
193
1000
181
34
540
753
15
8
31
6
166
53
299
8
81
675
53
5
735
33
74
26
7
7
472
1
28
3
946
41
334
197
1
253
700
183
484
7
34
41
47
12
53
334
373
748
271
165
7
228
29
47
491
23
683
3
452
21
129
204
49
382
39
663
47
253
104
103
110
330
806
645
9
1
4
909
11
237
2
2
69
28
1
179
695
219
444
891
341
279
50
949
20
386
546
7
623
508
651
771
11
402
1
137
771
264
93
23
228
917
211
1
10
12
570
180
100
8
5
59
112
7
151
47
97
569
114
349
614
3
69
6
2
381
87
717
50
329
27
10
344
185
1
911
117
9
216
14
311
3
281
10
1
140
396
193
477
1
496
1
380
70
6
21
24
936
486
33
454
78
6
711
177
217
9
347
676
301
6
241
448
14
20
75
15
78
177
10
703
68
159
17
215
22
2
27
2
610
917
12
983
69
18
25
341
72
919
1
459
19
8
46
518
88
5
34
7
13
12
84
134
210
81
7
657
218
224
480
268
53
4
756
1
9
60
4
156
4
1
163
20
242
399
473
271
12
630
18
84
223
492
45
530
290
384
16
36
26
16
614
542
328
33
495
213
410
13
20
5
2
443
74
329
23
225
75
183
165
627
1
144
56
4
74
766
938
29
375
345
4
9
34
423
14
435
91
11
82
723
13
78
11
391
139
851
3
237
1
162
91
2
99
740
555
17
1
274
2
2
107
41
11
307
63
163
357
23
37
156
30
1
31
2
252
687
25
194
6
305
379
222
86
913
37
235
5
16
2
432
40
75
764
9
40
317
101
960
69
1
32
1
605
7
808
154
87
33
926
681
424
94
889
234
197
401
103
2
63
47
82
512
19
190
685
4
7
170
78
1
33
186
107
3
141
252
456
684
461
533
375
20
250
22
49
307
611
17
18
88
1
205
28
379
26
314
42
28
254
45
39
272
1
597
190
723
307
5
115
53
833
3
49
219
76
93
7
594
884
289
112
594
48
31
219
1
57
2
115
13
463
275
441
58
34
76
3
188
5
51
580
139
162
378
61
132
510
248
44
17
299
154
225
58
231
690
492
542
1
214
30
230
744
56
141
4
8
314
696
286
88
29
10
8
264
612
259
65
230
90
77
752
983
647
20
19
12
38
654
30
383
994
24
14
181
10
754
76
2
447
934
157
30
172
68
304
12
12
954
94
81
60
209
27
8
138
45
313
300
64
266
9
2
20
88
436
8
60
1
128
1
52
10
356
84
711
6
62
583
1
59
836
232
141
15
174
1
555
712
770
10
65
117
1
799
481
52
15
174
176
30
870
268
21
841
3
801
578
464
671
19
11
97
455
4
145
18
869
7
1
6
169
239
717
593
3
19
386
406
8
24
84
14
723
125
256
22
702
117
27
6
5
506
8
103
152
816
773
2
65
79
905
35
8
454
232
52
411
113
876
155
1
34
589
9
357
136
76
871
4
556
47
84
568
101
2
46
4
437
593
406
724
5
358
105
154
111
804
112
25
3
97
255
9
1
570
34
18
455
1
11
70
176
6
17
353
242
2
192
22
226
455
2
985
3
1
407
3
641
85
3
17
639
127
3
1
596
268
249
1
70
719
1
39
115
36
31
166
608
1
14
373
852
66
20
2
54
505
895
1
321
1
487
288
21
8
51
397
14
96
12
294
393
202
678
167
6
47
5
149
200
333
5
343
21
566
97
111
115
25
1
29
10
51
25
73
296
9
246
506
9
130
30
1
111
557
215
307
127
19
142
11
763
19
429
17
6
524
209
26
695
6
346
2
59
71
469
152
106
16
17
192
42
1
49
390
38
156
307
206
505
11
446
5
829
538
236
116
197
608
266
529
10
200
418
106
6
1
187
196
596
3
231
13
291
337
122
81
21
938
1
85
257
75
9
10
5
46
1
199
28
1
197
7
11
6
2
47
35
11
45
2
879
2
656
185
303
93
17
87
76
427
7
21
4
15
36
1
147
507
5
976
25
7
3
1
3
106
475
30
89
1
14
220
609
75
11
213
530
631
22
202
7
154
244
89
663
122
4
9
16
267
280
2
26
72
336
6
5
75
718
228
991
115
330
11
23
46
277
144
282
591
579
554
4
879
586
449
582
1
151
39
36
911
261
87
582
365
133
50
357
8
98
351
639
4
10
12
691
275
141
774
755
761
17
165
2
912
21
226
699
51
10
477
74
25
127
371
387
83
25
349
304
22
62
1
75
13
177
6
286
16
21
242
354
9
42
20
5
13
136
9
587
1
4
452
1
286
104
5
1
830
2
148
413
35
504
30
161
257
1
149
75
89
414
15
850
465
150
656
11
177
167
524
9
122
19
988
4
180
68
70
557
1
420
24
20
4
83
7
10
4
967
8
711
14
144
194
795
149
12
504
533
944
30
826
4
49
6
320
9
290
629
256
37
92
212
149
85
30
997
9
359
1
707
1
387
879
15
5
861
5
237
609
558
15
5
705
154
213
1
1
402
12
448
4
121
9
52
61
603
9
18
77
811
573
190
560
117
1
6
363
316
340
96
36
210
649
73
4
1
15
471
813
35
12
5
427
54
326
362
18
433
72
944
302
63
337
905
52
11
9
505
13
337
3
22
70
151
20
774
632
323
189
990
265
7
163
59
264
394
65
4
296
121
882
10
29
6
1
112
5
456
33
19
383
16
923
5
186
129
20
674
150
244
74
1
18
880
474
982
115
90
23
46
33
133
36
12
213
2
53
19
299
169
53
1
2
6
359
287
170
4
7
6
22
254
529
95
201
515
116
94
19
23
4
246
413
4
492
1
2
49
786
483
311
1
8
933
934
953
178
17
935
59
3
819
195
170
406
167
65
74
69
207
76
273
3
3
236
3
166
53
132
674
21
14
16
1
6
175
774
5
9
647
861
74
359
468
261
471
59
6
242
17
965
658
51
159
29
324
501
766
725
16
1
1
40
26
42
391
93
6
56
6
54
473
11
13
708
72
89
8
193
16
534
129
197
676
132
38
28
69
819
57
190
218
5
704
143
58
705
3
95
125
20
678
217
42
541
1
5
370
25
39
847
2
701
311
1
928
170
11
206
386
216
7
259
800
47
787
224
474
276
39
462
1
52
54
28
62
32
81
131
74
71
945
115
4
571
190
383
74
52
128
504
578
110
10
314
383
273
513
368
171
220
431
2
3
27
627
856
36
277
3
924
6
924
2
126
148
491
233
345
301
126
1
747
152
159
857
963
592
1
882
664
4
552
1
157
18
1
889
564
342
30
17
14
1
90
223
196
97
19
572
170
46
427
16
512
631
163
306
47
643
89
337
208
3
559
1
5
38
746
1
277
1
310
144
165
187
379
438
376
255
213
3
40
250
997
243
634
533
3
38
758
76
800
381
103
67
48
3
13
522
29
23
680
22
50
226
1
969
253
424
7
367
891
200
15
416
102
6
6
255
69
277
238
73
4
382
76
139
12
261
3
99
422
317
491
25
10
654
124
162
51
468
12
89
268
55
12
22
27
23
548
11
1
5
5
3
287
174
989
3
521
295
25
6
203
156
2
101
90
580
143
5
11
39
210
939
46
496
85
40
109
843
107
91
297
2
24
253
17
18
159
64
7
112
554
539
30
101
11
13
940
1
7
57
137
223
14
94
4
10
975
94
23
515
363
216
29
15
757
671
55
3
203
409
374
30
135
1
766
3
4
631
1
2
3
9
239
298
46
721
761
79
39
46
8
407
16
149
1
246
921
74
2
124
5
24
696
931
626
693
334
585
725
377
40
356
596
186
853
20
136
122
584
117
251
59
550
23
969
43
55
499
21
5
55
46
128
25
430
54
1
539
707
92
10
17
1
40
692
22
209
982
11
2
21
1
483
69
158
18
394
165
11
298
157
41
313
577
11
52
768
5
62
112
49
163
433
26
73
90
11
523
57
364
4
14
31
241
75
91
932
1
417
186
478
5
339
79
491
13
3
240
26
846
579
461
17
280
53
8
458
88
527
7
222
228
24
26
69
72
244
363
910
815
536
1
721
7
796
144
103
625
18
869
284
392
34
393
82
365
158
2
32
19
971
103
274
235
26
775
114
552
5
876
143
185
68
213
56
26
776
45
75
623
359
380
33
51
228
34
1
7
140
651
15
392
109
47
18
48
806
826
30
35
5
185
238
224
340
25
131
2
239
4
306
108
6
731
115
88
43
7
13
130
2
44
6
3
97
402
15
192
535
448
8
1
384
1
69
2
316
77
463
983
221
729
17
126
11
166
810
192
24
29
11
1
9
223
124
1
1
830
87
601
373
89
39
49
587
5
12
235
921
101
701
758
739
450
3
540
31
317
445
3
60
127
11
23
164
534
579
10
717
62
192
6
41
385
91
30
34
5
113
11
929
17
840
123
3
382
206
46
694
266
863
107
261
98
4
34
91
130
332
157
44
530
178
486
107
6
175
39
7
60
64
795
303
373
16
113
116
504
69
951
460
9
39
4
45
504
163
44
152
4
77
1
83
399
797
199
318
345
356
59
814
12
231
645
307
1
681
1
31
14
4
42
3
51
182
42
147
1
109
26
326
1
908
10
259
90
9
648
2
36
1
377
214
367
993
219
35
2
2
370
194
47
17
722
960
984
173
3
28
4
93
2
989
22
500
682
622
441
297
16
40
318
33
719
179
9
575
1
165
145
82
174
82
310
251
3
15
559
151
36
355
263
4
127
59
489
460
2
7
79
214
390
103
668
326
69
2
300
11
704
415
576
120
4
437
118
5
13
143
598
151
509
148
95
209
66
79
142
50
5
729
848
14
50
1000
531
6
23
568
2
6
1
67
34
99
36
758
470
543
58
44
94
111
511
2
1
5
605
48
228
624
448
151
58
160
625
1
1
26
5
71
871
3
494
45
680
322
1
219
8
730
824
106
47
596
299
136
8
12
344
1000
708
353
192
149
120
853
575
87
481
36
30
10
525
2
36
1
909
9
141
494
122
3
1
1
129
56
406
8
613
954
141
7
86
8
1
694
139
147
1
828
477
17
1
956
2
526
306
129
809
100
594
14
1
974
184
920
44
10
2
601
445
201
455
223
333
534
25
32
13
14
20
1
522
273
710
11
868
109
692
393
552
25
530
489
503
2
277
473
461
103
46
27
229
64
10
29
9
3
547
325
401
805
381
23
248
5
940
296
997
180
96
1
100
234
308
30
1
796
170
28
482
8
484
3
2
42
241
805
43
440
1
10
553
389
719
214
378
282
139
7
8
3
3
54
745
28
1
169
386
363
275
58
2
1
11
47
66
5
40
734
24
11
885
70
23
333
28
39
496
115
34
565
85
41
579
820
11
826
13
91
23
11
63
604
501
506
14
3
15
32
357
167
202
30
14
234
127
965
425
18
640
59
16
342
11
225
48
343
30
10
663
1
921
441
505
923
616
491
303
3
183
3
70
110
606
96
7
16
403
799
361
3
507
31
16
851
40
220
211
822
330
22
31
662
39
555
84
26
49
2
2
612
875
535
696
176
4
28
4
58
848
134
78
587
514
195
63
732
214
2
568
76
104
305
12
4
57
498
375
23
1
616
11
71
688
142
710
374
828
173
97
601
229
695
54
238
575
32
7
262
48
417
788
14
2
603
2
958
71
659
35
445
14
25
1
390
49
41
9
13
2
15
33
297
910
675
9
93
610
26
140
11
51
54
524
645
478
894
55
230
144
393
1
118
3
874
272
180
2
605
172
255
87
160
836
537
75
437
1
334
73
4
303
1
751
78
9
4
141
543
11
519
10
455
149
96
497
16
510
241
959
96
294
363
195
261
307
3
814
2
1
316
414
108
285
4
249
69
384
39
112
501
8
60
33
103
921
1
2
10
9
5
7
745
391
526
341
2
197
22
2
228
143
211
871
7
389
979
422
917
1
13
369
76
11
97
701
39
291
9
3
76
9
9
95
229
165
931
751
146
937
504
547
4
45
648
1
1
293
9
25
49
383
2
2
263
1
456
7
9
6
913
16
93
799
31
305
50
26
80
60
19
126
644
26
458
110
106
3
984
5
895
49
35
104
323
86
41
337
412
51
74
163
552
283
233
56
985
97
11
117
20
910
64
49
38
1
663
108
231
47
269
58
82
32
91
1
679
5
602
45
351
50
879
628
628
154
821
8
119
256
353
12
313
219
173
39
316
1
721
888
126
2
37
19
3
39
3
433
401
131
12
1
21
112
265
2
4
157
253
31
38
3
109
100
74
36
4
201
289
1
72
11
75
4
2
20
4
1
290
806
309
149
7
22
7
3
3
81
200
743
8
2
7
141
29
18
808
3
5
52
110
3
508
28
183
403
1
890
6
156
544
88
524
3
4
9
20
128
32
266
206
495
179
269
5
15
16
117
7
415
232
1
5
1
779
327
13
768
338
26
198
60
31
7
627
3
717
652
80
9
75
258
161
85
88
75
8
61
4
2
153
3
14
135
14
89
166
52
1
276
35
303
181
182
301
892
523
34
56
193
45
120
129
1
487
17
12
755
59
17
223
490
29
382
307
1
351
806
670
13
157
218
15
312
165
3
728
9
59
7
494
231
512
37
39
75
10
24
22
550
669
368
58
3
171
707
891
109
7
387
983
3
33
848
25
152
79
217
19
5
68
299
242
43
864
115
142
23
862
965
357
154
319
43
2
167
789
72
161
322
3
794
327
169
323
498
24
649
28
16
10
216
31
85
142
866
1
974
461
346
557
10
489
310
5
92
48
609
770
420
602
2
697
400
114
423
20
277
71
100
316
315
1
547
155
778
833
301
326
185
24
192
243
640
414
271
9
147
59
15
137
3
215
93
124
64
556
493
256
127
346
1
58
3
4
44
652
30
741
893
1
773
516
63
83
29
701
438
901
3
548
148
283
786
60
78
65
400
543
673
246
3
986
371
13
3
900
305
26
530
891
7
445
795
287
49
88
57
59
6
6
737
612
88
89
904
202
83
9
3
41
253
504
386
197
137
146
680
23
348
24
376
722
140
1
570
115
226
14
363
128
1
80
213
545
8
164
85
7
17
944
167
5
179
197
979
41
63
220
580
71
63
260
14
79
27
809
717
16
45
50
6
40
728
19
32
129
295
112
42
757
7
18
17
578
1
147
11
275
72
79
14
82
18
34
1
30
1
451
1
370
117
49
15
63
9
3
368
16
976
44
92
744
5
33
32
142
216
281
374
2
2
57
790
8
10
518
371
602
7
31
24
37
2
110
965
109
25
110
712
220
18
2
17
885
283
426
23
25
64
45
180
41
731
142
24
12
911
620
42
250
39
1
43
49
527
730
75
14
28
78
280
2
191
1
17
45
38
14
4
96
821
636
222
1
103
3
468
3
3
320
536
5
123
903
106
218
2
244
270
11
252
19
34
6
41
2
11
63
74
3
478
507
224
187
7
785
289
3
774
672
673
1
35
208
6
622
900
119
174
225
491
2
916
273
256
769
804
497
547
86
747
722
179
549
620
776
255
48
332
48
7
259
79
692
419
23
171
93
261
39
269
116
1
638
4
820
273
349
302
117
994
12
2
74
76
2
296
154
400
45
132
18
844
384
49
652
200
622
948
177
145
9
304
531
594
4
12
373
7
64
533
216
647
31
60
456
384
65
5
96
923
2
175
21
3
2
4
5
44
45
4
1
243
24
428
97
1
25
55
208
305
2
162
264
336
591
7
1
1
511
171
529
285
4
727
1
1
274
711
1
560
61
350
7
1
11
99
53
418
79
769
604
12
203
21
26
57
797
2
17
472
322
614
640
5
1
345
322
396
279
1
81
100
404
19
17
511
10
362
425
746
143
7
1
31
10
68
284
17
703
519
7
458
8
6
242
72
712
7
27
46
608
517
183
931
283
3
106
163
105
44
38
497
637
206
117
752
2
186
102
211
318
256
5
11
18
161
220
232
829
606
15
87
4
15
198
23
7
34
41
4
7
144
4
30
38
84
4
24
44
100
69
941
844
141
738
371
109
100
2
9
3
117
972
31
9
141
26
175
36
492
8
5
325
806
461
297
36
1
351
109
119
66
1
420
2
579
3
301
165
1
114
76
50
52
190
366
6
50
101
273
43
338
421
337
981
844
518
117
29
548
24
135
72
4
8
40
145
73
17
10
693
9
176
298
412
2
26
30
65
205
907
116
350
13
1
644
26
640
2
209
526
81
539
73
23
4
12
822
235
18
2
630
661
125
8
761
4
145
43
1
736
274
508
1
88
929
301
1
4
4
455
28
11
255
520
246
140
45
749
517
14
30
6
43
434
1
603
70
2
501
25
946
160
177
71
791
18
690
269
3
13
2
204
285
267
895
2
6
610
584
453
186
594
980
873
593
99
327
57
217
3
866
36
6
37
949
3
221
387
130
272
254
1
3
127
6
444
28
4
220
11
175
43
120
13
54
83
821
20
913
8
489
562
16
214
5
197
303
175
682
499
656
21
83
75
444
122
228
35
50
387
61
356
1
2
418
233
277
835
16
1
14
325
161
411
114
122
934
1
108
878
490
43
435
5
263
84
131
1
37
16
283
964
1
31
7
74
22
429
62
265
140
293
73
8
189
794
31
9
281
118
5
85
17
7
629
285
54
186
20
177
301
3
277
17
22
625
445
80
3
38
18
3
21
28
9
136
216
87
26
6
3
231
1
240
765
39
224
33
1
419
15
182
11
473
48
317
12
213
155
39
18
538
43
439
860
76
833
7
12
27
10
14
777
595
125
162
13
234
55
1
167
32
998
81
1
230
84
53
45
735
4
851
104
1
76
54
133
21
573
1
143
101
892
241
839
752
487
12
464
58
9
562
101
622
88
4
266
569
719
140
5
4
531
3
222
281
801
96
3
112
89
244
8
536
4
16
46
52
76
3
154
605
835
45
24
506
20
303
47
31
142
14
1
995
364
222
334
3
23
5
11
385
86
18
1
44
929
568
614
142
47
388
79
3
11
370
111
9
134
172
34
21
151
59
582
806
871
45
695
36
8
8
139
325
273
952
4
118
307
2
458
49
567
597
203
33
424
10
55
57
2
129
42
2
27
736
94
289
197
198
201
432
6
196
121
872
329
8
229
127
40
2
179
143
123
471
713
343
19
34
31
33
108
178
3
98
27
250
463
109
219
943
106
40
704
13
21
6
22
117
807
295
5
163
613
197
113
255
11
7
2
2
226
212
7
945
2
545
861
42
8
2
30
3
8
8
11
816
11
569
343
582
645
76
291
26
14
986
776
501
61
1
37
233
206
606
20
737
3
15
1
172
6
2
37
4
262
6
106
548
2
482
441
11
345
254
99
579
15
98
498
312
745
271
7
30
1
21
1
269
423
514
642
133
406
793
115
385
347
957
209
154
787
1
70
92
52
1
83
767
840
572
22
2
261
127
291
501
499
48
16
153
1
404
58
823
1
9
8
2
8
495
203
22
945
24
716
234
521
15
148
9
120
941
602
26
109
258
632
10
24
27
49
5
1
5
6
2
60
574
931
109
1
460
2
224
221
8
640
151
11
1
14
125
56
657
120
428
130
3
956
960
3
5
622
226
16
89
806
141
22
57
1
12
601
8
103
111
164
53
4
71
94
5
1
30
933
381
40
33
569
393
731
18
355
12
3
676
939
33
259
1
1
9
298
10
3
292
937
10
121
860
910
374
2
27
139
114
3
327
5
95
138
269
545
40
14
232
311
162
475
292
1
23
50
673
66
650
22
359
12
53
248
965
120
283
39
365
3
34
405
222
303
2
34
225
115
6
12
82
495
488
855
173
600
176
813
651
42
820
20
35
79
57
295
175
76
179
19
124
303
49
100
812
937
12
35
328
95
28
7
1
15
13
28
23
1
380
35
86
988
13
5
147
89
144
612
15
63
69
91
2
16
122
709
668
4
543
465
290
212
969
62
674
79
215
19
1
675
23
910
253
741
1
116
9
659
704
999
205
390
338
16
541
11
27
8
43
55
149
5
868
565
98
2
61
333
4
776
309
3
46
1
298
107
14
73
35
486
98
439
32
88
74
174
183
4
834
7
80
507
539
123
83
904
13
931
970
612
136
616
19
177
29
110
586
546
556
442
32
11
366
301
903
605
551
2
70
80
2
976
288
1000
30
506
8
737
45
90
15
8
92
34
155
1
703
736
43
46
396
658
1
30
186
121
512
48
126
1
24
382
153
55
50
6
47
309
300
115
594
1
60
1
130
387
32
87
8
13
22
36
65
11
344
344
72
202
933
19
15
27
1
22
183
242
1
636
66
631
2
250
160
314
417
1
51
588
2
303
2
114
641
4
3
3
894
55
5
94
308
307
4
240
245
56
33
139
303
522
9
180
502
577
4
855
123
1
16
94
117
165
5
447
35
253
4
67
376
7
368
56
236
2
1
765
354
3
1
265
94
204
1
406
735
11
653
144
101
3
117
996
37
74
14
171
9
180
270
4
892
869
282
383
675
38
39
20
1
32
36
573
21
351
928
462
73
42
20
1
12
388
388
814
936
14
21
117
45
170
55
81
9
51
218
217
537
135
66
774
11
871
43
173
156
90
318
13
3
16
299
955
4
169
39
703
336
648
194
10
106
1
510
15
328
3
1
283
388
232
160
495
3
32
294
12
308
1
241
28
1
1
474
876
458
207
27
664
223
17
201
3
437
815
1
203
602
107
273
18
111
9
105
587
260
13
195
6
910
183
81
571
954
213
1
6
40
85
124
54
3
13
687
308
48
266
1
11
916
2
1
11
9
23
491
29
1
463
217
32
166
742
15
88
148
8
810
991
95
188
17
15
149
15
12
108
353
3
121
127
685
53
60
979
1
165
12
75
601
25
6
4
8
41
922
568
38
90
5
75
203
19
11
399
15
29
75
556
990
184
42
150
993
45
92
323
6
392
1
80
3
246
329
72
263
618
2
67
441
34
4
212
456
29
9
2
43
237
2
647
173
18
416
250
311
60
97
7
22
141
185
7
71
9
119
439
38
61
26
685
16
53
501
762
656
52
65
252
2
1
54
9
978
6
19
325
410
558
742
1
576
831
6
621
797
332
4
53
10
85
312
2
11
347
98
296
34
3
5
33
13
24
538
761
29
232
611
41
986
410
209
654
381
85
206
556
791
582
712
111
79
91
15
6
631
1
2
544
534
1
138
184
13
327
415
88
56
945
557
177
114
311
1
89
130
219
180
794
700
461
560
423
24
18
67
24
295
302
981
635
12
595
278
319
610
1
7
638
132
8
13
706
1
1
24
22
1
90
8
332
19
250
98
225
681
43
788
329
344
706
20
75
22
15
109
11
322
2
962
504
60
980
196
237
21
1
455
2
7
523
19
202
291
3
42
212
3
595
26
59
37
25
239
13
629
953
426
149
4
368
343
40
425
9
142
1
470
159
747
981
611
279
42
1
592
118
222
145
430
15
267
762
47
623
50
2
997
248
6
619
281
64
2
66
193
539
1
995
599
10
229
28
30
371
38
678
146
227
60
112
511
435
865
2
46
14
41
4
560
4
368
4
375
1
654
33
12
699
36
496
59
156
3
118
177
106
242
33
248
156
250
94
870
40
7
35
403
657
184
177
415
2
1
939
346
85
2
103
969
725
86
410
14
169
39
1
19
1
51
745
2
1
16
250
148
67
1
795
110
976
19
972
2
429
233
464
880
87
558
181
726
122
80
1
335
15
127
52
118
36
484
856
5
25
886
317
6
147
747
361
53
5
4
65
26
839
102
1
65
1
32
923
853
76
488
859
23
20
3
75
107
15
34
12
148
411
185
555
1
39
211
777
1
5
24
52
572
611
409
14
333
22
930
2
299
11
1
4
384
672
717
252
983
29
678
46
831
118
3
493
967
12
312
222
46
415
423
5
2
164
60
135
4
645
100
156
1
241
149
419
562
351
1
130
171
2
335
530
1
3
992
629
48
4
130
741
65
13
451
28
3
197
127
5
463
539
562
212
151
45
2
175
414
169
29
564
322
403
68
1
901
1
1
256
373
754
7
195
7
74
789
6
4
38
640
1
81
4
11
632
3
277
163
540
227
11
82
564
8
407
1
40
317
2
28
28
981
327
354
60
7
1
6
4
87
2
71
576
9
10
10
5
6
4
259
20
942
14
199
142
1
13
200
301
756
346
1
111
334
7
626
15
9
573
194
208
770
426
1
773
39
99
12
105
332
281
124
398
2
81
316
219
853
2
8
619
392
34
26
301
15
16
223
496
607
8
740
37
1
32
2
264
27
81
127
7
13
5
825
57
564
838
1
5
2
13
79
13
193
103
439
2
3
532
35
819
98
226
406
30
3
485
935
78
138
11
625
8
6
23
5
10
109
5
402
7
9
9
365
7
241
3
6
5
175
14
882
10
18
250
13
149
373
54
702
585
90
20
10
976
311
13
501
298
103
265
18
16
489
10
219
384
237
742
82
9
1
792
193
30
172
424
227
9
420
332
334
235
465
40
33
106
536
32
16
639
18
682
12
50
1
57
316
79
231
1
16
212
69
47
37
100
8
869
80
720
1
142
743
92
89
303
4
2
902
890
15
60
381
29
79
35
1
2
108
74
134
31
51
11
914
202
1
127
205
750
335
61
498
48
17
255
21
504
11
39
1
2
110
157
86
210
120
4
244
18
599
27
219
37
888
5
265
911
44
97
19
265
7
394
55
388
133
2
13
1
1
92
281
942
236
12
342
206
92
806
34
39
673
1
334
7
68
198
162
231
2
144
189
1
39
152
170
54
104
660
11
57
64
236
204
249
3
120
6
74
1
278
4
28
11
12
231
11
16
96
19
202
10
2
52
290
387
730
341
20
553
1
819
3
124
292
159
617
127
711
166
33
383
506
360
533
871
358
301
54
1
302
1
46
597
478
571
26
258
578
7
48
298
9
1
132
380
60
9
1
1
408
44
79
33
57
5
165
231
255
25
247
1
613
185
103
208
98
13
478
5
159
23
377
112
11
735
719
333
21
12
434
68
95
3
856
26
174
1
10
830
944
76
914
5
467
29
67
920
124
228
618
175
2
192
31
1
876
12
374
18
1
1
66
265
45
273
485
1
2
719
303
297
836
622
319
1
22
65
29
19
855
44
17
99
19
5
468
584
156
915
1
330
11
11
488
27
10
2
141
2
2
55
12
920
222
793
298
1
18
43
33
259
202
31
44
393
239
5
394
30
426
72
138
274
3
7
7
127
69
5
154
1
197
180
1
5
68
642
545
384
22
4
14
54
21
4
21
4
80
504
1
348
10
143
34
40
940
710
268
173
323
279
50
23
5
1
501
633
4
19
684
431
196
320
223
406
158
446
101
633
846
3
262
691
4
97
106
203
219
2
7
118
970
24
52
63
416
35
40
651
17
896
140
275
63
1
528
30
36
324
353
605
707
27
7
194
154
127
14
7
680
176
30
5
546
83
708
5
58
626
591
11
1
287
246
23
12
251
568
343
24
4
51
521
1
293
14
302
291
683
315
84
168
818
121
338
23
4
993
2
76
17
686
14
562
510
329
57
204
63
889
202
618
33
135
5
74
26
3
56
2
485
109
223
91
1
1
60
137
55
5
538
56
441
704
5
351
198
19
76
828
631
25
527
21
169
898
1
1
3
4
271
19
885
818
385
3
36
433
348
912
916
526
10
108
339
529
27
16
992
169
956
4
15
399
645
35
4
77
81
2
336
60
132
2
111
3
921
450
210
1
1
108
731
804
101
23
80
1
256
161
77
17
6
679
501
2
43
211
63
180
47
248
1
178
9
206
257
449
529
99
85
26
114
43
17
67
10
191
88
75
610
41
939
120
44
212
5
1
6
154
37
779
553
77
168
437
2
182
583
68
4
466
27
809
987
235
2
176
214
1
165
145
508
216
198
104
458
981
8
908
181
112
9
126
12
7
247
81
141
87
29
810
26
146
10
543
3
16
110
882
873
189
107
539
2
321
638
299
362
4
874
128
17
15
4
14
19
263
790
103
17
359
135
629
87
323
753
27
23
29
2
90
675
51
31
220
1
359
1
25
22
667
518
605
2
203
683
3
95
90
237
37
177
681
3
41
3
32
139
158
212
33
35
7
249
53
20
31
830
242
157
475
44
36
15
49
40
622
115
5
65
213
67
225
592
2
4
333
11
37
65
418
18
5
11
792
211
7
7
227
427
102
111
6
3
149
462
95
294
390
57
134
1
81
619
363
984
133
327
73
85
58
647
600
42
82
194
4
43
36
41
73
3
34
372
967
275
39
14
211
1
209
7
1
7
446
535
8
11
286
260
2
14
473
217
60
174
41
650
261
168
261
410
610
96
147
1
45
124
232
47
68
29
216
6
183
68
98
179
586
210
4
610
246
42
426
31
22
167
42
936
7
266
12
487
67
126
161
248
205
466
2
120
750
585
122
91
198
67
572
100
821
480
5
7
185
4
251
353
777
297
326
86
1
175
1
2
139
31
91
748
6
150
56
231
67
672
35
220
12
313
928
984
13
54
226
281
2
60
389
9
19
674
121
41
10
9
439
151
749
259
15
919
307
543
335
211
26
408
1
479
76
2
297
20
30
50
596
467
62
803
55
25
1
7
83
1
714
851
2
647
137
91
162
18
754
292
10
10
31
90
81
118
297
5
389
267
44
28
456
167
74
274
214
254
3
137
64
4
24
461
1
266
307
13
791
470
28
214
473
72
97
368
148
39
18
625
4
961
589
216
1
807
9
12
44
23
15
4
61
99
1
80
193
675
135
79
6
13
815
321
828
307
1
2
50
744
234
1
696
81
213
21
482
854
397
787
584
191
606
223
97
228
44
170
11
84
86
300
696
530
195
87
43
411
97
856
104
391
576
12
150
140
123
6
219
11
586
89
2
1
14
7
937
271
134
126
2
33
767
69
326
887
3
560
951
112
666
53
3
650
269
6
22
119
62
381
57
164
8
5
66
785
11
385
215
750
779
661
1
595
43
19
738
725
405
546
1
522
259
44
177
59
40
681
38
462
574
79
1
1
2
1
870
10
294
695
43
299
128
3
51
14
30
716
1
65
109
181
5
29
69
53
20
749
12
701
256
1
168
181
1
2
22
5
591
1
351
56
66
13
15
33
2
315
982
4
107
423
53
395
309
127
237
62
2
34
429
490
16
607
937
692
36
365
784
61
667
4
105
22
172
1
21
625
41
725
585
23
611
41
8
975
152
53
746
65
17
988
36
264
17
22
274
1
412
12
456
14
51
219
82
1
893
14
15
437
8
70
1
248
999
8
5
397
10
1
254
116
418
985
642
124
4
10
248
85
713
8
238
134
472
790
175
45
306
23
868
14
409
740
15
511
12
502
196
545
283
51
28
105
450
38
7
591
79
270
484
154
3
66
53
18
554
2
22
2
184
411
351
1
335
7
163
324
982
13
456
133
562
11
228
343
905
28
718
763
43
87
15
500
26
26
83
65
677
1
469
42
298
767
165
70
341
534
25
31
2
30
3
63
65
51
241
258
5
647
76
1
1
1
555
196
1
75
2
1
135
138
8
94
988
19
646
2
86
158
78
147
409
1
229
7
642
3
1
626
1
644
171
1
755
1
110
3
45
42
219
1
25
27
286
680
145
718
486
3
813
11
1
956
2
2
380
460
10
12
54
5
26
2
424
871
695
2
207
692
473
457
2
19
896
1
105
988
21
874
1
591
126
224
1
141
86
109
56
317
67
622
13
89
7
26
232
426
684
402
202
520
18
10
5
1
187
88
215
29
31
524
1
39
34
208
42
73
16
44
583
690
7
284
813
53
32
1
179
4
16
262
263
152
4
620
396
326
146
88
12
135
1
396
293
2
627
518
475
660
6
690
26
149
521
182
2
2
328
2
20
7
567
23
42
980
127
29
5
317
770
70
396
117
173
2
142
338
544
1
707
240
9
6
756
31
39
547
426
111
420
427
870
86
565
959
590
46
8
67
888
327
289
1
875
8
157
504
33
40
9
70
3
2
111
4
135
22
19
74
337
966
702
656
200
129
7
30
26
749
139
277
13
3
257
942
31
115
297
33
68
239
547
4
1
507
240
161
10
10
97
695
492
3
463
8
118
2
28
15
211
16
11
38
421
731
311
230
2
161
216
136
127
18
208
84
2
1
20
372
10
482
22
5
1
230
291
1
9
236
191
3
1
7
14
193
54
6
611
9
121
139
6
945
524
360
44
599
787
1
130
118
784
63
790
4
495
12
453
888
78
10
37
980
5
160
659
60
131
533
22
8
799
171
655
643
143
867
3
380
444
1
816
14
210
1
750
446
104
421
854
16
89
50
97
28
1
54
164
1
123
382
1
13
600
412
707
9
55
944
5
65
60
368
258
2
3
602
6
6
2
544
1
70
41
72
2
311
135
12
1
37
515
333
68
9
87
612
66
49
9
101
71
1
5
153
198
170
45
15
18
50
364
6
46
591
641
416
37
453
510
7
578
121
244
182
31
233
155
622
3
29
131
481
16
182
78
2
728
144
5
763
15
102
505
322
981
7
2
507
376
4
191
13
550
196
612
16
5
599
424
117
127
393
41
1
22
33
41
17
21
92
199
814
10
141
93
62
79
6
923
767
526
23
17
366
1
46
6
132
226
1
624
192
207
874
48
10
200
92
28
201
26
852
9
70
905
4
13
410
186
53
49
75
20
15
622
53
625
5
7
29
6
324
865
1
253
510
380
10
554
186
123
322
366
635
309
126
71
311
244
381
206
3
7
1
30
794
3
742
65
1
188
15
938
681
7
565
6
41
436
89
92
113
50
786
12
1
287
17
14
65
1
29
622
253
69
131
947
196
2
20
203
67
396
57
393
292
93
3
298
79
38
346
7
4
311
13
34
5
134
3
135
292
7
735
2
200
3
75
9
116
29
368
2
229
950
1
133
335
55
1
63
593
557
2
210
160
109
915
42
791
74
43
5
23
47
11
71
35
4
63
6
279
198
46
23
548
31
2
3
71
994
536
11
6
24
911
24
158
802
26
1
411
6
26
13
222
161
1
66
2
448
791
12
7
823
729
1
3
274
11
6
2
615
20
1
358
786
41
535
367
164
1
38
631
295
279
16
508
25
2
346
56
123
3
282
106
1
43
77
67
660
18
35
14
127
476
563
94
447
743
9
199
333
860
775
517
117
241
35
235
479
81
4
110
1
990
1
5
928
22
62
20
82
62
349
620
125
153
24
64
439
680
52
190
185
60
153
10
4
654
57
396
3
326
734
7
48
41
96
66
244
6
966
25
14
653
2
376
283
37
637
89
667
72
2
14
178
682
50
80
8
6
2
501
4
1
695
652
11
931
81
395
824
132
189
233
12
373
350
176
334
16
940
32
3
174
240
183
8
499
783
421
27
2
1
132
176
704
266
11
74
341
12
500
51
2
961
56
53
835
5
347
2
12
777
519
357
612
429
128
1
3
58
28
130
385
624
57
33
205
81
292
182
4
593
816
225
218
2
4
955
425
11
161
8
33
27
346
18
1
846
187
1
82
51
3
28
856
954
36
19
930
26
5
27
100
767
312
204
135
96
121
1
197
1
351
100
411
1
114
175
95
46
167
968
31
170
73
167
15
1
206
55
40
230
21
555
250
177
160
52
5
6
250
108
383
5
1
32
328
8
1
162
648
98
825
543
656
132
182
188
191
120
11
1
18
644
11
659
25
144
103
10
562
15
511
193
8
306
336
85
36
1
125
192
149
83
469
771
424
870
2
499
2
57
97
18
6
2
323
251
34
15
13
727
13
498
22
734
276
853
28
58
803
7
194
211
201
465
60
72
4
40
33
1
58
482
409
188
617
460
13
141
177
328
666
92
74
2
587
31
382
19
199
41
9
4
369
1
653
41
227
32
76
886
166
111
14
123
64
145
65
528
966
4
181
32
4
72
125
941
576
51
25
193
61
13
722
370
111
917
291
458
757
480
17
141
566
616
33
272
269
517
26
111
8
