1
1
3
21
19
7
1
1
1
1
469
94
4
179
1
3
1
3
1
2
2
2
1
6
4
1
1
1
2
33
1
1
1
31
1
3
151
1
2
2
1
1
1
16
1
17
14
16
3
8
1
1
9
1
1
1
1
1
3
5
2
2
9
1
7
2
1
2
4
1
49
366
2
1
45
17
9
208
2
1
1
1
2
1
1
137
10
1
1
2
10
2
1
1
3
2
1
3
1
1
2
1
1
1
2
2
1
5
16
6
2
1
3
30
1
8
1
1
1
2
75
1
4
1
9
2
1
19
28
1
1
1
1
5
7
3
3
2
211
1
1
3
1
2
1
2
4
31
1
2
14
52
12
1
2
3
1
4
8
1
7
1
4
1
2
15
27
11
8
1
10
2
1
1
56
3
16
1
1
1
3
5
1
21
7
5
2
139
1
3
3
9
2
1
2
1
2
21
1
2
1
3
5
1
2
1
1
4
1
21
193
6
2
6
56
3
1
2
3
12
2
32
8
1
6
1
3
73
2
1
1
1
2
1
1
3
3
127
1
2
10
379
4
30
25
1
2
12
1
19
15
3
15
6
1
7
1
8
56
174
1
1
16
84
2
1
915
1
1
5
3
3
1
3
5
213
3
2
1
1
1
3
2
2
3
1
1
1
17
6
1
1
4
1
100
1
11
2
2
2
2
4
1
2
3
5
1
2
56
1
5
4
1
5
1
3
1
1
2
8
4
2
2
3
1
1
1
54
1
13
2
1
2
3
2
1
4
17
4
1
1
7
2
8
1
2
1
19
1
2
15
1
3
1
1
1
1
1
2
4
17
2
48
1
4
1
1
1
1
1
2
9
15
3
18
2
238
3
3
1
2
2
129
3
310
1
1
3
151
3
3
1
4
1
1
2
6
2
1
1
2
2
1
1
11
1
3
3
1
18
1
1
5
3
2
1
12
2
1
1
44
55
1
54
3
1
28
2
5
1
4
1
1
2
1
7
9
7
2
1
1
5
4
20
19
3
1
8
1
1
1
2
10
25
82
1
6
302
1
1
2
4
313
1
1
2
9
6
1
1
8
66
3
4
2
15
1
913
10
1
19
1
200
4
2
1
1
10
5
1
8
2
1
17
5
3
1
1
1
104
6
1
3
8
137
2
1
2
3
905
35
1
16
3
3
12
1
4
1
1
862
1
5
81
3
10
1
20
1
20
2
2
13
1
17
16
5
3
1
2
1
7
2
30
1
4
1
6
27
2
1
3
8
2
148
1
3
3
1
3
5
79
14
2
9
11
1
34
3
1
5
1
1
1
2
1
1
1
1
24
1
1
6
1
6
22
24
2
1
77
3
1
3
1
5
3
1
3
22
1
1
1
3
1
28
1
3
1
7
7
41
5
1
23
2
1
5
1
3
1
1
75
1
2
192
6
2
5
4
1
1
21
13
1
3
2
2
5
2
2
1
18
6
1
3
124
1
414
4
3
1
1
1
1
1
4
1
2
1
1
8
1
2
2
1
1
72
1
126
1
194
6
14
2
1
11
3
1
1
1
1
99
1
1
2
44
106
27
1
10
1
1
1
2
1
14
1
1
33
3
1
2
3
2
1
2
4
387
17
28
4
2
185
15
1
2
5
2
12
235
2
1
1
4
1
1
1
73
1
1
3
6
1
21
1
13
2
1
3
1
1
38
1
1
1
1
10
2
4
1
2
2
1
7
1
101
3
1
9
100
12
4
4
1
26
2
12
4
1
1
104
94
2
1
12
7
8
3
5
5
231
5
9
2
2
2
1
845
1
21
14
70
3
4
4
1
2
6
2
7
390
1
2
1
5
3
2
3
17
2
8
3
11
5
1
1
14
1
2
2
1
1
1
33
424
1
8
1
1
1
11
4
1
1
2
2
1
84
10
331
24
28
1
3
155
1
2
2
421
1
13
4
2
1
7
1
1
1
5
1
3
1
141
1
58
4
2
1
11
1
3
22
36
1
69
1
1
9
8
19
14
2
301
2
2
35
1
1
5
15
1
1
2
1
7
1
15
35
1
3
2
1
4
2
1
21
10
1
1
1
2
50
9
2
1
2
1
1
2
10
12
1
2
2
3
3
3
2
1
1
1
1
1
1
2
13
1
49
1
22
1
1
1
1
237
16
3
121
1
1
1
1
2
4
1
6
3
1
2
1
1
8
5
1
2
10
39
37
4
2
22
39
3
1
6
1
2
1
6
2
1
1
5
50
13
3
8
1
1
2
4
5
3
4
15
1
74
83
2
1
2
1
3
1
2
9
1
1
1
33
6
15
4
3
2
2
1
2
2
3
86
35
12
50
1
1
1
1
3
2
1
1
20
1
4
3
7
2
1
1
2
3
3
3
111
1
15
1
1
3
3
5
2
1
2
7
14
11
13
1
1
1
8
1
37
1
1
1
1
1
5
17
6
37
1
1
98
1
17
248
1
79
5
9
3
21
1
3
2
14
2
6
1
3
3
4
1
1
1
1
1
11
11
2
10
1
8
1
1
1
4
3
15
1
1
13
22
2
1
2
8
1
26
2
1
4
6
2
1
1
8
1
3
1
9
44
1
2
8
12
2
2
1
12
1
247
2
10
2
7
1
2
63
1
20
1
1
11
3
11
141
3
1
1
2
1
5
1
61
4
6
3
2
1
25
2
7
20
39
2
6
1
3
2
4
2
3
1
1
304
6
1
1
33
1
1
3
3
1
1
204
1
1
3
1
3
3
1
1
19
1
2
478
1
3
6
29
25
1
57
1
34
3
157
1
2
1
1
2
1
3
7
6
1
1
3
1
4
4
1
7
3
9
42
3
6
1
4
1
2
1
1
2
1
98
3
55
10
14
7
22
10
8
3
12
1
1
100
1
1
12
1
1
1
3
1
12
1
29
2
6
1
7
2
4
6
1
5
57
3
1
1
496
2
55
9
3
2
908
4
1
1
3
2
1
21
23
2
4
103
3
2
4
1
2
7
1
1
1
209
1
1
1
1
1
1
11
1
178
1
9
1
2
50
6
190
71
1
1
2
85
2
3
1
1
7
8
1
1
12
6
7
2
3
3
1
38
1
25
99
1
2
350
6
235
1
2
3
2
5
2
13
1
4
7
29
1
1
1
3
894
1
173
1
20
10
60
1
12
1
10
61
4
1
1
8
1
3
1
8
1
2
5
7
1
2
1
45
11
2
2
1
1
2
2
12
1
4
7
2
104
1
11
37
28
2
52
3
5
1
751
11
7
133
157
3
1
1
2
4
7
3
1
11
1
22
3
1
6
1
1
1
5
3
2
2
1
3
1
11
2
11
2
4
2
1
229
1
1
3
9
3
4
2
9
1
5
1
112
2
3
3
5
1
1
1
265
33
1
3
36
2
14
1
171
2
1
20
377
4
2
3
1
3
2
46
593
60
1
7
9
2
1
172
1
1
4
3
3
11
135
1
65
6
1
6
20
1
14
94
1
1
1
8
6
1
1
7
1
2
2
1
1
1
1
1
1
1
1
1
1
25
4
5
1
5
4
1
2
8
8
3
8
4
2
1
1
1
1
1
1
4
1
2
12
1
6
1
4
2
5
8
3
2
5
1
1
1
5
1
1
25
46
85
2
12
13
1
5
2
4
10
1
2
2
15
1
2
1
5
14
1
1
892
27
2
4
1
1
1
1
15
1
6
1
71
16
37
6
2
6
1
170
2
2
2
1
1
6
3
2
1
1
1
39
4
1
1
24
1
4
4
1
3
1
2
2
4
2
2
60
8
1
2
1
4
16
1
3
6
2
1
2
3
1
1
230
1
2
4
4
2
13
15
1
2
760
1
6
54
1
2
70
3
3
1
10
6
1
1
2
11
1
1
2
10
78
1
50
1
1
1
2
483
1
1
2
8
1
19
7
21
2
6
2
1
3
1
1
6
6
1
1
2
8
6
1
191
1
413
10
2
834
40
3
1
1
2
1
1
20
2
1
18
1
366
1
1
4
2
121
1
9
14
1
1
1
2
220
5
1
2
2
35
11
2
12
76
38
13
5
2
2
3
1
14
12
1
3
2
1
1
7
1
12
1
3
1
7
1
7
440
1
19
1
2
1
1
4
1
1
5
125
1
1
9
1
1
3
19
85
2
2
72
1
3
1
1
30
5
14
5
1
4
2
2
8
38
1
1
2
2
1
51
2
3
12
17
22
23
2
1
13
12
1
11
1
1
2
1
10
3
1
2
72
32
1
1
1
1
4
3
6
6
2
1
2
61
3
8
1
9
28
6
16
22
14
1
9
1
3
10
2
1
1
1
130
7
1
1
6
1
1
2
11
1
2
1
5
5
3
139
2
1
1
3
1
3
1
1
2
3
170
1
21
14
1
1
1
1
2
12
1
3
1
1
58
53
409
1
1
1
1
3
23
3
9
1
2
2
2
95
3
1
1
9
1
1
63
2
1
2
1
4
2
32
1
1
2
3
1
1
1
1
1
1
1
6
1
30
1
1
91
74
112
8
1
2
1
13
1
6
1
1
2
6
1
19
2
1
2
14
1
3
1
14
1
9
1
10
1
6
4
2
1
2
18
58
57
61
1
362
1
11
1
11
17
1
1
29
1
6
1
100
1
2
1
1
1
6
7
1
117
6
2
1
1
8
2
1
2
17
1
1
4
29
2
1
39
30
1
3
1
1
1
7
2
3
2
15
1
10
9
11
1
7
2
65
385
1
3
6
57
1
78
7
1
1
1
1
3
1
1
409
3
2
3
1
1
1
74
1
30
3
16
2
99
11
6
40
1
19
1
1
31
1
5
3
1
210
1
803
1
23
7
1
1
1
1
2
14
1
2
4
8
76
1
9
1
1
4
1
5
3
30
9
3
6
1
7
11
143
101
4
1
1
7
2
1
2
13
5
1
1
3
1
1
5
1
1
1
1
64
3
39
1
32
8
3
36
58
3
1
254
1
1
31
1
1
446
46
1
2
1
1
3
1
1
169
1
1
1
1
1
1
4
690
3
3
20
481
401
1
1
6
1
2
1
2
1
1
1
1
6
1
1
5
538
22
1
1
1
1
5
43
6
6
2
2
1
15
4
1
33
4
1
747
2
48
2
2
2
2
4
1
40
2
13
2
1
4
1
8
9
8
1
1
2
1
10
12
4
1
1
1
1
12
2
10
3
19
1
4
2
3
2
3
84
11
3
1
51
3
1
7
1
5
1
12
3
2
1
1
1
3
4
3
345
1
9
27
2
29
24
7
2
1
5
2
1
2
1
1
2
3
3
39
6
1
23
1
1
4
236
4
1
1
3
3
1
177
1
1
2
1
1
10
4
1
16
1
1
1
2
500
1
1
732
3
1
2
1
1
4
2
12
2
1
1
1
24
1
6
4
186
27
3
1
6
1
4
3
3
5
10
339
4
1
58
1
1
7
9
3
66
2
1
7
98
16
1
2
5
1
19
341
2
186
3
20
17
2
477
1
3
1
2
1
5
1
4
9
1
2
6
1
3
3
1
3
2
3
828
1
1
2
1
1
12
3
1
10
56
8
2
3
17
1
6
1
1
8
46
3
287
2
6
1
1
1
9
1
191
178
2
1
2
1
1
1
2
6
1
1
1
2
1
15
359
1
6
1
18
1
1
2
379
1
1
1
4
1
1
1
1
1
1
1
1
2
8
2
8
3
6
7
3
1
4
1
4
1
2
1
35
12
3
1
1
9
1
6
29
5
1
79
1
2
5
81
36
6
1
23
46
7
2
12
1
1
1
27
3
1
10
4
1
5
1
1
10
1
11
294
1
1
2
1
202
2
4
1
6
11
15
1
1
1
6
1
2
1
1
1
2
5
1
4
1
255
3
1
3
1
1
1
3
2
57
4
2
5
5
3
26
1
3
47
6
8
80
1
5
2
4
1
5
4
1
166
822
5
1
10
11
4
2
18
3
73
1
6
1
1
14
2
1
1
51
2
2
1
1
17
91
5
1
1
1
21
1
1
1
25
2
1
19
35
12
1
490
1
1
174
3
1
3
1
24
7
75
39
5
5
1
1
1
11
6
1
3
1
1
1
6
1
6
2
2
4
1
2
5
2
1
30
2
2
1
6
50
1
1
7
1
1
3
8
2
2
9
17
5
4
4
4
2
3
4
1
1
2
161
3
4
10
1
1
16
219
1
18
8
9
1
1
1
2
2
13
3
378
3
1
1
122
3
7
1
1
3
13
1
2
20
1
1
1
2
52
13
1
1
95
1
1
1
1
179
2
12
3
8
1
10
4
1
10
3
1
14
2
804
1
1
1
1
6
7
1
17
432
2
1
1
7
6
2
1
1
1
2
2
5
223
1
9
1
4
62
3
5
1
3
8
21
2
7
1
1
1
8
49
2
1
1
2
1
1
90
1
1
14
1
1
2
4
7
1
3
9
1
1
1
6
1
1
21
22
5
2
1
5
5
1
5
6
6
4
1
7
22
1
3
232
1
1
2
14
90
2
1
1
1
8
3
1
2
1
1
1
1
9
5
1
1
1
1
1
34
9
2
1
1
652
4
36
9
1
1
1
2
1
2
1
1
4
121
1
2
6
1
3
2
10
8
29
3
1
48
1
12
1
1
3
1
146
2
4
186
5
42
1
45
36
3
1
2
1
2
1
8
1
4
84
2
1
1
5
4
16
4
1
1
248
1
2
6
1
5
1
1
47
431
2
1
4
2
6
4
1
18
2
1
106
6
78
2
2
1
27
3
1
4
3
1
37
1
459
1
5
5
3
13
3
3
2
3
1
1
3
1
4
6
1
4
2
1
1
5
848
1
1
2
1
2
1
63
1
24
3
9
828
1
1
1
117
1
1
1
1
2
3
13
2
2
54
1
4
1
1
1
1
19
1
30
2
1
32
1
1
298
2
2
13
63
1
5
2
215
1
1
1
2
11
3
4
10
1
1
8
11
1
1
36
1
1
14
1
525
1
34
1
2
2
9
4
3
6
2
1
3
6
2
2
3
9
1
1
9
125
13
1
1
4
56
4
10
1
1
1
1
5
1
67
1
1
1
3
1
1
139
1
25
1
3
3
2
2
2
1
1
8
2
13
1
1
28
2
1
6
3
5
1
4
1
1
25
1
75
3
2
1
4
11
2
4
9
3
4
7
1
87
1
1
1
5
1
2
7
30
19
1
9
1
1
23
1
1
464
1
2
10
13
6
5
1
6
1
116
19
38
2
1
1
1
67
2
89
2
2
3
1
1
4
5
10
1
2
1
1
129
5
2
2
1
1
18
1
2
8
1
1
1
12
2
6
594
1
1
180
1
154
2
4
6
2
15
2
1
1
19
2
1
1
1
9
88
5
2
10
1
1
2
1
1
3
2
4
7
18
1
4
2
2
2
11
18
1
1
2
3
1
2
2
1
2
11
1
1
6
4
2
1
1
1
7
133
3
3
6
1
2
1
1
15
3
54
3
13
1
6
1
1
8
2
96
1
39
11
36
7
11
2
6
4
2
1
2
140
1
4
140
5
1
1
1
13
1
2
5
63
11
12
10
1
2
2
7
4
4
47
3
1
2
2
1
8
2
1
71
1
1
1
143
3
9
1
5
4
1
4
9
1
1
1
1
1
22
3
1
1
5
1
5
8
2
1
2
2
4
39
8
1
11
2
12
2
1
7
2
1
1
1
1
6
37
1
17
4
1
2
1
20
1
2
1
1
38
1
159
1
1
1
314
16
12
2
80
2
46
120
13
1
9
2
1
130
1
1
1
2
2
3
1
1
1
15
2
1
1
5
1
2
1
1
18
1
1
3
1
2
1
98
1
9
3
1
366
1
1
2
99
1
1
1
3
1
1
3
4
442
1
71
1
2
1
3
15
2
1
1
441
1
10
4
1
4
41
2
2
2
1
4
2
2
1
1
2
1
1
2
52
2
7
3
5
112
1
7
2
1
3
671
1
2
42
6
21
1
1
1
3
1
5
29
259
24
1
10
12
11
7
1
1
1
3
1
118
1
29
1
1
16
1
1
2
1
3
36
2
18
1
11
46
107
4
630
4
4
2
7
47
56
2
1
21
13
5
1
1
62
33
2
8
215
5
2
1
9
1
2
29
239
1
1
1
1
2
2
1
2
1
10
1
12
20
2
1
5
2
3
1
4
17
2
2
18
1
1
1
569
60
4
3
3
1
10
23
4
166
45
2
5
1
1
1
5
1
525
15
2
1
17
1
1
14
3
8
1
3
1
1
2
4
2
2
1
1
73
1
1
8
25
1
5
43
7
1
11
5
5
2
2
5
4
1
6
1
162
282
1
11
840
1
2
40
22
1
1
1
4
683
1
1
7
1
32
1
1
1
2
2
13
1
1
5
11
3
3
3
1
2
1
8
1
1
2
1
5
15
1
4
1
1
1
1
1
7
15
8
22
2
10
7
7
28
5
1
63
17
11
5
2
1
1
3
2
1
4
5
1
27
2
3
2
121
1
1
3
20
2
3
1
1
1
1
9
39
1
3
3
6
1
7
1
1
1
1
2
3
1
6
1
1
2
1
3
4
1
1
2
8
1
402
1
3
1
5
5
16
6
121
25
2
3
2
3
2
1
374
3
3
1
13
1
1
1
3
1
4
1
2
3
1
1
3
1
2
1
1
72
1
1
3
1
1
3
4
29
2
1
3
1
1
3
4
4
1
2
1
17
32
1
1
1
2
2
33
14
5
16
1
4
2
1
1
8
1
1
2
28
42
3
3
2
163
1
18
3
2
1
1
10
80
1
4
1
31
3
15
2
2
1
11
11
1
11
62
1
7
1
3
1
14
11
1
1
23
2
160
7
5
121
9
1
1
1
8
22
1
3
1
1
4
3
43
12
2
1
2
1
3
3
30
47
1
1
1
1
8
1
1
1
4
6
1
4
7
1
1
1
2
35
3
1
5
1
1
6
6
1
1
9
1
3
2
1
1
1
1
172
1
1
10
134
11
60
3
2
1
4
35
9
2
2
1
43
31
4
3
1
50
7
123
6
7
1
180
3
13
9
1
4
1
1
5
1
4
1
2
3
2
1
3
1
9
1
1
84
1
1
1
1
2
1
1
9
1
1
1
6
1
469
32
7
17
4
176
1
1
7
4
2
28
8
2
1
6
1
1
6
343
2
1
1
2
29
11
46
1
4
1
1
1
75
4
23
1
11
2
1
2
10
1
111
1
773
315
3
17
5
8
1
1
4
91
1
1
1
2
1
1
17
59
1
1
1
562
2
5
1
1
1
1
2
1
71
1
9
3
126
2
1
3
129
1
5
5
5
817
1
34
1
2
6
2
1
36
2
7
1
8
1
1
84
2
9
1
1
2
286
2
16
1
1
2
2
182
1
1
1
4
26
1
1
3
102
3
8
7
1
1
1
1
1
72
1
649
6
139
9
10
10
3
6
136
10
1
4
1
1
9
1
2
38
16
1
43
43
1
16
39
148
12
1
1
1
1
4
1
4
704
1
2
82
1
1
5
1
3
15
3
1
1
23
3
2
1
2
1
3
1
91
1
145
387
1
338
1
13
3
286
1
1
1
5
4
2
4
411
3
1
1
36
83
6
1
1
10
1
1
1
8
1
1
1
2
1
1
1
24
14
1
4
1
2
1
1
1
2
1
19
1
2
8
1
1
7
67
4
2
2
10
1
33
4
6
1
1
1
6
9
88
4
1
360
2
19
7
213
3
6
1
2
2
1
629
756
3
262
13
6
9
6
7
8
20
1
2
5
203
1
3
4
2
1
1
211
1
1
2
1
2
15
1
12
2
49
1
18
1
1
7
1
1
10
3
41
3
1
7
4
2
2
797
4
1
1
2
2
16
107
2
6
1
1
1
18
1
42
1
1
1
3
2
88
1
44
1
6
158
7
1
3
1
9
5
1
1
40
8
59
1
3
1
35
3
1
34
1
1
3
1
2
1
1
1
1
3
1
1
1
2
2
2
123
28
52
1
7
14
1
14
146
1
3
4
3
3
1
3
11
8
14
2
1
1
810
162
6
2
3
1
1
449
1
1
208
1
1
1
1
8
89
1
6
1
1
3
2
2
1
1
14
1
3
1
1
1
2
4
1
1
1
1
1
1
1
4
6
1
1
1
3
1
1
3
4
1
1
1
1
3
1
1
14
4
12
2
5
5
1
157
2
4
1
1
17
1
1
1
1
3
2
3
7
295
1
5
3
8
1
1
6
1
1
1
9
1
22
1
1
8
2
26
8
5
1
11
1
1
1
2
7
1
2
12
1
1
4
21
7
256
33
6
4
1
1
1
19
46
1
1
2
1
3
1
2
79
12
2
9
180
1
6
112
1
3
2
25
2
2
1
11
3
1
3
4
1
1
1
1
25
7
1
2
8
1
1
1
14
10
11
18
1
11
1
1
3
1
1
3
6
16
1
1
2
25
14
243
10
33
1
3
4
1
4
561
1
206
4
15
1
33
8
98
2
2
7
4
1
3
36
1
3
7
2
2
7
2
1
72
1
1
2
2
16
23
1
5
3
1
1
2
1
64
1
1
20
3
2
705
1
9
42
206
1
4
1
15
1
1
2
13
326
2
4
18
6
15
3
83
1
21
1
1
1
48
9
1
8
8
15
8
4
1
295
1
2
3
1
4
4
1
1
1
1
198
1
12
2
4
2
5
1
1
6
2
442
8
86
41
2
6
2
9
9
1
2
1
3
2
4
1
2
1
2
5
9
1
9
6
4
6
3
1
1
4
41
1
3
1
1
14
547
6
2
1
1
2
1
15
24
2
1
2
8
7
3
2
1
1
1
5
7
4
1
4
7
760
6
1
3
1
2
1
8
1
2
30
14
1
1
1
3
1
1
1
16
2
1
7
10
363
11
21
2
2
1
1
2
4
1
1
2
9
1
1
1
19
25
71
453
4
9
52
2
1
4
7
2
2
1
1
1
1
1
3
1
6
1
1
7
2
1
1
2
2
2
294
24
23
2
29
1
1
1
3
1
2
6
1
9
2
1
51
5
1
1
1
2
1
1
6
1
236
1
1
5
10
1
4
1
2
1
44
5
4
1
1
1
9
1
2
17
1
2
1
82
12
1
1
1
3
3
1
2
105
5
2
1
38
113
219
3
3
1
1
1
1
3
1
7
1
1
2
200
1
9
3
6
1
43
3
1
8
4
28
1
1
2
1
154
1
3
69
1
3
1
1
1
266
1
2
1
1
2
1
39
2
7
10
6
326
14
2
1
2
2
4
1
1
2
2
1
2
1
2
5
1
1
26
3
6
5
1
1
4
3
1
10
2
1
1
8
1
1
1
9
1
27
5
30
14
1
1
76
1
2
