802
165
606
920
956
922
115
453
377
669
666
470
988
458
338
957
422
623
408
585
315
719
455
624
318
622
751
846
379
909
497
675
920
357
452
395
501
782
267
920
412
261
741
936
498
688
467
445
952
413
300
17
82
990
958
324
921
820
842
56
190
836
304
107
972
904
615
725
148
84
275
855
263
922
140
768
748
271
701
970
525
788
107
244
210
48
68
784
99
386
888
546
594
297
416
6
259
482
819
975
839
291
997
148
90
153
570
969
368
240
958
1000
888
142
717
958
496
379
809
543
920
860
211
661
744
826
86
514
676
298
969
143
387
666
991
471
609
635
572
511
709
979
484
166
802
696
46
194
651
540
608
985
547
583
594
987
659
987
681
964
82
594
34
943
109
988
882
70
285
43
28
79
393
55
255
31
137
598
892
36
767
588
340
211
48
363
751
670
472
550
466
256
339
196
678
612
83
519
120
39
894
171
418
726
312
754
689
83
17
54
130
456
130
861
940
620
360
965
528
378
556
933
483
536
532
267
68
352
394
733
892
849
858
741
277
850
289
384
142
314
596
992
935
489
419
996
22
592
815
98
999
897
563
916
628
59
446
893
651
151
932
871
490
164
370
602
882
553
498
176
89
409
513
583
118
495
828
100
201
143
65
40
509
96
929
653
768
300
451
984
28
461
27
248
629
307
605
976
744
658
713
8
590
144
526
804
100
560
845
102
981
500
330
16
272
94
481
117
818
746
683
216
202
648
241
671
78
802
20
206
77
973
789
655
188
355
827
685
842
806
633
532
571
333
508
516
731
709
896
937
732
174
878
356
897
504
340
53
572
788
767
198
83
342
659
172
58
682
749
756
263
799
831
160
967
656
651
664
151
751
164
686
139
733
22
587
497
925
230
880
890
117
612
434
189
149
322
785
745
18
85
393
495
524
734
796
815
496
686
681
157
222
935
337
683
757
270
526
685
269
316
436
949
393
746
450
542
455
192
519
952
624
260
134
446
187
56
124
575
923
702
364
119
733
818
827
503
760
804
317
669
971
479
253
396
57
467
776
564
668
4
399
581
515
725
248
835
202
318
997
587
548
203
539
437
773
264
563
994
925
612
133
300
520
38
707
415
558
960
51
219
820
937
97
34
552
735
886
62
388
485
493
313
247
379
558
523
520
189
769
130
964
352
274
254
619
950
605
747
503
119
971
622
46
781
72
832
425
534
341
635
147
254
759
496
970
582
621
229
70
19
269
297
64
596
383
453
624
246
320
870
807
309
638
778
996
234
772
797
218
71
628
108
307
291
398
961
721
348
825
945
291
95
155
683
21
595
339
118
220
201
737
822
342
391
55
766
306
415
774
705
986
493
849
641
890
530
825
428
281
47
617
76
248
756
245
308
502
653
577
426
241
557
332
429
465
213
526
886
304
907
833
887
33
348
49
496
663
108
573
173
31
129
640
766
843
613
82
697
472
686
70
638
524
656
246
631
510
440
235
118
897
933
688
766
617
102
880
6
528
740
332
991
897
900
597
291
540
27
223
215
458
342
648
148
794
82
960
597
272
723
589
665
198
542
740
939
718
440
815
782
317
971
998
712
709
922
951
107
174
980
785
785
335
616
60
341
658
339
342
498
785
372
816
839
264
432
776
16
564
611
83
145
919
786
862
358
834
599
914
500
90
921
553
166
864
12
961
433
254
500
657
731
268
974
393
770
351
82
392
957
212
448
801
804
823
660
786
212
542
69
755
35
209
121
798
269
613
855
298
431
351
122
835
634
449
644
874
523
789
729
194
692
33
278
927
873
567
81
169
72
641
183
383
605
830
729
445
849
647
617
959
135
446
359
314
385
237
993
599
603
861
586
279
505
849
630
76
147
931
219
769
552
704
439
189
371
688
3
134
826
243
325
486
901
215
271
440
819
295
58
550
134
261
736
98
392
443
987
416
528
193
972
829
22
245
544
389
36
494
822
883
930
227
370
357
599
314
317
53
403
438
394
191
963
320
75
459
692
925
266
113
523
123
871
650
542
938
218
207
228
262
574
807
77
837
203
689
605
823
31
949
387
471
384
503
556
501
344
18
981
639
250
843
408
850
951
416
100
588
171
783
855
100
193
829
702
69
613
905
231
636
315
41
108
410
324
48
447
602
151
24
302
801
691
572
947
423
348
965
4
839
585
983
915
461
958
396
825
688
172
120
601
464
290
52
938
919
539
743
543
426
572
192
105
353
446
236
713
123
246
221
670
464
667
617
994
147
36
710
511
698
217
29
727
486
772
724
735
457
292
876
379
873
456
374
475
220
453
277
77
293
195
881
961
906
700
736
607
588
304
342
316
306
394
350
571
475
444
208
229
74
938
950
137
460
704
684
458
134
855
365
759
301
413
421
713
374
951
582
266
174
969
891
251
599
321
557
925
929
686
251
581
183
819
418
990
321
846
862
754
826
653
978
858
700
36
948
774
593
477
69
167
578
5
102
371
124
687
691
58
717
312
970
615
79
32
644
493
162
262
445
834
245
110
916
411
642
122
678
740
52
305
48
339
476
70
680
124
479
767
632
282
175
846
415
136
402
416
26
756
685
717
594
987
157
584
172
821
833
543
98
764
82
748
933
862
141
234
699
971
988
900
771
736
774
410
13
920
854
847
912
935
7
889
391
133
690
422
387
583
62
151
848
416
621
740
400
288
255
60
577
292
295
854
625
63
258
580
966
132
100
282
753
653
691
468
64
917
747
428
502
588
526
176
651
305
419
871
742
476
85
796
103
171
721
804
349
14
270
456
426
267
742
192
480
519
450
178
618
886
140
704
163
1000
808
313
733
861
993
698
734
300
582
834
762
410
881
150
520
362
661
454
166
392
894
814
690
85
920
410
529
844
136
287
644
499
372
867
779
668
418
756
40
380
187
759
559
45
805
282
183
384
918
465
913
663
645
750
116
613
948
921
236
38
941
907
645
38
294
190
633
40
766
404
700
346
343
634
954
277
221
611
419
75
704
670
110
59
936
749
216
861
133
644
618
764
249
873
155
556
26
844
942
879
702
462
50
938
488
443
105
370
715
683
43
430
526
839
970
382
436
903
941
401
58
583
767
133
993
154
524
890
247
542
598
372
107
512
260
977
768
605
476
759
448
809
230
364
681
629
82
719
368
233
482
708
348
581
216
203
890
418
521
940
837
933
702
216
277
917
199
560
680
475
546
741
535
827
898
278
726
772
672
102
650
752
613
536
310
791
264
238
595
494
323
927
768
927
107
128
800
435
235
317
577
277
491
905
195
83
277
907
295
882
886
545
78
740
801
964
269
54
727
443
285
415
464
707
347
199
474
496
990
688
988
687
389
577
837
55
540
159
868
363
379
144
362
914
23
238
603
877
206
265
952
409
800
166
265
703
420
746
153
35
122
704
695
914
943
923
623
626
705
454
203
972
854
125
130
43
735
299
784
940
494
560
173
766
166
907
949
341
759
193
940
2
113
147
19
777
453
695
716
235
854
547
600
49
288
125
169
960
276
604
983
357
218
567
982
3
309
899
127
932
567
39
721
296
823
676
603
589
170
888
664
521
613
647
261
20
369
447
972
864
182
851
1
991
249
832
973
750
378
120
465
273
567
635
173
735
432
136
669
120
177
404
839
129
446
447
592
3
40
331
375
872
587
237
587
156
29
637
373
763
731
490
405
389
960
64
452
38
115
304
666
323
152
802
27
31
560
304
396
943
599
104
947
271
671
563
516
878
719
761
945
961
57
987
493
110
165
929
857
184
397
400
94
83
320
432
381
64
530
458
389
657
926
814
757
341
773
492
962
823
605
858
100
909
196
28
969
22
273
414
862
342
424
776
387
692
278
597
873
357
356
186
930
494
78
627
467
90
433
483
638
524
432
668
617
110
308
637
573
572
247
717
207
949
992
746
712
1000
545
585
812
754
96
928
677
658
63
708
433
867
602
95
935
527
646
198
291
86
33
686
597
274
484
719
713
566
881
198
397
342
606
674
703
523
203
608
898
355
455
228
53
988
787
866
821
630
32
424
238
305
293
733
701
491
475
147
437
619
42
420
423
744
323
748
329
573
722
649
115
779
57
198
92
434
425
985
320
476
560
417
501
749
421
405
981
402
811
370
839
841
303
100
749
323
236
569
536
825
70
475
610
434
714
898
102
771
124
766
116
862
814
266
897
679
388
223
313
303
193
662
7
147
725
618
15
104
681
175
601
456
818
587
932
255
912
820
192
216
184
241
435
338
65
344
396
851
914
300
366
127
963
291
749
860
166
895
202
794
978
895
946
63
191
551
870
135
545
313
991
45
98
98
219
379
272
226
987
482
94
882
977
910
231
565
683
354
784
296
678
161
531
697
392
759
527
100
184
880
928
144
348
166
154
732
251
825
140
928
935
701
718
418
908
491
763
59
746
25
212
704
866
81
943
951
719
729
281
358
15
538
988
664
14
502
113
806
859
267
823
708
328
595
702
346
930
27
52
403
981
227
782
448
826
306
967
742
14
430
123
211
788
466
403
887
697
605
705
171
511
758
617
314
975
417
625
97
885
353
470
332
160
8
257
297
198
314
680
484
592
469
708
207
507
454
146
275
901
685
380
512
669
203
192
488
721
108
485
377
293
788
270
915
667
185
583
737
290
481
879
268
914
13
604
378
944
269
115
353
424
617
395
342
87
577
777
779
286
539
210
21
29
392
111
597
843
254
597
437
713
279
397
233
295
769
407
381
882
839
354
417
71
21
494
199
732
458
497
688
311
174
424
650
65
134
456
380
407
892
759
343
363
832
206
124
696
534
568
645
383
531
994
698
680
698
762
978
143
72
644
337
897
121
662
579
403
366
991
192
5
414
596
870
981
242
849
509
679
184
802
130
650
85
854
593
831
3
448
499
158
22
253
986
664
194
7
541
182
852
478
487
684
346
509
635
596
967
699
452
244
333
474
60
781
162
909
935
348
283
405
725
484
842
247
627
294
799
752
821
452
459
811
809
574
184
957
406
473
887
944
637
181
302
899
82
784
265
889
238
880
240
122
981
332
926
26
636
853
777
532
798
906
382
123
455
612
598
278
323
51
50
864
249
635
827
895
682
233
465
95
903
294
705
96
357
415
729
85
868
63
64
76
669
235
682
558
547
296
860
1000
316
628
174
336
426
116
245
467
778
235
893
215
876
15
879
382
642
882
714
612
389
128
123
942
556
687
728
734
614
631
101
975
504
603
476
15
965
367
453
334
537
413
559
44
881
643
52
541
365
405
494
376
981
723
770
845
834
654
960
526
580
514
28
580
360
651
181
994
381
395
362
95
140
29
27
645
16
224
666
264
627
790
62
81
426
858
239
27
558
55
533
506
173
484
952
777
531
168
147
703
407
3
41
923
129
709
348
901
909
953
923
528
820
795
652
745
863
92
97
250
422
90
918
269
723
68
835
88
323
904
2
531
568
329
581
890
686
445
580
968
114
760
637
819
121
612
622
347
966
492
982
375
101
110
165
668
469
87
922
375
709
248
817
255
900
410
174
588
859
591
380
355
266
481
489
365
880
530
232
324
36
972
316
68
712
188
588
400
214
581
640
735
469
536
225
217
63
253
159
884
180
747
741
904
923
557
721
625
132
88
332
505
498
305
316
90
216
55
946
363
487
906
539
771
595
46
378
908
140
840
4
27
494
671
893
608
247
731
598
109
726
730
100
147
871
379
854
308
959
950
44
527
355
113
405
864
135
784
866
637
210
36
841
589
944
228
321
196
162
359
912
482
465
209
155
867
339
539
691
179
912
782
730
184
907
403
646
686
21
791
315
796
974
745
127
891
72
354
936
933
406
757
527
207
890
282
325
743
656
738
665
175
458
468
915
767
610
683
763
98
918
907
704
23
789
984
329
863
825
600
635
697
705
40
521
83
489
883
712
335
397
38
732
904
939
262
322
16
125
587
763
246
1000
270
222
618
544
559
215
48
718
94
423
226
516
652
201
772
285
608
352
229
836
361
170
570
597
569
993
683
894
628
471
654
542
246
74
155
262
46
437
182
674
661
552
96
215
319
668
336
734
321
973
17
613
947
24
92
819
616
363
836
226
945
882
666
323
957
804
641
147
81
718
195
869
866
57
741
763
934
277
468
872
615
598
453
605
871
82
321
296
979
617
5
195
140
548
5
664
986
510
223
55
987
553
717
699
955
440
698
517
809
662
819
226
873
847
563
52
872
534
915
751
26
625
251
210
286
510
215
627
321
904
799
986
527
945
192
171
257
584
967
631
449
517
224
544
332
731
396
15
124
459
813
481
844
623
659
205
179
494
72
558
762
36
814
766
99
609
200
888
174
419
189
499
798
880
431
725
36
930
859
200
749
455
99
827
317
542
765
28
296
24
511
204
300
14
148
591
142
947
911
234
738
943
799
158
471
383
372
294
912
661
101
754
158
37
919
974
319
714
7
561
869
158
360
676
345
439
648
604
596
974
805
607
101
481
870
322
635
630
838
969
730
100
34
189
651
483
280
397
653
206
690
781
272
555
504
399
489
361
372
80
757
260
64
781
601
980
315
932
462
188
494
20
862
987
315
921
60
57
161
484
35
878
784
182
62
595
947
342
119
348
93
44
21
787
288
267
797
740
617
551
954
805
63
274
172
517
718
501
598
441
396
510
118
653
190
306
490
529
23
880
857
336
252
261
642
586
456
259
332
197
441
619
253
460
349
534
993
619
874
889
207
101
692
12
421
279
855
634
220
69
412
49
670
945
134
376
840
255
783
510
607
262
466
951
337
737
833
75
116
805
256
265
943
804
422
290
200
56
294
320
162
804
637
443
776
957
498
683
648
752
545
700
458
572
836
938
565
296
790
628
752
906
916
643
695
512
12
836
189
755
339
458
115
967
511
820
277
580
891
364
547
819
64
239
18
274
564
784
604
897
121
292
437
500
901
958
551
140
83
709
225
77
462
402
267
945
935
918
288
893
411
781
786
67
21
836
906
583
877
120
327
644
867
93
824
586
585
153
609
659
410
691
609
271
312
564
863
954
849
444
18
97
856
642
192
887
901
229
691
108
305
738
490
43
343
930
963
860
468
33
762
672
83
235
450
120
505
460
630
19
845
551
972
883
958
492
911
587
604
828
243
33
529
65
261
936
535
28
832
937
172
187
860
470
158
318
399
398
182
714
335
844
865
588
962
397
277
83
813
900
98
268
357
89
48
838
256
829
143
238
207
111
240
824
70
580
702
672
347
265
187
696
688
664
44
226
116
800
995
204
907
893
666
588
64
473
839
759
601
613
143
97
590
240
417
673
614
816
331
148
93
665
122
984
585
991
684
18
893
967
210
537
985
17
981
899
137
123
768
81
549
407
409
761
406
647
59
662
324
920
120
10
913
728
69
404
174
906
624
332
450
489
885
886
636
896
784
168
450
40
125
231
140
277
56
103
128
688
586
826
921
604
427
600
549
394
490
225
689
315
718
58
792
498
820
123
563
632
832
308
501
370
321
524
578
420
268
724
960
248
21
726
433
108
188
654
553
369
426
153
823
506
797
175
804
696
988
423
839
224
217
585
2
878
326
506
675
67
783
652
758
371
606
507
288
140
501
832
727
921
159
150
507
317
812
670
67
889
852
590
306
255
982
984
453
554
269
518
792
677
816
873
353
604
453
779
369
494
202
622
576
523
569
864
817
401
25
35
57
737
680
586
220
99
78
145
963
413
238
448
46
436
186
975
202
235
942
378
269
175
168
694
47
238
551
316
400
329
829
724
502
320
815
583
632
749
454
808
768
339
514
780
498
609
186
658
895
560
288
636
417
573
806
889
591
420
259
554
158
119
142
244
356
982
457
289
112
224
958
714
780
437
152
898
51
565
66
374
723
170
93
590
488
590
323
510
151
926
142
340
536
186
370
57
391
25
502
113
855
47
690
7
442
799
165
528
887
504
145
700
471
495
772
702
899
253
810
860
215
769
855
880
117
810
541
20
733
530
57
438
428
713
203
66
406
205
918
688
623
401
120
766
434
64
749
568
745
268
978
479
471
754
74
367
580
278
996
788
936
554
43
952
664
206
3
905
863
226
64
702
269
706
286
328
359
658
904
423
194
701
647
947
995
445
939
821
333
957
34
945
794
292
260
446
152
982
95
153
629
107
890
624
107
673
653
735
757
143
858
765
552
433
636
424
998
363
99
601
435
984
216
165
490
342
571
488
368
967
62
917
706
116
859
16
557
813
985
60
516
276
645
366
672
30
769
342
258
402
849
780
224
77
691
813
56
533
672
173
824
227
869
981
488
774
200
131
475
267
965
704
5
150
501
805
164
195
994
263
457
403
633
125
328
981
381
138
349
773
891
61
375
128
705
288
530
86
372
672
758
9
215
721
148
665
879
691
4
152
592
266
836
996
455
783
579
354
404
294
648
974
59
891
730
345
811
507
144
230
836
155
195
381
541
937
496
625
999
470
133
189
999
848
429
750
588
842
713
547
827
309
473
245
106
121
198
324
371
320
446
852
739
392
66
638
4
816
49
179
969
214
416
851
278
444
468
674
978
643
524
123
224
742
117
644
330
331
806
769
430
415
19
700
333
736
880
320
366
313
234
630
867
21
237
442
481
811
635
87
217
809
88
871
882
923
718
879
891
718
182
294
528
779
902
517
346
43
156
308
341
477
304
942
203
154
127
437
966
770
968
203
340
535
13
767
489
79
993
430
481
18
958
525
997
190
198
261
162
632
973
148
181
213
945
332
430
370
373
308
687
394
999
794
934
315
346
363
449
361
769
552
27
371
269
61
495
187
52
879
777
751
622
207
940
938
597
594
285
962
377
349
391
510
901
406
600
819
645
810
34
876
417
254
818
28
823
704
438
646
635
203
634
8
663
589
884
211
171
782
104
411
713
957
71
480
116
797
882
475
931
276
553
47
811
281
463
396
805
157
760
640
163
600
544
874
253
556
514
544
677
704
57
911
565
105
346
776
928
902
864
136
275
476
507
49
60
763
786
701
454
430
654
842
126
803
985
469
948
683
339
656
930
306
119
500
83
410
749
408
755
686
23
877
910
38
5
156
900
183
645
189
674
450
420
662
936
695
550
659
90
346
19
265
19
348
831
169
778
648
258
953
683
222
780
747
540
331
640
583
135
649
889
343
267
263
722
119
788
764
977
1000
14
767
743
924
558
134
221
600
820
589
301
288
220
442
167
740
922
548
438
841
978
272
947
383
836
435
217
268
226
241
837
184
297
456
965
821
983
153
410
94
410
654
693
66
293
328
152
903
961
857
550
873
558
858
644
506
358
237
90
534
160
427
675
601
907
9
858
319
530
965
219
598
205
172
544
458
663
878
933
468
767
483
510
314
505
871
339
59
428
574
199
491
297
457
172
118
215
649
96
10
888
974
250
489
534
990
152
713
812
431
119
670
771
890
874
663
297
546
534
833
331
523
13
655
248
550
152
65
572
971
908
327
72
968
1
58
107
303
935
21
686
417
235
628
572
676
52
863
802
617
922
907
417
476
946
205
824
419
636
925
412
541
989
307
832
912
276
634
286
248
723
67
58
828
440
949
555
150
932
897
178
60
248
249
802
614
494
11
828
280
855
448
835
3
959
835
74
185
386
626
806
704
336
741
422
493
996
388
372
487
569
210
983
955
204
890
116
790
966
486
995
787
721
908
864
218
732
260
537
226
516
487
876
825
563
806
118
68
217
638
376
836
610
790
468
802
764
888
893
645
778
620
387
878
609
333
818
327
964
862
803
992
176
377
224
844
555
691
707
808
152
371
116
459
221
84
728
847
113
597
126
555
948
512
710
857
77
94
374
502
914
803
81
710
664
70
715
363
515
370
892
175
595
160
373
902
868
741
307
738
264
42
263
3
141
838
807
389
158
763
473
956
964
742
899
477
330
618
349
177
453
148
477
708
168
111
568
99
364
514
338
688
12
46
839
758
656
892
734
892
323
509
830
743
964
61
949
507
321
807
707
6
245
418
366
304
695
504
60
230
529
496
879
429
381
202
719
87
26
235
757
420
869
122
720
923
765
585
404
37
215
742
401
735
320
745
695
601
790
207
624
301
398
217
892
272
448
473
107
187
190
870
155
882
287
678
904
49
781
802
929
519
759
237
398
176
482
966
400
280
497
796
149
871
301
179
325
859
806
282
131
854
528
758
849
4
890
455
508
501
983
739
915
774
419
549
37
492
602
459
641
510
708
284
448
537
969
698
311
671
281
965
267
237
583
835
746
920
176
366
580
581
31
125
627
876
419
157
942
730
446
60
979
549
375
659
654
748
721
330
485
278
140
837
483
825
851
691
671
857
731
179
806
108
295
984
156
727
348
170
412
725
668
87
785
367
23
677
565
235
955
915
370
625
753
922
8
129
817
402
503
10
370
251
665
587
283
869
135
457
783
425
125
319
354
519
946
388
372
648
587
919
340
986
421
807
51
750
399
170
639
879
345
235
884
648
33
892
222
71
157
41
193
724
370
569
404
757
865
639
782
324
625
451
827
217
102
935
986
430
421
969
901
255
354
475
638
546
279
747
720
492
167
644
254
563
650
118
80
529
738
837
72
39
415
287
711
515
897
30
547
745
249
90
779
63
795
907
643
412
442
747
967
739
749
274
370
565
735
384
484
842
374
514
322
41
240
542
888
256
595
694
263
574
445
726
354
175
201
843
283
146
909
365
605
330
685
396
503
856
334
322
823
179
136
563
708
102
424
506
756
93
143
140
349
59
624
454
185
636
170
377
770
982
220
624
740
392
636
318
307
210
873
849
351
303
96
880
808
609
559
258
562
164
192
901
434
10
720
417
173
766
543
196
705
278
184
111
191
421
796
885
167
19
635
469
405
72
929
75
409
831
102
126
402
319
303
957
252
330
37
119
429
635
492
42
417
742
880
287
964
459
208
818
798
592
86
504
648
526
177
292
212
507
687
737
86
978
219
891
136
834
655
349
376
355
469
457
930
453
687
375
895
955
487
529
620
799
200
165
537
634
21
614
876
422
468
808
613
156
647
795
468
146
735
708
37
56
414
859
439
33
807
397
750
731
179
44
667
932
158
12
37
697
906
43
953
963
40
158
167
571
754
581
439
354
427
373
582
641
607
489
194
244
618
432
555
655
959
67
475
209
405
990
126
226
587
293
712
397
439
136
521
964
531
76
404
835
753
78
204
575
375
277
749
936
459
757
816
556
909
127
249
935
258
560
402
210
6
308
925
899
536
758
124
599
114
442
233
900
287
672
47
535
453
880
190
170
533
183
397
183
968
873
624
178
964
738
226
468
110
529
921
221
25
474
849
205
382
638
987
936
896
750
390
208
334
969
196
726
22
476
811
459
137
68
511
642
441
858
79
954
578
122
299
178
870
165
267
431
600
283
446
270
128
308
313
687
986
307
344
923
207
595
738
322
1
805
685
312
344
992
916
4
488
551
241
896
551
156
14
847
509
209
957
921
639
192
844
227
851
918
276
807
403
968
533
332
354
562
847
164
699
750
625
285
705
62
89
5
704
850
315
143
909
386
280
980
452
844
871
256
92
288
272
312
347
282
713
2
492
920
637
245
957
52
204
447
993
828
148
543
109
633
348
735
374
661
732
262
944
26
576
53
190
526
219
267
281
784
86
153
69
352
637
354
333
395
200
293
963
245
678
703
313
719
258
608
309
236
568
916
554
918
352
588
234
919
399
242
912
928
703
89
374
193
722
205
116
126
664
798
688
719
546
786
27
301
960
750
410
750
554
784
543
361
271
105
284
923
581
15
634
166
11
511
356
301
166
977
508
609
904
358
902
995
436
218
181
477
25
142
962
897
167
291
362
707
678
127
202
682
248
101
657
74
822
241
477
124
302
238
961
379
544
405
756
154
955
259
363
315
996
410
150
58
544
74
550
375
239
870
836
573
168
446
105
631
937
597
797
772
250
777
566
992
67
617
52
373
289
675
148
323
541
115
548
68
912
902
424
760
297
160
70
905
87
640
111
464
48
65
778
171
723
788
313
439
328
859
942
777
849
659
184
450
554
222
579
293
68
76
188
827
675
82
845
571
881
480
277
296
541
597
317
773
736
857
454
11
576
449
303
222
210
771
186
279
79
266
902
108
120
677
994
924
428
727
526
296
150
678
452
744
660
438
58
494
827
216
484
476
135
936
725
746
154
611
890
541
664
41
401
53
377
777
541
474
144
58
610
162
332
627
229
288
38
691
805
89
460
156
905
520
995
329
784
233
632
955
167
177
199
723
85
403
693
925
232
113
815
458
873
927
45
758
366
224
325
300
278
934
391
452
741
674
123
658
641
582
91
17
388
102
794
453
400
136
207
964
19
504
277
640
491
219
613
47
496
857
287
362
132
209
464
264
423
711
72
430
29
687
513
779
256
86
59
801
202
958
705
35
4
741
979
556
412
700
38
750
86
175
694
690
397
9
177
682
260
771
962
933
96
357
856
504
300
104
303
289
664
658
404
648
928
702
61
997
202
416
22
524
17
183
90
98
738
788
55
336
828
686
529
719
166
847
588
840
875
455
229
298
69
698
999
494
475
292
468
845
491
591
239
864
399
79
203
491
111
368
264
824
89
807
999
983
616
16
587
318
374
62
3
397
609
631
190
389
499
974
350
500
507
739
146
141
108
368
538
496
714
674
592
604
89
903
703
234
495
738
726
302
220
712
518
303
523
304
203
371
975
624
645
807
944
61
104
308
112
626
991
261
924
669
772
934
115
560
928
812
485
405
905
56
805
626
712
451
462
482
849
206
795
332
924
427
529
233
359
986
376
601
7
370
612
924
864
753
304
825
658
914
599
804
160
614
476
470
138
912
358
92
619
154
692
560
715
87
53
481
697
5
121
101
922
882
159
903
327
664
943
813
908
883
575
861
896
113
271
609
93
369
139
813
194
19
711
772
61
472
210
96
954
591
546
973
355
572
947
800
299
294
86
334
591
153
674
520
274
576
693
575
105
635
324
845
693
912
144
40
793
722
894
755
562
74
652
568
639
654
425
849
950
59
327
838
982
561
644
675
113
49
145
17
942
612
877
760
370
651
325
877
253
619
466
674
576
282
157
340
775
793
427
958
458
673
322
962
447
768
641
535
336
859
325
254
661
717
135
25
232
686
631
458
650
517
80
302
70
347
887
524
921
440
304
109
344
922
828
871
945
446
309
86
202
348
166
269
682
227
159
996
247
996
171
739
911
999
643
713
229
36
638
479
637
620
69
954
182
277
960
114
393
592
362
863
610
188
955
871
572
588
48
905
378
974
142
745
291
592
4
73
712
439
545
683
113
451
430
808
969
518
308
879
995
518
516
396
519
686
971
498
278
964
264
328
86
983
78
457
115
799
700
135
292
89
326
605
135
927
544
896
657
909
982
280
882
214
876
477
230
618
305
698
471
725
689
941
256
109
814
232
526
143
315
907
191
140
501
254
443
746
111
403
522
700
407
736
370
455
633
131
434
743
916
1000
145
280
273
915
653
529
556
792
72
919
378
107
127
534
798
778
815
857
990
955
578
51
145
629
524
151
380
134
41
857
185
303
584
850
538
106
994
263
671
515
284
214
958
967
787
82
160
513
692
646
590
605
284
286
383
189
634
498
484
565
624
586
150
19
30
482
577
756
118
34
719
198
235
227
615
936
241
883
923
77
286
673
898
701
922
221
62
518
463
323
471
401
628
813
546
252
957
74
679
158
375
988
300
528
575
996
81
438
691
113
424
735
697
845
321
517
325
429
864
429
729
720
12
845
420
945
143
591
243
612
466
348
857
70
928
620
601
253
749
447
732
903
331
380
147
76
102
443
945
912
608
396
839
511
72
845
887
55
331
406
662
954
425
680
696
617
51
309
263
266
243
345
889
698
579
677
846
963
679
252
369
665
175
238
168
123
367
790
30
143
30
244
631
933
883
887
608
954
69
721
873
789
211
243
453
709
353
441
514
132
826
497
662
999
495
642
49
756
464
156
823
216
317
432
113
112
401
864
345
58
991
177
315
330
581
349
959
656
589
819
342
916
289
824
768
436
589
517
431
342
86
732
241
442
551
231
151
363
640
108
806
595
53
8
705
446
915
917
889
486
125
476
65
260
558
752
283
629
336
708
733
648
46
210
360
629
675
524
799
269
125
974
748
161
957
135
215
944
31
117
860
608
688
328
471
152
151
248
324
705
871
408
276
802
290
35
316
705
377
404
478
109
172
675
798
907
775
622
625
323
296
263
534
247
969
775
8
511
250
851
393
707
875
310
975
166
852
787
9
689
72
841
111
496
987
775
494
885
104
603
317
507
697
353
69
587
735
505
360
716
64
63
277
644
999
976
876
403
376
865
826
918
697
581
891
370
184
437
191
162
105
294
795
957
906
519
828
442
371
163
325
131
24
483
305
596
972
789
434
854
10
931
427
793
275
294
393
770
906
575
110
351
699
777
944
978
176
354
502
321
127
122
964
169
352
802
131
205
824
254
7
965
142
220
342
839
999
656
104
925
152
617
210
988
663
794
448
280
195
14
510
878
201
567
229
863
779
183
160
490
367
907
535
756
75
800
727
945
452
983
790
281
776
488
314
527
157
127
141
762
274
151
881
72
177
943
958
270
596
686
223
256
101
343
764
169
581
354
923
273
212
217
715
13
570
306
468
786
327
486
775
791
780
905
908
197
343
881
711
143
341
12
176
122
195
635
580
408
269
43
573
484
980
312
81
459
960
928
718
351
96
704
419
551
720
101
628
889
612
600
220
485
166
14
46
211
179
341
133
489
477
761
785
260
763
351
722
857
780
503
15
345
977
81
591
507
834
447
173
943
259
24
967
501
150
697
280
834
251
531
967
271
97
554
518
786
945
704
845
864
180
680
265
274
99
157
941
3
283
345
144
782
850
125
96
907
846
892
796
863
291
822
773
953
282
916
5
299
4
715
860
325
145
237
623
800
867
445
461
443
737
367
11
100
657
676
993
441
158
444
570
282
900
842
170
675
12
880
77
133
629
615
985
842
704
529
220
155
498
292
185
254
636
286
38
292
818
556
67
463
714
748
837
767
539
865
320
427
467
152
844
414
581
175
171
245
193
654
95
967
166
126
964
479
62
910
805
141
673
165
420
142
845
473
633
524
162
259
141
152
9
859
764
151
276
324
705
42
343
441
834
693
3
974
8
934
667
687
307
243
566
628
263
723
426
36
76
391
915
534
113
811
220
392
610
777
120
193
206
946
797
16
1
210
114
460
958
180
138
336
580
869
743
709
95
380
440
770
532
970
583
908
80
131
45
720
480
559
518
325
665
173
626
76
328
596
290
675
143
829
297
13
839
410
883
439
839
464
978
588
728
512
771
687
664
411
702
158
166
826
161
596
161
692
312
919
101
346
944
400
227
864
28
949
128
820
204
372
820
47
475
835
922
681
653
29
284
583
967
835
59
155
219
790
700
621
399
791
471
420
761
739
807
60
718
309
903
267
58
335
84
230
701
358
801
158
453
448
545
189
328
897
313
474
367
623
61
363
606
303
372
726
560
56
288
640
777
781
768
456
814
527
952
917
41
264
196
289
638
956
266
895
312
492
328
177
763
898
24
781
751
301
353
831
940
702
912
748
451
221
481
60
491
864
893
473
695
963
26
686
978
699
64
500
937
948
349
667
857
849
758
71
575
896
326
20
296
541
149
824
772
701
835
624
557
678
790
693
112
671
943
505
266
354
12
959
768
842
241
121
229
387
775
318
210
228
495
44
843
506
291
948
162
395
299
126
574
660
159
645
157
253
657
823
569
60
794
839
429
849
294
373
83
593
338
951
134
677
955
970
580
834
601
842
803
619
900
550
996
327
957
684
26
740
180
265
903
577
51
127
617
869
177
796
449
582
991
319
751
59
843
476
931
196
322
628
110
328
442
889
741
23
266
289
507
795
10
395
830
161
166
234
469
173
952
479
336
490
926
97
157
657
291
560
883
762
512
902
22
805
553
424
904
405
568
827
996
805
710
773
293
380
212
831
853
147
837
407
779
699
130
390
645
149
119
751
65
338
417
187
597
673
438
724
32
319
600
930
199
889
958
207
597
822
347
520
188
818
194
150
700
4
337
507
307
18
30
460
248
393
40
414
910
360
377
375
270
528
366
416
884
221
946
972
969
947
905
130
909
28
792
181
589
531
832
424
328
723
312
433
694
49
333
782
827
602
584
108
385
706
662
981
706
725
658
443
477
778
257
332
72
520
261
742
632
378
587
847
704
895
721
329
859
767
171
268
423
51
534
763
414
435
32
698
904
130
56
14
139
172
954
695
242
468
790
995
43
606
226
624
985
501
504
411
733
934
562
672
758
400
999
565
989
550
388
472
176
868
342
894
345
488
875
179
978
859
88
963
414
709
919
348
348
867
581
284
63
567
309
854
934
626
328
799
527
866
572
34
754
722
458
293
110
494
199
479
618
637
996
904
908
818
232
572
75
431
636
19
337
390
773
801
880
57
802
291
997
615
219
239
452
740
885
864
384
696
87
766
233
156
646
972
843
879
409
346
129
6
403
493
44
956
679
932
735
679
755
349
942
987
99
964
387
972
874
279
498
744
526
113
105
632
818
526
182
843
242
429
52
277
491
678
114
441
977
199
286
983
915
387
408
1000
889
879
985
6
432
783
826
17
43
5
426
219
244
478
206
281
600
78
737
273
922
102
559
674
184
423
588
898
220
592
15
90
904
299
906
294
43
49
258
495
390
166
942
307
705
800
679
169
775
287
500
423
476
74
404
594
159
855
51
865
746
166
472
925
792
151
962
86
609
640
461
447
267
17
816
417
47
985
352
443
665
400
135
655
215
173
500
960
656
218
738
980
1
383
222
142
913
5
420
341
415
165
890
426
824
195
92
963
579
39
768
142
320
664
49
922
650
735
43
702
669
646
303
369
375
162
503
217
803
226
17
80
227
139
616
99
659
443
981
256
38
45
832
682
227
644
335
153
823
219
351
292
118
158
353
12
762
690
62
972
747
886
925
869
433
917
127
120
50
949
541
540
766
213
728
969
756
187
953
30
264
617
1
925
753
639
93
425
232
441
855
75
967
795
933
528
617
481
775
430
647
161
989
257
408
417
564
119
180
447
532
535
591
611
724
783
459
499
794
139
986
948
356
819
805
674
48
222
171
848
897
615
334
431
997
676
542
690
425
342
994
733
79
654
850
531
759
534
374
237
651
676
349
166
638
574
688
817
685
54
770
314
317
152
96
930
693
529
400
375
55
24
491
658
4
399
555
738
620
898
815
851
387
237
680
327
367
210
74
913
242
336
313
962
188
557
925
943
578
963
600
757
224
373
430
182
333
441
774
423
859
934
872
823
149
871
257
557
919
870
138
980
301
922
570
836
161
410
607
424
379
760
671
229
413
563
189
346
710
258
165
941
561
472
885
488
878
301
660
552
114
381
460
852
258
836
149
444
736
168
783
761
920
121
693
239
428
511
360
190
711
958
806
13
441
873
245
613
583
808
11
357
937
536
3
532
639
120
691
98
842
827
848
885
181
662
784
651
35
737
139
353
531
926
737
219
547
149
776
139
246
379
580
397
823
763
319
106
594
278
915
130
14
978
582
928
328
605
564
317
985
358
364
341
754
771
555
422
871
468
374
858
853
125
785
772
971
984
877
954
884
927
734
391
270
281
792
694
853
376
924
928
291
474
121
130
23
440
274
616
462
19
175
138
234
812
896
559
464
157
707
773
939
309
826
854
849
348
238
517
3
214
572
541
24
384
890
143
605
306
38
12
591
247
649
561
184
754
294
912
290
899
152
384
355
235
34
996
21
940
802
252
925
139
634
365
547
347
108
618
726
383
63
751
632
415
954
289
967
464
176
172
56
945
623
601
731
581
454
100
583
629
675
876
71
690
485
527
212
230
781
381
962
750
175
755
264
769
703
312
477
774
891
724
600
559
729
212
682
420
445
351
948
805
660
700
649
762
60
292
913
487
412
270
247
850
503
940
813
235
923
390
190
186
438
639
829
944
95
754
409
700
34
892
78
832
901
403
582
895
571
173
472
781
783
809
217
14
150
874
536
447
448
193
658
292
525
463
300
470
244
650
964
77
430
110
8
238
745
847
808
571
301
534
127
401
937
51
225
713
294
485
240
802
107
488
282
69
359
942
319
350
800
605
262
4
962
637
149
186
244
151
742
858
149
688
715
468
62
42
828
465
280
672
710
688
783
463
422
538
304
399
672
773
233
743
922
230
21
230
179
155
600
745
411
365
963
307
129
143
287
203
296
975
598
875
153
575
607
325
6
41
793
408
906
114
442
387
690
427
779
175
249
630
503
545
256
188
956
887
61
351
500
758
642
98
914
76
653
140
466
617
466
393
739
170
826
255
100
951
782
882
611
564
750
357
331
534
534
949
768
151
79
963
481
341
766
346
42
674
96
84
477
533
586
483
101
741
14
699
260
196
633
545
473
984
579
302
871
918
572
832
961
929
733
364
504
847
817
59
496
340
651
683
318
445
303
571
568
142
922
869
280
677
961
739
500
165
103
21
763
850
794
622
995
618
234
244
732
211
755
654
627
853
87
974
319
785
537
100
383
967
647
587
944
958
76
810
519
434
381
87
407
433
1
348
628
638
90
319
424
936
846
900
937
870
130
561
967
666
543
951
951
721
511
595
827
531
623
578
616
624
774
218
322
689
931
536
322
205
597
43
218
612
396
1
610
434
860
521
593
257
453
39
363
774
233
15
367
435
669
341
431
668
999
692
286
603
490
574
910
515
71
102
978
830
958
808
870
342
829
560
206
616
309
407
128
330
677
199
363
770
13
247
871
277
171
990
447
688
169
763
766
602
722
799
241
202
576
244
472
199
117
97
897
112
114
929
275
791
574
213
537
807
607
571
54
208
410
771
884
75
170
459
323
809
90
450
582
618
120
139
873
229
302
15
381
667
261
259
720
621
1
984
155
539
742
594
832
819
26
504
794
425
113
722
10
640
906
136
547
989
828
398
885
34
186
687
781
56
362
753
952
218
919
54
128
103
376
800
618
202
193
902
643
466
223
308
257
233
850
299
190
660
641
527
767
719
255
656
195
777
735
277
847
386
147
376
452
194
676
626
698
385
623
343
835
955
110
393
661
680
433
150
263
147
372
571
409
558
352
203
358
547
522
61
349
933
642
301
818
261
177
658
700
4
294
622
425
132
849
594
950
611
943
103
450
750
437
39
291
12
412
493
718
760
743
835
909
128
172
552
646
240
86
556
396
196
545
828
564
781
843
323
462
231
228
116
893
848
499
186
564
90
306
714
621
247
109
411
899
746
865
419
407
716
190
912
682
182
456
532
173
426
925
670
744
944
260
311
20
623
163
907
566
627
813
517
856
605
116
761
247
569
471
980
119
908
693
247
199
725
522
10
506
300
232
794
472
353
311
901
26
806
371
690
275
141
332
230
281
325
156
285
344
512
31
155
48
244
589
834
978
155
729
170
696
19
201
355
440
180
551
739
924
805
240
517
126
29
185
800
747
110
561
686
986
245
12
988
93
278
486
847
915
783
580
993
453
584
793
450
94
184
178
962
97
515
32
810
411
839
703
237
87
808
749
751
689
374
336
125
92
348
85
906
82
391
231
207
246
832
949
672
173
211
609
669
702
652
526
396
256
25
162
275
351
18
637
934
554
235
525
540
605
49
332
449
830
406
664
708
683
761
851
983
32
752
14
234
109
820
785
316
517
131
797
9
721
66
776
147
852
646
852
843
432
401
578
813
29
930
863
51
762
795
913
168
432
403
550
599
224
454
986
743
427
676
561
835
688
507
284
229
745
628
771
55
681
533
132
305
508
674
55
391
913
202
784
241
87
949
130
766
946
649
123
27
629
72
94
372
255
760
809
787
417
658
193
287
601
855
736
622
387
738
218
691
904
168
381
308
463
687
507
619
400
115
430
363
681
103
189
898
284
494
785
25
115
210
421
820
485
443
666
947
788
315
433
184
458
683
172
358
336
197
192
58
929
659
425
585
414
591
549
903
219
126
469
496
434
124
885
137
224
724
171
407
214
295
601
620
152
414
147
38
851
537
85
952
784
686
497
865
779
786
626
400
926
86
170
732
295
957
351
987
177
585
595
555
406
823
710
238
868
581
982
350
571
355
474
818
422
358
65
983
730
915
447
303
437
706
372
566
986
568
280
93
19
207
578
827
856
412
532
768
37
63
70
826
385
295
558
22
463
602
749
910
813
460
838
16
440
365
598
487
814
407
937
661
495
93
167
614
299
492
91
117
562
114
37
561
538
743
860
714
699
527
528
230
959
756
103
460
922
929
841
185
943
604
923
523
760
466
250
207
464
51
957
400
79
527
313
443
69
117
816
304
974
405
875
227
338
574
799
596
782
226
995
547
129
27
69
388
766
746
791
876
639
625
350
984
974
663
674
381
826
671
844
537
836
976
104
696
401
669
495
391
858
675
484
944
614
575
732
57
773
820
344
83
108
247
89
575
781
469
699
246
93
721
566
934
152
385
541
266
964
457
187
408
192
203
833
73
143
858
505
769
567
757
11
43
715
776
705
410
179
229
797
943
452
985
306
405
876
488
437
754
377
29
704
153
490
104
411
476
273
958
29
518
421
779
72
488
444
115
995
913
794
632
195
519
960
198
967
634
595
844
396
65
140
590
773
998
845
23
483
622
233
204
208
878
806
128
815
807
170
418
41
290
809
461
378
867
133
855
300
188
708
124
850
419
377
967
831
348
962
854
348
976
895
836
476
439
188
374
694
361
207
776
646
448
59
505
653
405
715
486
964
190
387
765
244
847
254
145
761
529
383
952
761
388
852
96
481
823
120
877
76
916
139
102
65
871
11
473
420
208
756
637
291
611
73
798
389
700
4
838
973
165
544
62
99
13
227
585
687
268
589
192
337
972
675
167
958
782
393
237
405
237
362
130
70
783
461
515
434
925
164
359
705
57
335
253
267
916
40
474
306
437
723
720
194
405
126
639
612
994
581
404
321
479
149
73
226
962
260
537
892
1
260
535
508
774
757
653
497
604
963
725
170
758
921
949
84
474
681
475
414
376
665
46
447
601
798
377
508
648
561
894
667
657
990
514
228
485
678
636
674
596
499
424
746
802
271
941
413
447
747
686
348
343
25
448
818
784
564
600
789
156
8
525
391
528
181
729
404
149
813
87
22
922
226
314
496
57
913
458
430
858
797
688
433
498
14
237
971
678
949
726
819
366
723
203
216
914
351
615
667
414
897
170
262
47
374
725
428
41
886
766
778
338
945
167
251
676
810
511
702
353
687
75
95
7
448
185
108
8
740
88
474
195
108
704
940
402
134
196
359
484
685
561
696
376
189
580
524
434
908
917
212
293
975
569
456
546
37
237
265
310
542
928
773
779
710
283
406
49
705
388
729
37
580
805
48
624
610
262
977
959
595
827
202
617
760
294
747
931
337
699
863
600
83
783
475
460
966
690
495
414
637
323
548
601
810
653
677
205
351
690
791
491
661
196
380
46
269
528
82
90
537
752
780
429
343
576
276
983
618
79
203
681
511
492
901
219
332
293
586
504
993
538
355
942
256
799
254
916
908
532
212
706
689
160
533
334
775
685
344
790
818
757
653
975
150
551
906
314
629
261
235
580
262
308
175
504
944
371
545
610
762
32
251
39
639
21
699
993
156
622
819
671
181
565
14
791
770
667
204
689
510
874
306
731
722
460
556
613
541
479
144
40
639
39
568
427
301
663
690
255
246
48
774
984
410
36
543
439
237
114
46
343
499
716
46
158
732
721
201
819
280
623
557
476
780
355
105
191
195
814
752
814
601
291
474
113
226
613
955
675
49
876
103
424
892
596
157
474
541
663
931
132
422
668
721
891
496
375
68
109
412
916
523
47
606
420
9
976
679
90
951
282
555
354
838
47
492
328
63
961
863
901
931
614
166
287
765
324
863
595
171
645
102
261
103
276
661
501
821
776
861
827
994
928
565
670
33
984
646
115
38
524
297
13
666
171
938
753
191
30
676
414
922
899
375
191
362
937
991
208
538
61
232
317
736
196
903
345
774
804
567
220
79
106
655
61
79
805
207
529
435
740
733
441
222
730
568
832
109
668
158
487
788
992
867
631
32
461
443
922
499
90
947
547
627
197
737
735
749
854
341
487
380
797
495
805
793
217
62
634
758
60
581
8
313
284
216
305
284
174
157
952
383
35
297
757
101
817
448
752
539
748
757
286
521
605
179
574
747
708
952
699
378
391
898
747
248
678
747
859
953
631
5
291
187
718
373
893
305
344
896
548
453
496
774
518
684
750
866
523
571
330
337
797
724
98
301
111
32
980
703
855
912
310
699
273
298
547
86
469
932
323
668
269
812
189
111
654
342
941
565
902
202
56
85
876
553
921
680
290
370
496
890
634
954
281
252
164
866
433
214
822
574
374
383
133
301
28
702
463
122
565
748
579
368
834
342
807
487
878
297
22
421
450
993
474
14
843
113
230
313
413
83
247
588
265
470
665
956
817
206
33
359
144
721
402
734
842
73
15
303
491
814
783
575
720
887
519
475
74
908
317
253
50
73
114
25
965
602
395
604
506
21
936
853
679
88
189
587
17
309
770
552
754
739
812
83
326
794
32
758
879
658
167
849
925
429
687
444
919
672
602
940
566
843
