974
21
715
229
700
794
590
172
341
24
288
152
210
409
176
188
361
331
239
951
316
674
970
86
565
9
874
3
257
218
108
129
31
934
889
818
619
11
442
213
44
881
45
54
103
805
330
747
925
56
175
3
72
599
409
542
583
671
462
692
499
350
626
392
52
54
2
562
4
2
391
513
289
626
41
731
457
794
312
135
138
165
6
36
921
585
91
254
846
64
595
113
150
726
13
125
47
856
770
267
50
511
128
8
52
652
65
297
615
50
439
235
469
38
191
558
27
499
199
575
955
436
400
442
474
59
160
392
62
80
851
865
466
70
155
472
621
132
119
20
794
1
509
13
294
75
3
762
7
218
127
166
385
654
855
650
449
308
163
102
101
1
591
82
201
24
17
17
52
366
347
751
916
21
157
527
997
841
698
9
191
18
4
481
838
119
978
559
214
7
145
183
319
583
592
184
34
879
7
7
367
733
1
6
618
30
141
168
27
312
3
397
3
92
782
4
504
778
49
843
202
17
332
15
58
55
78
667
484
216
405
858
739
1
31
205
15
903
831
245
327
977
120
42
157
90
51
290
204
3
258
197
82
1
7
247
188
379
34
751
732
32
164
747
13
938
227
305
9
957
29
141
311
5
601
594
326
91
650
740
895
79
86
106
734
77
247
846
661
13
716
571
527
610
717
8
359
622
25
29
2
6
231
851
41
3
121
494
513
448
136
376
817
719
123
219
339
481
1
776
255
105
30
426
331
650
649
668
833
575
38
56
153
913
3
349
1
192
59
175
867
496
32
588
40
7
201
812
143
179
356
271
197
217
36
578
65
1
76
706
258
363
33
60
4
521
623
466
19
83
36
34
922
35
98
1
233
629
964
247
807
207
934
146
462
480
54
138
508
178
45
830
122
101
139
145
508
37
738
999
327
537
2
5
896
858
55
375
799
45
193
35
18
223
94
3
503
270
71
4
208
664
379
656
5
419
226
798
738
877
214
55
5
62
13
584
23
527
379
126
52
88
112
399
657
144
38
976
575
406
18
311
5
850
786
2
877
64
434
271
8
607
321
668
647
45
754
20
73
213
33
615
56
373
56
600
529
365
123
992
150
63
11
859
617
167
499
291
458
14
309
81
170
355
937
47
1
50
461
546
193
448
12
29
308
744
8
984
28
564
257
476
908
511
453
2
847
116
40
54
64
60
650
487
676
635
812
258
37
793
207
370
639
287
207
975
256
100
3
631
86
2
113
525
46
3
703
262
184
882
36
64
151
93
139
275
897
357
82
686
536
62
210
505
437
45
618
279
672
98
676
22
740
972
719
220
9
19
415
509
258
209
899
10
300
598
570
264
220
77
836
146
12
991
578
149
57
308
494
56
42
209
987
72
277
239
466
144
43
360
775
458
234
785
85
87
457
89
5
409
5
358
428
817
253
8
2
436
579
629
290
199
860
225
510
438
14
281
51
538
567
541
835
26
550
236
60
767
949
95
508
158
16
885
116
17
337
404
118
101
3
242
100
59
41
3
442
17
756
485
102
265
934
749
62
216
376
490
65
18
196
40
53
641
968
35
278
404
6
61
550
67
442
502
311
907
901
179
714
1
80
601
425
800
647
543
905
79
839
190
166
463
789
765
58
442
488
120
13
40
111
773
414
7
674
4
246
18
40
254
37
750
290
981
651
475
4
123
121
174
279
144
810
150
431
16
4
375
10
33
159
100
2
32
1
98
999
137
49
919
383
13
156
20
13
6
302
245
36
9
406
790
2
168
827
555
321
212
874
367
186
532
410
16
627
92
25
5
386
136
253
860
906
8
301
80
962
757
201
566
8
36
55
996
398
508
769
111
10
197
687
78
266
21
43
308
113
6
3
345
702
159
15
856
444
676
33
282
11
1
987
974
95
61
755
5
948
33
505
701
4
191
317
530
16
851
258
1
32
327
207
206
249
229
644
220
740
491
300
887
6
450
1
9
34
23
861
588
254
6
570
907
285
2
934
42
239
357
547
742
458
525
804
1
123
15
592
136
143
20
437
153
772
208
47
39
66
92
28
495
106
273
387
123
503
560
855
331
567
246
74
824
398
105
996
454
785
13
227
15
14
56
224
12
48
4
579
254
847
254
995
57
10
200
4
449
20
179
348
12
16
862
357
891
177
50
61
15
214
715
178
530
932
282
137
279
643
15
207
754
219
62
2
772
859
218
83
39
151
912
603
530
113
65
451
122
499
272
416
63
102
108
876
5
163
157
165
297
783
156
8
359
92
166
396
2
207
287
190
674
995
283
45
380
17
211
1
123
25
744
119
907
160
125
57
125
551
128
3
75
91
127
434
61
405
782
946
223
115
52
541
4
921
50
401
920
359
160
326
31
4
392
657
771
294
732
811
188
237
264
19
99
302
728
911
65
354
210
701
76
143
105
34
187
23
84
61
917
210
673
173
629
391
186
238
275
711
170
717
207
839
649
9
64
539
33
1
279
447
624
873
684
194
862
26
101
786
35
518
84
47
296
526
489
89
30
40
380
484
825
95
62
54
156
419
280
493
55
117
946
63
116
179
145
42
142
740
531
254
681
29
756
268
868
113
423
652
364
18
883
39
32
11
619
279
321
142
833
196
153
197
926
51
243
641
141
102
466
982
635
261
266
114
268
486
705
78
491
15
222
414
848
408
995
625
253
4
405
215
1
837
290
785
27
504
930
185
906
596
493
990
890
958
924
42
472
513
25
258
901
321
131
359
2
103
821
45
659
986
884
118
225
4
834
140
12
32
585
208
907
6
666
599
724
21
200
757
605
14
3
870
38
237
764
150
17
2
307
111
452
422
34
24
67
746
13
125
638
90
69
94
293
456
2
566
319
578
263
651
6
85
485
21
77
63
32
199
385
653
94
276
10
393
831
758
19
147
266
180
442
60
646
328
2
5
72
828
184
559
43
645
779
23
881
238
652
880
248
136
168
739
138
773
869
562
221
192
10
268
439
924
434
53
144
12
236
30
120
92
17
228
366
15
62
1
956
354
14
3
388
329
436
463
131
69
717
4
928
406
715
30
637
27
38
475
681
89
691
260
710
484
158
88
171
855
696
911
216
967
68
951
514
444
31
30
543
223
746
86
596
63
834
49
975
42
108
937
334
152
100
36
211
23
548
158
113
368
147
94
243
457
224
182
220
863
379
379
37
189
631
8
458
424
26
9
32
399
303
45
33
222
77
344
855
473
62
210
204
10
740
162
1
274
91
158
59
55
1
898
311
654
480
956
42
253
187
494
1
565
562
671
388
70
648
377
467
221
149
314
358
493
872
109
127
237
9
88
362
663
84
777
1
622
97
568
155
627
451
22
1
183
425
87
105
102
689
199
569
48
60
632
752
607
556
5
668
189
409
127
157
229
119
41
726
67
120
123
87
926
58
131
802
369
4
80
65
371
599
136
494
23
514
370
88
687
38
24
101
511
244
71
67
548
872
702
709
1
15
231
868
539
3
9
48
91
166
207
973
244
3
3
153
337
449
786
952
751
572
601
932
693
151
366
709
2
180
141
23
502
26
29
51
126
13
261
91
23
770
243
930
5
3
16
999
41
164
54
466
46
15
19
979
698
505
318
22
643
539
61
107
345
106
249
650
611
962
98
722
721
126
51
204
544
103
670
10
376
552
175
276
201
159
54
388
151
399
21
37
315
241
956
895
304
18
3
160
162
41
247
626
376
177
873
18
299
89
378
288
257
289
333
9
520
692
3
585
11
1
83
64
943
704
120
928
123
957
345
11
33
504
524
951
75
167
721
905
670
17
317
586
8
49
13
502
331
186
666
164
565
3
579
464
405
297
285
6
118
138
18
488
41
1
17
389
1
249
207
334
225
284
550
176
488
41
68
6
964
983
1
323
5
792
327
571
513
725
887
6
222
182
126
518
439
642
800
430
461
962
371
478
232
406
410
6
416
922
28
118
464
370
67
28
346
129
246
302
10
905
268
76
22
914
261
17
999
52
29
4
880
155
36
2
287
194
57
227
976
217
280
700
25
342
3
842
922
18
78
835
13
602
54
106
758
287
555
756
644
496
209
43
51
468
299
101
15
650
241
25
30
885
109
489
8
63
233
766
3
286
580
314
12
230
14
576
347
353
479
109
46
882
2
263
62
210
113
83
536
19
16
762
955
328
551
12
18
218
15
443
475
362
53
861
136
561
312
9
145
183
51
534
702
9
534
3
343
673
124
401
7
207
47
115
19
662
80
321
445
457
663
495
126
1
399
17
587
907
18
22
110
450
195
178
368
284
17
265
234
31
539
54
137
156
162
694
683
363
32
6
528
250
14
242
732
168
920
69
950
418
197
1
182
76
100
477
43
151
153
25
44
131
56
178
4
187
105
223
558
103
440
158
127
322
161
844
634
43
586
447
9
332
631
66
384
265
198
279
611
507
1
947
508
895
3
289
1000
297
42
55
18
815
458
1
772
651
68
186
15
402
62
714
169
574
4
165
7
689
34
31
344
314
128
536
135
13
478
165
822
624
571
38
464
153
200
130
943
613
713
20
419
491
279
30
569
36
56
156
53
3
286
407
691
3
1
483
168
26
202
502
114
381
216
172
55
494
853
996
194
101
574
242
760
4
270
313
727
232
262
17
300
635
529
965
864
16
694
1
582
268
711
539
145
626
9
554
397
256
372
278
700
115
821
97
8
26
49
41
771
44
763
431
8
9
967
27
438
636
784
8
68
20
40
948
309
659
58
5
1
315
110
796
298
992
504
565
289
94
805
744
573
891
785
363
154
48
644
431
17
220
941
599
322
96
605
207
211
452
561
148
649
800
38
161
74
552
1
682
895
1
3
310
357
683
32
97
867
2
398
387
5
335
78
292
133
711
101
189
820
1
1
35
165
881
364
660
1
235
259
663
35
31
426
608
12
126
156
213
285
912
38
848
15
126
705
44
948
291
27
533
371
532
375
56
956
944
266
31
484
996
1
157
941
233
745
166
135
416
429
9
12
918
251
4
677
457
180
165
13
36
121
61
393
502
820
14
342
836
69
293
496
683
328
210
1
459
214
80
42
1
19
40
174
568
122
54
487
887
457
204
21
146
445
104
2
688
926
198
563
33
22
636
240
158
7
16
79
191
202
509
875
342
39
3
132
4
269
259
506
2
509
88
291
276
7
2
487
90
544
56
6
156
239
8
855
814
1
940
104
706
92
267
97
478
142
743
477
242
664
73
455
251
178
545
627
2
464
163
147
31
417
263
186
574
354
51
6
755
867
505
465
325
919
210
469
59
161
220
259
312
98
125
564
26
25
1
56
443
164
511
59
224
12
567
29
401
432
386
169
252
581
902
51
285
23
513
754
6
267
719
921
639
928
346
69
91
644
757
333
204
112
408
6
940
741
184
8
744
665
109
658
571
127
33
592
541
287
67
72
711
77
24
26
105
93
282
63
101
852
7
11
41
171
616
198
169
431
921
95
143
784
87
607
877
662
371
134
44
858
218
797
96
623
60
803
21
119
682
551
64
897
924
3
344
684
831
412
4
935
137
611
218
73
101
471
425
302
220
631
742
510
884
216
104
511
752
332
354
375
683
216
129
151
261
45
717
508
491
220
68
396
28
273
869
972
498
133
172
113
182
338
491
653
4
386
509
664
375
431
89
12
414
448
407
13
653
104
579
860
7
326
906
16
636
166
812
774
995
408
754
206
59
650
759
15
38
826
221
532
579
916
96
371
18
458
870
160
519
234
67
468
274
3
200
985
348
153
239
157
220
987
767
148
236
60
942
681
114
64
645
68
641
401
77
890
564
76
3
729
662
134
83
461
135
293
106
904
1
155
225
874
232
145
825
103
543
766
510
46
444
370
98
71
804
79
238
465
557
900
181
279
954
659
545
16
186
131
768
8
293
313
9
295
545
907
406
373
3
109
184
34
952
159
971
342
961
13
345
21
545
408
39
173
12
766
686
196
94
55
905
574
17
157
23
101
949
875
952
854
40
73
32
482
40
462
228
180
141
207
435
48
19
457
87
953
989
971
802
23
52
255
36
873
875
467
86
65
243
426
263
374
161
451
870
101
123
274
52
865
300
520
37
1
696
447
65
194
155
615
936
47
963
573
14
192
883
637
400
18
580
101
215
4
136
40
738
14
426
111
947
99
354
289
220
38
595
3
368
574
93
179
458
159
306
1
38
31
804
29
759
954
254
8
934
7
836
10
532
105
293
228
607
118
11
628
820
550
19
37
219
7
629
326
1
2
245
202
41
735
862
3
173
113
416
472
26
5
235
225
266
251
519
382
3
53
828
180
942
77
168
366
150
136
477
703
379
466
904
217
41
776
598
435
875
453
600
740
826
430
5
300
281
575
137
547
879
308
221
596
165
965
497
279
696
66
21
255
779
647
706
438
423
16
426
274
112
941
513
11
393
37
30
839
33
85
586
728
421
952
598
257
342
302
198
40
951
13
54
429
12
172
31
66
943
355
34
151
97
332
364
138
188
974
589
612
201
334
874
69
3
854
1
335
394
408
449
396
65
1
168
904
704
196
956
37
63
272
18
72
14
70
10
242
32
686
90
221
228
664
33
911
685
404
93
245
468
348
716
186
452
45
932
319
1
3
4
160
55
660
288
830
101
644
80
655
358
30
342
783
565
915
77
705
189
458
707
56
263
36
190
85
205
695
90
104
547
247
112
588
715
270
738
130
6
33
212
773
153
831
489
639
985
487
284
873
1
6
179
719
251
433
315
305
820
862
8
132
22
446
258
424
323
1
446
782
224
336
13
825
3
533
224
404
454
306
478
43
295
332
490
6
46
85
44
624
49
370
140
533
476
228
49
144
140
712
14
900
856
33
524
730
42
130
120
425
588
215
729
448
17
116
246
753
13
221
679
35
375
18
811
28
61
372
6
516
935
90
423
363
282
451
605
46
28
749
230
777
184
693
152
785
70
97
227
420
950
188
177
426
278
7
36
534
448
637
448
34
110
763
117
226
210
77
125
13
93
22
394
652
110
408
149
56
201
106
461
31
37
220
333
637
1
876
139
278
211
85
803
614
8
344
224
80
142
41
1
203
51
658
36
144
10
561
872
854
228
2
901
961
677
351
160
714
144
367
207
157
53
182
235
763
549
29
32
313
380
229
547
35
1
799
895
208
260
920
741
505
943
319
985
8
803
425
237
51
66
196
808
102
748
14
36
13
296
833
115
8
118
251
68
551
317
177
66
371
29
633
543
180
199
49
990
29
5
836
413
309
78
213
4
327
624
34
64
900
18
271
857
655
8
432
965
533
955
411
491
19
146
242
208
493
2
12
413
165
949
851
1000
1
371
1
21
817
645
39
697
169
516
493
82
10
570
461
888
104
328
214
30
675
510
152
794
837
980
866
987
324
228
333
90
87
22
809
600
168
833
211
166
201
836
997
7
38
482
129
977
297
10
521
828
344
244
22
243
186
281
2
11
319
150
62
596
37
964
561
452
98
335
7
713
354
69
431
153
316
78
148
98
139
81
850
176
62
33
121
19
38
386
856
414
983
120
469
85
208
438
842
496
299
210
246
63
963
367
104
45
353
14
2
91
223
294
31
590
975
516
607
13
4
246
469
31
148
665
2
41
763
654
3
2
229
230
126
132
910
29
734
144
424
436
663
84
172
47
327
801
297
977
429
104
320
824
957
289
430
966
397
294
10
57
554
4
457
11
326
2
93
117
587
573
427
542
6
632
141
17
246
45
713
245
49
147
40
36
408
14
49
346
1000
320
161
120
110
646
165
55
6
985
417
560
294
129
392
700
323
494
519
775
113
48
240
57
474
48
25
75
957
643
112
333
736
234
72
15
247
505
992
429
735
929
586
243
425
263
139
819
288
169
57
717
451
620
677
35
568
37
796
111
215
127
105
445
212
2
28
8
743
23
820
642
331
430
10
339
87
67
691
181
731
3
276
60
413
378
738
92
985
328
2
29
743
333
328
817
853
249
249
336
629
183
152
125
382
637
492
54
1
653
260
1
814
102
127
950
61
8
25
398
729
966
375
571
903
57
234
115
74
375
491
838
561
613
41
13
8
2
402
670
886
32
124
950
838
7
226
14
9
605
61
902
351
402
50
4
9
440
2
520
163
663
646
434
920
557
141
341
146
248
739
355
1000
678
323
32
2
10
350
4
8
286
725
247
807
113
352
818
80
371
89
457
499
299
637
60
218
55
799
428
8
56
835
553
151
122
83
136
370
8
270
20
1
342
20
257
66
51
688
9
123
82
744
823
524
155
34
110
758
3
34
6
561
5
28
554
623
794
569
7
608
775
277
43
75
256
2
345
40
979
435
899
24
30
6
992
21
112
1
872
71
482
98
244
418
477
135
396
102
359
484
792
483
170
29
290
24
44
158
228
18
229
520
2
10
783
662
51
549
249
972
199
824
257
961
557
623
94
116
15
44
61
8
145
273
125
322
23
512
153
50
445
314
908
73
564
420
321
426
426
220
30
997
474
219
1
22
5
100
488
129
170
450
81
9
66
123
108
592
218
394
989
672
972
607
75
148
91
10
27
11
50
33
533
497
15
1
60
15
382
984
596
338
308
2
638
50
380
673
776
94
137
300
624
6
312
162
76
217
541
231
139
49
769
6
668
32
148
952
442
24
388
37
249
414
40
540
37
175
383
687
693
69
40
399
3
440
71
32
218
47
832
273
124
95
685
897
173
826
327
119
7
14
2
541
440
559
375
690
73
769
28
159
159
911
332
703
146
7
498
402
423
186
274
213
544
161
105
207
205
620
777
92
709
453
287
37
592
571
16
330
684
213
292
91
459
996
331
164
446
44
283
150
840
1
157
210
7
46
264
598
46
592
369
71
806
193
119
400
162
3
92
478
335
168
74
838
294
979
891
19
77
33
919
482
84
49
51
2
502
90
467
125
469
498
107
584
595
44
9
201
555
161
521
81
285
89
310
937
84
5
858
402
107
16
1
104
48
369
331
664
306
101
239
191
189
208
972
6
671
20
14
926
414
30
292
156
870
47
2
124
529
56
813
717
684
886
720
207
227
775
10
400
871
210
91
204
2
261
321
614
14
477
87
414
99
98
33
17
176
190
54
119
90
131
716
88
452
175
24
865
692
55
227
428
706
549
254
196
376
38
52
275
238
205
79
669
726
58
632
7
141
485
69
61
29
45
16
43
674
12
23
223
926
841
614
482
464
8
52
3
214
525
64
349
252
22
243
102
73
43
123
89
557
229
481
616
532
361
941
823
532
154
460
10
225
696
264
864
97
465
725
30
45
363
707
272
713
225
314
25
21
3
979
51
671
769
986
35
539
719
273
568
107
339
880
59
96
877
105
222
569
420
857
778
112
13
622
878
35
658
787
918
228
693
2
903
200
6
571
33
946
58
258
104
4
31
280
89
52
100
116
255
959
6
158
839
231
341
359
144
219
524
193
314
975
316
929
28
214
106
29
941
245
956
351
396
5
103
267
362
648
118
59
1
244
483
4
229
746
570
926
298
369
2
332
9
31
196
907
283
116
102
111
159
102
499
675
866
912
872
19
829
309
67
260
364
11
139
176
25
104
462
25
278
237
679
63
731
789
931
292
607
85
757
931
705
7
753
376
124
13
645
621
53
4
595
869
276
180
239
648
305
112
170
153
589
700
239
526
248
741
339
364
429
62
99
460
911
57
929
909
260
198
4
180
208
363
567
24
387
281
884
550
746
383
638
642
803
979
123
30
137
2
389
78
415
473
716
708
366
994
888
610
168
236
177
126
609
168
978
161
286
888
782
711
76
501
49
52
176
153
213
207
399
164
162
3
97
27
419
382
768
57
77
252
197
26
721
443
279
120
695
121
450
908
219
479
525
192
138
464
800
90
492
260
196
117
277
833
150
381
50
560
453
288
830
257
349
455
294
596
32
86
392
200
157
295
445
551
32
92
169
420
414
638
31
445
68
99
6
82
462
546
649
819
562
105
550
10
647
137
273
563
255
24
543
511
655
268
507
21
993
9
328
911
193
29
579
21
13
963
657
27
878
629
218
67
198
200
729
105
820
178
154
297
159
279
12
4
709
213
27
37
104
509
38
325
898
195
392
289
43
139
21
21
820
957
11
339
18
643
92
98
355
997
4
811
7
18
708
394
419
380
828
485
65
906
682
114
159
4
997
79
612
251
38
307
46
465
952
721
104
518
357
726
798
465
10
481
11
938
97
692
222
574
25
919
237
1
256
194
398
775
604
773
25
138
338
942
759
31
17
488
829
180
305
928
963
470
69
769
282
804
126
342
649
35
973
845
704
852
585
118
957
294
245
643
652
513
188
513
112
762
353
37
75
652
455
138
151
146
225
162
57
170
998
426
3
161
603
79
85
887
9
117
974
260
170
70
83
695
419
506
57
808
122
20
2
87
230
177
330
41
55
20
537
45
375
424
53
276
102
912
468
132
476
52
58
950
124
150
1
510
711
385
294
484
346
273
148
50
1
537
864
36
360
136
28
39
738
844
284
68
4
20
45
883
26
187
833
472
693
116
333
252
239
957
69
284
364
16
487
775
398
310
12
918
502
779
458
721
861
129
394
820
97
933
650
220
58
148
724
185
827
29
401
368
888
310
126
1
2
42
871
180
635
451
533
75
57
680
207
763
1
54
389
53
897
218
355
858
286
136
826
715
39
177
405
430
19
128
90
717
956
49
185
6
482
409
157
122
334
448
398
192
384
104
102
854
41
831
34
177
182
337
254
5
711
477
28
181
9
877
294
56
107
868
755
410
541
551
693
77
11
646
90
841
70
338
50
235
15
166
336
205
364
780
762
674
156
292
195
559
97
851
30
856
563
589
4
83
960
335
449
105
506
867
809
7
427
420
119
629
315
361
623
5
560
20
239
115
982
1
687
863
567
630
50
271
361
17
717
3
834
153
523
177
729
683
886
80
400
320
313
216
40
236
198
720
117
9
181
556
55
29
289
970
12
392
119
742
510
10
581
541
348
49
207
544
532
270
539
63
349
523
347
151
46
112
622
690
34
2
139
178
446
328
36
250
173
524
11
3
78
374
41
644
756
447
344
165
874
47
557
862
459
947
54
3
890
162
904
228
413
570
441
1
117
19
907
957
371
607
94
24
480
600
330
62
73
839
92
6
757
319
197
302
91
303
91
436
122
746
770
506
25
2
198
104
4
380
722
736
290
48
21
851
105
608
277
872
776
393
148
945
748
286
2
196
920
397
185
588
170
41
242
68
321
807
481
253
639
763
603
10
501
109
49
154
146
369
436
94
422
449
89
4
8
546
358
158
684
831
358
401
92
622
45
532
308
766
53
91
959
17
50
829
481
607
7
688
11
623
588
448
848
12
43
856
99
133
8
375
229
825
451
804
629
7
5
161
94
240
6
616
403
283
526
32
159
943
501
15
268
900
858
187
113
378
314
464
610
615
221
194
656
6
2
360
337
585
945
8
455
860
728
909
198
447
139
43
520
348
26
900
84
2
136
228
408
322
64
503
51
132
965
519
463
99
126
50
417
357
2
336
246
28
32
115
260
65
860
372
11
120
97
7
674
852
34
367
406
118
1
186
503
16
2
210
200
834
747
922
189
17
148
24
304
228
586
810
962
843
118
239
50
96
689
68
79
999
182
654
760
142
6
700
680
287
4
25
2
123
5
202
367
678
941
99
872
409
591
52
748
317
19
342
833
3
124
399
31
335
384
437
808
652
258
235
729
337
197
579
1
978
505
204
612
93
59
752
332
10
592
28
32
163
85
1
943
100
299
146
149
778
8
13
69
106
632
760
27
161
63
455
123
631
2
692
6
831
490
194
242
206
970
416
627
109
866
84
1
26
9
298
177
182
442
287
68
345
26
625
432
134
710
327
10
31
114
957
650
418
256
300
211
845
697
196
722
147
31
86
129
110
510
334
197
741
5
443
142
167
38
579
577
762
531
104
130
930
76
80
73
52
356
425
140
68
600
121
137
184
382
23
625
719
924
46
178
184
665
512
5
16
57
340
7
24
5
47
311
66
25
185
389
181
531
549
920
486
851
896
40
63
155
883
12
71
549
132
346
1
432
407
271
847
757
383
18
436
264
71
50
299
221
50
203
339
23
774
816
94
746
585
3
644
12
2
35
303
10
22
189
19
82
527
90
213
39
88
48
174
279
299
597
57
32
885
493
884
551
23
464
989
670
443
16
19
362
44
161
954
8
56
259
24
589
98
39
83
261
127
376
984
377
446
2
762
651
12
743
151
30
215
710
193
22
547
650
705
86
464
4
625
142
63
634
91
623
301
497
244
173
241
3
321
509
944
437
23
126
435
889
4
644
41
36
34
17
262
660
159
835
653
708
803
35
157
556
563
148
227
1
246
104
24
256
540
445
34
2
531
713
51
242
1
76
405
285
211
15
143
12
179
843
323
211
418
159
761
156
22
142
289
153
35
370
78
436
504
10
736
219
413
565
653
461
112
777
576
287
20
31
388
49
891
241
383
914
27
772
448
94
173
500
878
3
7
22
393
121
521
762
567
111
877
185
491
230
103
374
527
227
58
26
80
57
386
515
401
426
615
347
33
111
261
2
614
578
54
18
419
128
882
413
328
568
11
715
291
365
2
434
847
224
214
556
528
302
233
228
77
576
254
394
301
109
503
77
891
640
126
840
12
7
453
755
683
700
559
453
126
358
17
47
616
139
4
127
102
124
284
258
382
415
43
808
524
320
865
806
190
887
14
964
3
2
327
186
357
248
30
539
211
481
607
981
586
33
886
398
878
973
980
498
534
501
879
140
457
230
733
255
18
94
2
304
508
464
322
26
122
27
108
819
278
2
560
988
215
465
781
62
6
537
3
858
41
162
13
786
39
322
12
95
254
503
567
764
230
101
85
54
119
128
157
322
185
556
477
151
151
163
55
19
275
379
2
41
643
627
665
29
292
22
78
984
8
283
763
229
288
65
680
87
466
783
515
448
123
397
850
35
986
707
772
296
441
791
231
414
428
150
357
826
307
689
413
350
531
330
323
433
825
13
307
424
870
346
761
504
743
172
580
54
133
3
296
647
3
516
57
627
120
1
42
648
716
120
955
102
373
1
62
2
115
316
81
746
37
967
487
371
608
157
40
161
141
501
1
453
296
226
707
469
40
13
22
227
12
972
517
151
131
644
225
201
2
211
826
2
165
3
489
797
522
110
504
97
39
474
367
50
55
47
168
535
26
742
3
636
297
416
777
788
19
389
924
660
81
619
856
857
325
602
230
135
932
27
24
287
246
821
628
41
220
159
1
397
306
409
578
573
20
263
544
743
36
271
537
1
275
329
978
391
420
649
313
10
374
289
6
83
141
25
7
815
151
400
9
48
400
294
633
933
404
163
897
483
417
2
385
579
137
228
962
15
627
352
295
22
62
263
86
922
96
692
943
831
805
745
673
19
476
870
33
778
287
509
437
603
420
415
591
37
185
14
21
455
232
4
370
736
331
830
750
933
148
184
768
550
63
830
183
144
839
11
4
150
21
867
391
74
6
10
790
170
212
398
687
964
353
606
817
816
386
60
829
144
593
27
231
558
370
110
729
469
532
613
2
704
445
93
462
76
48
611
161
104
14
337
819
344
94
2
121
33
912
183
125
404
7
214
911
182
907
158
33
605
79
174
927
53
398
1
884
3
1
266
909
182
500
339
1
685
70
98
387
53
4
168
387
10
4
439
124
213
785
13
262
278
5
534
14
191
623
69
761
34
511
678
485
151
808
667
24
8
740
19
394
284
45
493
81
210
40
952
542
19
33
852
965
698
847
137
14
210
314
963
46
184
832
557
619
1
595
179
474
113
7
175
100
802
171
972
9
840
8
318
99
50
129
3
452
122
206
322
345
859
3
606
82
13
174
597
669
386
147
202
61
578
19
11
648
396
8
867
664
279
518
455
347
441
86
25
197
1
933
863
447
73
325
307
374
704
154
841
36
46
828
34
267
77
26
837
136
329
371
24
411
167
372
904
743
193
367
209
953
37
5
52
217
16
880
905
734
176
155
787
23
7
862
434
950
910
8
142
67
8
313
594
83
360
527
250
16
8
384
558
288
721
521
55
310
217
225
868
36
13
11
110
1
374
981
93
852
515
778
200
67
540
54
61
241
113
296
485
251
27
304
310
856
104
26
774
170
40
37
48
10
7
35
107
13
29
150
400
816
25
706
419
734
41
914
466
210
112
225
26
315
16
492
893
49
73
350
212
29
14
28
281
844
25
8
3
536
189
369
961
35
336
56
663
240
3
164
483
794
62
295
6
973
122
122
397
395
28
367
910
380
14
380
216
685
397
464
28
497
472
898
23
33
73
390
17
152
890
840
241
37
113
908
7
303
836
42
71
150
10
692
5
366
954
3
2
268
875
105
383
466
554
831
701
141
350
440
188
122
758
397
66
458
474
650
318
462
789
61
732
5
41
175
922
500
943
138
354
134
772
630
615
533
517
828
105
658
636
22
527
906
432
991
164
375
366
5
153
4
837
662
18
38
82
88
925
152
583
4
320
535
734
332
16
202
445
124
123
3
26
47
962
628
2
729
2
82
150
12
17
42
259
337
338
276
331
31
26
734
198
64
80
225
3
185
507
9
159
55
306
223
1
821
165
544
127
447
81
967
460
962
969
668
748
600
2
49
337
525
126
37
202
78
13
9
24
242
1
7
311
475
768
190
278
288
310
137
576
57
976
49
951
77
2
265
393
132
89
417
822
952
192
355
15
721
343
341
797
37
98
732
157
9
75
120
149
41
493
280
79
53
27
511
838
38
10
13
573
165
746
15
806
65
206
717
890
93
621
413
942
320
222
41
490
844
652
104
85
13
733
52
129
111
500
190
192
90
409
9
499
400
393
275
467
109
29
601
8
1000
783
793
154
392
520
79
441
742
278
132
7
422
624
132
446
39
690
263
514
281
750
10
2
150
32
644
290
13
110
359
516
508
830
2
45
46
211
65
828
127
72
287
25
712
843
705
758
234
440
623
466
820
145
62
783
85
878
691
7
692
196
46
106
54
36
105
11
737
979
149
75
434
91
966
286
101
925
371
945
585
102
88
297
418
4
415
1
43
146
610
24
9
32
491
620
117
577
2
15
223
881
980
718
570
686
448
182
613
483
19
407
7
551
430
165
309
92
307
6
89
132
203
751
476
203
11
656
533
656
950
121
772
4
310
324
652
202
485
618
344
391
809
20
865
349
609
593
244
497
136
60
933
471
794
535
384
7
529
82
107
9
69
29
674
320
145
939
44
46
35
799
384
521
65
434
3
821
563
149
143
487
88
646
238
417
564
61
142
993
981
422
148
63
4
234
773
281
332
141
931
430
911
17
12
70
998
710
34
150
840
160
568
744
20
690
897
331
893
919
5
132
8
17
736
587
652
33
543
174
152
8
90
2
843
479
22
535
383
547
603
299
32
283
545
707
128
756
596
104
294
5
669
143
181
79
513
887
486
35
334
765
942
217
634
55
283
10
117
121
134
484
284
71
26
649
735
189
674
962
518
481
504
200
105
618
946
58
916
320
12
822
82
113
582
932
17
280
740
1
1
331
226
531
8
240
856
510
40
186
428
64
466
212
964
3
1
779
308
431
1
820
322
235
69
356
25
186
304
5
102
24
41
6
25
512
654
508
377
137
115
386
200
1
69
3
118
403
12
58
431
15
735
464
841
400
566
571
58
286
326
281
749
542
16
189
88
338
75
76
233
784
92
48
4
414
35
358
17
355
940
73
209
256
221
718
30
270
13
9
147
576
958
49
426
418
101
2
67
782
68
175
636
108
722
564
13
831
101
239
226
184
715
20
85
284
703
639
230
506
126
100
7
259
86
21
163
578
231
162
192
931
943
345
973
49
12
392
12
117
262
552
651
621
276
465
772
226
416
946
488
263
687
99
161
253
992
968
28
37
3
634
56
50
379
21
482
642
30
5
124
356
342
97
38
435
754
521
784
299
675
197
847
397
135
13
646
88
2
97
295
922
278
175
257
87
334
20
399
243
758
559
222
378
845
417
116
8
195
882
677
685
974
3
14
405
89
508
566
340
157
67
70
279
7
711
128
15
163
33
209
544
278
667
584
515
255
32
464
12
95
189
241
328
34
442
60
208
447
443
528
168
137
613
786
62
201
547
642
191
1
152
389
391
626
473
247
664
59
61
953
83
77
150
292
749
531
453
260
59
720
372
7
2
2
85
559
411
99
75
222
571
238
571
976
492
187
21
369
133
104
544
491
798
189
85
981
172
19
532
66
123
10
282
25
647
324
209
13
593
811
181
166
77
459
9
615
89
97
1
592
351
1
812
94
425
786
203
65
700
41
7
338
15
384
253
201
49
611
66
974
373
312
369
676
980
67
184
284
224
837
86
148
9
246
1
112
9
95
973
926
94
784
94
936
38
16
154
906
238
241
132
177
254
1
569
5
35
592
363
460
692
563
408
31
734
332
107
67
811
807
23
439
133
299
373
595
222
327
557
509
11
12
638
97
118
650
802
282
81
55
744
343
155
646
421
287
73
566
663
371
24
13
1
40
302
244
18
88
130
374
890
565
199
352
30
608
56
235
2
748
2
349
206
52
632
747
235
339
629
238
674
2
497
552
416
573
35
318
13
332
931
384
72
4
197
175
34
900
757
323
846
4
604
60
60
798
291
78
12
952
152
991
212
350
258
680
729
74
497
2
601
124
3
66
855
61
52
19
393
24
82
47
102
831
249
1
854
753
8
279
396
117
656
5
315
17
77
82
4
162
190
20
136
236
111
376
435
137
194
75
459
259
177
204
534
419
822
157
24
784
284
753
8
43
1
119
273
93
21
591
753
33
43
426
281
832
460
598
91
94
418
724
301
246
142
314
375
457
293
872
727
57
392
566
131
696
394
578
435
36
441
17
130
205
25
707
335
985
440
425
718
309
3
74
336
216
72
306
4
133
29
651
66
724
245
915
388
165
101
865
671
625
13
293
638
700
398
233
969
902
92
782
954
822
702
797
85
246
405
7
10
1
762
316
175
553
850
94
346
822
280
7
723
85
1
48
507
383
70
11
515
97
71
4
533
40
293
812
288
561
161
239
997
249
167
97
994
86
863
726
22
83
609
239
468
41
794
759
82
69
612
2
112
834
810
43
526
134
122
494
618
321
454
990
70
838
368
187
74
312
281
793
354
979
24
402
61
327
35
775
266
1
720
453
202
121
468
835
51
169
10
590
3
946
54
390
394
283
490
148
64
294
135
251
63
293
560
934
19
3
56
255
20
53
2
938
688
226
66
616
862
25
2
1
745
471
466
93
800
896
660
155
679
486
826
73
7
455
48
228
51
321
391
4
898
912
117
523
71
400
826
292
49
661
276
657
580
36
336
279
75
652
678
2
668
809
99
985
437
418
328
46
105
289
613
285
943
997
418
354
30
600
766
9
78
240
185
407
215
445
376
31
603
19
48
834
166
52
669
30
19
18
953
596
35
646
880
941
9
469
87
547
248
29
265
654
998
286
1
944
365
962
4
70
692
71
1
128
30
811
2
14
909
709
153
62
990
966
72
59
49
812
98
579
284
356
679
308
185
42
314
634
124
36
845
222
436
659
483
471
174
3
852
336
143
162
68
929
548
526
228
152
602
16
16
41
978
371
19
234
940
274
255
962
284
111
18
59
480
531
539
113
110
454
60
178
263
332
307
927
138
499
171
247
108
566
391
663
175
369
231
4
225
646
200
31
182
68
893
188
877
83
2
3
355
98
591
840
552
277
110
143
20
700
94
99
2
865
783
378
172
273
262
3
255
7
65
322
14
226
226
467
31
666
10
70
104
831
599
716
2
8
996
790
198
263
173
515
4
43
122
723
613
935
395
409
47
169
456
62
74
152
932
74
564
156
714
156
24
1
214
328
541
445
11
454
29
286
298
218
204
503
442
395
324
576
776
157
454
240
582
174
731
117
920
613
78
5
325
477
985
1
38
36
843
266
950
4
301
408
143
427
361
436
109
257
4
74
81
512
238
191
72
216
54
16
85
49
128
621
279
966
884
236
44
6
151
12
193
761
625
254
800
972
473
531
589
590
222
65
18
251
86
48
7
15
38
325
951
51
692
254
73
508
31
254
255
291
430
52
18
69
689
2
744
866
891
24
802
254
258
242
72
170
966
12
948
18
542
824
694
71
995
576
300
893
380
89
771
143
236
566
148
600
49
153
281
853
466
629
197
359
296
723
174
187
762
140
3
293
359
85
32
142
981
19
280
62
319
245
47
280
5
170
595
458
161
41
186
23
6
47
55
169
430
90
49
50
111
4
955
69
2
828
371
901
5
129
747
7
185
234
790
117
907
611
270
379
206
800
22
304
3
269
410
127
11
26
727
863
11
705
642
263
537
240
6
667
228
321
74
488
363
15
39
211
249
190
562
647
244
47
741
222
40
110
304
950
14
11
141
589
4
872
901
531
11
270
2
314
45
402
839
208
212
421
542
827
3
13
88
762
677
503
584
180
833
887
828
9
729
480
308
8
9
906
522
294
16
313
72
2
329
691
42
27
616
627
497
157
910
478
961
247
286
6
88
655
586
785
17
2
277
407
664
928
787
382
8
493
805
158
133
1
899
12
298
110
109
43
130
152
344
661
11
96
37
188
179
976
933
380
622
11
324
451
535
874
823
5
44
93
9
618
841
167
993
363
953
80
965
92
424
5
14
427
211
706
30
24
392
388
538
279
109
53
542
228
40
800
199
19
31
264
939
23
66
552
770
559
226
868
69
287
34
395
152
780
589
686
131
828
120
265
123
837
459
807
34
7
168
399
125
772
63
948
175
135
774
846
217
650
340
952
233
101
315
482
118
822
789
445
99
33
17
49
62
475
219
435
16
91
366
741
646
780
882
567
677
9
110
16
451
212
571
276
15
835
138
251
50
154
520
544
200
400
12
193
498
169
100
42
66
556
7
385
158
96
778
760
266
620
226
293
785
900
21
603
33
37
222
775
2
694
419
293
332
46
97
108
100
46
12
9
63
739
189
454
7
118
77
160
647
142
15
222
325
273
59
192
962
861
22
19
310
131
349
108
363
86
297
268
295
814
342
33
127
537
14
219
10
744
230
988
306
841
580
678
576
70
225
525
244
855
288
562
602
587
219
506
7
3
176
710
134
266
382
776
844
932
919
825
153
595
54
292
722
60
44
781
21
929
162
752
506
14
1
747
213
27
691
694
291
6
721
257
502
861
444
719
76
386
261
564
11
905
275
392
777
448
584
696
74
593
735
649
631
49
33
262
12
146
137
574
844
984
597
450
156
573
7
32
264
261
5
680
982
595
609
337
3
328
81
1
177
840
19
3
426
22
693
118
117
407
234
217
34
743
750
553
312
72
83
541
645
951
137
403
177
464
40
79
80
5
220
267
673
299
5
79
3
33
132
204
25
288
73
326
105
652
364
139
152
516
113
20
176
170
370
494
155
24
453
444
144
991
8
611
71
172
669
94
49
472
223
1
56
867
67
167
767
5
871
168
144
206
17
313
35
187
543
244
36
30
111
186
243
57
114
549
886
348
56
816
116
803
11
992
444
71
271
127
724
1
217
319
509
843
925
319
28
481
244
130
195
859
4
791
303
849
390
390
865
1
356
669
515
993
614
290
12
84
482
442
743
646
521
131
808
950
10
355
800
483
652
127
659
68
484
176
753
803
4
17
248
250
106
13
868
11
499
328
397
102
377
864
696
629
815
56
1
175
184
62
932
98
402
22
141
282
7
196
277
7
974
106
867
230
788
9
96
10
58
331
329
504
73
125
93
495
10
819
1
2
362
498
163
51
412
354
653
179
53
115
105
158
38
43
334
78
962
150
58
46
552
429
294
492
998
7
160
447
370
82
162
992
172
991
547
609
194
847
349
558
673
11
932
2
71
168
63
495
164
2
760
97
845
577
4
189
8
180
9
289
115
23
77
101
387
415
399
966
118
69
623
930
31
991
195
82
278
521
95
56
56
432
870
775
819
658
6
70
19
149
128
903
295
335
441
5
27
22
513
403
1
32
233
35
875
603
6
675
18
36
959
369
15
811
11
587
690
214
220
41
1
326
31
191
187
19
415
939
64
52
9
850
141
63
272
262
760
436
179
813
814
18
672
476
155
778
69
22
899
264
41
151
210
732
10
838
89
40
50
354
970
24
12
788
225
165
113
25
428
174
747
99
30
389
29
169
359
198
829
52
151
31
767
2
203
557
876
4
16
150
68
560
81
865
184
866
670
256
180
175
847
184
98
17
158
637
254
876
96
131
172
771
153
826
162
894
54
80
234
338
701
57
39
428
43
274
575
158
23
867
826
615
692
524
12
867
47
918
296
358
129
34
7
192
164
562
18
26
5
70
18
327
230
134
753
4
41
403
64
69
360
296
403
93
77
448
235
25
47
17
140
65
42
176
875
575
91
171
607
930
402
742
105
114
211
233
3
325
488
907
619
872
399
34
695
340
2
728
45
59
16
245
132
6
513
37
5
545
721
45
2
511
12
385
43
284
79
191
542
106
248
554
761
74
6
990
863
1
994
16
234
579
380
670
8
487
17
224
573
461
359
290
83
116
10
178
234
196
809
456
649
38
154
197
3
75
58
144
222
89
343
11
17
150
1
275
3
636
260
15
171
216
74
123
1
330
294
72
460
748
93
822
71
10
249
713
699
174
97
704
2
749
175
3
232
20
898
79
6
145
912
7
435
1
872
37
104
5
338
705
1
486
942
91
578
249
858
804
945
390
488
497
89
592
49
526
280
4
6
862
797
805
686
506
44
557
557
257
237
72
7
973
727
474
468
436
416
140
37
21
613
425
71
890
339
201
87
210
473
65
279
445
852
94
539
645
498
27
965
228
170
528
42
627
685
523
13
7
9
11
448
381
641
29
359
357
113
100
68
443
980
27
57
388
200
41
429
4
513
761
689
175
209
130
51
128
157
166
50
179
617
516
64
872
546
43
577
791
429
396
110
2
888
582
76
674
375
638
566
282
447
1
404
992
390
666
213
40
74
97
30
450
27
946
584
7
66
321
171
200
551
331
76
83
304
849
702
222
587
876
120
875
813
166
351
17
999
316
439
166
24
60
4
483
259
45
345
195
525
76
616
77
62
221
161
6
168
28
608
188
790
227
168
211
370
972
476
241
747
802
39
990
24
832
23
438
897
489
221
290
847
4
652
108
323
57
542
186
35
121
23
390
325
207
14
2
861
58
48
653
40
135
113
930
10
262
476
8
57
18
436
248
2
476
472
63
570
5
175
12
95
326
618
553
42
127
221
142
582
101
17
4
431
923
949
537
74
118
77
128
867
345
213
149
203
266
502
99
233
523
32
536
436
291
1
819
157
756
35
86
992
246
166
487
715
24
107
855
66
99
441
40
836
468
194
126
4
587
80
109
615
705
889
584
4
75
586
774
165
164
226
870
294
27
60
372
371
316
727
469
934
139
4
257
4
117
815
715
396
485
38
238
8
18
639
392
53
49
203
663
24
890
393
954
511
7
33
73
837
74
7
10
742
20
25
392
108
206
70
285
21
209
69
360
50
162
131
347
367
2
30
115
149
422
959
590
673
20
616
18
72
603
79
75
318
84
361
287
769
149
22
1
474
134
992
221
788
11
230
116
228
608
571
416
57
317
681
386
9
282
14
1
358
754
808
445
574
18
146
471
77
228
789
664
781
452
806
6
876
12
219
799
215
387
10
140
537
155
20
720
147
460
7
245
375
63
181
407
744
112
124
90
340
472
253
55
109
390
17
789
1
243
137
699
608
122
313
295
84
566
10
15
73
1
234
683
108
856
243
480
7
22
39
750
672
320
283
460
451
351
949
99
16
62
812
2
101
69
19
378
270
950
41
27
799
607
347
696
646
205
365
254
79
188
51
278
837
341
836
623
698
543
504
61
1
513
360
742
75
706
889
241
768
435
26
5
216
636
943
460
151
887
259
373
996
417
88
143
103
60
395
31
872
24
22
157
31
12
845
89
7
256
207
588
343
29
786
46
9
146
790
151
605
108
508
95
90
387
203
818
461
316
313
238
168
152
5
825
701
278
9
513
205
879
541
174
1
394
262
557
404
74
160
69
265
178
9
1
19
129
91
46
472
14
599
268
771
281
234
116
387
12
890
505
4
40
332
720
9
57
885
180
70
895
164
241
25
287
784
317
248
4
124
738
160
8
795
449
602
793
730
45
377
645
58
134
201
160
180
43
502
3
202
168
414
37
21
181
665
471
634
11
831
26
404
654
95
537
30
765
301
215
835
215
740
24
44
8
9
320
231
444
696
5
479
852
12
123
132
245
603
64
823
414
10
791
134
37
3
216
92
821
69
457
966
106
607
479
632
852
868
306
76
362
225
248
267
577
215
470
456
653
191
248
88
316
753
709
18
92
192
940
526
801
763
16
564
610
257
391
920
760
531
1
228
32
126
46
16
298
4
23
448
80
355
1
673
50
43
392
76
148
164
512
60
335
3
141
845
293
577
230
146
580
827
565
814
66
919
525
778
35
327
3
4
132
433
52
25
24
284
302
783
123
48
261
54
158
470
1
519
58
493
70
81
643
216
1000
713
444
103
250
340
208
46
28
399
262
153
829
430
320
118
83
42
276
535
187
897
454
329
49
370
14
155
845
71
746
1
170
