138
1062
1121
500
2233
86
707
13
660
1049
259
1474
100
6
172
944
385
714
266
347
110
2311
301
1743
55
68
399
1681
282
2329
67
344
1510
1415
531
1056
1893
485
1177
1995
11
782
1510
82
166
551
842
11
2173
2324
456
2421
475
51
2271
1515
860
699
32
640
1737
276
1777
943
256
454
1492
59
309
1670
405
417
2440
223
9
1418
1
196
132
1063
6
184
660
3
50
529
119
13
29
117
2157
285
1041
285
1017
24
1429
1807
6
27
964
63
781
273
382
550
389
1233
96
612
955
565
192
1285
12
27
1551
2276
525
725
558
636
2204
645
125
504
1524
1439
978
2291
299
2346
1695
446
523
189
460
550
1948
256
1184
74
119
963
1926
1138
268
2383
1320
63
2459
2280
1850
96
588
69
1928
1901
2222
2361
125
1028
693
443
850
1932
1411
1799
425
361
421
300
134
973
898
77
255
9
196
1286
256
1158
845
1718
51
638
967
277
2082
958
89
704
1677
826
1430
3
1677
654
36
2499
538
1983
2341
655
2371
2256
1589
761
1041
1249
1811
2125
30
683
16
83
82
717
1930
317
1872
462
389
91
289
43
71
2079
379
225
775
131
417
2014
892
602
56
1929
1590
219
2
1770
936
481
8
354
1498
214
2216
1305
715
919
183
1054
12
1611
523
621
548
904
404
1133
684
67
1756
31
147
1060
1810
1904
133
201
398
469
2427
903
1
791
1347
359
486
1603
38
220
1368
1832
211
319
826
659
20
42
507
137
1661
1937
435
1517
1488
624
400
64
152
498
2451
156
1645
133
2306
726
351
1878
111
2143
1478
888
1975
989
208
1704
25
145
1472
2446
694
1090
1644
1886
106
777
1657
1878
925
1336
626
198
365
4
1807
50
451
2
939
2275
825
212
1491
1217
494
361
932
226
621
176
1511
467
1283
1507
28
1957
1691
864
2450
157
736
1650
2395
1540
703
231
1179
132
2254
1850
624
1235
1751
1845
24
1687
801
26
673
1493
1477
120
1915
900
1
757
621
36
492
1983
1559
183
13
639
1
8
1668
872
32
1274
1628
258
1133
1760
407
57
262
1155
221
312
2
19
595
453
9
1278
879
870
558
2301
1944
404
1180
154
1589
1947
344
1456
45
2071
2096
2388
877
1829
226
445
2447
214
697
238
118
1326
2417
362
799
724
997
238
208
1221
2264
95
65
2202
380
823
1112
751
992
1482
295
38
216
230
1432
2218
657
2222
2077
1912
1573
1406
1112
213
575
438
673
820
222
1835
2202
2109
613
314
1253
1070
836
1
3
728
2023
654
760
1042
614
1707
1591
1836
1883
1575
690
602
13
94
994
952
2117
573
612
1568
165
1647
817
3
112
707
1140
1320
216
1765
1536
669
21
2044
1375
1766
53
1472
603
1140
629
1546
869
302
327
46
667
533
242
2246
1058
654
2081
2073
471
54
181
8
447
296
90
70
1609
90
239
67
561
2247
74
607
1147
29
89
1594
1412
551
33
3
267
29
2174
21
2130
914
1379
622
1550
37
82
1662
210
29
549
1603
2181
741
1033
1238
2492
1462
111
914
220
1020
1902
570
524
1006
501
761
93
249
245
39
564
39
1085
6
158
518
2092
616
1649
248
1545
2396
2132
2363
93
415
9
8
1701
1319
599
575
1056
52
551
42
2310
2478
824
52
741
103
494
1385
330
2101
114
66
242
483
388
44
3
730
1398
1310
2395
2323
15
661
1302
2401
2017
362
1080
1095
1275
1892
662
1930
2208
805
1581
295
405
2251
780
1316
11
1042
2
9
406
2156
368
29
343
23
2141
878
1588
665
95
381
781
31
2237
61
871
2153
903
1540
2148
1477
6
487
603
1130
1646
1397
260
388
1049
1325
14
177
36
1921
1171
880
1064
21
2090
582
96
208
491
2188
62
355
374
1783
466
31
241
33
6
446
22
1776
145
441
10
996
1682
57
327
310
202
2267
108
2020
841
638
1498
703
199
2
2038
2
321
656
1894
1195
348
29
1244
2272
62
1090
1273
1452
1631
38
36
264
954
1053
2167
513
2062
180
2423
1824
369
1144
604
1754
1711
1334
2205
338
1521
1464
1846
29
3
14
1533
969
517
41
656
996
312
388
433
102
369
176
2125
3
180
7
726
121
837
647
273
1455
83
69
156
84
2137
666
149
2308
384
1475
103
1415
129
1066
139
475
1164
387
1
185
69
561
16
1671
40
1290
544
1101
1550
4
35
112
159
808
6
2387
1252
2098
1959
19
95
1539
581
1318
280
925
807
1477
166
168
2398
1296
1262
675
80
231
899
1322
36
11
2398
70
244
1387
1129
192
8
1837
252
221
2429
635
357
1080
843
2095
60
646
1177
1213
266
1638
466
1033
589
174
1060
442
1
2164
2000
288
841
1184
376
305
704
269
343
1
108
69
679
1018
2378
1753
589
2449
42
876
215
2071
1234
1143
1592
1175
2307
472
26
753
456
30
1737
373
1895
183
16
87
63
1127
2
30
735
318
40
8
2170
358
1916
2080
1537
248
2131
115
1307
477
982
128
207
2055
1654
1909
386
1261
560
71
1515
87
563
1053
212
563
597
64
305
1489
553
262
235
102
98
202
566
2071
1660
2
395
1993
718
982
78
687
173
2021
1995
1753
264
44
2304
28
1823
273
2294
70
597
330
1267
142
153
25
1350
1452
1330
739
4
208
750
1955
1427
2201
1
8
1811
2165
986
52
1392
187
153
1580
55
1300
283
1426
57
17
1353
263
1
2063
397
77
29
24
1797
681
1926
141
555
1375
972
488
210
650
364
832
65
97
3
1536
1160
1740
201
725
58
772
1237
98
41
1766
109
684
99
740
824
33
99
1124
1484
240
1070
469
1
142
1
272
582
392
1776
205
707
138
1174
1498
1013
98
1621
244
1
1002
1158
1283
101
22
625
1047
153
1242
1629
8
2292
2192
829
858
56
5
2230
23
385
30
240
7
913
254
269
1806
1407
2117
1374
1448
1805
109
216
1
183
299
545
50
2325
1584
2193
589
523
2034
1990
799
2263
1459
51
1239
2473
363
1449
271
988
350
56
673
516
73
2170
2022
145
5
1
1518
430
141
412
21
29
19
34
585
435
383
1830
2033
204
1674
485
443
83
34
397
1980
5
698
1302
2034
1312
1576
1624
2241
1123
607
1115
423
2352
834
12
136
2499
1639
1165
186
425
593
1749
1547
5
43
710
231
968
1697
1488
186
198
1284
758
1174
1683
224
160
2443
105
206
1
1267
268
1032
1064
283
791
1818
1836
1351
1079
135
108
55
418
1385
149
585
493
271
740
1538
520
12
2460
1
2457
641
814
1024
39
745
46
2071
720
2047
1385
133
1901
1007
1812
1288
563
38
792
52
1560
1
1
334
195
1681
1336
25
1725
660
873
588
840
430
635
1632
353
1878
135
600
1619
245
26
490
344
292
537
801
5
841
1635
8
1592
166
1051
237
267
1948
130
1196
1023
2210
146
49
104
103
1562
19
114
1936
1381
988
234
1882
2165
1389
1091
119
2499
2274
1806
1787
502
1658
609
142
228
1392
1133
632
2151
365
1082
1125
697
571
1284
2138
897
1404
11
2229
108
2
2281
636
117
1460
2261
116
10
1743
1008
1378
2213
333
885
86
215
187
1421
317
2427
2079
540
991
568
651
1066
1093
919
1159
58
739
38
1733
448
1005
704
703
1416
1
1395
749
244
507
767
729
135
502
105
255
6
359
59
151
1877
1438
417
1409
1333
1106
818
304
220
2199
66
29
633
2448
2129
251
48
805
923
9
473
31
33
17
19
575
1464
1277
1791
18
516
747
32
2282
766
2218
478
481
348
1361
123
671
2498
1496
281
1552
21
126
337
22
1150
112
2088
591
261
158
56
453
772
269
1387
1361
335
25
854
130
2466
437
36
22
79
742
1952
1304
30
19
2145
474
785
1008
357
94
1145
1292
119
1197
13
755
1743
625
138
511
819
1541
709
1630
1434
90
822
1839
558
840
941
862
830
900
1711
703
2079
92
1321
111
80
222
309
516
1255
1233
992
1491
1308
2187
352
1068
4
72
73
44
1735
1638
49
677
2458
2056
174
909
767
963
798
1323
252
1860
48
2264
440
133
6
152
57
584
850
5
151
1841
2
921
97
2107
715
2130
14
910
423
997
513
844
1763
1551
1207
1619
459
431
1211
33
589
706
2
1443
1398
376
2003
97
13
709
1053
1853
1188
54
624
5
820
2061
1633
188
207
10
409
2139
1974
797
875
88
650
1546
491
1831
795
426
546
503
916
59
1104
1537
1080
450
400
178
1546
2279
34
1022
660
245
181
1337
292
254
628
133
1460
363
134
941
1179
1
290
2051
562
1327
22
451
7
334
235
267
74
1546
336
1707
1079
942
263
132
20
1132
244
1606
1331
667
49
1171
856
59
1421
1838
251
640
661
12
305
822
204
177
261
476
1185
1483
438
386
727
1215
734
1118
2213
425
1187
1195
1281
2246
16
1629
2038
111
182
131
15
736
31
344
616
136
1474
8
1906
665
2403
1770
115
2312
865
1153
71
63
103
970
254
99
1753
1
241
1801
559
153
338
163
164
595
1
91
135
116
1808
1645
365
22
34
132
2027
1205
850
362
6
197
443
213
963
1626
2193
2167
667
99
2393
86
528
371
1711
1262
1107
2161
412
1908
987
904
31
531
820
983
1367
694
641
365
1829
676
746
1698
2056
2340
2396
55
1445
1877
191
1016
24
14
618
261
7
1533
23
36
645
356
167
1600
701
919
1041
1640
1140
1755
15
318
812
398
1523
1038
1333
588
875
169
888
626
676
78
711
290
40
1399
19
1754
418
390
1796
751
372
3
834
213
873
1956
1261
985
46
1746
1138
2165
791
75
279
943
1892
538
995
1571
323
443
380
562
537
168
48
344
2043
996
781
1574
4
611
2325
790
2407
44
304
1469
1640
195
581
1608
934
4
244
786
104
910
231
629
622
1169
684
19
1353
848
58
1774
1579
491
98
1583
1188
141
123
164
161
59
3
40
657
603
1382
376
1612
362
1423
1749
76
2373
2134
954
45
125
1
1334
8
364
201
320
1018
156
381
1076
38
728
2127
1969
281
790
1367
1699
1186
775
976
21
469
47
1385
1070
226
976
1754
550
320
2096
51
250
2399
703
1212
1779
1314
1640
40
767
1254
695
987
2415
2424
199
31
13
251
218
355
1282
121
748
2389
655
841
12
43
1712
595
390
2139
305
2274
7
1876
501
1981
213
1164
573
488
1
102
2430
763
70
356
1168
417
734
475
763
58
1208
234
52
1100
598
1408
126
204
1585
2103
754
1936
1118
571
1139
849
1297
132
396
2203
682
882
1245
948
1061
113
688
11
1694
460
157
500
22
133
432
1636
194
309
2392
713
238
1171
861
310
187
1439
1663
604
68
99
472
2400
215
176
1515
2388
283
427
1660
64
2146
1645
1951
682
259
268
671
332
358
1376
1125
1655
138
1049
258
207
132
2
968
14
1065
704
413
750
61
2475
1873
1859
339
13
400
79
2128
74
1799
180
2086
496
1692
1406
1782
125
27
780
1305
2123
11
1626
1654
772
1368
93
2320
1598
158
1940
2323
2100
887
1658
1116
1111
554
94
277
905
841
95
1651
354
138
92
939
977
427
762
5
436
697
2379
896
1493
1158
96
185
1471
16
1980
4
1003
1371
1290
1197
2015
130
495
232
31
82
69
1251
1189
602
78
748
11
317
599
1250
111
709
2399
942
676
1083
1634
583
17
2194
754
1602
841
1325
207
227
2353
1037
1299
256
35
203
2215
22
2027
810
1952
967
509
13
32
2200
663
59
141
1761
1239
1208
18
127
345
1229
1213
1498
28
47
701
1488
663
851
99
589
1511
95
239
560
914
20
941
445
1498
119
1002
1355
228
106
241
178
1824
1249
16
1759
226
1411
2028
652
1703
482
297
836
1999
1786
206
744
1351
178
1159
11
1529
104
108
1427
96
195
21
88
582
992
64
1099
241
2447
796
3
234
249
1992
1721
2208
121
1592
935
1253
878
1210
1391
606
16
8
793
691
257
1354
2367
920
435
89
1977
299
2134
1365
1490
1839
2388
2464
223
368
75
1435
400
63
2108
12
57
882
1688
1186
843
2447
1973
1256
1260
2361
1229
1858
492
879
473
66
805
169
55
147
417
502
6
1804
274
1861
1046
1869
1202
1074
12
2188
1910
1015
1145
968
1778
571
2489
9
1152
95
95
93
528
679
322
431
892
1320
1251
1004
507
2226
449
1214
822
1205
672
1366
1524
1519
1913
626
256
1679
335
351
2266
516
361
220
548
884
97
1789
26
1657
690
191
855
1272
211
721
389
622
194
1012
2180
140
1234
113
1723
31
88
87
65
1936
1224
688
1400
1113
362
39
441
1
132
1462
200
549
84
391
134
1005
1132
440
129
1252
764
1304
10
897
2410
733
1185
1657
1037
1848
209
2154
275
78
2
1002
10
707
691
538
1185
12
69
434
1320
290
46
649
252
1
159
2070
203
7
1870
1628
1043
1416
168
1498
21
44
3
2316
2162
2256
40
1557
1044
2114
137
380
38
1628
1509
1130
411
75
7
1908
115
936
733
29
1799
1088
2338
2
336
1360
97
220
395
1870
209
594
363
992
908
572
1392
817
396
2157
141
244
2018
186
745
1142
932
2059
57
29
1026
261
1558
44
949
1768
2038
278
324
675
1219
2058
1004
1766
2461
2273
521
671
443
12
1
2118
1905
1568
1119
126
1600
1507
605
1180
60
472
262
660
408
708
2210
483
1809
8
13
2317
1078
116
43
588
1075
649
383
9
33
2336
274
594
585
167
519
2492
408
630
2363
1209
1703
2358
108
1459
2148
1301
67
1421
9
65
596
1925
2463
1249
98
195
1520
678
25
649
1172
1044
2243
631
956
943
179
1507
1560
1381
434
1331
176
352
38
9
1780
641
965
61
2428
887
163
1840
64
125
304
2474
713
2492
1821
449
1686
564
1725
185
88
457
976
54
221
9
1778
238
45
1425
2247
4
46
2081
1943
376
2077
322
967
1450
584
940
2349
1989
1933
33
1266
364
529
1834
2329
1020
98
2019
2447
1388
2291
336
2084
355
1845
88
2013
1358
1549
1517
1811
1530
2085
2
57
739
14
519
78
389
938
30
914
216
1417
10
594
1439
1099
247
1393
1439
2163
472
1187
471
80
1031
471
198
29
2077
2243
15
1237
1982
1186
11
1684
2082
20
1407
373
360
24
12
239
1467
948
643
56
1426
236
519
806
37
35
1027
11
1958
1773
36
2012
142
329
499
11
836
2232
1816
1798
1244
2372
19
1489
1568
194
1681
74
1007
1435
4
909
71
565
135
464
137
16
1526
221
2013
607
239
900
713
697
1708
2043
243
538
398
1286
163
2
65
1792
110
641
1144
2313
91
1681
968
1816
1
1653
9
499
2480
1728
963
1983
2138
584
183
137
915
1875
904
1194
653
921
982
301
1689
968
2289
2066
23
3
207
8
10
2421
251
16
850
159
1910
2419
2323
99
611
1406
116
194
932
1467
1908
752
685
2051
1248
14
33
22
1520
190
1579
258
1688
407
935
165
33
932
1202
14
2056
979
1654
710
1839
1187
753
52
1320
1155
1108
1813
2287
1012
647
1065
354
1195
140
156
157
1057
352
1532
283
1836
1404
78
5
473
377
2034
453
2067
431
1504
983
92
2413
456
306
1070
1819
80
15
652
212
429
1722
1508
13
1390
98
206
13
293
394
4
789
617
81
93
28
384
92
927
1203
2143
2
875
278
370
360
18
11
45
2084
472
2411
52
494
172
469
24
1539
36
1
1812
1205
1781
935
1800
1880
220
1779
138
369
802
1918
280
839
1195
5
10
845
185
244
1902
445
53
20
33
787
93
1440
84
420
1506
343
1165
2484
502
1426
965
729
1372
923
1963
1946
246
4
343
998
525
113
1000
624
2
4
2238
144
76
644
6
1044
49
84
1988
121
532
533
2123
1125
1074
1123
41
698
510
1729
549
1085
40
1077
147
1939
1678
179
107
19
22
1465
536
66
1967
2353
11
194
1358
2198
293
1098
1145
1238
1714
2295
969
524
1493
1895
3
2216
435
370
403
2234
1038
216
2069
259
131
1
172
1835
417
26
301
181
76
8
2032
919
923
20
664
920
502
420
2367
562
1040
135
764
397
2108
2022
25
970
1033
264
714
195
487
634
12
1003
138
159
383
669
1167
30
845
730
1115
2120
1431
155
737
473
975
145
633
176
323
1044
634
1942
2119
98
1539
1990
139
1680
528
13
1734
1845
2255
1166
516
607
35
647
534
1692
978
1431
326
629
2226
352
1799
961
541
664
49
249
769
65
726
7
806
1593
212
2
387
966
54
186
1483
1250
1033
34
289
123
470
89
474
953
1617
293
773
29
818
63
915
10
129
2
1684
3
653
439
196
4
2357
661
66
513
24
1016
294
1999
1115
1214
454
146
130
614
1036
234
1490
825
2065
2042
1059
7
63
1836
568
11
2427
611
937
1013
91
4
926
1661
634
42
1653
1849
2342
1513
1733
90
176
14
390
14
1842
256
1757
127
1
1141
715
1580
2363
3
1106
18
443
880
468
297
590
757
631
467
885
1317
4
441
1179
6
959
13
1219
9
73
485
905
407
510
1383
626
679
624
675
1672
44
1988
343
1417
1892
2313
854
1550
220
90
374
204
773
114
805
2197
961
436
435
2297
1792
1699
16
419
502
1019
239
702
160
429
1230
3
2053
951
1971
900
71
2024
1045
351
303
67
15
67
1965
16
1939
1820
5
219
70
1319
2372
224
775
1654
942
1846
2173
1468
1247
126
1923
58
145
847
1338
58
2250
255
748
119
409
97
918
336
241
154
338
1972
1651
581
1629
1828
601
64
1782
136
1
6
448
2263
1190
221
216
710
1562
407
151
221
994
2040
196
205
1471
226
576
212
940
499
1928
1330
53
2379
1555
3
124
398
510
1999
588
1970
371
512
1712
330
1446
709
761
736
1743
709
320
11
2
147
117
2423
631
540
124
2
548
620
622
264
70
2352
1031
45
170
927
768
1409
1453
16
1046
437
26
477
1138
619
1406
1303
231
2340
1328
1430
444
239
771
457
46
749
1392
591
253
428
756
1250
560
274
2301
1175
1998
171
410
779
113
77
504
369
1657
1461
493
182
617
2099
1441
48
1441
15
1567
895
176
360
50
5
316
132
1425
1658
1857
257
1536
1
2197
871
104
2160
546
579
26
6
53
1976
1805
248
472
2070
508
1842
10
534
1199
1997
869
765
746
1654
137
1024
786
981
1309
100
130
1016
1
556
1
1101
2115
120
2324
306
1240
1148
1026
119
13
11
1484
442
161
384
214
886
836
689
1274
1139
741
1401
1978
2453
73
1161
1840
40
1370
122
2001
21
547
458
119
941
894
957
298
803
383
44
1086
171
1537
678
91
72
888
120
147
1
509
345
1321
1460
4
453
114
547
294
1241
1064
1917
663
284
10
546
2
857
1291
28
2098
2151
442
2461
1277
650
1775
1004
464
928
1591
2056
1952
479
1023
615
1022
757
64
465
2409
2436
100
288
14
88
26
213
1530
629
2
57
2385
619
1374
1529
309
2192
57
1111
2372
2163
238
1158
9
1921
318
958
369
1132
136
1591
1534
1228
498
1915
2296
2287
595
243
41
1475
1901
278
265
203
37
1510
180
543
763
1015
621
847
1622
92
1276
125
381
158
1631
1993
6
390
213
192
1758
751
2349
1023
2427
1174
227
1729
578
315
514
186
1169
20
18
180
71
332
1220
25
1875
15
3
876
1553
105
1426
1036
955
57
410
1
585
1532
486
234
1774
7
1507
277
2183
202
1058
7
283
38
600
2160
2212
774
581
77
1311
658
1158
1048
266
276
1148
210
1252
638
675
648
2221
1760
24
1004
1491
18
72
26
1500
270
165
1228
111
28
1309
706
1047
1975
195
1494
1387
1757
1326
173
12
5
339
291
944
159
6
13
2479
1902
1583
17
1633
585
1112
155
255
2
32
1816
2092
495
10
148
795
2281
728
4
2347
1451
183
770
297
2246
659
23
1370
1970
80
103
445
279
706
235
90
1586
1647
2176
128
461
1667
285
248
860
1074
2137
393
37
2090
803
1690
435
632
549
1261
1510
1414
59
6
1437
346
2129
594
2192
170
624
29
93
2442
84
1502
317
2435
1444
1122
472
1185
2278
83
396
804
1670
44
398
32
4
19
1952
1305
605
533
1620
734
651
132
1
2
162
1553
2314
62
621
876
1233
2296
59
19
80
1368
33
1052
1432
2304
63
67
118
238
404
2151
1042
7
432
196
1725
1213
631
1764
880
1899
25
1092
598
1663
16
2058
68
1635
1693
906
2271
2194
185
880
669
1714
887
533
939
48
2
1363
976
2237
1965
1522
947
852
2226
100
987
2377
1659
5
168
217
1745
2246
1310
163
526
60
1040
1017
1253
985
1353
1430
118
1622
70
178
799
1439
2025
479
1268
1432
1979
1174
244
370
362
1999
1528
222
670
125
1
273
1849
1169
1428
57
1719
1676
14
150
2450
31
17
1234
1266
1623
45
2040
110
693
2277
2085
241
2093
544
137
1715
98
1271
8
1237
2377
416
2216
807
1669
1769
119
194
1194
1780
2012
431
5
1539
1045
757
275
1109
464
1113
2226
166
1423
1480
177
25
529
1642
2002
459
166
1713
108
1689
539
1627
1913
2227
110
272
1074
46
24
163
665
1674
1646
121
851
138
512
1080
4
13
404
450
1145
742
876
599
1793
17
1297
1481
2372
1982
1248
1080
131
37
10
1373
1580
626
1874
2040
1529
12
499
1137
2114
61
137
1
452
1751
1219
1387
434
113
19
505
663
734
267
314
2141
36
2225
382
356
828
109
149
18
985
1190
923
44
265
1771
183
960
47
417
889
492
198
1003
2
1009
661
26
2240
972
1849
2475
146
6
1486
1531
1518
1464
1099
1754
421
1955
392
12
155
26
1475
42
2027
1690
19
1692
1436
873
1946
347
8
37
938
1382
967
459
909
1153
366
1247
958
1763
1138
8
255
881
440
1757
2357
28
2158
10
1251
709
992
69
783
974
801
3
1947
2474
547
195
156
108
639
1977
577
428
1127
51
38
1238
861
435
10
455
1336
2124
1735
2425
160
146
629
410
701
1948
1736
940
1753
1129
1761
1593
157
1105
1109
93
2280
1754
65
200
1
1406
5
1207
624
1691
39
875
581
95
388
2498
516
1060
2370
2036
754
824
44
715
2307
343
2180
2148
341
362
1412
30
447
552
268
926
1176
76
7
475
64
282
80
47
1522
329
1986
1128
99
650
632
437
85
2099
138
353
1237
969
1020
667
2
2140
1875
2442
1753
459
75
97
1394
1482
955
2004
4
1154
644
1486
1581
200
592
552
606
139
1730
2391
144
43
970
1876
1679
245
234
1844
179
322
2152
185
54
2368
663
826
2
1320
2332
597
23
56
275
711
531
2272
456
1
775
615
571
202
414
100
79
2095
533
86
113
3
1265
1484
1161
1196
274
2252
884
1694
35
131
1144
1843
512
1400
1605
554
1307
1345
2
1365
3
105
10
223
32
2147
342
68
1187
742
1975
144
682
551
2410
214
981
18
967
2224
847
177
897
1361
1494
41
1400
298
2116
537
1977
2204
72
1241
101
2
702
1280
377
1389
342
5
429
255
120
3
253
1
26
2136
421
1172
328
160
1030
359
855
1111
562
914
1543
189
165
355
1231
191
231
22
174
255
496
1747
286
1915
1393
529
1621
2453
468
272
1
1
1
21
1335
543
5
632
383
2273
1832
157
1214
109
239
1164
310
1997
35
719
38
1571
51
139
965
24
243
28
2105
207
2072
242
823
54
2
1410
2441
82
639
1556
125
282
1338
1206
35
1533
2
1323
254
1560
436
1335
1408
739
191
1924
2074
1
5
1080
1741
1644
507
658
994
321
917
1395
1243
2119
1680
2397
1201
841
208
1610
1139
85
14
1779
1
1848
680
2469
272
24
1423
1208
782
1344
1680
1664
590
117
1037
292
2247
432
1007
1821
1454
620
594
1066
1095
805
124
20
4
115
13
964
925
30
1430
204
2465
25
670
31
1850
130
1014
440
1269
1066
2316
264
585
592
1204
140
1256
2034
1769
1238
112
265
1440
608
1
1151
2121
1419
298
2151
1846
1774
1648
234
189
824
1148
9
451
159
15
253
1378
986
187
521
1703
1895
2004
515
247
695
127
97
314
942
1475
136
2039
6
559
15
993
1939
29
384
1662
288
714
716
2247
46
176
171
375
168
677
530
1455
2107
977
114
1148
211
1960
2471
17
2377
2048
1961
1506
1333
393
24
1084
1639
101
4
51
2022
31
246
1259
1026
148
80
709
1048
1517
1893
274
726
938
56
1517
674
64
676
1274
832
1105
463
430
1694
1022
147
924
1306
26
19
7
1365
2053
706
1822
1657
201
248
13
2182
2110
2103
50
219
2261
10
186
53
42
90
2
737
2108
1829
2129
1044
1634
793
483
2481
2018
543
612
997
1987
709
2445
1336
1768
222
2084
839
1893
515
219
159
1409
1764
2084
308
52
2241
1200
252
19
69
553
1807
54
1972
694
3
2151
2496
526
2054
1943
1169
12
1055
11
1234
968
972
749
1686
93
2157
399
524
104
227
1972
872
2290
574
187
186
2086
1552
2386
2445
1043
2261
157
751
3
1302
1013
536
736
333
993
352
348
2200
277
36
891
352
2339
41
20
947
932
1151
42
1202
87
543
874
1181
45
1016
130
92
424
1082
401
846
2234
330
78
109
222
1103
1657
409
1400
1394
1326
1070
1213
2166
2271
2169
1050
203
80
227
305
1500
14
2152
217
267
257
1168
1419
134
723
1582
413
1557
160
2360
978
2121
1643
44
169
39
279
166
97
27
530
105
89
91
277
1351
29
2386
142
108
2361
2345
958
273
1696
518
1578
108
182
41
982
88
26
221
334
49
1051
1386
1562
821
1344
8
588
2432
262
548
10
370
83
1477
1938
21
1648
99
1392
1119
263
323
180
3
1451
74
1040
2180
231
2062
1447
185
683
163
1053
16
152
654
52
298
469
613
480
1774
1966
1916
1291
98
1232
1971
510
1476
373
957
2347
281
11
1022
229
327
133
442
767
1395
2459
467
2187
2165
2215
2410
291
419
19
2212
81
646
5
1055
1505
51
774
1507
422
63
47
198
632
764
888
1502
2361
217
2184
1918
2490
94
141
1789
2301
29
17
1847
628
2
2
131
2461
909
1494
1128
32
2241
608
398
16
96
2183
491
124
1690
969
962
837
278
51
1931
178
619
20
1238
440
5
149
1392
1569
114
2091
731
1197
1155
407
192
1825
938
1954
496
1351
114
2232
1484
2245
1570
341
1122
1814
406
454
1539
2429
2302
2437
2394
840
69
1
654
257
5
683
2435
2020
956
10
100
1551
1334
441
615
102
1620
573
19
1107
2297
27
503
1360
2411
201
458
2245
514
1280
524
611
2250
24
221
674
2451
160
1414
106
44
1580
945
349
579
722
943
381
1215
44
15
1557
881
1
679
1331
13
262
210
1718
1759
1258
652
1520
606
511
262
200
17
2466
1852
752
112
1162
525
2321
512
935
20
136
122
2403
49
2186
529
253
3
1385
508
472
270
655
1771
169
1435
1393
1608
613
520
2226
628
2287
1843
1272
2047
1405
825
30
510
567
26
1463
466
1922
2348
80
307
508
692
206
742
651
108
355
2192
1046
2433
788
3
856
134
179
1763
175
1473
1016
690
818
162
1472
10
2
2129
869
1472
39
12
2281
156
885
1611
381
706
29
532
1107
1335
896
941
4
321
1322
1864
1798
17
51
2149
50
2144
30
143
831
114
1840
981
1634
1744
2028
126
409
514
742
77
1168
879
1689
233
182
401
600
206
2104
9
1050
167
29
967
91
2420
301
1278
484
142
51
754
2300
108
2054
846
343
2179
2
1168
605
266
298
1501
359
1397
84
1626
2441
211
905
276
1144
1850
2370
32
629
671
298
1698
2335
119
1345
1
1879
323
2317
1021
2315
1133
48
2494
735
464
295
2150
1426
615
2471
25
1475
133
2128
196
1096
849
2233
615
1614
2314
357
809
101
14
218
275
2169
8
367
1051
236
1524
765
138
593
790
253
1045
1520
1112
810
195
761
1062
2181
25
2419
129
3
1776
1821
596
29
21
1249
260
2451
2370
58
172
1766
1345
7
425
2361
1959
1791
1731
1418
106
530
1513
711
609
342
1014
26
6
1001
1261
1992
234
15
943
1175
2261
681
927
947
2346
144
717
1496
1319
177
1008
474
80
395
2115
1345
657
769
975
1720
414
2450
51
407
969
1000
643
1496
108
1284
1701
10
155
268
9
508
2
1767
74
1729
125
1015
10
607
1518
719
2
541
1291
10
1176
669
1063
1600
2294
257
1463
1004
137
195
266
2201
14
925
75
533
75
3
26
396
2
609
691
664
1606
1095
1873
565
2016
257
1766
420
1478
514
1229
102
385
230
1168
691
1997
1862
449
186
969
1455
856
239
113
1103
605
1116
1402
537
364
1556
1296
158
1913
381
1131
603
1432
1987
77
1734
1572
3
121
54
1779
2430
508
406
846
2463
1358
717
94
175
2078
2276
159
1633
398
1757
43
2343
255
9
478
9
111
136
212
491
1199
1
1683
671
689
1999
1324
696
1637
1057
817
1526
281
676
100
506
869
576
1510
554
1082
442
41
336
1802
602
640
528
6
2
1379
241
1555
319
205
536
550
79
1054
2486
2113
94
636
1611
909
721
1148
27
1904
2309
19
2342
1818
755
2163
136
492
1341
1136
1272
30
1782
125
230
623
10
1749
628
935
594
88
56
155
217
650
349
439
2389
860
1574
1847
403
490
1753
2065
1368
1141
1142
979
3
974
1352
159
1647
2036
684
1786
313
2421
2042
1671
1765
140
80
716
790
43
252
1158
1287
169
607
1397
1141
1361
45
883
52
102
370
1643
619
112
1450
587
1456
2463
1667
129
3
242
308
460
1146
767
640
286
1031
1005
85
244
959
1219
2
368
30
1411
642
2435
224
2149
982
593
1747
2
888
7
668
398
944
1460
797
1490
103
196
1491
483
881
1059
2495
19
402
197
945
524
1286
1258
40
1196
1768
1030
611
1478
2307
1127
3
1040
2133
1924
2415
325
1157
477
475
1702
212
951
854
17
2315
752
1733
2291
1
2418
370
1733
2348
46
163
1011
2366
97
1472
1562
2489
1891
361
199
45
431
951
1833
1201
859
1728
395
304
1979
822
1713
22
1963
2319
2463
342
613
76
590
190
3
345
1217
1259
2410
669
217
111
52
12
979
1985
806
1801
1379
1214
1645
373
1232
588
4
1356
6
7
305
859
140
22
309
1218
1224
2034
1279
1789
23
21
1984
1100
1116
510
54
5
2256
1350
1932
2389
217
736
660
45
2153
226
21
28
2047
178
424
1012
2206
113
231
912
1833
342
1073
611
49
1740
59
1241
1690
479
780
140
221
455
1573
55
2052
112
321
2
62
819
1979
91
242
2300
806
470
304
748
105
1588
2
145
847
1701
2
630
489
1658
381
795
2098
1479
105
965
189
1206
61
1116
17
1161
607
377
1771
1382
165
2
2177
4
1177
1833
822
224
35
2140
2171
2255
2006
1
37
154
17
402
423
513
1177
24
1295
2343
768
1550
469
501
641
12
939
48
2
3
1944
246
338
31
521
154
1282
431
191
775
1593
920
724
22
258
1447
1951
363
2330
104
1362
192
715
1592
1543
521
1239
1303
1
149
1546
1390
1952
1104
826
2284
37
1366
956
346
138
1049
35
1316
1651
1293
676
88
597
1387
272
12
79
413
154
989
1396
4
5
38
524
912
1356
468
6
133
859
2398
1390
1327
1
364
348
964
1190
35
2439
1094
2464
1407
15
1017
214
1665
109
592
359
18
2199
2425
1868
1733
208
4
3
7
1627
297
809
250
959
694
789
824
156
64
225
1660
2407
929
348
977
28
2211
2429
94
171
1647
361
496
564
346
366
281
165
964
309
708
2170
324
1728
520
1415
9
1801
502
2155
334
337
12
455
697
521
786
820
147
1972
2137
114
364
2406
1012
4
2019
1419
2475
2143
1026
1971
1441
646
946
2351
899
953
1050
476
395
2344
2212
1900
72
2478
103
352
95
369
1233
12
132
2326
5
2207
2157
243
2193
981
320
1496
1318
1453
64
1449
149
2433
2339
860
574
1923
478
740
994
683
1119
474
566
1013
94
1707
618
1493
728
1532
1749
9
2270
69
2254
953
1743
438
12
247
2440
617
113
2258
87
525
61
1737
992
495
1
2357
2268
847
1279
12
48
349
2023
1058
1827
70
788
41
332
153
728
162
103
216
679
492
486
787
105
1368
359
305
516
411
813
925
2162
2102
2300
1611
399
2452
263
1691
1065
560
1650
120
1228
2
46
1239
1816
726
1187
784
375
1710
2042
1358
1218
473
29
483
365
229
72
2015
1909
2018
92
1939
863
13
336
334
75
45
586
658
92
310
378
1129
102
1014
56
1254
451
93
987
448
1255
1963
335
1200
1249
388
21
870
386
3
1193
1531
939
1523
29
93
1717
926
2455
768
426
240
1112
370
97
448
1304
2113
1376
1909
851
81
3
669
342
389
623
921
1863
1221
9
723
664
465
783
15
414
678
759
174
1572
2362
1169
27
59
70
1516
8
440
843
442
20
9
30
1808
510
792
1896
364
2453
2219
1417
863
49
295
27
1690
2299
5
5
386
1092
209
2455
509
1167
2137
2374
197
1056
829
1887
1311
1532
474
83
423
493
652
1149
134
1041
474
1117
1394
2177
2025
120
1214
159
1416
1440
818
320
1586
914
2
879
2337
599
244
2015
35
559
724
369
1811
1173
304
1108
711
981
1383
2103
53
1501
371
1306
2430
758
1624
406
2014
170
44
1079
840
2481
1251
18
27
24
424
14
127
1007
615
1600
1979
982
542
69
746
862
14
1072
137
677
45
1472
1576
196
1696
676
1
44
1653
18
979
1096
1265
524
277
2017
2123
1876
1167
862
43
392
668
82
2060
967
681
1949
233
2231
483
14
1514
57
57
478
267
144
477
1578
12
8
1553
2282
266
947
2188
1347
632
1450
2399
330
254
598
1003
797
2496
459
157
662
1847
331
2068
76
219
1
35
179
115
362
1077
2483
2452
1
210
528
1838
549
636
261
30
2067
670
1077
2240
1150
258
734
659
1082
2252
240
565
1256
1726
2499
924
119
466
355
51
310
1912
1196
1545
486
1329
56
157
1
4
455
718
1069
185
2254
844
611
1298
50
1156
1436
99
380
1193
374
10
942
14
8
655
632
33
1138
856
75
169
1845
104
469
1978
202
231
1884
137
2276
524
10
1744
456
246
162
518
1595
1425
62
13
730
1097
209
1493
2141
1072
287
1079
1615
856
1734
857
867
1364
357
194
432
1005
1242
1202
142
22
1632
368
375
2176
410
1412
226
40
1185
1698
1911
681
177
1965
507
69
70
928
10
620
327
1285
1432
1939
2221
1438
1629
1345
1442
2331
20
146
1494
310
1398
82
1568
59
169
394
567
1232
150
1347
750
10
2
656
1124
1056
30
134
231
742
2276
3
869
1753
4
961
16
11
37
248
1772
2315
211
258
2009
1971
437
328
479
1890
72
1458
1053
332
1472
2047
430
1940
2188
340
1089
1581
955
1256
1013
370
115
798
13
873
73
447
406
2224
1623
1549
746
1941
316
273
1894
6
1790
1739
2276
2487
930
2096
706
783
1295
23
1557
1282
2155
95
84
139
2312
148
116
1062
1162
391
1864
611
2489
227
1219
1538
2229
651
13
9
2018
129
590
136
1531
19
491
200
1074
6
30
110
1152
569
1148
1058
2218
2343
1362
54
10
441
312
269
27
1825
862
2046
1928
2173
119
1679
103
1031
107
2
516
504
263
211
486
42
1624
1750
2456
182
875
2348
19
19
777
2333
2000
1394
502
105
559
1342
52
122
1838
678
924
1375
1508
198
129
2344
2101
9
1532
806
122
2309
153
1558
1177
759
763
1847
20
39
468
1877
65
1123
1678
45
4
36
97
404
724
1898
1481
1075
1229
1179
1304
649
1711
695
800
1610
115
1723
87
1014
23
2164
2144
169
84
1785
1631
854
88
223
137
2376
22
224
940
51
1231
149
540
386
1357
1892
2365
532
1287
2231
109
539
2355
1821
2178
1117
1014
1302
2074
14
1221
1324
475
1829
561
2001
792
33
25
14
2409
264
2479
12
156
164
27
2283
2475
18
151
120
1024
271
1526
1153
118
161
2029
2492
122
362
1699
129
581
1946
1093
2102
1553
826
1119
5
80
59
993
1277
1
177
1463
800
800
1600
1420
2265
1291
2046
750
397
58
1255
94
146
220
2397
587
1298
362
1388
682
554
2434
1400
33
101
239
1226
41
1854
1203
799
2480
13
249
424
587
1402
1
2322
1206
233
14
293
284
585
431
1676
10
22
62
3
1723
56
7
2337
282
141
1525
1704
246
1937
325
2062
68
111
716
667
1017
804
1306
6
514
1012
13
899
1199
546
1503
539
1432
1101
170
19
1388
575
939
1
1512
2222
1541
2127
917
662
19
1824
1520
5
14
261
277
1646
2143
63
570
2220
83
1177
53
7
1554
379
1850
50
617
595
1
306
4
510
2266
75
1837
1134
2108
882
327
437
1860
1306
70
441
562
534
4
702
215
2112
10
1732
1734
2136
651
2
1636
342
98
6
1322
187
587
6
2361
11
49
1452
2316
1535
1224
9
4
1931
445
2174
951
2453
2113
221
1578
195
169
305
590
1559
2254
1429
168
746
1155
75
2446
368
2049
333
363
751
1773
1587
122
462
71
391
1716
966
4
981
511
957
463
1712
933
944
43
56
520
99
204
2068
89
1717
2064
3
631
950
2441
348
61
2262
2264
1658
547
642
473
1638
1037
2467
22
774
191
88
1
653
417
320
18
743
462
256
2166
1081
1754
248
439
153
2163
172
405
12
1152
638
897
1143
2275
1755
1835
745
1043
8
727
222
1489
2247
2200
1817
1212
1461
635
2023
164
31
1428
1781
1755
2472
28
334
11
729
819
1821
14
211
2196
2285
101
245
686
2
8
1331
701
421
1153
232
2068
450
441
463
59
2406
189
1497
15
1
1037
1193
752
267
468
4
735
367
1353
495
1086
417
351
1710
23
346
338
2332
2279
2292
395
2366
1
1002
945
685
692
1227
244
194
2191
801
56
444
68
1183
1125
103
1024
146
912
35
2366
588
58
393
1248
1582
73
257
14
1590
2123
1273
469
633
421
713
1027
54
1444
244
1
678
736
89
35
680
1794
414
1222
1413
580
943
26
2210
443
556
875
1346
795
934
2448
1185
2037
884
509
370
64
2178
2055
552
60
404
1994
104
1304
6
4
382
106
1761
640
1293
38
5
357
2294
1645
403
940
2
317
1215
2
7
1982
172
2346
111
871
1619
19
33
1018
2085
1347
632
1106
302
254
90
840
121
809
720
1165
788
25
14
960
151
1596
960
1697
1959
843
1139
969
66
420
1231
1500
119
143
1098
109
769
1279
33
346
1274
2462
2455
261
1036
2350
2440
1240
46
7
46
168
216
781
1083
1275
160
119
1942
633
339
621
1112
61
591
43
437
291
112
253
1281
88
1645
1217
466
149
4
76
62
2021
16
2306
594
426
128
1242
1370
1415
2242
9
813
1299
39
622
770
1365
173
2099
166
17
295
969
101
411
110
1749
167
2
337
8
985
10
1217
1709
1594
690
1002
5
468
544
408
6
317
339
286
1598
2411
72
10
45
2161
97
2495
92
2120
6
1929
46
681
1690
11
2416
595
529
1772
1182
1331
2426
718
1988
320
6
426
1714
1091
831
156
1185
65
1
959
2093
56
26
1096
319
26
86
499
985
1864
668
2230
190
718
1582
332
2456
1066
1393
2053
2277
24
129
38
2249
761
189
1924
1303
327
2022
2054
352
970
1927
872
34
64
899
949
1252
2384
1554
755
540
671
1242
890
61
1239
235
1677
332
1716
574
111
336
93
242
499
744
93
127
568
1774
2017
357
678
585
1
2193
2071
427
2175
1057
1575
1144
1231
650
26
1
2113
264
1180
822
1769
1741
727
1517
1342
214
5
1507
1192
276
18
175
189
1442
756
636
1471
73
36
1989
1019
186
169
399
567
82
1917
1000
120
1719
119
46
1482
1004
3
1417
30
512
1693
1382
738
805
642
1074
1435
1328
1308
1217
1742
134
2463
1830
1
2370
1
1403
15
1436
1610
1778
1417
227
295
951
1263
2017
506
95
143
258
1101
424
130
842
515
26
86
60
260
2080
2073
919
1299
1547
1887
1594
95
8
4
1514
1231
2150
26
13
66
1771
7
268
125
692
122
2407
1578
1323
16
2045
2423
333
335
2427
268
2009
1318
926
3
350
126
434
1323
2496
921
2084
998
1196
462
304
2278
1404
62
220
393
151
3
695
268
162
54
729
1082
2426
1432
36
2438
1846
69
91
1894
1150
164
2049
509
147
6
89
49
6
1860
1044
63
1309
59
3
1708
50
988
100
1516
167
59
1768
530
2149
961
289
8
284
31
1947
14
930
2213
2170
809
1041
67
1148
75
1501
1
1372
338
2256
481
303
284
6
1143
511
967
1011
64
6
269
2337
340
1961
2452
2170
2368
2370
1420
1587
148
1349
2141
482
109
131
1323
2200
69
878
91
828
2282
43
1584
197
893
1851
2332
979
258
1322
2050
1607
2396
95
995
2262
116
1777
2294
1607
1135
3
393
88
321
435
1499
1121
989
7
16
13
609
1452
55
832
804
224
2204
854
1919
1514
845
2241
1102
1
2012
1113
1938
25
519
67
956
1180
783
886
494
55
4
27
1005
2302
1123
688
43
403
1232
676
1751
7
1931
1
2265
821
3
865
271
1334
14
1694
55
262
1701
96
353
969
259
657
1232
21
370
1274
415
648
449
1873
816
1509
66
963
61
321
1772
2149
1251
21
2249
569
765
349
849
46
12
826
148
34
2021
175
76
263
1186
40
1560
105
68
2395
1793
5
913
7
6
1982
40
1099
6
408
270
808
1482
1217
1484
2152
1364
1415
56
536
887
1
837
103
2164
654
852
474
727
1122
1585
1311
2272
782
395
18
71
761
16
422
1401
2
796
234
1000
79
1200
1154
50
1561
1309
208
321
793
357
1239
1449
1146
585
1779
144
393
1
206
359
1395
18
728
15
288
964
72
1920
4
395
524
779
2394
4
347
991
1884
43
458
5
883
793
2
1734
276
1414
893
1125
138
5
45
78
391
4
806
1429
1532
682
1544
1141
2292
1011
2354
96
408
594
469
455
263
130
949
1184
119
499
1948
1100
35
573
1730
3
1661
57
1205
2378
1217
13
952
1386
1945
3
27
606
2054
849
228
132
1274
627
1397
359
854
66
422
68
2231
722
384
122
2091
9
815
1551
143
329
299
693
1378
1102
59
387
856
1299
171
187
402
1083
215
36
1126
496
124
49
205
13
22
287
367
897
115
372
58
158
1084
20
2491
1486
13
530
1632
124
52
270
1214
36
95
31
230
1561
80
2458
2456
50
779
14
1411
44
16
354
1671
365
618
524
2319
486
926
107
77
352
145
3
39
410
124
112
2006
49
140
26
2046
568
36
1402
1008
1376
2
2336
224
420
322
72
224
917
923
1390
2207
262
1181
20
716
437
87
1710
198
488
872
1467
763
4
446
1939
844
68
1074
1854
195
797
2289
1673
1663
805
50
13
1662
762
861
131
6
39
1437
2388
1448
236
359
2214
123
2405
907
333
134
555
1602
581
909
2393
1448
1824
1778
131
1
221
96
832
326
170
175
875
1365
234
1181
4
46
1378
10
31
1335
727
1378
24
87
944
1777
1332
68
1202
1872
20
733
898
245
185
15
2115
760
124
9
559
2474
10
985
697
695
861
1708
9
946
44
129
1653
1693
1799
734
1834
2072
1
1548
835
775
703
551
927
146
183
180
1110
1857
140
86
1400
390
2
1915
601
835
1883
117
2120
22
1801
2272
593
857
46
140
222
2197
224
324
1110
573
719
1808
2335
1256
169
582
2071
50
1052
237
1753
1442
14
419
149
2022
1281
995
727
2032
1217
2186
828
1638
2108
10
228
4
191
1500
160
120
2086
174
1717
1137
1538
12
94
2471
1165
741
8
1778
2410
1079
107
326
648
699
150
2183
1283
728
1644
17
79
1142
486
1273
8
1322
2429
575
876
1430
467
656
600
399
2089
257
1675
10
63
225
553
2058
324
1461
455
1
1273
131
995
895
1658
571
58
251
84
2436
1856
579
277
168
1155
892
1713
2278
217
20
688
342
1428
1523
2170
678
685
2397
1004
2263
938
1549
1006
2454
843
303
506
2223
153
153
2406
528
655
1614
2022
2321
1377
772
1318
1206
1833
1667
2469
566
740
489
147
1040
743
42
438
657
202
2327
35
993
1779
39
429
1932
1473
52
3
54
1753
481
920
319
79
207
1998
124
98
1761
440
1165
3
1007
2379
794
890
265
1209
158
601
1385
1376
281
290
743
117
761
5
2403
629
1675
1764
1027
2019
55
570
651
1558
23
1353
1073
1501
171
598
2121
249
562
586
265
419
57
402
602
322
1514
11
1424
1675
406
22
909
2312
236
1293
472
291
1149
372
15
120
277
1004
1858
289
1
1901
2346
316
322
1599
75
382
85
1193
906
71
188
768
1239
963
477
601
463
2118
129
108
686
1244
1880
162
1499
178
1134
1
1002
165
188
18
3
104
1621
993
10
521
463
915
2357
736
239
982
1211
350
2122
1081
400
2015
474
1855
831
83
1663
618
1894
4
9
1916
171
515
1430
1483
722
154
644
7
2
508
911
611
2
1541
221
630
2059
419
1964
1195
116
1043
21
9
98
58
750
1135
1042
669
719
1720
1148
929
162
1092
2247
16
1182
534
5
1574
94
286
1733
1891
1602
894
436
761
148
863
17
144
476
1260
1398
798
340
677
388
2133
2224
1570
488
1572
1053
2464
1406
589
964
1234
596
1524
46
23
2268
926
798
193
2016
79
241
145
7
1574
167
423
2279
5
444
2168
253
474
474
2326
2040
325
679
1302
1975
35
312
409
207
1968
1895
9
7
254
606
1426
104
2064
1022
180
1350
9
724
237
46
723
198
15
2441
1842
454
1371
733
43
1404
582
572
441
1349
1090
1485
1876
2078
1570
2202
220
218
699
1754
1774
29
1234
40
36
5
1372
690
914
2487
117
2027
1665
18
117
703
804
424
1115
9
220
2408
2262
81
314
2328
33
162
658
2182
784
746
851
9
278
962
1482
932
23
2234
78
7
156
1382
1546
1624
1126
1783
930
508
1665
1064
1049
781
1344
167
134
194
37
9
155
1056
294
830
125
232
936
71
7
60
1500
72
174
14
88
355
1734
1652
1265
507
1635
1
20
209
1123
126
724
1779
92
1962
1008
59
2361
1369
455
238
179
2022
158
821
1144
254
60
800
9
9
100
123
177
1422
1339
866
2081
181
2029
2456
852
1837
112
728
2112
2309
59
512
492
1796
1049
93
203
873
221
448
327
1077
2121
7
1883
1993
25
205
4
564
111
860
2463
47
63
960
1102
2192
42
1203
1498
243
513
2156
179
257
2458
1922
1974
2387
22
1379
1552
1179
254
109
597
297
1
1236
109
1281
1922
6
1799
596
2419
1612
19
968
2330
733
51
537
850
53
1392
606
1594
1
1568
7
635
467
1045
1462
27
142
636
1009
567
438
500
190
481
45
218
406
1477
1494
1480
901
1419
40
2012
1899
1470
506
2340
109
260
1005
415
449
1242
822
617
338
678
4
627
20
879
88
437
1454
906
1275
806
444
858
1028
13
56
1795
1124
1391
520
461
347
979
1978
2083
2181
21
1042
911
21
372
20
1044
462
2455
1135
563
78
2486
96
1663
2422
806
1640
1657
1838
17
1110
1143
2393
1188
2251
1973
26
964
1613
1826
855
11
348
263
10
118
2288
1286
592
1004
962
583
1527
764
2499
195
641
1924
951
48
709
66
1537
395
36
2209
12
443
141
696
7
637
2013
549
794
1477
170
1
122
1089
2277
2020
275
58
198
691
1604
896
24
788
2167
475
1012
1825
2213
1849
1539
1792
25
385
119
1718
617
1180
2441
42
4
1469
49
323
101
586
1566
82
858
1
2324
996
1920
1217
135
1647
156
173
688
8
302
499
1237
1415
448
1054
2432
2483
43
595
205
39
2058
309
1192
152
1328
2372
1715
867
338
457
146
1754
2353
2
679
820
274
328
1818
1502
471
2095
327
13
893
1095
1778
1134
228
1838
1939
390
957
3
512
1353
126
346
994
113
1
1340
40
1383
40
345
2116
1861
3
196
853
421
99
195
144
1996
2219
2248
97
1783
1992
24
25
928
318
6
2385
999
43
839
21
34
1403
1292
2067
1006
1563
1077
405
93
9
73
174
494
1630
1482
79
2250
2351
2114
989
1476
1551
646
502
2150
1767
135
485
32
152
457
368
1618
163
208
16
14
115
1
1060
1598
173
433
641
603
541
203
1884
25
1016
592
394
176
7
1324
647
546
469
131
1748
2282
228
500
458
1103
762
154
354
742
1649
213
1734
20
1290
1397
142
708
924
31
1289
110
1262
1
714
2003
128
535
1235
1560
261
104
19
533
2286
1287
2289
118
192
1433
1320
188
281
2
430
1835
1475
899
992
570
214
1246
2
358
1199
92
348
2355
375
1119
172
60
1614
992
9
1351
85
138
838
155
648
14
1019
32
2090
2104
52
426
787
933
10
1676
17
1636
1385
109
617
182
401
922
645
406
1357
1080
4
891
669
1781
770
1809
438
57
8
88
12
161
2454
454
566
714
325
151
461
1034
193
151
2147
507
21
327
1579
457
978
1586
2387
1626
442
692
517
78
18
2032
113
1912
529
1653
13
1875
1603
985
1843
2032
42
1546
2289
1247
451
48
1315
62
2356
457
12
529
774
341
1807
241
166
449
1754
2188
720
2190
1056
616
457
467
1086
2267
329
2
658
1133
166
2442
930
1026
6
40
1859
424
2411
633
91
118
2420
237
2127
22
89
1431
213
52
2228
1791
1766
447
2190
930
2116
579
1464
2297
69
1
1816
1539
663
380
563
2230
1544
1733
1555
22
166
701
59
731
785
1
79
989
14
23
835
999
605
85
1594
1151
2171
1596
469
6
14
2435
11
1738
644
1997
1917
1613
230
2270
1711
1717
452
864
484
2430
67
2062
24
882
772
1245
2499
905
1077
555
23
1386
182
2449
8
1306
551
1073
1182
2421
21
1051
485
64
82
956
593
2450
574
361
2434
39
1569
826
1891
1333
569
31
627
1850
12
268
961
2010
1298
122
1306
1571
2337
2393
1200
44
1646
1117
1061
13
155
87
914
80
1648
140
140
429
614
1368
1847
1712
2325
2243
207
527
554
18
264
1449
566
18
1596
44
861
9
285
468
925
624
2300
1541
353
1314
2312
821
711
2
197
729
173
898
446
1075
1984
65
802
670
300
1861
13
84
5
1
1615
252
160
1387
1282
746
664
394
2
211
265
2287
1003
41
218
1400
1484
586
854
981
2110
171
851
2175
1068
2096
1443
204
293
419
113
702
1830
105
2408
367
189
458
1453
1766
90
1714
203
154
95
596
2317
265
17
2
111
481
451
1788
1010
824
2299
578
1954
13
529
18
229
1431
56
167
8
63
1462
31
2015
5
1509
191
21
217
215
586
16
857
776
411
314
266
2294
2369
228
2177
123
322
504
483
236
11
1147
798
207
862
304
55
2464
57
259
222
17
2032
180
180
699
121
128
187
246
376
1449
609
282
38
383
1793
279
1182
18
826
32
144
2275
2252
474
2093
2197
2007
254
543
1148
1
222
2128
944
52
1746
23
406
22
2021
35
63
451
118
2221
725
1004
1866
948
1704
272
301
385
54
2013
353
1133
916
1200
1002
29
156
1812
307
1157
70
1421
1403
2055
28
2231
1823
1929
1370
2491
1622
361
752
440
326
1720
970
819
67
805
42
1749
113
2270
2475
20
401
1184
765
51
222
334
1501
331
1225
80
2292
1651
513
1485
869
1345
1403
259
391
1657
1489
37
173
134
742
1
7
1997
1966
1203
11
2450
68
501
104
2237
1354
2131
149
1905
193
579
221
179
25
1977
1355
1581
1735
2279
1810
83
48
315
1545
109
2038
59
1222
900
364
598
2094
1630
47
875
1910
741
2175
791
267
644
1745
563
17
1326
1762
1653
408
627
2424
1422
26
194
2450
2458
822
263
164
535
522
52
1598
1273
8
1749
647
351
63
414
705
168
606
268
617
363
2
439
428
2393
98
2492
237
14
1268
755
84
508
722
1123
1764
148
947
279
