30
296
1
2
29
3
767
8
357
2
45
1
24
783
532
65
115
12
1553
391
1
1806
339
1458
5
968
564
48
897
2
8
126
1
14
20
58
515
12
480
38
21
1195
56
7
27
86
5
4
14
4
953
94
1
6
57
413
293
14
6
46
75
428
263
2
176
13
139
213
219
346
10
165
786
1
41
352
97
4
1
324
25
1693
1274
144
4
2
39
5
64
1
4
538
183
54
2
2
48
12
5
858
4
1
1
1437
1
985
16
18
97
585
103
2
975
6
128
7
1140
84
178
16
872
1
1266
1
862
644
1
5
1028
7
1
1
1
332
1
209
14
136
1
5
15
966
757
25
1054
47
25
123
1761
17
1
411
133
16
288
96
183
1002
1184
1942
24
130
408
1268
957
2
8
90
1
82
35
37
4
374
1268
3
23
1
27
2
42
11
74
4
247
12
103
122
321
2
1
5
3
1181
7
1721
916
522
566
15
57
6
443
22
1
1
1
41
501
953
15
73
749
1
8
11
254
35
3
23
353
23
584
75
30
173
1
23
11
1
15
8
5
1555
220
1312
470
5
399
279
17
1
1843
5
48
2
8
15
53
704
1
782
1
1
76
1
1540
1944
22
4
63
81
1237
44
108
3
1416
75
17
13
6
109
360
28
101
1
2
106
1790
1
3
136
232
88
802
146
106
8
104
36
48
1
225
6
108
87
220
329
224
6
1
1
155
444
2
5
86
2
4
1
10
26
44
1263
28
3
2
5
5
661
517
415
202
3
3
38
1
2
316
1
31
294
49
394
1
557
56
204
4
1551
10
1802
3
88
2
369
73
45
10
7
1
49
2
121
184
17
638
401
253
2
28
1
1425
992
33
174
1
6
736
204
102
1129
495
158
1825
3
6
282
287
1029
314
225
5
766
88
343
102
3
1191
1125
2
800
57
3
101
15
1092
6
491
36
1
39
22
285
16
364
32
20
1544
6
1
863
13
242
12
39
1
2
1446
288
15
7
189
11
841
1
88
1
3
117
1059
565
60
1665
118
676
1
4
22
785
18
160
442
1995
220
41
11
3
1
1
56
1
999
27
144
118
1
1764
21
11
6
685
22
1341
99
1
12
6
547
1
160
277
298
82
854
10
1219
1
341
5
7
1
14
55
33
1
158
7
42
195
161
200
4
426
247
1554
15
1
4
4
1
30
1052
34
17
1
8
1
18
1
1190
98
5
8
1
3
4
44
88
86
6
1
2
1497
61
10
1722
334
24
8
97
3
1871
4
16
6
3
101
4
1
5
6
44
58
1697
276
3
13
36
1514
1
749
1
851
1
31
1
1
21
76
1
268
332
29
79
1327
17
1248
16
6
155
222
26
21
2
71
119
36
1
1730
3
15
1
1
386
837
1313
1
2
2
3
1037
776
824
2
23
1
1
672
3
822
1
125
3
180
664
35
1
52
251
192
17
5
983
1797
134
4
5
78
3
1608
1013
6
3
1
9
7
1499
3
1276
1
4
10
4
16
9
427
18
28
2
1318
5
15
178
1
4
1
5
1
5
13
59
313
382
24
58
7
5
1
55
14
201
1
872
203
672
1
3
350
114
952
1
88
1
53
2
45
59
29
2
614
8
1
836
42
899
211
89
2
15
1
564
465
433
106
1242
1854
92
24
644
1
1033
11
73
1
3
6
3
30
4
404
40
364
1
618
701
23
331
153
224
1
225
139
3
754
10
1151
2
111
2
685
99
18
8
1267
1919
19
776
1231
1
6
3
1145
55
1
2
7
1
82
18
4
11
217
78
34
428
3
1
1352
579
25
1062
312
471
89
4
9
4
1
3
78
23
24
89
9
76
164
35
77
261
54
250
5
1
25
1
17
743
111
1
66
1624
1658
1375
171
68
41
35
158
13
3
20
1
180
3
911
736
1
5
216
375
3
17
16
3
1
1
195
3
36
76
11
7
1
1
10
8
1
1
3
735
7
6
473
887
823
68
2
5
1833
67
29
1
282
2
3
1496
2
739
13
1
1
2
18
42
231
67
86
56
119
7
3
469
1
15
19
51
1093
7
1388
244
11
1524
129
9
35
76
526
3
1
1
107
191
2
11
7
474
4
3
458
1
727
514
1
118
2
2
254
871
113
606
280
2
10
913
112
23
274
1
17
1
5
189
21
194
6
725
1247
20
256
3
10
1
2
106
71
9
636
1577
12
16
685
7
129
5
39
4
736
1862
2
413
4
16
78
1
2
1140
86
21
1812
61
302
1
34
296
28
1
4
153
1
80
15
20
552
19
1
1
12
55
32
95
961
52
12
6
3
32
488
8
9
7
10
44
1594
27
26
1069
589
1
442
260
1
2
297
88
3
11
23
39
1413
161
29
7
9
89
4
617
9
3
44
30
90
1435
3
221
3
583
15
3
1045
2
165
35
1
84
65
81
8
1
1
22
640
4
1848
3
17
745
56
19
1
1
7
47
1736
1580
50
6
101
153
34
13
19
16
224
268
328
1972
815
406
1
4
5
16
462
85
11
5
1
110
3
7
11
1547
2
150
272
4
30
41
23
55
162
11
2
63
652
90
17
1249
238
845
20
90
409
34
223
51
2
1
343
13
3
13
109
1
4
27
3
17
6
650
1145
26
621
401
47
48
80
1
1504
4
1
7
63
6
298
43
2
1210
1
1
1
13
4
11
8
704
49
15
34
121
53
29
4
124
1
1
5
995
666
537
1
13
12
1430
41
137
1057
3
483
60
4
870
3
2
723
2
334
16
823
24
1
4
7
1
565
9
67
1
957
3
1
1
376
7
1505
8
6
22
145
582
58
349
22
108
384
74
1863
779
1
1
67
68
949
1
123
1607
4
1183
39
43
10
14
465
24
438
11
71
268
24
7
1355
2
6
27
2
353
70
2
1
70
1
1
509
140
6
4
3
926
1
25
1124
12
1605
3
321
1
184
1
832
332
10
59
391
42
290
56
717
6
30
1
90
7
2
1
2
941
152
50
11
72
876
28
1
4
1
4
390
1
13
96
13
136
4
297
549
1290
114
127
299
323
4
1
7
432
22
21
1
82
208
2
256
160
401
5
11
12
17
1
4
8
628
435
1
3
1
8
176
6
34
136
13
90
39
2
17
1
17
9
82
15
10
20
1918
1
1
218
6
46
2
62
917
192
1265
1
1
394
1
1267
4
1
1
99
60
5
365
36
1
1228
233
30
6
13
301
479
2
20
1323
4
32
10
434
140
89
105
15
3
3
54
537
890
1638
1
13
390
1
1478
16
2
2
490
126
6
6
21
2
178
1
399
109
632
15
1146
699
8
9
654
18
1959
886
4
365
609
5
1297
25
475
60
58
704
662
1
1727
10
845
443
26
604
33
3
1
21
35
3
41
795
45
16
32
49
235
319
4
36
4
55
71
3
1
645
745
196
559
200
1752
656
1349
146
135
52
3
133
1
95
45
735
381
7
1
9
168
134
23
1195
185
19
358
933
4
25
934
45
2
21
1
31
450
31
254
441
2
1
4
17
43
16
84
260
387
136
298
1
8
511
48
3
1
1
1391
1
2
10
380
325
1327
77
49
39
812
44
131
320
1693
472
5
1
2
7
1088
5
46
28
2
225
68
11
784
163
6
229
24
1
3
1859
1
14
3
60
1
1023
36
468
30
1219
2
1689
3
1376
45
1190
1
138
5
1
1992
43
49
1
37
1
2
184
185
1
166
1
1
60
134
2
1001
40
1
95
3
1704
431
240
390
1
6
1
151
1
5
79
360
471
33
4
1
54
1
1534
201
4
77
300
1
1024
50
225
9
6
104
988
47
49
3
226
3
1
280
36
447
1647
899
609
1
194
112
1
1
238
4
68
614
102
255
663
120
1
133
22
58
6
9
1405
1891
11
24
31
127
4
1
33
242
1
1
21
336
19
2
153
8
814
94
1
48
14
1
417
871
1136
71
10
17
15
90
1
792
57
1
54
5
984
1
1100
1
5
175
16
4
562
411
767
7
17
604
138
695
67
69
6
1268
135
383
1
735
1
727
249
4
1446
18
34
7
220
3
10
188
40
2
93
1844
844
6
4
2
1
666
24
433
780
1
2
605
226
4
19
30
11
10
174
1
571
2
6
17
1
5
9
5
1
8
98
104
104
8
6
1652
1
106
1356
6
115
322
290
9
66
12
1216
13
40
20
159
4
632
14
1812
1094
42
1
2
45
8
2
22
493
1
747
3
8
3
266
199
158
104
29
190
318
627
2
2
16
76
566
12
1
4
11
165
3
2
308
2
1
31
4
579
31
88
2
11
388
859
152
1
105
3
273
148
143
2
18
99
22
1
824
43
7
201
658
7
2
9
634
9
182
2
9
1426
5
343
289
683
10
684
1790
6
1
99
17
1580
120
1354
1189
870
628
1
673
729
5
123
2
56
16
3
113
9
248
1
105
12
1537
64
1
229
3
363
392
27
1330
1807
1
525
30
384
103
2
102
181
23
5
1
16
167
1211
49
4
66
163
2
1
1746
442
100
12
645
118
1
67
1
7
7
1521
76
2
1752
741
79
1661
2
1697
182
6
1163
6
14
1473
437
36
661
46
14
19
1220
4
83
203
1
34
299
39
3
248
610
500
7
69
1382
1
1181
12
24
3
4
1
1265
3
1
1400
31
74
1
75
10
16
1
282
2
3
157
654
1
43
331
22
266
156
36
48
180
526
27
6
115
334
4
892
5
6
566
25
13
47
40
199
2
15
91
1262
1886
2
223
3
6
377
7
118
1
6
296
631
25
319
39
5
104
1115
249
2
1
7
92
308
6
2
25
2
1709
580
442
248
1
2
22
5
1
5
32
35
2
2
71
75
1332
401
1242
1
114
268
20
42
1134
1
1
1
4
541
59
1527
6
10
4
14
109
4
628
1
586
2
3
2
1
60
142
1
1
1
15
1837
2
8
1
240
4
353
1
8
922
630
29
1
344
1728
589
2
7
96
3
1
1104
1
274
2
812
1
1
50
135
7
103
82
36
1
1399
3
62
3
778
32
81
313
2
6
7
332
2
760
22
134
2
1
1
84
264
303
91
5
33
31
2
184
97
394
34
1
2
4
66
27
8
28
1
69
3
71
2
277
2
31
15
1
5
46
2
3
2
802
27
211
245
9
253
1533
547
1
497
232
2
21
337
859
50
1
103
1
98
27
438
2
355
4
166
1
28
503
9
20
16
1
91
5
15
1001
124
1266
143
640
108
22
58
2
1480
107
18
2
291
44
193
3
3
10
446
32
3
581
186
31
641
2
1
3
853
5
2
911
191
1
3
132
86
1
24
40
298
1
120
22
1007
74
16
19
77
21
42
3
677
15
13
9
2
3
118
41
1
3
3
307
459
34
67
1
790
18
3
953
631
465
133
2
5
13
15
274
546
181
248
1
132
1
23
80
4
117
77
1
1
39
4
5
22
12
810
1
83
6
212
10
85
6
1
366
76
72
12
21
147
21
12
1
14
973
65
915
1
95
1268
4
642
37
542
3
118
30
14
471
155
381
360
2
1160
67
1
3
5
35
24
187
7
178
43
3
35
1
12
2
22
114
332
1136
307
838
1
1
343
1760
456
2
879
1
1
15
994
1
1007
83
4
4
6
4
2
42
77
179
11
126
388
138
25
45
17
2
3
13
157
127
64
1
42
182
30
46
640
1737
1
2
51
6
288
178
141
165
141
29
48
190
10
1
130
83
1
208
130
46
1
362
7
1
5
199
27
19
21
2
11
2
9
30
1263
369
7
29
2
469
28
430
79
894
372
5
1289
634
1
3
1
2
1
3
64
249
25
2
7
8
10
437
1446
7
1
1
116
144
401
21
902
10
77
8
15
1521
1
168
1
3
207
2
1320
979
23
10
1
388
38
1559
1
1359
1167
20
23
51
43
3
1
36
2
400
346
116
1
1223
10
45
95
65
507
73
97
28
1
275
1001
4
1
4
33
11
59
180
11
1
2
1
69
595
831
2
2
84
2
48
22
10
3
153
10
30
1
5
68
22
76
1
1568
22
964
51
7
1
1
63
1782
50
10
1945
5
2
1568
1
86
10
592
41
19
586
3
12
266
689
886
166
48
1
189
276
6
2
1
1
222
1
1507
3
79
437
6
3
554
1
335
221
179
1
590
5
3
847
1
189
18
4
1
569
9
1435
65
219
26
780
297
17
1537
12
823
2
108
3
5
1
159
18
1372
6
27
3
523
384
1
18
6
2
57
1
404
53
4
2
8
1
479
170
12
479
7
3
3
246
615
1
13
9
782
130
23
6
1
282
70
1
6
590
143
4
1
8
4
86
27
19
1
4
115
37
727
252
211
202
424
1
761
13
402
1
335
331
1332
240
822
892
6
371
4
1
1969
1
10
16
394
120
981
469
97
3
27
9
1
126
5
65
4
7
1667
4
931
9
692
33
63
5
170
6
1011
3
10
146
3
9
28
12
20
13
1
61
750
1249
2
46
44
9
2
213
3
34
1341
253
108
1
119
1497
285
2
11
903
562
1
269
4
230
31
1
111
2
18
6
1
154
1
18
2
4
849
10
64
16
51
18
81
197
2
4
1
614
1
135
1
1
81
988
8
155
1593
143
20
5
276
1
22
3
1955
7
30
1
720
1271
2
7
596
113
2
111
9
1850
1
39
21
43
58
2
1
4
63
125
55
1
33
368
83
1373
1950
14
17
7
1993
511
19
1625
533
2
885
1
53
8
66
95
1
39
1
4
64
1882
3
5
1
1
10
685
42
4
6
489
459
413
1
653
39
97
556
108
718
1
20
150
415
80
1586
13
163
2
1
15
857
1889
261
965
1502
53
1
674
33
232
1
1393
3
235
1455
1
4
1
6
5
76
749
1
161
648
1612
47
87
1571
10
13
251
458
1173
624
331
60
903
60
382
948
409
34
58
25
296
423
3
6
42
262
2
170
592
1
108
2
5
99
1
8
59
190
39
143
41
1
30
6
345
47
3
5
1279
1612
81
1
1939
2
808
3
1
10
9
701
77
31
1
261
322
1322
5
1
148
127
546
595
7
1
18
33
12
1003
197
11
75
1
1
142
102
15
1
1
103
692
15
1463
10
14
1
26
59
2
1127
5
8
535
728
2
4
353
4
29
1
2
4
37
70
1539
1257
286
7
225
351
169
1846
1
370
5
1109
9
646
136
260
731
1
50
365
1
4
2
346
2
1
9
239
1
2
6
1117
24
2
649
4
4
25
949
392
926
23
101
36
1151
2
6
9
23
9
25
903
1752
2
21
364
1
1
6
1
6
1
23
835
10
18
46
328
55
406
1357
594
234
6
143
3
220
24
1
1
2
2
124
3
9
3
5
154
1
251
3
225
21
807
6
32
136
92
1
380
325
409
3
27
26
1406
291
3
5
5
77
54
1
2
3
1
14
8
4
2
424
506
14
1
163
1416
29
14
171
2
78
7
53
157
305
1
174
175
5
1074
1357
415
8
1
14
51
1
2
27
3
20
102
2
3
7
55
68
2
679
144
1
53
4
37
6
2
4
1365
1649
665
859
179
9
3
2
2
1642
78
149
3
1
26
871
3
11
142
1
1525
5
235
96
76
74
1334
1037
5
1
64
77
1032
137
2
242
110
1323
1
17
58
50
51
4
344
1143
1851
2
1603
2
3
1749
145
2
313
603
66
1
1
1029
39
1
27
1
2
96
10
2
966
5
5
310
430
219
56
5
1
17
71
1909
22
102
1996
1606
38
3
1832
434
541
292
1698
29
1
53
70
14
33
357
265
327
113
676
1772
2
82
2
1516
1
210
7
4
741
146
2
294
850
1
14
37
83
38
37
1824
56
1351
209
1258
33
1
582
655
8
32
77
1
1
1307
1
16
17
44
11
22
403
4
179
3
1749
29
1
2
1
126
27
131
2
12
5
3
4
3
11
802
66
60
19
1403
223
4
1460
22
468
5
963
1
104
2
1
3
19
237
793
37
1193
16
57
2
83
131
34
1193
5
1
96
3
42
18
1167
16
144
1
33
4
150
8
2
5
29
132
1716
112
24
1
1013
293
396
29
17
1
398
2
123
1
8
250
8
1
6
9
7
9
15
1
2
26
1744
1
2
82
495
117
426
1
1
78
1
9
1
1
4
266
1
105
31
1021
2
3
139
2
1
780
2
5
1
801
158
1093
57
726
1
6
29
174
893
124
3
1
1
3
1208
1
36
753
3
39
2
1
132
512
94
11
14
2
197
580
1
13
255
7
901
15
901
166
68
232
887
961
1523
315
71
1
191
4
93
1707
1
23
36
2
284
735
1
141
1
12
9
28
1
3
5
1239
776
26
7
1
12
58
3
82
12
402
120
1
1572
102
18
61
745
19
98
6
2
16
4
146
5
909
1011
11
16
20
2
14
7
6
35
4
68
2
1
125
2
1
1
168
190
209
149
26
1358
1
37
2
4
997
4
629
195
44
741
1322
781
4
104
6
90
1
25
90
1
6
428
1
4
293
848
6
1
1771
1823
2
1281
6
1
5
259
4
1046
236
76
77
30
16
162
8
405
3
330
101
37
1
25
18
5
14
15
834
17
498
15
690
1
1
96
14
9
609
100
3
66
1
209
172
1
7
141
1
440
11
103
3
2
45
1
251
1201
20
1286
1521
40
2
582
204
36
30
1704
163
118
1411
725
15
92
1
4
65
1552
551
159
56
290
63
91
7
188
10
441
594
13
1
10
495
109
12
1243
117
1209
2
1805
121
51
7
585
26
158
15
34
362
16
61
15
11
13
6
1895
1203
2
102
94
174
131
54
155
19
1
205
280
88
144
41
14
68
38
200
1
39
8
17
1
3
13
31
1
363
36
3
28
32
779
765
163
898
68
2
15
12
838
138
627
1
2
333
24
27
5
6
8
27
4
527
1332
100
82
44
652
318
206
54
1407
60
2
1
22
75
1766
1
2
809
36
1
285
2
5
27
1536
1
12
97
235
2
8
1
306
58
5
14
1920
469
69
250
3
108
170
87
2
3
83
26
144
530
1
1
1
1
294
1
1344
28
1
1
22
22
431
134
25
608
68
19
580
39
102
7
1012
330
275
6
1458
8
96
956
514
112
71
1122
444
108
26
86
237
436
186
191
362
541
1
147
281
15
1806
735
18
3
124
3
2
47
523
39
3
3
1902
1
1142
111
83
1
5
310
1
84
471
3
4
1
8
3
491
1598
589
14
79
66
5
3
27
1
246
553
85
1
31
131
557
2
3
13
26
10
162
399
94
16
163
4
187
740
31
37
103
1089
1787
757
1
7
2
1393
248
139
13
4
236
459
149
160
7
17
413
12
8
4
148
1
1
19
363
222
19
725
384
1
1988
1
20
1124
1
68
92
88
35
1706
1
71
4
5
42
7
216
1
200
105
71
174
3
480
1
349
4
385
12
22
1
47
888
232
2
1960
24
1
1
130
609
10
382
4
30
6
20
1
1257
137
5
4
10
528
5
15
36
29
4
957
501
66
86
9
1
13
419
1592
27
4
2
776
809
295
109
548
2
4
334
5
1
1421
41
3
269
286
5
1
1466
3
14
7
1305
1014
8
47
778
31
1980
493
1
1
238
50
2
69
2
93
1
194
38
22
11
308
5
3
2
1
8
491
8
28
390
16
549
1702
20
968
785
1147
2
789
31
59
26
1
361
9
6
135
511
1306
1
1204
262
7
4
23
20
284
87
222
3
1
6
38
5
15
1709
42
305
2
6
803
73
571
16
270
9
37
120
31
104
3
920
14
10
52
14
427
961
304
103
687
967
282
83
107
2
371
16
1
83
2
62
60
584
294
26
106
59
7
1040
9
6
346
75
2
5
301
1171
1866
1064
8
1
1046
109
1
7
5
1892
21
1
5
798
234
1
25
5
4
1
317
22
113
602
3
3
328
2
10
93
18
236
2
238
3
1233
101
8
15
611
1
169
18
1972
1818
67
9
536
787
1941
1
72
1
7
423
10
4
2
62
1151
367
362
1
429
21
256
1
11
6
1724
460
1
21
333
16
28
1778
138
18
1775
298
2
5
5
18
45
9
132
11
2
1240
10
226
72
1731
430
355
16
1
31
3
4
1
40
1476
1
3
101
301
50
1611
3
43
372
60
51
7
1148
610
125
4
119
9
1
2
14
429
10
1
5
743
1301
817
68
79
7
3
895
1
15
117
14
19
1
255
10
1
1
704
497
845
771
3
5
2
2
2
1
1
17
148
2
582
1
1
1
66
125
33
43
6
1941
1606
22
64
1
998
3
106
242
801
63
783
174
554
123
32
89
795
1134
1
25
14
7
144
334
10
2
475
110
15
380
2
711
9
2
12
14
177
3
6
9
999
4
172
4
26
16
220
3
324
122
5
405
407
1213
35
809
5
13
472
12
95
2
157
1
1
8
6
40
38
1948
235
1
418
1072
4
9
136
1
58
1
1179
164
8
21
1
30
8
166
121
28
2
30
64
108
1364
16
2
376
60
346
56
1
10
39
1
13
6
10
1
332
119
1456
41
6
5
904
8
4
91
52
1
3
3
331
207
209
4
262
1149
10
33
383
1315
1
282
1
137
1400
8
1
803
15
79
108
2
44
21
1
14
604
3
3
1
9
1029
6
36
10
2
24
1
40
98
10
9
25
2
1
932
9
961
200
116
450
448
643
670
1
113
434
11
1
4
8
308
1
316
1394
1
536
3
1
3
65
77
6
3
541
1
222
4
229
136
1322
79
115
29
5
85
57
78
3
3
16
45
9
18
225
6
17
3
23
22
816
133
194
52
7
975
99
1285
12
3
16
35
81
99
834
1860
105
6
40
140
545
994
1
1
1244
143
45
233
440
1
9
1999
43
80
1748
357
7
137
2
32
1407
311
118
4
1
357
17
1
55
115
206
443
6
7
349
15
30
53
297
2
3
94
72
934
733
104
11
1898
348
122
61
55
81
1
21
284
2
1
1
663
193
5
532
175
4
19
954
5
20
10
15
74
77
45
172
1100
1100
77
1741
8
225
883
1088
2
4
10
58
4
110
18
5
61
1
12
18
12
12
37
1
10
519
2
98
61
686
74
25
1
1
13
1
1
27
32
27
1
1955
16
2
6
8
507
9
49
4
1
1790
991
22
3
169
519
646
21
1
1
83
1
1381
1966
10
637
664
953
62
24
1
146
1
1140
13
135
359
1
13
241
2
6
45
12
2
1373
4
6
838
1
41
1
49
4
842
898
2
28
11
46
3
35
2
18
100
80
1029
71
11
3
2
325
952
59
10
1024
1
20
49
1378
51
4
21
34
206
6
560
470
5
14
2
12
10
265
362
4
45
739
1611
112
1
13
102
17
21
7
1
1441
122
442
1360
1
727
3
959
65
1
1
1
112
1
202
10
65
2
5
1512
38
2
1885
2
1
1893
1
314
13
8
7
100
1186
1
5
5
4
3
714
630
1089
837
1459
14
79
1326
125
348
16
2
2
2
382
18
174
2
7
1
14
10
1471
2
30
32
525
3
17
779
2
823
1
3
451
2
66
3
13
87
445
1
2
711
163
308
6
2
1
1
2
10
2
2
2
13
4
2
10
6
63
706
11
293
3
16
558
10
62
1369
792
126
5
1879
54
83
1
9
11
1765
12
3
339
1254
281
1
20
122
15
34
87
4
205
25
232
54
1455
82
315
2
443
18
238
59
14
1
34
2
14
21
2
353
3
1637
1
66
28
709
2
2
139
20
498
1198
6
1
3
8
134
1
1
117
7
1
382
11
268
10
2
1
25
2
209
200
133
1048
1
357
165
2
11
109
11
2
32
12
246
65
2
1
1
1
29
60
1
43
1
7
17
1
477
3
32
14
244
40
8
10
13
46
300
930
548
1229
6
137
1
1
2
5
2
2
165
480
16
9
470
82
1
2
2
1802
25
68
121
1
1432
10
357
349
1
10
90
25
1479
2
761
30
26
244
7
2
37
1122
13
1174
23
118
1150
1
352
11
1
306
10
1934
15
15
37
1647
906
47
9
4
935
32
233
1
1
4
125
443
1
1
3
4
24
10
247
823
8
1
1276
1
1
26
6
31
22
246
5
2
788
52
37
41
999
3
10
52
1676
377
9
8
1
1
81
15
1
98
10
118
2
1600
1
16
4
77
4
1998
3
483
83
9
6
3
1367
1
2
61
62
1
2
282
856
48
333
8
1098
61
1
29
1
1636
403
5
4
1698
19
13
3
256
1
1
891
26
29
112
1125
1
5
1983
1
266
43
1
1
6
1
15
38
1948
632
766
4
2
2
13
1
72
1312
202
233
2
20
10
966
2
227
515
404
14
541
6
8
1
4
1
23
1
384
34
9
39
887
1
1
3
56
578
1
1598
2
124
1
1
19
1
23
261
4
7
75
5
1569
177
22
209
31
1
191
612
143
61
3
1779
31
1068
29
82
60
15
2
635
9
1
335
2
1244
320
1
1
3
1
15
908
217
1570
166
1
1
1
956
97
1
7
8
10
53
1
1
42
5
603
38
110
4
1649
1
675
1902
173
79
2
7
8
347
54
3
1
1961
15
9
2
416
114
1
108
113
5
1
18
1
280
219
205
40
156
12
135
1019
319
1733
72
4
21
11
874
1
385
29
2
1329
135
1
1
11
4
1797
188
2
105
29
165
744
52
26
7
1
681
2
1
3
50
1
10
2
614
2
48
20
995
1
8
13
29
281
31
28
1316
1116
8
5
51
8
53
2
65
1
475
334
423
966
110
4
1430
24
14
1
1
1840
91
181
113
5
1
759
15
351
3
1285
190
31
80
1
359
574
958
2
2
1
114
7
40
134
213
175
1
90
832
3
981
229
886
2
88
523
356
440
3
1335
7
7
33
370
52
3
505
450
462
148
231
1
413
28
8
62
2
7
2
1
2
7
11
1289
2
4
72
104
835
643
13
58
123
1972
7
1103
495
1
1
2
53
11
62
658
356
2
727
1621
16
113
51
25
72
1
1
1
64
2
1393
1647
56
1051
197
10
1
2
34
18
21
1179
3
4
1
32
16
968
84
6
429
1
15
1294
44
1
1
1
1
6
3
125
12
2
19
5
10
1354
27
12
423
384
1725
36
6
136
525
248
1352
206
69
4
32
16
3
1
108
36
90
11
108
12
29
1
11
63
1
184
1198
1161
61
1520
39
1136
16
3
519
5
1
1697
18
406
78
206
1443
10
31
2
48
1
74
1287
203
1729
5
1
1580
5
871
24
1935
10
653
222
176
256
4
1
2
9
11
124
10
42
7
328
25
12
1
1455
1
2
2
1
16
1
30
3
270
160
1267
16
1
365
1
17
25
83
1113
31
394
1007
169
76
4
9
4
419
42
432
6
15
12
51
24
104
36
2
1
122
584
1
1089
291
3
508
191
1
1
303
51
91
65
35
206
93
1
753
391
1
1
126
2
1
334
13
48
4
22
514
766
74
252
2
10
13
1
49
1
2
114
14
151
5
4
11
899
1294
331
2
333
247
1
29
9
8
1
32
60
159
1
3
68
375
1
12
2
1
44
319
1305
1
1
134
1
1
48
834
9
33
27
1
1
3
1
57
84
5
1
304
950
22
15
277
45
169
861
370
775
239
2
346
2
1033
10
12
2
8
491
80
275
46
40
135
118
1
268
5
13
79
553
1
41
132
148
3
4
124
148
2
409
529
4
11
32
6
82
3
30
5
3
2
4
35
4
762
105
48
2
514
3
8
381
120
1736
101
5
10
109
104
930
63
601
11
5
2
202
1
581
1
5
304
158
1126
277
91
511
1128
11
287
816
6
742
161
1
738
543
1
4
1310
278
1
169
222
8
72
198
1676
886
4
730
5
3
71
23
5
474
89
62
6
1
1824
10
131
5
19
29
1333
141
159
12
152
2
381
10
13
53
175
34
381
1
1963
1
1
16
313
57
4
734
1598
5
234
699
1
7
2
1605
16
106
10
6
876
1
46
1
198
1
2
78
124
2
36
11
1305
31
197
4
15
2
177
65
1693
4
4
2
1
1700
1
35
49
8
1
314
2
437
24
198
127
208
180
132
197
136
5
4
5
1
1426
9
1601
915
838
1
831
52
5
55
3
6
1061
2
666
16
1
11
7
295
33
19
46
6
8
11
404
7
178
20
259
3
1
136
26
65
1385
6
3
681
16
20
344
2
69
9
1519
2
9
53
1
190
550
19
1
7
1
4
140
2
2
1977
37
11
482
30
304
2
3
1879
11
3
1671
2
1609
11
1
18
1
2
81
834
9
86
508
1
1
3
1
15
8
48
267
123
108
3
6
1
179
233
3
546
1
164
1209
1
1007
47
5
1
1057
333
138
1722
39
1507
8
2
73
377
4
2
898
1162
1
615
12
1206
16
3
131
22
1
21
6
329
31
7
54
596
11
55
4
713
131
13
3
20
7
4
306
57
1625
101
35
797
275
1238
1553
3
1
12
1
589
2
69
4
320
358
169
1
1270
745
7
1568
1911
9
2
1154
8
4
5
2
830
419
9
1
322
116
1914
3
1224
1442
206
679
280
1348
1746
242
1593
1
14
728
16
2
9
3
5
595
156
698
100
19
2
73
171
1
17
4
5
1535
28
2
18
316
29
14
1239
93
6
693
6
174
131
490
758
553
425
1
4
433
37
200
24
940
4
499
265
12
16
1
6
2
1
26
271
166
257
13
8
9
2
2
10
1419
369
148
1045
546
293
72
2
99
790
1450
113
1152
1
1201
844
1
62
35
2
40
1
1149
454
1
80
719
446
385
61
2
1
136
507
442
41
622
1
1
116
1176
2
4
282
12
3
13
1
249
1
383
712
6
168
3
26
30
1
1830
1
35
1
1
1152
91
1683
4
1
54
1
1
6
43
676
212
81
535
1
1130
1374
11
83
13
17
32
98
13
242
423
60
2
22
3
1
56
1211
183
2
1
17
318
445
254
125
14
7
5
3
176
35
9
8
20
24
57
597
215
16
66
1174
1
288
456
1521
2
503
14
1
11
1
29
1
1
22
63
1224
77
406
10
1
71
4
56
7
1335
2
6
373
134
2
10
350
544
6
3
30
2
27
3
61
1665
124
14
338
308
1
2
3
586
3
17
187
118
4
85
26
488
1
1793
1127
3
76
1284
1
303
854
256
51
11
2
44
2
9
62
192
1
1049
264
143
102
43
1
246
298
27
18
1116
21
135
155
33
4
1478
37
163
10
30
12
1146
3
49
5
290
151
67
503
10
3
82
10
6
1742
13
77
4
4
1
244
39
552
2
301
8
6
5
1634
348
2
68
3
1054
15
1420
14
276
191
372
11
2
478
133
270
748
130
9
19
918
60
125
111
11
4
45
1087
3
1
25
190
203
2
455
72
277
4
3
17
28
1
13
109
237
222
5
303
171
2
22
259
30
51
1
3
4
109
5
5
18
1557
1001
4
34
842
360
1091
384
1490
2
235
14
1951
1
4
186
6
204
10
189
25
246
6
1
1
154
26
6
1189
254
387
5
1
15
23
6
21
223
3
32
2
8
222
25
5
2
5
1793
7
1
1645
79
5
1454
146
138
8
4
47
50
26
56
83
287
11
443
257
50
6
131
1
1625
1538
12
748
11
1
451
4
551
564
1
871
163
4
1
10
2
676
624
295
7
89
1
435
3
1
261
133
152
1455
637
2
109
1306
28
15
2
2
632
41
974
328
2
3
224
220
2
2
186
3
2
41
47
1
37
1
275
8
53
107
22
170
65
474
1
15
1552
1
226
2
152
54
1
2
676
5
3
1309
1
31
872
1593
268
16
1
13
622
1
23
166
777
24
423
54
443
31
50
1258
314
940
741
875
5
1
85
954
1
1
5
21
2
49
13
1006
54
2
7
3
2
60
36
45
14
638
1777
10
171
2
1012
1
267
70
1228
1
3
954
145
1931
1189
1
3
4
46
13
712
991
314
36
1759
10
100
850
433
10
314
5
189
1950
2
1
31
138
33
60
1
1
2
1
15
3
1730
1468
2
5
8
735
1586
26
1057
7
22
1029
63
16
37
87
5
957
2
210
1069
72
25
45
273
148
325
20
12
1888
9
104
13
698
289
46
1
399
14
14
1681
399
293
561
23
234
1
64
14
950
7
72
1
9
373
1171
45
32
2
43
406
16
10
1
3
11
157
2
10
44
38
1
1226
16
241
33
81
989
82
39
11
2
39
2
317
668
336
696
3
445
3
1231
19
584
28
12
2
1
1
7
751
80
93
25
45
1
1
9
1
1
144
1
1993
192
801
10
7
44
68
3
316
1839
4
356
1
5
28
1647
2
1
5
1184
13
193
6
1
286
6
2
442
6
702
2
1027
5
212
1
53
1340
1707
613
145
11
25
10
368
158
68
1
3
252
72
1
2
19
17
113
1496
613
357
1
1
1
1436
342
31
3
8
81
370
1
141
7
1
9
56
695
103
1786
1
1
1
46
300
1623
307
298
166
1458
99
221
253
1378
818
2
49
1683
12
2
7
184
10
3
4
900
179
805
113
32
259
1
249
295
34
32
73
1
188
17
388
4
33
745
3
3
24
803
238
8
826
5
2
278
8
1
1079
30
1919
1276
5
590
95
244
230
13
45
1
91
22
28
135
1
37
1
7
33
3
1445
1
5
585
658
1
700
4
1
1408
4
263
2
1
187
346
2
39
6
2
5
471
2
152
7
5
5
28
81
115
42
1056
482
88
7
5
19
1
1109
128
4
15
580
30
1
439
1223
73
360
153
2
587
313
99
5
8
1314
18
2
23
56
398
62
429
1
1
4
94
245
376
1939
197
52
279
16
969
62
244
4
445
492
128
88
106
1879
1322
3
159
36
59
113
2
6
4
3
2
1
5
49
35
6
1990
11
1219
1448
50
7
503
2
1
6
506
26
87
43
360
4
8
53
1
29
517
1
70
7
1
429
533
235
198
1460
1821
1
175
1192
494
403
326
780
4
2
759
3
1
12
4
1464
528
256
91
7
225
851
1422
64
109
1
1
11
11
5
8
2
38
1901
3
200
23
50
1
10
1
621
4
30
1
2
1
165
10
54
25
1
1
183
46
210
1
46
161
2
681
1
835
1
1
16
4
244
230
181
1920
259
1423
1289
1
24
622
354
73
1359
743
2
178
842
407
4
849
7
1
541
2
7
1
1
1751
560
1
25
24
989
1501
447
113
401
1
5
89
1670
1
423
1
21
1
4
218
15
2
17
52
1529
414
1
1
35
84
1562
570
1
488
2
1
982
360
2
613
7
1
9
1014
2
569
14
663
264
10
4
57
123
9
1304
1
5
432
98
1502
399
1099
25
537
2
1188
19
2
97
1
14
546
2
226
401
141
1
3
237
63
3
609
5
740
10
849
7
3
938
30
11
129
157
1
38
1400
1144
13
5
48
15
322
4
4
1
341
439
43
13
1131
25
9
2
7
282
10
9
17
1
1162
11
6
1
9
222
1
3
25
117
30
1284
4
238
822
1539
22
1
37
356
68
30
2
95
4
56
432
1
67
766
67
95
153
290
21
25
109
28
58
286
9
1
15
39
99
53
1
2
1
1
1
41
3
126
8
1302
3
384
7
1
923
799
9
1280
23
1
2
31
208
16
187
164
206
80
75
2
10
95
51
116
243
64
153
1
2
80
1887
21
1756
1
1697
1
1464
370
647
242
829
2
151
9
10
1
3
9
1
1712
2
9
1335
129
6
584
1391
1026
439
1444
744
20
304
3
2
429
2
853
1
14
102
61
38
202
1
33
4
95
4
1523
7
1649
408
3
1
254
113
35
2
17
10
256
1
1937
2
753
111
25
17
324
138
35
6
641
31
6
1
2
14
8
112
61
12
42
10
1
26
1
74
37
15
2
5
1
4
6
62
1
1754
675
5
2
374
89
146
1656
2
141
2
1221
236
2
47
3
362
30
1
9
55
52
275
14
108
20
8
206
677
3
153
9
96
380
664
2
90
178
80
7
167
10
9
45
1535
74
46
135
6
22
34
1581
324
17
1
340
7
14
234
2
3
18
365
451
3
1704
1384
227
28
285
39
1
841
665
503
2
509
20
3
1614
740
537
392
7
390
43
1328
2
1
535
197
1
9
1
168
70
245
73
629
8
794
913
1813
1374
835
101
5
177
166
1
7
2
1
108
6
754
87
1
1
4
297
2
68
5
3
132
3
425
56
38
107
4
1
13
10
13
12
20
1894
104
6
35
9
9
84
236
181
761
3
369
28
2
19
11
14
335
1890
10
2
816
8
1
1336
499
7
18
1
1
7
8
233
1
6
2
10
9
16
1015
13
9
550
2
15
23
4
180
688
97
324
1
165
1
579
2
41
91
1
6
243
310
129
111
4
1
60
93
10
6
81
2
3
462
482
13
33
7
129
5
1
255
2
600
6
58
1
38
4
39
18
8
2
95
171
1
15
7
1528
3
1165
119
407
506
809
520
1219
1175
172
3
1369
9
40
305
1
2
64
8
2
12
4
247
60
20
28
23
227
2
12
19
258
7
4
1
1
6
495
775
888
2
127
973
10
27
213
3
20
17
463
4
3
64
3
5
6
11
1
25
3
20
121
3
257
74
1
1
1446
538
441
3
1
391
1
42
3
515
34
8
50
72
3
1
12
19
2
11
62
5
976
1
23
189
3
1
84
1
12
59
427
1221
2
21
1
946
1
162
4
24
25
343
220
1
43
36
2
826
747
137
1
205
119
119
406
1
1630
1072
61
1
44
973
595
54
1
1294
624
31
21
1573
453
5
150
471
2
188
27
2
306
1032
327
61
10
215
567
46
2
1
104
2
587
14
240
706
519
79
27
568
14
190
877
672
14
862
1578
13
29
130
1
4
4
126
8
756
93
31
98
688
3
1890
882
9
647
9
18
6
116
20
3
9
52
6
1
2
295
2
4
3
26
195
77
224
590
57
299
22
21
468
249
606
602
709
25
588
1393
6
423
38
853
880
1455
100
1
1
12
281
2
15
5
194
1
11
860
1611
1
12
762
1
73
65
1
5
10
1052
2
1168
984
534
4
556
3
1
660
1442
39
358
1
1718
1
2
34
49
22
250
11
609
58
1
16
110
1
428
24
3
758
149
14
34
1166
15
5
9
31
330
8
41
169
121
1
49
1530
8
230
28
94
305
96
526
1
1314
277
23
108
1699
1
684
2
597
43
3
1
71
301
1137
2
35
1522
4
255
6
1
70
7
184
2
26
32
10
1
316
706
1153
21
44
3
24
48
379
456
1
1
2
395
907
19
81
4
271
2
491
100
2
100
1845
1
2
6
11
641
12
221
5
12
13
30
18
63
4
25
26
260
1197
144
37
1071
19
2
636
5
92
643
96
40
1381
22
444
876
82
1475
1
16
519
1398
1537
667
54
326
1484
9
1
473
5
342
60
16
2
16
34
303
4
2
4
116
60
69
2
2
71
650
1946
8
8
9
821
11
114
484
64
10
9
8
4
13
1202
2
52
243
42
50
18
1
12
1
1483
273
1
100
50
357
306
1
7
95
1
3
156
106
105
580
255
7
1062
496
1169
16
140
105
6
1
27
1608
3
142
223
1578
1
3
11
83
115
1163
811
43
14
1
36
479
33
61
1307
77
1
42
1
2
223
1
88
11
22
797
4
1
6
1
1
1623
1
241
584
90
16
4
83
26
54
46
3
1
158
369
83
1
76
753
1
10
38
26
349
1
291
36
2
29
410
7
1
15
1071
2
24
4
400
31
1
15
209
1169
41
707
268
44
610
3
22
552
127
119
677
1
63
70
1
1899
553
240
30
858
7
13
53
90
1189
6
3
27
18
8
32
121
72
1
43
1004
1
87
10
843
20
3
1747
1
528
1
5
1
189
1
144
1
1
8
5
342
2
132
58
266
4
233
255
15
438
1
65
54
25
2
50
160
1443
1
1
159
12
18
770
853
460
610
111
1
105
8
598
54
2
36
632
2
16
174
1
8
962
112
3
1
191
11
1
495
1
6
200
177
28
43
28
1
383
456
1
34
1214
1
410
1
30
475
727
51
868
234
6
81
1
256
2
2
3
519
1
5
85
51
1
1
32
382
1884
14
612
171
285
636
4
12
61
8
1745
37
123
1
11
91
141
706
4
33
2
1
64
93
258
346
10
333
57
1
257
61
50
69
4
36
244
18
3
19
5
63
4
152
522
29
10
35
95
13
87
38
38
384
16
12
2
365
30
1
229
33
1
984
216
28
7
5
1532
427
86
120
1
343
218
79
1156
174
6
3
24
4
128
27
356
31
1
2
2
2
761
150
1255
1091
968
635
185
3
1
46
1623
86
6
670
2
3
796
1
817
4
67
15
1
628
5
56
2
3
78
5
319
54
2
1460
17
1639
1
152
1
1
12
1
1057
52
58
24
74
1
902
24
3
227
32
66
6
141
66
1
2
15
5
16
53
9
33
67
3
5
217
2
746
1
1017
17
387
35
95
1
37
33
6
12
77
9
6
7
924
5
424
668
458
86
16
266
22
1
10
713
587
3
358
1
1
1
1173
3
45
7
1818
1
4
259
49
148
8
542
140
60
1
2
282
10
33
407
54
1
6
667
113
454
1
587
284
86
1
31
1039
1044
849
62
1
2
1
9
132
698
205
951
128
323
67
234
13
380
1812
3
334
344
1182
3
111
376
1
122
8
57
2
12
2
726
243
6
978
440
471
178
12
949
11
511
354
2
18
105
477
135
1
249
27
66
10
41
3
4
83
1800
8
39
32
2
128
2
644
32
18
1
18
62
1
2
2
644
460
1262
448
4
5
103
440
64
1667
7
803
1
4
1613
245
3
1
343
489
6
5
94
1060
211
471
9
30
21
1
1543
4
291
89
1493
1062
4
4
288
682
1383
754
5
440
502
9
1833
1971
411
66
509
2
1
1
15
8
4
452
1512
842
1742
3
11
2
2
1
758
118
1
237
152
538
1
2
15
447
10
63
60
5
84
217
1824
1978
5
2
6
25
9
2
2
180
142
1534
3
59
19
60
1
2
2
15
13
115
710
119
334
16
137
837
1
62
2
2
374
10
9
3
14
470
1
37
8
1
1049
192
1425
296
226
33
167
3
18
3
257
2
226
880
603
1120
118
7
256
548
752
44
1
477
155
525
150
911
1
332
2
489
1
1
380
66
14
262
310
15
1
1405
1755
141
26
602
65
22
9
5
31
3
313
448
1
156
1027
633
34
27
9
2
1466
1930
510
238
10
313
21
16
2
277
99
122
958
6
10
1
97
105
1
3
11
16
1
1
864
935
264
1
65
29
10
9
690
117
131
194
1
3
2
4
109
34
50
1
3
628
84
107
3
52
1
1
912
105
10
1
11
182
1791
1
641
27
947
2
553
7
22
34
45
10
1261
36
2
703
2
742
49
14
14
3
15
510
33
1408
152
108
2
11
360
224
739
2
1
18
276
14
682
45
110
208
4
64
40
20
75
908
24
1
64
59
564
6
19
251
131
369
1431
9
6
20
3
126
6
3
559
937
5
408
110
41
479
785
82
336
553
3
383
1
16
633
312
9
1
9
1
238
1
2
3
2
572
662
1332
1116
1
1333
92
769
495
26
67
1
303
3
339
748
2
101
793
1
13
12
62
208
2
2
69
109
12
558
11
17
11
2
26
1
316
1
406
1
1
83
1
83
5
89
5
185
10
8
29
72
1
187
9
1
736
40
7
1
6
1
9
23
36
16
694
283
4
12
86
41
23
1
1599
2
1
374
182
1166
8
113
1
3
884
30
9
17
24
1
3
3
2
44
721
285
18
376
172
1
115
154
132
1
37
35
59
48
102
185
360
127
19
10
15
1
395
98
1707
55
1856
11
408
1313
8
218
1777
1806
512
33
334
1488
91
77
27
7
1
4
1
1689
2
14
284
431
144
229
83
586
347
34
4
425
789
160
349
335
27
61
1368
2
1936
169
17
55
1
353
36
287
6
762
1
1
267
1658
68
1
1842
2
1050
5
2
15
14
5
2
271
1475
1
23
5
154
139
34
1859
1
30
702
2
1528
255
1
119
11
28
12
170
96
36
1
15
3
18
5
591
314
30
1
4
1
75
327
597
717
1
435
109
58
16
1
189
149
392
3
167
32
1
14
4
28
535
1
15
235
54
3
9
44
59
943
6
35
2
4
1
1
1
15
1282
1690
13
1
115
2
3
207
363
701
39
9
546
82
228
213
54
1
60
1
778
5
589
328
51
205
52
1
160
998
1
2
8
1468
57
2
6
12
27
434
49
320
14
328
122
1
13
748
579
1
23
1
20
1027
476
1550
37
72
2
234
41
1
8
93
17
1785
323
256
691
11
1443
993
1
12
34
222
535
39
935
368
352
41
106
67
2
1
74
1
5
1
85
2
182
5
1131
79
2
5
15
23
1263
13
106
1
37
16
263
16
1
1
273
40
1
749
1
4
295
465
174
556
1
80
1
2
11
546
1
851
63
1340
1
412
558
14
5
150
251
60
703
72
230
1
1
1459
1
1
288
39
561
5
9
1151
1
761
2
17
128
518
11
83
38
1
1
3
26
1
13
1
58
1949
51
28
3
83
145
62
62
1
1
1
6
459
46
89
13
1774
7
2
646
1
37
2
31
7
2
337
1196
666
1
231
71
946
21
117
1
1
686
475
1221
12
1
1
22
1049
20
3
579
1412
27
31
1
1
152
10
440
12
100
6
2
167
313
12
70
298
40
1334
109
131
3
39
2
1370
207
131
76
1070
1
288
3
53
299
1305
7
1
136
86
569
16
139
522
201
8
926
21
1
5
710
804
2
2
3
9
140
1094
1
50
11
3
15
113
2
1
169
1
39
29
1667
9
1707
85
10
217
3
6
162
1228
65
19
1
19
821
169
39
626
1
262
184
6
128
265
1
942
1461
56
3
453
1802
2
2
1351
175
147
112
790
1344
552
11
1
4
123
560
3
7
783
204
11
20
16
34
8
4
133
1
153
8
1
12
30
5
105
1
401
17
76
7
4
30
4
1
153
1259
2
301
1
140
1
1
12
5
386
230
1315
1
78
4
9
99
85
799
287
232
1761
102
1
85
46
7
690
32
7
1
3
26
5
703
415
1
34
209
5
1131
543
120
33
15
27
918
17
174
9
42
760
80
7
3
4
6
33
1
38
9
4
1442
380
1505
5
12
20
1
26
1143
404
16
2
406
116
11
58
17
53
22
289
39
26
479
3
6
171
1
1
950
21
7
4
17
241
163
275
2
2
125
1169
404
75
64
7
3
1292
129
1
5
3
227
13
1076
3
557
77
910
15
98
1
373
84
216
1
7
335
1
576
41
1
4
47
36
1
11
1184
834
1
71
44
1
4
16
753
4
1441
127
36
519
1
11
47
36
602
2
176
1
8
56
288
1
1
113
6
34
1274
17
1
1
480
17
22
83
24
147
67
9
48
93
240
1
2
148
22
16
69
238
1708
62
2
259
197
21
10
10
9
18
3
1559
62
7
1
30
1
1
1
507
45
1490
65
1
161
431
50
2
12
767
4
954
5
11
623
1749
1881
28
1
24
6
347
1913
1124
8
58
70
2
2
4
686
19
1
84
1
204
1385
255
175
148
14
25
288
716
252
6
178
8
209
1
14
459
34
40
429
5
1
840
67
53
1826
1873
328
10
14
476
422
1101
289
529
63
424
195
55
399
404
516
713
12
614
20
133
891
119
135
6
70
354
95
48
242
31
127
1606
44
27
79
13
235
118
111
10
1
3
1
309
1488
2
41
94
27
674
2
1
1681
3
3
801
336
1
80
30
12
12
23
4
62
1842
134
745
76
196
4
168
42
1191
109
26
35
11
2
989
4
1815
15
9
769
149
514
10
1140
548
3
31
2
1476
2
338
847
11
1149
95
356
36
32
950
1472
1
185
11
875
94
1
1714
1
41
24
1
4
18
1
1
30
9
4
589
14
2
4
1164
53
1
372
1663
21
11
230
9
3
1
1467
1
58
11
4
3
83
6
9
4
875
149
18
1085
8
3
367
90
1
56
2
1
74
66
51
1087
24
14
15
5
1984
49
1
373
1174
22
8
27
2
3
2
23
5
1072
36
321
1
476
1
3
1154
6
1
568
36
1012
9
344
37
390
4
66
11
581
165
245
76
19
115
12
85
1
2
37
52
74
67
136
209
1
7
3
7
1326
2
117
69
3
1
83
296
17
46
220
5
19
1857
173
422
8
319
8
202
4
159
1
109
8
93
9
1
1740
8
379
482
605
1553
1
1
492
11
97
10
920
1546
71
227
19
48
251
718
129
11
1831
937
162
6
145
5
1
274
50
510
28
38
20
17
63
4
538
14
260
18
17
601
738
21
20
16
13
1
163
17
191
1
519
2
2
16
278
1003
1
64
861
7
12
7
491
1
3
7
51
28
1056
571
71
4
51
32
51
2
1498
521
60
15
3
65
40
1
21
1
4
17
20
5
247
1
1586
84
223
107
245
6
2
542
5
280
755
77
4
109
1
1644
19
36
11
106
3
18
1
1
392
14
12
1
213
1170
29
3
1
2
53
3
18
1
9
5
25
1
83
37
541
21
75
1033
10
128
1804
3
51
153
4
30
4
1
2
32
1118
185
4
224
1
85
1765
217
14
49
124
40
51
1
1
1
17
27
1186
629
103
1610
127
1727
1320
159
294
42
326
1
38
125
2
6
174
1
27
1
892
1
1951
580
97
1155
1108
407
129
32
717
100
8
841
6
871
1
710
1693
1986
122
1
1
45
4
29
5
1939
13
4
753
1339
275
2
32
2
55
22
128
24
29
30
5
262
20
2
149
7
111
4
133
9
71
13
178
2
3
25
252
2
47
1964
81
1870
51
4
12
120
14
1
1
1
145
23
4
2
1294
7
539
1
352
213
343
1
2
1
24
9
5
23
1
48
8
406
1078
42
747
2
29
1
17
1491
85
204
85
2
109
138
4
5
475
38
1187
163
1100
11
162
3
33
107
1
47
13
20
4
1529
38
4
91
3
10
3
5
1
167
55
2
1931
121
199
2
24
3
89
257
27
17
458
180
485
318
712
72
1122
51
1753
7
116
4
95
3
5
40
880
4
12
73
7
971
3
47
55
7
113
495
242
250
1613
2
1
6
202
487
206
229
271
945
790
1868
39
244
1155
1
2
10
4
460
782
1599
2
3
1391
3
1090
938
2
7
108
1531
1
21
4
114
9
797
35
10
1
78
61
35
50
46
4
533
37
16
18
425
6
1
1
162
20
10
142
374
979
6
1
77
445
14
26
126
29
2
2
1
501
56
57
32
1632
1
1
7
22
1
16
50
23
32
42
90
394
277
29
3
498
4
30
2
47
1
965
190
1
44
556
5
102
3
12
181
130
30
795
5
577
115
1
562
253
9
3
1
2
13
294
7
41
174
3
1
1780
113
1382
31
10
2
215
98
1157
103
238
3
8
24
129
430
449
867
1
54
14
1
1
1351
667
546
100
58
1174
1
2
36
1
1
227
170
1487
1
2
61
1
2
47
1
72
1341
1
16
298
19
102
175
27
5
16
1824
191
1
1
817
6
1
215
123
1520
3
1
2
4
1
17
7
9
9
1124
2
61
1167
697
82
3
15
201
14
3
370
1
1
31
7
8
5
11
16
3
6
1
1
250
957
859
536
307
231
422
1761
688
13
1307
21
14
7
1
37
7
1318
11
20
24
589
481
1
1
5
18
331
380
5
4
1539
17
55
370
208
1
13
461
216
5
506
1191
1
2
4
141
4
2
1
21
645
1
6
22
1260
316
1
217
1720
644
81
16
34
2
31
13
2
17
15
12
4
5
65
1747
113
2
137
1
91
21
29
2
302
153
1475
1
21
299
2
156
15
211
160
103
27
372
37
4
12
65
1
2
3
1
18
4
90
17
2
698
581
1
34
67
8
150
1
12
149
2
77
11
108
28
18
554
502
47
128
1
166
184
190
350
281
21
652
690
1591
1
268
640
1
74
6
365
582
1
1068
4
34
1215
1
4
6
52
9
891
1
356
1330
3
2
16
175
1001
1
3
7
28
1497
4
2
22
1254
95
558
2
23
8
181
1
1
379
1925
119
4
543
1
88
15
110
710
1335
78
13
8
14
346
50
1
1
5
6
10
1241
238
100
3
11
1
296
8
27
2
50
41
1000
636
2
99
246
22
206
1291
7
510
17
1
6
5
4
24
2
4
2
1
75
1472
705
35
1
15
1
16
687
1496
131
1
612
2
208
2
1
13
110
3
27
3
795
368
326
101
178
107
75
148
258
324
56
1
22
725
10
37
4
1
1182
3
1
9
306
7
28
365
1
23
1
1
4
61
178
120
622
1093
1242
1
1184
265
251
1
31
22
6
30
4
183
66
572
11
646
22
898
30
417
10
15
26
143
8
30
33
16
1568
1
2
33
20
3
34
1491
111
2
86
4
450
549
10
506
220
79
93
4
131
76
45
2
126
13
83
1
2
53
1
23
1
1
8
4
4
1965
24
9
16
531
1402
106
23
6
19
24
6
1
9
1212
23
20
27
1
1
490
21
89
396
545
48
181
884
26
4
74
13
500
2
549
376
5
398
869
15
353
37
1
553
54
42
26
7
126
22
464
692
58
115
186
275
291
47
4
665
46
237
333
1
8
101
1
455
2
493
21
2
21
1978
257
5
120
115
32
403
1419
513
89
9
5
8
1
1
1
12
551
138
127
33
1791
8
2
646
15
89
14
1
97
5
612
26
7
3
243
4
12
2
268
14
114
1205
3
121
253
9
28
1749
128
2
3
5
164
745
1
4
127
259
71
205
1
27
194
1113
3
13
17
70
1192
25
231
2
32
6
30
702
38
1
2
28
1998
1
1
2
2
11
3
42
1382
238
510
498
38
213
1
650
2
1
983
4
627
1
56
60
1724
86
1
20
5
1
6
18
2
298
920
245
43
137
34
77
114
1119
141
793
1393
3
25
1
24
78
4
146
24
50
1
94
189
14
1
29
29
1
36
1
261
1
1278
315
75
671
844
28
1
9
379
53
18
97
2
262
1
892
1
287
295
12
248
46
317
4
568
3
3
248
2
1206
7
1093
785
162
2
101
41
16
3
5
43
3
1072
22
31
10
195
169
103
63
17
133
32
234
8
12
3
1
1
1
65
1
302
18
71
5
736
234
233
7
16
178
650
5
446
2
139
1
878
25
10
52
22
12
38
200
92
3
52
34
456
757
3
8
1
34
90
4
1
1
168
1
283
153
58
2
32
14
10
4
5
1919
979
23
206
45
199
4
195
312
16
1238
10
1329
1
125
1109
1
626
1
189
1461
280
84
346
304
3
1
179
90
1
137
4
223
5
36
1
4
1
853
3
673
508
383
12
4
985
937
5
1079
13
415
1
128
7
9
45
1429
1863
171
163
2
72
144
269
14
2
104
8
5
1
4
247
288
1990
16
48
898
642
1
16
10
31
290
163
1
509
20
264
2
6
1
12
1
11
25
3
3
583
62
2
21
11
6
253
55
53
2
2
1748
24
263
5
2
180
1
21
53
2
173
732
275
522
17
221
26
7
2
54
111
31
3
1
118
3
11
1
10
1414
2
3
1
5
4
2
40
1
9
672
6
3
71
25
3
1
4
121
1587
10
648
254
1
842
147
1274
526
93
641
508
470
863
1
1180
1
25
1
116
4
2
4
1
2
567
18
43
1596
199
1
2
25
1
26
2
491
14
9
1
50
2
6
780
10
3
493
40
32
1729
8
1
40
24
191
1
2
596
469
4
947
424
736
1
159
296
9
253
29
1
18
40
3
769
61
3
36
97
4
132
65
11
6
2
2
1
1
10
60
7
1
22
535
1
2
6
81
66
96
22
275
34
138
39
195
290
2
7
4
20
21
1872
9
1
386
53
3
68
3
2
16
72
1
382
118
32
8
1
3
777
2
1867
27
629
654
4
1
1
244
876
790
810
1740
70
1285
2
382
907
23
1844
1
11
2
65
6
1
1
48
108
35
6
15
1349
639
2
129
17
3
46
815
9
937
3
240
4
66
1
21
1
33
34
4
406
10
3
554
142
264
1215
13
527
1385
68
175
1
1
1
1
11
85
491
4
38
18
700
1
19
64
2
511
30
1140
2
291
1668
4
31
198
1185
25
48
11
83
129
5
1475
1
1
1
3
192
3
10
4
24
446
1
742
1425
1
22
3
52
2
4
13
246
2
9
2
507
31
3
2
9
764
2
80
2
1930
3
23
2
374
175
1015
11
399
236
2
14
12
1
73
1
29
7
8
1259
24
455
997
12
36
43
204
1431
1
39
1
358
7
363
75
85
6
863
27
61
17
3
8
1482
13
1
3
242
1
322
362
101
1382
160
11
1
2
3
521
143
261
7
1
861
20
639
3
2
2
123
1254
872
62
245
2
138
151
47
10
19
1091
32
2
1829
11
376
763
156
432
606
1
1
63
2
134
5
30
153
32
19
22
9
24
65
100
35
159
163
4
1
3
238
4
132
1
21
17
52
486
487
350
10
7
3
489
1336
866
2
1
80
788
3
161
669
3
10
3
181
17
53
1207
182
5
476
1
2
4
32
5
38
5
10
87
9
135
81
8
8
2
522
8
55
2
138
1
3
85
88
748
60
1
344
1861
6
5
2
346
1348
1
36
1
29
1767
27
7
5
41
118
510
8
477
467
1997
662
1
18
281
27
1
24
169
1
108
3
13
1
494
1
1697
3
486
86
5
400
492
857
4
107
4
169
6
3
12
123
1
9
1
1867
1
57
22
176
4
5
14
258
109
3
174
22
11
173
98
2
4
393
1
19
17
22
54
30
1
117
1092
64
14
1
1
104
1
26
19
19
1
16
103
1292
106
9
1623
10
175
302
39
52
4
351
9
583
209
10
495
5
8
88
450
10
144
97
7
312
71
60
24
499
219
2
1
1
4
173
1
1
42
10
123
50
38
318
10
364
523
1
6
373
197
4
8
38
71
216
2
441
1
7
1264
315
194
5
2
16
613
1
2
209
5
1
1
1498
110
15
1
5
1
11
2
3
3
211
1652
2
1429
426
1763
638
4
10
171
1
1493
20
160
1442
239
110
88
384
1355
336
168
3
1485
5
1657
445
929
179
1
22
146
108
76
7
756
128
35
52
69
4
10
3
1087
6
411
267
110
1
298
29
49
334
23
112
14
15
5
60
109
474
23
105
410
1
1
1
2
3
1193
16
10
2
1338
617
253
1
67
10
1
210
8
21
338
2
5
950
2
8
12
1
28
19
4
2
1991
1
15
2
4
248
1
36
27
235
6
1
1
163
93
130
136
1
31
24
1787
7
5
18
50
430
1
502
129
1
76
239
220
80
387
14
1
900
52
676
3
16
850
378
126
533
193
36
1
457
67
928
355
1704
75
155
2
15
28
167
1
80
33
53
19
45
25
5
798
453
64
144
13
6
56
23
22
1152
28
7
1
4
1
55
1201
523
3
3
119
6
56
265
1675
454
70
2
1
1
419
252
463
1
703
560
308
15
475
246
616
1296
10
11
5
761
2
64
1
133
4
4
14
6
11
7
2
1416
5
2
238
99
2
352
5
1179
164
267
1
2
11
3
104
229
1723
1216
8
7
1327
123
8
6
101
1
1159
100
23
249
1
1879
19
2
925
11
47
1
114
11
1489
111
1
4
1
605
2
1734
23
9
2
1472
42
1
882
1341
185
23
5
8
172
16
47
41
12
2
1
1
1232
174
29
31
20
26
392
4
11
32
3
77
72
2
2
1
1
24
96
90
69
1
3
1
1397
348
2
1283
11
1
286
9
1332
42
2
213
23
20
787
1010
176
29
13
615
1993
786
623
387
2
1
728
1
219
6
23
2
1
1714
4
17
699
1
1
102
615
53
1
21
427
286
3
3
1
692
41
125
9
7
2
5
2
5
1871
1759
423
617
1
3
762
481
1213
11
2
1139
3
1957
68
19
46
158
8
978
23
3
1642
179
33
6
2
2
2
82
110
2
1
5
1
5
796
336
326
1093
1
4
3
1
438
1369
1
1118
1037
301
1
4
1315
1065
34
1
9
101
751
15
1
1
95
332
233
1106
290
100
174
393
6
217
8
1
420
16
1823
601
49
17
2
557
5
1
108
54
271
12
6
10
26
1
547
1
8
191
194
178
3
1637
36
115
27
620
2
28
1
333
58
1
202
2
72
168
1
560
56
26
1
1333
5
1
15
704
56
3
5
17
38
8
94
947
1268
13
2
5
14
2
1
10
344
9
1
49
1427
52
1
236
6
855
461
1
222
575
172
366
1773
63
18
1551
388
1
1
1422
103
1
2
31
48
3
15
1353
12
1611
6
6
1
2
12
43
4
66
15
1
87
10
6
78
1612
5
125
2
312
2
808
8
649
1
19
8
20
51
325
676
410
21
10
811
259
32
1131
9
2
5
3
1264
296
80
1
72
86
442
2
2
7
1
5
22
10
122
21
30
715
21
42
151
79
11
227
7
2
71
10
640
440
858
1
748
12
9
175
1332
1319
1146
507
356
455
1
1930
3
45
50
1465
164
2
125
13
1542
85
10
4
820
27
317
81
49
1
38
7
1958
145
239
281
9
8
77
133
1
232
114
215
4
1304
13
5
20
308
52
17
669
93
3
1059
104
7
2
150
3
8
4
579
2
1260
4
8
1
313
2
1353
1458
198
58
206
15
4
1
19
74
28
146
18
2
5
16
21
1
4
63
398
1
21
47
32
1
739
565
77
2
1
450
134
7
51
12
913
23
4
122
88
713
37
186
75
119
670
8
33
794
61
203
8
4
210
178
307
1
202
1407
600
1
517
20
122
13
1
1174
10
675
16
149
1
1140
16
202
5
4
112
374
1075
1417
8
724
1
4
18
39
238
4
9
235
370
1
16
205
90
6
1
109
966
1
154
64
523
215
592
9
91
1539
1033
24
64
7
26
4
6
117
1
1
2
1328
11
1842
198
375
7
6
1
1
42
3
1914
39
272
1038
16
10
1514
74
798
1114
3
1656
1
34
1677
34
5
97
1936
37
26
1
195
295
1043
13
70
157
95
128
397
95
530
49
238
341
15
9
57
126
212
4
47
954
8
95
719
122
1
25
13
20
1
342
97
30
1
766
817
117
930
2
50
143
1
130
86
20
377
2
633
148
35
1165
1391
2
540
276
46
290
313
428
795
14
1
139
167
1894
78
21
1998
1668
2
43
473
4
3
20
14
1074
159
19
1
420
2
226
4
4
43
2
2
167
270
105
6
18
30
21
8
1
450
17
11
428
59
1139
4
599
1
3
97
4
688
6
12
25
30
4
1
111
3
1977
3
2
367
3
1443
14
1
22
1
1591
62
2
1
95
3
13
1
13
5
36
45
50
3
61
143
581
1
6
1
9
10
468
9
1776
336
1
6
1
4
20
45
1627
2
1861
70
496
1
19
3
4
1
661
32
216
4
5
226
141
8
2
17
582
13
80
2
6
29
29
46
2
260
3
1
1
1143
4
1007
5
176
524
120
5
325
53
15
13
269
16
156
1918
166
151
1
61
1556
1
145
15
367
1
49
949
2
129
1
10
1842
61
295
959
9
1
1
143
18
2
42
25
1501
5
47
45
15
215
732
4
3
1
422
186
996
365
18
214
12
1329
2
54
19
20
3
468
17
1428
9
121
251
854
28
5
1195
52
29
10
633
71
339
5
1164
634
36
44
510
282
96
1967
5
7
6
2
10
1
802
2
1
31
52
1032
1
363
175
1
35
130
2
15
6
10
895
27
4
61
28
3
1904
1
1
1975
58
159
192
2
1
38
99
223
11
1
4
3
1392
109
1
4
418
1816
156
2
318
1
19
29
114
2
131
36
126
343
1
78
2
9
239
1
1783
12
1
3
7
439
113
1
919
6
19
322
863
21
794
1
384
1
1035
6
1
1398
6
1
11
8
9
5
313
46
10
27
1
200
4
478
1200
26
312
28
17
1
660
1
49
17
4
60
5
157
31
3
7
15
30
16
400
1435
972
1
591
1
954
1412
97
3
1392
2
1
10
246
15
104
2
11
779
14
1
6
3
18
117
35
116
172
701
941
57
1
1
2
1327
11
6
3
112
1
11
1883
39
132
145
365
5
324
109
103
1
2
1
2
7
158
21
1
194
205
6
277
29
19
132
941
635
1
307
1
72
2
474
1277
266
188
26
67
84
186
1
124
295
329
51
66
60
41
247
390
475
170
1425
769
67
2
1283
419
102
26
7
605
2
121
781
24
27
10
320
14
6
1360
1
255
3
1771
19
3
392
6
29
877
26
1
696
10
188
210
1
178
26
465
1
319
1
8
125
104
6
237
216
1542
1413
388
57
1674
1
5
798
2
324
119
1094
1430
35
8
7
146
201
5
1
257
16
26
810
58
2
26
18
121
98
1444
117
106
1776
1145
170
6
61
1
36
22
19
144
1
428
4
2
4
1
38
75
11
1
4
147
7
1199
73
8
56
6
1
1
93
23
377
7
2
74
1
12
185
328
235
730
2
120
35
2
175
12
12
177
1
13
1
288
896
68
30
1
2
42
16
75
108
3
1056
41
1874
1779
8
7
127
1649
80
274
1
161
344
2
22
64
93
1
1
795
241
429
22
1
54
11
9
11
29
8
1056
974
84
29
13
1
3
779
64
15
1
2
227
146
42
3
5
111
1235
5
161
3
1
26
1821
13
2
53
1
211
2
242
39
756
1348
245
4
20
610
893
6
2
33
145
65
20
11
1
16
44
14
33
2
108
16
115
4
1
25
5
1173
871
102
998
687
13
106
46
7
190
1
32
1
781
539
862
222
1
3
1179
212
1
326
178
1
6
18
3
1
1
253
30
30
1
17
2
94
5
4
158
66
21
18
166
2
175
15
1584
1200
1
1042
8
59
1466
9
45
39
161
130
206
310
673
1373
1
562
283
10
4
1
3
72
8
1
1171
844
14
4
96
2
13
949
1
1
64
722
1541
1470
161
9
19
4
76
207
15
27
1
18
2
1566
109
32
2
113
165
9
1980
20
156
719
1080
262
9
40
26
148
1540
11
101
42
66
1
1
43
43
18
9
6
1
1585
377
19
187
30
15
1
25
514
21
7
35
42
1483
7
5
190
123
231
1736
8
6
1049
300
18
313
939
60
1
38
26
1296
1522
898
4
15
142
10
1
18
433
77
122
11
33
1
4
52
62
477
1
2
6
55
89
43
17
114
1
20
6
52
48
3
1
221
6
1
2
3
303
1029
1
1219
3
367
85
1
170
2
7
25
1
946
11
88
1
1
11
474
1232
840
1
7
2
1392
1
137
26
33
7
501
106
28
33
60
1135
29
120
88
8
65
107
1732
2
4
3
10
15
465
54
885
2
18
402
354
1
3
1470
1150
11
22
65
18
1495
875
267
283
1230
89
7
685
169
4
45
11
2
11
28
54
5
1067
1
6
37
1882
2
1979
5
79
282
1
5
2
1497
1
807
412
5
17
24
847
1110
326
1
1215
106
309
244
1268
1711
1
1737
1302
3
62
1
711
5
34
4
1
126
1580
1297
42
11
1586
9
64
19
705
5
80
133
25
537
1
10
1
1
48
1
6
8
2
1766
8
10
1
501
10
1
39
2
50
163
5
120
241
3
10
769
4
759
12
2
2
1786
467
1
1
55
7
707
87
26
179
1
2
45
4
2
2
4
7
2
1
1559
4
170
9
5
155
304
43
1
42
1
29
8
494
346
986
1
32
2
3
2
35
208
132
20
1424
156
72
3
73
677
477
3
1196
7
2
334
2
2
210
84
99
180
1
1192
1
707
144
866
13
1385
1
32
368
227
3
1
832
1277
2
378
2
4
7
170
103
19
1138
209
19
1
20
182
1
20
6
154
1
355
211
103
37
1
1
19
5
613
385
1517
94
3
3
1
1957
10
21
285
3
5
17
33
1
1838
13
24
5
1634
7
1
1
7
533
1
59
37
4
329
1228
1003
206
4
24
13
1636
28
215
234
2
57
224
1
57
386
5
244
18
145
972
21
16
254
34
1
328
2
1223
18
36
4
75
11
117
5
1
9
9
10
2
966
20
4
18
12
1
3
216
12
2
1001
15
1
146
729
707
329
1
7
774
208
187
1165
1
2
1
5
1
821
2
21
1
15
12
1497
1
7
3
1
1455
1788
1
67
62
144
3
106
1784
4
577
2
9
136
281
1
12
15
631
5
4
45
2
1
14
19
1
3
13
17
30
103
642
734
7
87
119
26
1462
2
1
36
2
10
2
95
1
9
1
15
96
2
28
29
4
1914
4
60
1
33
422
26
38
3
55
987
8
341
14
219
742
2
9
887
2
83
6
39
201
8
14
5
29
4
707
12
12
37
1683
3
97
11
32
171
1
8
2
1
1933
14
20
112
2
64
1146
211
11
1
44
138
5
6
662
62
14
21
6
2
1
1
5
2
7
67
1063
4
1
1178
634
7
13
15
706
1
804
1
275
120
1559
2
153
71
7
157
23
1433
1064
346
3
11
2
16
188
2
1
859
647
1
7
40
30
157
317
11
11
562
601
107
58
25
1
5
87
13
18
66
2
6
73
46
2
13
171
1
78
1540
3
99
3
228
1
451
1
29
8
12
1
13
1
1100
20
1
17
1
105
140
265
41
247
331
1
15
1513
1
103
142
1246
237
62
1533
74
101
3
16
999
627
432
21
11
10
3
16
15
4
113
5
254
1403
472
24
1
12
729
2
862
64
242
305
384
3
4
59
7
1
59
384
63
1643
2
1665
1
30
1
1
15
320
1
880
38
5
54
1470
601
227
16
1
154
63
10
1
95
272
251
3
5
1
601
31
12
3
3
51
69
1
1685
5
1
411
37
1
1300
12
1
38
1
187
116
3
766
1
865
292
24
2
344
1
1
347
51
611
1585
73
1
50
1656
341
140
123
378
1031
14
1
158
11
11
785
46
12
2
2
14
751
1
67
2
641
496
1
1
6
1072
502
67
17
579
2
170
128
31
245
2
3
376
5
1
1
44
1214
1594
1
1106
4
172
1
236
85
22
3
183
1
10
1
55
4
1232
10
370
4
28
5
1112
1
31
86
36
966
12
15
1
1
1
37
2
4
16
515
2
510
6
1
1
2
322
1
61
6
3
1596
126
1
2
20
58
1
3
494
5
79
205
5
369
45
2
1
440
38
1104
42
1
501
16
43
6
160
396
8
3
86
51
12
8
744
3
1
7
3
2
13
50
259
2
225
1
792
201
2
163
6
102
2
1
249
8
28
2
6
2
18
42
12
315
33
505
192
99
