557
1386
2042
1874
1043
1610
2476
2165
361
2222
2487
1819
1484
382
2458
2330
200
1961
1777
1485
1468
726
902
1210
1668
167
968
1191
2413
1223
1202
1492
1574
96
517
1379
104
9
1192
1460
231
2361
2500
776
1849
2320
180
2027
1928
2077
1948
918
485
730
428
836
1633
150
1089
872
1152
705
285
380
404
1303
966
1931
713
475
1193
1968
185
1297
2035
1850
669
2144
1511
1961
663
407
1066
446
1260
163
489
845
2340
945
737
1453
1396
1775
1637
1882
759
2083
1011
2134
108
350
1865
934
2446
1938
781
1814
2160
1461
629
2377
1772
1171
31
586
1379
1913
1284
217
850
1527
1030
724
1194
716
1253
24
1902
1044
393
917
749
808
1100
1439
473
1670
938
523
2461
177
1990
1939
1029
832
181
132
1846
178
131
467
2174
1068
2083
633
194
847
2499
220
1560
990
1637
145
2294
1544
2280
94
784
405
1038
343
538
747
776
2397
159
2386
306
603
67
2138
2294
305
1837
2150
1847
417
1223
2390
1522
175
1882
1965
1820
1976
560
2142
266
424
1820
367
885
367
371
224
1206
481
2063
578
1047
1259
50
871
504
1045
1907
1156
446
1779
2185
2271
653
198
700
858
888
923
860
2147
2444
1254
479
868
894
696
155
1159
1177
1200
1629
8
2396
1704
1471
1727
1194
2369
2068
2444
610
911
1565
1859
1647
627
867
1781
154
1566
1135
2118
748
1390
509
707
1714
842
1305
830
461
430
399
438
1756
2439
1317
384
1000
1100
545
1298
561
2151
1651
1087
913
1540
2387
1869
1489
430
42
803
1627
1224
1664
42
2338
1085
42
1774
1079
1519
1378
962
966
2040
662
339
2274
1740
286
2354
1681
344
2269
1851
986
2078
568
1764
1807
292
1127
2242
1974
836
2314
1143
2444
2137
1868
2304
585
2404
1648
1130
331
2421
921
271
2195
1861
2048
2205
733
1375
660
2137
210
658
12
1009
2004
151
1763
473
2049
2397
242
2463
395
1418
2416
1296
2195
874
1484
1845
469
1449
759
1236
2117
1462
953
1837
1065
1136
1650
2299
2138
436
882
997
2115
1054
1618
700
54
1563
468
1459
1792
410
1646
483
2124
163
1935
2233
475
426
601
827
190
202
2125
1092
715
94
1115
2417
2422
826
1521
535
515
1334
823
2405
696
1756
2269
744
1276
521
1018
1835
1201
861
348
1079
1905
1536
2412
955
882
1100
225
2326
1771
218
2372
543
20
876
1067
466
1373
2420
216
2055
598
416
1739
1494
847
556
895
2002
2422
397
1820
47
922
1304
1602
2027
432
2124
2348
2480
189
2059
1279
477
182
2079
1165
280
2402
2290
14
675
1426
2202
2434
837
1520
97
1322
799
211
652
1848
1709
1740
131
1754
1008
2442
2291
1542
2400
2318
1776
827
126
1881
1518
724
317
735
1863
2219
572
2491
383
1130
1569
547
171
791
13
1101
686
1520
2070
1745
2008
92
2401
487
390
279
280
426
2176
1940
1357
1148
215
1073
890
34
1589
1281
1058
2354
2267
1638
2333
1327
2160
949
1843
2304
1678
149
2119
2487
1801
423
833
2434
1250
1867
1725
43
319
2022
1198
700
1850
1840
2129
1076
629
1283
1794
466
955
1782
2468
2055
1672
1968
2032
1549
2086
103
183
1200
2296
1870
268
2313
2399
2460
2442
1182
1866
2447
1904
2268
1438
1307
181
2191
830
2421
29
1603
2048
538
471
862
228
90
2153
2033
954
1903
1957
931
302
740
2004
2160
1883
1084
76
860
1784
2471
1997
2182
2022
1699
792
2280
2219
162
196
1665
1908
466
1126
1844
1014
1270
2227
958
490
532
2263
790
1451
602
1387
1218
1566
1777
1173
2224
1970
852
2235
331
157
1208
377
2164
830
920
918
432
1347
547
2009
761
1049
720
1243
350
2398
1726
427
102
2015
3
322
1854
2139
2376
435
2116
944
1684
1001
1717
48
193
1706
1144
2318
1007
1302
1167
1944
1046
1037
300
2053
175
1540
1689
310
1626
1534
1550
616
2118
1434
2375
717
194
1978
885
425
1758
1452
2231
221
2140
1279
552
460
1744
2446
150
1835
1461
1670
1740
1505
1906
2268
1492
1897
1249
2049
2387
2498
1539
25
2148
1051
734
789
294
2141
1260
1873
2386
1095
185
122
2223
562
1794
691
983
845
1376
623
558
1947
248
1506
1655
916
1287
2160
1233
39
2341
2324
1171
2288
2240
1023
2442
2353
657
954
844
318
2162
1627
2455
1112
1703
2249
1009
1564
2469
2318
108
157
2034
2174
1833
1108
2044
37
602
2078
17
1214
2231
994
1414
551
1772
250
560
2208
2181
693
1719
1868
2255
2417
417
46
451
1388
1564
1507
1226
407
1867
967
1812
1084
706
754
1067
1569
1630
268
292
1903
1661
1609
1744
864
2374
1998
112
318
1789
1993
364
2006
482
1353
2044
2268
2003
2475
606
482
631
1090
140
1452
927
368
1819
411
1277
1058
1693
2336
1593
1299
1581
1451
1743
2252
820
298
2383
2311
1117
1659
519
2238
1466
1361
219
519
1341
301
1052
1396
41
2288
262
2299
2299
1324
972
108
1427
1318
1229
1743
543
564
1795
650
1347
1890
2083
2073
869
26
1986
300
1328
511
973
59
1955
2073
2119
1067
211
369
2029
735
2163
227
2097
751
893
2451
745
1736
153
1610
2313
432
2032
773
1046
138
1784
1698
2263
108
2287
1062
1066
1638
810
2404
2214
707
10
1004
2036
22
2452
137
971
1052
1193
766
16
1428
1889
2400
257
350
233
851
2343
576
2009
349
2167
126
1391
1953
1298
168
1402
2242
2470
917
435
1021
735
1178
564
165
2496
1685
2025
1541
1142
886
1147
633
84
538
1525
708
677
268
2247
861
828
1805
575
2060
918
2386
1876
1408
93
2062
1598
356
725
1910
763
1718
515
1512
1798
179
538
1246
945
2280
1033
2380
2339
1347
265
2250
708
1060
2153
1277
172
1449
1427
439
459
2054
1359
210
1844
1469
191
2349
1585
433
1821
1741
782
1695
1992
939
2411
2156
202
316
2061
711
169
789
2016
1819
1436
1922
613
1309
302
1403
1434
1374
1216
980
269
320
680
1320
1034
792
660
1453
1455
1881
2162
1324
2093
2305
2418
1089
2015
327
2296
1921
2008
1950
933
1256
754
1517
990
1897
132
1205
1884
417
2344
1342
364
339
444
925
1348
1247
1092
1447
285
1798
290
2111
735
193
1544
355
1882
1518
844
2328
280
2057
836
1385
2218
523
540
349
204
937
842
2009
91
846
592
323
1772
1182
2492
2069
2208
1961
200
411
1295
790
1767
52
2094
641
400
2359
789
2321
2360
1337
17
44
1881
340
1056
1481
1907
800
1910
1321
1648
605
725
1636
337
1785
1136
1330
1692
2063
713
2212
2444
742
1848
832
243
1757
1321
639
957
2442
1945
2296
1088
686
77
1024
1157
857
256
1522
931
2011
446
291
558
515
2359
54
2283
2073
1425
755
889
898
517
98
69
1154
689
1531
1194
1498
1630
2079
1858
2320
2395
2027
2129
778
1899
684
1365
1817
1375
169
2074
1420
372
1411
1446
93
1897
2029
1606
240
333
1490
1680
845
2079
915
888
1974
1896
1760
375
429
1624
1986
1408
619
1520
576
2316
2379
941
1583
1335
1294
1902
1322
1822
593
130
2053
1268
1484
135
1840
319
2054
2447
646
274
951
652
2213
904
1260
2243
578
2053
747
2251
1627
896
1391
633
449
2446
967
2251
641
1307
469
2231
135
1249
123
1481
1635
2264
2377
2326
2195
377
875
2065
176
1500
119
1277
1577
1466
2330
3
1109
1838
721
1195
1780
1023
2017
396
1859
1066
1473
986
602
2184
228
826
435
1681
2148
424
1383
2190
1834
1771
789
733
80
1628
336
91
1625
2233
392
629
1859
1424
1012
1400
340
47
1585
2473
534
1653
797
2389
1364
920
1850
2472
364
1760
304
1403
2134
601
1518
2248
647
2153
2119
1530
1225
2114
2105
1663
1034
473
684
805
2164
1844
1212
1366
158
2360
549
1136
2224
1099
870
816
1688
522
1431
127
1192
710
2206
2173
357
2129
58
809
865
1577
1113
810
1121
1770
1703
819
567
970
2466
1517
1471
235
844
1817
1308
797
1557
2306
2351
953
450
1507
1975
557
1589
716
1984
1640
1086
2107
1927
1134
130
1247
1569
1624
1365
1837
1742
1600
434
1007
1730
2418
192
331
517
173
1601
2333
1364
1546
1343
2212
2499
1126
1859
1835
411
2094
2411
2180
1547
179
125
395
928
1489
2235
1156
2242
1451
313
1653
2112
1375
175
2309
2112
2294
726
2004
1739
2398
2066
2464
2194
1333
713
2015
413
605
2248
19
1447
464
236
1977
2092
392
610
1218
620
2421
1834
1721
1191
580
937
1091
1841
429
1088
484
1147
2149
736
1719
348
19
1518
802
928
1275
559
1449
2076
759
372
350
852
1828
1101
1260
1189
2355
8
762
53
1850
1265
986
589
150
694
1550
1465
1890
1629
301
462
1216
1073
2055
1728
207
1122
970
1651
976
1201
492
980
1048
2005
30
680
518
2007
1969
226
455
1112
2225
1988
374
1081
681
2103
200
1371
1238
835
1631
1079
2076
1544
245
1895
2253
81
1197
2324
1390
586
653
61
1376
2293
178
109
1085
1230
2442
1732
1064
301
944
2226
1688
2357
498
538
2291
443
1950
1448
2212
1840
1324
1059
1889
1808
1212
1816
506
1356
80
183
139
1992
697
2320
2452
974
613
565
2059
802
2027
856
780
1017
1848
48
704
1081
2332
2283
2042
1594
732
1489
827
666
697
2454
550
1353
2195
1141
1045
2173
288
2421
811
1143
1520
1272
1853
232
407
1518
1591
43
1933
1503
563
1020
2407
863
2387
2209
207
1066
70
2473
2380
124
497
1511
1167
1601
1453
2427
1010
1483
109
30
207
1971
2130
254
271
2185
1046
1858
1751
144
1941
1821
230
1992
191
1151
817
2060
2114
1030
184
1642
2473
2417
321
520
2387
1178
758
1464
1641
1483
591
1278
2344
2500
293
1839
1480
2378
1982
968
355
2097
1193
1820
1957
1048
1011
1489
221
1812
335
2055
2204
714
1110
576
1679
1893
1916
422
143
1644
1817
233
254
569
1358
2286
976
1771
2137
1558
2245
664
2413
399
1741
2277
1720
189
186
790
452
579
2094
73
537
354
1456
537
2096
2024
2126
501
348
2220
1334
1065
2302
1199
2058
1558
1422
1194
542
48
262
593
1173
1619
1584
152
2055
898
2265
1755
1032
225
604
631
2483
168
486
2011
1753
1424
1194
1726
1497
2437
1581
616
77
9
2262
497
769
2498
1408
1061
1819
104
2262
2180
752
2091
2473
318
460
1359
1799
1028
2112
1507
1206
666
414
2227
2128
70
1311
1312
124
1471
99
1637
1426
2432
530
2351
2310
2421
2178
401
154
514
2363
812
960
789
1427
1683
1816
1966
2318
1355
1960
2387
819
1707
995
2443
2052
2459
1992
2249
859
455
2085
1879
2366
147
2433
478
253
694
2471
1942
1548
426
1553
414
164
1006
2362
812
443
1966
1961
965
1202
1312
1531
135
1463
749
1193
899
456
2134
2413
2055
1808
1183
2488
2045
2230
1028
701
674
1357
1736
1729
1585
211
2001
1152
27
2040
1405
1350
1759
509
871
2373
1789
1519
1485
559
715
1529
697
1403
808
1114
120
378
177
1263
2209
209
368
948
1343
1310
2385
2240
541
1845
72
1719
1959
1980
2238
126
1240
1751
2265
237
751
251
896
834
1796
1004
1261
1979
1530
2136
408
774
2477
53
1634
2248
1967
2449
491
1792
1846
2066
1050
1074
2278
1629
1214
1064
1526
852
1823
172
1283
601
2091
563
1013
1676
1895
1445
1417
2104
777
1639
103
1694
1056
1530
872
1938
1242
1534
1157
927
1278
1949
1824
2464
2064
2252
234
1953
480
994
27
657
1993
1996
418
1833
2262
661
533
476
283
2194
2090
1676
251
1116
1595
731
2310
698
1981
2103
1448
979
1739
2451
1427
2456
1438
2203
2249
2435
891
1047
736
610
490
44
1837
1929
2248
1195
1314
5
4
2214
779
252
599
749
607
2287
373
1861
1066
2160
1854
517
1647
1171
175
2294
1489
1163
1130
86
1132
1665
246
126
661
1353
943
1478
247
236
2446
1156
1545
486
2291
787
1981
1778
1221
2110
2475
189
1764
1987
2129
94
617
406
668
273
1465
229
1086
2236
412
389
807
2033
16
1597
1720
1859
2470
1642
955
1274
1366
1431
730
934
1373
1299
345
654
1791
2424
2274
1570
1549
532
106
1530
1165
448
707
150
869
2072
844
85
2427
15
1436
155
814
1381
1385
2100
355
2403
384
708
1339
1526
2063
582
1933
66
779
1346
2301
1067
1579
1267
1281
2342
1554
1393
36
1947
1028
1212
2164
2408
881
968
1015
2121
279
1135
999
1783
837
368
2495
1699
740
1579
23
2237
1101
411
1596
1580
1054
1374
2152
1571
1707
1620
394
1839
1284
1000
689
558
479
194
586
23
1761
1510
678
388
1758
1140
1822
692
1805
2364
1173
576
1305
955
388
2079
312
1180
2137
1189
758
2309
609
1176
1890
249
2449
1255
1932
517
1150
419
1398
1266
2411
1102
666
1915
53
1947
906
376
1506
1245
927
427
2375
1650
128
1337
2115
727
2186
645
331
39
664
1687
723
1853
1877
2255
151
1873
1123
841
1190
1578
851
1215
54
419
1386
2419
467
2315
718
281
448
2284
1325
751
613
2062
2249
76
658
66
1168
919
999
1021
289
1586
732
2284
2318
1353
1884
1534
1903
500
825
910
1749
790
222
61
912
266
2460
1161
1537
2281
162
2442
1985
211
1838
2380
525
1195
1123
1840
2115
2412
1268
312
79
2006
598
48
860
161
1217
1315
1368
487
683
817
1622
1728
436
825
1673
467
1643
516
1463
126
2416
157
665
1682
2102
2444
2090
1304
301
1449
823
455
2401
1556
1424
684
1157
1816
1912
748
2394
465
383
1889
1844
2294
579
947
1529
812
934
1992
1431
1980
2043
2167
1962
617
1966
1529
720
6
377
1591
1309
1927
1847
835
2071
724
1274
1126
345
217
2000
2113
483
2114
2183
1175
354
680
1650
1650
221
479
1620
1263
2358
1538
1636
2433
1868
327
1703
433
1994
841
144
1529
2263
597
340
1495
1611
1489
1415
1355
396
317
1011
1670
1424
2102
1953
1234
285
2320
1192
349
1399
1826
1081
1771
190
1752
1853
1100
1414
1062
1035
1693
559
2154
949
1523
1817
1634
1387
1027
2013
116
764
1378
2273
2488
394
1103
305
2012
1520
146
1481
1069
1201
1009
1694
2208
1267
1155
2060
362
1513
594
1260
2103
14
1644
1736
2142
776
596
871
1570
2190
1901
75
2218
113
1869
1302
379
497
1881
1218
1249
34
1899
403
54
1016
113
1255
1864
60
2347
786
400
1874
1819
259
2282
528
712
1973
249
27
1690
1638
307
213
667
469
2224
638
1953
645
661
393
1504
839
2122
997
455
1121
472
2473
2150
2152
807
2016
2249
98
1202
1668
1577
330
2205
1465
2026
2075
796
1291
1110
1370
569
749
1433
518
2480
1169
372
166
2397
1301
1716
2340
568
1756
955
2061
1758
2398
361
2324
40
1885
297
2171
610
235
814
557
294
1750
1510
571
1563
1593
2135
535
1382
1074
723
934
1448
513
2391
366
1244
1251
1692
1542
485
1389
2427
1338
2008
2032
1541
1601
470
1389
2066
842
303
1349
2398
808
514
2190
1471
500
1979
149
1317
1060
2298
68
1840
1972
340
1928
22
1586
1907
2155
1418
1376
2085
2073
657
209
1183
241
920
2250
957
623
1038
261
2484
861
1118
179
2371
571
2042
1426
2464
1042
108
1470
2443
974
485
1020
2426
431
472
2209
1813
97
845
406
937
157
804
58
1827
1449
2110
1459
1133
585
1828
2024
692
695
935
777
809
2249
727
1330
1236
1835
1321
1391
2045
1061
1796
889
517
1134
1527
2018
2319
1716
1491
1592
1091
498
542
1156
882
740
1761
399
1053
373
1693
2474
445
1653
17
2131
1415
812
1116
642
526
49
2027
620
1519
2345
668
747
1260
2444
1202
99
578
1506
2454
773
1916
955
12
2156
2272
50
798
2424
1101
886
1070
769
1423
724
2003
1132
743
1509
1587
380
1042
2479
355
51
1980
1126
1944
1531
2161
2411
619
1476
1198
529
2094
2374
123
1945
2224
2228
951
22
585
2176
408
1546
794
1551
493
2048
309
309
180
1561
242
362
727
2259
2194
779
610
1617
1987
1020
539
1602
2119
1507
1252
1849
233
1505
1048
16
1309
1420
110
918
2077
784
377
895
1675
215
2271
2221
2277
1722
1576
1523
1652
1891
1211
2440
1781
792
2221
1230
1045
1119
958
1872
1201
162
1637
729
2457
344
1898
2462
866
474
242
238
1030
1994
2418
30
1312
1829
1151
1377
1518
101
1933
81
787
1317
1551
658
2072
889
934
52
1151
1962
1137
1949
543
712
264
682
1540
1810
2273
2264
1715
993
690
1874
301
1682
1670
1489
1002
349
1561
2346
1597
20
1646
2044
423
692
547
1051
408
208
1289
977
2350
654
1744
1473
1617
2500
1367
1320
1429
309
567
885
2134
195
2407
369
1717
771
2108
1562
1061
1169
565
539
204
2372
1219
209
1272
28
242
2438
666
701
2150
1679
2477
411
1351
1773
1073
492
1642
940
2175
114
825
432
1596
1666
1494
1167
777
1942
579
2395
2016
2306
1690
1556
1606
263
2183
834
1111
36
1204
1945
1836
1246
39
1227
1102
2493
602
166
854
2254
1714
2409
221
2018
2069
1945
1243
2296
2462
2043
1735
149
1568
2053
998
246
1912
525
813
99
1339
346
1971
2206
1198
457
1579
529
1611
1263
220
2221
1806
689
2230
2498
664
910
879
193
1505
2432
1485
1088
430
2290
453
1049
355
446
285
673
1343
114
607
1162
1097
403
684
598
81
1009
1234
1450
13
1687
629
1967
301
920
1297
291
1274
2428
2335
188
2266
2072
2100
2071
992
529
1810
1714
1223
1257
2411
1558
788
657
2456
566
60
1378
986
2417
706
65
972
2311
2203
186
1792
236
218
1984
550
1393
489
800
1250
931
1817
570
2466
2036
596
292
1238
2450
1158
763
1846
1791
2296
570
1150
1402
2116
2058
2424
1401
878
1215
1534
1357
1169
198
1021
1837
209
2412
58
1523
896
986
264
207
412
1331
226
364
1256
1479
1323
752
1513
2410
888
319
772
61
775
1219
2351
2294
341
1524
899
710
1139
567
692
1410
95
583
276
1084
930
1582
76
1768
2378
2013
1759
642
1113
175
1020
502
637
131
180
2255
1183
348
528
981
547
1562
1968
1619
1668
1954
1014
1805
1768
2466
1345
1366
1839
1933
1452
625
679
374
1664
2374
940
458
1778
1280
1242
1726
1051
1213
988
1079
1256
2461
1170
90
1827
1570
723
2493
1661
1102
1805
1686
275
650
1699
1732
1528
1616
403
2052
1755
2233
717
2246
818
1352
597
2018
2235
761
55
1057
1388
1534
1471
2139
2482
2222
1322
671
2444
2416
1034
518
827
1568
2077
2390
1080
2063
2150
1891
16
993
2211
1859
1429
241
2043
2070
1570
1185
1349
491
1367
1164
2495
842
1024
1986
793
1147
381
1413
2346
754
709
1174
1118
2480
1476
1295
1007
1861
1743
944
173
2085
2259
289
662
19
1077
2427
2276
1018
432
1553
2155
167
5
58
1514
682
119
1980
1707
548
1938
2029
1813
1395
700
2023
485
262
832
1548
1333
2296
1098
506
1981
1163
1192
2416
1866
562
2249
2126
666
668
508
2090
748
1975
1411
979
1759
1744
1361
294
82
1110
377
1106
2431
300
2333
631
1617
2353
2008
1060
484
1740
502
150
107
1771
2268
2500
374
2016
540
2407
587
2162
2124
604
2476
1280
1881
876
606
395
2424
1345
1093
2171
974
491
911
339
1334
1229
911
181
1994
1176
1900
1222
1739
1644
1542
158
403
902
1095
1142
2055
1800
1844
706
2092
853
2428
1336
2086
1109
1953
293
1416
216
420
1585
445
1457
1217
1037
1588
2136
1632
1952
80
688
1156
587
647
1494
1318
132
587
1240
845
1721
1916
2379
1559
1576
791
1148
2356
2292
544
2009
983
13
1924
1386
882
1848
110
871
2046
2294
1943
1086
1549
2214
2287
1963
2039
1866
2455
348
165
2113
180
2385
941
1017
616
2157
1064
998
1389
1154
299
374
1831
2189
1380
2213
886
1475
1734
1735
627
1504
1045
716
1987
1666
1479
2209
2276
404
2164
2006
281
1965
799
1633
137
298
470
704
470
951
1155
2154
510
1694
68
1866
462
569
502
756
275
1238
901
1683
2190
1545
574
177
721
1112
2319
504
2459
833
1148
1521
913
796
2268
733
2106
812
1515
720
983
1840
1389
927
300
2292
2067
1638
324
2293
86
2281
1115
521
527
1689
908
13
1879
1786
2128
732
486
2264
193
1378
2176
114
2391
1617
1021
726
1345
2099
2439
1314
1229
1804
1773
1110
1845
1090
1664
2140
1861
70
706
1903
2286
1840
1779
2066
1874
2129
327
237
609
2008
1339
1799
1383
2092
905
726
2003
1366
527
2154
1626
1869
1783
62
2160
2117
428
2250
2448
106
1970
971
1628
1048
1240
233
318
827
424
1798
2173
1079
1026
1569
839
2251
1488
147
1908
1695
394
315
897
1716
718
37
915
444
2010
954
1364
2324
1707
317
2234
1357
2382
585
2157
2009
2226
1188
1949
1772
1137
1301
2499
1858
1883
577
2389
1903
142
2352
1189
1087
2186
2127
1625
162
1551
2286
883
1203
896
1001
2484
91
179
607
1751
2197
354
1257
1595
1720
1373
558
2184
112
993
1240
1296
2258
2365
1164
845
1495
815
1453
1934
743
650
109
542
1535
1305
1832
239
134
2405
2204
1944
655
385
577
234
464
650
2473
2136
1562
34
714
1258
982
2356
29
178
922
595
625
1046
630
1766
1233
1758
1208
1985
20
1782
2004
672
787
1399
706
893
475
83
1842
1048
943
1531
99
1623
1602
1099
466
1761
198
170
1701
2033
2167
1965
383
1370
832
2307
738
239
1536
472
1454
1209
57
225
1943
397
1118
805
511
713
2034
179
2403
1746
237
799
1029
159
2006
1343
305
517
1681
57
1131
2342
1999
2020
391
1840
383
452
1141
2421
59
1439
649
2434
1500
586
1804
1361
514
721
1411
2160
443
1254
1188
484
2130
1708
1058
903
2173
419
128
93
1200
1785
2232
974
1996
422
1462
1355
1237
1991
1762
1109
1885
661
2347
1754
442
1427
1443
2101
1884
955
183
1579
470
704
770
1079
531
539
521
2161
1863
318
1015
1447
839
315
647
2026
1049
476
1491
1690
684
2479
268
1958
2021
666
1590
434
1191
1976
957
1486
1723
938
2382
587
828
491
1157
167
1955
756
778
635
2461
2061
1200
1639
1396
845
803
2268
1126
1558
1582
893
522
1401
641
988
1056
2138
1010
362
183
946
974
1541
2210
2426
2208
489
2138
2100
2263
83
576
583
655
1757
2210
1061
852
78
2228
916
1881
19
1925
110
1936
971
846
2236
2332
968
307
407
354
313
696
2500
1
350
146
631
241
1006
1721
134
2391
2045
2174
928
1124
1696
1109
794
1053
1711
2004
1414
954
1168
2056
1419
323
1453
1077
1605
2173
1635
371
1297
271
1098
528
270
560
2169
2145
889
2291
116
1011
1392
2294
1258
502
1063
2197
1202
148
353
2295
346
2346
2154
301
435
1951
810
1172
988
12
2379
70
140
16
2123
2386
1490
1434
384
1711
770
75
372
1712
1437
166
120
343
153
697
1012
2199
268
456
332
750
1573
891
1628
463
2363
2144
282
1457
2244
915
1957
888
2160
2333
243
1863
1577
275
966
1558
2403
2303
1739
1369
579
2158
361
1540
924
473
2216
1834
379
2302
1698
376
2326
112
1834
1627
2173
1256
469
959
1413
1006
153
89
497
2238
406
743
2439
857
1111
745
610
810
2355
2352
425
2435
520
2244
2031
1555
120
1812
1639
889
17
2326
744
2435
2072
271
2393
1444
635
1890
489
2285
1092
2109
1904
786
478
472
1347
1458
1820
2434
1777
607
1292
2157
1137
1098
2246
25
1911
1269
2461
1017
1644
1475
1934
1504
444
2353
979
1111
1125
1811
1256
826
467
1320
2449
196
236
1476
1250
1135
1439
226
2201
703
1659
2184
1558
1370
2339
2324
1927
137
982
707
1400
1679
1603
2044
1206
329
780
1810
407
348
1364
647
1034
1535
522
1485
1741
1827
1511
1645
49
399
668
124
1455
2429
445
2274
827
84
1266
633
2420
1924
1450
1108
656
1681
2237
1782
632
2124
1887
2075
1348
1677
1547
472
2371
2426
135
1864
769
2477
2261
1422
1584
170
1789
2315
2328
392
1454
1537
155
1519
1740
2053
841
1155
1810
2147
1051
626
737
2291
1564
1678
29
1173
1659
356
2199
603
1620
1282
2316
1838
1861
1739
76
1506
2432
1400
1898
1075
464
349
1528
1649
2347
367
891
920
1606
1691
453
2362
651
366
286
1962
1371
297
2292
1970
135
383
2234
2142
2287
1080
2256
2432
1936
559
904
1121
2433
185
2210
262
827
2164
2469
2016
502
631
1625
905
2160
1158
2402
94
1696
574
1791
1399
1909
1267
381
1520
268
628
2049
1712
1659
1309
1881
1725
1494
1793
529
1061
1963
2169
558
1315
1374
2178
1686
1705
1303
2016
1500
144
927
606
329
1293
1801
1991
848
197
257
901
2164
221
1485
2342
1898
2302
2378
2301
1421
2141
2218
1386
2393
384
1221
911
1846
806
1837
312
261
159
1176
293
1139
801
113
680
254
1455
1955
1134
409
436
1005
1033
651
103
398
772
2175
2244
677
1529
2458
1347
1282
170
2133
1303
1047
1430
2444
1335
1235
1102
2179
2227
1260
1417
2008
1094
1716
901
811
2323
712
2324
1602
1218
1987
1051
523
411
1089
2209
1291
856
1187
82
1446
675
2160
1270
4
72
1790
682
1802
292
199
590
314
1970
362
123
2401
1700
1141
2395
1642
969
2206
715
1466
2460
1963
566
868
112
1075
2146
2335
704
244
1409
1720
2003
2006
772
1600
2456
1718
1478
2170
2050
1512
378
1447
1582
1344
2416
2413
1940
1886
1151
1152
1717
1099
2002
47
1579
1210
2327
2346
2012
606
1782
2094
559
1734
1994
934
2136
623
2314
2057
36
2370
2161
693
1275
1698
884
2398
219
2312
856
1050
1168
1799
788
340
2203
2178
1794
2228
346
698
269
1114
1837
346
2084
1505
1980
1556
1970
240
339
960
106
2302
1676
2156
2125
2045
735
448
1344
571
2086
1123
1621
1960
2175
232
873
1477
1877
304
202
2128
144
743
1250
1825
1854
633
1186
1223
439
332
2056
1405
2286
60
2311
2105
2440
6
1335
504
2353
1240
2498
2371
706
1040
4
1507
618
2065
1175
574
1757
541
2434
465
2067
909
1701
291
1141
1739
412
1373
1056
1745
89
880
1606
1917
405
1140
507
134
536
729
1494
1950
2483
1344
410
1893
1514
2173
928
1553
2361
478
345
1739
472
1020
1942
134
805
536
1371
1010
1745
16
2234
2230
1014
1533
921
869
1294
2349
1293
2141
1152
692
954
1364
273
2482
1833
630
944
2421
356
2399
1548
1582
2413
1381
1134
2382
1918
1781
1663
991
368
2096
1230
108
1684
270
1113
1749
591
1226
1718
1127
128
582
220
628
791
1651
1780
218
224
1477
267
2
1031
982
1563
1026
2497
2204
1267
977
20
827
1558
1172
76
602
662
728
1944
353
1657
1328
1061
902
1325
1983
836
367
1731
1013
2369
1548
32
1058
862
837
1478
1760
1451
2293
1505
403
2448
2356
1805
124
1261
914
585
2153
2161
477
273
708
1165
1368
695
1073
511
1217
209
988
290
2238
1561
2317
818
819
1669
72
186
905
135
2159
327
1301
17
2474
239
2274
1531
1944
1053
2399
933
2051
880
579
671
1291
1396
2463
2442
75
1874
431
1892
310
926
531
616
114
1497
1583
1178
890
878
1343
1212
838
48
