1894
1639
1
1975
1357
830
3
1774
156
1
385
82
221
100
671
1481
122
1553
803
705
15
178
477
686
746
3
25
288
1137
1017
1345
2227
1
652
793
2
1639
1828
458
98
575
54
69
869
5
2
2492
288
8
2224
7
322
1271
5
702
1551
1514
3
736
58
698
7
12
1692
163
195
15
593
1096
1850
2
215
1815
1589
1881
1654
86
1
1095
48
167
2102
12
1108
2
979
41
5
154
14
151
579
30
203
26
182
19
502
2
2315
1908
138
39
181
5
386
1090
467
74
421
2
33
2115
102
842
798
94
3
619
1731
283
187
1878
1078
1
133
131
1636
184
353
2
68
1267
4
325
26
1160
1746
11
90
1
33
2263
1281
839
29
87
41
2219
116
803
6
1888
560
798
86
9
2
424
7
38
1474
1361
1513
96
510
1952
4
168
41
140
155
10
870
186
313
5
1
1096
183
6
275
1214
1173
1624
148
1
111
6
663
194
326
1536
2
36
697
53
269
30
10
48
2329
24
859
1710
323
1477
1710
9
351
11
9
68
3
11
1
13
1
560
2181
45
1947
128
758
301
1
1058
453
125
1031
2203
1961
186
1076
1403
109
1159
2483
657
3
151
279
1295
837
24
49
89
13
2103
1492
89
849
13
427
531
2
74
671
25
142
1
468
1632
837
65
257
82
86
165
5
219
1404
1817
1096
94
232
4
6
1048
31
1723
1356
31
94
1410
410
418
5
519
1
15
7
1049
2
276
133
194
5
1836
1
594
1876
1
15
19
807
1278
2
489
1681
1597
1166
1
43
90
374
1265
1871
816
2176
136
500
677
565
429
2180
2303
106
823
248
2221
418
833
3
12
3
1738
48
295
4
25
849
1043
662
226
673
7
1707
964
1909
775
174
226
422
8
258
2043
847
169
124
1854
24
41
1734
766
35
273
13
499
50
1909
533
1
9
16
233
1
28
100
1
155
21
249
73
1732
73
2
706
430
106
2
655
1024
37
1975
2269
162
1351
276
4
1445
2439
10
681
1775
667
27
41
405
8
2
6
10
251
1098
21
2
761
130
918
16
14
270
200
6
3
1264
776
43
16
394
440
164
353
13
132
232
5
11
22
59
160
671
825
2
1548
857
2
23
580
359
240
297
246
432
3
2064
1761
35
196
252
87
157
62
2210
1765
1136
1363
622
991
75
6
1786
3
19
2338
135
1
1414
38
1
706
61
307
145
1792
8
317
159
1964
10
17
1717
1575
1
2
268
9
697
450
2490
950
47
190
215
261
304
108
129
275
2007
1889
234
1240
273
16
60
744
140
1221
37
509
1
62
500
1
61
11
2229
9
1139
164
1
770
34
7
313
488
111
39
11
1526
1
454
248
50
1
39
838
135
17
160
16
12
6
19
1988
41
1304
1062
802
168
962
60
3
4
251
233
1
202
724
2
988
180
2181
41
1
20
728
370
342
12
1765
514
282
1312
30
466
907
659
324
58
732
120
1012
1239
563
7
299
83
211
962
56
6
1794
1005
1877
1594
641
8
6
153
104
6
4
58
834
1454
1001
1571
10
35
29
2349
324
2360
300
1184
132
504
16
1014
74
169
103
997
32
271
2
225
1310
1146
166
291
282
1
1722
29
851
2
2024
2071
3
47
287
2012
74
204
1470
1
1247
1884
21
682
2459
163
1493
1371
679
42
1404
13
15
4
3
113
22
7
1155
1319
696
225
24
21
1472
32
1398
16
1713
798
2088
199
72
213
6
489
1
13
926
114
77
356
466
49
83
1
84
252
677
70
1102
1
708
1
22
738
352
219
4
158
384
366
225
192
596
964
149
92
2007
354
5
1957
123
254
147
321
1424
71
2
175
163
2029
402
119
2142
12
484
1
6
312
131
624
114
355
244
15
1275
120
839
227
161
35
2
145
1341
1113
164
1
1136
153
521
34
86
253
2
76
1763
11
1330
57
12
12
435
3
1
18
464
1664
318
553
834
11
158
633
1
1832
4
244
1504
2345
6
586
2
199
12
23
332
792
1
7
37
886
2161
485
9
201
55
31
868
881
495
460
2110
692
2
1
1
446
594
3
5
43
67
109
56
1
2146
10
32
11
10
96
45
764
1550
81
22
3
230
11
6
1750
1438
2330
14
512
1482
2127
5
1034
893
1948
42
749
28
2190
99
938
105
566
80
1661
35
525
676
1891
13
17
931
682
487
1110
469
18
4
1200
220
203
2381
235
577
1144
510
778
696
554
1
197
55
489
5
228
50
845
1
1072
39
327
173
1005
66
653
122
83
652
1
1
8
128
18
2288
1451
756
105
267
1640
772
640
1507
1694
199
2202
2
2202
2437
2185
3
29
184
147
46
15
1603
101
171
270
2446
28
1126
4
46
616
121
1330
109
603
8
440
710
9
4
542
4
1769
1692
17
220
105
2330
40
20
10
832
162
41
1
1007
952
1077
1951
184
131
1366
934
61
93
7
143
2
144
468
267
1
22
904
468
554
3
61
14
1131
647
1487
483
10
11
2187
102
440
706
6
618
32
333
958
37
8
2
5
1777
493
12
14
1246
7
145
63
1
154
52
143
25
6
334
382
1579
2
55
190
1
321
272
341
279
1422
188
2242
1611
1
1
966
267
1
2466
344
772
1478
308
365
201
563
2
251
1232
94
2388
211
110
576
30
239
110
1823
1425
91
8
115
1218
1
16
1287
1272
152
1247
4
37
2
1
1
5
16
280
438
257
445
625
1562
36
6
139
2277
981
29
3
144
653
778
1908
248
1299
713
41
102
1090
57
400
10
712
265
150
327
41
197
2091
41
2309
5
1151
539
4
192
1087
1588
1745
1050
1561
365
150
141
923
2
522
1383
1734
5
1538
209
312
88
92
704
44
66
4
20
47
270
776
1577
1678
1518
615
1152
22
1656
2
796
1314
190
733
1581
1129
17
485
36
455
328
1443
1117
2062
1416
696
7
49
7
1475
1138
262
1976
2
2283
1
13
444
52
1
361
973
271
14
2
2
410
26
98
1979
280
69
350
6
56
1191
3
628
34
2215
174
2
5
456
628
24
260
981
14
271
510
1
140
1291
1382
136
760
86
1989
502
284
293
1685
58
1419
16
15
156
652
1661
5
95
1115
10
41
92
1787
120
1705
2102
672
2267
730
68
2107
25
2434
600
162
2076
249
400
2207
793
2169
974
124
202
172
29
1383
1093
644
1321
64
596
882
1362
2266
2423
574
82
2378
21
4
67
132
433
89
133
639
1798
8
645
72
201
51
183
2217
1
56
901
2097
2015
1926
1725
379
2055
474
2383
301
68
888
4
1598
2247
32
256
45
427
3
3
10
34
1919
125
128
2182
3
568
130
22
1529
803
223
1369
1686
1031
90
100
517
1417
4
227
14
1011
199
2101
439
1
862
1133
136
317
651
1180
300
2497
1887
186
26
85
1261
115
47
346
68
3
2236
149
721
2011
141
472
82
1
4
1352
295
6
1
2399
6
726
797
2
1910
10
31
1545
1227
1242
31
31
123
770
73
6
6
7
59
205
646
594
112
69
228
1735
1159
968
2017
120
627
466
1985
370
6
38
29
193
1329
3
139
821
213
1202
1565
2
455
159
2162
41
2237
114
1581
1166
260
222
128
48
1888
108
370
944
1446
783
491
13
267
230
1231
2
1011
107
4
17
114
95
9
8
1770
6
6
1921
477
121
1526
1495
1
417
749
229
303
354
24
32
1384
2055
641
2
96
6
1
152
1058
391
995
619
246
1540
15
722
294
2345
1352
952
4
852
153
27
2181
40
135
1456
76
336
136
58
1087
9
23
187
8
38
26
87
2
285
113
187
264
1168
782
2425
2073
2059
3
167
76
1
30
20
366
8
63
61
126
75
67
102
126
458
5
1195
83
421
711
21
931
76
1652
1306
1
27
29
27
190
1193
318
5
1201
2
48
1553
185
2
242
325
3
1
290
195
150
159
10
1007
1203
467
577
1933
61
1387
72
1391
370
19
340
39
1198
1787
488
1173
22
1297
553
2161
1868
2247
1
1739
1
66
5
58
2043
158
603
7
253
11
290
1553
859
1593
265
81
1779
22
1150
607
73
97
1591
1578
67
16
72
208
559
233
421
26
1285
54
304
120
8
27
711
23
2317
10
7
412
64
32
14
674
740
17
555
617
10
325
139
344
1125
12
766
1042
26
8
48
2269
95
14
535
41
256
336
1814
312
165
72
1632
49
678
742
1398
2442
11
88
610
695
1668
351
673
2387
2419
307
20
329
1732
1664
128
166
43
96
1270
2141
1117
2
347
45
870
1
26
1348
12
1490
958
1971
2400
937
1
3
533
425
478
247
730
15
531
981
157
22
337
1844
669
292
420
1868
1911
24
23
3
3
18
97
158
957
2236
761
26
441
493
374
161
120
459
665
160
13
24
1
375
4
254
24
227
3
13
59
1491
2
6
20
2356
3
10
37
195
180
901
872
5
3
3
1150
275
446
2476
39
392
13
50
1357
18
7
582
320
852
15
200
130
25
241
884
256
89
696
1879
48
11
2498
1048
2308
853
1
184
2108
49
1027
2
875
31
2308
798
91
157
1806
42
2
1
2041
10
2356
13
26
14
17
2057
36
111
1840
19
1874
88
426
82
1384
74
1170
275
10
17
350
110
193
5
20
48
789
189
136
19
44
154
738
17
235
761
2
1
170
6
331
1713
9
1036
93
11
2030
95
1172
32
5
103
378
113
41
583
1787
897
1242
6
59
13
1785
1
115
53
3
36
29
2126
1354
1900
426
5
2
45
432
9
62
1476
2
11
1
53
10
146
470
609
523
2355
2476
14
36
1642
400
1945
37
141
2376
61
5
180
1384
72
1
1
5
1792
1089
2
321
1819
1153
2
358
83
2
1114
98
2157
111
156
739
412
4
1659
635
135
3
1100
46
43
307
56
5
369
277
93
1876
10
1802
1977
12
124
1063
274
97
703
1219
642
291
208
1922
34
433
1714
224
1399
14
2457
2327
308
2410
2417
2
516
3
2155
231
1333
93
206
17
3
1069
966
1279
2226
202
1
3
87
2262
5
8
219
350
1159
1577
261
2
15
2044
462
1128
7
858
272
40
1
8
8
819
1110
1080
144
2347
115
32
1555
1021
883
620
15
13
5
2222
370
2002
20
50
385
1
22
2131
2
6
613
501
204
568
22
210
228
6
22
26
3
273
852
672
1937
60
4
1850
1456
12
654
581
202
664
253
2
256
1
1647
244
1120
1235
996
376
2
228
4
1936
1523
42
1263
19
25
70
1552
129
200
85
1691
785
105
2148
1323
375
2123
1680
1377
9
1256
70
124
130
38
4
1386
7
817
285
1810
1
14
832
1
1
1
849
13
428
6
12
9
747
143
2092
297
1
50
6
19
393
6
515
17
1278
2039
1965
133
193
197
313
1021
983
12
1046
356
1473
1131
25
689
95
4
2065
680
23
595
2
830
373
460
37
8
263
1479
2168
24
543
5
4
1886
385
7
2
53
1060
297
1323
86
92
404
122
1
409
187
1
1211
8
507
1898
143
1179
1892
13
2150
274
657
1556
369
47
7
2
436
174
730
146
5
343
50
349
135
41
1689
48
99
9
259
660
123
64
16
163
175
412
305
20
578
29
41
411
400
1159
1598
235
910
881
399
18
1192
1572
1183
1570
388
92
169
188
1
22
285
148
666
5
872
1205
211
138
71
877
1
823
18
33
642
1110
220
8
1
1532
1702
12
112
2176
592
2293
1062
87
1088
226
293
1063
1772
123
2018
2407
51
1792
63
69
77
1
612
2
57
1515
82
1914
40
239
37
40
1
1459
2161
618
38
1835
179
405
1
58
1292
2117
1691
1298
293
2
1
13
123
75
5
86
1000
23
150
173
127
26
25
722
78
2120
1273
235
337
1
43
1212
232
1152
106
349
954
4
8
1
207
724
1911
1118
473
481
61
1251
15
1573
8
630
655
6
132
2
75
100
320
1774
17
2067
1458
1028
38
1603
896
1184
95
5
47
72
1049
87
83
345
2
794
445
83
55
103
1
1147
178
2
122
7
119
480
207
137
1249
65
16
278
6
7
24
394
358
1
7
42
272
88
1
1731
706
702
1
77
147
231
254
1
105
15
35
778
1810
7
3
1639
75
1566
361
7
999
40
16
175
16
2
38
1306
1902
986
480
2387
164
1879
49
1507
1759
656
7
126
2114
144
105
1700
102
13
272
473
285
334
185
1644
1690
62
238
254
6
293
958
402
11
418
46
178
87
871
5
1683
779
972
632
46
64
561
6
998
623
400
160
4
623
1
1876
185
462
291
5
102
13
2038
2214
16
2
334
2202
886
1850
53
1724
301
160
662
479
4
1037
186
349
332
510
665
482
1359
837
30
2
109
348
190
1907
1
2149
14
382
86
904
75
3
2165
23
26
710
3
62
745
1349
5
52
53
78
185
273
1794
460
65
765
688
1875
2341
284
203
33
1
68
71
95
13
9
1466
213
2219
16
185
1
1691
16
4
153
1
2
449
2068
956
7
14
1511
143
365
393
1828
25
1758
1651
958
1887
3
231
41
1392
13
1
689
7
568
1721
253
27
1
2455
600
372
108
2
197
4
1
487
667
188
3
841
72
179
621
1025
974
81
167
444
1078
378
2433
1625
6
353
597
2
4
3
116
1334
4
71
6
3
32
123
114
1947
35
26
522
1
1046
77
111
1638
401
33
1697
680
1
242
390
25
1433
7
4
1932
84
255
1
1415
481
392
1
1078
2099
1
1211
2068
275
555
90
2
517
27
297
358
191
1756
92
302
2432
1113
16
1688
1679
17
35
90
330
86
309
288
883
1323
406
424
67
272
1012
972
18
1234
124
744
1357
1776
660
19
459
114
7
779
6
115
6
1538
87
314
1429
906
1611
1194
190
730
106
20
118
103
1752
596
2462
273
47
24
3
533
1916
859
371
3
154
1852
26
22
1
399
93
25
2288
120
4
54
747
330
102
136
150
59
276
706
18
1160
1113
129
1171
321
1
931
193
77
14
3
7
2
86
13
941
1
2033
2
553
5
560
6
116
369
890
212
2004
903
431
822
117
20
234
84
297
1103
198
215
1173
1573
1768
629
1616
325
20
4
93
552
89
473
6
85
310
30
260
1141
150
844
72
567
772
500
751
115
225
441
2432
149
2
25
433
41
171
214
1072
2166
80
66
1650
7
443
32
91
73
34
470
475
249
351
389
310
79
9
1746
2150
16
222
999
1
17
1020
427
2108
93
1116
1525
206
1
430
30
262
977
498
241
129
1412
13
623
4
10
2364
327
1686
412
1699
1755
76
2470
926
10
473
2468
571
340
374
1213
317
340
298
424
5
1093
1108
9
1673
1
5
2117
7
45
1462
59
920
1060
176
112
65
3
1641
201
10
1835
326
1
306
9
182
1963
1220
10
119
332
1066
2244
342
3
191
109
667
747
307
8
57
29
1730
1411
8
1515
126
68
801
2
649
265
2484
378
1
21
1542
8
6
81
4
458
51
727
198
119
1664
30
486
7
1637
1170
717
59
135
94
2090
405
2181
64
236
1
412
91
197
2256
339
49
1325
2314
3
408
865
1746
1128
71
363
2
649
249
350
84
1041
2058
10
386
189
2493
47
1596
473
1751
177
7
1810
44
909
2485
2071
739
1704
246
436
1521
898
55
2379
432
27
4
105
762
138
9
237
1076
77
298
1
3
941
9
500
1
83
148
2003
2026
940
164
366
1028
582
11
767
790
20
21
60
7
372
1545
67
2245
471
3
635
330
350
857
142
353
1
1399
7
130
7
494
773
150
83
127
688
1368
8
1
96
2416
1
30
55
1193
494
388
246
287
10
730
61
1909
2
1056
158
2092
1341
127
10
464
613
13
9
164
190
47
867
216
314
718
2
1204
266
89
95
59
328
46
190
1177
92
12
20
3
5
336
1
1648
58
349
62
2089
107
110
35
288
1538
171
2096
795
1260
2017
1035
206
427
23
5
32
905
5
1879
67
355
52
331
279
77
882
15
670
14
159
84
99
1630
601
261
2257
169
32
1433
441
350
1529
155
1
195
1522
48
1035
599
14
12
1410
3
80
929
473
1627
93
180
2087
1409
164
2091
120
142
1144
137
999
1
36
96
1103
36
263
39
6
767
2365
1570
54
10
157
1321
1
436
2019
1947
1288
117
32
844
373
294
13
630
1
107
1118
33
19
401
441
5
1607
1
412
8
2228
6
1397
11
1155
6
341
8
3
2133
325
427
1114
2
262
589
602
12
136
136
2072
478
2191
467
1228
1195
28
422
387
2329
1510
75
1754
3
133
164
302
633
53
1
316
28
429
966
16
5
388
1830
1117
1
1419
435
94
78
864
7
387
3
76
35
387
52
451
2003
2254
1493
291
2412
15
9
2236
49
6
1650
192
261
1
409
1584
125
1
62
1335
131
266
1952
11
34
1621
2006
432
3
2149
273
139
2034
171
337
400
2456
453
1
185
2
1769
144
309
252
1983
109
1745
259
24
1732
28
58
596
9
8
18
1426
330
443
565
83
1847
627
112
151
246
67
40
58
879
2112
22
1641
147
2
224
1417
563
6
75
625
1723
896
1325
1389
20
932
1192
1801
372
59
72
1
644
60
64
67
41
281
1795
34
1865
203
2291
2176
152
6
1
2472
263
441
199
286
475
151
33
7
354
863
107
201
1200
2
3
198
2389
9
1800
3
2416
1171
5
8
384
40
925
608
20
8
23
21
761
946
1081
362
456
893
275
152
394
26
24
43
486
411
4
1795
544
22
6
450
2013
15
152
19
1663
471
809
14
1245
258
196
1226
393
1176
2019
2265
111
7
1129
1
776
214
27
674
77
762
74
2047
1675
197
402
92
28
2
7
1855
167
825
232
254
39
140
247
311
999
55
11
413
138
1330
694
1771
725
51
32
110
528
3
1559
472
992
1847
8
30
791
969
10
577
547
80
1201
19
469
1896
173
1673
924
311
522
15
2055
58
115
1
2111
919
1557
1014
826
389
1633
218
73
2047
63
373
963
144
17
18
201
47
181
130
2239
1899
57
178
1029
132
1396
106
464
1891
747
96
502
86
1376
2264
1723
1143
11
1274
28
40
1087
811
1349
543
2453
1119
345
288
870
692
49
720
71
323
394
93
26
351
46
2148
1911
10
13
963
124
79
1179
546
1327
192
1715
19
1303
4
1
361
653
322
215
94
1134
271
94
1396
18
294
12
66
90
1474
5
230
184
361
2017
3
38
7
706
554
109
665
1
555
164
1490
2358
192
15
1580
243
32
128
6
349
163
300
432
906
2031
24
1944
2340
17
1386
367
515
47
504
573
201
1622
9
110
971
1361
1166
28
36
1586
608
1
346
139
8
1
4
996
35
193
1
40
1324
35
1608
266
51
680
1
1
45
166
67
1095
254
1254
739
51
792
535
1100
163
111
208
118
461
422
13
1697
1931
13
22
83
1236
1229
1679
85
29
557
731
31
203
277
40
2322
54
314
35
15
188
443
81
13
1156
11
291
1
1948
10
205
990
3
1908
2205
87
1025
35
16
1
9
62
8
1203
8
3
6
694
1
2103
9
371
448
58
52
1837
809
1984
4
1118
15
524
29
901
16
1253
758
268
268
1705
34
31
865
61
91
48
279
23
6
222
1
1057
5
636
2167
132
1537
721
400
77
209
36
1001
1232
755
1743
1
1363
770
984
2229
48
191
111
81
780
335
10
1912
15
665
140
955
33
938
1
1868
27
208
1360
441
48
7
175
187
235
149
1
350
1668
2143
362
421
117
741
1132
216
2422
3
390
1203
537
82
2407
70
94
97
1041
521
841
979
2
276
2159
269
477
1216
441
634
12
14
121
1096
16
221
119
36
807
29
2140
162
152
1257
10
1273
4
99
48
477
5
730
21
452
58
479
415
332
755
2
317
4
39
1461
1686
1908
744
1299
990
622
314
1275
71
11
16
504
1694
2
1412
696
1
1763
429
43
1305
2362
631
37
44
32
735
45
9
1162
6
1639
157
156
394
2343
86
79
106
436
859
6
1078
380
1576
110
45
698
2193
2296
8
564
1733
20
8
289
5
42
52
1771
985
140
404
2069
469
26
413
42
10
168
292
40
74
225
2446
45
82
11
24
211
18
542
632
4
139
2
891
2109
1515
903
41
380
128
11
257
3
454
902
11
15
2242
4
2290
15
6
2
1255
1239
55
1
30
103
160
1287
1168
1398
189
50
2036
2122
85
1604
607
120
82
34
481
14
1334
1
4
61
689
1225
31
521
91
6
1
59
22
56
841
2440
2425
382
444
174
91
990
864
930
1042
1026
1969
1276
1109
185
2142
9
1803
356
185
7
62
557
85
408
445
2077
915
248
2459
508
13
2084
133
1
1888
126
4
158
60
93
1152
37
197
6
85
9
255
1
698
52
2163
1267
473
7
10
19
301
27
653
211
1998
1566
9
11
813
185
133
184
1
304
86
2
144
15
806
907
24
1496
184
159
10
135
8
82
1330
860
1736
81
1
1
408
52
2488
1660
398
101
34
193
467
1914
1
552
2
74
99
276
148
7
16
233
19
11
33
286
443
22
669
19
444
1
36
1573
558
1009
203
2131
111
44
337
573
128
796
588
8
9
243
787
748
418
3
1348
3
2137
134
74
3
80
236
275
61
1577
731
471
218
1
831
992
56
1025
1165
31
221
448
22
464
255
2496
2107
519
4
9
702
57
13
8
1174
2401
7
3
1
1095
1
809
2
160
469
27
2034
12
1681
109
22
8
61
1087
651
425
359
256
5
3
76
1
36
1375
1213
2327
341
357
6
5
4
2022
1179
105
792
539
1920
1
13
703
337
46
29
28
1571
383
809
2242
1896
62
2154
26
39
21
159
2241
902
748
565
568
2191
584
61
2128
13
157
2065
141
15
417
1657
2
19
158
1520
1129
1610
2192
962
6
4
6
200
643
267
910
18
335
21
30
8
37
131
24
1
744
1
1115
2145
67
162
514
1
507
71
44
6
103
1955
2155
1089
1202
100
450
134
2318
992
2199
526
127
1789
24
1131
340
1719
12
136
1075
9
2
5
348
623
2094
6
2421
669
80
2181
222
16
493
131
3
256
535
999
190
229
1124
2170
1299
1604
2
1759
161
17
109
2194
1132
978
1246
1708
352
1
2323
738
1722
7
3
1
818
3
1
7
16
1
1057
2441
1
483
404
1
208
249
76
2186
350
109
265
2313
3
1086
476
467
1050
3
13
16
1189
552
1238
2057
110
1304
662
13
1300
11
3
294
1997
59
1328
2297
1661
2264
2373
64
175
80
371
36
1626
659
896
1
143
191
2
60
2057
442
699
44
198
416
247
890
1797
194
66
17
1
1032
1621
689
135
1931
865
127
254
440
275
61
275
614
22
121
24
75
1
2040
1573
626
113
545
8
329
793
41
132
22
278
38
1792
635
226
34
13
2
9
2312
179
2421
1188
494
1454
1346
5
99
1697
4
22
4
2204
344
1
500
279
371
1794
375
39
50
271
254
596
476
775
933
584
55
1207
528
1202
345
1403
282
921
159
4
164
2270
49
1331
3
230
1081
1700
322
941
4
1
4
1534
1295
1179
319
1268
6
1
1507
73
1877
54
758
102
1807
2145
15
598
35
1963
1119
9
26
497
1214
339
520
173
1112
423
334
9
419
18
27
66
2098
810
45
39
284
758
245
5
575
56
595
211
291
3
710
2494
112
548
5
2
32
7
6
8
45
1598
1935
89
211
57
326
104
42
27
417
400
51
1
21
504
83
2
19
138
261
68
37
463
111
654
6
349
2
2233
5
1370
2478
1438
2276
22
64
1454
99
325
703
2
6
444
177
1259
637
28
6
197
724
1236
44
4
14
1
67
1091
24
4
935
542
143
10
34
5
47
32
593
50
587
971
804
150
1241
223
1854
1603
216
8
365
61
241
128
19
355
2268
67
10
232
4
276
171
11
6
439
409
616
914
219
87
1404
2088
400
126
1055
1973
948
2
701
1421
573
20
864
86
501
57
488
686
2
607
9
755
1217
1437
632
619
782
883
862
18
76
2
1268
20
670
99
78
585
2248
1219
6
1949
2015
1609
772
1522
2396
1614
27
4
2486
270
14
2186
71
218
1919
5
390
2233
9
79
1016
1
106
136
512
2230
12
122
421
1
748
2
2021
1
26
100
995
633
194
1911
29
5
749
110
716
1519
40
1324
3
73
18
494
166
16
1
2
1777
224
1834
840
1992
1126
30
51
2338
1989
1225
82
447
2471
235
31
611
376
2
1378
2241
26
5
748
1
1032
438
112
155
1933
9
1703
2193
1888
930
582
25
162
96
108
1149
1676
1419
1922
433
30
3
57
402
1395
707
47
869
176
1036
99
357
2256
1088
28
170
89
267
138
577
1748
8
267
68
1148
2493
1127
50
19
239
786
339
472
63
757
7
1417
5
304
118
1094
1212
1836
659
539
215
74
183
63
706
643
450
686
669
5
395
884
1373
1
825
6
253
1281
26
906
2164
578
1105
284
432
