24
34
363
281
131
2
750
22
1383
363
1
2
133
502
801
1807
70
860
447
302
27
304
29
171
287
2
3
2
22
1033
538
208
554
932
17
586
434
9
677
1325
128
1
16
627
12
1834
542
20
1
1298
105
11
39
261
71
1808
340
761
1
31
492
457
618
847
1367
52
7
225
631
210
537
37
751
2
20
41
35
488
5
1890
26
38
342
41
1446
1
140
211
95
70
530
11
4
11
769
8
1999
6
18
11
137
309
1886
97
129
34
42
1066
25
1
5
125
15
20
157
998
3
717
293
1488
365
18
3
12
53
1
1387
744
1005
85
1026
489
121
393
133
1
1554
1093
176
1733
44
9
564
44
1160
4
74
28
310
191
202
10
1343
124
541
437
495
10
372
967
156
687
151
8
48
13
253
291
312
145
42
2
83
47
492
1247
504
816
49
36
10
1749
1250
2
17
79
1683
5
2
150
126
287
3
23
666
430
1451
1149
231
1612
812
1567
5
19
46
46
2
216
66
1075
12
11
1660
1600
1
1265
342
1
13
120
52
285
415
765
933
1079
1827
703
336
1
36
376
562
11
58
148
3
44
1602
1972
2
17
122
991
260
26
723
1968
17
140
707
212
1581
479
135
23
438
999
90
229
1458
1022
180
23
16
23
1
52
12
58
438
418
50
11
160
195
29
10
203
1
3
1866
55
23
103
16
13
1357
1299
960
2
1510
276
66
4
1539
1051
58
4
138
1538
2
165
257
532
1258
1078
146
682
1298
995
4
107
491
73
1
242
1642
602
2
217
5
1149
16
23
932
1209
753
304
1280
9
206
37
81
1514
386
1
6
315
321
5
721
190
385
1
1790
1913
73
409
46
1129
332
1
40
80
134
2
385
1807
1719
172
54
55
1032
349
38
3
483
96
617
364
428
8
47
1335
717
380
1537
6
1108
4
871
820
10
448
751
1287
1505
271
685
427
90
1667
28
1216
1353
1632
683
1
7
252
375
298
281
256
51
905
1395
1987
345
247
1914
780
161
932
1395
7
1056
21
1
722
31
25
111
30
43
1011
11
679
3
142
1492
5
1454
9
1074
5
50
460
95
1838
14
1
119
27
30
320
199
387
158
711
964
50
1289
14
126
70
1853
34
969
892
7
1
184
51
249
1
631
87
93
573
836
810
15
168
1869
20
42
6
1284
2
1171
327
187
36
50
8
71
1634
5
1390
56
450
292
1815
1
1
6
712
44
45
180
9
463
5
337
837
1217
132
14
555
1758
19
726
425
60
1729
2
18
1839
1449
35
361
75
1327
67
218
495
202
13
23
522
1456
10
8
1330
1178
274
96
950
301
37
522
2
29
823
82
1914
110
24
1640
342
341
936
277
645
24
345
720
89
12
103
668
37
1085
462
50
176
65
76
1584
52
1590
521
766
11
1748
1013
1252
1113
282
381
1444
1466
1643
101
946
6
169
1151
119
10
305
592
369
1370
1432
1634
1045
66
696
86
816
1079
755
105
4
4
969
144
80
346
283
341
756
184
200
1184
30
239
1609
215
69
1202
34
258
79
474
2
1276
24
437
1
314
294
723
1459
1498
7
33
396
44
13
44
38
1296
552
2
1245
2
1507
44
451
263
1137
1868
72
569
42
1
1
764
973
97
64
11
1793
14
206
263
901
425
184
1516
1095
106
11
396
1914
1395
1
478
502
920
1714
196
107
455
1274
1
1311
1260
224
45
84
5
136
439
188
361
17
646
89
1238
634
189
2
69
110
217
8
244
67
868
82
1637
395
649
62
19
7
2
98
48
1258
288
1229
1807
1060
1
1360
6
193
92
5
1931
2
42
602
86
105
1227
1775
833
12
150
42
294
1
3
284
593
1222
1343
779
807
1992
4
205
1075
29
475
1125
1
53
9
2
12
675
377
1288
961
1691
405
695
24
205
1298
205
458
12
457
282
1147
314
186
79
10
1635
1099
51
22
14
145
721
7
2
209
161
1267
162
5
762
47
78
297
11
1041
885
3
786
1193
1236
681
6
512
25
170
1
365
142
38
287
16
65
165
436
1102
953
1567
750
780
957
625
223
236
1575
1579
13
215
10
1335
234
5
7
1576
10
71
1122
1747
62
583
1273
38
17
518
137
93
106
331
172
431
160
92
117
12
78
123
1831
862
415
1525
14
3
32
1952
29
109
232
45
113
333
518
220
880
146
71
135
21
7
377
1138
235
1508
38
139
1284
280
1107
72
39
250
2
181
315
4
377
16
55
695
88
871
261
206
277
1
1257
981
42
21
351
181
1042
129
23
107
1169
20
445
1344
145
1235
1675
749
46
14
25
1133
26
129
1740
1816
1751
90
1558
55
123
61
1527
71
4
42
596
47
502
758
382
279
1752
324
1358
20
10
964
6
218
389
84
18
31
887
100
25
297
1474
301
1937
6
1055
1
1216
245
1623
7
1387
2
427
218
496
594
21
65
1786
1671
9
199
1190
1
876
1
163
1063
746
1663
727
1673
807
1693
1494
112
1331
88
1
1636
54
145
456
1090
194
1111
1929
77
1322
14
110
44
1871
79
1
40
1735
1097
10
69
626
1514
33
184
1141
2
1034
65
8
417
13
97
1
382
8
1858
462
9
1068
457
1456
592
305
38
91
25
4
378
556
92
640
606
505
286
5
10
97
15
595
940
206
191
591
5
84
54
1268
83
53
239
2
21
1370
18
439
236
858
245
26
1
390
499
12
33
150
61
473
4
877
1909
53
378
32
186
331
6
20
102
300
319
77
1681
192
1088
210
598
66
157
320
48
483
1
753
12
3
3
50
18
393
67
564
694
751
2
5
51
4
86
137
7
406
26
9
79
916
470
25
971
168
49
765
1217
1210
477
9
321
10
47
774
30
389
1581
7
130
1800
77
2
2
289
1084
1222
1453
501
318
24
1169
22
838
249
194
716
94
806
237
44
1450
7
87
42
578
33
683
88
128
331
1
125
1255
28
1912
81
105
1779
1811
1056
1100
246
4
668
1
165
102
186
459
1379
1
389
1506
53
14
99
848
78
125
41
10
5
626
1009
939
49
50
4
19
1665
752
409
1
397
993
63
7
154
1113
1
18
647
244
582
1
1245
541
297
109
290
206
32
19
5
156
20
2
1593
2
1143
315
5
7
277
1624
3
51
292
215
572
1358
601
72
610
6
149
532
56
1847
739
145
1218
2
2
424
5
3
1182
301
1291
91
54
655
1680
368
940
425
1629
328
307
88
5
201
13
54
353
342
154
62
74
51
453
761
1221
996
941
420
1561
604
1263
1139
595
10
1269
446
6
72
1
2
1573
64
255
1797
1728
1128
651
402
479
863
465
1128
1479
1504
1253
2
170
375
30
463
1456
400
31
314
842
34
1256
649
11
35
1
13
40
85
139
329
49
284
14
1006
99
653
353
38
25
1588
3
346
141
1
1651
393
158
1889
3
730
30
1212
112
189
183
1074
150
53
1858
346
1213
14
147
179
95
362
266
19
1
10
1358
1199
215
939
167
27
306
1288
1
63
992
6
1280
118
617
32
307
50
59
102
789
315
29
643
208
4
162
13
77
624
44
469
336
992
713
91
1621
1762
9
531
508
9
10
464
150
78
8
2
885
422
491
80
227
1923
133
1
34
820
629
484
1744
1
1799
48
1687
101
191
203
786
396
1623
126
25
2
36
1544
132
1797
270
48
108
1001
4
1850
14
1
31
1892
1678
2
20
54
800
21
1327
1297
341
98
298
771
6
413
31
1054
1150
196
136
121
44
386
896
10
1733
72
72
12
929
377
2
1
3
484
3
29
1587
9
60
37
53
39
1
508
46
1518
426
138
32
24
1830
488
3
994
17
43
7
437
1255
227
1871
110
156
1948
2
1407
1643
99
832
73
939
63
23
1324
649
1203
956
637
1845
111
1390
37
456
128
112
315
416
63
301
2
9
1489
37
81
629
330
229
7
589
1
1
890
438
4
1
783
258
47
2
445
169
138
194
860
108
76
1243
34
344
47
9
105
784
5
343
4
25
4
846
3
1922
73
166
5
736
1880
12
1
5
68
666
618
489
8
903
451
1
24
499
399
69
2
1237
73
188
38
6
645
1130
1921
591
603
508
166
26
414
1282
282
41
54
31
169
1
8
4
1410
2
532
525
884
1410
1040
464
1751
377
1205
289
1
19
190
557
329
352
337
583
2
2
384
9
1987
38
7
1
1
649
446
76
7
11
1002
1025
18
64
255
10
1916
959
182
109
1
1
382
339
523
1
319
920
192
1229
71
1078
667
15
1224
729
1584
293
1083
309
638
1
590
660
156
434
20
452
1317
594
2
45
902
127
4
339
4
74
81
43
880
61
360
33
16
1189
993
382
1628
557
834
7
9
93
649
75
82
10
809
1800
583
350
993
785
527
597
276
30
1514
220
180
1018
377
104
219
244
1536
88
11
68
2
810
250
1763
210
50
11
110
23
650
80
1
6
266
17
707
559
1574
18
100
138
607
29
6
1735
3
1265
31
235
95
79
91
441
451
783
1
811
7
79
138
1098
45
22
107
296
21
8
23
1340
23
329
52
4
1
1674
376
1205
1355
1318
100
208
5
62
688
1
249
801
1
2
288
494
1153
211
11
1720
23
32
1
1404
577
72
7
1393
72
206
1
1222
242
828
1921
9
401
1954
1528
5
75
10
508
1692
135
4
825
1773
263
183
485
33
466
72
40
10
511
370
1535
1277
830
1565
2
1788
1689
256
314
938
115
3
740
188
470
1278
1118
45
21
793
32
171
62
1394
940
453
256
90
1440
5
1
52
570
65
511
338
1167
879
1173
8
46
28
585
197
97
1
24
1
2
1905
35
16
1212
1250
716
1929
202
105
1583
13
26
48
25
34
770
16
2
68
439
1619
41
1002
273
26
889
73
1845
1474
445
815
136
5
17
14
7
745
890
845
158
255
1985
11
100
2
399
94
816
72
451
936
18
1176
1
1215
546
1364
28
177
43
352
103
64
1452
375
1765
1687
4
1
231
304
3
8
1080
1
1362
198
186
1953
1618
1903
12
43
502
215
218
1348
677
313
103
308
30
15
1025
940
304
48
33
345
966
790
66
97
11
47
624
210
322
854
792
208
490
406
603
570
709
13
435
9
166
179
46
199
17
63
12
3
1883
182
367
47
59
208
1990
663
240
103
68
765
628
233
16
73
1070
297
9
127
27
8
1104
537
1975
370
432
314
1683
13
1500
15
68
110
1613
225
234
20
526
9
69
1317
385
2
1552
710
4
1856
1
945
1911
62
1085
1
97
11
302
131
232
11
1950
34
219
1
317
825
358
169
212
2
8
870
43
110
235
16
5
601
78
146
62
548
17
537
1640
11
726
82
2
1524
148
242
446
10
77
2
177
259
71
672
47
77
1936
273
254
28
1384
1713
195
7
232
40
93
1789
1708
16
846
893
1460
1615
543
579
138
203
38
121
2
748
219
16
1
825
16
146
462
1318
203
1
162
1255
93
869
29
377
1931
53
2
204
1
118
99
404
1805
15
1
57
158
525
13
48
1406
363
38
841
64
741
46
616
10
1
1754
254
55
106
1353
893
95
78
1645
104
1083
301
869
214
495
70
134
217
498
592
652
12
1814
1
226
155
58
9
193
91
374
1528
178
1196
158
327
32
148
141
1
2
439
1
54
529
33
493
2
734
1
79
1479
1931
1190
31
243
16
1552
45
139
130
872
345
484
28
1383
296
53
4
758
1413
829
1016
65
108
131
14
1342
304
431
10
23
35
1299
136
4
1286
1561
156
221
38
4
1153
396
19
354
307
630
1326
68
1569
16
182
932
6
1245
204
10
53
1948
41
1117
680
39
1
1231
116
619
1058
15
641
1531
81
109
4
1172
552
1
494
750
766
483
1021
103
23
27
35
456
420
253
708
4
701
1285
116
4
465
523
290
727
840
1854
1858
1
59
1143
3
5
296
131
4
1025
659
192
2
34
51
119
1126
109
165
1409
395
392
12
1368
1285
840
108
1523
841
39
1978
1590
125
8
1
1815
36
1783
175
86
22
129
670
687
66
1327
428
845
39
382
237
32
78
273
602
52
33
519
90
1594
62
74
5
6
18
1141
629
13
403
627
304
4
79
6
150
63
20
79
862
1197
10
19
99
1563
11
10
693
886
8
1028
1074
845
2
141
1
41
3
155
1911
1447
5
433
5
1147
502
5
289
25
1
8
316
84
358
273
1022
2
751
1268
20
83
927
429
54
494
314
400
1387
22
20
26
308
32
6
158
99
24
1
593
634
1
699
1
1606
450
92
1
12
1115
172
35
1874
1
471
73
345
30
1879
12
2
33
513
539
904
25
166
320
456
8
429
410
1144
371
370
994
149
14
3
1801
649
1414
3
720
148
123
167
562
198
1
281
11
52
954
1901
1662
1107
134
582
388
365
3
446
712
167
1102
4
1294
2
1436
35
1496
232
857
15
888
426
35
445
193
64
227
54
118
1499
15
33
109
1
1315
2
115
182
209
99
4
244
404
4
1592
26
1303
676
1340
149
64
1
658
469
3
1596
1066
1452
2
198
1238
98
3
3
30
396
2
1142
84
1610
361
438
19
1492
720
1
1770
320
91
849
855
1299
246
65
4
1124
1662
373
1524
6
1903
756
181
1325
803
12
347
777
3
1874
372
872
600
554
65
1019
229
1067
38
1191
399
11
340
9
767
310
194
74
1946
50
123
929
1156
650
854
380
171
1
90
118
123
1021
264
102
793
356
171
206
276
1170
304
1442
1731
301
2
1698
675
358
10
1
7
73
57
1263
366
4
492
49
1241
1164
49
153
19
1
5
885
2
11
4
127
32
1164
1649
2
1216
514
324
3
31
1147
471
127
65
1294
873
144
41
5
986
2
990
26
27
1090
90
43
221
1232
1939
542
83
2
1661
164
4
37
926
213
376
68
79
1021
1399
765
1030
2
17
1
2
3
120
912
15
521
308
9
1
42
1168
1073
70
851
164
297
568
45
642
743
8
85
2
267
1942
7
136
497
1
1
185
731
35
32
1012
1
742
893
125
125
354
13
682
198
396
2
50
776
1077
246
5
20
7
98
1762
234
1286
143
1316
1054
452
146
519
3
700
1
72
305
935
81
327
1491
1864
1315
311
800
419
1391
79
1
223
331
1894
41
7
1
27
11
21
33
367
567
136
547
9
150
601
1407
372
214
10
223
1699
1836
1505
28
71
26
3
39
338
711
231
17
1864
56
537
499
56
7
100
159
8
1
103
9
978
584
1673
29
143
567
1368
1784
1280
761
195
210
190
345
17
19
7
8
165
22
1
212
2
59
1380
1
5
179
1464
1007
18
516
765
61
7
80
42
20
44
10
335
196
108
637
1213
182
199
1973
510
152
1
5
51
281
30
1043
508
870
476
422
881
1969
483
12
1093
139
6
2
1000
303
87
3
24
1
1805
23
113
27
1885
2
1400
50
91
1
1036
1359
4
595
1
453
3
1496
1108
172
8
114
56
323
759
4
579
27
493
622
461
1529
438
187
1490
24
3
1699
195
121
1998
571
192
2
3
1050
2
21
442
63
4
1787
597
630
81
609
517
53
262
1215
39
515
457
75
3
1189
2
220
1
57
20
82
8
30
800
402
8
72
2
124
6
19
321
136
1994
1232
199
1267
347
147
241
6
869
96
15
129
101
58
659
70
1823
1937
139
535
748
6
1651
18
153
241
101
489
127
811
1030
1870
925
265
122
398
6
1
70
807
34
192
25
11
814
1420
10
9
714
183
3
1267
324
13
6
99
585
71
102
930
258
1187
631
35
422
31
7
3
12
734
236
966
283
88
55
96
884
1651
123
106
55
664
2
1719
44
1530
362
25
198
101
17
457
1
13
13
805
1876
448
9
1009
120
1643
1852
249
23
8
4
646
49
581
861
472
412
53
1420
399
855
4
110
21
3
1093
269
386
1206
1646
2
67
1403
178
270
534
94
1062
153
63
1
153
1335
2
25
291
92
2
125
13
15
972
69
128
1106
573
10
216
70
134
124
7
2
13
621
1599
1
8
18
168
800
22
1591
887
1
477
330
734
432
84
322
1849
121
464
87
264
110
10
55
152
95
929
1939
13
82
230
215
166
1264
393
449
599
1
1244
108
1
10
980
123
189
212
429
821
616
251
12
2
1174
4
1066
68
890
708
1
1617
40
198
28
24
1
28
489
32
142
1
2
672
292
63
69
937
1593
9
54
173
1253
86
34
96
7
87
1852
29
1433
539
1964
9
1458
1298
511
538
59
297
698
542
204
1293
39
5
961
690
696
405
15
175
1583
30
96
245
2
578
83
162
92
437
6
174
1409
386
721
19
24
80
77
1097
136
1482
442
1
3
875
69
285
321
97
1130
768
235
47
1
297
449
654
1003
5
65
59
574
501
1123
40
14
283
985
1418
147
1624
10
452
3
18
1
1128
1422
1552
111
76
723
950
1585
1595
5
233
738
81
24
5
9
1197
26
251
685
187
673
222
1552
7
906
191
239
1949
1104
765
37
6
1
737
24
1143
343
164
3
632
1031
1
36
422
838
8
10
320
348
22
1
429
874
220
1576
790
1045
1850
108
207
417
2
70
504
512
513
16
7
45
1201
1
1576
3
521
49
111
1510
4
105
102
1
88
14
614
32
8
181
298
1613
704
78
225
714
10
20
915
72
638
72
31
58
1179
312
353
2
1606
740
159
100
845
41
27
72
37
1634
31
15
7
731
1176
3
26
4
118
1
2
45
38
452
56
110
740
14
40
402
13
253
98
56
7
1625
5
1320
401
930
853
958
20
122
57
1236
53
378
37
5
56
1102
177
104
252
4
1718
3
20
1
28
1164
50
407
142
2
221
996
797
14
97
5
36
14
17
177
416
1652
1
1147
175
1584
1
906
966
4
1902
14
74
1
1
28
6
475
20
1925
1
799
5
46
286
999
98
204
317
1065
1660
1
6
148
46
1044
2
72
1153
11
26
91
21
5
360
74
2
697
22
129
27
327
1934
107
605
29
981
120
35
1084
1886
1631
122
241
1884
189
841
2
681
184
550
1
693
1807
784
7
20
1727
1
27
76
1805
512
1925
1220
653
66
12
1195
85
116
1990
870
49
1753
15
426
33
303
28
33
1394
64
236
3
8
1
276
455
1218
39
1212
529
938
954
1208
483
256
754
508
28
874
1247
1864
47
1813
233
93
1
453
8
91
447
32
108
1421
77
1
169
1350
745
159
242
140
1050
3
1817
1
404
130
1372
203
1644
409
22
1210
53
252
103
41
4
50
303
7
1459
530
1
591
20
8
445
105
289
114
10
4
37
51
190
37
341
244
272
39
3
477
175
1992
1
655
595
61
226
318
513
1808
391
48
948
71
78
536
532
370
36
7
141
781
236
787
8
1485
107
168
154
7
314
1031
40
1221
16
55
1928
266
121
3
31
650
1676
666
443
2
532
712
4
729
1404
8
195
1394
15
730
1864
1955
108
528
517
94
29
188
1675
49
126
593
93
143
19
159
173
9
204
111
443
10
211
583
1515
66
592
178
58
806
14
294
69
694
38
115
296
1461
61
34
46
597
493
17
34
1
339
957
1415
608
25
438
1092
45
2
11
217
3
109
3
188
24
1078
697
316
1
686
47
148
98
2
597
1108
959
1581
286
13
59
1843
1388
570
2
1166
223
224
1844
638
125
21
18
394
313
1229
1
12
31
473
1
288
132
42
4
1056
8
37
1
14
198
1997
333
75
245
362
66
789
890
203
265
6
1238
1021
217
35
1416
264
177
691
565
295
3
47
596
6
915
120
186
897
68
44
1941
351
1
347
3
1847
37
297
13
45
7
2
425
2
94
1414
279
16
862
1770
1
287
72
21
196
2
372
93
4
1
33
464
1391
485
1939
119
1963
1950
173
84
1161
6
640
105
263
1474
124
152
1644
3
6
1287
1618
149
1421
267
39
1270
10
42
816
419
111
95
660
34
94
118
1304
1276
1
1493
9
55
278
122
13
51
3
919
1375
100
1370
1921
4
116
151
568
16
239
126
1955
1021
1270
300
1714
152
4
1286
489
1401
504
87
267
1394
459
102
655
7
9
332
19
880
29
1279
49
928
274
196
374
1873
166
69
389
1
603
1505
152
1004
14
636
1107
552
758
1328
1425
42
1012
321
1691
84
829
3
19
2
5
48
1514
76
368
226
43
185
1908
5
1554
267
8
173
45
982
113
46
1370
3
4
2
601
269
136
177
104
1646
12
479
944
36
1063
183
42
20
1574
1220
1
612
89
584
1
840
1110
22
811
97
139
346
55
1225
433
245
9
458
1625
1229
376
41
5
7
40
3
126
1321
1691
256
103
1679
25
2
3
256
39
35
2
1036
7
225
628
35
936
1046
1297
1500
27
14
5
1
111
1057
76
1713
1459
101
1137
789
283
83
2
1815
576
382
919
7
1066
201
341
240
126
1612
16
1233
51
47
69
1105
372
3
1447
1250
68
72
867
10
99
1017
1330
535
799
680
171
21
74
1516
15
42
1
129
173
29
1106
69
1933
1369
811
148
44
402
1653
126
190
235
117
1067
829
1359
876
1684
833
818
1194
847
974
70
576
35
6
633
269
19
1018
107
5
1110
719
3
1
26
1574
4
60
174
962
518
1483
15
34
1002
99
13
657
18
153
1470
1002
184
365
719
54
584
117
3
546
1
20
15
4
438
1168
2
3
60
38
5
286
848
1998
54
10
613
1979
35
1356
283
193
6
8
27
243
455
740
32
1282
249
5
1097
108
40
16
3
122
45
1
4
266
1405
1397
2
38
3
198
62
200
174
495
64
53
923
1487
336
333
21
40
87
8
105
247
501
1128
598
52
1197
6
63
613
8
59
858
17
350
120
35
639
25
596
293
23
1698
20
1985
246
647
52
571
60
4
1118
497
18
655
1766
28
1295
42
52
352
384
4
112
1614
169
12
682
39
12
853
1
41
286
969
1
46
402
65
210
1083
6
1676
67
721
5
162
311
1803
1
1201
1384
1314
2
1823
34
96
630
817
149
292
123
1267
1
31
232
1792
486
1200
2
286
84
1964
1451
18
225
712
363
4
155
1860
1540
1443
1607
14
3
1282
1317
271
1672
67
1468
45
1693
1716
212
1662
151
445
500
54
525
1572
1364
374
1072
1
5
480
41
4
33
113
1458
1398
69
3
11
1125
10
106
1063
6
796
377
835
192
1
1979
32
111
1
1
287
1037
542
1419
1
812
1330
3
1937
304
612
1510
63
160
141
33
259
1032
178
210
740
494
8
237
684
852
1
173
1489
28
1
774
60
910
44
54
5
378
1365
809
253
1931
16
1534
114
4
60
955
814
327
10
61
326
1416
3
1
438
663
301
1
92
882
81
899
713
1240
1
1552
19
5
371
430
23
102
107
1235
178
53
434
352
7
1408
2
100
2
622
1707
1788
275
1
24
1446
15
1112
252
1570
428
48
483
1650
141
1774
140
650
677
563
1190
598
496
188
8
1711
354
671
476
16
1466
71
794
140
52
98
11
375
2000
837
4
42
1
379
135
239
596
106
5
26
1259
1924
177
1064
788
495
270
8
1012
771
423
554
1649
543
29
42
1116
160
164
836
8
132
2
2
48
99
1201
173
1292
908
1274
15
17
1481
19
27
42
1428
1
1
810
389
6
5
1898
1892
683
15
121
3
1014
473
14
707
233
67
260
1275
2
9
644
67
21
9
242
1104
304
32
1622
164
52
1209
1680
230
34
14
78
215
350
1639
3
43
176
6
1750
292
52
837
1
1111
242
17
15
7
1
1680
434
336
218
194
14
1872
99
122
131
1635
50
270
20
1658
1
1644
353
8
99
750
292
441
375
790
106
48
313
1918
110
62
31
735
1823
181
794
241
67
900
555
2
146
10
444
1
27
24
99
320
189
1777
35
1136
1611
1871
728
67
157
103
1
12
330
7
611
1083
7
3
264
1040
577
1934
117
25
1354
428
19
992
623
25
13
25
863
258
341
326
568
58
691
1
1
584
6
76
4
851
535
1
3
158
775
1203
81
4
16
6
8
7
846
2
525
24
1447
1739
1111
285
1294
18
1092
323
640
46
1097
1605
13
1999
1096
4
1
612
13
395
1160
4
265
74
635
54
28
3
3
49
84
383
3
1276
1133
687
5
1385
375
27
1
569
1
1696
129
222
22
860
2
1905
787
318
125
7
1347
697
337
4
145
29
1451
268
1771
18
295
17
542
42
816
561
254
468
33
1208
94
196
156
2
480
1039
3
77
1916
218
308
1
1945
96
599
473
530
197
553
964
137
