917
532
1517
710
91
950
1529
877
7
2333
727
62
1285
2349
258
778
142
151
484
78
2083
1995
1183
136
524
184
1928
870
491
29
80
36
43
1346
1298
376
466
180
1163
741
108
229
1248
795
45
244
295
2079
357
613
39
1386
713
1934
600
463
214
1950
55
936
100
264
868
441
513
995
2433
105
2462
176
80
18
1987
112
744
2284
237
995
126
287
141
1815
142
604
623
2063
254
1994
1324
701
29
426
115
204
1754
1620
428
966
1504
3
450
4
1273
2058
73
559
13
1665
200
245
1563
1409
311
119
2084
1247
755
122
277
567
95
1318
2
283
2009
2393
1476
1057
1917
253
1150
708
957
91
1331
44
261
209
2371
560
61
16
2366
52
4
1637
422
740
1
536
1745
375
2058
1947
881
2334
1987
452
383
595
249
1637
1578
12
8
1941
188
40
162
1907
1261
1607
41
537
977
1014
1
26
486
132
1923
155
383
1431
1520
222
903
2330
29
481
600
2226
1119
206
2098
11
272
1339
274
170
2122
47
1526
40
222
1811
381
177
343
75
201
629
186
2
627
1476
183
1717
1371
250
580
588
1533
1565
313
1780
2307
5
301
2103
2245
206
168
21
118
999
13
1966
417
1631
9
47
235
1728
1581
819
464
498
21
1857
678
861
1114
1785
462
326
870
1885
1578
2438
1503
583
1946
274
2389
812
1608
1646
12
129
3
1173
1180
1311
616
525
2321
159
2222
45
1067
241
298
585
1212
135
1429
2409
290
54
1055
146
1509
201
2087
183
323
9
355
2387
2487
35
1092
346
807
614
2228
33
699
566
444
2455
384
184
1349
92
450
36
916
2349
249
1935
197
1286
183
13
1959
154
221
326
369
2072
11
5
65
2280
4
1045
1707
182
1
555
2221
383
441
203
2311
28
149
2
1139
974
2480
2054
26
159
2068
732
1977
786
1427
17
80
705
382
8
269
1224
1955
1
2001
956
20
765
2168
10
691
251
1396
1583
22
11
31
7
80
89
52
828
77
1119
1438
762
74
2153
227
793
421
2216
505
1070
525
112
441
200
2486
456
1063
1488
324
1494
102
330
1
1320
2284
595
339
1718
2281
2062
874
1061
1925
747
118
860
122
402
2382
1616
5
262
369
966
267
42
38
53
103
761
1983
2382
930
149
944
197
321
1263
420
1370
131
1945
723
1295
1813
360
743
652
582
540
838
1477
169
334
1232
470
1745
213
38
281
337
156
1891
368
184
69
1472
9
2327
508
432
51
1796
366
313
6
1390
434
394
1468
574
126
1
327
1294
831
37
43
53
1
2288
87
1333
15
1564
171
207
634
1478
1472
932
2463
88
2131
2370
78
19
629
999
73
995
1211
199
33
2040
150
134
169
1669
1287
81
776
776
1337
2103
2465
1316
723
34
1036
2335
1933
312
631
146
1094
627
724
326
1054
4
640
397
1422
168
4
1374
242
176
908
1376
1177
45
83
1510
67
76
885
284
844
26
60
488
217
864
932
47
36
741
755
176
992
65
2444
2106
2290
359
2477
2084
454
16
765
1629
103
402
42
422
888
114
2309
296
1309
1721
202
262
239
6
932
2474
910
370
1165
387
1605
1214
203
1047
969
228
131
1126
118
91
664
2237
1886
1277
2011
809
737
307
1617
198
304
2204
210
1790
1711
1412
771
1007
44
2489
106
112
1844
1037
181
1270
2208
429
2277
957
3
686
349
2003
148
137
1422
994
1326
118
2375
324
1373
2005
1372
1397
39
194
1833
4
365
23
578
38
1052
217
855
776
60
940
2061
1923
1589
2377
399
1238
62
177
793
1108
833
143
290
2184
78
547
1346
27
1230
181
40
496
291
208
1289
9
285
308
1107
641
194
48
374
2187
12
1028
294
310
1802
888
360
368
110
397
2004
359
53
115
731
2398
14
238
219
351
1435
1575
2349
2326
964
292
2
234
650
1
19
201
2328
390
481
287
524
466
105
1391
2127
2130
89
558
1545
866
882
550
802
150
1401
104
2123
848
8
793
308
1162
138
139
2273
1427
245
1168
51
541
434
492
6
60
1990
603
218
483
513
446
1218
1362
597
466
384
1117
2007
1684
597
1042
1120
1428
575
2
4
1028
657
131
2323
512
1115
2445
610
1413
1424
1927
924
1687
342
1248
1443
510
1771
1414
1368
375
280
605
732
2306
532
382
1026
13
1558
714
1138
2269
2327
702
91
1709
2
443
91
724
819
1483
140
107
124
96
36
24
956
116
400
590
2211
2177
143
2242
699
1295
2356
3
286
332
54
27
2068
1753
260
2200
39
2378
1
126
614
39
694
439
1184
354
290
86
1553
721
832
3
1891
1587
808
285
1350
422
298
550
384
90
2483
1256
1979
1338
1686
2387
242
1456
10
411
147
1212
2398
999
35
997
2035
1045
2214
1314
1013
236
195
285
468
1010
88
1027
49
1100
1098
216
278
193
306
1045
1064
35
221
578
1262
118
531
563
183
160
2284
2007
592
701
545
261
377
1330
1598
673
1620
159
2162
294
661
1253
1115
485
244
1643
127
15
512
770
561
122
1262
585
262
70
935
1050
1
16
1430
1954
2416
1299
1177
1803
140
2057
840
8
1247
240
267
828
2239
748
1437
36
8
373
1606
185
951
670
1331
1341
828
568
1318
2
1733
1528
12
1017
1150
1009
172
120
2472
993
59
2230
1896
894
2189
811
199
1690
762
136
645
866
54
1854
248
2358
203
53
1331
1026
2106
1263
2
2382
47
1055
250
1809
180
210
361
2461
276
1362
2402
717
1336
830
469
1465
800
1910
398
1681
338
834
63
147
46
455
15
1144
277
222
2330
2
247
494
1389
881
524
1470
855
4
2401
58
503
1763
64
29
1481
2259
130
1622
1505
812
174
89
251
1534
2375
392
1983
790
1045
434
6
805
139
2445
111
246
1967
73
18
792
7
593
1
146
1046
215
2392
802
999
1745
2060
1902
163
2103
1871
1436
677
936
788
232
232
1521
142
331
105
330
427
2
1946
1
709
693
1817
16
1834
1273
2173
1284
1886
811
1905
274
214
2083
662
2459
91
1718
1890
4
228
1479
856
811
775
544
753
1455
1253
1519
364
1479
1945
1836
370
6
2228
100
294
1300
988
69
350
317
754
103
2319
1463
1950
45
823
57
1044
16
43
812
1767
337
539
1431
770
1025
1417
1324
542
2260
1074
62
171
1232
568
11
17
1178
435
803
433
1944
281
27
42
1156
252
273
2362
1479
2178
1643
322
922
726
18
208
70
26
1487
24
1
1723
293
1011
30
1893
103
437
238
350
1951
562
72
105
100
992
504
1196
611
1358
274
1045
4
545
98
1642
371
2474
2000
848
249
279
237
686
560
800
1994
30
1661
1331
239
130
1856
2170
98
107
21
54
1315
1248
1022
625
1136
919
1188
2137
1135
73
34
2180
826
103
798
2423
1088
2377
1151
1954
1739
2254
439
919
496
361
622
638
2321
1269
1858
379
766
2454
432
2253
1687
339
1910
2474
84
379
643
144
182
287
751
19
1070
2056
465
92
63
600
1046
1719
2443
390
388
91
207
2358
644
1272
2371
297
1912
419
279
63
29
1452
768
175
1156
486
727
1734
1723
375
7
778
623
1053
23
2085
1001
548
1544
128
639
3
1903
138
57
567
1614
402
1164
356
2395
24
745
1491
2314
1276
438
240
822
1230
197
689
819
127
141
1694
1902
1621
2021
746
467
752
302
16
1235
1072
90
274
195
1681
124
18
1593
1964
75
593
2397
2331
819
1622
297
1493
52
2068
2495
2470
7
79
1034
1864
68
1120
1311
676
570
185
410
1984
1033
200
175
1276
118
683
587
5
1329
65
1
1632
2185
41
2336
52
261
1086
1967
510
883
340
1183
129
1066
609
270
1709
238
74
300
648
2289
334
628
1496
1557
752
2235
1029
1819
6
1429
392
1923
2027
1201
342
13
1774
36
7
16
1714
1279
362
42
2265
23
563
134
858
158
34
334
2056
132
771
2479
1852
616
2233
386
2445
1523
450
1908
439
654
113
2102
477
811
1699
441
306
266
2143
2323
914
648
1923
1
493
24
168
1798
626
2111
345
950
8
1081
153
84
264
19
10
2481
3
364
2404
1399
124
1752
935
793
337
944
86
145
964
219
1058
498
25
721
154
1
307
2498
1822
1496
55
656
34
1743
371
1706
745
1341
768
1511
107
2476
130
632
145
3
315
1778
890
1200
516
502
260
17
195
1450
272
1523
1254
163
2119
19
1
1680
203
912
170
189
66
65
40
146
8
552
874
1314
405
77
734
148
559
1535
756
430
2196
2435
36
430
437
1128
1749
11
78
527
92
1420
237
121
376
2381
1933
1282
6
496
188
1955
1331
967
1294
1773
1919
7
2043
680
160
2051
2104
2014
2263
59
123
248
471
184
1184
304
1429
213
726
1546
722
44
1667
77
304
4
3
380
648
1584
1839
2152
214
141
1309
173
1669
1002
220
627
269
246
2
623
339
2443
1755
1027
1447
259
2105
1661
12
36
63
23
110
1885
749
1031
114
2072
348
58
2
156
7
282
1
1120
1975
1
161
176
627
891
331
1596
4
2062
1571
88
111
439
1716
997
731
2069
398
14
173
693
775
254
25
280
746
1231
925
1224
2064
1361
2
1055
2462
71
41
797
781
2069
2325
830
5
1217
1721
1941
727
2049
1077
1168
293
93
244
2176
873
2084
375
124
2473
1721
195
681
34
2484
141
1635
932
13
1345
2011
1526
497
1269
1139
2499
4
2432
144
936
529
543
185
170
916
14
400
580
4
143
16
40
84
463
2494
55
790
787
1806
1104
2082
607
3
21
1787
1507
34
174
1245
1705
13
1966
366
902
1
1
184
689
167
437
1
1823
1258
454
235
1146
2073
919
1725
73
1656
930
1227
1950
388
740
200
239
723
1186
2404
83
2258
488
1260
1525
327
499
1273
1775
1382
881
211
275
343
808
1967
732
1878
44
2001
286
120
4
88
988
229
318
1550
1768
2359
86
1407
293
8
59
112
1242
513
1987
515
1862
18
595
1298
2128
414
974
917
464
500
619
1179
1041
895
320
2366
1758
119
267
440
761
729
1467
674
2153
1187
421
751
1172
118
299
997
227
1047
493
18
291
1202
1
1505
1711
2280
88
1380
1527
1775
1561
3
116
2034
517
638
2447
8
176
1939
873
116
1107
1843
1548
358
1959
41
1545
2376
201
979
192
2226
27
578
350
933
1111
2490
1278
236
86
143
895
6
2364
391
2204
715
604
108
451
677
219
51
908
7
2462
2098
1010
201
8
75
1127
463
94
9
2306
1334
2136
400
154
1
8
1552
1821
520
23
1127
1104
1542
304
100
114
10
1227
2
8
1505
253
598
1914
534
963
661
413
2278
1542
749
2421
547
13
798
2053
22
1761
9
206
430
1742
28
801
495
395
1034
1031
2058
2476
2483
2304
219
14
1299
8
1292
348
371
3
133
1368
1131
56
331
12
2467
550
1513
1148
892
172
1186
483
718
529
1752
665
147
332
2241
31
208
566
1273
1624
1297
1723
2260
824
517
842
559
946
139
1854
1223
89
707
580
7
1217
1096
73
124
74
2334
1144
19
1
380
99
1997
28
19
24
1228
161
1254
1931
1390
2358
25
131
1887
21
232
670
45
1750
444
52
2236
501
1626
2486
142
657
516
86
1538
561
81
380
164
1589
13
1140
926
62
969
2300
41
985
119
851
11
824
893
811
11
57
1623
93
1108
758
1552
913
2087
2097
1605
291
4
1928
1779
20
10
260
89
1260
3
367
1957
354
43
68
749
839
927
19
30
1464
59
354
163
138
1150
440
1503
651
1218
1789
1313
1608
1317
2270
7
13
359
162
132
1908
57
430
444
1158
478
483
1052
476
4
1476
601
32
351
344
143
1137
177
759
2268
223
2096
36
791
317
1749
9
328
29
1269
775
754
470
253
472
529
1452
177
1860
461
2445
307
65
474
2219
1819
1004
345
979
2138
525
386
16
95
1167
790
272
51
1238
329
23
1108
4
2057
827
850
2432
1052
166
123
7
1611
1032
1
52
245
1702
2246
159
349
1556
765
1714
847
929
2237
1094
589
19
709
1948
1730
4
871
1979
4
489
321
1388
209
33
1797
1509
804
810
259
2189
1126
7
752
850
2037
356
176
1482
2258
1835
87
154
501
512
1982
522
287
1202
25
1393
27
1513
247
1363
22
296
575
345
1049
372
743
248
56
76
502
842
42
1190
2124
267
155
59
1824
1847
1813
1707
394
1126
1450
10
925
1027
90
2152
719
57
2112
1
1802
1540
1297
28
10
700
342
75
764
268
598
1198
85
11
225
518
1586
2118
297
928
1878
1022
1089
207
6
50
643
776
14
1048
2013
165
1388
2302
962
2456
1985
700
828
1143
847
952
160
216
2492
2013
384
930
732
1499
1969
1816
295
654
1432
190
145
68
1669
143
1590
1523
798
493
28
247
1309
805
1594
2101
2101
624
501
1780
1387
1814
901
1913
173
15
1792
1
77
126
1877
39
1848
53
2360
277
1193
563
38
884
1761
81
19
928
1462
2445
1882
180
556
37
1636
244
703
2401
160
509
984
2416
884
727
677
338
92
829
50
140
948
9
2130
62
1370
26
49
857
626
121
2320
2388
584
4
910
197
109
44
393
1155
2
477
53
55
505
1358
160
123
1685
117
1126
1915
85
65
1439
1776
1507
1318
507
224
86
848
2148
2145
891
72
799
132
254
2252
56
1690
1477
1877
1613
232
978
572
1012
230
124
541
98
977
1767
886
781
1298
2281
768
2321
381
779
482
1309
1924
828
2183
702
2349
1526
3
142
773
1273
469
2282
8
687
12
601
55
519
598
487
1085
1
1442
604
588
90
81
768
1571
163
1145
552
2495
701
2496
1779
722
1944
494
903
2
568
29
1430
41
1223
2000
348
700
1903
67
294
64
124
878
1271
37
11
908
1152
269
394
269
104
277
1208
3
119
149
678
29
790
771
1
669
214
580
362
638
1385
1301
1821
945
24
581
156
2074
1376
283
2270
1001
1789
2074
1352
179
1025
22
204
1024
1374
1567
412
1549
1226
266
2
922
7
1133
745
1714
195
129
180
2363
2451
337
1153
2329
1771
127
1441
1124
1573
401
1699
282
753
44
252
1057
1227
978
8
1209
5
1571
474
1666
35
181
268
1374
778
20
234
130
1364
2373
199
1411
1767
662
2040
1984
1471
1811
169
103
1453
424
81
223
525
1199
272
19
1795
1023
237
598
1812
52
577
1162
61
852
1
297
60
177
526
695
407
388
16
1308
19
386
94
2205
539
256
1718
967
527
66
44
1996
23
252
1215
1411
687
64
27
144
1279
64
1502
17
110
1962
43
1158
1
55
401
745
1067
2139
1697
259
205
228
714
609
879
1416
2190
2325
1300
48
275
1353
13
485
1965
762
16
1356
468
57
60
205
1312
1470
53
1020
24
1228
139
2176
40
647
66
457
84
1206
1189
138
48
647
22
1837
2298
1406
1095
239
1501
1179
2202
1546
782
40
2486
860
73
90
969
76
312
15
1272
1221
27
305
552
232
1278
1892
7
830
1372
1213
91
8
764
548
162
1414
1135
1432
253
596
1086
491
138
1126
1793
1442
876
456
413
1584
100
787
277
22
166
65
1404
2040
1772
41
198
544
760
1093
1161
932
1658
6
482
311
192
49
778
1310
953
269
315
1430
1875
2026
561
471
1199
419
183
1977
414
1158
1174
3
1728
16
127
1732
403
109
750
578
1494
2082
41
106
86
1709
936
395
316
2125
144
192
22
831
1507
726
25
2097
38
85
618
93
24
914
898
1142
1652
338
428
908
487
469
345
817
10
575
14
38
1390
491
2393
280
1141
769
101
69
368
69
567
51
1625
2074
403
154
226
1279
1
250
2083
181
1518
289
109
2035
1059
243
711
145
2333
14
1141
1634
30
450
81
223
54
1575
1427
1088
65
2289
428
1975
481
1068
134
1775
119
269
268
619
98
1362
381
149
400
192
915
1246
604
1124
13
173
323
31
665
996
780
125
127
1188
1432
750
72
2070
328
2141
1741
2240
390
639
489
397
1
6
1929
1369
596
415
211
811
1920
54
49
3
1679
1803
597
228
3
67
1837
77
1429
364
313
202
1892
12
1000
199
2096
1014
1541
1752
57
632
119
2335
1378
172
702
624
242
227
581
2048
203
1710
2164
101
1276
311
1957
1547
2468
2485
1125
700
120
131
1559
1847
1964
12
942
185
1118
917
1400
702
44
4
167
1423
2022
1891
89
635
325
166
671
63
1376
537
1002
203
24
1832
691
35
1910
1380
174
207
277
936
156
1189
253
4
290
209
131
1673
34
968
53
8
112
164
38
49
259
1503
7
1505
1747
83
2373
1148
67
28
650
472
53
1644
1847
20
886
641
198
3
790
2487
740
627
444
936
641
1973
266
100
2063
141
2487
73
94
1794
2236
1128
5
2376
20
498
9
410
239
467
129
435
506
433
20
1530
166
1
144
66
576
511
118
784
1063
588
809
770
31
39
1929
671
30
1220
1032
2230
2159
1138
129
742
980
497
73
1934
11
9
799
759
133
2072
104
1997
1
63
1255
332
69
11
105
423
2154
945
1247
1292
14
523
165
1541
931
2191
2001
1769
214
196
221
1237
17
398
1100
112
1074
568
2111
2064
179
1963
1576
1883
502
1270
297
2195
125
330
509
1140
1540
11
255
1993
243
1267
1834
2032
365
1146
2480
2095
2039
660
51
263
1661
2135
412
1245
291
158
614
314
1393
2457
98
1336
351
2319
954
725
736
14
1753
648
524
774
1159
1068
169
1583
1728
774
5
437
433
2326
1455
46
1780
1775
1676
162
1407
703
674
1130
972
1623
268
1364
602
26
149
119
221
1312
2149
811
225
871
484
973
23
2444
846
43
1483
1982
1930
102
1941
2234
1461
2197
402
57
360
521
185
1882
1760
1885
42
14
18
58
338
167
1414
2334
325
757
966
796
26
325
92
126
963
1253
1603
127
1895
628
5
2031
718
1680
629
23
210
817
1660
785
163
48
1785
1662
269
384
1753
1892
791
161
237
2178
126
290
1700
88
140
2417
105
2471
557
350
590
1888
919
1512
4
2145
2072
218
695
1251
291
856
2494
403
1101
2019
1071
455
2355
753
7
405
483
536
109
50
9
454
1898
63
1686
723
44
42
1152
107
733
41
103
301
27
860
2236
1327
33
232
540
325
1281
1002
11
61
1069
408
35
757
1321
2065
1444
197
290
1548
35
2044
2
869
197
2262
2131
2309
177
24
67
59
1
487
280
1
143
322
100
675
714
91
645
948
260
456
568
705
1820
528
1742
170
1504
1975
2093
670
1100
427
309
6
32
126
2111
754
1287
1415
1595
612
89
2103
740
553
192
39
1296
1129
454
1940
589
256
64
2385
1583
1429
209
8
1151
92
439
1377
2327
1
665
24
15
43
710
17
1735
423
567
1826
167
216
2035
1364
2224
2384
1
2235
611
1996
1126
1585
287
166
708
687
2487
1587
1
20
527
1276
1625
3
663
1423
542
15
1166
57
190
620
1914
680
1246
2293
590
302
6
1592
703
1793
1896
547
1723
356
2417
148
1632
1095
1
390
750
1307
270
676
251
85
531
89
1456
583
40
2110
1856
1761
1179
143
91
1583
1385
231
820
235
2023
719
1016
520
531
869
2137
1887
2432
1774
573
1701
28
401
196
1223
939
442
1407
789
42
1039
2
971
1238
903
12
250
717
1980
13
2274
1264
2279
1
2086
23
873
414
1144
25
1158
426
314
1
2234
1472
522
6
322
1214
1777
454
436
430
731
247
3
200
82
396
381
5
620
961
626
1
174
1524
1178
999
1612
13
10
238
1015
62
176
138
1358
1496
679
2164
717
950
46
785
1143
505
98
584
1
2321
56
838
1102
347
1023
1222
758
338
2376
160
2297
1362
1076
6
13
1053
2243
1589
1687
1838
327
900
1597
382
44
1196
1317
492
2299
2364
416
12
7
46
1155
1586
1946
227
1615
320
481
707
78
1566
1735
530
39
113
240
1278
2202
2306
1116
1958
2441
808
201
1967
67
309
836
119
54
591
1253
585
337
2374
73
1193
436
2092
603
451
414
822
1681
150
1774
1827
101
2105
1473
1142
1215
2344
1170
517
3
863
657
1492
1406
9
436
44
2055
701
63
1266
175
242
422
111
1466
287
2437
594
270
343
70
666
11
443
1151
20
1628
755
838
576
101
996
852
1982
186
1171
1465
1770
2185
828
897
1975
1160
549
1449
854
497
1886
1343
291
1625
498
14
632
2277
999
158
1073
748
1658
915
6
3
1351
1567
2437
1372
76
2124
17
789
255
161
15
80
50
2068
1758
117
1553
408
1156
2325
2016
2204
1698
401
787
1532
1942
2186
881
1603
773
452
339
1
228
1360
55
722
2106
118
549
615
82
291
1740
27
613
110
1
149
177
1224
221
224
1056
209
1872
1653
1723
1627
2333
304
1321
1211
1
235
710
238
857
1380
957
411
1154
391
1
405
2054
1430
574
1559
412
409
573
50
682
609
2221
63
961
1188
1361
866
226
198
54
44
1387
916
1145
1607
3
52
949
2242
2357
2401
1120
909
360
170
40
2350
60
43
1064
1821
1866
717
12
214
1974
2250
1804
1406
131
267
518
371
1857
3
2356
57
865
2279
128
20
2000
2074
906
2360
1
1164
1
1552
545
2112
725
144
361
237
614
135
182
1117
1947
288
969
2183
1746
35
1319
347
349
442
1755
468
1628
667
1
227
657
2080
2357
875
1496
1
114
1239
2391
35
293
1700
1009
2068
1984
281
174
671
538
703
2409
1262
2180
587
260
2030
1742
482
2017
1577
712
2265
2188
330
726
114
160
993
463
1097
10
1395
496
347
2053
1365
1549
939
481
1359
2081
438
227
1924
197
1465
117
50
2247
939
805
577
1826
1836
982
32
24
1404
2031
40
30
951
77
1157
139
5
57
198
227
299
400
299
2231
70
17
802
310
1605
502
2238
1013
894
1557
1101
1882
951
99
186
329
1516
1502
1038
386
1055
1014
115
1441
1316
447
234
333
2429
1924
1589
2489
1160
1085
1015
337
2500
819
525
2377
1705
454
44
505
1852
2063
88
1280
22
119
136
134
1467
200
785
1
57
1601
2082
728
109
710
30
119
883
314
1889
1175
866
21
2020
8
13
417
2107
397
1804
1685
36
1197
73
445
100
830
766
1104
519
524
14
1668
640
535
1076
801
871
27
1493
439
116
339
2
1113
604
283
1622
776
635
450
417
1465
349
2080
1337
792
714
1443
425
530
1265
336
19
2053
238
2169
41
1246
2285
436
200
559
1294
48
1797
1732
390
700
739
1264
924
205
1490
1098
1458
51
1253
1024
231
1746
1349
1717
225
58
2096
432
2
213
383
554
163
2305
278
97
530
839
156
17
2227
119
1163
3
1297
384
308
352
2013
1097
1795
1851
971
692
1810
1856
1198
835
1640
1015
1599
1493
39
783
314
766
916
204
2454
1551
491
1342
224
210
2193
412
13
37
410
104
30
1991
1138
201
2045
2177
402
1636
394
1267
1188
1740
338
397
260
87
369
1073
2146
310
1420
39
914
1166
659
469
88
1038
344
495
107
2318
1542
1498
2167
1087
2098
560
32
372
360
1941
255
970
566
2232
13
162
229
629
1301
23
1216
1867
1610
115
915
3
376
15
1476
75
62
239
2228
518
35
1262
34
1257
2411
1010
17
2218
560
4
716
167
2480
1228
40
418
2428
584
1182
2
7
2366
1665
581
985
1157
305
1847
164
6
100
1191
68
529
553
2314
788
42
1169
13
576
840
56
460
90
300
261
2039
453
355
1095
1220
1476
437
18
579
621
3
1739
144
67
132
10
28
513
318
24
2470
75
757
1548
1485
373
10
797
152
562
2389
427
1999
12
162
103
1912
608
2334
2
376
521
1735
2320
64
223
190
326
2200
1338
832
2230
804
582
791
27
494
420
25
267
627
20
658
2049
1761
536
92
822
19
106
2401
686
879
769
2142
47
766
784
347
1104
749
365
323
1103
87
275
1962
2085
1110
253
299
2277
218
155
1478
337
4
1229
2024
1986
2246
2171
787
2110
1819
817
167
510
555
1206
2003
776
459
838
644
6
711
683
496
577
1550
141
9
93
1255
1457
62
388
126
81
1227
1058
1911
812
1731
580
676
666
362
166
1294
1702
1877
1197
202
144
105
8
983
517
2432
11
103
1565
239
45
21
66
1098
229
1568
58
72
234
1349
1444
4
398
2499
178
1128
1482
1030
674
1773
195
1059
517
6
94
31
1520
118
608
323
402
156
1595
1405
138
578
2214
424
45
123
239
5
31
608
658
2195
38
1080
310
1081
2128
1129
1553
2426
426
1
1468
445
2444
368
316
47
30
1905
30
67
1498
5
652
267
772
1879
416
29
2223
697
2372
62
186
3
619
71
1935
101
1125
1027
184
145
1451
1447
154
635
478
444
436
403
144
1
429
722
1902
69
219
439
2475
115
6
1
2161
733
279
1276
2120
49
2199
2
12
2037
2158
46
770
6
41
1665
1802
839
534
342
16
736
181
1475
413
786
1063
9
20
10
1162
21
22
185
471
1909
97
423
932
14
4
52
2204
4
1775
109
426
53
614
2052
84
98
246
1505
1762
1332
2067
462
64
2206
1950
2492
2498
1714
317
1744
1059
868
91
1554
978
1854
1123
3
147
2
506
10
1968
71
218
2333
1816
575
192
2212
36
1279
694
581
1252
929
175
146
208
2164
1584
17
510
1863
435
159
569
1063
446
1072
1723
1617
1969
46
686
1194
1112
2024
29
17
106
11
1785
11
2165
13
270
744
1036
2102
1022
1958
1903
1213
15
250
45
1538
1948
554
1389
727
2324
573
1402
2401
225
17
1577
878
8
325
854
1984
338
1059
534
581
7
1426
559
137
2001
326
167
313
12
1976
17
1274
80
1819
1098
178
2127
1889
1020
2396
33
1783
771
2346
1008
423
911
2131
65
1205
1328
741
13
1974
1942
252
2160
126
41
1110
90
1343
1706
2219
67
1297
2346
6
718
2415
33
1461
680
343
52
69
1829
1299
259
1855
742
2174
38
797
91
440
1422
164
420
405
1197
1813
1335
407
1202
1143
2275
1645
102
