605
412
859
264
699
53
349
705
150
2
841
270
328
10
21
5
5
708
654
683
275
312
84
321
87
589
146
670
103
113
58
12
298
403
277
160
470
12
66
7
809
17
416
590
36
63
9
681
686
65
87
787
222
32
504
338
3
603
315
121
1
774
165
80
9
15
22
527
791
68
636
754
14
932
176
637
241
60
446
355
35
544
449
560
903
120
425
90
952
87
912
28
341
562
37
98
693
602
8
310
999
237
437
60
59
318
6
305
938
512
145
222
232
35
242
649
89
38
19
670
252
5
43
410
255
492
4
113
13
124
476
69
75
812
419
31
599
149
78
808
229
32
192
802
220
647
727
899
100
63
424
227
723
107
224
611
2
100
515
7
7
832
362
391
480
600
537
3
403
131
702
506
105
155
458
2
98
3
818
525
484
9
394
703
758
305
446
289
24
84
676
439
51
305
69
504
768
188
42
31
341
756
1
980
73
992
20
97
28
6
936
79
31
287
347
714
92
68
356
322
40
113
59
550
710
995
465
650
1
156
18
9
800
101
45
223
12
973
407
146
124
91
383
63
469
186
276
385
387
456
219
321
53
803
140
481
474
447
613
762
468
67
498
179
258
192
606
485
902
600
45
174
211
123
32
4
481
377
22
183
255
8
449
904
488
369
235
30
49
319
83
18
289
17
90
12
395
610
2
39
970
211
728
320
549
20
740
16
677
1
515
731
58
658
51
37
382
320
6
302
11
57
757
657
409
241
479
7
41
993
190
212
183
49
978
852
2
2
5
223
588
38
335
112
813
36
3
894
161
65
27
274
610
97
175
384
615
2
112
251
368
971
233
709
80
604
238
104
44
21
170
32
9
65
776
649
620
74
551
133
495
3
563
851
812
440
110
858
251
44
325
12
30
937
603
639
391
134
17
981
574
504
32
268
1
10
316
4
296
67
126
318
50
704
387
468
205
245
65
930
44
621
417
489
352
1
931
855
210
18
278
917
23
539
973
187
158
443
840
482
6
885
337
241
21
862
897
58
35
24
821
785
554
79
177
488
690
897
72
150
748
199
171
340
8
611
201
930
662
5
652
163
258
169
271
40
839
66
979
436
113
7
646
124
757
320
195
25
412
808
161
741
471
30
858
963
162
202
199
142
705
258
13
408
523
796
458
73
20
363
236
293
355
398
105
196
51
209
657
439
464
2
44
6
704
320
853
6
874
33
563
109
15
744
221
14
244
95
371
306
916
651
585
161
340
1
426
188
1
952
289
862
326
506
1
352
373
234
236
939
83
77
926
138
30
5
87
550
59
552
59
394
17
173
442
64
562
89
61
1
196
297
65
80
110
756
385
16
596
267
263
247
303
501
777
89
1
165
345
129
523
33
325
739
290
565
75
58
73
96
3
202
672
107
168
884
261
778
485
576
635
102
817
613
457
326
535
231
679
209
624
4
119
48
541
366
390
411
168
770
75
722
6
852
14
707
117
331
711
316
175
454
817
374
174
184
302
2
308
562
695
33
1
93
84
256
411
974
234
63
799
4
993
315
212
786
4
307
829
348
170
73
8
735
566
496
497
175
551
873
478
108
156
117
353
743
513
189
235
4
949
273
15
507
582
757
901
913
275
619
671
149
847
417
557
701
327
571
113
738
39
538
81
4
742
158
154
540
335
215
307
25
895
171
284
895
985
776
122
470
389
12
811
770
497
746
636
6
120
337
446
876
626
199
14
805
381
792
176
106
291
224
126
154
296
134
338
71
187
287
238
595
637
38
902
17
881
848
6
565
505
32
699
766
295
125
406
338
140
508
329
796
664
836
119
946
116
4
20
682
44
155
516
38
752
498
2
511
19
54
788
4
866
299
234
130
243
847
4
237
13
189
205
951
8
605
754
700
109
36
788
500
249
966
577
103
184
15
108
1
911
362
872
115
657
635
707
5
654
353
3
165
173
720
366
507
143
399
74
534
71
514
25
13
385
69
63
1
117
938
753
153
208
472
56
190
268
918
294
23
79
289
550
136
4
422
79
2
135
34
996
63
989
113
678
378
39
25
67
497
360
352
182
13
339
441
371
622
740
427
119
754
928
746
304
907
668
89
94
198
467
79
13
13
41
267
4
838
84
998
23
249
306
173
57
936
168
8
471
2
39
682
67
437
753
140
986
864
483
131
901
813
285
240
433
440
5
855
458
27
143
288
654
24
161
414
370
29
1
22
6
79
19
1
182
756
28
9
161
186
45
76
402
25
63
784
1
271
997
21
18
389
692
659
22
737
355
530
15
414
619
376
3
396
31
88
368
271
146
6
6
789
3
781
23
711
314
120
49
149
341
136
46
636
708
20
548
4
17
360
11
551
270
13
437
251
203
129
148
2
534
926
801
589
309
167
990
179
14
455
398
124
83
865
32
137
905
1
717
970
605
386
493
449
695
289
39
534
207
479
143
202
654
880
8
775
806
278
959
977
23
676
970
170
208
419
29
455
222
680
354
663
215
169
137
509
365
511
330
101
250
568
57
971
28
39
539
32
125
290
347
238
923
19
499
174
327
944
665
420
9
1
600
243
208
449
706
2
747
640
88
584
130
511
7
134
11
40
68
612
407
502
455
35
414
9
65
332
75
568
23
694
250
863
1
77
1
23
812
647
505
111
490
33
196
395
400
705
66
895
2
190
102
672
711
8
117
640
1
63
237
872
109
417
27
803
549
102
423
56
560
2
64
683
892
393
266
942
478
157
219
740
29
9
379
747
268
602
329
564
289
271
498
387
4
661
831
840
156
217
724
81
344
802
3
46
63
360
489
973
595
442
210
884
59
605
238
59
935
312
610
279
276
790
285
819
53
239
139
2
872
978
738
611
495
4
319
162
28
836
730
1
34
538
1
894
8
391
507
301
186
54
95
320
744
313
691
246
931
706
36
446
711
16
444
683
799
681
523
359
407
448
166
827
125
520
909
13
852
4
414
432
583
101
42
62
358
268
376
93
153
9
113
63
873
88
34
15
997
324
13
891
718
712
806
101
642
101
47
61
248
112
100
174
723
232
291
345
43
490
40
49
879
584
552
11
396
185
151
341
592
16
3
126
980
179
86
49
299
625
3
246
887
158
20
439
490
8
3
985
316
37
304
451
39
949
192
756
7
850
19
154
218
9
715
12
2
243
238
486
42
318
302
29
142
498
266
697
971
575
97
3
360
691
396
15
905
470
610
233
599
697
218
697
12
249
582
17
396
175
81
123
26
820
43
107
36
718
435
168
999
55
653
29
416
134
183
698
103
2
55
472
121
486
5
923
253
285
115
145
35
571
577
619
570
115
822
21
849
93
275
198
740
789
52
103
102
52
12
607
32
107
397
66
195
110
5
770
582
827
905
843
896
613
466
7
34
353
676
32
21
930
4
154
214
243
813
733
46
539
768
191
397
59
611
648
45
789
74
194
210
2
680
380
955
274
501
755
10
580
128
957
784
120
20
74
15
17
937
129
217
282
237
335
39
294
15
32
425
805
126
522
782
206
283
44
622
5
58
422
235
971
261
202
68
239
540
915
15
258
854
663
121
929
501
766
302
261
19
94
9
87
9
5
753
886
210
190
3
157
331
789
611
34
194
202
182
841
115
44
285
584
30
619
553
969
874
122
462
305
983
10
395
380
431
33
239
51
361
109
25
78
185
160
551
223
635
3
69
16
25
490
111
508
564
1
83
165
223
809
193
163
420
89
208
443
757
7
816
1
224
477
499
267
501
191
19
133
431
794
628
909
198
685
432
600
77
399
345
375
546
85
31
641
6
123
873
272
3
732
790
470
86
20
124
456
819
528
84
124
455
714
503
151
117
308
68
90
899
21
114
95
274
432
851
143
465
574
85
188
113
9
863
23
44
992
189
276
548
300
67
356
375
495
639
918
9
50
68
44
128
222
86
349
720
908
258
100
387
143
242
558
877
3
133
659
6
899
49
925
843
1
1
860
4
613
663
110
143
158
230
50
531
388
857
8
716
3
244
837
209
567
8
514
46
194
926
529
54
53
410
983
268
323
325
7
165
1
304
310
126
499
84
765
217
15
56
80
164
238
122
496
4
15
569
290
56
90
625
154
868
464
580
278
3
948
549
174
319
363
898
469
361
28
50
185
1
205
414
978
644
26
269
2
571
87
565
544
601
13
544
14
624
301
512
37
4
29
2
508
167
326
43
259
306
1
152
98
223
266
30
105
553
336
37
447
578
31
311
552
48
379
244
142
86
858
1000
292
624
7
547
653
942
233
382
19
15
946
1
213
103
42
21
620
397
360
62
823
110
26
236
59
897
435
353
841
34
29
730
415
47
31
446
419
1
833
119
732
619
776
651
52
632
78
213
803
318
114
440
207
427
69
189
288
303
633
661
42
51
2
182
195
31
926
141
101
200
219
97
1
709
223
354
9
161
321
26
219
2
276
46
450
18
663
17
666
736
30
512
896
206
32
4
332
802
41
694
29
413
892
220
661
58
415
2
58
936
58
319
577
632
341
141
365
755
129
85
913
46
44
659
172
621
109
183
39
651
320
108
9
55
238
130
186
626
404
775
8
4
717
601
35
585
68
23
316
466
33
21
128
89
94
830
741
126
88
428
634
124
452
748
375
672
124
940
142
37
900
120
35
834
108
582
496
384
170
683
673
492
619
530
39
819
127
508
127
47
444
238
3
161
10
649
673
117
44
174
426
79
38
105
28
47
135
818
50
71
312
86
212
410
29
362
614
429
229
415
2
368
197
982
7
929
7
588
789
74
102
765
633
222
1
1
695
692
51
79
495
100
965
129
335
21
886
25
329
572
8
883
204
4
245
248
322
3
890
278
8
230
818
231
926
624
9
205
156
1
31
153
496
240
137
521
384
7
68
718
137
29
150
242
1
682
5
10
395
977
727
211
317
98
503
19
853
5
406
30
962
217
366
37
389
209
53
29
136
219
222
229
227
470
273
276
709
178
977
851
176
3
342
640
26
35
775
880
262
278
53
405
86
739
255
77
36
69
313
441
480
54
841
828
800
64
297
326
29
26
273
44
345
109
263
752
573
737
884
1
317
162
238
685
66
48
23
634
99
144
702
15
112
9
411
149
49
148
36
46
817
21
71
548
674
45
284
516
74
38
55
18
952
525
164
12
495
21
661
399
349
617
158
811
810
55
36
439
108
366
72
50
197
338
895
629
370
325
376
26
395
87
15
925
63
252
697
573
95
972
30
585
8
88
778
87
864
614
295
98
9
527
137
16
686
38
300
446
492
12
336
230
99
362
3
714
235
34
47
18
459
733
459
444
221
990
450
345
127
51
689
3
121
614
99
200
1
614
930
255
433
79
370
15
488
50
591
468
41
1
323
764
30
991
2
433
458
34
109
888
164
918
526
550
6
342
15
752
70
2
960
435
10
4
49
968
1
540
410
31
49
62
941
682
291
104
174
220
3
384
201
169
318
571
25
104
689
828
109
678
284
259
92
8
42
99
793
775
388
863
941
721
109
227
206
847
145
404
271
580
986
60
79
214
1
175
206
99
21
729
509
743
435
118
351
447
298
255
560
170
215
594
239
950
702
520
72
3
509
594
1
908
204
84
492
381
400
510
682
190
752
583
582
384
174
321
993
424
626
794
930
233
422
835
248
261
46
195
738
701
887
541
1
118
12
110
398
288
240
51
905
579
330
831
4
453
244
326
643
974
291
754
126
26
112
394
511
207
679
819
729
878
46
959
5
73
1
44
922
210
427
28
127
64
27
1
349
174
344
290
80
882
413
27
735
772
281
19
392
477
218
547
577
7
874
600
23
357
11
904
932
26
300
11
740
91
158
350
427
33
820
3
317
380
18
15
294
141
560
168
638
266
907
671
462
320
155
300
989
829
3
2
871
63
515
273
16
264
6
259
114
28
879
384
112
161
118
129
765
7
214
565
837
67
68
76
144
59
401
710
5
215
280
168
516
1
118
685
726
959
130
19
71
19
1
830
487
608
303
205
838
42
276
49
188
808
334
857
146
394
960
336
272
450
545
944
957
11
236
84
172
464
921
1
228
29
3
845
949
281
678
998
371
1
204
649
10
593
453
611
57
86
131
917
8
188
766
971
353
104
647
531
440
677
269
953
582
472
10
629
350
5
367
96
686
195
857
442
414
21
92
112
744
624
117
730
892
32
170
219
211
409
933
18
418
632
690
107
319
294
779
10
37
735
842
872
836
5
894
305
66
704
399
611
323
10
381
54
168
204
67
607
441
578
2
579
515
121
498
4
218
836
222
483
9
666
611
303
717
695
501
992
128
182
794
121
512
255
36
18
546
369
446
543
226
633
826
898
33
97
28
249
295
454
388
88
7
186
151
194
14
19
292
20
13
4
5
894
49
345
368
42
526
95
559
992
972
413
545
13
144
643
1
13
904
752
29
643
895
244
610
605
17
52
48
348
969
826
982
11
41
554
731
29
970
74
378
73
136
114
663
68
144
756
579
56
476
403
362
517
400
72
79
609
610
933
61
700
63
11
491
190
782
423
970
952
109
258
408
946
111
555
819
68
254
10
716
317
569
466
151
256
632
8
40
723
351
10
689
46
723
671
92
907
397
320
11
18
530
524
557
127
84
412
164
679
81
923
752
355
17
813
281
264
360
41
77
333
669
89
416
231
246
14
308
606
852
82
60
468
92
297
325
5
397
691
537
61
876
209
207
14
409
202
154
692
290
18
241
256
1
14
57
17
284
673
537
24
779
446
284
897
721
61
200
114
229
89
37
26
975
763
476
224
336
688
94
700
95
392
281
57
56
477
36
381
405
402
812
48
266
610
68
203
314
252
32
542
54
805
2
289
625
49
273
1
240
330
534
543
72
258
412
107
41
340
682
471
794
372
556
194
66
891
84
769
623
240
13
714
8
619
668
51
135
184
29
198
1
707
294
61
941
331
195
603
63
453
161
702
258
282
14
563
150
23
429
100
51
464
82
8
11
32
744
645
706
897
16
443
202
135
48
43
116
39
769
100
126
721
18
14
860
936
41
11
671
231
20
413
79
697
909
798
694
248
11
786
49
199
224
371
333
283
510
13
14
844
114
1
775
42
694
400
272
33
136
910
475
645
953
379
132
198
60
535
237
52
611
631
725
951
199
331
76
82
3
951
944
146
18
574
923
101
522
2
184
224
245
280
91
488
483
871
474
806
643
768
798
27
11
714
8
529
351
27
595
69
154
14
241
37
75
164
794
2
224
620
162
539
731
263
870
410
219
207
113
330
222
237
15
258
225
652
437
570
444
304
308
214
772
715
105
524
7
16
97
947
232
989
80
433
612
382
836
397
149
683
512
9
246
21
62
3
118
473
96
100
831
403
683
133
23
997
312
632
53
473
401
5
25
3
979
151
10
527
915
327
262
807
21
250
353
889
102
884
375
402
516
812
34
870
579
368
165
402
19
197
553
316
8
100
367
937
867
156
402
367
1
782
9
593
430
130
15
853
138
552
143
83
800
707
103
256
223
2
100
114
8
88
61
124
660
613
48
197
136
320
151
149
104
47
564
602
118
16
174
233
7
352
402
1
164
37
15
337
363
73
55
629
300
772
36
2
241
26
207
867
704
483
568
2
128
249
375
61
141
385
207
255
2
136
234
105
958
365
772
431
181
15
295
340
45
19
271
184
9
273
381
5
426
3
111
431
90
12
320
177
4
180
165
809
47
1
488
102
178
463
173
129
145
444
4
41
30
139
781
44
274
860
182
38
174
55
13
883
94
615
578
17
473
184
718
329
468
983
312
953
940
879
452
98
308
627
729
305
57
63
649
482
816
818
82
144
665
281
810
360
16
12
836
167
294
193
385
346
924
993
681
20
911
480
748
18
200
402
222
24
640
273
30
184
57
286
440
241
759
234
943
518
420
61
164
52
387
138
782
389
313
209
849
123
107
457
103
91
601
821
600
306
216
162
105
393
28
72
341
23
803
803
227
14
976
210
805
853
513
281
1
45
342
569
400
166
932
38
550
82
47
84
11
734
71
200
301
66
387
678
127
75
7
8
29
25
777
664
4
263
462
408
791
103
370
81
291
163
708
314
338
155
340
466
3
195
71
29
211
196
181
917
268
10
786
449
762
22
183
31
679
38
409
360
70
114
132
857
387
39
85
170
605
39
61
39
132
619
41
5
402
4
20
136
102
245
1
989
574
367
761
539
767
10
141
178
20
1
284
585
721
603
702
619
71
366
51
328
93
146
349
524
39
964
515
68
675
41
4
888
2
358
602
636
16
162
180
3
412
345
781
152
252
946
10
19
368
534
87
81
973
108
803
529
459
2
903
63
312
399
674
156
212
60
371
839
267
379
935
316
283
341
11
4
131
182
116
44
316
996
688
14
378
565
124
37
5
944
4
13
186
40
593
791
426
661
100
127
91
155
915
3
555
778
568
436
619
734
359
261
284
664
712
404
968
164
563
40
38
45
406
25
532
6
958
15
269
77
840
25
260
633
199
252
435
446
445
108
73
42
210
526
465
11
447
552
6
160
28
57
584
424
485
15
804
989
713
182
312
10
362
986
8
771
830
346
920
77
222
863
172
693
876
127
845
441
525
544
41
5
48
88
457
10
700
676
18
53
806
642
237
285
624
64
849
674
54
16
488
169
128
25
396
3
112
35
18
100
26
41
70
704
193
663
696
96
26
929
628
258
495
186
47
206
385
12
1
48
981
378
1
56
59
630
521
43
251
332
1
598
587
315
297
52
243
881
430
157
409
35
710
365
235
869
474
304
1
3
683
17
2
84
145
90
788
94
368
935
395
48
144
200
821
309
153
18
788
563
143
553
276
260
83
517
181
1
124
159
544
63
24
275
299
640
456
202
292
796
360
922
498
602
263
224
283
791
698
923
900
500
240
73
260
303
289
483
289
394
157
197
239
581
46
75
305
976
88
315
366
648
2
9
92
421
492
475
116
952
154
54
67
77
833
180
91
228
171
791
306
386
451
930
1
306
996
182
414
792
254
46
977
824
303
5
113
31
44
678
167
91
122
620
923
246
45
12
527
415
747
279
87
12
17
127
128
629
922
108
106
896
354
333
759
11
680
181
799
802
209
380
998
3
845
12
987
281
958
100
21
633
314
405
9
91
830
5
159
910
648
565
3
361
159
94
449
818
312
644
25
712
4
105
541
229
34
2
154
42
701
5
37
122
46
763
868
162
370
965
14
44
908
992
207
117
920
131
974
432
15
667
538
613
70
12
84
173
114
18
25
332
38
197
602
73
203
183
23
78
744
247
714
87
904
1
22
342
34
784
215
44
955
150
808
69
42
80
8
60
302
895
921
846
618
46
373
545
52
717
5
59
83
258
342
73
259
41
18
3
207
180
26
772
185
728
772
269
406
649
26
229
2
974
20
671
189
583
564
552
921
157
210
19
678
51
855
69
235
912
615
134
41
468
366
415
378
17
111
754
604
699
20
248
425
526
5
254
824
17
65
2
662
296
626
851
204
262
896
395
864
82
722
397
452
6
320
157
202
268
527
88
18
218
853
384
151
307
12
584
2
971
61
79
207
223
275
552
952
50
111
658
267
790
624
45
138
107
687
170
396
417
479
3
516
22
6
198
728
14
843
823
704
729
31
525
637
1
311
199
870
517
532
396
427
211
538
236
153
976
689
890
197
371
138
325
432
219
70
256
1
241
88
115
13
693
427
84
345
239
63
258
3
627
877
913
380
9
625
430
1
43
787
910
553
801
57
544
221
771
357
34
4
129
767
163
24
82
45
131
166
433
215
660
115
232
193
185
87
44
413
5
310
16
77
961
414
31
621
3
40
228
87
381
268
38
401
392
935
68
296
9
162
44
528
790
128
35
97
8
75
901
925
65
68
824
279
202
60
811
588
654
64
781
686
123
170
824
734
126
573
8
74
846
6
498
68
27
394
56
92
584
249
57
147
379
150
589
153
707
133
185
122
490
541
417
99
542
47
390
489
951
366
4
527
356
826
1
674
279
9
454
619
426
121
840
138
411
341
118
551
728
739
72
353
136
278
56
222
1
311
133
109
331
459
283
300
12
6
31
5
216
15
192
49
2
893
23
750
520
155
445
923
228
560
163
347
284
763
344
26
45
135
176
297
898
483
585
6
960
387
630
322
276
693
860
969
956
38
15
200
73
830
164
486
60
200
14
987
528
720
645
751
730
999
863
4
921
183
55
174
880
807
36
3
768
236
24
462
590
934
582
216
772
4
593
805
27
659
812
597
505
485
836
502
230
217
158
519
792
4
464
893
240
616
36
28
939
728
643
801
363
2
404
4
468
896
30
154
199
817
3
16
695
696
81
21
149
301
277
794
435
520
726
190
543
288
72
304
419
673
105
48
760
337
3
321
762
3
148
219
211
623
512
4
697
197
166
970
882
633
76
263
48
961
7
171
924
254
797
41
561
912
10
38
639
171
376
325
307
189
86
986
224
66
790
779
28
287
313
101
157
430
852
625
259
167
86
78
230
656
732
558
278
775
38
12
258
168
11
43
50
113
468
694
766
797
15
177
302
87
214
473
673
416
25
628
776
30
81
939
991
26
41
406
182
759
677
167
484
672
759
345
865
344
131
256
9
197
7
21
813
123
121
487
621
11
981
62
328
457
215
144
156
22
816
92
213
49
1
394
655
6
115
19
4
781
609
841
32
170
117
798
214
999
798
539
153
83
10
33
308
456
806
26
961
8
147
178
693
437
637
115
157
162
136
612
62
496
9
600
87
778
964
147
85
30
560
805
69
35
465
462
12
251
23
524
575
1
135
121
44
713
25
27
749
453
205
1
77
910
100
748
97
450
943
392
955
372
1
14
56
800
382
152
837
55
93
433
413
344
275
575
691
401
673
101
61
265
40
256
633
231
688
352
375
830
69
15
952
506
19
966
557
2
451
141
2
942
893
450
89
11
588
20
511
240
10
154
7
618
113
22
140
3
359
789
30
826
355
398
324
331
81
64
79
482
327
219
362
911
750
782
420
987
167
555
315
141
24
841
100
70
100
38
64
154
642
234
17
378
552
681
64
72
453
280
803
58
304
2
132
163
18
844
45
71
98
462
436
299
2
228
20
65
497
269
305
791
1
138
143
128
3
19
993
789
354
753
431
530
327
233
515
451
799
637
350
462
185
676
3
589
157
77
425
115
260
785
13
7
10
61
191
601
152
178
230
37
833
123
43
93
360
6
10
24
780
93
220
954
331
615
65
13
1
939
370
548
284
93
647
812
614
119
319
78
863
409
998
37
133
650
855
950
987
92
18
921
39
756
162
900
10
184
663
279
239
521
585
785
24
552
742
541
367
53
514
731
167
817
527
155
191
767
528
1
188
80
71
383
34
30
4
530
107
742
153
294
71
468
625
169
87
209
439
375
474
609
15
97
35
453
200
722
356
34
334
300
943
569
87
244
64
79
35
288
27
498
58
112
1
705
5
898
3
423
146
29
764
650
705
60
798
334
303
134
59
369
903
975
889
732
109
3
3
500
421
68
306
786
12
95
174
121
322
7
503
110
297
49
211
399
921
164
94
1
120
426
946
423
184
934
712
157
174
744
927
179
466
30
349
347
935
17
463
39
230
57
853
538
345
767
198
632
5
232
135
7
72
682
18
181
965
388
16
418
25
188
835
3
32
95
144
168
336
2
80
560
426
10
357
153
9
333
202
166
511
740
250
106
930
58
52
366
513
9
214
460
279
254
42
237
126
187
208
246
597
185
14
24
215
167
224
522
86
346
986
12
355
684
31
637
373
107
208
890
260
193
723
664
103
95
904
607
871
510
29
265
45
792
429
483
264
712
186
12
88
72
170
812
48
3
730
88
116
21
50
28
376
729
36
863
17
95
614
864
371
6
605
616
620
757
852
515
30
83
329
176
406
389
2
534
411
226
36
105
636
1
948
270
97
10
364
126
27
645
1
157
56
321
15
717
317
24
796
50
984
536
30
287
81
910
63
681
17
874
874
198
27
856
76
12
659
15
385
568
982
79
357
476
19
421
347
508
801
486
853
852
123
7
844
77
67
62
52
7
479
853
450
513
142
783
45
494
805
254
270
143
466
586
12
212
4
198
479
86
43
800
123
780
4
81
924
277
266
68
5
95
487
12
508
723
171
29
199
91
28
2
823
155
894
508
177
178
817
27
344
283
179
1
929
216
119
32
736
839
260
67
197
928
61
848
243
483
888
194
344
905
719
845
4
491
533
400
592
813
95
65
940
72
239
780
118
4
553
752
2
1
32
1
355
401
533
195
60
13
510
219
119
932
654
467
62
418
325
111
464
406
13
236
24
56
25
148
207
75
871
19
444
234
102
3
298
808
46
172
626
252
135
902
416
160
115
23
209
462
20
148
262
365
44
44
839
107
1
11
550
839
453
412
204
2
608
833
584
265
455
800
43
875
296
433
410
739
625
13
310
482
78
23
48
511
689
2
372
850
529
334
477
332
7
938
356
429
419
106
419
100
214
900
903
305
28
777
17
29
41
909
972
200
288
65
682
262
94
47
907
926
91
440
362
62
42
25
375
49
299
760
768
609
165
24
1
295
411
83
22
149
560
275
35
122
108
86
9
55
527
39
625
160
541
112
467
8
81
910
767
807
400
553
73
670
415
254
189
24
209
134
321
227
102
317
29
145
191
3
445
26
299
954
984
805
841
62
1
890
997
45
91
281
211
885
101
20
335
221
71
135
41
103
802
8
162
678
141
232
994
854
567
899
976
98
53
690
152
117
1
29
239
496
58
807
321
823
109
275
146
627
557
286
681
3
721
11
159
49
12
967
94
863
903
2
623
554
9
1
7
9
25
4
96
599
81
47
539
94
128
58
324
106
519
63
19
537
2
616
342
3
375
244
418
81
980
727
107
223
831
161
257
191
95
167
138
270
863
191
95
648
880
168
693
48
58
622
429
686
95
174
50
87
73
216
20
118
10
157
819
512
707
222
170
605
261
415
742
61
777
345
128
27
381
24
73
928
232
903
741
283
100
230
268
267
795
709
272
457
12
23
612
686
84
512
96
408
571
48
609
768
7
10
90
594
624
50
259
6
782
209
528
48
167
974
230
88
643
34
186
692
342
80
374
820
223
457
258
41
63
368
12
103
432
5
740
854
119
56
426
608
381
435
425
34
134
732
49
632
955
544
276
2
96
183
283
3
618
55
973
2
7
9
946
655
573
645
53
292
402
88
957
424
164
178
53
143
151
31
182
516
26
22
354
684
12
981
500
5
329
940
266
411
9
18
39
281
561
68
120
11
101
677
141
38
892
935
735
2
304
435
186
735
994
290
185
217
221
396
21
508
327
185
560
341
27
862
166
237
228
117
643
42
44
902
392
7
168
696
732
366
434
541
2
66
394
3
146
666
388
209
168
842
1
823
7
27
204
667
428
973
757
932
655
190
949
1
849
293
75
116
748
729
829
4
47
831
2
930
863
235
600
296
467
258
137
650
15
37
482
45
691
661
147
679
392
312
107
77
473
678
186
227
802
251
402
63
5
75
491
71
238
52
172
644
33
417
74
1
718
663
956
198
8
109
261
171
11
187
864
22
394
524
153
146
638
358
379
57
605
1
2
150
288
693
561
124
955
194
430
267
95
177
418
358
332
1
637
349
891
411
235
19
742
210
3
34
117
628
576
3
20
366
507
558
606
60
429
40
237
19
649
45
270
574
375
44
250
510
310
321
64
95
86
90
76
296
883
14
932
155
874
658
12
3
208
56
2
63
765
350
686
7
811
980
352
733
678
225
294
127
265
258
320
253
466
12
192
105
34
294
148
953
710
611
166
693
465
66
7
249
13
42
4
25
662
726
198
560
192
357
18
477
696
910
61
964
2
32
487
518
308
549
45
117
236
696
417
861
4
287
794
701
516
286
446
979
31
944
507
587
968
59
171
777
56
711
78
844
381
85
466
146
22
201
265
875
114
649
220
67
26
526
721
565
528
188
80
1
243
820
175
425
575
839
973
849
822
344
82
17
280
4
436
68
213
384
620
66
1
435
220
495
540
920
586
949
95
9
5
55
991
661
28
41
783
58
176
529
915
487
829
215
281
280
13
502
200
850
130
73
645
104
3
365
421
497
264
463
273
47
203
746
2
607
818
476
79
993
951
1
2
16
27
742
82
22
365
298
14
66
290
76
344
972
417
60
408
8
4
24
695
46
694
410
268
895
872
952
55
46
183
9
443
812
313
21
262
493
195
959
319
989
811
159
73
394
952
231
561
717
954
148
447
11
24
785
777
26
41
822
23
24
459
132
642
40
4
596
71
14
145
62
296
884
838
569
351
87
3
129
493
264
293
406
1
313
17
7
338
84
262
17
302
548
54
289
45
145
863
483
317
110
138
328
34
278
328
428
143
791
263
3
36
826
66
3
511
384
555
798
972
826
572
100
742
434
706
340
188
22
234
183
71
305
52
850
154
618
593
572
262
596
25
751
47
601
18
300
978
60
215
323
255
65
894
793
37
56
249
510
150
5
350
114
443
532
523
80
244
30
2
561
780
14
30
281
519
31
816
1
114
37
44
805
451
242
161
396
855
35
206
228
394
855
388
12
101
116
487
2
515
93
553
232
592
236
461
86
207
813
57
105
135
268
639
48
991
13
142
921
154
249
550
90
939
53
83
117
342
486
302
444
118
248
584
43
132
404
16
67
172
557
536
279
509
492
214
516
107
219
506
800
485
108
8
419
220
569
46
12
99
351
657
385
1
355
491
995
54
607
757
538
632
397
61
178
7
273
467
62
15
607
398
701
8
489
411
552
800
745
60
163
111
672
642
769
222
153
208
627
310
849
516
24
120
146
187
139
832
90
95
130
350
647
6
162
676
896
203
83
58
265
445
480
11
98
93
156
879
545
836
51
100
291
22
46
296
61
39
178
500
385
868
947
380
414
154
363
160
344
18
178
24
554
933
24
486
518
801
340
51
2
61
174
894
460
65
445
594
600
12
186
1
14
100
573
6
180
50
438
76
53
735
785
797
23
442
30
830
18
323
277
258
588
431
105
29
277
28
671
953
145
18
284
2
260
75
325
87
826
1000
728
109
28
98
266
272
36
729
156
263
496
541
65
522
331
241
348
405
806
59
874
417
672
234
449
68
32
212
126
146
26
396
713
289
467
901
187
13
507
751
52
465
187
655
40
212
583
832
92
455
133
5
318
92
72
852
409
40
25
93
46
267
194
30
2
200
317
966
203
417
501
894
163
498
743
228
5
779
80
971
739
567
129
915
187
43
554
443
475
26
278
5
244
262
788
931
972
988
457
830
146
991
913
702
755
80
68
25
286
139
28
378
415
85
235
773
440
670
833
188
84
500
328
34
278
18
11
540
10
349
15
933
200
1
186
695
50
929
839
647
35
75
16
830
4
676
96
173
392
47
660
939
519
994
381
249
124
403
699
83
572
285
376
558
67
79
94
660
373
531
13
63
798
106
42
482
40
146
21
137
232
471
549
45
930
634
689
864
6
149
758
885
242
777
666
301
762
15
455
356
103
223
50
807
920
460
309
502
63
14
653
99
687
436
979
766
389
914
11
136
34
27
48
194
146
25
162
28
12
888
658
578
847
402
7
331
11
164
815
846
125
276
73
615
869
226
171
512
771
262
10
680
66
377
882
146
824
234
276
411
462
404
82
362
469
163
497
489
909
293
669
25
588
76
208
268
208
202
283
308
207
29
510
13
104
78
163
822
957
40
117
9
69
719
25
26
132
952
636
34
8
909
218
396
279
13
68
199
2
757
275
369
391
909
733
924
499
697
905
25
5
272
66
233
911
174
133
239
95
321
41
961
236
108
154
563
36
218
13
204
150
705
650
601
776
10
143
194
357
663
278
548
605
1
2
134
546
43
729
1
102
13
848
249
645
370
364
923
440
927
311
970
830
113
77
133
670
429
918
224
16
334
773
86
2
450
14
66
188
790
117
7
656
82
481
163
130
298
261
875
644
967
831
380
539
251
69
15
201
712
920
764
866
658
231
948
182
799
52
232
430
337
704
204
29
611
32
963
973
214
335
25
630
817
418
876
569
87
484
166
34
8
410
202
60
915
1
109
161
671
50
45
523
295
340
368
21
227
537
5
414
526
321
236
485
435
631
948
34
967
36
345
213
145
137
907
13
344
991
571
297
952
276
352
846
700
126
306
952
363
319
675
318
743
86
991
121
61
13
540
634
293
41
358
66
101
592
152
652
209
320
64
719
1
774
359
370
990
251
492
328
3
851
547
606
211
6
331
310
606
537
452
1
455
676
348
901
228
34
24
189
260
648
391
347
674
4
96
161
31
95
57
804
689
173
782
130
105
95
228
103
118
24
686
23
13
354
155
120
930
23
13
228
654
152
73
49
174
26
3
447
447
6
191
886
681
233
220
84
165
623
389
169
588
393
901
627
396
5
757
155
296
871
99
4
805
537
533
565
129
906
538
488
32
418
584
707
14
35
50
252
114
13
147
396
716
777
207
288
120
473
7
473
113
255
56
248
808
437
392
2
525
109
50
249
771
162
12
701
961
679
498
903
487
14
362
94
1
155
188
16
71
20
689
145
87
783
818
179
653
811
709
541
607
355
5
58
715
288
79
23
978
723
113
329
196
257
825
2
71
903
183
381
764
126
547
946
627
232
649
884
528
422
155
582
65
474
235
166
213
302
681
701
949
6
437
474
156
107
177
381
316
13
122
284
50
61
5
34
22
633
179
186
455
23
110
98
145
302
66
801
546
1
58
244
65
47
33
120
273
515
28
138
2
755
126
273
19
845
66
8
868
239
6
926
4
13
460
395
102
103
804
58
8
450
949
691
236
67
839
191
397
576
207
305
13
271
24
50
84
10
46
157
951
913
5
163
504
435
61
718
378
214
8
555
242
488
4
948
77
130
837
144
219
289
253
58
85
37
812
109
441
9
587
802
101
468
83
9
843
31
57
616
644
151
523
759
6
235
750
738
889
303
5
2
373
481
197
481
272
990
514
10
519
569
448
591
21
610
1
762
682
183
189
370
13
284
55
132
760
576
457
888
443
823
945
174
50
1
15
15
80
423
253
841
319
235
287
259
599
137
513
28
22
907
800
27
448
283
131
326
769
356
906
212
362
74
555
138
876
14
38
285
135
780
8
925
718
713
723
536
537
21
243
208
345
24
177
299
380
614
77
246
301
242
957
1
296
609
513
108
709
334
953
370
208
33
889
428
620
113
297
71
930
100
427
86
184
581
56
531
204
213
63
576
576
827
236
48
57
394
373
718
58
297
862
43
613
940
76
240
11
632
16
22
650
1
602
220
555
564
798
208
773
620
851
664
178
164
892
279
952
745
140
754
565
57
121
28
949
891
84
134
721
395
49
156
34
25
15
671
48
183
781
129
223
986
14
536
329
2
931
665
31
155
46
69
619
501
595
372
104
443
87
5
33
35
433
702
353
483
181
268
904
558
158
551
726
38
422
219
164
454
672
41
35
284
34
29
62
2
88
1
427
785
908
348
236
320
633
74
91
39
168
372
750
769
50
226
223
80
38
679
641
135
954
578
262
585
977
546
191
883
380
943
704
941
442
395
25
687
62
551
53
96
277
63
269
218
609
674
249
269
13
213
80
336
14
271
536
61
230
690
690
825
964
242
330
221
108
303
394
370
34
930
495
39
488
893
24
630
330
214
194
201
214
701
12
22
27
33
44
252
3
729
178
944
71
897
1
163
24
855
824
53
28
34
112
4
60
900
826
636
332
970
84
201
211
931
434
94
70
873
858
514
271
254
109
183
720
27
23
90
134
337
1
40
883
834
1
609
306
125
193
170
494
216
45
1
413
209
2
16
255
889
783
930
92
914
22
654
20
160
184
954
984
1
77
78
56
156
216
586
1
67
67
369
686
664
23
197
2
737
462
144
699
20
383
43
99
38
572
54
207
433
27
761
575
45
334
208
278
129
69
574
878
293
113
727
7
124
3
229
731
520
798
365
394
355
208
22
368
53
558
1
947
3
165
158
607
95
969
4
54
277
1
513
71
20
986
10
74
744
916
651
112
421
907
416
432
335
350
226
761
24
849
249
456
2
58
658
415
451
353
697
521
135
13
4
723
723
671
723
113
81
203
74
908
634
931
687
997
269
99
75
491
202
11
32
610
845
107
60
978
144
297
361
172
535
15
211
693
626
465
288
304
431
156
654
728
505
555
21
836
46
180
142
161
689
964
121
727
129
772
282
1
977
485
347
54
136
465
254
991
199
26
255
546
1
531
4
964
377
771
528
108
155
173
132
7
130
497
23
150
917
72
320
98
258
69
71
594
337
456
38
257
403
79
499
861
939
221
118
535
464
103
385
852
62
523
61
526
114
247
52
310
1
977
388
373
455
306
502
2
867
16
535
852
818
283
208
320
349
3
123
513
158
27
344
762
894
710
112
1
714
582
17
211
239
374
319
742
210
67
47
141
989
99
129
666
239
7
2
174
411
30
106
882
103
207
514
217
165
797
50
789
865
890
2
487
151
932
18
35
562
118
780
649
169
41
276
517
855
350
57
32
21
667
85
223
383
176
505
190
814
212
14
931
906
7
641
34
1000
74
281
413
70
39
15
1
215
336
889
253
268
4
356
920
280
272
508
21
86
918
151
163
857
611
11
161
939
64
66
701
141
484
53
88
851
474
85
124
485
648
80
92
197
768
106
140
917
521
9
72
242
791
253
994
208
252
49
549
242
24
3
595
215
624
146
586
11
25
483
300
400
187
414
443
412
213
403
932
42
811
86
677
762
42
182
660
953
670
378
430
433
728
89
264
895
417
167
505
1000
364
473
16
64
771
310
817
156
24
30
3
50
122
369
22
5
828
923
379
3
606
78
88
191
938
13
2
49
489
935
982
806
16
27
58
189
45
66
243
211
923
60
259
835
7
74
8
974
253
75
9
411
448
256
602
172
255
897
647
96
177
357
142
537
752
28
11
243
841
48
630
170
878
2
142
1
399
975
416
208
938
92
528
72
657
40
629
320
83
24
1
6
185
40
49
571
17
60
263
94
105
161
99
452
425
218
44
640
454
159
4
506
56
275
284
987
565
784
5
888
64
94
658
2
679
734
81
754
210
348
403
41
522
911
835
124
71
19
179
135
234
9
363
874
150
10
601
406
761
644
442
230
3
111
28
3
811
562
11
404
418
57
325
199
295
94
77
324
421
1
14
646
181
835
594
868
41
33
48
958
9
138
762
200
922
54
24
300
631
174
49
124
216
62
89
329
22
20
12
105
802
704
339
252
958
582
69
10
464
878
844
667
349
305
73
167
319
383
260
515
13
205
53
292
286
354
359
2
286
82
585
579
99
193
232
533
11
315
542
136
147
558
31
115
941
116
729
10
6
641
7
559
323
730
184
897
449
70
40
771
182
875
711
316
232
820
177
6
51
54
867
174
950
547
337
600
557
409
551
36
106
584
6
4
262
13
30
485
238
337
397
7
218
400
973
630
397
633
552
34
321
59
214
18
7
98
697
409
517
757
233
976
63
954
437
7
535
191
3
155
150
586
719
473
38
617
653
397
99
56
917
825
8
105
22
101
331
981
626
570
842
176
378
585
39
27
7
392
21
504
9
413
630
480
117
2
176
161
182
86
102
835
39
731
467
863
1
620
37
587
107
134
112
927
757
1
34
953
165
142
245
661
752
662
302
74
733
137
422
1
2
5
503
726
93
178
758
10
155
116
284
118
140
315
26
332
345
213
17
60
373
42
761
14
596
68
67
11
237
207
222
705
145
4
251
4
171
357
457
133
26
14
55
557
224
6
439
70
879
193
28
21
681
539
614
406
37
5
85
438
254
833
561
704
828
131
965
211
855
223
93
750
28
279
246
21
238
973
394
174
488
545
285
913
743
755
384
150
269
456
391
659
702
749
655
28
481
228
87
13
297
952
115
774
156
112
379
228
1
621
400
173
314
763
1
197
30
416
729
7
505
394
141
236
876
956
637
21
231
995
22
776
602
12
989
527
92
389
34
358
382
265
664
220
427
282
730
197
419
38
103
930
13
11
526
8
216
415
848
41
284
110
439
294
777
663
473
3
40
307
1
600
809
703
580
5
1
1
952
858
500
885
948
412
321
905
448
924
13
406
213
522
314
824
280
40
435
85
628
165
399
1
10
482
52
81
51
761
840
146
191
123
934
535
35
497
83
873
279
124
187
646
966
986
1
636
467
27
760
738
658
138
363
2
756
323
149
197
83
920
565
489
8
26
745
706
139
27
6
490
74
240
149
214
44
552
839
144
22
457
214
185
302
376
950
3
518
85
121
856
631
43
729
174
144
224
594
385
909
386
216
529
82
116
459
393
633
254
1
2
44
103
352
1
931
992
176
657
90
99
364
863
10
264
92
696
25
318
371
716
6
285
718
348
305
498
477
790
85
294
872
149
168
896
10
647
72
445
6
889
467
7
969
371
933
424
6
849
499
376
27
123
85
972
313
6
695
105
302
511
43
977
408
474
858
126
8
114
542
144
2
111
84
919
11
688
133
320
63
210
20
205
114
85
46
613
101
180
104
1
337
109
21
141
180
166
535
137
408
808
503
545
43
284
518
213
233
5
522
661
647
71
13
576
19
13
30
168
261
434
129
11
1
299
253
79
486
515
638
107
776
788
97
222
4
273
62
149
669
464
77
510
8
60
30
1
71
776
631
8
18
36
65
165
161
176
273
215
781
42
115
149
532
887
225
50
16
64
28
76
458
43
11
433
114
101
330
978
143
468
10
245
508
565
133
696
127
23
87
720
415
147
350
350
70
45
234
314
271
40
52
60
565
44
707
431
916
3
888
823
653
440
697
506
551
78
232
327
356
411
181
5
211
995
617
478
730
370
183
27
78
6
3
13
475
802
668
113
974
397
3
64
480
50
144
769
61
184
1
558
359
498
51
133
333
159
452
950
548
305
14
843
4
168
483
323
913
281
626
211
630
495
338
519
181
92
90
702
22
387
917
70
1
207
198
83
14
37
594
726
522
774
530
258
18
697
955
524
488
265
964
1
121
240
104
730
367
15
978
925
401
645
61
467
786
745
4
685
25
422
467
441
603
124
17
156
232
278
764
15
41
11
118
262
583
644
2
73
244
128
40
136
152
807
134
583
910
766
162
150
136
12
202
169
93
340
489
2
105
28
32
768
817
849
422
201
151
154
511
399
494
3
772
133
382
2
91
2
761
309
28
49
352
1
23
368
970
863
842
618
122
191
975
213
2
885
489
899
56
35
7
521
235
99
55
108
293
4
74
668
323
115
193
294
481
246
847
937
52
15
995
717
134
705
126
163
101
7
605
545
324
22
893
156
551
155
64
1
203
985
855
49
496
90
42
596
218
125
183
464
181
590
36
180
957
503
126
44
47
3
442
439
193
165
461
329
280
680
1
158
342
898
692
1
761
749
27
406
45
104
123
276
253
666
9
978
590
299
71
448
784
133
49
260
322
246
387
885
397
106
786
81
90
152
73
19
892
182
83
407
18
371
680
1
766
218
275
144
76
931
559
84
42
684
31
4
35
882
202
178
125
108
543
11
299
821
107
816
2
627
443
643
120
173
547
378
29
878
306
973
502
50
428
150
433
251
378
511
348
73
239
877
14
174
275
125
21
420
364
772
351
152
143
271
89
591
322
4
16
542
535
107
701
323
1
99
106
974
200
37
251
476
295
16
163
752
24
398
76
90
33
404
762
55
86
312
72
95
279
48
65
399
84
40
211
66
40
129
33
515
581
648
452
973
261
58
303
361
351
640
733
13
834
460
608
354
137
820
38
11
10
869
28
544
94
458
34
878
115
546
41
285
735
575
312
614
35
940
13
43
2
110
833
115
84
109
260
40
136
184
639
646
151
978
846
10
408
490
68
863
661
8
666
160
986
767
180
94
619
189
12
900
953
90
73
341
934
26
3
324
1000
638
22
52
382
40
524
1
698
246
21
394
62
216
111
169
238
695
81
468
266
533
75
76
61
226
342
26
560
47
115
155
37
70
9
711
62
131
870
30
2
76
41
675
673
897
943
62
532
464
915
224
2
977
370
465
795
404
2
12
269
316
127
15
52
59
6
796
176
104
162
8
530
22
24
35
796
1
212
731
750
650
969
51
89
151
11
8
468
208
370
998
38
561
352
670
43
998
52
22
16
489
15
172
155
411
876
145
8
205
245
107
544
82
172
287
467
27
442
105
937
24
524
509
45
67
232
382
618
185
11
310
810
493
2
337
178
3
34
82
126
610
53
5
134
711
571
300
103
5
297
118
646
969
853
298
716
502
948
788
1
9
427
721
252
411
947
566
668
490
410
531
234
252
283
901
59
167
467
2
651
48
486
408
26
140
436
824
787
18
109
36
710
3
1
225
147
390
301
54
5
481
7
137
47
86
221
702
12
493
673
181
260
88
234
175
8
809
708
312
1
170
550
624
9
366
14
209
200
9
86
73
19
54
55
796
52
790
222
632
393
812
294
4
168
88
90
335
359
205
898
460
885
81
657
520
244
750
493
550
127
927
75
898
277
214
250
337
242
197
19
49
82
222
76
148
983
691
25
27
847
8
6
78
927
28
154
283
211
272
927
476
350
330
829
836
16
728
333
23
168
583
405
25
4
440
24
278
432
581
667
561
628
261
106
740
41
352
82
273
689
237
170
637
205
790
326
393
81
189
87
775
41
384
289
985
493
360
646
269
34
297
682
866
24
488
496
18
112
1
109
405
133
436
176
24
135
368
207
700
13
621
58
209
702
689
53
178
75
407
674
4
135
153
159
53
167
807
51
224
19
684
2
25
117
561
516
164
525
422
691
354
811
646
350
561
44
673
607
323
2
908
98
195
11
340
469
420
4
5
64
505
591
547
135
595
138
348
354
725
629
52
310
47
2
855
277
541
22
658
33
109
286
224
818
633
63
15
250
493
123
345
557
355
890
94
535
1
863
987
147
121
117
174
401
469
590
10
381
120
808
849
116
133
61
478
639
673
804
400
148
273
166
391
828
45
349
192
599
80
820
939
121
19
166
134
100
306
9
735
341
791
211
707
17
362
115
188
306
822
608
55
285
447
194
234
6
271
610
55
280
917
57
382
778
15
605
51
426
30
823
297
780
525
893
64
38
468
516
293
909
14
770
492
163
692
283
911
2
96
831
168
273
9
503
55
9
100
106
245
618
996
751
447
891
147
883
763
82
40
89
562
630
571
72
38
55
922
393
265
163
645
140
414
115
13
724
128
770
4
5
769
626
794
15
870
391
228
410
106
47
3
3
35
51
742
302
633
659
960
423
491
900
10
884
201
44
749
201
1
4
24
2
537
420
505
97
25
519
61
615
305
245
14
114
631
654
598
319
240
207
856
98
1
987
588
10
870
906
109
439
16
447
963
478
218
391
167
919
854
979
852
512
985
20
7
566
2
59
6
935
309
332
9
752
78
21
196
158
71
338
129
333
199
140
320
318
4
328
42
124
554
73
409
50
360
14
50
549
346
232
12
891
195
138
599
209
207
6
218
24
631
309
7
7
956
581
416
162
395
766
707
314
124
1
37
69
70
289
987
578
54
63
243
318
914
325
138
224
224
97
105
432
183
1
5
493
5
672
5
67
132
392
783
425
50
93
175
91
914
965
107
390
200
75
934
497
730
761
650
988
2
226
567
531
148
538
19
677
154
381
227
197
52
138
1
82
1
322
912
23
1
923
479
805
980
70
628
722
470
522
7
221
809
52
215
224
934
950
556
171
801
455
183
235
844
13
695
18
918
313
183
9
629
410
778
92
254
124
193
97
802
284
81
784
77
301
207
668
763
181
124
327
15
23
46
425
742
547
228
643
910
299
151
276
21
410
27
168
720
246
449
714
78
928
322
485
515
126
333
650
316
608
913
6
56
149
52
680
60
2
76
237
6
311
18
931
844
850
39
278
595
444
698
744
814
834
951
784
687
584
82
269
706
914
271
2
339
587
103
306
250
101
20
655
291
147
459
225
140
128
859
64
335
155
525
48
7
396
601
215
976
856
158
42
327
323
341
2
684
291
12
987
555
258
1
133
403
193
358
373
782
600
3
41
912
106
32
268
171
32
248
817
959
158
153
870
749
283
207
518
26
119
618
712
15
993
667
141
743
41
874
891
701
14
248
626
488
887
64
819
590
291
297
107
867
348
302
544
341
521
224
195
81
525
392
190
4
72
202
218
898
264
96
40
468
904
233
61
789
470
25
550
729
262
456
114
50
787
61
651
159
517
4
147
798
104
257
205
226
407
611
553
189
928
86
250
249
26
2
366
91
31
296
445
548
45
100
903
355
360
195
271
90
545
108
127
55
454
196
23
614
1
45
9
244
407
833
506
99
244
252
212
732
172
102
389
790
47
917
327
383
279
870
42
299
621
1
12
186
89
55
888
754
550
49
492
189
499
52
947
128
92
93
278
6
9
63
754
30
409
600
215
368
61
849
704
239
17
145
355
408
137
53
741
111
13
64
635
177
608
874
843
22
205
22
998
34
540
31
158
251
72
41
92
685
51
467
990
314
665
1
50
781
528
243
866
965
14
447
281
511
26
511
815
3
482
370
781
93
179
46
3
386
79
133
265
52
54
125
5
326
231
542
313
549
147
345
10
747
66
155
558
96
483
507
855
126
317
401
68
347
188
37
650
118
934
472
342
367
1
144
17
2
120
119
96
707
19
163
672
733
119
110
10
903
438
128
16
644
863
389
80
460
21
80
179
720
717
123
56
109
538
321
769
810
8
559
239
144
40
152
526
28
276
509
952
3
263
295
871
56
704
5
62
509
683
437
663
6
30
581
220
463
150
437
213
911
476
197
263
179
389
815
684
474
78
273
683
705
501
705
315
516
342
295
116
197
900
705
707
278
97
984
545
224
379
278
56
659
157
855
294
1
847
26
898
269
365
64
463
707
196
573
446
259
464
90
9
785
532
460
329
668
519
114
515
695
113
141
641
553
211
205
24
366
24
9
972
251
1
412
286
171
98
479
4
310
3
714
56
916
687
20
933
184
568
26
303
586
593
814
813
27
213
315
337
146
107
158
5
241
83
40
486
486
407
358
131
28
203
196
483
340
278
596
114
39
468
635
18
468
491
237
5
235
110
421
43
958
468
925
593
465
60
90
676
15
350
389
978
130
316
10
347
623
135
104
916
276
624
106
286
6
706
717
18
432
246
228
559
58
91
66
180
308
794
674
113
200
264
194
895
905
174
937
161
338
108
19
26
263
638
108
124
922
46
40
244
255
566
995
526
209
182
119
164
27
951
79
349
790
43
906
99
859
4
333
555
412
83
133
78
458
200
755
145
413
716
506
419
162
448
604
411
492
885
431
39
313
118
544
144
24
86
110
46
138
134
122
80
474
108
3
234
294
317
682
285
304
276
1
439
345
940
335
184
255
124
1
915
16
119
12
173
747
683
298
618
540
42
1
179
205
759
886
51
357
653
627
3
903
55
571
72
258
958
516
18
97
654
491
12
445
505
118
58
148
8
598
94
8
2
8
706
167
153
882
149
764
885
397
380
863
165
70
861
394
149
18
227
73
212
409
319
91
983
796
767
31
440
47
1
942
179
80
331
145
767
24
352
696
799
636
344
295
910
115
142
52
11
926
862
378
790
198
305
6
810
342
307
87
743
598
88
760
37
493
201
258
185
558
14
322
14
489
15
332
259
322
312
979
61
58
895
146
44
383
46
700
150
434
956
116
2
395
994
21
461
902
31
430
12
90
75
968
311
825
366
141
562
58
835
297
387
74
744
2
378
348
519
13
849
889
332
180
608
720
592
250
934
451
156
100
929
253
10
61
264
931
49
247
159
388
235
266
128
360
840
464
238
537
253
220
22
337
796
269
746
287
225
850
570
194
798
111
171
930
5
211
929
251
53
111
1
14
42
392
3
744
96
522
831
324
398
546
335
115
678
53
518
844
558
519
739
361
455
303
864
919
424
25
104
286
606
443
713
535
555
240
487
53
313
999
884
59
847
989
587
684
23
409
755
540
997
173
215
164
180
46
74
59
12
983
138
590
462
394
31
664
797
308
797
750
232
505
702
4
170
922
20
51
623
132
111
8
533
556
150
70
630
387
102
230
608
41
206
612
147
596
889
206
478
54
48
466
76
795
451
435
604
7
541
46
502
13
290
26
82
538
970
83
112
128
558
729
432
17
45
743
122
412
130
384
785
13
948
257
172
332
26
6
801
52
8
927
987
12
681
480
275
670
153
63
229
241
714
148
65
227
25
788
704
89
337
46
556
193
273
953
368
749
153
22
366
1
415
14
6
65
153
62
10
501
323
675
380
482
955
38
908
7
2
270
455
365
538
193
439
282
471
221
721
702
6
654
41
103
90
840
59
780
3
734
922
255
758
718
136
703
804
938
183
264
190
285
129
812
798
444
418
317
224
812
978
169
76
160
920
709
84
935
57
251
324
873
624
592
442
877
709
436
318
755
46
717
12
282
462
460
109
195
649
245
84
58
254
5
291
167
605
103
644
633
106
991
836
115
863
442
116
530
327
140
101
143
38
400
3
383
3
256
110
550
9
590
723
793
314
1
485
482
33
548
649
75
259
4
9
771
2
767
173
921
260
20
871
448
221
748
292
754
19
584
901
11
195
568
356
63
82
43
617
732
472
846
112
1
656
403
427
350
25
32
152
2
60
566
409
897
31
733
34
12
4
212
17
749
323
1
23
902
106
53
523
143
24
107
1
164
1
814
933
15
455
574
68
166
274
225
20
68
368
455
304
201
930
28
74
16
677
221
90
82
4
50
548
338
627
677
55
4
3
624
427
454
957
397
380
72
453
139
9
105
565
962
877
272
936
746
736
624
138
647
123
10
13
385
9
830
355
817
531
434
108
309
281
46
311
568
7
117
200
659
64
200
91
359
15
136
506
666
505
188
376
218
95
56
471
515
468
121
410
16
741
275
965
532
758
148
500
713
242
28
42
518
30
399
15
543
285
283
17
2
427
625
140
356
394
707
225
668
348
10
460
16
439
8
3
2
302
201
399
499
791
9
563
886
233
28
334
371
502
66
416
542
426
41
593
539
172
404
151
852
800
264
24
94
620
122
297
5
367
322
368
190
91
16
902
301
123
65
23
56
123
12
246
25
188
5
180
768
147
830
678
335
658
439
140
558
467
326
517
433
519
517
993
200
653
30
114
824
821
535
510
201
369
2
49
62
212
127
217
628
38
57
657
80
10
511
350
183
13
266
45
72
495
374
40
707
908
12
36
9
74
822
476
673
416
26
663
489
33
296
638
919
969
448
975
260
239
914
302
3
7
508
106
10
805
162
271
883
527
906
3
126
380
313
944
22
322
24
39
34
39
330
259
873
494
21
161
342
5
338
868
38
447
54
503
806
793
16
943
547
321
374
593
27
69
615
517
619
5
609
831
655
284
5
798
519
132
20
23
45
507
106
485
38
207
3
36
981
28
171
45
743
255
356
525
131
35
335
465
56
691
618
8
131
178
352
1
609
105
124
793
997
31
720
137
597
4
491
22
6
47
6
4
933
950
228
11
1
252
79
28
292
43
507
19
605
921
748
56
334
195
413
513
125
352
488
961
99
166
199
712
149
344
25
654
462
28
133
716
186
154
633
875
111
502
201
835
81
238
392
221
103
439
482
376
675
466
4
535
34
854
10
15
68
159
640
426
88
737
6
412
637
295
194
424
168
662
2
366
128
903
130
57
317
435
82
743
348
26
757
2
906
320
254
841
310
11
1
701
511
77
183
619
159
977
385
118
244
531
3
463
15
329
28
851
2
612
234
172
938
1
632
623
93
669
157
176
43
932
289
166
5
674
32
896
879
5
513
192
645
881
21
919
193
16
50
370
17
11
35
543
267
1
923
2
123
360
148
152
29
217
35
203
9
674
234
544
946
348
380
826
158
351
891
5
1
170
341
138
133
26
100
826
142
466
100
221
112
908
992
464
60
99
25
809
29
3
610
932
7
7
725
36
7
835
643
395
167
109
182
18
157
999
179
855
44
723
75
121
88
324
274
173
191
128
49
760
28
20
272
427
744
575
397
216
262
894
420
340
8
526
15
184
22
83
682
89
634
698
25
442
268
221
818
827
92
34
622
397
274
931
275
145
546
193
276
193
472
571
909
47
4
533
851
7
8
186
302
604
165
343
184
596
57
934
11
40
946
19
257
3
261
476
688
146
183
33
355
270
215
15
727
948
457
333
29
207
364
36
547
10
5
254
763
1000
19
276
253
189
125
177
700
72
922
90
231
7
556
364
42
107
592
5
534
1
335
518
294
24
241
737
278
55
38
50
531
656
588
452
758
321
66
642
47
829
240
150
144
167
353
973
805
8
500
92
433
295
12
401
144
77
260
205
805
822
37
220
111
407
257
9
40
885
11
564
87
231
25
485
341
370
745
746
411
314
63
10
678
350
99
17
19
121
90
2
280
372
895
965
605
205
30
13
632
177
774
28
1
588
851
174
470
690
17
595
206
26
52
908
180
3
2
483
20
198
363
36
10
876
212
438
327
333
953
24
940
144
748
236
294
304
9
173
703
659
41
1
465
101
258
982
778
445
364
847
64
36
1
23
31
17
293
752
48
161
460
215
726
444
406
38
69
157
140
73
171
69
323
184
507
147
66
176
434
26
223
822
90
542
35
626
89
150
525
2
341
383
406
50
940
922
173
370
585
14
344
888
418
441
40
40
292
925
241
5
113
705
251
549
992
443
472
733
206
213
903
17
910
744
821
496
119
854
713
368
727
294
678
416
366
496
72
2
960
384
303
156
880
531
371
410
151
144
19
546
724
477
924
323
167
9
847
10
68
90
99
23
11
624
116
82
286
22
6
28
445
95
223
66
614
79
604
395
694
200
156
256
869
436
10
71
13
180
136
439
7
754
117
225
645
57
443
444
700
468
34
495
624
44
387
519
386
164
858
56
46
868
834
352
849
258
7
294
232
95
67
927
8
512
276
625
324
193
35
247
381
881
5
957
9
5
52
15
703
105
303
888
80
104
375
491
5
57
854
373
152
707
331
20
124
1
701
269
70
12
38
904
498
702
9
748
411
1
178
133
423
730
187
825
1
165
141
620
902
215
54
80
46
8
451
548
125
980
36
481
153
50
92
638
26
722
68
2
142
596
519
308
268
438
214
73
267
258
432
59
291
285
808
952
42
3
433
624
476
323
281
331
41
15
149
865
39
45
212
286
277
197
11
628
33
150
972
484
744
18
119
994
872
298
558
11
555
64
636
50
115
968
14
5
88
116
606
749
284
200
91
987
5
543
91
261
31
108
574
22
54
703
307
3
222
197
719
84
217
14
1
74
462
60
67
723
56
410
43
641
99
12
682
953
216
158
476
662
10
778
575
111
121
124
75
429
714
65
136
10
97
491
186
15
748
8
88
184
58
117
261
240
205
901
997
89
601
792
46
3
938
4
674
379
83
12
11
752
907
143
379
694
514
751
349
931
337
471
72
595
55
238
15
174
143
473
232
30
558
456
2
4
33
92
670
738
789
125
173
122
875
685
467
199
1
298
768
206
874
249
629
118
324
220
333
173
828
12
275
314
446
745
736
365
652
403
572
56
892
688
113
898
135
316
478
3
13
17
375
53
12
782
944
552
462
518
645
172
98
178
776
858
440
998
718
36
998
159
850
610
612
80
55
502
210
6
376
799
17
231
664
706
964
741
546
353
369
660
136
2
1
37
10
537
262
37
92
421
119
544
388
8
168
86
96
328
261
936
80
837
778
991
22
173
212
48
641
532
239
1
833
887
110
488
53
493
945
145
569
137
26
103
453
15
178
521
353
176
905
998
24
7
92
423
38
961
550
64
592
567
659
98
958
82
90
128
185
905
443
500
601
430
2
905
239
934
331
150
309
51
76
304
100
234
215
998
358
888
52
8
570
863
611
13
14
380
10
465
680
321
120
3
201
275
66
320
6
261
4
491
308
886
97
189
698
866
65
432
250
829
666
6
751
299
85
581
669
659
457
9
236
72
394
926
371
220
146
9
73
385
769
691
188
316
825
647
765
343
3
566
367
333
15
100
9
708
723
708
186
474
484
1000
517
310
91
985
395
130
93
293
400
106
577
990
208
739
3
138
85
387
953
65
305
541
7
283
40
7
585
9
18
534
187
319
121
544
707
151
380
6
91
401
450
100
176
59
73
791
782
150
520
766
553
19
5
11
79
511
415
880
694
373
940
792
134
25
12
22
210
584
352
721
361
848
113
981
651
524
44
822
6
928
22
120
935
5
44
667
565
113
127
703
4
41
365
147
257
138
689
258
243
132
3
130
5
197
956
99
380
37
777
202
508
147
936
923
664
73
946
1
205
52
464
25
840
91
34
40
107
433
944
10
595
665
384
770
119
217
111
138
509
5
149
1
419
43
879
134
408
740
246
276
608
2
216
989
187
671
126
41
864
325
516
414
7
129
68
82
148
90
1
169
42
45
345
69
160
127
650
1
202
822
960
682
489
280
438
642
130
436
332
635
263
49
5
100
112
703
726
217
20
627
81
36
707
865
6
459
399
739
167
64
159
6
955
373
888
838
82
193
32
14
85
267
290
294
103
27
24
125
58
132
232
380
128
378
238
376
274
88
332
237
280
281
423
44
754
18
231
758
144
129
154
82
473
34
11
324
176
227
504
341
724
288
62
532
185
203
102
53
821
258
20
733
407
142
208
362
970
272
88
2
17
21
281
454
7
155
170
272
417
260
111
573
737
35
72
922
348
132
27
955
988
988
415
589
810
134
67
85
194
358
162
85
764
122
861
388
162
72
283
384
133
96
13
438
164
944
1
275
159
122
540
69
584
107
37
273
436
476
457
234
596
442
35
64
83
84
487
25
72
245
800
86
371
862
667
603
146
862
55
554
837
93
295
410
645
298
306
550
795
46
843
882
785
191
1
2
363
9
27
360
442
546
939
140
650
610
276
22
968
364
27
13
315
746
196
611
82
819
14
95
75
143
23
182
326
868
13
540
783
201
143
101
257
2
140
156
490
560
286
239
234
39
2
11
129
48
93
747
164
99
498
679
115
5
942
228
2
218
141
186
530
3
328
19
176
37
788
417
468
83
363
50
391
118
451
136
619
143
551
851
8
6
480
537
239
2
882
47
718
42
50
55
312
79
323
141
1
14
69
1
2
577
400
89
120
8
437
813
8
576
408
298
187
159
50
798
158
953
403
23
592
534
954
151
85
389
129
46
954
68
662
611
768
710
522
133
702
1
543
24
759
106
291
195
873
34
1
679
162
20
650
662
19
480
140
852
244
53
610
386
120
870
460
760
73
27
256
850
189
864
415
1
15
677
41
734
33
988
338
121
4
368
91
367
108
12
5
129
65
80
652
374
595
184
540
236
97
393
766
26
281
250
77
483
104
187
620
51
3
31
5
343
12
674
872
299
330
307
119
45
128
26
16
438
52
262
990
688
498
914
44
36
19
99
50
30
47
980
6
392
928
230
150
8
81
549
601
519
829
161
117
5
655
976
18
725
17
420
542
41
178
371
10
77
132
168
163
915
339
771
59
48
269
266
549
363
119
125
41
661
184
333
409
846
884
25
480
41
338
60
281
646
76
438
464
522
737
303
531
623
61
6
131
22
293
733
914
206
96
66
93
803
7
110
99
369
266
781
712
796
174
247
172
522
11
207
92
25
563
68
939
97
660
486
735
583
66
229
525
693
145
483
285
234
66
482
553
107
706
626
10
334
45
558
130
9
1
240
118
68
572
695
496
524
156
80
959
284
682
29
317
814
40
221
2
26
263
108
694
2
59
262
913
372
117
167
459
954
539
694
883
771
788
50
309
263
10
488
465
56
132
74
121
740
570
138
217
929
859
218
115
745
718
81
43
532
560
338
47
440
709
54
671
33
531
474
914
269
516
244
959
40
7
12
262
862
166
138
182
245
672
15
142
132
124
313
114
5
845
22
620
312
255
15
592
65
254
180
899
74
920
42
770
525
1
1000
466
900
484
188
346
34
206
681
309
197
729
616
742
431
41
196
984
767
985
37
187
395
634
45
39
3
91
815
207
8
115
218
443
766
20
186
633
625
876
415
807
859
1
59
599
764
12
709
518
2
121
599
84
247
776
29
482
31
966
84
144
277
8
358
53
180
1
307
529
24
264
503
2
109
209
974
844
285
544
894
806
868
246
205
566
427
544
649
500
407
31
705
111
323
966
104
229
348
9
641
540
374
80
63
265
369
509
287
101
88
87
209
114
180
506
407
201
7
331
216
743
100
152
279
837
23
27
666
297
242
31
1
330
663
361
418
5
22
331
951
245
76
272
25
495
3
6
890
237
769
109
254
139
191
30
1
209
282
610
67
866
240
764
613
138
96
321
425
1
604
473
610
308
182
55
430
179
176
843
892
479
198
18
138
509
22
16
835
61
6
431
4
18
543
795
655
610
25
132
28
988
174
44
128
222
595
696
116
44
532
293
17
713
322
364
391
341
962
4
677
922
511
682
57
184
455
43
476
88
5
180
176
145
16
23
916
1
556
31
46
739
4
330
246
109
129
326
800
771
252
995
338
43
171
377
44
953
672
65
27
445
388
8
657
63
456
839
7
251
927
1
24
978
612
110
156
115
176
51
197
486
249
929
489
77
54
558
845
172
580
34
301
981
114
347
16
1
182
213
18
296
679
133
999
861
221
8
45
309
266
960
357
291
376
26
51
385
118
727
138
342
975
141
26
507
149
347
920
621
843
126
130
8
605
790
542
1
85
173
469
729
1
717
869
106
411
735
428
56
48
839
47
68
726
57
747
796
487
619
4
561
74
312
595
162
899
318
908
276
754
701
724
948
579
899
591
824
7
167
501
369
777
408
79
963
19
100
223
582
94
502
70
555
99
828
64
31
78
176
76
431
36
602
194
482
5
551
853
615
42
91
926
305
34
813
48
55
670
222
666
626
941
373
734
383
472
354
151
349
640
867
5
55
630
494
506
89
546
141
268
758
1
1
575
532
745
12
854
141
209
372
232
10
498
298
7
798
477
161
305
182
204
155
240
281
7
424
495
587
5
597
3
166
458
219
874
484
173
365
207
168
571
206
769
949
111
29
62
288
363
821
9
117
253
236
86
240
485
444
218
296
7
650
101
994
80
703
194
168
204
397
1
172
296
232
141
129
221
190
349
948
32
853
246
689
846
291
40
246
164
512
882
337
3
873
963
22
98
136
74
3
30
30
993
352
204
395
254
38
124
73
605
130
959
517
8
624
788
218
291
444
39
619
2
284
294
730
292
20
228
997
131
245
836
532
211
570
101
37
830
257
285
553
458
407
240
20
6
82
92
241
793
195
262
598
893
633
761
27
338
799
620
70
150
803
285
736
421
510
466
767
4
137
260
150
441
56
238
281
5
486
1
86
876
591
207
78
200
536
857
76
336
323
830
45
115
29
675
109
788
212
49
33
704
682
467
642
25
55
11
389
171
445
47
814
87
249
65
131
806
916
3
722
90
788
945
110
67
721
889
484
535
306
7
16
19
382
1
875
65
66
265
91
253
708
48
262
119
152
221
47
775
191
5
82
549
88
59
170
5
851
344
88
74
810
44
479
372
737
121
928
536
113
4
665
759
342
836
307
597
206
750
700
26
410
135
483
581
209
19
42
279
478
654
928
511
37
96
179
680
144
65
541
718
247
673
808
17
645
24
29
750
671
260
975
622
761
8
596
626
140
121
6
210
400
353
101
42
21
374
103
7
264
161
168
393
44
868
209
684
48
367
513
22
757
50
53
888
375
762
382
7
136
166
73
116
458
81
21
145
410
61
359
221
615
406
928
328
662
685
534
905
307
30
952
330
908
373
140
6
476
660
128
745
493
82
244
705
977
6
953
995
413
933
348
236
3
381
10
182
75
790
234
465
63
307
30
120
167
79
706
998
55
86
188
439
3
128
141
89
957
982
182
777
305
385
336
399
1
63
14
480
509
465
515
730
347
13
3
1
929
278
760
4
318
103
755
298
128
760
35
483
10
971
362
88
5
59
903
138
155
93
76
701
247
81
542
23
24
960
292
171
29
818
290
734
920
815
255
493
112
460
7
27
913
91
238
281
117
192
127
130
819
99
932
46
989
98
724
97
127
608
3
4
450
264
2
35
453
4
202
637
95
279
747
197
2
93
541
161
556
973
29
31
2
779
70
14
260
149
47
464
321
449
145
22
223
253
333
365
188
431
426
37
659
765
942
54
831
191
192
320
37
89
475
628
259
758
890
374
169
229
183
306
97
60
487
94
17
604
73
199
277
17
6
123
13
10
273
38
159
140
2
164
966
481
370
75
329
419
87
34
179
586
120
2
503
262
335
117
632
802
962
463
5
63
993
202
365
487
338
35
759
669
632
923
624
101
206
14
2
530
117
64
645
48
214
5
191
71
229
45
44
153
69
624
632
22
187
893
485
709
366
336
94
358
18
227
449
275
500
840
20
281
964
303
286
12
257
263
11
49
229
653
98
235
2
24
915
108
736
999
31
44
202
20
359
361
72
243
861
233
200
563
594
615
100
891
18
822
384
22
942
102
22
37
995
359
58
632
522
13
100
118
801
132
873
211
853
206
320
657
9
1
201
494
321
328
443
37
93
31
927
43
15
8
5
266
671
912
8
27
624
693
12
894
218
853
39
376
681
439
129
661
695
23
3
386
32
221
48
81
3
380
940
19
471
799
106
370
51
208
81
737
26
587
880
868
814
307
29
265
673
441
8
924
245
29
717
307
543
18
4
161
828
101
54
385
53
16
385
1
145
649
8
460
456
106
625
38
314
38
472
8
319
977
9
65
34
507
996
944
167
128
250
619
355
766
633
926
844
36
288
137
1
2
620
681
115
357
621
522
7
346
341
5
302
194
894
943
41
760
193
174
541
776
744
69
61
1
631
763
180
5
91
671
40
10
310
7
429
152
939
672
330
604
137
974
13
992
708
710
155
284
816
123
261
83
101
364
188
10
245
20
831
1
408
353
786
968
176
325
692
34
711
84
950
409
57
232
403
271
671
684
363
301
477
397
440
189
925
16
140
34
373
54
48
716
9
492
210
251
888
659
390
67
10
324
248
3
965
199
499
109
816
129
224
315
402
666
276
10
454
153
407
459
6
109
374
697
1
845
782
5
66
106
77
304
13
645
408
35
70
89
359
57
242
425
4
138
42
325
3
787
551
56
7
111
998
30
446
429
745
336
781
138
590
1
17
765
50
19
439
150
246
33
796
190
658
43
590
153
974
737
322
957
3
155
285
7
618
344
554
979
115
790
4
622
473
152
30
6
49
21
781
642
46
814
333
210
407
614
49
2
869
53
393
130
699
816
454
224
789
171
17
221
782
230
401
5
170
107
737
101
37
335
67
8
748
142
99
91
687
37
912
270
305
346
643
178
239
81
478
1
326
169
370
213
159
647
68
354
529
204
49
5
155
827
474
268
684
253
211
220
893
50
768
393
815
222
975
25
169
299
31
202
783
2
256
8
40
835
946
858
998
981
132
386
41
155
401
810
123
266
288
64
584
16
551
833
29
925
88
305
100
513
62
145
96
80
41
848
101
894
242
696
4
166
53
920
401
459
99
110
824
165
921
898
57
28
19
2
945
501
362
326
59
376
183
979
5
648
152
631
793
651
332
142
724
183
234
245
54
938
152
14
143
451
44
736
325
482
29
238
795
982
987
485
135
246
4
21
801
352
56
755
236
173
82
443
950
493
31
54
239
102
766
243
401
4
221
33
836
47
900
337
15
185
246
591
57
56
187
312
943
813
175
568
396
868
227
26
705
946
11
205
818
184
2
876
929
12
743
111
1
134
602
213
619
1
412
850
266
258
187
7
661
942
672
996
144
454
792
85
588
734
472
46
47
35
26
424
360
1
12
700
105
1
43
18
976
725
145
4
611
798
814
988
11
5
476
164
536
580
94
223
815
868
212
10
898
514
1
604
2
60
48
717
264
1
780
31
137
82
4
85
985
8
175
9
569
688
399
475
774
47
257
30
152
389
897
69
654
330
273
378
206
628
413
38
105
39
905
445
353
120
122
495
9
6
31
571
740
138
344
36
260
287
141
849
206
752
116
233
612
446
2
222
192
690
830
673
479
659
741
788
839
183
3
422
243
99
142
290
626
659
928
707
444
800
112
72
87
371
41
610
122
169
340
62
13
49
38
295
145
443
493
24
369
42
261
51
924
848
114
39
90
599
119
124
37
387
91
629
558
928
107
308
62
10
705
1
662
131
1
781
771
278
791
301
256
16
24
78
487
33
276
740
438
18
276
349
96
107
9
389
24
970
765
72
664
602
689
966
46
969
270
633
87
482
23
979
14
147
351
32
197
746
352
554
91
530
1
32
612
120
103
59
69
931
244
431
638
114
239
452
53
23
433
40
231
727
130
92
921
422
44
248
5
735
44
510
381
482
708
56
407
665
543
235
271
288
637
348
671
117
941
512
953
336
885
146
48
247
57
103
209
220
502
447
1
845
282
235
416
539
161
766
24
2
829
275
451
306
12
739
18
536
15
983
418
915
16
31
653
586
140
99
368
283
816
4
985
682
538
68
403
580
885
431
751
529
275
910
462
19
10
644
874
569
227
488
101
19
685
248
98
145
391
10
21
812
189
996
215
969
51
4
254
524
99
320
127
102
608
7
1
365
13
17
12
50
57
1
207
192
6
422
119
86
728
151
927
206
270
127
567
7
28
878
368
274
698
3
4
264
24
201
593
64
147
21
14
704
243
92
236
513
798
485
288
102
266
265
4
448
392
206
738
235
19
14
489
162
175
186
4
57
1
512
218
4
1
618
19
12
765
236
46
501
29
705
268
503
463
464
795
188
715
138
809
3
586
162
12
67
125
805
630
159
370
714
118
20
301
4
8
1
552
11
16
328
935
291
5
468
181
71
856
426
710
349
557
69
186
561
450
80
151
244
653
57
52
158
40
38
58
259
661
135
847
606
310
139
264
377
493
9
19
151
460
17
372
352
385
20
1
12
342
279
999
80
94
22
200
563
124
117
366
459
858
150
1
52
4
283
188
14
103
580
30
7
46
272
250
384
309
600
15
79
699
206
84
644
4
243
974
52
540
482
923
242
68
749
251
10
37
34
370
216
136
26
114
354
53
67
232
14
4
293
271
117
271
888
391
58
551
973
442
292
74
96
301
317
29
83
472
26
9
696
3
47
15
984
137
52
48
24
241
20
5
4
130
996
948
439
787
24
392
157
212
234
889
81
1
618
5
5
708
731
141
598
181
20
61
997
178
150
185
1
287
214
611
793
447
208
309
116
106
417
39
923
3
593
568
143
34
570
609
223
888
430
855
229
92
928
811
419
620
973
32
1
573
625
768
920
712
209
736
937
750
745
831
41
48
462
804
609
55
125
13
26
13
131
445
987
568
169
1
578
576
627
109
853
129
6
214
471
423
79
840
140
20
108
70
844
11
622
145
113
6
290
379
7
61
3
930
819
916
476
133
636
264
898
745
149
440
18
358
838
903
189
85
387
104
23
867
63
6
16
1
22
240
176
30
75
410
257
269
376
1
378
852
770
161
160
10
556
408
250
178
684
797
8
26
368
49
932
924
455
72
993
147
178
101
868
258
943
74
384
406
616
311
946
54
31
61
4
458
298
117
111
679
500
874
517
224
406
11
140
635
31
263
231
783
85
46
191
33
28
265
7
8
247
453
292
5
358
1
761
552
420
242
465
22
6
375
3
920
474
251
52
57
920
385
509
229
418
94
23
221
184
949
883
160
183
1
346
74
137
918
31
853
47
88
602
844
392
365
40
782
181
685
831
19
663
459
885
891
97
34
131
902
77
313
7
801
334
51
408
816
203
93
537
643
889
143
781
1
216
4
35
791
180
11
59
164
748
353
60
717
209
378
567
3
274
66
47
174
231
913
412
229
88
20
37
76
961
604
499
541
240
1
94
64
336
392
602
334
274
10
37
54
440
505
51
356
656
370
358
270
963
945
949
26
642
413
151
609
210
560
132
33
381
170
952
73
284
2
578
181
844
741
377
79
351
913
818
259
42
25
833
595
308
699
878
36
911
28
409
931
50
23
16
428
193
91
648
17
47
19
448
680
704
828
72
182
380
517
34
447
214
577
1
971
555
5
249
55
489
258
672
136
621
586
241
295
289
61
900
1
179
11
818
738
143
976
696
409
980
158
166
36
155
983
895
336
21
481
509
297
293
113
350
155
642
290
370
140
26
248
4
111
2
77
326
78
59
287
20
12
1
939
347
464
648
382
6
31
40
183
693
84
614
826
199
164
76
882
485
863
697
23
27
89
81
123
2
82
2
1
227
79
30
708
285
572
56
2
34
171
233
360
315
58
10
1
482
5
199
120
141
496
27
772
694
726
3
72
406
53
416
159
430
956
12
252
83
564
203
179
321
279
174
251
410
176
94
616
2
852
999
36
18
78
711
838
198
61
37
75
349
153
347
28
829
154
570
7
395
836
561
226
383
505
15
952
351
568
354
70
40
209
74
522
10
320
8
58
130
615
727
237
434
747
26
646
877
970
24
176
432
1
71
2
215
28
387
183
53
469
7
350
453
679
990
519
16
360
128
893
18
163
23
189
300
706
19
242
693
306
819
404
19
460
642
775
33
934
144
735
486
195
107
505
89
102
244
791
816
133
246
2
960
114
950
279
7
347
62
6
62
677
436
208
387
6
206
976
35
1
746
389
986
51
60
240
30
91
278
682
27
71
875
792
132
803
678
212
256
61
225
68
738
120
303
222
435
703
777
328
616
269
351
7
98
449
789
458
518
44
10
425
294
200
466
317
4
216
702
305
21
485
4
13
343
84
227
593
6
117
131
222
15
1
205
67
42
12
949
60
2
177
1
57
197
976
869
331
4
100
776
118
14
2
293
2
207
327
47
515
624
83
370
872
406
674
75
165
91
121
131
212
219
1
580
931
265
476
587
62
507
890
394
162
57
650
120
177
22
4
98
389
397
926
487
336
79
36
698
38
232
112
810
31
938
392
100
4
839
604
563
657
2
582
870
617
534
553
149
119
783
478
23
175
423
158
891
4
62
452
7
629
261
368
16
9
726
84
222
753
255
713
142
36
370
180
726
47
502
542
307
401
161
427
121
138
59
221
447
947
992
5
115
27
6
758
185
49
1
800
335
597
463
69
964
70
559
146
160
911
137
533
99
433
504
1
843
180
782
68
437
635
376
6
7
43
796
691
869
861
687
6
551
768
13
233
106
365
10
103
81
39
416
959
503
8
914
676
531
610
515
61
45
93
33
163
730
37
142
16
192
489
18
739
816
274
854
837
610
998
301
457
21
670
82
11
820
332
1
67
223
432
442
171
53
1
44
412
457
852
58
510
45
47
304
828
876
919
241
528
9
276
636
124
257
834
9
76
148
51
313
918
707
196
155
73
578
268
406
869
8
2
92
639
663
243
57
268
872
914
13
287
2
683
499
19
104
385
612
766
228
489
43
292
88
454
40
149
179
342
713
683
49
673
717
104
15
330
15
11
163
234
5
12
7
9
635
230
115
590
210
555
468
4
754
23
377
7
83
96
133
705
680
879
919
497
188
163
545
891
247
16
94
110
598
27
104
969
978
1
749
354
934
43
400
611
567
9
437
168
184
67
64
814
49
166
242
681
593
4
308
802
498
137
14
396
209
141
3
2
763
114
59
652
994
831
506
543
860
104
879
24
131
314
63
317
161
915
735
560
152
143
395
246
731
239
763
198
5
713
170
6
432
492
1
901
25
2
1
15
193
440
32
248
805
843
274
793
213
18
489
9
3
499
212
143
244
813
171
38
255
214
121
438
271
784
4
321
934
75
547
162
356
19
453
930
3
234
597
12
988
15
436
411
187
764
17
13
39
2
923
132
491
71
280
186
112
682
84
49
615
93
6
572
267
2
24
217
702
191
8
524
291
43
619
273
263
471
53
84
123
935
622
108
321
556
465
60
699
306
176
456
691
465
934
546
106
11
1
855
741
1
34
22
592
44
924
136
347
532
606
44
62
598
447
130
258
20
15
566
735
349
246
244
570
123
16
327
12
1
227
8
1
454
690
17
92
320
525
736
959
902
808
60
182
725
21
99
596
847
751
581
400
468
178
533
359
965
1
644
189
6
636
237
8
6
493
341
539
136
199
158
135
184
122
440
14
97
551
10
811
6
68
247
82
14
235
136
462
180
69
741
180
733
57
3
783
938
13
50
146
88
517
214
350
5
45
609
31
44
230
12
116
92
432
206
262
234
1
142
15
118
687
714
136
365
137
123
273
840
585
21
922
805
35
542
273
2
48
337
18
800
159
88
106
304
124
128
175
259
474
52
71
542
998
793
747
49
3
354
37
12
607
790
40
291
61
82
431
390
344
1
454
571
883
864
206
22
725
18
556
257
734
733
8
834
159
475
625
101
15
178
30
69
346
263
176
7
495
297
118
314
115
67
989
263
218
786
831
41
672
432
218
4
30
649
874
233
704
43
575
104
241
367
476
535
133
583
637
476
94
2
355
138
252
466
334
468
417
889
12
380
654
502
927
486
93
910
251
899
407
113
437
212
49
14
205
4
839
208
8
538
218
362
247
583
544
990
28
722
848
391
84
549
41
950
858
3
214
552
239
402
547
681
465
123
92
160
66
379
197
148
713
587
64
29
223
95
37
640
789
953
616
879
105
241
570
351
465
249
141
135
423
472
51
740
17
46
307
128
6
42
510
492
496
979
65
929
69
926
753
574
545
742
544
5
285
34
14
388
721
666
590
350
10
885
288
88
854
334
224
166
483
801
28
51
217
53
92
800
379
315
420
922
13
101
914
657
625
963
130
910
573
97
129
194
307
101
475
155
983
85
896
361
756
801
206
394
282
46
901
287
8
19
127
188
742
411
420
202
322
37
31
297
149
791
545
871
40
1
64
655
166
999
246
403
785
57
150
378
529
419
509
568
532
9
102
902
277
519
99
669
548
2
825
9
309
24
645
28
234
13
447
498
65
222
297
305
6
70
97
321
1
863
180
2
4
63
494
733
208
269
46
272
824
781
63
261
708
258
5
859
566
467
257
520
881
177
177
54
748
116
362
5
462
51
13
441
380
86
176
545
12
48
943
134
143
194
514
643
55
316
170
158
358
383
65
46
54
324
188
764
283
484
989
776
58
982
366
184
126
591
911
143
715
1
571
765
435
410
103
33
906
962
10
279
641
5
329
170
87
19
35
187
56
198
186
725
532
376
654
533
1
866
500
6
3
537
48
186
8
236
975
584
210
786
628
28
2
8
472
227
8
6
93
225
644
587
337
108
737
793
48
208
4
233
684
2
821
501
400
394
921
752
601
740
160
464
485
21
635
61
8
12
327
825
255
925
135
230
313
170
412
528
36
760
76
240
5
15
831
453
847
125
1
42
21
708
14
76
64
405
536
843
347
868
43
29
518
371
404
14
2
745
938
303
567
197
442
980
78
902
4
874
38
40
793
297
633
225
505
299
39
210
109
354
35
160
813
48
132
149
32
82
423
174
422
198
129
45
670
71
220
732
191
249
54
40
944
315
520
495
747
415
9
200
149
590
32
240
358
527
77
834
655
284
966
284
29
544
39
543
269
293
806
3
54
383
14
3
52
23
95
323
281
52
201
36
585
26
617
2
621
10
7
317
127
209
603
336
294
127
15
2
366
250
116
116
410
254
472
290
152
521
42
106
933
16
1
617
227
701
86
567
7
777
800
656
245
39
124
810
6
77
729
80
154
29
200
428
154
101
62
717
665
97
961
1
469
449
20
414
134
359
918
345
6
3
4
11
206
60
302
10
72
693
18
160
142
570
962
383
252
319
776
196
4
736
407
909
231
125
376
2
990
453
144
736
1
181
571
34
318
260
726
542
49
302
271
155
463
451
869
111
810
9
450
341
650
260
310
472
817
39
23
456
250
262
711
343
171
41
427
171
111
859
574
201
649
683
241
3
148
669
4
893
695
447
87
353
214
781
781
60
38
846
621
23
944
196
13
689
886
562
103
6
602
201
800
306
778
469
61
93
975
93
7
819
19
398
806
5
136
6
658
969
380
573
1
818
5
972
378
90
968
364
204
467
573
234
206
132
172
66
5
511
954
68
735
507
156
10
329
370
387
307
721
549
31
21
204
90
818
677
177
919
78
27
525
955
404
127
121
19
329
127
102
471
425
148
6
15
306
438
679
383
157
48
323
190
3
16
643
673
180
33
833
468
777
680
257
387
656
78
523
233
759
189
180
10
977
237
818
1
580
742
166
570
2
452
62
591
81
457
984
160
855
518
655
55
911
58
680
37
903
272
46
344
21
77
161
227
504
319
433
644
14
210
723
420
395
191
345
209
122
7
223
914
7
990
79
29
272
67
20
353
838
215
530
495
37
447
112
166
404
317
1
749
939
832
934
685
242
619
9
312
125
27
963
297
450
21
190
586
817
556
927
442
38
209
132
74
243
48
795
370
89
242
242
178
432
995
129
960
130
579
318
904
586
290
716
243
527
768
242
26
293
532
14
436
660
240
185
777
10
352
20
878
124
157
579
437
92
170
60
579
827
461
574
313
251
55
187
92
41
53
494
346
76
893
32
35
1
566
20
206
47
725
838
5
52
19
55
227
355
486
2
9
143
686
4
983
153
18
422
183
882
9
109
693
573
875
526
564
97
64
710
298
8
97
15
2
892
165
506
252
414
382
404
2
3
705
18
203
408
712
216
456
427
66
196
341
49
353
329
843
496
37
308
395
502
308
616
936
659
380
688
310
156
970
543
404
6
26
152
378
247
378
733
479
1
472
604
478
3
660
248
392
282
15
7
62
272
664
16
155
456
221
449
52
961
217
662
505
404
221
232
239
868
690
52
415
74
479
37
823
527
2
42
160
309
174
71
457
770
562
209
360
394
207
642
170
152
3
334
51
119
8
298
830
215
83
259
1
21
436
436
8
52
813
359
483
173
17
11
206
972
190
166
432
93
62
490
161
65
787
312
444
557
54
423
4
342
938
557
737
116
215
696
7
256
58
4
504
449
635
128
307
166
5
580
461
76
19
57
1000
352
169
486
145
822
37
3
342
173
101
636
960
515
944
769
389
88
873
95
19
348
778
569
576
6
987
281
573
26
860
461
339
937
51
225
189
164
631
138
526
308
3
585
23
939
14
112
674
116
17
228
10
599
554
243
969
13
244
130
723
825
243
431
539
645
312
61
67
247
309
127
589
136
9
722
594
500
10
686
49
618
82
600
345
370
57
11
296
993
525
183
870
4
43
451
396
635
1
495
1
954
285
866
918
619
44
331
193
460
1
809
1
21
154
7
302
33
749
709
285
212
335
142
153
132
788
87
48
135
676
408
838
42
57
86
353
156
979
974
64
83
738
29
197
271
189
319
94
688
192
28
49
207
204
51
18
124
993
334
508
238
4
19
86
184
871
138
86
198
419
61
255
531
968
618
525
222
526
232
375
602
641
15
680
319
648
402
476
204
21
11
60
59
285
65
878
308
95
65
241
720
77
107
166
637
129
631
456
6
30
320
546
592
984
199
367
205
758
398
560
668
975
216
5
447
299
396
439
215
32
75
83
338
558
468
107
683
653
340
834
45
313
902
64
13
139
641
642
271
611
386
472
760
11
254
166
430
5
509
678
322
231
100
149
555
851
463
85
771
594
79
466
319
867
688
999
329
64
381
307
235
178
853
12
9
289
54
904
871
843
976
748
355
113
11
310
517
55
931
913
18
386
15
213
24
189
40
595
52
905
75
32
61
951
937
933
676
221
894
400
169
54
176
75
710
755
662
671
516
52
33
7
456
260
281
66
454
75
808
1
109
800
637
109
7
412
289
12
18
23
349
801
31
133
127
568
351
208
328
776
341
98
277
606
959
826
540
145
362
124
352
411
143
7
2
238
97
904
129
628
776
499
819
19
672
656
986
103
959
676
20
82
154
589
646
599
336
369
211
62
793
92
433
671
4
1
825
351
333
627
239
143
7
93
557
322
778
329
831
611
645
430
3
37
119
531
1
370
710
101
373
18
399
838
990
704
677
990
177
380
493
598
142
198
307
377
125
303
155
106
437
299
31
580
692
99
16
672
14
324
939
22
690
13
478
830
57
125
225
304
359
188
42
115
870
765
915
228
547
33
377
11
550
807
305
125
698
450
108
319
852
392
326
549
559
469
34
27
49
25
699
69
270
461
399
632
169
827
777
49
380
210
77
597
380
794
771
84
421
6
373
106
754
811
4
237
930
11
6
247
284
326
966
52
992
153
535
695
441
854
523
22
74
975
422
18
847
871
735
569
643
153
4
524
711
160
333
277
202
962
113
7
2
8
209
387
627
673
366
470
436
184
224
290
81
501
495
145
509
540
407
878
469
701
487
442
643
956
35
557
46
953
182
97
382
814
152
11
794
14
191
482
4
841
861
470
746
5
134
490
249
464
947
639
27
91
9
20
661
594
1
53
68
40
8
970
38
768
528
200
18
38
961
572
739
13
208
560
508
22
934
213
114
833
131
112
483
94
337
338
554
159
739
68
402
21
10
563
78
829
194
15
677
666
102
424
350
34
216
262
839
31
174
537
93
28
970
2
2
12
259
33
100
976
910
387
33
846
143
322
244
707
300
362
30
428
4
572
253
574
277
424
387
386
613
367
306
244
3
768
74
800
67
6
121
850
532
77
788
3
969
398
714
40
906
82
594
443
118
316
13
266
234
379
109
43
579
236
338
735
568
53
692
200
95
9
123
128
75
2
139
79
805
591
16
457
379
98
973
151
491
523
78
473
243
692
8
213
2
252
16
31
538
13
2
2
667
975
142
13
523
1
734
31
294
327
481
12
19
7
12
167
121
11
268
58
173
145
169
308
438
84
197
9
345
680
149
159
424
31
662
24
1
41
922
260
46
503
724
18
187
706
556
357
792
334
723
44
17
17
507
51
1
55
843
188
515
221
5
630
1
931
869
57
440
31
326
75
368
685
745
125
321
222
692
2
98
32
879
613
238
164
372
849
707
6
797
539
515
1
736
180
388
42
66
735
600
463
42
417
704
476
847
616
232
988
339
770
757
599
47
13
81
626
899
167
1
242
17
12
57
723
1
86
9
354
54
958
553
4
363
944
885
309
67
593
11
13
9
366
8
9
723
53
974
211
743
37
348
782
972
203
316
837
43
608
32
69
7
773
893
681
692
285
2
84
930
921
544
738
833
15
403
121
672
122
800
58
583
400
314
252
218
18
103
533
274
627
652
475
637
679
51
27
44
510
166
384
273
841
387
191
5
381
173
221
293
1
311
851
289
304
120
775
18
613
1
32
118
173
25
234
72
440
927
877
415
199
137
3
895
875
430
799
738
30
14
570
193
824
15
104
48
368
119
248
67
70
889
660
703
81
554
945
188
37
9
2
930
838
303
470
265
529
113
52
570
3
513
55
104
107
352
22
447
370
476
42
629
792
395
12
60
246
172
871
602
278
80
667
6
778
1
103
123
831
785
143
229
176
4
535
146
651
33
242
128
3
796
7
18
168
185
12
102
658
216
257
429
902
140
118
134
39
16
580
2
54
7
257
369
141
4
618
20
803
578
752
149
572
98
9
168
389
8
980
396
70
259
68
900
355
30
877
607
642
748
22
293
68
60
694
623
591
670
558
1
50
5
503
230
351
85
934
15
1
775
767
573
201
15
156
67
346
1
20
86
762
566
816
905
142
271
36
722
312
267
422
952
785
265
41
571
171
702
180
1
168
960
728
84
739
147
413
115
933
79
658
315
634
743
413
733
99
661
126
105
278
31
371
134
633
922
510
58
11
12
907
12
23
445
691
211
1
217
537
32
26
641
553
155
615
275
374
23
100
170
380
430
78
802
576
790
112
583
243
11
1
174
69
740
329
262
4
983
76
601
338
29
419
62
714
64
259
37
424
208
368
277
68
709
48
41
457
506
655
453
72
811
195
257
369
936
338
889
23
917
65
555
404
463
290
261
15
842
910
943
1
47
223
15
194
127
300
574
954
15
801
214
25
858
103
1
330
611
69
520
600
151
14
791
194
391
512
529
832
141
230
23
139
111
20
226
4
941
56
409
20
229
387
20
236
98
799
60
369
226
560
11
26
436
12
15
582
7
463
71
55
24
97
260
414
381
281
339
715
347
108
425
9
67
63
711
855
480
121
291
174
526
627
362
197
55
162
984
202
324
140
135
149
56
646
203
137
304
380
805
327
322
377
738
854
684
289
38
603
536
83
195
523
75
390
481
605
724
6
5
240
957
962
6
378
20
109
33
16
152
640
300
473
22
70
58
68
227
320
508
55
230
80
135
2
387
122
843
865
70
155
709
97
257
10
293
6
105
969
522
36
374
62
20
463
121
68
152
817
77
20
920
54
493
138
206
22
441
203
567
728
337
714
436
1
593
228
29
201
970
15
455
85
722
24
76
411
733
589
409
10
575
216
112
128
182
867
218
779
638
72
249
444
113
340
372
45
717
114
137
440
624
640
119
227
165
220
455
5
81
130
162
32
205
125
103
24
153
101
672
174
162
847
508
287
148
988
512
960
930
246
964
61
351
2
993
731
359
242
368
288
576
14
650
13
18
688
106
482
47
372
809
1
76
954
656
34
231
525
700
372
641
234
75
191
69
648
816
214
830
504
75
648
42
599
325
30
30
760
392
403
659
15
124
520
107
74
64
497
95
680
137
280
110
423
297
274
78
133
126
761
111
28
857
312
306
829
427
827
923
6
794
131
10
322
773
456
891
120
211
38
890
141
37
207
388
726
63
862
365
620
45
227
919
107
1
571
232
170
274
113
132
156
398
212
111
418
167
50
161
923
8
580
710
983
23
11
8
197
826
283
817
376
997
498
163
399
478
394
871
152
157
569
724
32
811
36
420
224
141
8
240
305
328
86
127
30
102
247
614
307
562
237
60
240
545
190
1
792
675
40
480
473
124
374
643
469
71
358
283
418
47
246
481
308
256
75
891
328
37
9
907
123
37
826
42
334
68
4
696
267
340
463
72
899
47
334
25
60
742
360
846
514
687
16
25
678
23
142
614
26
4
320
484
569
15
181
69
39
2
765
220
12
9
378
22
95
454
997
327
459
560
145
355
534
651
443
1
447
438
390
947
136
570
951
416
159
52
20
62
36
231
77
163
197
246
121
9
329
472
523
125
265
422
235
114
18
610
2
34
214
53
584
14
5
34
253
77
338
64
264
318
11
34
821
631
768
13
289
8
823
933
84
87
504
6
798
646
541
5
212
2
531
413
27
879
323
92
947
240
786
7
47
133
314
243
723
696
57
182
112
354
404
45
190
40
731
199
97
10
33
25
669
806
39
124
13
498
265
907
44
365
799
480
84
657
775
4
168
172
225
586
241
860
161
24
30
64
148
103
649
527
9
621
2
847
66
396
35
987
448
786
757
796
295
1
995
107
851
125
720
905
89
980
18
861
277
133
6
313
131
24
271
440
259
765
742
139
588
625
8
4
50
395
222
40
858
594
941
931
112
198
43
5
596
89
82
941
119
176
159
449
480
11
94
557
1
469
25
281
8
53
14
226
112
28
100
266
5
421
862
90
902
9
221
102
464
710
731
261
807
38
810
554
93
82
555
730
308
654
53
92
31
530
129
263
88
46
323
977
322
666
687
223
6
242
809
347
565
72
477
224
861
458
479
906
161
726
124
959
12
501
27
992
764
747
416
59
126
445
173
418
201
88
131
529
51
153
193
8
277
143
130
31
19
566
123
22
50
23
35
217
419
171
301
92
43
581
216
954
1000
600
28
209
144
14
31
5
570
212
329
13
340
55
129
371
288
394
71
6
100
80
80
115
22
2
838
974
46
207
999
219
462
402
300
947
141
682
524
751
14
506
120
908
26
68
69
426
856
135
13
616
87
317
342
691
6
454
250
513
720
999
783
524
514
542
520
618
420
26
103
881
548
412
262
23
667
334
123
896
42
349
50
794
2
708
416
36
329
27
218
560
36
53
348
576
836
504
128
6
58
335
239
931
160
554
859
242
3
425
761
91
25
287
625
789
211
832
164
213
126
271
287
107
71
231
393
682
921
152
656
58
229
225
723
18
83
918
1
578
695
578
131
274
195
1
307
540
32
14
256
490
57
820
464
2
101
845
101
911
488
5
936
617
606
63
105
40
75
4
469
473
488
60
63
525
399
366
417
929
684
16
661
884
16
991
842
842
537
1
307
250
596
502
926
4
36
211
486
437
38
155
384
451
647
266
311
209
241
43
146
411
391
516
745
877
123
50
174
944
159
202
485
776
315
544
450
878
755
8
630
107
587
333
38
18
311
275
710
869
193
4
504
274
3
559
177
740
543
950
382
124
463
178
163
41
534
19
85
198
935
238
221
569
277
77
569
48
667
500
89
214
604
975
51
355
271
634
395
791
144
39
46
236
284
42
999
214
413
195
147
427
290
808
74
745
3
843
296
547
36
27
118
607
1
988
397
762
691
524
748
134
819
781
45
5
407
75
632
963
245
548
524
231
272
70
777
569
329
292
895
789
73
451
375
361
153
74
281
529
672
970
64
197
69
96
960
219
35
15
280
505
938
350
446
14
272
4
258
112
768
21
637
40
579
129
26
338
988
181
764
108
50
42
836
145
295
902
668
781
152
752
128
763
27
35
92
918
15
109
546
589
958
465
38
355
10
262
798
4
429
856
434
455
544
132
380
207
31
531
162
585
859
481
180
473
339
549
50
534
410
313
335
1
89
836
494
923
631
68
947
412
6
319
632
698
15
243
45
735
568
487
995
297
27
654
446
283
881
905
120
313
547
121
278
895
303
296
787
556
295
524
442
354
17
531
644
63
242
49
266
605
53
138
451
74
601
933
153
569
466
177
59
21
879
13
97
926
84
3
377
108
65
2
200
200
436
469
153
841
300
196
984
547
21
751
140
363
251
14
317
293
570
307
913
292
727
109
2
192
5
43
97
899
132
512
73
162
702
527
93
291
953
298
21
309
2
903
148
106
659
322
23
22
442
74
945
993
140
91
243
986
774
75
120
550
696
325
263
831
48
545
39
880
95
588
210
10
28
8
772
2
8
45
438
479
324
349
332
36
91
563
109
439
129
261
188
112
410
203
309
504
281
707
50
43
549
692
147
188
155
772
2
45
34
53
116
868
238
750
199
152
745
76
149
133
113
149
140
279
583
439
223
268
360
51
286
9
334
1
5
2
914
239
183
48
907
289
309
182
57
339
218
611
732
959
292
51
650
405
664
169
454
557
376
179
299
868
214
28
600
873
18
363
651
26
2
114
45
35
506
389
495
997
283
483
50
746
53
143
349
480
727
76
483
70
177
92
990
572
14
299
131
902
801
89
198
22
42
280
220
629
305
303
290
981
809
44
630
192
159
218
327
1
16
585
413
128
174
683
1
33
1
550
57
152
12
32
683
89
12
1
660
125
452
703
19
55
46
4
226
853
558
107
95
108
374
487
752
759
122
659
456
8
161
132
434
127
467
721
704
120
192
425
198
40
859
198
818
62
242
129
590
125
565
334
134
22
80
2
7
491
98
61
302
437
85
222
978
76
436
792
304
210
347
657
2
4
835
22
919
173
414
436
978
57
249
110
857
382
1
572
327
109
201
94
450
231
204
11
25
183
632
56
739
720
2
157
174
631
562
449
699
971
15
110
666
658
503
518
261
375
647
682
694
792
57
530
643
981
315
880
186
590
605
169
229
3
458
2
79
690
80
315
21
83
99
98
947
969
72
663
559
627
204
1
18
88
239
729
363
880
281
512
210
342
569
3
1
312
521
114
127
701
912
976
455
16
16
8
9
999
131
275
870
1
12
105
929
302
626
677
230
90
364
64
72
116
401
301
47
258
28
117
253
425
445
746
305
4
428
929
422
379
285
308
848
25
168
447
598
759
195
178
11
44
145
105
32
457
7
52
388
102
41
403
739
656
48
105
714
951
245
727
31
10
14
171
473
464
257
27
126
107
101
127
71
11
18
197
420
282
96
512
14
25
747
146
21
172
37
827
101
695
250
30
11
106
425
535
325
19
382
926
643
491
529
819
996
700
34
536
818
28
322
166
68
969
170
191
694
545
441
992
107
971
4
6
994
185
571
5
37
117
82
823
457
973
583
252
992
295
431
457
97
2
228
826
530
128
1
690
318
464
318
104
335
2
183
381
163
75
623
134
41
608
977
104
500
438
258
418
608
159
337
512
374
160
6
96
487
1
511
364
269
459
876
113
56
637
322
187
843
927
373
475
972
933
992
10
746
139
89
12
369
590
541
137
28
20
822
378
539
881
12
10
615
610
12
449
470
95
665
617
813
196
22
657
143
14
844
821
282
564
28
265
449
312
88
82
124
1
861
104
28
33
685
256
156
886
30
205
839
13
62
209
996
5
644
997
360
693
338
323
2
80
94
146
286
280
990
776
6
418
226
22
1
739
886
425
148
658
499
244
953
122
16
24
1
18
32
601
715
116
601
740
96
193
986
247
2
452
130
97
299
690
5
36
472
49
508
397
150
22
139
644
36
249
14
153
912
456
39
62
367
77
946
30
258
428
207
204
605
244
2
945
123
27
100
366
405
248
307
737
111
78
477
270
72
11
127
436
569
792
107
938
905
775
265
373
99
757
4
415
2
75
474
308
74
839
372
586
351
30
346
725
355
215
84
402
76
61
261
44
245
594
215
42
52
6
175
283
229
246
5
486
516
101
279
122
784
544
252
22
19
384
3
883
11
93
375
177
208
201
434
164
746
459
28
19
788
790
344
600
415
958
886
315
29
55
384
263
851
832
273
1
2
940
646
310
48
228
749
233
765
331
191
800
26
2
100
11
179
348
935
127
91
174
106
240
958
80
43
100
832
798
545
281
741
467
124
495
813
743
161
165
1
888
823
915
440
961
57
203
405
443
175
586
69
495
79
638
933
701
790
19
227
69
196
140
11
62
36
44
792
133
160
698
999
126
690
328
567
22
194
109
284
53
664
533
509
227
164
316
554
12
221
287
561
497
672
278
804
736
99
767
408
749
601
162
200
809
784
388
897
52
168
46
261
895
155
438
409
55
2
485
109
17
4
31
66
979
152
58
736
28
30
414
475
101
336
23
8
85
5
946
11
86
225
21
81
131
584
720
543
987
318
287
890
101
112
71
42
122
800
710
289
843
5
34
20
988
97
868
317
859
43
89
621
58
441
856
618
3
577
298
3
615
331
802
825
133
41
6
476
572
57
11
458
205
695
3
179
14
688
840
842
561
174
8
857
447
56
119
382
645
414
39
467
30
256
62
201
879
97
182
522
390
106
75
77
513
48
524
481
260
825
26
29
2
289
833
113
455
194
433
614
157
21
700
169
593
119
454
243
207
452
754
681
1
238
23
187
347
128
634
51
907
9
1
29
324
182
231
74
497
9
114
691
844
271
419
338
144
892
935
9
662
960
801
330
19
469
815
152
439
599
384
876
113
117
266
435
196
304
125
243
574
17
14
4
90
162
3
184
524
465
130
22
33
676
133
49
108
696
539
388
35
405
258
828
677
947
164
4
319
254
634
338
44
85
169
432
254
7
43
713
865
2
971
574
305
10
1
1
686
2
983
84
28
81
729
404
157
502
54
55
18
386
616
389
589
708
123
601
600
1
43
30
516
733
145
670
541
4
157
6
95
195
478
206
722
653
115
787
15
104
326
132
58
980
44
217
80
895
168
156
735
163
185
460
33
172
561
625
486
23
136
14
385
34
121
360
462
222
120
10
5
176
20
498
415
16
75
210
46
561
352
227
2
119
675
189
528
70
247
8
705
516
469
953
130
224
724
618
653
415
47
216
449
398
153
486
779
36
249
283
71
121
112
39
697
18
623
4
11
736
129
18
174
572
240
110
825
183
604
443
2
743
136
154
953
97
251
823
7
387
118
568
890
472
323
175
649
314
541
773
150
154
633
106
30
31
457
299
165
346
281
69
541
322
418
366
316
244
50
235
880
534
808
19
97
111
229
18
354
290
41
27
144
18
136
7
12
733
84
578
50
29
659
98
308
52
909
613
43
18
616
32
33
299
989
979
751
1
828
779
95
826
318
3
537
512
685
183
99
800
138
253
9
57
8
161
363
114
921
378
701
411
235
661
2
33
760
638
1
32
80
47
412
3
338
100
56
857
657
175
549
106
739
34
542
716
413
121
848
349
562
801
555
305
427
124
7
592
45
53
59
865
29
252
433
496
495
354
22
59
114
447
155
46
535
507
4
595
61
173
469
557
875
140
149
45
346
527
13
124
13
608
19
76
297
13
697
321
83
160
293
153
909
204
438
276
2
830
782
541
424
127
5
19
105
39
580
809
70
723
71
439
58
14
875
883
777
175
44
297
369
106
953
459
34
120
101
271
9
21
54
16
197
80
478
81
803
389
281
311
809
554
1
106
189
548
290
248
13
885
74
5
78
356
43
452
631
56
681
147
348
637
120
353
68
426
851
608
680
438
910
358
339
771
909
125
1
811
7
409
691
12
183
835
12
62
292
891
13
52
183
40
940
317
111
232
25
326
228
572
21
102
254
37
827
53
831
71
18
102
242
962
318
375
354
995
33
284
828
195
45
534
496
586
93
318
26
56
157
321
449
656
248
20
133
11
224
584
634
688
904
237
201
240
53
248
33
239
634
72
789
90
564
190
705
879
678
176
11
43
243
424
698
135
696
135
337
452
669
114
638
664
505
55
300
101
54
2
725
2
703
401
809
246
40
899
3
289
318
39
35
9
176
29
629
972
17
109
345
7
397
53
94
629
287
57
853
922
899
12
131
347
486
653
123
350
796
332
147
120
36
581
609
25
633
279
661
674
732
104
605
20
12
484
500
429
414
15
579
91
928
366
43
69
387
326
522
284
944
865
182
329
99
767
240
882
622
397
35
60
311
296
816
5
11
26
224
544
536
327
348
40
19
753
58
223
252
18
744
523
138
5
525
936
675
80
37
233
556
636
2
194
715
292
718
487
248
102
11
789
79
567
845
92
737
5
311
120
846
57
12
312
148
12
428
520
728
259
307
584
705
583
178
61
32
435
1
2
677
678
303
21
298
134
778
92
432
882
247
560
126
323
88
22
66
40
309
325
13
382
785
1
280
18
136
944
33
464
50
161
531
135
23
118
77
112
4
692
20
272
454
590
377
356
19
498
349
51
834
278
174
534
293
1
200
31
170
463
181
389
1
38
1
118
162
399
408
149
19
77
207
210
404
354
969
810
115
689
189
17
131
58
93
3
94
301
135
780
377
365
54
115
133
5
91
564
530
5
7
2
300
559
71
319
923
750
458
137
211
58
449
58
1
209
656
756
676
494
539
485
827
35
957
447
339
206
554
263
568
878
786
149
40
165
358
128
510
266
894
719
5
80
503
408
434
2
542
586
321
224
1
293
694
425
675
178
519
908
193
41
577
22
268
633
522
64
7
308
585
459
392
1
60
531
252
279
1
236
173
120
53
58
101
262
137
1
114
471
191
947
825
349
227
286
787
63
490
266
351
825
119
153
2
187
1
571
616
358
427
333
144
547
939
555
17
962
75
937
69
440
37
4
878
303
628
830
279
204
13
63
39
377
575
18
129
483
880
1
15
53
992
255
623
262
800
214
614
394
127
917
426
386
76
3
3
371
595
516
600
976
435
564
115
414
60
151
695
83
694
755
47
16
643
571
655
88
35
974
119
214
62
1
213
91
10
545
1
850
594
778
5
766
936
149
410
28
15
159
381
144
348
253
9
1
874
694
25
232
914
240
167
242
56
634
45
165
539
637
857
145
221
518
825
35
443
730
7
424
106
289
968
1
864
1
69
906
974
824
689
52
511
668
764
192
288
796
35
88
728
347
322
3
2
114
2
823
191
422
680
88
5
823
912
375
750
7
562
7
114
365
910
49
123
482
18
40
916
560
328
42
850
417
302
101
368
30
485
26
553
111
154
53
156
22
271
612
10
827
2
121
58
740
231
476
491
111
42
209
40
66
5
20
739
653
971
83
59
673
314
582
70
623
43
24
975
786
627
573
381
31
851
544
120
166
16
447
31
384
406
328
224
628
723
935
21
61
994
104
12
160
23
496
1
2
92
845
955
845
111
188
509
150
535
408
983
127
14
205
965
29
556
38
704
19
718
255
200
283
528
543
1
155
827
4
190
40
897
117
946
114
110
547
708
516
156
351
11
857
131
780
6
173
513
350
63
81
336
560
40
269
996
29
2
295
134
127
366
543
725
712
62
646
300
368
595
192
10
567
19
325
192
895
214
463
147
757
103
369
867
543
175
833
6
924
131
167
360
920
178
414
7
336
53
777
90
6
107
816
1
306
102
169
734
383
98
856
336
44
247
773
4
62
251
74
296
476
55
669
11
969
566
588
274
70
293
265
258
12
850
395
259
202
616
66
17
655
829
255
2
100
867
32
559
642
2
22
11
537
755
294
576
41
4
830
24
2
253
64
355
70
22
21
655
137
57
200
556
59
37
10
774
107
35
45
588
127
887
369
194
12
167
976
753
675
369
156
408
496
258
707
606
172
533
22
87
461
662
745
165
463
14
74
44
702
14
14
70
390
17
913
335
750
306
99
11
127
79
863
422
211
909
116
107
241
236
87
271
102
569
214
19
492
130
543
619
3
76
175
66
125
383
244
959
703
116
149
343
951
213
1
819
5
103
149
782
125
197
104
582
872
867
294
6
903
94
778
297
19
111
721
447
242
560
211
595
177
379
214
86
507
978
967
767
1
630
91
122
847
321
45
331
447
346
107
414
806
471
65
17
9
462
686
233
14
202
51
366
184
171
133
176
704
29
51
20
485
687
803
57
918
774
868
280
109
437
31
427
104
994
70
104
766
55
140
849
236
548
738
457
274
857
54
688
62
456
417
7
630
268
136
980
75
39
13
233
19
710
1
932
50
363
2
938
452
598
149
3
5
607
159
455
507
302
151
145
75
863
15
898
27
20
338
41
453
188
72
29
510
132
56
4
2
608
405
100
23
75
149
64
142
266
577
426
915
430
259
31
195
33
934
172
948
161
92
93
100
587
27
169
670
1
106
27
556
359
605
198
271
389
161
656
429
482
573
41
915
868
348
525
881
790
162
4
751
325
19
13
55
1
866
80
405
615
542
137
45
849
43
975
562
21
913
535
549
46
27
484
997
670
81
695
560
528
416
270
177
620
474
677
693
639
47
704
166
1
934
446
399
250
49
1
750
305
743
281
28
471
942
328
2
9
122
77
35
269
99
698
791
725
711
337
7
34
168
34
95
410
274
43
362
62
213
8
178
157
32
661
4
964
34
893
37
157
54
111
772
148
57
35
122
413
16
177
21
17
480
654
653
448
696
313
279
779
865
42
146
403
672
790
235
22
586
831
342
20
533
12
662
404
54
14
134
196
618
279
114
213
24
33
100
163
687
240
113
869
112
509
39
4
59
214
300
897
752
669
4
923
535
141
3
447
673
324
634
511
493
25
52
643
121
1
830
935
1
151
4
305
145
290
41
10
35
378
744
620
212
818
654
94
626
320
514
38
310
398
360
225
445
747
360
278
843
135
58
223
480
291
299
37
59
53
211
712
19
250
281
566
118
185
38
530
316
40
78
44
2
160
768
186
417
22
183
978
813
108
988
356
15
49
82
214
827
36
145
1
521
639
674
304
900
9
31
285
292
713
2
635
13
797
237
820
753
85
262
883
456
843
465
389
76
234
351
9
46
381
91
680
979
798
755
869
8
147
7
69
649
474
744
361
12
427
54
556
669
619
347
154
935
728
12
59
836
512
793
268
646
837
968
217
172
587
752
499
325
893
73
390
77
89
167
150
505
958
44
770
401
156
814
769
74
548
74
28
208
154
794
43
115
234
677
219
8
63
62
48
49
100
84
54
839
311
947
254
12
55
4
763
263
186
8
631
909
1
355
9
377
740
32
57
50
790
35
933
329
2
25
931
875
257
6
488
399
58
670
74
572
483
321
97
523
225
38
605
428
16
405
652
997
852
367
365
532
524
389
445
267
1
237
287
561
84
119
975
173
102
68
122
708
122
21
338
387
4
647
906
933
671
117
111
692
46
2
204
37
966
988
7
62
18
974
5
107
13
595
92
65
953
762
336
8
567
335
6
856
138
9
451
166
432
221
538
211
3
209
1
415
132
605
2
326
390
15
696
642
711
172
9
10
75
328
582
45
93
749
282
19
177
3
5
172
143
272
26
354
51
209
3
265
22
17
197
918
963
1
201
229
429
33
15
739
51
35
487
180
605
309
36
428
618
629
201
375
728
522
518
42
504
379
420
14
493
10
119
337
355
97
367
65
4
994
1
4
53
190
171
540
307
181
191
69
52
367
82
4
94
655
74
58
739
781
568
897
218
331
921
241
529
264
145
957
167
31
268
37
578
252
40
88
428
139
525
1
480
702
10
255
247
3
739
291
209
333
349
480
26
374
635
8
974
571
437
893
232
104
6
1
808
236
269
159
769
693
322
62
67
133
62
188
318
847
8
591
102
937
963
115
271
309
89
343
939
449
2
32
5
964
14
561
688
614
864
3
865
238
476
321
614
141
194
168
812
123
145
611
23
434
